0
0.0
0.0
0.0
0.0
1.9797260751188597e-08
2.6505215413975693e-07
0.0
0.0
0.0
0.0
0.0
4.903656393380886e-08
0.0
0.0
0.0
0.0
0.0
0.0
0.0
0.0
0.0
0.0
0.0
0.0
2.3825174088333654e-08
2.340034998951518e-09
0.0
0.0
1.7017173590921725e-10
0.0
0.0
0.0
0.0
0.0
0.0
4.2520089336290383e-07
7.989508277851112e-09
0.0
0.0
0.0
0.0
0.0
0.0
0.0
0.0
5.8762177771901165e-09
1.0622002252716466e-07
0.0
0.0
0.0
1.689314536542647e-18
0.0
0.0
0.0
0.0
0.0
0.0
9.759218568229004e-09
0.0
0.0
0.0
9.875687860489478e-09
9.247727153282947e-17
0.0
9.768676625244757e-09
0.0
0.0
0.0
5.4945562073583135e-18
0.0
0.0
2.493164989251518e-09
7.165833902878203e-09
0.0
1.1402605428469585e-11
6.814639781412345e-10
0.0
0.0
0.0
0.0
0.0
1.0155362434229737e-10
0.0
0.0
0.000146945218710848
0.0
2.017118239621242e-10
2.7511971856819136e-09
0.0
6.1801618782533366e-09
0.0
8.97613544342477e-09
0.0
0.0
9.378319957734316e-09
9.128279146490125e-09
0.0
9.572324508504117e-09
0.0
0.0
0.0
0.0
3.730086806060372e-09
0.0
0.0
0.0
0.0
0.0
7.247521111031186e-09
0.0
0.0
0.0
8.038648538973879e-09
5.642647782489488e-09
0.0
0.0
0.0
0.0
0.0
0.0
0.0
0.0
1.3826803506098947e-09
0.0
0.0
5.360671984285778e-09
-3.0545985739918265e-08
0.0
9.726676116625593e-09
9.568916882777355e-09
8.499048373403762e-09
0.0
0.0
3.1014379667371594e-09
3.488030091357507e-09
9.451741414255954e-09
0.0
1.0435770569145851e-06
0.0
0.0
0.0
2.216041491668887e-09
0.0
0.0
1.9566159540475235e-08
0.0
0.0
0.0
0.0
0.0
0.0
2.629757960096508e-08
0.0
0.0
8.192058941864836e-10
9.407673257252041e-09
3.390567694324286e-09
8.342501804698114e-09
0.0
9.506736162275203e-09
0.0
2.56487523737e-14
0.0
-6.678383546948607e-05
0.0
0.0
0.0
2.879376083214473e-09
0.0
0.0
0.0
0.0
1.909370263382768e-08
0.0
0.0
1.5587838025366766e-08
0.0
0.0
0.0
0.0
0.0
0.0
9.742837010656759e-09
0.0
8.674692264782283e-05
0.0
0.00022855559067410253
0.0
4.956378926476106e-08
0.0
0.0
2.9020045069158502e-08
0.0
0.0
0.0
0.0
1.3191563431038874e-08
0.0
9.174888775460802e-09
0.0
0.0
8.59151063642979e-10
2.9516156441156808e-09
0.0
0.0
3.808215934437975e-09
7.13059303815634e-09
0.0
4.519839327346856e-09
0.0
8.585096948876461e-09
1.9783287336915115e-08
0.0
9.755504091569116e-09
0.0
7.590473245568767e-09
9.672039750245124e-09
0.0
0.0
0.0
0.0
0.0
0.0
8.566141091983914e-09
0.0
0.0
0.0
0.0
0.0
4.567043915654357e-09
0.0
0.0
1.6925270907020007e-10
0.0
6.98283716132876e-09
9.610257380286348e-09
1.3487825141706225e-11
3.317644853879183e-09
2.662036132435215e-12
0.0
0.0
-1.2197274440461925e-19
7.832930483669389e-11
2.003085977533457e-06
6.298983980151441e-12
0.0
0.0
0.0
0.0
0.0
8.844635597886713e-11
-0.0001907649533392508
0.0
0.0
0.0
9.806025976288087e-09
0.0
0.0
0.0
0.0
0.0
0.0
3.111959247227225e-07
0.0
9.620895515513037e-09
9.790774911651088e-09
0.0
8.97061993545928e-09
0.0
0.0
0.0
0.0
0.0
8.362754623335873e-10
7.705488114443161e-09
0.0
8.670059250475023e-05
5.670975658929318e-10
0.0
0.0
1.5608258410639825e-08
8.74844377938305e-09
9.690500350461038e-09
-5.234339547978667e-10
0.0
0.0
1.1207093678565169e-10
9.866012018582693e-09
0.0
0.0
0.0
0.0
1.6006900916356099e-07
2.6210273182859304e-11
0.0
8.504315788689545e-09
0.0
9.82333278198714e-09
0.0
0.0
0.0
0.0
4.290130096184723e-08
0.0
9.661177705598489e-09
0.0
0.0
0.0
9.128279008417913e-09
5.73875366000742e-09
0.0
0.0
-2.336625088295713e-15
0.0
4.1869634944097364e-08
0.0
0.0
9.849952549511106e-09
0.0
0.0
9.676451711328673e-10
0.0
9.127252838130632e-08
0.0
0.0
0.0
0.0
0.0
0.0
9.388113617158144e-09
2.1809647158177535e-09
6.648927542980514e-12
0.0
0.0
0.0
0.0
0.0
0.0
0.0
0.0
8.374722791325487e-10
3.299042778221137e-11
3.299048234646559e-11
1.962881292899241e-08
9.972850077532343e-09
6.41148854851142e-10
9.957466913512736e-09
6.31357960224252e-10
9.907690667887437e-09
9.447664285003037e-09
1.1192222092811176e-10
9.907690838978002e-09
9.957445941239444e-09
9.98560273481097e-09
9.975657271590205e-09
8.81451640109589e-09
0.0
8.198816899331314e-08
2.0743505907018852e-08
2.3546127904919664e-08
0.0
0.0
0.0
0.0
0.0
0.0
2.9022452868396943e-09
0.0
0.0
7.055617300534755e-09
0.0
0.0
0.0
0.0
0.0
0.0
0.0
0.0
0.0
0.0
0.0
0.0
0.0
0.0
0.0
9.270200242792171e-09
0.0
0.0
0.0
0.0
0.0
0.0
0.0
0.0
4.818772291125982e-08
9.164003055841625e-10
0.0
2.3825173847672916e-08
9.982579906794853e-09
5.59871474408071e-10
9.977496086856886e-09
5.2140343481553514e-09
0.0
2.472704614196551e-08
5.651320039710747e-09
2.4727334512421274e-08
0.0
1.1786523498476257e-08
0.0
1.6806032020766282e-08
0.0
0.0
0.0
9.821401952000805e-09
0.0
-1.4370052978689557e-08
2.3825174013258262e-08
6.260560942389113e-15
1.9823200001758992e-08
1.9860459982144815e-08
1.9968182088943577e-08
1.995315287831701e-08
5.213960065320001e-09
-9.137112648118688e-09
2.472697331498944e-08
-9.334039319242038e-09
2.4727263224011318e-08
0.0
1.1786455044634282e-08
-9.473692941242007e-09
1.680596653734728e-08
-5.847449370332625e-09
0.0
-5.846850953230892e-09
5.213885790380921e-09
0.0
2.472690057511595e-08
0.0
2.4727192015539232e-08
0.0
1.1786386029704987e-08
0.0
1.6805900965615015e-08
0.0
0.0
3.753255354622504e-09
1.4846645229606025e-08
9.959057403784773e-09
7.35064511364641e-10
0.0
0.0
5.9372771651154e-14
0.0
6.965672434531007e-10
0.0
6.291638408599623e-10
1.8500886781943493e-08
8.738035417384408e-09
0.0
0.0
9.404534040413637e-09
0.0
-9.934570685031693e-09
3.489181152984672e-08
2.04106685483882e-08
2.9572357499753078e-08
1.6777549215821896e-06
9.250983542743385e-09
0.0
2.0947463317987144e-06
2.21939678440084e-09
2.0493323709132126e-08
1.3085622823695408e-07
0.0
1.9628812892958468e-08
0.0
0.0
2.652855409164445e-08
3.1970963795906985e-08
3.873885271770758e-07
3.9527240156898317e-10
0.0
0.0
-1.9217163532356252e-08
-3.2408622777506406e-08
-6.303060689528961e-08
-7.713604601236601e-08
-6.896212755534703e-08
-2.821799581151363e-08
2.3644539346492346e-08
0.0
0.0
4.0820862505265565e-06
9.54125494770071e-09
9.541254952782907e-09
0.0
0.0
0.0
1.617075652596655e-07
0.0
0.0
7.874869210657687e-09
1.971848441477836e-08
9.910421857334674e-09
2.7646486855401554e-08
0.0
2.959591182319376e-08
9.8774274879046e-09
0.0
0.0
0.0
-0.00013076065359740596
0.0
2.763546702355364e-08
0.0
9.826462747632124e-09
4.845109522864138e-10
9.949961013224185e-09
9.949961035876352e-09
9.779078257516531e-09
9.77907834136954e-09
9.779078174477234e-09
9.558190561947955e-09
1.9217085844500104e-08
3.2408545180828696e-08
6.303052840078704e-08
6.762226703734482e-08
3.6786100235809686e-08
1.8407190235589233e-08
0.0
1.1507476657901744e-09
0.0
5.8762185174476364e-09
1.7763568394002505e-14
0.0
4.8971653475001666e-05
4.898143367534997e-05
7.946208954127e-09
2.1090282070531322e-06
3.9047249475384115e-08
0.0
2.553188651682171e-08
1.6919842847773607e-06
0.0
0.0
4.9317341785580213e-14
0.0002857583647748796
-1.0622002259009136e-07
1.0622002265313506e-07
-4.058141633440564e-07
0.0
-4.252008933625838e-07
0.0
0.0
0.0
0.0
9.979966689372451e-09
9.979967186750198e-09
-0.0018201066602525125
-0.0018339112370373556
0.0
0.0
0.0
6.758450544017864e-08
0.0
7.973546703432103e-06
-7.933611490536378e-06
6.383998549577881e-10
0.0
0.0
9.960295264372654e-09
9.964090582996507e-09
0.0
5.012072444392281e-06
0.0
3.1289285599890095e-07
-1.3020092122506544e-10
3.2252840727885644e-07
1.1444438758033887e-07
0.0
4.191020600408754e-09
0.0
0.0
0.0
0.0
0.0
0.0
3.694609062216108e-08
1.8714977054100115e-08
0.0
0.0
0.0
4.434446149207011e-09
6.09590088233642e-10
7.274170807146744e-09
3.6765970100881886e-08
2.1680260061319623e-08
2.5132199355748766e-08
8.842787283839387e-09
0.0
1.7393752177805147e-08
9.609069536592463e-09
1.6893746070519017e-18
1.9797278623645005e-08
-3.874038019991284e-10
0.0
0.0
4.880885976704105e-05
0.0
0.0
0.0
2.3050442943051583e-08
-1.6341094405458662e-08
9.949180063844893e-09
2.0660941131743428e-08
2.983457247470798e-08
7.998390575001765e-08
-5.359410092713735e-07
2.8518150652156333e-06
5.981438284537628e-17
0.0
9.452590431878082e-06
-0.00013696073166613587
0.00012752520793782692
7.204236865418034e-09
6.0323375001224665e-09
0.0
0.0
0.0
1.6620051652999135e-06
0.0
0.0
0.0
-4.18342427285346e-10
2.5788875785005567e-07
2.578887582401401e-07
9.942639629858662e-09
9.9426400173864e-09
-9.759218394366865e-09
0.0
-4.1834251030901895e-10
9.701927609691804e-09
0.0
0.0
0.0
0.0
3.693106475999936e-08
0.0
4.6657421981910064e-08
0.0
0.0
0.0
8.806587264206035e-08
1.0171627515171515e-08
9.779078091004189e-09
-4.4658028357782615e-10
0.0
0.0
0.0
3.3090621452667175e-08
9.943383657770001e-09
9.984221120869219e-09
6.314358834094266e-10
1.7685505942918802e-08
0.0
0.0
1.3085622867881554e-07
0.0
0.0
0.0
0.0
0.0
1.6971373192420035e-08
4.4100824752098834e-08
0.0
3.494299431357772e-08
1.8692664246285007e-08
1.8170876345426619e-09
0.0
2.0920568251560495e-06
0.0
0.0
0.0
1.6732916128261542e-06
0.0
0.0
2.1684043449710089e-16
0.0
-5.329554270925894e-10
6.272408076632115e-09
0.0
0.0
0.0
3.833830414777094e-09
0.0
0.0
0.0
0.0
0.0
0.0
0.0
4.831523894372337e-09
-5.32955435102943e-10
-8.230349021125065e-10
0.0
0.0
1.4221203086201075e-07
-5.403480369030715e-10
0.0
2.416270325977997e-16
0.0
1.2202591511503848e-07
9.966126435178481e-09
2.6562914785574096e-08
8.135214706096834e-09
8.135211604855639e-09
0.0
5.256194334202239e-09
0.0
0.0
0.0
1.2640456700253002e-16
0.0
2.945771943513092e-08
5.402172458194245e-10
5.496010860254781e-18
0.0
0.0
0.0
-2.6562914731013074e-08
0.0
0.0
1.8846431128797233e-08
0.0
0.0
-2.0890047126484977e-07
6.364304484908406e-17
0.0
1.4931380550108737e-05
3.766699378755554e-07
0.0
-1.529059738558658e-05
9.11281698439835e-09
0.0
2.486400552292978e-08
-7.524139392740478e-08
0.0
0.0
0.0
1.6305358567677917e-07
8.835422233765428e-09
0.0
0.0
2.775087774942131e-08
0.0
0.0
0.0
0.0
0.0
9.717172658689959e-09
9.788880235715e-09
9.78902680371155e-09
0.0
0.0
0.0
-7.165833902926695e-09
0.0
0.0
1.8815262402257656e-15
1.154279212786325e-15
2.181939043724717e-15
3.942484456150984e-05
0.0
4.903656388014004e-08
0.0
-3.9424743007998586e-05
0.0
0.0
0.0
0.0
0.0
-9.947332521435034e-09
2.3825173750782154e-08
-2.7494459827956397e-07
0.0
1.1657482210904377e-15
0.0
1.3703293722159573e-05
0.0
1.3693599606929626e-05
0.0
0.0
0.0
0.0
0.0
0.0
0.0
5.729513169988567e-16
1.625329789311383e-15
0.0
0.0
0.0
0.0
0.0
3.309062185426467e-08
5.106227015421265e-10
0.0
3.875005063697128e-08
0.0
1.9093702641738422e-08
9.805405221085207e-09
0.0
0.0
9.96098104356477e-09
9.960981158410966e-09
1.0008174133130708e-17
0.00014819148558649933
4.2806433821467546e-06
4.2893568126350735e-06
0.0
0.0
0.0
3.7466525952136784e-08
0.0
4.546213618723662e-09
1.1970468120531204e-08
1.0118625040578123e-08
0.0
-9.491094637997669e-09
3.7466519412984733e-08
-1.6038097226008922e-10
4.516773012652433e-09
1.1947562757706753e-08
7.721163278740836e-10
-7.817630448184567e-09
0.0
-1.0155362436940242e-10
0.0
9.945472782136948e-09
9.783760532903384e-07
9.783760532902717e-07
-0.00014695501684025558
-0.0001461779876144667
0.0
2.4882225137946995e-05
-4.899206566014126e-13
2.487249615731219e-05
2.7511948137325272e-09
2.7511963969381337e-09
0.0
0.0
0.0
0.0
2.1739631145540533e-08
7.826751734969035e-09
7.826751731805202e-09
7.82675173590043e-09
1.6465898562606132e-09
7.826751736774011e-09
2.2127038313866813e-15
0.0
3.5433460717099228e-09
0.0
2.4868995751603507e-14
0.0
0.0
9.385303095208644e-09
0.0
0.0
0.0
5.037214655806421e-09
-8.976135390525997e-09
0.0
4.369681081347501e-09
2.5649892268618003e-14
4.369677963989126e-09
0.0
0.00019718365916470603
1.866182034118373e-09
9.834232374717476e-09
4.921661638996538e-10
1.8814507691963954e-08
0.0
9.026532096431672e-09
1.3209765116991115e-08
4.690240756619527e-10
1.510956324675946e-08
0.0
2.3411232336710354e-09
0.0
0.0
-9.378319957697046e-09
0.0
9.461057921580963e-09
9.396278526590883e-09
1.32322026968242e-16
0.0
0.0
9.689314314911078e-09
9.68931437573247e-09
9.689314239835767e-09
0.0
1.1084993170919491e-07
0.0
-2.344979252778776e-10
5.1655048677238784e-08
0.0
0.0
5.1733368102339726e-17
0.0
3.446154579248203e-08
0.0
3.617305235201127e-08
0.00012334702814257898
0.00016465833623194158
9.303314740240674e-05
0.0
1.2506846396880016e-09
7.090159118121436e-06
1.6473188404427968e-07
-1.1539449026885904e-07
6.021155828249138e-10
0.0
-7.053778393278397e-08
0.0
0.0
0.0
4.6405560616559106e-07
-5.4667462691334896e-06
1.9970199250796903e-08
9.985766527033368e-09
9.084515764160585e-08
0.0
0.0
8.073178714475321e-08
0.0
0.0
0.0
0.0
5.442992962925248e-10
9.984433653226384e-09
9.447664037528562e-09
2.0064894353439162e-08
-9.282797121257236e-09
8.814516532194895e-09
-3.9515581850513535e-08
0.0
0.0
0.0
0.0
0.0
0.0
8.149451194095005e-09
0.0
0.0
0.0
9.96098101878307e-09
0.0
5.972490754684252e-10
0.0
8.04997063079755e-08
1.985744466727927e-08
5.730604738830432e-10
5.732596461606858e-09
0.0
9.837496536862144e-09
9.837496151021696e-09
9.348819432188976e-09
0.0
-7.260828483826119e-11
-1.3680002078613612e-08
6.374911968907339e-10
1.9964683527410453e-08
9.982796574271998e-09
0.0
0.0
0.0
3.299287536952867e-07
-7.247521108456239e-09
0.0
-9.631531576884172e-09
0.0
0.0
2.8167737880689054e-17
9.821401990172732e-09
0.0
0.0
2.2502672774845148e-08
0.0
5.294133742698698e-16
0.0
0.0
0.0
0.0
0.0
9.738744573080661e-09
0.0
0.0
9.874358177528313e-09
9.758975456548143e-09
0.0
0.0
1.979726061101297e-08
0.0
0.0
0.0
0.0
0.0
6.361731824524118e-10
1.9960035050529564e-08
9.979486651840374e-09
1.9576945916024525e-08
0.0
0.0
0.0
0.0
0.0
9.66914967921382e-09
1.6525974100507083e-09
0.0
0.0
0.0
0.0
0.0
0.0
0.0
3.1261523155084884e-15
0.0
0.0
0.0
0.0
0.0
5.616900913296715e-06
0.0
8.011557865862356e-09
0.0
9.984393544377527e-09
0.0
-3.5039039425455686e-08
9.623148317253388e-09
2.844837783068861e-10
0.0
-1.0284072827055682e-09
6.05004745775027e-10
5.513247535740928e-10
0.0
1.8399237200160087e-08
7.287278746897614e-08
1.9833301831710812e-08
5.952232447127049e-10
0.0
0.0
0.0
1.867719871462298e-13
0.0
0.0
0.0
1.0733796150366727e-10
0.0
2.5050099503796176e-08
0.0
1.53668994838565e-08
0.0
3.449658642965498e-08
0.0
2.306970433145561e-09
0.0
2.1372177976835153e-08
0.0
3.5085678644460535e-10
0.0
2.6337302838116294e-08
0.0
2.9694302009642215e-09
0.0
0.0
0.0
2.9700104202841804e-09
0.0
0.0
0.0
0.0
0.0
0.0
0.0
-9.55821632606102e-09
-1.9217111742186876e-08
-3.240857071595826e-08
-6.3030554567173e-08
-7.713599338779464e-08
-6.896207458036152e-08
-2.8217942205088775e-08
-2.3644485480645017e-08
3.334804975970292e-08
2.3999230249253102e-08
0.0
0.0
0.0
0.0
0.0
0.0
0.00012956755175386192
0.0
1.205585359404736e-08
0.0
0.0
1.8635647909633786e-08
0.0
0.0
0.0
0.0
0.0
8.558682610854276e-09
2.1003796381072566e-07
0.0
9.445543682772026e-09
1.098371034243114e-10
0.0
0.0
0.0
0.0
0.0
0.0
0.0
1.037545759821339e-08
0.0
0.0
0.0
0.0
0.0
0.0
0.0
5.460203754088953e-06
2.0816062363283967e-08
0.0
0.0
1.3155553933604299e-08
1.3183051808574294e-08
0.0
4.2042793923625064e-10
0.0
1.5061172043678617e-08
0.0
0.0
0.0
0.0
0.0
0.0
-5.360671977798888e-09
0.0
1.752101368115988e-06
6.004569384013281e-05
0.0
0.0
0.0
-2.2160442370022793e-09
0.0
7.829726680771937e-07
0.0
9.903828543239141e-09
3.171287894930439e-10
0.0
0.0
3.964480867929165e-09
0.0
6.594454774713329e-06
2.334307421929568e-05
3.0545985744814956e-08
1.6273239982993982e-05
0.0
0.0
0.0
0.0
0.0
7.693795808797237e-08
0.0
0.0
1.1526058502590459e-07
1.1526058503543081e-07
1.1526058503293543e-07
1.23759633416484e-07
1.1526058504310797e-07
3.459841124974587e-08
0.0
-5.350636315763204e-07
1.868662937509874e-09
0.0
5.420917770004557e-09
0.0
0.0
0.0
0.0
0.0
1.626468714465471e-07
1.4944701805650722e-08
0.0
3.266558939135391e-07
3.3014392401307317e-07
3.202579740092267e-07
3.266558939224805e-07
3.20257973999103e-07
5.5985287308972887e-08
0.0
0.0
7.317790638757704e-08
7.317790637816588e-08
7.31779063855086e-08
8.262964781012405e-08
7.317790639587806e-08
1.313294315239894e-07
5.376513073322554e-08
0.0
1.0703168434463123e-07
0.0
0.0
4.358985296649845e-08
1.8393372929680794e-10
0.0
0.0
0.0
0.0
0.0
0.03476496278534114
0.0
0.0
-1.0435770569160147e-06
1.81014176403542e-06
0.00020691392325156342
6.744983654237003e-07
0.0
4.522776305168809e-09
0.0
1.3914741675399388e-08
9.818928499056884e-09
9.818928420853766e-09
0.0
8.628898269877209e-10
1.8519197189539794e-08
0.0
0.0
0.0
0.0
-2.21604148746557e-09
0.0
4.934240631035425e-05
0.0
1.921651209553867e-08
4.5346997813151005e-10
8.8351557099123e-06
8.8351557099121e-06
0.0
0.0
0.0
-1.95661595404472e-08
-9.933556461616405e-09
0.0
0.0
0.0
0.0
3.0802579428122966e-08
0.0
0.0
0.0
1.8413510537483643e-08
0.0
5.725175746805028e-10
-6.521125099490074e-09
0.0
0.0
0.0
0.0
5.999865876888665e-10
0.0
5.95996489252904e-10
0.0
9.934453702555428e-09
0.0
9.927234145834518e-09
5.4661541380028855e-08
3.0227440117136016e-07
3.0393726198173233e-07
2.0684658406190945e-07
5.222085185968561e-06
0.0
9.404057570745321e-09
6.905406545456948e-11
6.552562380296214e-09
0.0
0.0
0.0
0.0
0.0
0.0
0.0
0.0
-9.40767325724947e-09
-8.192059005842278e-10
0.0
5.798732594791689e-09
8.458488040175336e-09
7.936084350230615e-09
0.0
0.0
0.0
0.0
1.9178578725131956e-09
0.0
0.0
0.0
-1.6832347176580756e-08
9.904939228550824e-09
5.617457533784043e-10
0.0
-9.506736162721331e-09
0.00012969942272404925
-2.6377550491063495e-10
0.0
-2.5649323160195636e-14
9.88820738364815e-09
6.723505736871788e-16
4.3377225285015765e-09
2.262587975571617e-09
0.0
1.9842190908688963e-08
4.02224773856591e-10
8.371719056818125e-08
-9.444943885236192e-09
0.0
0.0
0.0
0.0
9.059398767085575e-09
-3.0771049033565756e-08
3.996001703549268e-05
0.0
0.0
0.0
1.8896772203501694e-10
0.0
3.512696846236914e-07
5.385016170878439e-09
6.204222084405475e-09
0.0
0.0
3.400799858864052e-07
0.0
0.0
0.0
0.0
0.0
3.968162516119838e-09
0.0
6.677368433765056e-05
0.0
-0.3632115730695306
0.3632783569050001
3.96087473508573e-05
3.400799862470826e-07
0.0
1.156533991316737e-16
0.0
9.91582358093552e-09
0.0
3.039372620034035e-07
3.776527565824833e-07
0.0
0.0
-2.8960016807411115e-06
0.0
1.8931511686292028e-08
0.0
9.781826006746014e-09
0.0
0.0
0.0
0.0
-3.1105497476944405e-07
4.993208845158679e-09
9.887873230444053e-09
0.0
0.0
6.032337453881244e-09
1.6102174853188471e-07
0.0
0.0
-9.662804213533051e-09
0.0
-1.5587837687291994e-08
0.0
9.881008277480996e-08
5.698669715150887e-10
0.0
0.0
1.1752153777600925e-07
0.0
1.6743505035752015e-08
0.0
0.0
3.1748728826077315e-07
1.6873989986334486e-08
0.0
7.580804372902838e-09
3.4479018328385406e-07
0.0
0.0
9.478856198968922e-09
-6.604637807901534e-08
0.0
1.4687495962763575e-07
0.0
1.5016495623553345e-16
1.7314013374991983
-1.7314020794328127
7.46510906649348e-07
4.5772926438730765e-09
1.0125266123409265e-15
0.0
0.0
0.0
0.0
0.0
6.326142193558444e-10
5.199217251181637e-06
1.1312953253011078e-09
3.3221981132363576e-16
0.0
0.0
1.975624000525122e-08
2.4098536465763248e-08
0.0
0.0
1.9592920457297107e-08
0.0
2.526326749488948e-08
0.0
1.9594417285648204e-08
0.0
8.867690079946272e-07
0.0
3.9907865402395054e-08
6.334469183133381e-10
0.0
0.0
6.399589505668523e-10
8.768773443381533e-07
0.0
2.3237626215523215e-08
0.0
0.0
9.970050710167986e-09
0.0
0.0
0.0
0.0
1.0088349926688855e-08
0.0
-9.742837010584895e-09
0.0
7.800840542079386e-08
0.0
0.0
9.961402501830038e-09
1.9432426951628673e-08
1.2114220737657888e-10
0.0
0.0
0.0
-0.00022858470412678855
-0.00022843556771356965
0.0
4.956378924220663e-08
-4.956378925335958e-08
0.0
0.0
-9.558242091908808e-09
-1.921713763987365e-08
-3.240859675150812e-08
-6.303058073565959e-08
-6.758143770194304e-08
-6.896210107219108e-08
-2.821796901177065e-08
-2.3644512412694543e-08
0.0
0.0
9.821401948174099e-09
9.82140194501636e-09
0.0
2.983971214514795e-08
0.0
0.0
3.944172428694853e-09
0.0
0.0
0.0
0.0
0.0
0.0
0.0
9.35327200154342e-14
4.553618109724319e-07
0.0
0.0
0.0
0.0
9.827515551525734e-09
0.0
0.0
0.0
0.0
0.0
1.7592389185173973e-08
7.729922391970279e-09
7.4189404908500095e-09
9.821401996153641e-09
0.0
0.0
0.0
9.738408103794228e-09
1.7240342499888925e-08
0.0
7.4189404813662986e-09
-2.340034993466439e-09
0.0
-0.014850786131411553
0.014850794743507078
0.0
2.677518444113569e-08
0.0
0.0
0.0
1.3836543750168568e-07
-1.31915633794133e-08
5.456355224278044e-06
2.5900645067326375e-06
0.0
0.0
1.2922043900773247e-08
0.0
9.966910426392511e-09
9.96691005035054e-09
-8.672728494289371e-05
1.0608688724455736e-10
0.0
9.859733039824382e-09
0.0
9.859733280716497e-09
9.859733712152264e-09
4.861951421364363e-05
-9.87231391058164e-08
9.85953117467359e-08
0.0
3.61919461727401e-07
9.810750971340458e-09
-1.0578728401064111e-05
1.0549388603717913e-05
0.0
-9.174888404572812e-09
0.0
0.0
0.0
5.206475132153126e-10
7.427987422638604e-19
0.0
1.3467433420354374e-08
4.135755687177385e-09
3.874041918276219e-10
0.0
6.323953237167893e-10
5.249741941997957
5.249741941138806
0.0
9.659964538951538e-09
0.0
0.0
0.0
0.04164685514394829
-0.04164683518869572
9.978541839869327e-09
3.4119691941809774e-09
0.0
0.0
2.965612040675366e-10
0.0
0.0
9.90382855345247e-09
9.903828557928339e-09
6.9360626166286854e-09
6.936063897282681e-09
9.632131182284523e-09
-5.206476942749979e-10
0.0
2.6036622316416354e-09
0.0
0.0
0.0
8.1352241952692e-09
0.0
4.517129307748916e-11
0.0
0.0
0.0
0.0
0.0
0.0
5.8762199922753075e-09
1.74779427645898e-08
0.0
1.0751348376426479e-08
5.663265140573498e-10
9.909592966003704e-09
5.772430457659161e-10
9.920683656188098e-09
2.158409496584404e-09
0.0
3.0581624577245854e-08
0.0
2.1584094511695184e-09
-9.367368275048187e-09
1.4423570771109323e-06
9.149178081813147e-09
1.4598350200844233e-06
1.839966467501495e-07
0.0
0.0
3.671384391331477e-18
0.0
1.0631978399823386e-09
-8.585097077684622e-09
1.4687496017761112e-07
0.0
0.0
0.0
0.0
0.0
1.9779271802293924e-10
9.946854971752947e-09
1.9235858672366087e-08
9.755553177319561e-09
0.0
-4.1468780114554187e-10
0.0
0.0
0.0
0.0
5.776924174683939e-09
1.9285192092773148e-08
1.4181798347539972e-08
0.0
5.431480235077465e-09
0.0
0.0
0.0
0.0
0.0
0.0
9.230121716602297e-09
0.0
8.628602545347378e-09
0.0
0.0
0.0
2.5644781328579322e-08
0.0
8.198817071615647e-08
2.0743500772971337e-08
2.3546128839543445e-08
0.0
0.0
0.0
9.33154669590455e-09
9.06050807761117e-09
9.649594132640555e-09
9.291413304280046e-09
9.106911364453733e-09
0.0
2.702661380683047e-09
0.0
0.0
0.0
0.0
0.0
1.4333952372711207e-09
0.0
0.0
0.0
0.0
1.8946875526953683e-09
0.0
1.3309932130857476e-09
1.3934080221724021e-08
1.2240990371008435e-08
0.0
1.2360219015379175e-08
9.535679941849766e-09
1.585992020828676e-08
5.357074438781326e-09
2.9781037384299057e-09
3.503903955879561e-08
4.903656329161355e-08
0.0
0.0
0.0
2.102668659044554e-08
8.291927672699623e-09
0.0
0.0
-7.590473244411568e-09
-3.3176447500435283e-09
0.0
0.0
0.0
0.0
-9.672039750217073e-09
3.9173899727898306e-07
1.1221492485224971e-17
3.145860999195547e-10
9.97054901204568e-09
9.936209619324416e-09
9.936209637457457e-09
9.618803510812657e-09
9.618803516249113e-09
9.7889490902322e-09
9.788949096161241e-09
9.69222093688735e-09
0.0
9.69222085679389e-09
9.719159575450225e-10
0.0
0.0
0.0
0.0
1.1558076768327428e-09
9.389344053472501e-09
9.389343966822311e-09
0.0
9.684872867901408e-09
9.684872872590111e-09
9.684872953195444e-09
0.0
0.0
0.0
0.0
0.0
0.0
0.0
3.786186303057338e-08
0.0
0.0
0.0
0.0
0.0
0.0
0.0
0.0
4.112434953434473e-08
6.259240961038391e-10
0.0
5.2585363330637236e-05
0.0
0.0
4.448275454903804e-07
0.0
0.0
0.0
4.400564402336209e-07
4.3212035567814363e-07
0.0
9.78702981929236e-09
9.786989807512527e-09
0.0
0.0
5.6976058225142456e-18
0.0
0.0
0.0
0.0
1.1995260631926222e-09
1.199526029936962e-09
5.083503436890082e-11
0.0
0.0
0.0
0.0
0.0
-4.5670437986977674e-09
-1.3092732984983178e-07
-1.6925270705087352e-10
1.406326980545617e-07
0.0
1.708730491674632e-10
0.0
-2.7886672833129025e-09
4.4369776160645644e-09
1.3828116903005593e-08
0.0
4.111830020653527e-08
0.0
0.0
0.0
0.0
0.0
0.0
4.928736108242864e-08
2.9816020251557086e-08
0.0
0.0
3.3666562198669095e-07
0.0
2.3030812352883123e-08
0.0
0.0
2.989505920786855e-08
2.0181048682437613e-08
-2.4859974939286434e-07
1.6053709150416653e-08
0.0
-2.718046286409548e-10
1.605368349613086e-08
0.0
0.0
0.0
0.0
0.0
9.840319499720404e-10
0.0
0.0
0.0
0.0
0.0
0.0
0.0
-2.662036134129281e-12
0.0
0.0
0.0
0.0
-3.2590851524862945e-06
0.0
5.489469464132392e-09
0.0
0.0
0.0
2.3825173937499162e-08
3.1712880920314367e-10
0.0
0.0
0.0
-3.0033368108553678e-09
0.0
1.9797260703799853e-08
0.0
6.237607206055008e-10
9.967940092702748e-09
0.0
0.0
0.0
0.0
0.0
3.586046656795088e-10
0.00033067419280367085
1.038386733720702e-07
0.0
5.41070536211448e-07
0.0
0.0
0.0
0.0
0.0
0.0
0.0
4.869970569372563e-05
0.0
0.0015967005648815109
0.0
0.2027254379940709
0.0
-0.0018198629432655835
-5.021860096965673e-08
-6.08825417898546e-08
-2.0303467339896977e-08
-3.122689061996283e-08
1.4588823197018638e-08
-1.2171487602519182e-08
-1.0328989193467142e-08
-1.993380926394045e-06
-1.936494441912018e-06
0.0
0.0
2.087914242969489e-08
-6.298983980151441e-12
2.15121785045964e-08
0.0
0.0
9.705718630148726e-09
0.0
3.2871543454208166e-10
9.616307718359937e-09
6.011967794867415e-10
0.0
-9.825845275553309e-09
0.0
0.0
-3.9797653388666873e-08
9.907173805293046e-09
0.0
0.0
0.0
6.8805436739114e-08
2.9612278008979095e-08
6.082858942878212e-10
2.32037378075214e-08
0.0
1.0118015206663204e-06
1.0214841154976134e-06
9.943912894494478e-09
6.001081081428478e-10
0.0
0.0
9.969355579340755e-09
2.2330762520870615e-06
9.976711165470855e-09
0.0
9.980548775705492e-09
9.89435162964298e-09
6.648497491498326e-06
2.2481091735202966e-08
6.064226080592154e-08
9.941009229862854e-09
7.041886037656953e-06
9.945451804608355e-09
1.3665817463701671e-08
9.948887418173958e-09
5.456860215072489e-06
9.98443323802902e-09
6.88810285161846e-09
9.984220568546051e-09
3.7891448635795345e-09
9.981887467763251e-09
0.0
9.976933382842367e-09
0.0
3.87395425738005e-09
1.9233359207876707e-16
2.2908548173155315e-16
0.0
0.0
0.0
0.0
0.0
0.0
0.0
0.0
0.0
0.0
0.0
0.0
0.0
0.0
0.0
6.066234365015238e-09
0.0
0.0
6.953365215597945e-08
8.84460913756674e-11
8.844555646211675e-11
1.7677538080082445e-11
4.126309640174156e-11
6.485245930448618e-11
2.3574960461319487e-11
1.178889489508827e-10
7.072735513984335e-11
4.714984902156446e-11
9.430691354909114e-11
0.0
0.0001907649533392508
0.00019063356762039074
2.8646415695124037e-08
5.692668864393065e-10
-9.883198200967818e-09
8.549930290054217e-09
7.275478492804509e-09
-4.643998904542182e-10
0.0
0.0
0.0
0.0
0.0
8.36395820788191e-09
0.0
0.0
0.0
9.85471356426356e-09
0.0
0.0
9.819474081254521e-09
0.0
1.724034249228145e-08
0.0
9.743345404283208e-09
0.0
0.0
0.0
0.0
1.1859258227694384e-08
0.0
5.788039620832159e-10
1.1670963129149877e-11
0.0
9.862687222472744e-09
2.6505215413930684e-07
0.0
3.753152730558449e-09
3.753178386060912e-09
3.2646746432053833e-07
8.86666180503122e-08
0.0
2.663083253815699e-08
1.278330506617955e-08
1.583695697615223e-08
0.0
0.0
0.0
0.0
0.0
3.753101399467467e-09
3.753075736905935e-09
0.0
9.913101956814582e-08
0.0
1.367572428762289e-09
0.0
6.567737725481312e-10
0.0
8.967165976863529e-08
0.0
1.3301789885662293e-12
0.0
0.0
0.0
4.295901747523366e-09
0.0
7.109079157922836e-09
0.0
3.457647440811447e-09
0.0
0.0
4.215021412214552e-05
1.5536206620803983e-08
0.0
8.363839559465154e-09
0.0
0.0
0.0
0.0
0.0
0.0
0.0
0.0
3.187640157165812e-09
3.1876401684243286e-09
0.0
0.0
0.0
1.7525289707542992e-06
0.0
6.004569384356053e-05
1.8273562554182105e-06
2.414202763855618e-09
2.7936596179716692e-08
2.654141214462782e-09
0.0
9.130091097617522e-09
5.844569861506129e-09
1.911477895952888e-08
8.286804131785175e-09
1.4934006283557238e-07
6.189725141986235e-05
-0.00012970921895787038
5.222085186043789e-06
1.0488883240176156e-16
-0.00012955080824877206
-1.7160371714591838e-07
0.0
0.0
0.0
0.0
0.0
0.0
0.0
1.2259556764881157e-08
0.0
1.8666390656830235e-08
0.0
1.1411110774925834e-08
0.0
4.662573523665109e-09
0.0
1.8683543349202508e-08
0.0
1.571309327517564e-08
0.0
2.7633543571225323e-08
0.0
2.6484465653667282e-09
9.125984101427719e-09
1.8422712721530812e-09
0.0
8.908834681769178e-09
7.809947751447794e-09
1.8048261701535677e-08
0.0
0.0
5.720016619682224e-10
3.977243318453071e-19
0.0
0.0
0.0
-7.482487630883217e-08
-3.111959246722309e-07
0.0
0.0
8.198816720670349e-08
2.0743511527434267e-08
2.3546126944313968e-08
0.0
0.0
0.0
0.0
0.0
0.0
0.0
0.0
0.0
7.05562511403477e-09
0.0
0.0
0.0
5.07949889181481e-10
0.0
0.0
0.0
0.0
0.0
0.0
5.776923066009696e-09
1.92851901048642e-08
1.418179679987728e-08
0.0
5.431479004547887e-09
0.0
0.0
0.0
0.0
0.0
0.0
9.230119538345751e-09
0.0
8.62860268255571e-09
0.0
0.0
0.0
2.5644779839100803e-08
0.0
0.0
0.0
0.0
0.0
9.501949695096316e-10
0.0
2.3825173865537387e-08
-6.859369072742538e-08
0.0
2.707467900352786e-08
0.0
-9.603584222139642e-09
-9.790774911622689e-09
9.790774413431791e-09
0.0
-9.620895515482196e-09
0.0
0.0
0.0
5.872975456557303e-08
1.9072281856232911e-07
0.0
0.0
-0.00029695614725327974
-0.003953989255109036
5.616900913195345e-06
0.0
1.9720764630368407e-08
0.0
8.66450894024178e-09
0.0
9.758975435464555e-09
4.181032748236392e-10
4.181032628163801e-10
0.0
0.0
0.0
-9.913695297840419e-09
0.0
0.0
0.0
0.0
0.0
0.0
-9.597565187564687e-09
1.1285968131793376e-07
9.943383997576622e-09
9.943384331637475e-09
2.082768787554252e-17
0.0
-0.20582989145733865
0.20582991098002096
9.89185210549561e-09
-0.003948835880702745
4.0958130434768494e-09
0.0
-5.275943364291274e-10
5.789999184049113e-09
0.0
0.0
5.417974096203141e-09
0.0
0.0
0.0
1.4934006292193448e-07
0.0
1.493400628933882e-07
8.900892454754433e-09
5.789993772087836e-09
0.0
0.0
5.417970690404384e-09
0.0
0.0
0.0
0.0
0.00013075085723735815
9.926084696711887e-09
0.0
-1.7155027869406687e-07
3.1970963894498795e-08
0.0
1.912510028459082e-07
9.92593751848164e-09
0.0
5.0030436434043475e-06
4.5479173196730574e-08
1.4071849273496195e-08
2.26300156511974e-06
4.7428016811983304e-07
1.407232185629288e-08
2.9309629434507087e-06
0.0
0.0
0.0
0.0
0.0
0.0
1.7285522693944384e-10
0.0
-7.705481728118653e-09
0.0
6.247965328475394e-05
4.026793248932542e-08
2.3825173950493696e-08
-8.670059250492912e-05
-8.669148548069311e-05
0.0
9.528861283886875e-09
0.0
-5.670978820493047e-10
-5.670981604470116e-10
0.0
0.003956353380154665
0.003956353380154534
3.079060432277439e-08
5.75143995350624e-09
5.751439888731255e-09
0.0
0.0
0.0
0.0
0.0
-1.1511894466536394e-08
0.0
6.965279832478126e-08
7.920920115821168e-08
0.0
1.9797260470840984e-08
0.0
-6.2015150044824925e-09
-8.748443759731047e-09
0.0
0.0
0.0
0.0
4.580101338372804e-06
8.763159418992796e-07
0.0
0.0
6.802978846287254e-08
0.0
0.0
2.438678206160568e-08
0.0
1.1127850294599367e-08
0.0
0.0
0.0
-5.20730848993292e-06
0.0
0.0
1.049621101831587e-10
0.0
0.0
0.0
0.0
0.0
2.4864005035597614e-08
0.0
0.0
-3.5073516234435576e-10
0.0
-3.507352583884445e-10
0.0
0.0
9.282797273912902e-09
3.110350373730814e-17
1.4237474077691045e-15
3.8568392364417014e-16
0.0
0.0
9.866013437728407e-09
5.234339548867478e-10
9.866013436132065e-09
0.0
-9.869980497831388e-09
1.5787507145689772e-07
4.4662187617344025e-08
0.0
6.373678152472716e-17
7.928803786072664e-17
-5.525647741155408e-08
9.47306842721659e-08
1.4381601321617442e-09
0.0
2.4864004581436083e-08
2.486400470113208e-08
0.0
0.0
0.0
-9.758170152127099e-09
0.0
0.0
0.0
0.0
-9.866012018582693e-09
0.0
0.0
0.0
0.0
1.3961124560744516e-08
0.0
2.486400480987863e-08
0.0
0.0
0.0
0.0
9.33710468453262e-09
0.0
0.0
0.0
0.0
3.6342363925643026e-08
0.0
0.0
0.0
4.059029839430306e-06
9.050417955462394e-08
1.571745601848506e-08
-1.6006900916173933e-07
0.00025658753696718243
0.0
0.0
-4.898100159609698e-05
0.0
0.0
0.0
3.964480892516874e-09
0.0
0.0
0.0
2.4726826079707982e-08
0.0
-6.005074281702589e-05
4.5287594861764345e-09
0.0
0.0
0.0
0.0
0.0
0.0
-4.814307379410722e-10
0.0
0.0
0.0
0.0
0.0
0.0
0.0
0.0
4.992196773697697e-09
4.9921967736976955e-09
-8.34250143619264e-09
7.487357850961106e-06
0.0
0.034764962785340706
0.0
5.237352369285386e-09
5.237352369285386e-09
9.924380726370171e-09
9.779065296312783e-09
4.378430695250376e-10
7.524139366038764e-08
0.0
3.547250041306881e-08
0.0
9.926084863545715e-09
0.0
1.3361642030451487e-16
0.0
0.0
2.909173946186172e-08
0.0
9.906560298909221e-09
4.2901300774391585e-08
-3.3391241503611424e-08
0.0
-5.4167376313772475e-09
-4.221959268302378e-09
9.535023075813257e-09
1.9312451525280494e-08
0.0
0.0
9.661177713127583e-09
-3.218902831852991e-10
0.0
4.290130058762074e-08
2.2518295076376387e-08
9.779093259997997e-09
0.0
0.0
6.207308082972762e-05
0.0
4.6017356773938585e-06
2.3154201070323638e-08
0.0
0.0
0.0
0.0
1.9357526287446105e-08
4.282011898340571e-10
0.0
0.0
0.0
7.465681698064567e-12
5.945893825444313e-17
1.9561555595003078e-10
9.532785619379182e-09
-0.01485078648417889
1.3801766027752634e-16
-9.128279008403659e-09
0.0
9.718603705609057e-09
0.0
4.74378349515117e-09
2.3366235290899033e-15
2.336618312032135e-15
0.0
0.0
1.7017171033452364e-10
9.646655106754887e-09
3.0760488280499254e-10
-1.9720764838412203e-08
0.0
-3.2222979660248114e-08
-4.186963485589687e-08
0.0
0.0
0.0
0.0
9.808062538172676e-09
4.664039564541697e-10
0.0
-7.506160855426447e-09
0.0
7.109080697103841e-09
0.0
7.132639709271404e-09
0.0
0.0
7.109080616783747e-09
6.5903673888960915e-09
0.0
0.0
0.0
-9.849952549347701e-09
0.0
7.072502917992635e-11
3.881548398027002e-09
0.0
5.805480511157165e-09
5.805484183369504e-09
0.0
9.762374809656247e-09
9.76237484384343e-09
5.805488724397785e-09
0.0
0.0
0.0
7.1090795961985566e-09
0.0
5.805493161205807e-09
5.852646830241947e-09
2.573094520841403e-08
0.0
0.0
-2.1855180510829686e-08
5.044302011880911e-10
5.829074451620615e-09
5.805502904152855e-09
0.0
0.0
0.0
0.0
2.3825173863595938e-08
3.1082794564963257e-06
-3.199551983357196e-06
-8.170663983960856e-08
2.6505215427683333e-07
8.996355250329418e-09
8.99635517167055e-09
2.479461189971238e-07
0.0
6.660380481987762e-06
0.03598236678084031
-0.0359823145816447
9.894904006357028e-09
0.0
-2.2699468598119665e-06
6.564949000800994e-17
0.0
5.232095778611302e-10
0.0
-2.2783193337060786e-06
2.331594880308549e-15
0.0
2.479461193886626e-07
2.0243321215061883e-05
9.962345002683401e-09
-2.023335887044338e-05
9.969355935560403e-09
0.0
0.0
1.0503579989395921e-08
9.970044830085595e-09
-5.3381429049903075e-11
3.2327598844389405e-10
0.0
0.0
0.0
0.0
0.0
5.217733209372454e-10
-5.3381623272233806e-11
0.0
0.00019430456084718555
0.00019430447202601912
0.0
-6.648927537898316e-12
