0
0.0
5.182262914071459e-09
0.0
0.0
4.099949764358655e-09
2.6381527921541865e-07
0.0
0.0
0.0
0.0
0.0
4.1910318700787074e-07
0.0
0.0
0.0
0.0
7.690535105180281e-09
0.0
0.0
0.0
0.0
0.0
0.0
1.0614652888206141e-10
8.17980535365678e-08
9.702224447021992e-09
0.0
0.0
3.0848405326672037e-09
7.543295938452398e-09
0.0
0.0
0.0
0.0
0.0
2.4829456971175813e-05
9.900049526286966e-09
2.206158175825917e-07
0.0
0.0
2.7275984408844384e-08
0.0
0.0
0.0
1.6534635113133086e-09
2.608395696407404e-08
0.0
0.0
0.0
0.0
1.3609297599267616e-19
0.0
0.0
5.5042084391150926e-09
0.0
0.0
0.0
9.303823568297514e-09
0.0
0.0
0.0
9.791702246534546e-09
0.0
0.0
9.860785115465992e-09
0.0
0.0
0.0
2.473393523654371e-18
0.0
0.0
2.0386873177393997e-10
9.546188222475394e-09
1.0154499463510547e-10
4.25167294286042e-12
9.943062447316655e-09
0.0
0.0
0.0
0.0
0.0
1.0154494508706619e-10
1.0465312350365463e-23
0.0
0.002974480856423373
4.898859096158503e-13
0.0
0.0
8.023397754932647e-09
0.0
4.3621126410793e-09
0.0
0.0
0.0
9.04075107846866e-09
5.808516937361474e-09
0.0
0.0
0.0
0.0
0.0
0.0
9.506553434411038e-09
0.0
0.0
9.641755550246985e-09
0.0
0.0
1.9952127133605326e-07
0.0
0.0
9.032578586513499e-09
0.0
8.81254850746211e-09
7.400656572961227e-20
0.0
0.0
0.0
0.0
8.648023214100339e-09
0.0
1.2358996176569772e-11
9.879779642421262e-09
0.0
9.830748020253532e-09
0.0
-3.541839647353329e-07
2.8853040874550017e-07
9.767234767598157e-09
8.755997571829607e-09
8.294311630304051e-09
0.0
9.699763038413445e-09
0.0
3.6654522662882623e-09
9.128596869134835e-09
0.0
0.0
0.0
0.0
7.608648851687048e-09
9.694727898643766e-09
1.700988836588091e-08
0.0
5.755272058348676e-09
0.0
0.0
0.0
3.903846031334488e-09
0.0
9.72680062432315e-09
0.0
7.29861972279878e-09
3.343609898185101e-09
0.0
8.057050876762963e-09
0.0
8.399803954237638e-09
1.3823603460844227e-08
2.3533485900296967e-09
0.0
4.688517350584093e-15
0.0
-0.00057900588779769
2.265058895153273e-06
6.9091395993038116e-09
1.0918289900659204e-08
0.0
0.0
0.0
0.0
1.587729395208549e-05
1.6826377609995653e-08
3.065642487953662e-06
6.525999083389912e-10
1.9472855149180804e-08
5.431599761403601e-09
0.0
0.0
0.0
0.0
0.0
8.685465105681734e-09
0.0
0.00021389189924385442
1.9042202644001655e-08
0.003062152813666703
0.0
6.236944547200585e-08
0.0
0.0
1.901909442713443e-09
0.0
5.0327685269804765e-19
0.0
0.0
5.290700741186158e-09
0.0
3.0297211571804287e-09
5.296919885822076e-09
0.0
9.18366075849262e-10
0.0
0.0
0.0
3.807890449139539e-09
0.0
0.0
0.0
0.0
1.3541141773059758e-06
1.1537259336636849e-09
0.0
9.596549034332083e-09
0.0
6.068337892228993e-09
0.0
0.0
0.0
0.0
0.0
5.711351579890936e-09
0.0
0.0
9.789025204586026e-09
9.413796984192993e-09
0.0
0.0
0.0
3.9312456770618485e-09
0.0
8.592738745787705e-09
1.692382428384394e-10
0.0
5.35390049845501e-09
9.652583707234464e-09
1.3486671848750298e-11
3.7937614136324725e-09
2.739080875430026e-12
0.0
0.0
1.8973538018496328e-19
3.588804271828374e-10
4.126986197228177e-09
0.0
0.0
0.0
0.0
0.0
1.2448646725304352e-20
0.0
-0.0030177775238069415
1.4184635394643934e-23
0.0
0.0
9.154350536121523e-09
0.0
0.0
5.369570715150503e-09
3.821692078495189e-09
0.0
0.0
1.545822583388108e-07
0.0
9.862597911841973e-09
8.965410539076528e-09
5.476003388738017e-11
9.223867096996546e-09
0.0
0.0
0.0
0.0
0.0
0.0
4.274171063736015e-09
2.5104361011104162e-09
4.3857727387471255e-10
0.0
9.873295692760893e-09
4.995561962368502e-24
0.0
0.0
7.78926154485584e-09
0.0
0.0
0.0
0.0
4.797512276224873e-09
1.5736181525238126e-15
0.0
-2.1652990941922745e-08
0.0
9.386230616851124e-05
0.0
8.962733695155312e-09
0.0
0.0
9.778836617058665e-09
0.0
0.0
0.0
0.0
9.016245150305551e-09
0.0
9.872463548614026e-09
0.0
0.0
0.0
5.808516935011473e-09
6.536827384359119e-09
0.0
7.307013089602548e-20
6.081440418522627e-14
0.0
6.388790585363999e-08
0.0
0.0
9.413772265347402e-09
2.298834919144429e-09
6.460808032818372e-09
7.335578765986365e-10
0.0
5.039422709061223e-08
4.43437597002709e-09
0.0
3.1131403306857773e-09
0.0
0.0
0.0
9.839769334702017e-09
3.7498817018668325e-09
0.0
0.0
0.0
7.790729276340045e-10
0.0
0.0
0.0
0.0
9.467488221637968e-09
9.467488216573922e-09
4.5512383451786015e-10
4.551238290190419e-10
0.0
9.917909892187154e-09
9.984662874273909e-09
9.89560062949861e-09
9.984518364032597e-09
6.822197070214517e-10
0.0
0.0
9.91201631537074e-09
9.895602275209225e-09
9.984668997031601e-09
9.984524455621426e-09
7.089263179571086e-10
1.8157398415094257e-07
0.0
0.0
7.090557957542595e-10
6.295955248996512e-08
0.0
0.0
2.7836134553678465e-07
1.2530835781270352e-07
2.911592702221156e-08
4.312467473075687e-08
2.4410875958989224e-09
2.0014501057838775e-08
0.0
2.7229272529554075e-07
8.371458716586118e-09
2.8928266600499536e-08
4.3300763895077e-08
0.0
1.959183140796137e-08
0.0
1.0060237713421741e-07
4.741316724397468e-08
1.2946009498162763e-08
5.410092475233152e-08
4.697139764784833e-08
1.5298534911447329e-06
1.347956938717938e-07
1.1983560498874856e-07
4.6854669453636206e-08
0.0
0.0
0.0
1.517623545671514e-06
0.0
0.0
4.58695882513369e-08
0.0
0.0
2.295753329400481e-08
8.812548516659753e-09
8.179805660042888e-08
7.54402918766618e-10
9.943206408843247e-09
7.535055543556928e-10
1.8930451499346132e-08
1.3008863358379964e-06
3.796113727961881e-08
7.14307845135122e-07
3.796134429374149e-08
1.038900056654779e-07
1.3891198588452397e-07
2.7199388626867484e-08
8.553827214572216e-08
3.798827376162724e-08
3.7988480909301817e-08
3.79886880674149e-08
0.0
0.0
-7.229347230227697e-08
8.179805445958066e-08
1.4403923000590318e-17
1.982099900823037e-08
1.9838810331387465e-08
1.997037652238049e-08
1.9969316039492226e-08
1.8930399716429562e-08
1.3008862840468895e-06
3.796108551261266e-08
6.952398699721848e-07
3.796129254709717e-08
1.0388995375434917e-07
1.3891193414326717e-07
1.7807724882601443e-08
8.553822038580044e-08
3.7988221975970675e-08
3.79884291190841e-08
2.8557646084043224e-08
1.8930347931930775e-08
1.3008862322544232e-06
3.7961033736770935e-08
6.952398181133227e-07
3.7961240791102206e-08
1.0388990184208917e-07
1.3891188240066703e-07
2.7199284966402173e-08
8.553816862902487e-08
3.798837732746099e-08
3.7988584482626056e-08
0.0
0.0
7.469199665545809e-10
9.908982619892884e-09
0.0
-3.0848403831384985e-09
0.0
2.7747822621456626e-08
0.0
9.2413945851049e-09
9.981985018073236e-09
-3.789232672338477e-08
0.0
0.0
5.18226299439988e-09
9.455753501838625e-09
0.0
0.0
3.0145665634532676e-08
1.0060563757620684e-07
0.0
1.408265865353964e-07
1.4357692332972518e-07
3.4077657555396816e-05
9.837914708082529e-08
1.3101271732210836e-06
0.0
0.00046062742694617293
0.0
0.0
1.9109580311582703e-08
0.0
1.6054285676336114e-06
2.07909149782053e-07
0.00010315924460580416
6.794561488622594e-10
0.0
-3.142036591324837e-08
-5.107045364036167e-08
-5.636113568114763e-08
-4.6582717602957896e-08
-1.3854767509393056e-06
-8.025607253393124e-07
-2.9403572673555606e-07
1.2280072881287434e-07
-6.704985116769396e-10
-9.900049526288856e-09
0.0009018472685657315
-2.206158175843665e-07
-2.1103984819450838e-07
8.753345116335394e-16
0.0
2.5998129710640202e-06
0.0668393681824194
0.0
0.0
0.0
1.7671170278338287e-08
8.586486695416284e-09
2.8975694525744515e-08
0.0
0.0
-2.727598439819512e-08
1.7572626700168171e-07
1.7572626542617367e-07
0.0
-0.053574257774783536
1.3322041128657515e-06
2.9092812804729472e-08
0.0
1.514751944873172e-09
0.0
9.913925213515345e-09
9.913923985381681e-09
0.0
0.0
0.0
3.188029898160076e-08
5.107043959604041e-08
5.636112164864756e-08
5.605354296571625e-08
1.3758102043429134e-06
8.936465014305894e-07
2.1965934773798403e-07
2.7410644687084108e-08
-7.809271010370835e-08
1.5410777508994296e-07
2.6083956670879227e-08
-5.246336676721641e-13
5.246365352257253e-13
0.0003231996745212825
0.0003232094729232439
-1.5410777193495863e-07
5.309092238844155e-07
0.0
1.861770050304314e-08
1.4038546277172826e-08
0.0
3.411978183459846e-05
1.191126716803991e-07
5.104173057336955e-14
0.05355155403585565
9.711795199502304e-09
0.0
-2.480992030149694e-05
0.0
-2.4829456971175952e-05
0.0
0.0
0.0
5.740354982369897e-08
7.499544830941562e-10
9.981154437297638e-09
0.00046470234011915246
0.05012519733695697
9.81141539980199e-09
0.0
0.0
0.0
0.0
0.0004179997740796078
-0.00041795983108594906
7.55216530385685e-10
0.0
0.0
9.948627657308923e-09
9.95002943938705e-09
0.0
2.759465068161212e-07
1.178689488337314e-08
-9.54511208961506e-09
0.0
0.0
5.812180058424181e-08
0.0
0.0
0.0
0.0
1.8576756761145113e-08
0.0
0.0
1.6197955417276254e-09
2.26873915942807e-08
3.8516064763374513e-08
0.0
1.6682125274596597e-08
4.434373950788838e-09
0.0
7.20789636902823e-10
1.7950389487694658e-07
3.2700385982077257e-07
0.0
4.2999291620459625e-08
9.525259262597821e-08
0.0
1.192611518276534e-07
-1.6616484899921053e-07
1.3608461324181348e-19
4.099419581732164e-09
-9.618969325914106e-09
0.0
1.7902834770211484e-10
2.1466866028720302e-05
6.228157189532161e-10
9.851363176605066e-09
0.0
0.0
0.0
6.94004604050145e-10
1.234350332516645e-08
0.00017845618555721834
2.3874109365806217e-08
-0.0001835567684930882
5.173554877035258e-06
0.0
0.0
0.0
-3.090864269688693e-06
3.116027384019903e-06
9.774151631836852e-09
-1.587729395208263e-05
2.557850485836025e-10
-9.191262795782071e-09
1.858056442414707e-08
0.0
0.0
0.0
0.0
-9.303824823975399e-09
2.578875568983742e-07
2.5788755206963405e-07
9.967624796375493e-09
9.967619952558821e-09
-8.71079610507872e-11
0.0
-8.710550373775437e-11
9.718014160383762e-09
0.0
0.0
0.0
0.0
2.971946131069556e-08
0.0
3.2436218909520245e-08
0.0
0.0
0.0
7.264131884980688e-08
0.0
0.0
-4.620924956164922e-10
8.773339113140064e-12
0.0
2.8151070209985662e-08
3.0536784627874264e-08
9.898782434899887e-09
9.98607267850324e-09
9.934063639016166e-09
1.9178887622118677e-08
0.0
0.0
0.0004606274269430326
0.0
0.0
0.0
6.652065497207181e-15
1.0801686310463403e-16
1.8925020431780335e-07
0.0
0.0
2.3896926219043006e-08
6.664987089024291e-10
0.0
1.285196775993848e-07
3.4165901833136166e-07
0.0
2.783280047297264e-08
0.0
0.0
3.412453008611088e-05
0.0
0.0
0.0
-5.643948618436325e-10
0.0
7.936730394535102e-11
3.420513635546051e-08
4.9097486953022487e-08
5.895827206836065e-08
4.909748695245702e-08
4.909748695289443e-08
4.909748695259876e-08
1.2587170617135428e-15
1.2587022320462268e-15
0.0
9.726481518600486e-09
1.9227803478364076e-08
-9.791702247630152e-09
-4.447248201752858e-09
0.0
0.0
-4.272247478964014e-08
-7.235542542376395e-10
0.0
0.0
5.312236991885812e-08
0.0
7.324230886912008e-10
-5.901008795147766e-07
4.866043172512528e-09
4.866044431133598e-09
0.0
4.749839165201672e-09
0.0
0.0
0.0
0.0
0.0
2.516493014881674e-08
9.937261171918954e-09
2.4731100439956375e-18
0.0
0.0
0.0
5.901008792051827e-07
0.0
0.0
0.0
1.9350262675638943e-08
0.0
-5.155649506240201e-07
0.0
0.0
9.327067743248156e-05
2.7451958045716153e-07
9.473790625169237
-9.47388416656989
9.8354334127941e-09
1.926117896075353e-18
1.1356774176494208e-08
-0.0009016288338317249
1.7071442947895807e-09
0.0
0.0
0.00016699046847223897
0.0
0.0
0.0
2.624001341864744e-08
0.0
0.0
0.0
1.1786953845634046e-08
0.0
9.708884204736561e-09
9.687433471841568e-09
4.6235606592845677e-10
0.0
0.0
0.0
-3.2410704493191735e-10
0.0
0.0
0.0
0.0
0.0
0.0
0.0
4.191031863716478e-07
0.0
5.501777996673365e-09
-4.250989088801335e-12
0.0
0.0
0.0
0.0
-7.147522710261082e-10
8.179805805503021e-08
-2.737345363365562e-07
0.0
0.0
4.5763382069109674e-06
0.0018506634600682322
0.0
0.001855239798275143
0.0
0.0
0.0
0.0
1.1781500570643446e-07
2.9518167229384267e-06
0.0
0.0
0.0
2.422902409949517e-09
1.0491027513233987e-12
1.0506554575395375e-12
1.049097410365484e-12
1.0506331739331145e-12
3.0536781145605894e-08
7.023245387543805e-10
0.0
3.162229834968503e-08
0.0
1.6826377357593205e-08
3.1811289799647756e-08
1.2256180710804839e-08
4.664176554834784e-11
9.796816942657275e-09
5.69400268694621e-10
0.0
1.8830461879058077e-06
0.00010832641591930866
0.00010833565895857672
2.769962879917801e-11
0.0
0.0
2.9611764368792797e-09
0.0
0.0
0.0
0.0
0.0
-6.720372167177274e-09
0.0
0.0
-9.925147370529012e-09
-9.884512587284618e-09
0.0
-9.779525829742937e-09
0.0
0.0
0.0
7.128225415273607e-10
-9.345970776786553e-09
0.0
-0.0029744808564233782
-0.0024445306539152972
0.0
7.765396100157366e-11
0.0
0.0
0.0
0.0
4.17053505553986e-09
0.0
1.4718211150378387e-08
0.0
0.0
0.0
0.0
0.0
0.0
0.0
0.0
0.0
0.0
2.649485452710765e-09
4.686737270452319e-15
5.243118119855124e-09
-4.3621052909321865e-09
-9.605237546528658e-09
0.0
4.362100587193175e-09
1.9332057574821177e-08
0.010231659662697012
4.362100014532189e-09
0.0
-0.010231670199903675
4.6875344361785265e-15
0.010231674632654324
0.0
0.0003251028110660391
0.0
9.726047491005156e-09
9.726045471078666e-09
0.0
0.0002841877678739298
-0.00028418776787391027
-9.10857900218926e-08
7.437636508154238e-08
9.55043716541204e-08
0.0
2.2567265901834552e-09
0.0
4.160832065267506e-07
0.0
4.1606936180962385e-07
9.359449287130266e-09
9.048595811876056e-09
1.937113733298171e-18
0.0
0.0
9.859864497406334e-09
9.859862921248367e-09
6.311381776154968e-10
6.686833779485728e-10
5.1485814678131165e-08
6.686818035046437e-10
0.0
0.0
1.57298385257642e-15
0.0
0.0
0.0
1.6486943196025737e-08
4.1193692783212696e-10
1.6533361214459226e-08
9.402746722972177e-09
0.0003932692944742471
0.005110903048849958
4.8037994514744464e-08
0.0
0.0
8.649455331326303e-05
-8.64450562105925e-05
7.075200623889862e-10
3.3266192198031338e-06
-6.87687314428545e-09
2.505872495687363e-10
9.47102755026533e-09
0.0001784726368936418
4.972951798693046e-08
-1.4954472100751903e-08
1.997168905790998e-08
7.547773254493144e-10
2.4342532931862314e-07
0.0
0.0
0.0
0.0
0.0
0.0
2.5933071474089533e-08
9.862413147357927e-09
9.985592913454885e-09
0.0
3.828972687670326e-07
3.428541884258513e-07
9.939281845165247e-09
-4.1910318670346113e-07
0.0
1.0455351572766496e-07
0.0
3.1595868481244824e-08
1.5111202891766896e-07
2.9463929526848445e-06
1.1725947437835666e-07
0.0
0.0
0.0
9.796818270309905e-09
-2.8533509544580324e-10
9.94044174725009e-09
2.615203638759475e-09
1.713656626028346e-08
1.9875202678801817e-08
7.044954090173892e-10
0.0
0.0
7.798647649317689e-09
0.0
0.0
0.0
0.0
-2.1887030590358753e-07
7.550695304849568e-10
1.997196526277294e-08
7.542750262821129e-10
-9.19123914690001e-09
1.332204112325655e-06
0.0
3.395832347667171e-07
-1.8995161438799023e-07
-1.995212713309664e-07
-5.732989085462617e-10
0.0
0.0
0.0
0.0
3.524573843094399e-07
3.5245738310761676e-07
-9.855132469005511e-09
0.0
0.0
1.6496811393251937e-11
1.6503946678356527e-11
1.650302660131207e-11
-1.540592008348121e-11
-1.2944853861247309e-14
9.675432036547858e-09
0.0
0.0
6.105321161325185e-10
0.0
0.0
0.0
4.099949195433641e-09
0.0
0.0
-3.552713678800501e-15
0.0
2.6065781587882983e-09
9.97954906191233e-09
1.9961895633121053e-08
7.511068811704217e-10
1.9006267613661038e-08
0.0
0.0
2.4070392269166964e-10
0.0
1.0877203919847467e-11
8.912505711251544e-09
1.8336139124405424e-08
0.0
0.0
9.03257860497428e-09
0.0
0.0
0.0
0.0
7.871037103810722e-18
0.0
4.4235158310244904e-08
5.3701882430766826e-08
0.0
0.0
3.504260647915406e-07
8.26412938985387e-09
0.0
0.0
9.986767327260686e-09
0.0
1.9496529024901066e-08
9.868379843133093e-09
9.868378267872437e-09
9.570479531068073e-09
-1.4650338499869747e-10
9.588995797253538e-09
0.0
0.0
5.857003458029549e-07
7.271194366792442e-08
1.7685661750721127e-08
9.781086061965219e-09
2.8049966778643334e-08
2.42368589118053e-09
0.0
0.0
-2.6293838170710125e-09
0.0
0.0
0.0
1.3105085932310284e-06
0.0
4.71260648478465e-08
0.0
7.210822336780448e-07
0.0
4.6958770494149714e-08
1.1294400513280611e-07
0.0
1.4436048215407718e-07
0.0
0.0
3.654496817079043e-08
9.495994755050429e-08
0.0
4.699713666975479e-08
0.0
4.7772652907977936e-08
0.0
4.699754885796017e-08
0.0
0.0
0.0
0.0
0.0
0.0
0.0
-4.13204060550898e-08
-5.107044427773381e-08
-5.6361126325038535e-08
-5.6053547629886236e-08
-1.3854767416179858e-06
-8.025607160517655e-07
-2.940357174581465e-07
-1.3234260313760987e-07
8.127631926277019e-08
8.881740777228328e-08
1.3088824809505999e-08
1.3088824740515077e-08
0.0
0.0
0.0
8.6480231881636e-09
0.00037496254445332856
0.0
7.930886372268206e-09
0.0
0.0
1.183101042238756e-07
0.0
-1.235898623872455e-11
0.0
-9.879779642427188e-09
2.55785058085542e-10
2.5578505335951344e-10
5.132181494331423e-07
1.3918752896178614e-06
0.0
-6.0262776617205e-10
0.0
0.0
0.0
0.0
0.0
2.21162860018178e-08
0.0
1.3199166592020523e-06
0.0
0.0
8.168142908772044e-08
0.0
0.0
1.4851655183150844e-06
0.0
4.559549356670623e-08
0.0
0.0
5.730849592713165e-07
5.89741406568533e-07
0.0
7.744471705740604e-08
6.481688724194885e-08
1.5220037404901845e-06
8.581907218941308e-08
0.0
0.0
0.0
1.2453234373460483e-06
1.96673764920529e-08
6.541910994111693e-10
6.541910984756046e-10
1.9667371437220946e-08
0.00038142883975193775
-4.281076096005753e-09
0.0
-9.694727898810057e-09
0.0
-9.69472916528824e-09
0.0
0.0005295864864226734
3.692202329476373e-07
7.069230287731031e-09
9.783968593780846e-09
0.0
0.0
0.0
0.0
0.0
1.0896723976095343e-06
3.6378888489999086e-07
0.0
0.0
0.0
0.0
0.0
0.0
1.4906836997355514e-08
0.0
0.0
0.0
0.0
0.0
0.0
0.0
0.0002651919828890178
0.0
-1.4886777862238102e-06
3.7112212225600664e-08
0.0
0.0
3.6143932636695874e-08
3.6143932636927855e-08
3.614393263738724e-08
4.584369567561815e-08
3.614393263720458e-08
6.633041718274371e-08
4.839885071348125e-07
0.0
1.0769720638541173e-06
1.0806375161210395e-06
1.0707886961202391e-06
1.0769720638543568e-06
1.0707886961208767e-06
1.8408530144793912e-08
0.0
0.0
0.0
0.0
0.0
7.16938770860999e-09
0.0
3.697270142317406e-07
0.0002652079563485414
6.189759449275555e-10
0.0005304171506513176
3.2445284401101245e-09
0.0
8.077941117374216e-07
0.0
0.0
0.0
0.0
0.0
4.437842755002067e-07
0.09179282642599197
3.469446951953614e-18
0.0007292199313818982
5.461736652531696e-10
0.0012591658649456377
3.0558555407214083e-08
0.0
1.2772557202432777e-08
1.95212057359066e-08
2.5933297330170106e-09
1.9521206050646832e-08
9.893358971443867e-09
9.893358024091678e-09
0.0
0.0
0.0
1.2772558461719581e-08
0.0
0.0005287389130253745
0.0
-4.694607940075967e-10
-4.694607940172609e-10
0.00022945923191040679
0.0
0.0
-7.684011204909146e-09
-9.345974376080268e-09
0.0
0.0
0.0
0.0
0.0
-5.655558375177796e-10
0.0
0.0
0.0
3.2774801190771634e-07
1.2144299521772749e-11
1.9102366582350737e-08
9.458609521873203e-08
0.0
0.0
0.0
8.66160422747543e-09
-1.8925758170976886e-05
0.0
0.0
0.0
0.0
9.824681420117282e-09
0.0
0.0
0.0
0.0
1.2632213455217278e-08
0.0
1.878063486800443e-05
1.4382790231215035e-08
0.0
2.2622669243573908e-07
0.0005848506448222995
0.0
0.0
-9.726800623563534e-09
0.0
0.0
-7.298620374740494e-09
7.275111958182014e-09
8.040345712119485e-09
0.0
8.04034571332014e-09
0.0
0.0
-8.057050876754725e-09
0.0
0.0
-1.4619802951668917e-09
0.0
2.039703826929083e-09
4.170532404300001e-09
0.0
-8.399803954229224e-09
-1.3823603460391147e-08
-1.3823603460619846e-08
3.4158582101483005e-08
1.6113555478782758e-08
0.0
0.0
2.1067216081928563e-09
0.0
0.0
0.0
0.0008694925963652622
0.0
0.0
-4.687981773610073e-15
7.053824375063127e-09
0.0
5.546041181648149e-10
5.946290941639337e-09
0.0
0.0
8.685464925181283e-09
1.5904319068163267e-07
-4.96422544221899e-10
0.0
0.0
0.0
2.7647155398380363e-18
0.0004944944853993698
1.4743961821133154e-07
0.0001011296620295845
-3.469446951953614e-18
2.2660312222827785e-06
9.723271316786422e-10
-2.2650588951522095e-06
0.15969882501089114
0.0
3.6597235821605364e-10
0.0
0.0
-6.909139599331821e-09
0.15969881417022533
4.170532086234849e-09
4.170532820554988e-09
4.170533334979709e-09
9.704019925615114e-09
0.0
-1.669327551483655e-09
0.0
0.0005727033409978036
4.0424649014981065e-06
0.000567021297086967
1.1984590709529149e-05
0.00010113896120484066
0.15969881417022136
3.929623130927871e-08
0.0
1.977546873339132e-08
7.112105276324436e-10
0.0
0.0
0.00010314933541266669
0.0
1.3973324891513603e-06
-0.0006800491516411401
0.0
0.0
0.0
8.752101755458118e-09
0.0
0.0
0.0
0.0
-0.00010309948049208462
0.0
6.812936833412528e-10
0.0
-1.5877293952084703e-05
-1.5877293952083673e-05
0.001361954720891144
0.0
0.0
-7.502191490492937e-09
0.0
-1.9472855149541002e-08
0.0
1.6798313441948344e-07
-5.431600240250146e-09
-6.525999083034466e-10
-6.525999083220813e-10
2.5886356658701976e-08
0.0
0.0
3.424013693614813e-05
1.1770650289055017e-08
0.0
-3.931501010726068e-08
5.857177193529649e-08
5.720485328487629e-10
0.0
3.706180205802492e-08
0.0
-3.065642487953907e-06
3.1298696958428386e-06
0.0
6.771023407045845e-08
0.0005282104315310298
0.0
19.214656175833294
-19.250292032782912
0.03563586662539289
9.675776339271736e-09
0.0
1.6682120954252792e-08
1.668212428641146e-08
1.668212194428409e-08
8.621203925062497e-08
0.0
7.553609993990818e-10
0.0005847522267220594
0.0
0.0
7.889631074182028e-15
0.0
1.3866058417029833e-08
1.2802150212400486e-07
0.0
1.2632213817146624e-08
0.0
2.5990365036050865e-07
0.0
0.0
5.145010784031461e-09
2.394560042165326e-10
0.0
0.0
3.9942428379278986e-08
7.55107368824002e-10
9.645710155236965e-08
9.645709539409479e-08
9.986757219804243e-09
-1.9378739066558404e-08
0.0
2.0604236520055455e-08
1.3352998527834585e-08
2.269354149538301e-08
9.971239773304947e-09
0.0
0.0
0.0
0.0
0.0
0.0
-8.685465110925444e-09
0.0
0.0
2.8157931520611166e-07
2.1222436225957034e-05
9.982783763691494e-09
-2.1212453435721533e-05
-1.9478283428461113e-09
-1.382360346026748e-08
8.97046148993672e-09
3.2725045145402917e-10
-0.0030621628528351152
-0.0030664704496384085
0.0
6.236944525216174e-08
-5.288862324687123e-08
-9.699229093082548e-09
-2.8266069818094763e-08
-3.188030833434907e-08
-5.107044896007773e-08
-5.6361131001853026e-08
-4.6582712941079394e-08
-1.3854767462778868e-06
-8.025607206947021e-07
-2.9403572209506235e-07
-1.32342607772791e-07
-9.191234419663342e-09
4.663773969649816e-11
-1.0614652887664007e-10
0.0
2.599620015170112e-06
1.3699847395017404e-08
0.0
8.137259155459608e-09
9.74112541103803e-09
0.0
4.170532861044389e-09
4.170533041928951e-09
4.170531232988056e-09
4.170531799244711e-09
4.170532703713766e-09
4.170533947553324e-09
0.0
5.512166329526802e-06
1.8845351759157e-07
0.0
0.0
6.9398313609720715e-09
0.0
-5.04831636563563e-19
0.0
0.0
0.0
4.92800079795447e-07
-4.852276088194258e-07
7.572470925917146e-09
0.0
0.0
0.0
5.810531049048287e-14
0.0
4.159926206609249e-10
0.0
0.0
0.0
-9.702224447460939e-09
-4.767985176288543e-10
0.0
0.0
1.0506662867011413e-08
-2.3764349798421902e-07
2.570808677462283e-07
0.0
0.0
0.0
-5.290700745401184e-09
4.538118877882109e-08
2.929176613389335e-07
0.0
0.0
0.0
3.5600978533154914e-05
9.977466217808706e-09
9.977471114201242e-09
-0.0002139010120984497
0.0
3.3211801476477824e-11
9.617328600896877e-09
0.0
9.61732946970848e-09
9.617330355467255e-09
2.284301624211215e-05
-1.67343496872141e-09
0.0
0.0
0.00030035670651145133
9.667849203017433e-09
-2.3733856299131176e-05
2.3764404348743132e-05
0.0
-3.029721156952176e-09
0.0
0.0
0.0
4.300172076060482e-10
0.0
0.0
4.452578290147164e-09
0.0
9.618965692373155e-09
2.391636990338841e-07
7.529371819798033e-10
4.258013035563634e-07
4.1526978399436855e-07
0.0
9.048855811925032e-09
1.1364297313634337e-07
2.0884085365452358e-06
9.257745521919246e-09
0.0
2.807791112596292e-08
9.982880399594204e-09
4.7477941101532246e-09
6.927769545290374e-09
1.3452332801952397e-06
-1.3355679084763512e-06
-1.345233281786068e-06
1.3452332824942917e-06
7.069230281362717e-09
7.0692302844843624e-09
0.0
0.0
-1.3225391247770696e-06
-4.300141641692349e-10
0.0
4.769661892716617e-08
0.0
0.0
0.0
4.866041929502728e-09
0.0
5.708990691185694e-08
5.101629643388151e-08
0.0
2.972110836945457e-06
0.0
0.0
0.0
2.6083956083944978e-08
0.0
1.9677899480824777e-08
1.1748498601210788e-08
7.260148692353462e-10
9.956727652357436e-09
7.106508219818249e-10
9.941044065787804e-09
0.0
2.9548975709816194e-06
3.16462763029565e-08
2.961779292472539e-06
-4.78082418300596e-10
-9.680080055216215e-09
1.4444833468174484e-07
9.796553198868074e-09
1.3456698881917874e-07
0.0005283258175997882
0.0
1.345233277914171e-06
0.0
1.926544188741948e-08
-1.3733796188630798e-06
-1.3541141771211684e-06
6.771022901763888e-08
0.0
0.0
0.0
0.0
0.0
8.918293578245815e-09
2.7027047873471e-10
1.936719558286192e-08
9.596533175470884e-09
0.0
-3.733793341018688e-10
0.0
0.0
2.201980179206315e-07
0.0
0.0
0.0
0.0
0.0
0.0
2.75871630898672e-09
0.0
4.6214386133161385e-09
0.0
5.395241641607204e-10
0.0
2.866921375106349e-08
0.0
0.0
0.0
0.0
0.0
0.0
1.8157398292619924e-07
0.0
0.0
7.090546160634413e-10
6.29595511915562e-08
0.0
0.0
9.543383052911062e-09
0.0
0.0
9.683849866753086e-09
9.628559478015343e-09
0.0
0.0
0.0
9.829800242137626e-09
9.69980936735311e-09
0.0
0.0
9.77661937589247e-09
6.531507043164229e-09
0.0
1.2676669912669933e-07
9.887468668060575e-09
0.0
1.7534901201871798e-09
1.0199288054362801e-08
9.602334181525452e-09
0.0
0.0
1.3121965481875654e-08
6.770809741943291e-08
6.040914437899082e-08
2.4533248166695235e-09
1.3799578774327028e-07
-1.015009646107591e-08
4.191031858411612e-07
0.0
2.8899046583297904e-08
3.0046289910125688e-05
3.0484371854160167e-05
9.920287977716692e-09
0.0
0.0
0.0
0.0
6.838420958897358e-08
0.0
9.883471798420695e-09
9.88347179955068e-09
6.542616563967187e-10
0.0003003785259752247
0.0
2.896811346449349e-08
9.858533121333217e-09
9.887749217346985e-09
9.887749190887797e-09
0.0
0.0
9.657047441310274e-09
9.657047424118813e-09
9.831742803349396e-09
1.2470056508698902e-15
9.83174403816565e-09
0.0
5.803798071590153e-09
0.0
6.347727058378256e-10
0.0
-6.970072891437742e-09
0.0
-9.789025204147428e-09
9.55647716472871e-09
0.0
-9.41379596497427e-09
0.0
2.9136623644117697e-09
2.9136623578792688e-09
7.8540037203508e-07
7.854003720328363e-07
7.854003720365065e-07
2.6094970799387288e-06
0.0
2.6741153333458826e-08
0.0
3.4775668188337464e-09
0.0
3.4775905948800163e-09
0.0
1.7978219879214685e-08
0.0
0.0
8.956198084237719e-09
2.7533223963224037e-08
3.4843412975197883e-09
0.0007298433674213685
0.0
0.0
8.631034626824116e-07
0.0
2.421891304490136e-09
2.4224253690526728e-09
0.0
0.0
0.0
4.618532271016866e-10
9.686921377762378e-09
2.4233219327672736e-09
0.0
5.467999659917573e-19
0.0
2.451170433277187e-08
6.019349003349897e-08
0.0
0.0
0.0
9.795031772718527e-09
5.67650511388445e-10
1.591897053589982e-08
6.99885262730882e-08
0.0
0.0
0.0
-9.028758721934572e-07
0.0
9.123840024722198e-07
0.0
7.05961448966546e-05
0.0
7.757576050552846e-07
0.014603906732173757
0.014603906732173757
0.0
8.950136019001033e-09
0.0
0.0
0.0
0.0
0.0
4.363457175238488e-10
3.360988832354874e-08
2.9663311696427242e-08
0.0
2.880222624306418e-09
0.0
1.4481444394962078e-08
0.0
0.0
3.4843636925450253e-09
2.959824641588925e-08
0.0
8.232298824758773e-08
8.136992590326716e-07
0.0
-4.2821357990562287e-10
8.13699254339163e-07
1.0859858834332638e-07
1.1604577398341818e-07
1.8250722663559402e-07
0.0
0.0
0.0
0.0
0.0
0.0
0.0
0.0
4.170532161009419e-09
0.0
0.0
0.0
0.0
0.0
0.0
-0.00020081059095487607
0.0
2.606558462197328e-09
3.4775401724061767e-09
0.0
0.0
8.179805538272755e-08
9.783968595127382e-09
5.568227971848179e-10
0.0
0.0005287620127008237
0.0005287620126869628
0.0
4.099949574753181e-09
1.5112993524410564e-15
0.0
9.197482560502693e-09
2.1618496965414634e-08
-3.5888043058152075e-10
0.0
0.0
0.0
0.004739767558825909
0.0
5.0263570712057904e-08
0.0
0.0
0.0
0.0
9.446022372323847e-08
0.0
0.0
0.0
0.0
7.167842151876132e-07
0.0
0.017820148667971113
0.0
0.0
0.0
0.05012516963936875
1.922625830416691e-08
3.3077566505990835e-06
-4.500804861937336e-09
-5.093794398314342e-08
8.617512056680276e-09
2.174311239681783e-09
-4.8628334207758265e-09
0.0
1.5750411067954595e-08
0.0
5.525381355796134e-07
1.94892830810672e-05
-6.298446010891915e-12
2.00516581330538e-05
0.0
0.0
1.5524588059276037e-08
4.866646541076246e-09
1.9334106364926884e-08
0.0
6.792666225668168e-10
0.0
0.0
0.0
0.0
-2.869961754449178e-08
7.023108385840489e-10
0.0
0.0
0.0
6.32203788753281e-08
2.866657098085676e-08
9.951557914196138e-09
0.0
2.2508586507415428e-08
1.3876973173926983e-05
1.387697317392699e-05
9.789955069327509e-09
5.626853709297858e-10
6.235900610125504e-07
8.358996409455183e-05
9.979621378591074e-09
2.230007841144349e-06
9.984209869527266e-09
0.0
9.979553566953449e-09
7.904575243442615e-09
9.052203792286496e-07
9.051021838816532e-11
0.0
9.940443375172004e-09
0.0
9.943259602586382e-09
6.418409582466077e-08
9.588995410291832e-09
5.7866076546480145e-09
9.985599005508805e-09
2.61591249660471e-07
9.986078781360209e-09
2.0920522713280548e-07
9.986387909128365e-09
0.0
9.986685415785062e-09
0.0
0.0
0.0
0.0
0.0
0.0
0.0
0.0
0.0
0.0
0.0
0.0
0.0
0.0
0.0
0.0
0.0
1.7071477836458886e-09
9.517256077991045e-10
0.0
0.0
0.0
6.758439822674915e-08
0.0
0.0
0.0
0.0
0.0
0.0
0.0
0.0
0.0
0.0
0.0
0.0030177676961249482
0.003017415089465736
3.2353618471288474e-06
0.0
-9.954223001429341e-09
9.638770826444687e-09
9.484093183217654e-09
0.0
6.81067164739158e-11
0.0
0.0
0.0
0.0
-2.629386272839755e-09
3.393894734852093e-11
2.2933679782420864e-11
1.3452332791420053e-06
9.018630804069298e-09
0.0
0.0
0.0
9.394858363550771e-09
0.0
4.1662671704116396e-11
9.78846374359811e-09
0.0
0.0
0.0
0.0
1.7402177292612527e-07
0.0
9.959768511660916e-09
9.383946777173754e-09
1.6543203826312134e-10
4.548721156683033e-10
2.6381527918583317e-07
4.384215998290917e-18
0.0
0.0
3.857086816396534e-08
8.287983412472307e-05
1.6969815348150354e-07
2.040335864133291e-07
0.0
0.0
5.3550697941864824e-08
0.0
0.0
-9.191262791770523e-09
-5.369570718914479e-09
0.0
0.0
0.0
2.5317072075260926e-07
0.0
0.0
0.0
0.0
7.790738271586864e-10
0.0
0.0
0.0
0.0
0.0
0.0
0.0
0.0
8.704306048393914e-09
5.997669563209754e-09
5.789229279328923e-09
0.0
0.0
0.0011091344901150706
0.0
1.7659980992780818e-09
0.0
0.0
2.696374499728096e-07
1.280670726227217e-07
1.9329139394731447e-08
4.6968863863269015e-08
0.0
2.0554024086223224e-08
0.0
0.0
-3.821692073804721e-09
-2.6293850468781486e-09
1.1401680651829301e-09
7.507855070561994e-09
0.0003814062882275204
0.0
0.0
1.173593843824856e-06
1.1150063429673362e-07
4.751032234331261e-08
1.090171126460611e-08
3.576335695541604e-08
3.621420164927805e-08
1.5203311697907823e-06
1.253448285783311e-07
9.308326548787549e-09
0.0004945006220738942
-6.4900481578758674e-06
-0.0008694925963627087
0.0005848506448210411
0.0
-0.0003749821572851832
7.986015325770997e-08
1.1050592271306393e-08
0.0
0.0
0.0
0.0
0.0
0.0
0.0
1.1050590561381137e-08
6.556545554169976e-10
0.0
2.0777480748425215e-08
0.0
3.962962861692054e-08
0.0
3.998006606440501e-08
0.0
2.7076267559547354e-09
0.0
1.3505460976291987e-07
0.0
2.715625597277603e-09
0.0
1.09795408393306e-08
3.8119270423580675e-08
3.1547353002292066e-08
0.0
1.2573736188849772e-07
0.0
0.0
9.889776778765347e-09
2.4330711686410054e-18
0.0
0.0
0.0
1.695214679982147e-08
-1.6413912550655978e-07
0.0
1.8157398536260375e-07
0.0
0.0
7.090569064097149e-10
6.295955378265918e-08
0.0
0.0
2.7836134493352196e-07
1.2530835728060534e-07
2.9115926709886624e-08
3.3406660129698334e-08
2.4410873230239324e-09
2.0014500695240693e-08
0.0
1.0060237835726797e-07
4.741316821338072e-08
1.2946010818651292e-08
6.381894014737029e-08
4.697139896327766e-08
1.529853492425262e-06
1.347956951527873e-07
0.0
2.201980185728803e-07
0.0
0.0
0.0
0.0
0.0
0.0
2.7587158108881185e-09
0.0
4.621438142404768e-09
0.0
5.395237306240242e-10
0.0
2.8669214931159024e-08
0.0
0.0
0.0
0.0
0.0
0.0
-5.9462834656187624e-09
0.0
0.0
1.3334866696689751e-08
0.0
7.789687374317716e-09
0.0
8.179805653939759e-08
-7.592271351348351e-07
0.0
0.0
0.0
0.06683936948176483
0.0
0.0
0.0
-9.862597911847334e-09
0.0
0.0
0.0
0.00020125747369711603
1.752866302916151e-08
6.430308335322678e-12
1.3234947412091767e-09
-0.21337931982994163
-0.0030023344308304028
3.4082318078064854e-07
0.0
4.1701062703895626e-08
0.0
6.880701832697809e-09
0.0
0.0
-5.476003678284158e-11
-5.4760033915635055e-11
4.552145717611266e-08
0.0
-9.22386710105116e-09
-5.743097467892756e-10
0.0
0.0
0.0
0.0
0.0
0.0
-9.439951679721115e-09
8.290402220108285e-05
9.898779289472003e-09
9.898776144037433e-09
0.0
0.0
-1.310824702939861e-07
1.59984947659754e-07
9.931835122853734e-09
-0.0030022837676195735
9.627845187979911e-09
4.0400245581559417e-10
1.225618442846077e-08
0.0
1.196956133982206e-07
0.0
3.3658341491641586e-09
1.7496697851074549e-09
9.621923487556543e-10
1.2771013263451105e-09
0.0004945006220726362
4.784621498609032e-10
0.0004945006220729495
9.70392516607065e-09
0.0
1.196956128604291e-07
0.0
3.3658337341940307e-09
1.74966960153937e-09
9.621920338584209e-10
1.277101127639767e-09
0.06683936948176612
0.05357425777478575
9.921984524143997e-09
0.0
2.735855476236962e-08
2.0790914820061758e-07
0.0
0.0
7.119119403427861e-10
3.291959966725726e-07
-2.3971214797424006e-08
2.2255747665758185e-08
2.2055035607290063e-07
3.024933416914311e-08
6.254016884238173e-08
8.361929408486377e-05
5.206839315206133e-06
3.5610389034513764e-05
1.9173079301740272e-10
9.410672648686396e-09
7.321370730792422e-07
0.0
-2.510461735617746e-09
0.0
7.36411540474591e-07
0.0
0.0
3.2179405687318758e-06
1.0014056759363092e-06
8.179805602601056e-08
0.0
0.0
0.0
9.805419643823182e-09
5.288445115709876e-09
0.0
5.288443968096276e-09
0.0
0.0030873655052495435
0.0030873655052520658
0.0
0.0
-9.873295692927912e-09
0.0
0.0
0.0
5.95947486862992e-08
0.0
-5.441009180458561e-09
0.0
-9.345196138868727e-09
0.0
4.170531866378963e-09
4.0999486265128605e-09
0.0
0.0
0.0
6.896371870284174e-09
0.0
6.8963718731140555e-09
0.0
0.0
1.0402108786869455e-08
1.7616714140922007e-07
0.0
1.7309996369232904e-08
0.0
1.779540723388755e-08
0.0
0.0
4.169842275771774e-08
0.0
1.681725447166053e-08
0.0003898560930709616
-0.0001948917239052193
0.0
0.0
0.0
0.0
0.0
0.0
0.0
1.668212545328763e-08
1.1356779617391174e-08
1.1786889660751648e-08
1.5738208912620461e-15
0.0
0.0
0.0
0.0
3.5245738762703347e-07
-3.5245738559794206e-07
0.0
0.0
0.0
7.412440541340094e-16
7.421276590523925e-16
4.7974978384107916e-09
0.0
4.797497842783568e-09
1.6515728730199486e-11
-9.896834393091744e-09
-1.9503464595074793e-08
0.0
0.0
0.0
0.0
8.997379332843649e-09
0.0
9.532865480907532e-09
1.966738154821518e-08
1.1356784624169976e-08
1.1356783264874492e-08
1.6512505456990917e-11
0.0
0.0
0.0
1.2256188145984088e-08
0.0
9.649613298940679e-09
4.2530818892718656e-10
0.0
0.0
0.0
-1.5732756080983484e-15
5.808516937317329e-09
3.152643588588652e-08
1.22916004254887e-08
1.1356782120703506e-08
0.0
0.0
2.7087713604559723e-06
2.699383025118802e-06
1.6972224824188807e-10
0.0
0.0
0.0
1.6142612327595217e-06
0.0
0.0
1.650426719479986e-11
1.6508685458791504e-11
0.0
1.44811690624955e-05
0.0
-9.386230616851101e-05
0.00022948716972643438
0.0
0.0
-2.030748830362357e-05
0.0
0.0
3.244529697358761e-09
0.0
-8.962733695082499e-09
0.0
0.0
3.796098196559312e-08
5.7832577480594225e-09
0.00019490903909742628
9.7058359929048e-09
3.4787221301480334e-10
4.803336111148801e-10
4.803336082415628e-10
9.570479527762545e-09
0.0
0.0
-9.778836617085722e-09
0.0
7.305519000683705e-08
0.0
0.0
4.17053603948258e-09
4.170533931280582e-09
0.0
0.0
4.9933836640069375e-09
4.9933836640069375e-09
-8.399808995931957e-09
0.0
3.5245738514046386e-07
0.09179282642598503
0.0
6.294703957473661e-05
-6.2928693147748e-05
0.0
9.618364391416389e-09
3.9477725018575655e-10
0.0009016288338332967
0.0
3.0153988204030435e-07
0.0
6.919826483130343e-10
2.570808680533917e-07
0.0
2.69828680959839e-05
2.805545850248217e-05
0.0
1.0934107261436739e-06
9.841642167884856e-09
9.016245146876396e-09
-9.016245148597314e-09
0.0
0.00019492144015055926
0.0001949100692673683
0.0
0.0
9.827174359046247e-09
1.9680296356026113e-08
9.872463566161331e-09
-6.434802350093577e-10
7.351427766729854e-08
9.016245143323687e-09
0.0
9.618311698911669e-09
7.305083662723085e-08
0.0
0.00029220299770393686
0.0
2.9399262905252966e-07
1.6717306264770007e-08
0.0
0.0
0.0
0.0
1.7513005351059308e-08
5.290094635094675e-10
-9.053741001699422e-09
0.0
0.0
8.544704348640362e-11
0.0
3.745348961437012e-10
9.59772852512919e-09
-1.4739052563813653e-09
2.528776139384418e-18
-5.80851693512182e-09
0.0
9.864688322746133e-09
5.5585325455322414e-08
6.507000832745573e-08
0.0
-6.081440418522627e-14
0.0
0.0
3.08484053798439e-09
9.846247656455011e-09
6.178066080889441e-10
-3.225998202020594e-08
7.733150601309537e-17
-5.40416584931527e-08
-6.388790599681674e-08
5.015008846967365e-14
0.0
0.0
0.0
9.084683949377566e-09
9.084684217010235e-09
0.0
-8.591484732649019e-09
-9.533960824075838e-09
8.70428798606908e-09
0.0
8.69748074201954e-09
0.0
0.0
8.704287400458847e-09
8.854756907912159e-09
1.698325279424876e-10
1.0782110406522938e-09
1.737618976133693e-08
-1.9459526053373396e-10
0.0
0.0
0.0
-6.460808025886954e-09
2.610446616932583e-08
2.6104463638566163e-08
0.0
0.0
-2.298834914595438e-09
2.610446067211954e-08
0.0
0.0
0.0
8.704299048417764e-09
0.0
2.610445921676528e-08
2.6090790188882634e-08
2.7134874551481126e-08
0.0
0.0
0.0
9.912799473626999e-09
2.6097623953319295e-08
2.6104457328442746e-08
0.0
0.0
0.0
9.277108086406453e-07
8.179805677442141e-08
0.0
-4.228338337450288e-08
-5.0394226637169093e-08
2.6381527755169983e-07
-4.434375639073847e-09
0.0
2.479199224295746e-07
0.0
0.0
0.00013257801909625691
-0.0001325384329096357
9.889968356543836e-09
0.0
0.0
0.0
0.0
0.0
0.0
0.0
0.0
0.0
2.479199175691129e-07
5.880470706506267e-07
9.976869695844937e-09
-5.78070196078544e-07
9.979615356314753e-09
8.335251163789756e-05
0.0
1.0610773475539815e-08
9.98099716433996e-09
-6.114619675845337e-10
-1.4036523518951997e-06
0.0
0.0
0.0
0.0
0.0
0.0
-9.839769334697495e-09
0.0
2.2498567287225087e-07
2.196835815118713e-07
0.0
0.0
