0
2.167079250220754e-09
1.8392801045959824e-07
0.0
3.2290570498918535e-09
6.395488048465849e-06
0.0
0.0
0.0
1.8843773789215207e-05
0.0
8.368173179834859e-09
1.204083568327143e-07
0.0
0.0
0.0
0.0
0.0
0.0
0.0
1.178927299257145e-09
0.0
0.0
0.0
4.402102701202925e-09
1.0622470984970111e-05
2.0415786285124275e-09
0.0
0.0
1.1789272992571456e-09
0.0
0.0
0.0
0.0
0.0
0.0
0.0002123848221195496
9.77356255924339e-09
9.749450124482525e-10
0.0
1.78126005191644e-08
0.0
0.0
0.0
0.0
0.0
0.0
0.0
0.0
0.0
0.0
1.0117063749162384e-21
0.0
0.0
0.0
0.0
0.0
0.0
9.454919827841815e-10
0.0
0.0
0.0
0.0
1.0414867616940819e-19
0.0
2.7739343025957485e-10
0.0
3.474193014511643e-09
0.0
6.811727853099647e-20
0.0
3.2290927898612747e-09
0.0
9.442586692798835e-09
1.0130675862269917e-10
5.309804287615761e-12
4.665992866942402e-10
4.2114320554077444e-20
0.0
0.0
0.0
7.857740835094549e-07
1.0130553869196722e-10
3.0420768062872197e-22
0.0
0.05744970250703002
4.887240974142979e-13
1.4969040507640151e-06
9.476073341444639e-09
0.0
2.2068456707967106e-09
0.0
1.547054662669637e-10
0.0
0.0
6.686057035069711e-09
7.414862283061074e-10
0.0
0.0
0.0
0.0
0.0
0.0
0.0
0.0
0.0
2.5117733062860736e-09
0.0
0.0
0.0
0.0
0.0
0.0
4.041254310278029e-09
0.0
3.042290919165814e-22
0.0
0.0
0.0
0.0
0.0
1.59678166484116e-07
0.0
9.743235809005122e-09
2.0656998033486538e-08
1.6386039846456935e-09
0.0
-1.7451103933392442
1.7451103260487084
9.809699518371349e-09
7.2054613880870884e-09
0.0
3.3073672159288176e-09
0.0
2.205219769257702e-09
0.0
0.0
2.207078945575042e-09
0.0
0.0
2.315862416758212e-09
1.6260379305671384e-09
6.631052232952274e-10
5.796250359519079e-09
0.0
5.152772463273153e-10
0.0
0.0
0.0
2.4434987819394297e-10
0.0
1.6792155648474343e-09
0.0
2.4924851943158457e-09
4.076757864820798e-09
5.8629660651108e-09
8.204186876167937e-09
5.3938011188903796e-09
4.1332045877958355e-09
0.0
0.0
0.0
5.1822180073475564e-17
0.0
-0.013144485190527744
7.212995617345232e-07
2.704451166150208e-09
2.8532367989180897e-09
7.51814357158879e-09
0.0
0.0
0.0
0.0
1.9064632230946697e-08
4.820701096620401e-05
0.0
0.0
0.00012837092336019068
0.0
0.0
0.0
0.0
0.0
1.4893926742714224e-09
0.0
-1.7439949411359255
0.0
0.9332525878572273
1.170178650578332e-08
1.3592790850142272e-05
0.0
0.0
2.8386442314342485e-08
9.748243646640563e-09
2.938584253328069e-21
2.191134882389728e-07
0.0
0.0
0.0
4.372648742341795e-06
5.5096028566121056e-08
0.0
1.091069637964832e-05
0.0
0.0
7.897260529789072e-09
3.798912835348278e-09
0.00018220885535341941
9.65144865977843e-13
0.0
3.971563027098156e-09
1.0932821847604971e-05
2.8293456536228558e-08
2.6584197987846568e-05
9.861942467995446e-09
0.0
8.924859104604218e-09
6.078877944806683e-09
1.1718281902819603e-09
0.0
2.8891689343057326e-09
3.751509388998402e-09
0.0
1.8758727050890282e-09
0.0
1.7524561213018233e-09
5.703005029322413e-09
3.5665684319769607e-10
3.2290592976023916e-09
0.0
9.900533368590886e-09
9.758726914848127e-09
9.747729166384322e-09
1.68839240223366e-10
9.247082236071682e-21
4.995877935514246e-09
9.893863501727982e-09
1.3454875001016288e-11
7.39675742540746e-10
2.6839718403849828e-12
9.563435694761957e-09
0.0
0.0
5.624367725110753e-10
-0.0004895864150123168
6.283596622930524e-12
0.0
0.0
0.0
0.0
1.4500245127594678e-19
0.0
-0.4887789591099838
1.4484689129993488e-23
9.839593512868624e-09
9.904656567773958e-09
0.0
0.0
0.0
1.5574263613927745e-08
0.0
7.517398806860434e-08
6.966039786518627e-08
-0.0005515995980132672
9.773696910026408e-09
9.414237483675725e-09
0.0
3.2240019803830084e-09
1.3195411103575837e-09
0.0
0.0
2.538835137588193e-10
0.0
0.0
0.0
6.8354594995978e-09
0.0
1.0698129401740259e-10
0.0001595794068139349
3.499551628755254e-09
6.614013407108603e-20
0.0
2.2736698395461655e-09
7.396757425407475e-10
0.0
0.0
0.0
9.762966361094794e-09
0.0
7.049862621654635e-19
0.0
-1.3648971043653257e-05
0.0
0.0
6.931532128046599e-09
9.63652141620941e-09
7.920706555536408e-09
4.082331743170187e-09
9.51401374630527e-09
0.0
2.1710458625757346e-09
0.0
0.0
4.529811237943273e-09
0.0
0.0
4.17539083471005e-09
4.49869116389463e-10
0.0
7.414862220183301e-10
9.327924217324466e-09
9.556064242486428e-09
0.0
0.0
0.0
4.808711265908095e-05
5.104499037443226e-09
0.0
0.0
0.0
0.0
0.0
0.0
0.0
0.0
0.0
0.0
0.0
0.0
0.0
1.8662093397517e-09
0.0
6.632685711627901e-12
0.00031626173832088894
5.036067565589053e-06
2.006914271614196e-06
4.006309369622683e-05
0.0002021037577370898
0.0002254310665670366
0.00023399381062425933
-1.8843773789215248e-05
-1.884377378921526e-05
0.0
0.0
0.0
0.0
5.211546335052608e-10
4.844205525307157e-10
5.19029606020838e-10
3.941626931366544e-10
9.93914733234932e-09
4.845946081861029e-10
9.847666210369504e-09
9.938971271941186e-09
9.976127443968983e-09
9.973978062467155e-09
1.0101107387481813e-10
2.35447151364421e-06
3.496409959865973e-05
0.00017081412744635095
1.8423696966284955e-07
2.43331403625726e-05
0.00037254859992031346
3.9291359007820495e-05
0.0001972390160925431
4.854731681636112e-05
2.157831020408478e-05
0.00023181369588509782
1.0668371679271264e-05
1.688488099872313e-05
1.3429845105646565e-05
0.00016409754389621134
5.379996654151145e-07
2.1580479911304944e-05
0.00023172710864066532
4.361145689523722e-08
1.687764760355083e-05
1.3429082392608145e-05
0.0006248323578501186
0.00020207153651581697
0.00011116541160002068
3.410878514076141e-05
0.0001941885458053424
0.0003534544199864384
1.977349205817e-06
3.0618632934768226e-05
0.00020207241349705593
7.560422641729823e-05
3.41036186135428e-05
0.00019388055762638808
0.00035345360176525264
2.832476939040276e-07
2.289368582026322e-08
6.681659173927224e-10
9.952625307958636e-10
0.0
0.00041025241105287045
0.0
1.062247098497028e-05
5.220447559636478e-10
4.898440146196565e-10
5.200827878797819e-10
0.00011635807884595333
0.0001398580112935161
9.225619968595475e-05
0.00019617045115467876
9.225619968661144e-05
9.30201973856853e-07
9.223675529601085e-05
1.037436847904684e-05
2.9949901310686276e-05
0.00011066372069602874
0.000110663720696686
0.00011066372069734315
0.0
0.0
-1.0616497933934456e-05
1.0622470984970179e-05
4.425590458640064e-20
1.9724693667453877e-08
1.9883428472130336e-08
1.9953155209078036e-08
1.994902137747649e-08
0.0001163580788457891
0.00013985801129335186
9.225619968579055e-05
0.0010373367957925844
9.225619968644731e-05
9.204906688353558e-07
9.223675529584677e-05
1.0374368478882807e-05
2.9949901310522243e-05
0.00011066372069586442
0.00011065391267114414
0.00011066372069717889
0.00011635807884562483
0.00013985801129318763
9.225619968562629e-05
0.00103733679579242
9.225619968628314e-05
9.302019735285968e-07
9.223675529568264e-05
1.0374368478718718e-05
2.9949901310358156e-05
0.0001106637206963574
0.0001106637206970146
0.0
4.489114248092527e-05
5.016024295191496e-10
4.231856262125523e-10
1.1789272994293971e-09
0.0
0.0
4.2860935012946594e-06
1.2373420798364597e-08
0.0
5.143070028061937e-10
-4.394630593542301e-06
0.0
0.0
1.8392801079287823e-07
3.0280766805567247e-09
0.0
0.00042207235133285095
0.00044932923808527
0.0007482023011633714
0.0019453353015139142
0.002794934066165989
0.0007326703803768294
0.0008638453008857049
0.002556780956049577
0.00040657905945641674
0.00015956890912126673
0.0005256351282104341
0.0
0.0
0.0
0.0
0.0018500438197006604
0.00018044662574334157
0.00010345961300198606
4.5691777835971263e-10
0.0
0.0007867232428729826
0.0007867069762248612
0.0007867163852674766
0.0007810217009970475
0.00066527334467635
-0.00023370667848714773
-6.654879378229731e-05
4.030501047304217e-05
-3.209195788473016e-10
-3.2091957884710705e-10
-0.00023921996627676231
0.0
0.0
0.0
0.0
0.0020123691864216285
9.422722022442526
0.0
-8.300048324797264e-09
0.0
1.9245875332533315e-08
0.0
0.00028661249441435944
0.0
2.892732826764639e-08
2.2989315230412027e-10
0.0011495196896275047
0.001149519689627504
4.938260010125338e-08
-2.061228489922038
1.0915553337897715e-05
0.00028661201896746985
0.0
9.70611028829056e-09
2.5425904576872654e-10
9.29956884337555e-09
9.29956884286785e-09
7.430386246749333e-09
0.0
7.430386247272495e-09
-0.0007867134693106109
-0.0007866971445932399
-0.0007867163852676665
-0.0007810217009972366
-0.0006652733446765391
0.00023369679015989957
3.0853444596120726e-05
1.0364528885897797e-05
-1.600417908341152e-06
0.0004936309676282094
0.0
0.0
1.0512848058586346e-15
0.009083692286651636
0.00908370214083995
-0.0004936309676282086
0.0002370215803414219
0.00018143725544132077
1.4657072539162953e-05
0.0006855374188567947
0.0015799654015849081
0.00024578919301176526
0.0007160744403125197
1.0511300742872706e-16
2.068616525316492
6.014730047354533e-09
0.0
-4.784156541271235
4.783944156449116
-0.00021238482211954963
0.0
0.0
0.0
0.0005897163588188739
9.977514731676029e-09
9.977514727524509e-09
1.6459651748976967
0.37223196767900557
7.655428211326715e-09
0.0
0.00012366547152348957
0.00027983133199640836
1.1954756605316662e-05
5.045418701921657
-5.04541866201415
9.977229977077222e-09
0.0
0.0
9.92789580777722e-09
9.929657485456322e-09
3.676906827732689e-05
0.00010897658889595068
0.00034067811174120073
0.0008532375694352895
0.0020026139925981325
0.0008532375694352855
0.0005732803522221451
7.731311954486004e-05
4.486881270937257e-05
0.00014455397507427112
0.00022178309274163016
1.617497593389176e-05
0.0
8.40018776120591e-08
0.0001274075475620956
3.689070598021898e-06
1.994804840963611e-05
0.00013835967372655505
5.956716055023145e-06
0.0
4.487157824780216e-05
5.161914067893733e-10
0.0006708762786608525
0.00012238696242444075
0.00021607619295828718
0.0002807398718205029
0.0010232440415223899
0.0004332041490926639
4.6554717049785855e-05
-0.0011495196896275052
1.004264663834437e-21
6.3954880483888015e-06
0.002002831243012088
0.0020026139925981247
-0.0020026139925981255
0.007207284159214674
0.0
0.0
0.0005610591239514866
0.00013923248685944958
0.0007084189302529126
4.953811234320794e-10
0.00011389960582722799
4.69728107731918e-05
4.37499312031954e-05
-3.6597718214625985e-05
8.13170755515767e-06
0.0
0.0008540416159764517
13.124667797513334
-13.679279312387749
0.5537574831194674
9.86103352358505e-09
0.0
-1.1131873965449006e-08
0.0
0.00021550052471065156
0.0006121774253876404
9.709763873184012e-09
0.0
0.0
0.0
0.0020028588753770488
0.0020028588753770453
9.97187134584444e-09
9.971871342463084e-09
0.0
0.0
0.0
1.8215854409698348e-09
0.0
0.0
0.0
0.0
0.00014825028351995174
0.0
3.696308445792269e-06
2.983961070418887e-08
0.0
0.0
0.0
1.7136496536888923e-08
7.4303862478999845e-09
3.2290570381219456e-09
8.620355650531435e-12
2.1668993010499005e-09
0.000387932318991188
0.000149467492983079
9.944993112877637e-09
5.221365697025837e-10
4.3493591676940587e-10
0.00028660271939862596
1.090438528149214e-05
1.0904385281490545e-05
0.0005256351282104326
3.2290582354816637e-09
0.0005342673997874029
0.0005342673997873946
8.181261092291123e-18
3.8504883241306904e-16
6.57996405917234e-05
6.269436855159912e-05
1.333513623862152e-05
9.866552664897162e-05
0.0010229765719855244
0.00023797782183201366
4.656359272424815e-05
0.00017122193974969833
0.00011874288688972141
1.321936300541174e-06
0.0005868718922078228
0.0005569888295993833
7.811371179751239e-06
0.0006695108475882713
0.0
0.0
0.0
7.124952143388387e-05
2.4221216073439367e-05
5.0317938743506255e-05
0.000291577352501659
0.00029157762989508927
0.000291577352501659
0.000291577352501659
0.000291577352501659
0.0
0.0
0.00041911828756319955
-0.0003213987189815988
9.771802132522048e-05
0.0
-3.199729721158344e-10
0.0
0.0
3.6450646661594727e-05
9.896997299408457e-05
9.89699729940818e-05
0.0
0.00143791104699881
0.0014743488269078095
5.20917285628095e-10
-0.00013000456400435317
0.0
0.0
0.0
0.0020347727450011153
0.0
0.00017886441477845996
0.0018558845088814068
0.0
0.0010630557351132461
-0.0010630366542614517
4.94360269485031e-10
6.80545225299723e-20
0.0
0.0
1.0409752135806497e-05
0.00013000456400435317
0.0
0.0
0.0
1.939157739045068e-08
0.00017794742697547
-0.00327314467678904
0.0
0.0012843038014225656
3.0343008183422534e-05
0.0015103300292697583
0.0
-0.0028249675086842174
9.81731021463709e-09
6.438040087297416e-20
9.90049826423072e-05
0.0
0.00017164021494907533
0.003693916260926809
2.1725041393907439e-07
0.14831179733933775
9.782425254951487e-09
3.2967883986398467e-10
2.8696017664667713e-08
0.0
0.0
0.0
0.0
0.00034067811174131804
4.593417977147773e-09
0.0
0.0
0.0
3.2290526455693123e-09
0.0
0.0
0.0
0.0
0.0
0.0
0.0
0.0
6.705195173248609
-1.0130675862269917e-10
1.2040835689077052e-07
0.0
-6.7051951731473025
0.0
0.0
0.0
0.0
0.0
-4.692799570349911e-10
1.0622470984969534e-05
-0.0011610030685740586
0.00127039235816164
0.0
8.384333724097593e-05
0.0007987044061900151
0.0
0.000882547743430991
0.0001822123238036758
0.00022822958242702053
0.0011020209196350782
6.4971036952852786e-06
0.00108923928080047
0.0009415051885572621
0.00017197835098665235
0.0
0.0
2.586710556088948e-09
2.1011359388776663e-15
2.101972274848892e-15
2.1012923180731676e-15
2.10212149748774e-15
0.0001494674929830734
4.759756686664631e-10
3.782844389564659e-08
0.0
2.711928164613469e-10
1.9064632230831888e-08
4.816320307412615e-05
5.952559708495477e-05
4.437061105552765e-11
9.775015509446088e-09
3.22355562509281e-10
0.0
0.0028785633523395076
0.001132636598769231
0.0011318508246857214
-7.760679086832626e-07
2.6584197987846663e-05
0.0002899414208381382
4.6208206751564025e-05
0.00011461824436677571
7.270170667467942e-05
4.6804978797417475e-06
1.084380552147681e-05
5.782924098497953e-07
0.00028994142083813934
4.620820675156536e-05
0.00011461824436677712
7.27016773145454e-05
4.680475041866103e-06
1.0843805521478617e-05
5.782806418625002e-07
0.0
-1.0130553869196722e-10
0.0007349854206989094
4.903700874669801e-10
0.0009283582449209706
0.0009283582449209704
-0.05744970250703002
-0.050316244358454054
0.0009025989486103577
0.0008652201211595979
-4.887240973084188e-13
0.0017678190692812315
9.476076363174546e-09
9.47607434869871e-09
1.489179013994729e-06
1.4874271412593126e-06
1.8709038730454753e-05
0.0
0.0
3.7380656922286186e-05
3.7380656922286186e-05
3.7380656922286186e-05
3.737845007661539e-05
3.7380656922286186e-05
0.0
0.0
0.0
7.940403643483643e-08
0.0
1.3994435724701527e-10
0.0
0.0
0.0
0.0
0.0005563314223864849
7.0431394915613375
0.0
0.00032622621025334115
-7.044022049193979
5.3127106568161473e-17
7.043695823138431
0.0
0.011963070886663055
0.000734988412789628
9.948319471442696e-09
4.93662338179407e-10
1.4760283384703196e-11
0.0007287472621011029
-0.0007287472621011151
4.3435542664112207e-10
3.56953491859875e-05
2.994048158695578e-05
0.0013949452158408908
1.6680640463382567e-09
5.858698175476466e-09
3.4549131178420595e-05
-6.686057035069711e-09
3.4549117377570876e-05
0.0
0.0
6.279055663115735e-18
0.0
0.0
9.839946410317895e-09
9.839946409473215e-09
3.8653209190857586e-10
9.645372335469289e-09
0.001663352853915985
9.645372330691515e-09
1.9424101927044949e-10
0.0016633629668476146
7.079013150389079e-19
3.647506553924429e-08
0.0
0.00013385555437305297
0.00032694468542743326
3.2886046659056083e-10
0.00019307934945715898
6.642217083171345e-06
0.0001065759492049341
0.10247520935115718
0.00044975876941405295
0.0
0.0002982913880547027
4.580740002620869
-4.580739962849974
9.94247662755827e-09
0.004229302137393875
7.9007821628578e-05
0.0
0.0
3.2632741149075552e-06
1.0580923430086873e-05
0.0002860105884055769
1.9950796612420533e-08
5.209373844498185e-10
0.0004398682519143513
0.00028673836822548844
1.997223406740114e-06
0.000911634508090993
0.0015326373082321166
0.0004242191752460428
0.0008369641014825086
0.0002748214863340332
4.4297549384148955e-10
5.199301287743433e-10
9.939147333963647e-09
1.095665055676627e-07
7.955262036878769e-08
9.55101034980595e-09
-1.2040835685831368e-07
0.0010994985920746926
0.00032242956418783637
0.001252183088257828
7.931490664765765e-05
0.001104852102102889
0.0009523400392035984
0.00017981814663665683
8.117104206901136e-05
0.0
3.2290548476849647e-09
9.775015510721996e-09
0.0
4.808055409420783e-10
4.2763691072827236e-05
0.00016750708916180658
1.987689712299952e-08
4.870020694340968e-10
0.0
0.0
0.0
0.0
0.0
0.0002191147668652509
-8.204186876454132e-09
0.00010745910658351072
5.193125242397886e-10
1.994959723463439e-08
5.203692004082349e-10
0.0
1.091555333789747e-05
4.938260010010453e-08
0.0
5.603827159968958e-09
0.0
4.579648904496703e-07
1.3250687552957493e-06
8.671038648465142e-07
0.0
0.0
7.955262070957689e-08
7.955262073768237e-08
-9.24401511023451e-09
0.0
0.0
1.723751997102118e-11
1.7249459709707537e-11
1.7244066718324757e-11
-1.5567952182170644e-11
0.0
4.290858135930378e-07
8.519023050131102e-06
1.461643272086174e-06
-1.0409752135808782e-05
0.0
0.0
0.0
6.395488048459583e-06
0.0
0.0
0.0
0.00021911476686525082
5.953536005131573e-05
5.100490971693115e-10
1.9931741389913148e-08
5.119792408361693e-10
1.888160594876758e-08
0.0
0.0
2.556396677299798e-10
0.0
8.632807664799672e-12
6.238529206539485e-09
2.765966755425532e-09
0.0
0.0
0.0
0.0
0.0
0.0
0.0
3.16198637301584e-20
0.0
0.002820608290240923
0.002820608290240923
0.0
9.762216701172368e-09
0.0004836356897289377
0.0
6.208269868757183e-09
0.0
9.980891230544427e-09
0.0
-1.1591052908056264e-05
9.853318399095916e-09
3.997496395804139e-10
0.0
0.00040584784421574406
9.805764536208747e-09
3.0668427643502037e-10
0.0
0.0005093074185217995
0.00021046623303689254
1.958424381407824e-08
3.7184263380273116e-10
4.29303311840908e-05
2.5872226829725976e-09
9.588722137105721e-10
0.0
-3.795707768989514e-09
2.4111029948761204e-05
0.0
0.00013986724192233693
0.0
1.2344456797042058e-07
9.213275511814854e-05
0.00019617999386432539
0.0
9.226527662382374e-05
0.0
9.397997042612329e-07
0.0
9.224584311342704e-05
0.0
1.0383577973617246e-05
0.0
2.995921276724374e-05
0.0
6.196128402656847e-06
0.00010446759229353624
0.00011067225703895623
0.0
0.00011067225703961336
0.0
0.0
0.0
0.0
0.0
0.0
0.0
0.0007867134693105475
0.0007867069762249887
0.0007867163852676034
0.0007810217009971733
0.0006652733446764767
-0.00023370667848702197
-6.654879378217154e-05
-4.0305010472916426e-05
8.067080482600289e-07
8.136953598513166e-07
1.498726891856784e-06
1.4987268918585075e-06
2.658419798784728e-05
2.658419798784713e-05
3.2290641125738522e-09
0.0
0.00543435685878918
4.416895850997691e-07
2.663855658012251e-07
2.5050876276833062e-08
3.2290602523479754e-09
9.186149259390923e-05
3.009126656214728e-10
3.954366198897824e-10
0.0
-2.9094779203557185e-10
-1.1131873965356522e-08
-1.1131873965392106e-08
-0.0007742852081823294
6.718833523630991e-05
0.0
0.0
0.0002908229273240489
0.00014482894758774086
0.0002529697506484394
0.0003147474233375122
0.0007875394991605513
0.0002271598095199587
0.0001538694188503582
0.00011575613213236795
0.001805736576917792
0.00019725447394121503
0.0003229445049320698
0.0008364786466584364
0.0021694437073660295
0.0008538085275380883
3.5885639642300965e-05
0.00026474332791275257
5.7042200506978425e-06
7.77581141864199e-09
0.0009067565537540417
0.00036440247031875453
0.00032295439325906575
0.000827027080781452
0.002205139056551954
0.0008641730564239231
6.58261212291939e-05
0.00017807032973526647
9.535780016753113e-09
0.004080190098479534
1.4802171863125553e-05
0.0
0.0
0.0
0.0
0.002998691845840021
0.00849561336274654
0.005483155397624005
0.0
0.0
0.0
6.965577006747307e-08
0.0008729244152042547
0.006260543384506051
0.0
0.0
0.0
0.0
0.0
0.00044117346887746685
0.0002422746092795797
0.0035115273446459662
1.7451103933392442
0.0010364125994450726
0.0
0.0
0.0
0.0
0.0
5.227222717616902e-07
0.0
1.5240020626872174e-05
3.1506252878895625e-05
3.150625287889562e-05
3.1506252878895625e-05
3.150294551167969e-05
3.150625287889562e-05
0.000632732267794945
0.0010761728138288739
-1.74582588719246
4.943105227698575e-06
0.0
0.0
9.84879152523623e-06
9.84879152523623e-06
9.848791525236233e-06
9.846586305466972e-06
9.848791525236232e-06
0.00012127574330074923
2.0192878114702004e-05
0.0
0.0002829442032041394
0.0002829347804046295
0.00028309445857111317
0.00028294420320413893
0.0002830944585711126
3.118018970368405e-05
0.0
0.0
6.232295863802267e-05
6.232295863802267e-05
6.232295863802267e-05
6.23207515590771e-05
6.232295863802267e-05
0.43672551500157214
9.464407736617488e-05
0.0
0.00018928353408907217
0.0
0.0
0.001839879636506838
6.55289000913901e-05
0.0
3.3056597550643707e-16
0.0
6.148453521239762e-07
4.3715251981230346e-05
11.351557615446804
0.0
4.750231504823797e-06
8.188767028176336e-09
0.007138209842448101
0.01678127192729773
0.041715384341114665
0.0
0.0
0.0
0.0
0.0
-2.3158624248836987e-09
0.0
-1.6260379304957814e-09
1.7371991805419458e-08
0.0
0.0
0.007104029680602125
4.156087807476097e-05
0.0
0.0
0.012234000062278219
0.0
0.0
0.0
3.0447144174509477e-05
3.044714417450948e-05
0.0009937676290803273
9.273191824964559e-09
1.489106791277389e-06
0.0
5.572106734734868e-07
1.9440999329078876e-08
0.0
0.0006050766380691294
5.9692593872841966e-05
0.00020274105671966604
0.00018207434517153172
2.6746953686583423e-07
0.0001952263272606507
0.0
0.0
0.0
-0.0014866219724636682
8.26002447132432e-06
7.37191579861281e-05
0.0004538519684311066
0.0
4.1989308292535676e-10
0.0
0.0
4.118264156912695e-09
0.0
0.0
3.90296459799234e-10
9.356877288709498e-05
0.000920184503047649
0.0002642957810483501
0.0005566079744262554
0.00031830378122963283
0.0003348838937273892
0.0
0.0
5.663886888739008e-09
0.0
0.0
0.0
0.0
0.0
0.0
0.0
0.0
0.0
0.0
-5.8629660651130506e-09
0.0
0.0
0.0
1.4891790138876103e-06
0.0
0.0
0.0
0.0
2.2632881860158986e-05
1.0618604938957196e-08
0.0
0.0
9.845556702639517e-09
3.920775503794261e-10
9.833300213122816e-09
3.7996277267213866e-10
0.022588993388226897
0.0019913848367227194
1.1231322774698907e-05
0.0
0.0
0.0
1.3741706657252993e-05
0.0030222528885609605
0.00018354191670935478
0.00012904224374302517
0.0
0.0009770755724275199
0.00021422839851966126
0.00021422839851966262
0.00021422839851966
0.00021422839851965788
0.0
0.006736477525784268
0.003730225922412872
9.652751530016685
0.0
0.0035703792444304583
0.0035696579448687244
-7.212995617345552e-07
4.294077333787976
0.026170244399926986
0.0
0.0
0.0
0.0
4.320247576650213
1.4891790138700429e-06
1.4891790139080276e-06
1.4891790139312948e-06
0.0
0.0
-2.8532367989195584e-09
0.0005639832157576843
0.008423014149505812
0.0005871393039377502
0.013144493834813531
0.0
9.626581285616759
4.320247576650213
0.017077457679385774
0.0
1.9827907011818814e-08
5.041270449388848e-10
0.0
0.00026429578104834937
0.00010344970185016678
0.00014942763632255516
0.0014553588842856177
-0.01941866715653387
0.003123890026664094
0.0
0.0020026161594974166
-0.00011386919873655754
0.0013454408622864489
5.572106735716163e-07
5.572106735959615e-07
0.000900623636601022
-1.8102844630855355
1.8094298473595989
9.918963823735275e-09
7.355484546739553e-06
0.0
0.0
0.0004266850508997384
0.0
0.0
-9.546223177464812e-09
1.9440999329163463e-08
2.2651930570757745e-10
0.00023253926560930907
0.0010640923363227418
-0.00012837092336019074
6.649365099113333e-09
0.0
0.0007742700956116031
7.353252512600395e-06
0.0
0.004320249900135107
0.0009468455749333859
0.0009340677121558097
-0.013827675942032972
0.013827682680329039
6.73829607042431e-09
9.990761384437693e-06
7.378677095267704e-05
0.001797134580219667
-4.820701096620514e-05
-0.000496941347949048
0.0004480339079797869
0.0002269401195925714
0.0002770978842445504
0.0
0.019669653944273825
-0.053014617445507534
0.033344973392082186
9.890848479494707e-09
0.0
5.956716055011601e-06
5.956716055002382e-06
5.9567160550060465e-06
0.0030907322584300444
0.004770520293215521
5.201910171468287e-10
0.003882786783477837
0.0035652868761269184
0.0
8.293535943549908e-18
0.0
1.8357605487924225e-08
9.186119168124285e-05
0.0
0.0
1.1039944764529609e-08
0.0006317734251549397
5.586011399704865e-06
4.118264156834491e-09
0.0
2.5428083657104906e-10
0.00034971663683357076
0.00087107427837428
3.9901120836420756e-08
9.976946380163554e-09
0.0002174099143809852
0.00021740991438114077
5.258644636424749e-10
0.00034970729394653887
0.0
0.00014945756255405106
0.00014942053039091783
0.0
5.074099969145188e-10
0.00014942763632256063
0.0
0.0
0.00022331907840440686
0.0003523613221474279
0.00012151770897423725
0.0
3.304946296821076e-05
0.0015583449424547652
0.00016408405298210936
0.0
5.205986811272458e-10
1.8423982720960214e-08
0.0
0.0
2.195778661697424e-09
-2.229444994074384e-09
-0.9332526063614788
-0.07199306996577193
0.00032702905627791316
1.3592790850138254e-05
-1.3592790850140927e-05
0.0
0.0
0.0007867036376785851
0.0007867069762249254
0.000786716385267539
0.0007810217009971109
0.0006652733446764134
-0.00023370667848708442
-6.6548793782234e-05
-4.030501047297928e-05
0.0
4.436816536745336e-11
0.0
0.0
0.005285385377127803
6.3922007672461015e-06
0.0
0.0
0.0
0.0
1.4891790137058614e-06
1.4891790137722718e-06
1.4891790136655746e-06
1.4891790136801176e-06
1.4891790137334662e-06
1.4891790139574116e-06
0.0
0.0016172356086614635
0.0031579583759354614
0.00041338359303100177
-0.00017806092069290463
3.866899003449511e-09
0.0
0.0
2.1725041395465564e-07
2.1725041395415038e-07
0.0
0.0002180513067383077
-0.00021827042022654612
-2.191134882387057e-07
0.0
0.0
6.965133411056997e-08
7.045246697055802e-15
0.0
9.498414924007109e-09
0.0
0.0
0.0
0.0
0.0
-0.0006879049147663352
0.0001612552585698945
0.0005266496561963411
-0.0001299250113836175
0.00012989803473306084
3.6475065481826074e-08
2.1725041395338662e-07
2.0425609255669978e-05
9.409042361881958e-09
8.668240721984786e-05
0.0012194870311193584
0.0
0.0
1.384160746949987e-08
0.0003317794223990503
9.968646352831456e-09
9.96864635954504e-09
1.7439949654988744
1.1262705085381449e-08
0.0
1.504278647465509e-08
0.0
1.5042788999116217e-08
1.504279151989249e-08
0.009057690436801116
-6.960457388009711
6.960457845991861
4.579648904501115e-07
2.6011704038830075e-05
3.449113587173145e-08
-0.00019221963082526787
0.00019659695981339855
-4.372648742341802e-06
-4.372648742341798e-06
2.1725041395261593e-07
2.1725041395313609e-07
1.0904385281493207e-05
-4.938260010026868e-08
0.0
4.2992919774083436e-08
-8.846441383913358e-08
-4.550275587385676e-08
-0.0020028312430120914
0.0050730510294624415
5.146089706361184e-10
7.172292691749648
7.172281781053268
-1.0900925957920549e-05
0.0
0.0005838228784041008
0.0003896371763461702
0.0
2.5536167049216627
-2.5536166849827073
9.969448808521786e-09
4.917613145928097e-09
7.246473254388588e-09
1.0923961896786606e-05
-1.0923961896787404e-05
-1.0923961896787404e-05
1.0923961896788292e-05
0.0
0.0
0.00018220866127981612
0.00018220866127981614
-1.0915553337900036e-05
4.938260010113604e-08
6.721140717440937e-05
4.345231352129067e-05
0.0004220723513328508
0.00042207235133285084
0.0004220723513328509
0.0
0.001117789016296946
0.002120347036832683
0.003238139852042464
-3.798912835348278e-09
1.5123257468104583e-05
0.0
0.0
0.0
0.0
0.0
5.167686194219082e-09
0.0001138896616115323
4.896052586934356e-10
9.944215694349689e-09
4.928301104940667e-10
9.947477666180603e-09
1.8852549817204835e-05
1.5118150210174087e-05
0.00011390955330489554
1.5116342839728851e-05
1.8852549817204777e-05
0.0
6.285348878786757e-07
0.0
6.096970026236151e-07
0.0006982089597623856
9.244106207706103e-05
1.0923961896785561e-05
0.0
1.2710172622724138e-05
-2.3642994470328902e-05
-1.0923051386842933e-05
0.00022694011959256517
2.6584197987846852e-05
0.0
0.0
0.0
0.0
9.547878196275098e-09
1.9184825911424574e-08
5.132122955401258e-09
9.861902744173716e-09
0.0
-4.0827426786259396e-10
0.00021029158615951926
4.117695971432735e-05
3.943108781652634e-05
9.718141255959048e-06
0.00028043953857314344
0.0009879691966641646
6.066450404748666e-05
1.5989270648162547e-09
0.0
0.0
0.0
1.5287355512613226e-08
2.4368177741322945e-09
0.0
0.0
0.0
0.0
0.0
1.0296559851467709e-08
7.739992267831041e-09
0.0
5.576678994373855e-06
2.3544715136439153e-06
3.496409959865938e-05
0.00017081412744635057
1.8423696966243676e-07
2.4333140362572187e-05
0.000372548599920313
3.9291359007820014e-05
0.0
0.0
5.842493245272704e-09
5.385857735829491e-09
0.0
0.0
0.0
7.1425512120593e-09
7.92602834004178e-09
0.0
0.0
9.451801721611692e-09
9.458374846358887e-09
8.75490030855791e-09
3.31486147475435e-05
4.801724317928549e-05
0.0
8.12013866969969e-08
1.063421202409684e-05
1.6691770017603986e-08
9.517613345855795e-09
0.000594206582364138
0.0
3.556702767596621e-05
1.0552384952739235e-08
2.9853637723218535e-07
0.0
1.685346611603833e-06
1.159105290805543e-05
1.2040835733387572e-07
4.182765301787509e-17
0.00037619920582427887
0.0012668906223770396
0.0016432035734255852
0.0
0.0
0.0
0.0
0.0
6.881182508258616e-05
3.2290678802326594e-09
0.0
0.0
0.0
0.0020141583637262707
1.0842021724855044e-19
0.0
0.0
0.0
0.0
8.469659936671778e-09
8.469659936608003e-09
0.0
0.0
8.989039143055723e-09
6.046612522560226e-20
8.989039143187802e-09
0.0007403421344379139
2.8892519774968313e-05
0.0007692358260410725
0.0
0.003205794805270299
0.0
0.0
0.0
0.0
0.0
0.0
0.0
7.555334488517366e-09
0.0
1.791255417711705e-05
1.791255417711579e-05
1.7912554177117238e-05
0.00201236595766297
0.0
0.00012576404541404874
1.6506269479432652e-05
0.0
1.9509993039391537e-05
0.0
1.040946379838096e-06
1.0900282660497278e-06
0.0
1.9501376546745954e-05
0.00010620511511402346
4.9081886431870785e-08
0.0
0.008236178083269041
6.115153446255018e-05
0.001292905018795598
0.002027637280379878
0.0053302764607860145
2.5857878927351342e-09
2.5863005371660726e-09
6.103902131352296e-05
6.103937796989155e-05
0.0
-3.2290592857458676e-09
-3.2290592723241607e-09
2.587017940193104e-09
6.579612594535994e-06
3.618092485607639e-21
0.0
2.6892220166816363e-10
2.7980177603339493e-10
4.965621138806544e-08
0.0
-2.953884544062921e-10
0.0
-3.0625737724696223e-10
0.0
0.0
6.611220402937903e-16
0.0
-4.464217643758279e-10
-8.134726981883651e-07
-1.6883924019626094e-10
4.453429930245794e-08
7.784769792722356e-07
1.2364799626071107e-05
3.0645496313758995e-20
1.791255417711687e-05
0.0004064512987017484
0.00040645129870174845
0.0
0.0001062051090806574
3.991434157811392e-09
0.0
1.779679460108783e-08
1.6513264068974433e-05
1.651326406875217e-05
0.0
0.0
1.2954886495541488e-08
0.0003133262320579233
6.95926855622853e-05
7.235016876094726e-05
2.0587467042441957e-05
0.00010618220933573009
1.6531074276644065e-05
0.0
-0.0003133509975537707
-6.961369114071356e-05
-7.235992951612316e-05
0.0
0.0
-4.398283506051021e-10
0.0
0.0013320264903842107
0.0013320347710719725
0.0001357054873745007
0.0
0.0
0.0
0.0
-1.3454875001016288e-11
0.0
0.00021029158615951994
0.00021029158615952013
1.4891790138129382e-06
0.0
-2.683971838690917e-12
0.0
0.0
0.0
9.762216698185073e-09
-0.0026999911235167763
0.0
0.00014330047791084603
0.0
0.0
0.0
1.0622470984970248e-05
0.0
-1.1328631259070358e-10
0.0
0.01105667724260961
0.01105667724261027
4.965398795576144e-08
6.39548804846376e-06
9.542362173065198e-19
0.0
0.0
0.0006558887219992982
0.0
0.0
0.0004218194585419158
0.000747269604639209
0.03032648544819661
0.008304738463398353
0.03678076631996441
2.1479655644684363e-05
0.001146415822240656
0.0005255457919659823
3.6769068277322855e-05
2.8155793720529873e-06
2.643121883324728e-05
0.0015371756924583246
0.0005255458008826929
3.6760894092864545e-05
0.00010950660747013476
3.67767148169588e-05
0.00018406718171988602
3.295547367307176e-05
4.6701956339587705
0.0
0.3781796943480362
0.0025029539097426185
0.004234703910281916
0.0004073369509963391
0.0002313456897011162
1.7633030364067352e-07
0.00011527305556941095
0.0003621427141405243
0.0004895962414670774
0.0004895610961106878
0.0
0.0005029869812426636
0.001162504862421448
-6.283596622930524e-12
0.0013084065836213162
0.00035708525375919865
0.0004218275872754154
0.0
0.0
0.0
1.4858947835990636e-08
3.9727700337085475e-10
3.677727901978728e-05
3.6760894092861183e-05
0.0
0.0
2.7680635816797932e-08
2.854401760619925e-10
2.2169853329668266e-08
2.1693552976987437e-08
0.0
0.0
0.0
4.2597605692192576e-11
1.4988628189672743e-08
0.0
0.0017783783535933466
0.0017783783535933466
0.0
0.0
0.0005522469781530702
0.000504646868161531
9.967596190010724e-09
0.0009480393249590226
9.969506740297208e-09
8.117104206902075e-05
9.964894547927235e-09
9.759158872058746e-09
2.489988592294044e-05
5.891632720559924e-08
0.0001674872122646814
9.935314594629899e-09
0.0007480034303459796
9.944989329477166e-09
6.07568491674571e-05
9.805764528969845e-09
6.662961299339628e-05
9.974888906975198e-09
0.0005278893754574185
9.97712063073641e-09
0.00010975876451402101
9.974264224120726e-09
0.0003977874828414849
9.975152784598247e-09
0.0
0.0
0.0
0.0
0.00045539465754705275
0.0
4.166700682887091e-05
0.00021721787109752762
8.11710420690176e-05
0.00012151770897424385
0.001196475664732712
0.0002464950338932573
1.4882351196567402e-06
0.00035264020139896916
0.0006019459172739535
0.00040584835258800187
9.162070780040304e-05
0.00017164021494908187
1.5545675169107022e-05
0.002070341525003337
6.407201136833959e-08
0.0
0.0
0.0
0.0
0.0
0.0
0.0
0.0
0.0
0.0
0.0
0.0
0.0
0.4887789591099838
0.05205343073856056
0.0005875350746574249
1.7921307590470157e-05
9.896997299407937e-05
0.0
0.0
8.596488017049289e-11
6.701860562301506e-11
4.729779789210725e-09
3.2290650474505532e-09
3.2290659702069642e-09
3.2290668807388452e-09
0.0
3.033386253657826e-11
1.9485991813538993e-11
1.092396189678612e-05
0.0
8.756671460660438e-09
1.0419668704533629e-05
0.0
8.767253468690807e-09
0.0
3.8950353771362984e-11
0.0
5.320656839935888e-09
3.2290612353979746e-09
3.2290622065035763e-09
3.2290631655629704e-09
0.00039467095074882094
1.3537092433198422e-05
5.013689342009574e-10
9.916568720335726e-09
4.6227362127473733e-10
-1.0419668704532078e-05
0.0
1.9907175303717021e-22
0.0
0.0
0.0009202086667024468
0.00031386970121366904
6.985174871072385e-05
3.322304822921295e-05
6.792093860715053e-05
0.0002479851625643559
0.0012097349779570594
0.0006478003650133626
0.00027270873202403913
0.0
-6.073781397614317e-09
0.0
0.0
9.762216707461139e-09
0.00012360651359346282
0.0003162617383208894
0.00028170230065989997
5.036067565589622e-06
0.0
2.006914271614822e-06
0.0008715714143947669
4.006309369622753e-05
0.0013305335504950274
0.00020211313881006218
0.00019878810867900705
0.00022543106656703742
0.0006029702908582502
0.00023399406649900184
0.00028659229316076824
0.0001111053161492278
0.00022957279559198107
0.00012366547152349366
3.3049462968214914e-05
0.01899467925085734
2.654776647042424e-09
0.0
0.0
9.626253853557599e-05
0.00019723032971141952
4.853826482894005e-05
2.1571126045462107e-05
0.00023182820781186386
1.0660970701495792e-05
1.6875427718003343e-05
1.3419920468502917e-05
9.343931907044924e-09
0.0
-3.795707758725169e-09
0.0
0.0
0.008481856712172756
0.0
0.008495613362746544
6.430810977419155e-05
3.1026443316314015e-05
0.0002482805081212145
0.0002257842392458141
0.00010455050901246009
0.00019888559461701455
0.0003642991037205243
8.124700926084403e-06
-0.0009937676290803265
0.017161984392927574
0.008902095744785662
-0.022588993388226897
0.00031831360271077005
0.0
-0.005434362247811908
-0.00047944534247084113
0.0008837456720742632
0.0
0.0
2.2701718552764486e-06
0.0
0.0
7.576591182506766e-09
4.0781038154716793e-07
0.0008837456720742626
4.6208094624160235e-05
0.0
0.00015018001282851768
0.0
7.044683348373801e-05
2.2701718552755923e-06
5.004992723150983e-06
0.0
1.0845501955273898e-05
0.0
7.841430416353358e-06
7.576591181526628e-09
0.0008841534824558109
4.6199716597292955e-05
0.00015017152248859438
7.271700533901534e-05
4.996098160962193e-06
1.083707053188507e-05
7.84900700753686e-06
6.966039776204375e-08
6.966039783080537e-08
-7.153064324454811e-08
0.0
-7.517398806710091e-08
-6.556323977443497e-08
0.0
0.002166849730193182
0.0005515995980132672
0.0013599820715922907
2.354471513644502e-06
3.496409959866008e-05
0.00017081412744635133
1.8423696966326307e-07
2.4333140362573014e-05
0.00037254859992031395
3.9291359007820976e-05
0.00019723901609254265
4.854731681636072e-05
2.1578310204084417e-05
0.00023181187429965652
1.0668371679270937e-05
1.6884880998722853e-05
1.3429845105646348e-05
0.0006248323578501191
0.00020207153651581746
0.00011116541160002118
3.411060672620278e-05
0.0001941885458053429
0.00035345441998643897
1.9773492058175903e-06
4.117695971432765e-05
3.943108781652669e-05
9.718141255959426e-06
0.0002804395385731438
0.000987969196664165
6.066450404748713e-05
1.5989270652903636e-09
0.0
0.0
0.0
1.5287355512294533e-08
2.4368177738136766e-09
0.0
0.0
0.0
0.0
0.0
1.0296559851987737e-08
7.73999226834781e-09
0.0
5.57667899437444e-06
-0.003022252888560944
0.0
3.229059257337159e-09
0.00041025457796626163
0.0
0.0
-3.210523607152827e-10
1.0622470984969495e-05
-0.0015928162438441943
7.665925480019557e-07
0.0016381456521164365
0.0011337621017394486
2.4347060243136465
9.709763873575611e-09
-2.578695379705365e-10
0.0
0.0
2.786053366875984e-07
0.0060728696884311305
0.0
1.3584561183570255e-09
6.9880159978333545
0.00023706078506166396
-0.0009521151700646533
-6.430506102072085
-0.09109633291366315
0.00048363568972893786
0.0
4.809167243088256e-05
7.153064324433893e-08
0.0
7.928420178701167e-08
0.0
0.0
0.0
0.010955718932779544
0.0
0.0
0.0020026161594974175
0.002002616159497423
1.0904385281492739e-05
2.1725041394629653e-07
0.002002613992598129
2.1725041394280917e-07
0.0020026161594974205
2.1725041394983144e-07
0.00031389386486846616
9.944993111445101e-09
4.903738273423203e-10
0.0
0.0012465141072856988
-3.2792282531970365
3.2779817489612357
9.871484852021976e-09
-0.08826642851344779
0.0
0.0
5.9525597084953905e-05
3.313278581520793e-05
4.800026516352479e-05
0.0
1.0079761335866353e-07
1.0616723141458387e-05
0.0
0.0
0.017161984392927574
4.034179148368028e-10
0.017161984392927574
9.857029481127846e-09
3.313278581520768e-05
4.800026516352464e-05
0.0
1.0079761335865678e-07
1.0616723141458374e-05
0.0
0.0
2.434706024313646
2.061228489922038
9.801627234936652e-09
0.0
-2.2930590585188825e-05
0.00018044662574334092
0.0
2.2945365511494533e-05
5.045833085787497e-10
0.0002361508662607176
5.6068640359925777e-05
0.0015970946305913828
0.00012532438928036674
-2.5408462734810045e-05
9.177189724050074e-05
7.124314681320873e-05
5.189148782578077e-05
0.0003317892715108158
3.956791911741124e-10
9.849156103347047e-09
0.0011706255926010466
9.626331627755858e-05
0.0
7.777904516161075e-10
0.0011706324281219992
0.0
0.0
0.0009068451247153781
-1.933284302613814e-05
1.0622470984967125e-05
0.0
0.0
6.208269868763037e-09
0.0
-0.00015957940681393494
-0.00015957940681393497
-0.00015957940681393502
0.0
0.09295608025156765
0.09295608025156765
0.0007009597426773324
0.0
0.0
0.0
0.0
0.0
0.0018702222489932808
1.5472563801981212e-09
0.0
0.0
0.0013912608042549945
0.0013912608042549945
1.489179013855325e-06
6.3954880484533175e-06
0.0
0.0
0.0
0.0
0.0
0.0
0.0
2.8585358020643176e-05
4.754676771430032e-05
5.563156239294166e-05
6.825502072465957e-05
3.2022341020689104e-05
4.242892920141764e-06
7.717042115131371e-08
9.915988248804792e-08
7.16680209445045e-05
1.4173316457337966e-06
0.00017398514447689075
0.0
0.0018981590450559277
-0.0015625554048826068
0.0
0.0
4.501522121903352e-09
0.0
1.6538445338857066e-09
0.0
0.0
5.9567160550005865e-06
9.900498264231018e-05
0.00034067811174119265
7.246578990974018e-19
0.0
0.0
0.0
0.0
7.955262048221845e-08
-7.955262056654616e-08
0.0
0.0
0.0
2.881370593036977e-19
9.237279997356645e-20
7.882021339665038e-09
0.0
7.882021339665526e-09
1.7260310801505878e-11
1.3250687552944317e-06
0.0016633569521185033
1.1600906226456121e-05
0.008652135664401352
0.0
0.0
-0.9028753209166065
0.9028753515622813
2.9634826247255175e-10
0.0
9.90049826423126e-05
9.900498264231203e-05
1.7259219187538743e-11
0.0
0.0
5.9535360051316336e-05
5.952559708495416e-05
3.6475065499492005e-08
0.0
-9.762966361102866e-09
-7.160630807724826e-09
0.0
0.0
0.0
0.0
1.3658527111587521e-05
1.3648971043654125e-05
9.900498264231149e-05
1.6188310777287935e-16
1.6188310783618775e-16
0.0003929553700727929
0.00039295240925312056
2.960819834180997e-09
0.0
0.0
0.0
3.819237112329938e-06
0.0018462245825883303
0.0
1.7253761865237698e-11
1.7257036175690666e-11
0.0010688387329715774
0.000622575049774666
0.0005595660188862104
0.0
0.0675995875196773
0.0
0.0
-6.995124163801826
0.0
0.0
0.0
0.0
-1.8549558165020352e-10
0.00034062231468734173
0.0
9.225619968546203e-05
0.0
-0.007439961549109718
0.0
0.0
0.0
0.0
0.0
0.0
0.0
-6.446268909054849e-11
0.0
0.0008224394248570778
0.0
0.0
1.4891790139313136e-06
1.4891790138924115e-06
1.489106791253188e-06
0.00021029158615951961
4.9904456152578346e-09
4.9904456152578346e-09
0.0
0.004427473699773307
7.955262065273342e-08
11.351557615446804
0.0
8.18227558713866
-8.182275573888775
3.444123030736189e-09
0.0
0.0
0.0
1.3008785640755402e-05
9.894313603079938e-05
1.7970690190571557e-05
3.4865721729211015e-10
0.00012989803473306146
0.0
0.0006265250116973785
0.0006907772947028785
-0.0005664048540388461
0.0006306767252727317
9.786601150367925e-09
4.529811245111739e-09
-4.52981124152589e-09
2.1670893644671664e-09
0.0010616085296918272
0.0008365408424793434
6.2385292065375104e-09
2.6511021680865034e-09
0.0
0.0
0.0
0.0
6.076556924238525e-05
4.529811252478026e-09
0.0
0.0
0.000822439420549453
2.1669204361355856e-09
0.01053114234249325
0.0
0.0002274040013536933
1.1183874298918129e-05
5.491402996370475e-06
1.6683868277806018e-05
5.49140299637065e-06
8.141113401464568e-09
0.0
0.0
6.175450460146371e-06
0.0
6.176174943099841e-06
1.091142086260129e-05
0.0
5.193247597367903e-09
5.193247596341246e-09
-0.000680557997636555
6.284928686315099e-18
0.0
0.0
0.0
0.0006726685114679882
0.000672668511467988
0.0
0.0
0.0
2.1670804516985927e-09
1.178927299429398e-09
0.0
0.0
-4.8091672430884084e-05
0.0
-4.8092217158115166e-05
-4.8087112659080194e-05
7.037509961718885e-14
0.00042058317231903673
0.0001138691987365695
9.91644893386115e-09
9.885140516182415e-09
4.312054647614523e-10
0.0
-6.478037168185924e-11
0.00042058317231903305
0.00028659229316108667
0.000993767629080328
0.00028659228572370577
0.00011386919873656619
0.00011386919873656355
0.0002865922931610887
0.00028659245734353697
1.8539671218580533e-10
0.0
0.0
4.621552040553669e-10
0.0
0.0
9.740644365685435e-09
2.8838643975343285e-10
0.0
0.0
2.61978878489514e-10
9.788469071302258e-09
3.356522116399511e-10
-2.030249694586781e-09
9.713922233297712e-09
0.0
0.002002868439834748
0.000286592293160877
0.0004205831723190349
0.0
0.0
0.00016085097743538727
1.187211698903037e-05
1.1872116989139839e-05
0.001983613551122248
4.1792150530213974e-10
0.0
0.0
0.0
6.965133308079312e-08
6.965577085102878e-08
0.0010555807973007423
1.062247098496871e-05
7.1587931775881835
-7.158793167680727
4.5326477055365685e-10
0.0
9.245725356342113e-09
9.245725356789346e-09
0.0020028489035056963
0.00014007155802985664
0.0003540084412623447
7.525195098041444
-7.525195009540515
9.859907478754077e-09
0.0002102915861595191
-1.8406452219288383e-05
0.0
4.306133304077648e-07
-4.1107872261174696e-07
3.9552980241608767e-10
-1.8424622994839268e-05
0.0
0.0
0.002002848903505693
0.0005144223199950717
9.969709516494465e-09
-0.0005144123502855518
5.127200884772376e-10
8.059842294036305e-05
0.00043342365821288865
1.0414684540671959e-08
5.143733064013495e-10
0.0
0.0003462021893268201
0.0
0.0
3.0451203236777485e-09
0.0
2.5068251843327763e-09
0.0
0.0
0.00028074183680195985
0.0016747523174296792
0.0019011127424464567
5.438140515249684e-05
-6.632685711627901e-12
