0
0.0
0.0
0.0
0.0
1.2420712816324433e-06
2.7699291964372602e-08
0.0
0.0
0.0
0.0
0.0
0.0
0.0
0.0
0.0
0.0
9.67910899017842e-09
7.003567609271505e-09
0.0
0.0
0.0
0.0
0.0
0.0
0.0
9.303667862621095e-09
0.0
0.0
0.0
5.6751175435852315e-09
0.0
0.0
0.0
0.0
0.0
6.170719009704287e-05
2.755440988342253e-09
0.0
1.9810146298273322e-08
0.0
2.2975571949486478e-08
0.0
0.0
0.0
0.0
2.1764174493624598e-08
4.558250191744784e-07
0.0
0.0
0.0
0.0
0.0
0.0
0.0
0.0
0.0
0.0
9.310065513956242e-09
0.0
0.0
0.0
9.708818280313326e-09
3.2265460151857473e-18
0.0
9.820868563849683e-09
0.0
9.627083108648038e-09
0.0
1.6338443907000037e-18
0.0
0.0
0.0
9.6304119616053e-09
1.0154226938452471e-10
1.3478505150423085e-11
7.859219195862441e-10
5.3553562323638914e-20
0.0
0.0
0.0
1.584795610115117e-09
0.0
4.405804125874434e-24
0.0
0.0009211412912817352
0.0
0.0
0.0
9.479788332865662e-09
0.0
9.794906877010715e-09
0.0
0.0
3.924314490979703e-08
-2.96880500431064e-08
1.4824956214928291e-09
0.0
1.8626501112408067e-09
0.0
0.0
0.0
0.0
9.751030049673353e-09
0.0
0.0
9.749539164665114e-09
0.0
0.0
0.0001250507497623154
0.0
0.0
9.617659578854578e-09
0.0
9.510752317805397e-09
4.2823389545168904e-24
0.0
0.0
0.0
0.0
0.0
5.589983881274866e-10
0.0
9.81463089309278e-09
0.0
0.0
0.0
1.410931744771915e-07
-1.9950796570356033e-07
9.73613680272571e-09
9.722355329625131e-09
9.403325459880618e-09
0.0
9.541313003126552e-09
0.0
0.0
9.343115850772737e-09
0.0
2.836083072282921e-05
1.9676635311445836e-08
6.4275062684290715e-09
3.334728899244343e-09
2.0029928187037639e-10
0.0
5.58952099995094e-20
0.0
0.0
0.0
0.0
0.0
0.0
0.0
1.3435934858581609e-08
5.498345730528628e-09
0.0
9.533275071982834e-09
8.426756188935061e-09
2.2527644948516814e-09
9.314045867284343e-09
7.516101607251434e-09
0.0
0.0
1.84496724253538e-15
8.478821279426427e-09
-0.0002593895041719252
3.684002072433521e-06
0.0
1.4392766027418438e-08
0.0
0.0
0.0
0.0
0.0
1.957657763352657e-08
0.0
9.754807138713279e-09
0.0
0.0
0.0
0.0
0.0
0.0
0.0
0.0
0.0
0.0001318916164429374
0.0
0.0009367494332810367
0.0
5.1798349619599764e-08
0.0
5.497475981588866e-09
1.3638025645048131e-08
9.889218414868247e-09
1.0692122483891019e-19
0.0
0.0
2.267406014983091e-07
0.0
4.728860160030127e-10
0.0
0.0
0.0
1.9862939500444033e-08
0.0
7.449347772909573e-10
3.807821842675984e-09
1.5833365918900875e-08
1.8023746475390188e-07
7.222847662719979e-09
5.2260502338024986e-09
1.3974786277174522e-06
0.0
0.0
9.489913454653305e-09
1.3556380761125363e-08
0.0
9.48283460139845e-09
0.0
0.0
0.0
0.0
0.0
0.0
0.0
0.0
0.0
0.0
0.0
0.0
6.882177432231558e-09
9.65879923793754e-11
0.0
1.6923519356726313e-10
0.0
0.0
9.700060264442962e-09
1.3486429377098817e-11
8.555538946977972e-09
2.669660799883329e-12
9.247995563254461e-09
2.356406674200767e-08
-1.3109401869712718e-16
2.59093417427765e-11
2.0599356764794408e-07
6.2983325152532466e-12
0.0
0.0
0.0
0.0
8.842988510934555e-21
0.0
-0.0009432948246179237
4.455238156664788e-24
9.911847858439132e-09
9.760101614274163e-09
9.840704964088808e-09
0.0
0.0
1.4415850207969626e-08
0.0
0.0
0.0
5.968310222530249e-07
0.0
9.82145243474146e-09
0.0
5.439131207141147e-10
0.0
0.0
0.0
0.0
0.0
0.0
0.0
8.431747299023088e-09
0.0
8.660181784649415e-09
2.1005492728593496e-09
0.0
0.0
0.0
9.417954927981971e-09
0.0
0.0
0.0
0.0
0.0
0.0
2.6104197627603848e-17
0.0
-4.9104443327696937e-08
0.0
1.8707252054462414e-05
3.488570394715652e-09
9.802527216143533e-09
8.741211171930891e-09
3.2749096066514094e-09
9.877036332629206e-09
0.0
0.0
0.0
0.0
1.254887646794464e-08
0.0
9.587749726366934e-09
0.0
0.0
4.0015282180064067e-11
1.4824956253487466e-09
9.745246879705195e-09
9.81806917980737e-09
0.0
8.026565523344686e-15
7.393547948746525e-09
4.705996593346574e-08
0.0
0.0
0.0
0.0
0.0
0.0
0.0
1.9798838514180293e-07
3.4971134718978274e-08
0.0
2.9521881930907913e-09
0.0
0.0
0.0
9.78439592362523e-09
8.189710168640772e-09
6.648239872506022e-12
1.884787540491883e-07
1.8192266187701002e-07
9.29584190249661e-08
0.0
0.0
0.0
1.927262090708294e-08
8.30799388756694e-09
8.307993885286727e-09
0.0
5.88338365441256e-09
0.0
9.97091422290073e-09
5.758396603773485e-10
5.467612904397218e-10
5.705254779186571e-10
4.960135248804556e-10
0.0
-2.7648744159210416e-10
9.901638495122556e-09
9.953066108193796e-09
9.982531752299982e-09
9.977146941944398e-09
0.0
4.566062649207755e-07
0.0
3.998314443404473e-08
1.051851996632244e-06
4.785292481248061e-07
3.1227411463677075e-07
3.8608704545446945e-07
1.7040105859384706e-07
1.0366776567014758e-07
3.903384762640277e-08
7.819402185865232e-10
2.3702301625650033e-08
2.2230762338683978e-07
2.4744134762427574e-07
1.8888079380232562e-07
1.0356187285288234e-07
3.9122383244915935e-08
1.5965457617851442e-08
0.0
2.2269945347830778e-07
2.3601474806374648e-07
5.399532024731978e-07
1.197561200260746e-07
1.5057018833378878e-08
0.0
0.0
3.112718480980571e-08
0.0
8.50085157178061e-08
1.2787539935138412e-07
0.0
0.0
0.0
3.675039527836513e-08
0.0
1.1054899086850652e-08
0.0
0.0
0.0
5.616888680880074e-10
9.510752325066375e-09
0.0
5.756064752491295e-10
5.450585418856891e-10
5.701255276207125e-10
2.090233951099691e-08
0.0
3.962121586859139e-08
0.0
3.9621292714681066e-08
0.0
4.213202289765004e-08
1.533622897512482e-07
6.1805275211228825e-09
0.0
0.0
0.0
2.618322032215644e-10
0.0
8.598460144725885e-09
0.0
6.820764168733719e-18
1.9780307496147323e-08
1.99044067445658e-08
1.9964827222603777e-08
1.995388861689721e-08
1.1413690250373219e-08
-9.31194288344983e-09
3.962119666522579e-08
-9.715256361550462e-09
3.9621273499854046e-08
-9.54734509242758e-09
4.213200367116857e-08
1.533622705186203e-07
6.1805082857648764e-09
-3.407403938241989e-09
-3.407327239124012e-09
-3.4072504859992145e-09
2.0902301155787234e-08
0.0
3.96211774649087e-08
0.0
3.962125428623745e-08
0.0
4.213198444776751e-08
1.5336225128471668e-07
6.180489049799753e-09
0.0
0.0
0.0
1.2326933751040904e-08
9.952705173682172e-09
4.733493672567922e-10
0.0
0.0
0.0
0.0
9.489126276951198e-09
0.0
5.539715510137012e-10
-1.1583659654649464e-08
0.0
0.0
0.0
9.720805122739169e-09
0.0
-9.796868344780912e-10
0.0
2.2260356310544864e-06
6.140710482301001e-06
7.825148229261408e-05
1.4819510941352866e-06
9.747547758380012e-06
0.0002601712151411673
2.4557628123060775e-07
9.314358951707082e-07
0.00011388302720769689
0.0
0.0
1.9654338745363325e-08
0.0
7.7579719888642e-07
7.670143607720764e-07
5.8009725954497525e-05
5.156209306186744e-10
0.0
2.916114196832518e-07
2.889047209195706e-07
6.216412684265094e-08
1.8524043047026407e-08
0.0
-7.835869992418257e-10
-5.411670818064596e-09
1.403566972423627e-07
0.0
-2.7554409877245194e-09
-3.517244725554378e-05
0.0
0.0
6.560736844987367e-16
0.0
3.414960389747948e-07
0.003204547217321913
1.9810146298262953e-08
4.5046460113622773e-10
-1.981014629826017e-08
1.3190243115078759e-08
0.0
5.2979421731137664e-08
0.0
0.0
-1.3478211678240172e-08
6.976744546041104e-07
6.976744545772461e-07
0.0
-6.125372542322367e-06
1.3739367599571285e-06
5.286738319226564e-08
0.0
4.695990033135395e-09
0.0
9.769034155688228e-09
9.76903421652365e-09
8.995147165445596e-09
0.0
8.995147143825828e-09
-2.985108655245011e-07
-2.8890472652566557e-07
-6.216413227407014e-08
-9.04706641904824e-09
6.337923327435699e-10
1.3112295292952436e-08
-2.9934883560237685e-08
1.4345049000437848e-07
-1.1467896127338598e-07
7.074981512477236e-07
2.1764174286991165e-08
0.0
5.059493408931224e-14
5.625181843466803e-05
5.626160948643544e-05
-7.074981512020023e-07
5.133049133489416e-08
0.0
2.204621989248032e-06
3.3059947168888985e-06
4.825833249624522e-07
9.594548420810694e-06
6.732165222798373e-07
1.7482861351007883e-14
0.0007567042172394517
-4.558250191617369e-07
4.5582501914880935e-07
-6.1698216282166e-05
0.0
-6.170719009704204e-05
1.152467696437529e-07
0.0
0.0
2.700831541611144e-07
9.980107184165985e-09
9.980107042420103e-09
-0.5159591077637113
-0.5693063434851204
9.804581818575065e-09
0.0
3.520145388652543e-07
2.0134938544632326e-07
1.643723820770241e-08
0.11371349621682643
-0.11371345628712726
9.98103842923304e-09
0.0
0.0
9.956052031648256e-09
9.960540347778731e-09
1.0647801520630032e-08
9.318915220174925e-07
3.925367905309074e-08
3.6858414933658903e-07
1.7425173304275177e-08
3.685841491884684e-07
1.196336851537453e-07
5.960064476994094e-08
0.0
0.0
5.986336935888569e-08
0.0
0.0
0.0
8.14687912879119e-08
9.816104587093384e-09
0.0
4.277853546370255e-08
0.0
3.4971134684643356e-08
0.0
9.969604904645768e-09
9.461711172655045e-07
9.771158465513816e-09
3.661452900092207e-08
1.8716285582188374e-06
4.836852201676506e-07
3.126782724525691e-07
4.030655136406651e-07
-6.976744546284552e-07
0.0
1.2420712321208733e-06
0.0
1.7425172798690035e-08
-1.7425172938248523e-08
3.7588085080273515e-05
9.484349896283204e-09
8.444278027153578e-11
0.0
0.0
1.3999360984847822e-08
3.988278138030274e-10
7.658960133940791e-08
-2.9591189474581057e-08
0.0
-1.5854636479240014e-05
1.5967120631665916e-05
0.0
0.0
5.9492299728190036e-08
-0.04175439230016571
0.04175435054169919
8.406483583572356e-09
6.566255938343264e-09
0.0
0.0
3.6232893900777944e-05
0.0
9.098855342327581e-09
0.0
0.0
0.0
2.753635158783678e-07
2.753635157741965e-07
9.942849960912722e-09
9.942849854627028e-09
0.0
0.0
0.0
9.427513043137966e-09
0.0
0.0
0.0
0.0
0.0
5.8529300993710636e-09
3.96317414722492e-09
0.0
0.0
0.0
8.800747643407493e-08
1.369113713026171e-08
8.995147120821067e-09
-9.705519247552158e-09
6.481778265036078e-12
0.0
0.0
5.973142879530315e-08
9.931178513204228e-09
5.771242167624507e-10
5.61101544457098e-10
4.309834909469264e-08
0.0
0.0
0.00011388302720765196
0.0
0.0
0.0
2.8397035639367705e-16
3.91290816907197e-16
6.025738484386495e-08
0.0
4.463469824215376e-08
1.7440990405903623e-06
4.920779665191106e-07
3.1899487903243034e-07
0.0
0.0
0.0
2.159987291077221e-06
1.5618956763849496e-06
0.0
9.275553541864054e-06
6.820006330163781e-07
-2.1575623232461538e-17
0.0
-3.0578982359042725e-10
4.627544367734771e-08
4.362585146664516e-08
0.0
1.602024871606281e-07
1.7002335572448282e-07
1.6020248716012542e-07
1.6020248716063367e-07
1.6020248716021378e-07
0.0
0.0
0.0
1.2254338497931977e-06
1.2280230187822612e-06
-3.057898235202811e-10
-4.3762213534783936e-08
0.0
3.3792608564998985e-08
1.680647640681144e-08
1.4541299315690473e-08
1.4541299234596863e-08
0.0
0.0
0.0
9.971910271857364e-09
3.843405633682795e-08
0.0
0.0
-2.251786327841347e-10
1.394296078745799e-06
2.7803233698374514e-07
0.0
1.6674656026100391e-06
0.0
0.0006707045089066334
-0.0006709726628671216
4.730607062312371e-10
1.6339750932057953e-18
0.0
0.0
0.0
-3.843405636584391e-08
0.0
0.0
0.0
1.766022742754357e-08
0.0
-2.847107984635127e-07
0.0
0.0
6.891531226138433e-05
1.1415199642668228e-08
0.0
-6.862280431008116e-05
9.903919426832639e-09
1.2068732259464541e-18
5.3422564840720656e-09
-9.680471767597912e-08
0.0
0.0
0.0
0.0019284966077910415
6.572183966431798e-10
0.0
2.9003659440928616e-08
0.0
0.0
0.0
0.0
3.92536968245831e-08
0.0
9.692470084923685e-09
9.705688700068052e-09
3.02733342339868e-10
0.0
0.0
0.0
-2.2846143108576538e-10
0.0
2.4265549509483746e-11
0.0
0.0
0.0
0.00011032001817980461
-1.0154226938452471e-10
0.0
0.0
-0.00011031991663656981
-1.34772193405297e-11
0.0
0.0
0.0
0.0
-7.925325931494842e-10
0.0
-1.3120459618071179e-08
0.0
0.0
0.0
1.5871143815045549e-06
0.0
1.578061242043816e-06
1.8731558127837356e-06
0.0
1.9475001787103792e-08
0.0
4.815622099435069e-07
0.0
2.44101539122375e-08
0.0
0.0
2.0396363215378602e-09
1.0096980084787652e-13
1.0099198110848176e-13
1.0097224261255399e-13
1.0100754873534649e-13
5.973142839904286e-08
4.3731323487528753e-10
0.0
3.923856268790459e-08
2.562783430489167e-10
1.957657763140422e-08
1.6383765265886442e-08
0.0
3.4899739793757005e-11
9.88107203761645e-09
9.881072120968644e-09
0.0
0.000775230874931439
2.6694443626199492e-05
2.6692858830593866e-05
0.0
0.0
6.854498436796015e-07
1.235292483957117e-07
1.3417421002102308e-07
0.0
4.788620020212733e-07
2.6612908425405147e-08
7.047586295432156e-10
6.854498434127887e-07
1.235292472756555e-07
1.3417420973452438e-07
-8.833499918387314e-09
4.788391077150458e-07
2.6612908079764787e-08
6.929613988678504e-10
0.0
-1.0154311555011022e-10
6.507489927539148e-08
9.954688523147737e-09
-9.390358943553445e-09
0.0
-0.0009211412912817352
-0.0008088722870379936
0.0
7.623679898129354e-05
-4.898703513146752e-13
7.62270181288745e-05
0.0
0.0
0.0
0.0
0.0
1.4765700402599923e-08
0.0
0.0
0.0
0.0
2.14096361960244e-11
0.0
0.0
0.0
4.262833669893318e-10
0.0
0.0
0.0
-9.79490316264063e-09
0.0
0.0
9.794901330797897e-09
0.0
0.006680698952459707
9.794900890369718e-09
0.0
-0.006680682600540635
1.8405243284622744e-15
0.006680679831968182
-9.794906873765564e-09
0.0008315135415376658
6.542354846149654e-08
9.919171925124848e-09
9.919171902283936e-09
0.0
4.824862837674891e-09
-4.824862817490259e-09
-1.2328713922295367e-08
3.534654871920062e-08
-3.0937984435604193e-09
0.0
0.0
0.0
5.86247627669517e-07
3.922931626807282e-08
5.862337990274331e-07
9.90423343655251e-09
-1.9820413754463622e-08
0.0
0.0
-1.4824956219225416e-09
9.767670149787524e-09
9.767670122935676e-09
9.767670096008782e-09
0.0
4.5213946461167e-08
0.0
0.0
0.0
2.6066682868449442e-17
0.0
0.0
0.0
8.160277373022445e-08
0.0
8.891699572870076e-08
0.00010203689797564142
0.0017840696798913406
8.182970098862125e-07
0.0
0.0
3.168753437682841e-07
3.2813732824300837e-07
-2.786906491278753e-07
9.93455639630294e-09
4.252158799493248e-06
0.0
-1.706055931514413e-07
-1.7060559315097986e-07
6.075104473000841e-09
1.0012427591823384e-07
-1.375240471912298e-07
1.9965301896541597e-08
5.748327680327869e-10
2.9540470944500395e-07
1.7227641508302368e-07
8.339023874339226e-08
5.727253426048755e-07
3.66996168995388e-08
4.245715357786421e-07
1.9878313842887812e-07
1.2571706072870043e-07
2.6375777087708423e-10
5.770818246382701e-10
0.0
3.820957592430336e-09
-9.630176425398651e-09
0.0
5.346242083136924e-09
2.995023894588832e-06
8.691199568857108e-08
1.5874036978046642e-07
5.281103778039035e-08
9.727092186754967e-07
0.0
8.575814267008625e-09
0.0
0.0
0.0
9.88107195702942e-09
-3.47426630745365e-10
5.319019726283158e-10
0.0
1.0506730471352933e-08
1.9870929040765896e-08
5.268816164314211e-10
0.0
0.0
0.0
0.0
0.0
0.0
0.0
0.0
5.711595548316158e-10
1.995394605530172e-08
5.695481266727075e-10
0.0
1.3739367599517852e-06
0.0
0.0
-0.00012505074976231498
-0.0001250507497623145
-4.72673897356854e-10
3.239864669255893e-08
4.227663112764857e-08
0.0
2.6183219867103596e-10
0.0
0.0
0.0
0.0
0.0
1.2862059609001219e-11
1.2865645024317733e-11
1.2864921666776181e-11
-1.5575385599320146e-11
0.0
0.0
5.9628274766208805e-09
0.0
9.837215816238531e-09
0.0
0.0
0.0
1.2420712816269236e-06
0.0
0.0
0.0
0.0
0.0
5.748687455125473e-10
1.9960935425276537e-08
9.979387399663801e-09
0.0
1.370243321909724e-08
0.0
2.0100263488606464e-10
1.1869034646066368e-08
6.68678714761085e-12
9.665800021108932e-09
0.0
0.0
1.9414735704688525e-08
9.617659578464721e-09
0.0
-2.1588560647880647e-10
0.0
0.0
4.330632342868601e-18
-1.1047236478633353e-10
-9.390359725263211e-09
0.0
0.0
0.0
9.344423102200277e-07
0.0
9.692413615966253e-09
0.0
9.977247098930773e-09
0.0
8.685147525219553e-09
8.741602068604582e-09
0.0
0.0
-8.715339699602066e-09
9.89920346189159e-09
4.706219123471644e-10
0.0
9.915184047681164e-08
5.692578936525985e-07
1.8941338002211672e-08
0.0
5.321534461029611e-07
2.0404478645944907e-09
0.0
0.0
0.0
0.0
0.0
1.7347338215713513e-10
0.0
4.047049030485138e-08
0.0
0.0
0.0
4.926781916920065e-08
0.0
0.0
0.0
5.186705039716496e-08
0.0
1.630926531525004e-07
0.0
1.5952256020087133e-08
0.0
6.3590506094793844e-09
0.0
6.359127251028618e-09
0.0
5.652770704897281e-09
0.0
0.0
0.0
0.0
0.0
0.0
0.0
2.9851086371518454e-07
2.8890472414389023e-07
6.216413046301883e-08
1.8524046666696346e-08
0.0
-7.835832466017957e-10
0.0
-1.403566934567082e-07
2.3349348526630504e-08
3.261747457022609e-08
0.0
0.0
0.0
0.0
0.0
0.0
0.00014112404065452777
1.0799548937032478e-08
1.4093029886510114e-08
3.2399655988551235e-09
0.0
0.0
0.0
0.0
0.0
-4.101681489038031e-10
0.0
0.0
0.00010149779239735052
0.0001334512849722061
9.877427819231531e-09
9.87742781609768e-09
2.3616946306350454e-07
0.00025829739953673654
0.0
0.0
6.726481512874286e-07
7.73363955436639e-05
8.88697011458517e-07
9.406818155352802e-09
1.2635605904293623e-06
2.4718563692094253e-07
4.059410519141302e-08
2.875157866481842e-06
3.988684944187896e-07
4.2518499057050967e-07
6.30415171056053e-07
2.5241499813225244e-07
3.379938607161923e-08
0.0
1.263410793886704e-06
2.548862595201544e-07
2.8265389393169963e-08
2.7048662837831403e-06
4.3421504124137076e-07
5.686354786795511e-07
6.27321370716452e-07
0.0
0.0
5.777912049449768e-07
0.0
-8.968989953111428e-09
0.0
0.0
0.0
0.0
2.344938044496203e-05
4.0782785399793e-06
0.0
0.0
0.0
0.0
1.0623187392558083e-05
0.00010160219737705375
0.0
0.0
0.0
0.0
0.0
0.0
0.0
1.6448935248451004e-07
-1.314733563210733e-07
2.4791104008422916e-08
0.0
0.0
0.0
0.0
0.0
1.7177487441229255e-08
0.0
0.0
0.0
0.0
0.0
5.147521549919752e-09
0.0
1.8066950936427477e-08
0.0
-1.8271309386161465e-08
1.6811645898907516e-08
0.0
0.0
0.0
0.0
0.0
4.315605006526014e-09
0.0
0.0
0.0
2.0104177397032294e-08
4.6077213518689256e-09
0.0
0.0
4.607721352075534e-09
0.0
3.020072628441846e-08
0.0
0.0
4.092472507171989e-08
4.09247250717996e-08
4.0924725072203013e-08
5.026784092297794e-08
4.092472507220637e-08
4.5024949660345076e-09
0.0
3.3507333885821697e-08
6.197540147569181e-08
0.0
0.0
2.55207749655153e-08
0.0
0.0
3.588247034008037e-16
0.0
0.0
0.0
6.862360562240382e-07
0.0
0.0004368539130740394
-2.836083072282891e-05
0.0005774401285664782
4.106765404674017e-08
2.5309866295652436e-05
0.0
0.0
0.0
0.0
0.0
0.0
0.0
0.0
0.0
0.0
-1.0193760202356856e-08
0.0001137522991198715
0.0
0.0
0.0
3.8142322114942224e-05
1.9623657634648215e-08
0.0
3.3366932146412097e-10
9.06885700653603e-08
1.0029022228807142e-07
4.5499835735058256e-08
1.975581494859038e-08
0.0
3.913541623201277e-10
-9.896039193397349e-09
0.0
1.9675211130161522e-08
8.859137323541363e-07
1.919838072328085e-08
0.0
1.2752951754109134e-07
0.0
0.0
4.118496242037359e-07
0.0
5.121182047053437e-10
-2.341678093854653e-05
0.0
0.0
0.0
0.0
5.371866799928384e-10
2.3918159287965282e-08
5.237449188933892e-10
0.0
9.921704751522848e-09
0.0
5.156913427700642e-10
2.1592716044290734e-05
8.782597489010394e-06
8.792421185538294e-06
1.8376042579925196e-07
0.0003898748327716417
0.0
9.791723853664115e-09
9.791723851822112e-09
1.2106216915992055e-08
0.0
0.0
0.0
0.0
0.0
0.0
0.0
0.0
-8.42675618890345e-09
-9.533275071866697e-09
-1.3267828595059807e-10
0.0
0.0
9.706336121075625e-09
0.0
0.0
0.0
0.0
0.0
8.371947745025474e-08
0.0
0.0
-1.3435934858830277e-08
9.86770411034858e-09
9.86770410342638e-09
9.637085335508221e-09
2.350425465519167e-10
0.00025525710482338093
1.74801692374299e-08
0.0
0.0
0.0
0.0
1.9264308518888184e-07
9.156366424356531e-08
0.0
2.3164541739460442e-07
0.0
9.012178692147838e-08
-9.123905130221412e-09
0.0
0.0
0.0
0.0
0.00011379112573053213
3.3756974445178316e-08
0.020113674573899593
0.0
3.6807022863057097e-06
0.0
-3.6840020724325616e-06
5.53069557295094e-09
4.399992739355736e-06
0.0
7.253662120637885e-10
0.0
0.0
4.403981971725173e-06
0.0
0.0
0.0
0.0
0.0
-1.4392766027496e-08
0.0
0.00013043655878499947
0.00012528962758039266
-5.891682964108926
5.891942353613098
0.02010927458116023
4.4039819715903e-06
3.084643114672917e-08
0.0
0.0
5.153842924718769e-10
0.0
8.792421185515389e-06
5.799980444528294e-05
1.9971482099776976e-08
7.985233961406719e-09
-0.0001313933672572598
0.0
1.7476458759935147e-08
7.579869680125416e-09
-3.664835306757611e-08
0.0
0.0
0.0
0.0
-6.626656936207137e-05
8.363546739386474e-06
9.867347452777154e-09
0.0
0.0
0.0
0.0001139990739908159
0.0
0.0
-1.0094194577945285e-08
0.0
4.940151272475077e-10
0.0
9.519155595260164e-07
9.830836903584934e-09
-3.511524419093015e-10
-9.754807133370809e-09
2.354311668541582e-05
0.0
0.0
0.0
3.7772171578649534e-07
8.489433061826512e-08
-7.383896138174551e-07
7.579895066044362e-07
9.910444504542676e-09
1.7659840477701293e-08
4.5696608871008725e-07
0.0
9.728668653236369e-09
-1.477786317983544e-06
1.8372679723747707e-08
0.00011383316877010785
1.4993534376747082e-08
0.0
12.306599343959997
-17.68188821602238
5.375288878172509
0.0
0.0
0.0
0.0
0.0
8.417393102516987e-08
0.0
5.702194674265066e-10
0.0003898327675075471
0.0
0.0
3.2141458860545647e-16
0.0
1.9689470093351107e-08
0.0
0.0
0.0
1.940394358866707e-08
4.941963448453234e-07
7.91766153498852e-09
0.0
1.9607500492199016e-08
1.9992552150916624e-10
3.5061472448274184e-07
0.0
3.9906875877560555e-08
5.695420092478659e-10
4.1019867523780425e-07
4.101986749334356e-07
9.977246248366739e-09
3.406820438291158e-07
0.0
4.9889282840307785e-08
1.005899892498693e-08
0.0
5.546604090386949e-10
1.997148249525716e-08
0.0
0.0
0.0
2.2238555883426697e-07
0.0
0.0
2.067098491695427e-08
0.0
5.279078877999868e-06
1.2239098060956737e-05
9.97220389060006e-09
-1.222912585692763e-05
0.0
0.0
1.1893591491980468e-08
0.0
-0.0009367449320960832
-0.0009497572081598182
0.0
5.179834936676332e-08
-4.223732403851704e-08
3.2409450212705064e-10
1.9505587735822207e-08
2.9851086190413323e-07
2.889047227318253e-07
6.216412865370224e-08
1.8524044858789224e-08
-6.3379606077274e-10
-7.835851217018186e-10
0.0
-1.4035669534950834e-07
-4.804662107028238e-09
3.489810295924661e-11
0.0
0.0
3.5881413290778964e-07
1.2517300760503312e-06
0.0
0.0
0.0
0.0
0.0
0.0
0.0
0.0
0.0
0.0
0.0
0.0002587274560516433
0.00011806314008914349
2.6117382111877063e-07
-2.0727306836419856e-07
0.0
9.869124588060965e-09
0.0
0.0
0.0
4.3259163340140746e-19
3.731982766850062e-08
-2.9883139976644504e-08
7.436687691357574e-09
0.0
2.6183219980576584e-10
0.0
8.034217600974525e-14
0.0
9.890638857301133e-09
0.0
0.0
0.0
-9.303667862590949e-09
0.0
-9.665903385524155
9.66583933811667
6.404740748453416e-05
2.8803880499500556e-08
0.0
0.0
0.0
2.547942204026037e-07
-2.267406014971068e-07
3.550142596842087e-08
3.727757227490708e-07
3.919546366317438e-08
0.0
0.0
0.0
9.975569087940345e-09
9.975569202061094e-09
-0.0001318977533440144
0.0
0.0
8.898819994088906e-09
0.0
8.898820668519193e-09
8.898821347257767e-09
3.814436560950485e-05
-9.545454282322629
9.545454272457517
0.0
1.811724387691743e-05
7.064240001953935e-09
-0.00037994039270738966
0.0003799547734810057
0.0
0.0
0.0
0.0
0.0
9.863133509577238e-09
7.011178703709004e-19
2.1941242482067435e-09
1.942175445072752e-09
4.136299693272741e-09
-8.121040236119814e-09
0.0
5.727824239229997e-10
8.925186637674951
8.925186646288441
0.0
9.685795744601803e-09
5.299478249787225e-08
0.0
-1.986293949977902e-08
0.0
2.848428604096398e-08
5.722495721679623e-10
-1.1667495446574157e-08
0.0
1.3885978867128654e-06
-1.3885978867207716e-06
-1.3885978867294452e-06
1.3885978867376546e-06
0.0
0.0
1.563885758770132e-08
1.5638857580845584e-08
-1.373936759953287e-06
-9.863133480086939e-09
0.0
3.6844471916183848e-09
0.0
0.0
0.0
0.0
0.0
0.00011946268332387096
0.00011945795380709135
-3.8078218426785255e-09
3.28488907092816e-08
0.0
0.0
0.0
2.1764173873297723e-08
3.960416742367101e-09
0.0
6.665617018817879e-08
5.273852405175398e-10
9.933431123453218e-09
9.938860668278968e-09
9.938860696210026e-09
4.762838919808593e-10
3.4216303015363385e-08
8.652846206338083e-08
3.048143244848225e-08
0.0
-5.883383650738766e-09
0.0
0.0
0.0
0.0001137302328937384
0.0
1.3885978866874546e-06
0.0
1.2736662147452476e-09
-1.3987522917251296e-06
-1.3974786270409822e-06
0.0001138331687696872
0.0
0.0
5.497475986667141e-09
0.0
0.0
0.0
8.739894060360173e-10
1.8429389579424773e-08
9.489891971743058e-09
0.0
-8.992765415529656e-11
0.0
5.314661489483262e-08
4.238555856693493e-08
0.0
7.485186615312389e-07
0.0
2.5485279243964146e-08
2.507951215581972e-08
9.667128561232739e-09
0.0
0.0
6.977995518981106e-09
0.0
0.0
0.0
0.0
0.0
0.0
8.019452157970221e-08
0.0
0.0
0.0
4.566062649866049e-07
0.0
3.998314450545525e-08
1.0518519967178113e-06
4.785292482104441e-07
3.122741147217955e-07
3.8608704553992544e-07
0.0
0.0
8.959450069051863e-09
0.0
3.131549537816875e-09
1.5907147375151364e-09
0.0
9.4085495298949e-09
1.5478803254616352e-09
0.0
6.5909616767935284e-09
0.0
0.0
9.520259052965007e-09
0.0
1.6537733993753382e-09
0.0
0.0
2.604052245348867e-08
0.0
2.09468589551787e-08
4.455361372905675e-07
0.0
3.3674649708055764e-08
0.0
7.107284017924208e-09
0.0
0.0
-1.8160160158646303e-08
0.0
3.4638143412840457e-17
0.0
2.9284784371585714e-06
2.927367740845286e-06
-1.3556380828807254e-08
7.977871751435805e-09
7.977871751506342e-09
7.977871751470322e-09
0.0
1.0758707184133718e-07
0.0
0.0
0.0
-8.294893314334662e-11
1.8384105987581235e-05
5.339695699491109e-18
2.9607803206855342e-08
9.953464479296411e-09
9.949020795203271e-09
9.949020805576478e-09
9.839421237437002e-09
9.839421241845874e-09
9.885671864906566e-09
9.885671867833035e-09
9.804393382334288e-09
3.3318190042326003e-18
9.804393391710751e-09
0.0
7.774870447385996e-05
7.77340039192051e-05
9.554098524583617e-09
8.177413607570453e-08
1.901530461792555e-08
8.995654961688792e-09
0.0
0.0
8.735869531309103e-09
0.0
8.735869551738709e-09
1.2837794405768731e-09
0.0
0.0
-7.988686055756373e-09
0.0
3.415394585942558e-07
3.134902409187436e-18
4.8938944296182164e-08
0.0
0.0
4.711173161309682e-08
0.0
0.0
0.0
0.0
3.7782579652358964e-08
0.0
3.114448022529486e-09
0.0
0.00018674208714253293
0.0
0.0
0.0
0.0
2.0386942240607834e-09
2.0391816020087904e-09
1.4045428372031986e-08
4.339092250337864e-09
3.033415907931491e-10
9.70533830127145e-09
9.705325686662453e-09
2.0400584031876067e-09
1.218751538090838e-06
4.2715070859988616e-19
0.0
0.0
0.0
0.0
3.3362092446960457e-09
0.0
0.0
0.0
0.0
0.0
7.200994445631972e-16
0.0
0.0
-4.1807432754366726e-07
0.0
4.2761136824025003e-07
0.0
0.0
5.044729718613145e-19
-7.988686058968322e-09
0.00011548118444390586
0.00011548118444390581
9.94123474979888e-09
0.0
0.0
0.0
0.0
2.1591289684340403e-10
2.1591175275243495e-10
0.0
4.959849566386642e-08
3.022876587704293e-08
0.0
4.6115040548858986e-08
4.936943928493228e-09
4.0454968563341844e-08
0.0
0.0
0.0
3.008121770611407e-08
-3.5727435686742155e-08
8.307053533940234e-08
0.0
0.0
-2.9715161384725574e-10
0.0
0.0001638117604214722
0.00010525783708832406
0.0001179715764248974
0.0
0.0
0.0
5.855390984671877e-05
-1.3486429377098817e-11
0.0
0.0
0.0
0.0
0.0
-2.669660799036296e-12
0.0
0.0
0.0
0.0
-0.00013015906225844224
0.0
2.0983818262615947e-08
0.0
0.0
0.0
0.0
0.0
0.0
0.0
0.00011380951777196363
0.00011380951777331672
0.0
1.242071281630842e-06
3.073295250772149e-18
-1.4064426633260494e-08
-1.4064426633050787e-08
0.0
0.0
0.0
5.179055299718246e-07
0.0
0.0017075198936215839
0.0
2.5389860476128403e-05
0.0
0.0
0.0
1.0647801351734608e-08
0.0
0.0
0.0
0.0
0.0
0.00032164236598695024
0.0
3.246705036152172e-05
1.9946063511261265e-05
7.190528365744557
1.3183898417423734e-16
-0.5693055765862596
9.874811258102356e-08
4.248137248554634e-06
-1.8355290960455663e-08
1.5836783886667358e-08
5.455667380880886e-07
-3.021837489735951e-09
1.4647540354294306e-07
-2.0599356766502365e-07
7.265315887794443e-08
0.0
8.317900590506374e-08
1.5535021719860936e-08
0.0
1.0845925310103598e-07
0.0
5.366266307887061e-07
1.012233170553878e-08
0.0
1.9180758604182054e-08
0.0
4.785555728521366e-10
0.0
-8.118861089743664e-09
0.0
0.0
1.9420367782427133e-08
3.8964916055526993e-10
0.0
0.0
0.0
0.0
2.9195221291719377e-08
1.737680966793097e-10
0.0
0.0
1.1183768787779373e-05
1.118376878777935e-05
0.0
0.0
6.389616656549532e-07
0.0
9.972942285535768e-09
8.733702617061293e-08
9.979433865781282e-09
0.0
9.981547909706203e-09
9.875904726805289e-09
2.2620622629715057e-06
5.911488014109219e-08
0.0
9.938008284001533e-09
2.583208428627677e-07
9.95468854835244e-09
8.077032345981775e-07
9.899203464855923e-09
2.8917148356402327e-07
9.983790415489455e-09
4.088716929467833e-08
9.983833372610738e-09
0.0
9.97778945462834e-09
5.133640060285457e-06
9.976836863768081e-09
0.0
0.0
0.0
0.0
0.0
8.4788212793048e-09
0.0
0.0
0.0
0.0
0.0
0.0
0.0
1.420254958113632e-07
8.006937595797916e-09
0.0
0.0
0.0
1.1586613535634855e-08
4.797467251860102e-08
0.0
0.0
0.0
0.0
0.0
0.0
0.0
0.0
0.0
0.0
0.0
0.0
0.0
0.0
0.0009432849960486826
0.0009433074260322694
0.0
7.829902353063498e-10
1.4541299164783084e-08
0.0
0.0
-9.840704964087554e-09
5.206181557623445e-11
0.0
0.0
0.0
0.0
-1.9346892415008266e-09
2.421373940082746e-11
1.5501352762787416e-11
1.3885978867027958e-06
9.253133776327111e-09
0.0
0.0
9.087527738795904e-09
0.0
0.0
3.05940557543628e-11
9.87825631359162e-09
0.0
0.0
0.0
0.0
7.029067991366013e-07
0.0
5.436832589583386e-10
8.440282998366367e-09
8.440282997252552e-09
1.3969328149608792e-09
2.7699291955001916e-08
3.984306691624806e-18
0.0
0.0
8.80678985275318e-06
7.070141136170463e-08
1.2781789781009196e-08
9.514045469441246e-08
0.0
1.8058336452710426e-06
0.0
3.0207421469954677e-07
4.3817247454302534e-07
0.0
-4.965032792309231e-09
0.0
0.0
0.0
1.0692595526029935e-07
1.8847875391387428e-07
0.0
1.8192266175769847e-07
0.0
9.295841888036319e-08
5.760664221368096e-07
0.0
3.908496983039058e-08
0.0
4.3364380583860105e-07
0.0
1.7951051734697116e-07
2.771067590944152e-08
3.258912643066484e-08
4.897772017774428e-08
0.0
3.5201453900945176e-07
2.0670985068826028e-08
0.0002253998833572283
8.768693138680867e-09
0.0
0.0
3.200554750147595e-07
1.8006818680738202e-07
9.446385498975873e-08
2.9312537983570824e-08
6.98270119885822e-09
1.3408822805856021e-08
2.1291867086340937e-07
2.2924019148400914e-07
9.611177161953895e-09
9.611177145764285e-09
-1.934867774331571e-09
0.0
0.0
4.089189467835514e-06
0.0
2.34493804449572e-05
2.6820319027053358e-05
1.222470626751322e-06
2.4322608444750934e-07
1.4826854251435662e-07
7.157901970870746e-08
8.441693140488379e-09
5.77312385579277e-08
0.0
-4.5499835728528976e-08
0.00011411331208350049
-6.785602857305004e-07
-0.0002552472918644053
0.00038987483277163297
0.0
-0.00014112409297586985
0.0
0.0
0.0
0.0
0.0
4.5594237992143144e-07
0.0
0.0
1.1374621106975832e-06
0.0
1.153506848052673e-07
0.0
1.579267226418353e-07
0.0
8.131450558011042e-08
0.0
1.6963486380036943e-08
4.5594238009511984e-07
2.098084284604494e-08
0.0
5.35190182298251e-10
0.0
1.1306806892874681e-06
1.056513841980437e-07
1.490752138091952e-07
7.173885054508243e-08
4.729058661275723e-07
1.1312571088694927e-08
0.0
0.0
0.0
9.634245121299678e-09
7.974644746996229e-18
0.0
5.98235199464163e-09
9.941234754087069e-09
1.7816466576087153e-06
-5.968310222530249e-07
0.0
4.5660626485505267e-07
0.0
3.9983144361927505e-08
1.0518519965468476e-06
4.785292480393753e-07
3.1227411455186364e-07
3.8608704536919986e-07
1.7040105850044572e-07
1.0366776558801139e-07
3.903384751912899e-08
0.0
2.3702301519825608e-08
2.2230762328128044e-07
2.4744134751983885e-07
5.399532024082614e-07
1.1975611997623865e-07
1.5057018762063594e-08
1.4819638801394706e-10
0.0
3.112718472500957e-08
0.0
5.314661482748495e-08
4.238555850756038e-08
0.0
7.485186614441772e-07
0.0
2.5485279157478313e-08
2.507951206889653e-08
9.667128468571573e-09
0.0
0.0
6.977995407473264e-09
0.0
0.0
0.0
0.0
0.0
0.0
8.019452149465419e-08
0.0
0.0
0.0
-9.156366358509498e-08
0.0
0.0
0.0
0.0
9.260530428836234e-09
0.0
0.0
-6.217659202632135e-08
0.0
0.0
0.0
0.0032045438827332795
9.098855341914402e-09
-9.098855342104138e-09
0.0
-4.1689801620064085e-10
0.0
0.0
0.0
0.0
4.0571857449390435e-09
1.833832269487892e-07
-5.8447070298795964e-08
-0.0011457317344962803
-1.0863965453437605
9.344423102184331e-07
0.0
2.6018009801157088e-08
0.0
8.58594222666416e-09
0.0
0.0
0.0
0.0
0.0
9.778211544403852e-09
3.742398511589299e-10
7.579869726673238e-09
7.57986999499986e-09
0.0
0.0
1.742517307775462e-08
0.0
7.579869876196778e-09
-9.304133412389552e-09
9.489377508060247e-08
9.931178465922803e-09
5.251623192123095e-10
0.0
1.8833127298733742e-08
-1.773670661189719
1.7736706522604007
9.903808761548634e-09
-1.0863926717643186
4.0523889947889685e-09
0.0
-3.1581977887800637e-09
0.0
0.0
0.0
0.0
1.824114300124856e-08
0.0
0.0
0.00011411331208350579
4.1748976693082164e-10
0.00011411331208353195
9.822052267130594e-09
0.0
0.0
0.0
0.0
1.8241142803133503e-08
0.0
0.0
0.003204543882733291
6.13512107250358e-06
9.83529120836992e-09
0.0
-2.602487466439215e-08
7.6701436075274e-07
0.0
5.510360596423911e-08
5.52720551019581e-10
-2.5221652469233774e-07
2.090125096857083e-07
5.231244010417413e-06
1.8623058727908824e-08
1.7903148710231298e-07
1.1548495007519517e-07
2.0606622123661674e-08
1.596969445528201e-05
0.0
0.0
7.912824075008364e-09
2.691546518389477e-08
3.2250487536047566e-07
0.0
2.4495269097612356e-09
3.534734655383948e-08
0.0
0.0
1.0662573933044454e-05
2.6232275118614063e-07
0.0
0.0
-8.660181784284635e-09
6.3216804038988705e-09
0.0
-2.100549273716717e-09
-2.1005492745739142e-09
-2.1005492754328056e-09
0.0
1.0864019863321068
1.0864019863321068
3.6874326723430645e-08
9.358208059289069e-09
0.0
0.0
0.0
0.0
2.1586510622925143e-06
0.0
-1.9547739791431207e-08
-4.804669386686885e-09
1.4600043667293118e-06
1.4600043667292974e-06
0.0
1.242071281621404e-06
1.7866664141526076e-08
0.0
-9.417954928756357e-09
0.0
-1.8992299080531176e-11
0.0
-1.8992301816803416e-11
2.9311369761682943e-07
5.076933930218095e-10
0.0
2.380437321814071e-08
2.554866951480122e-09
0.0
2.0322805044512163e-07
3.4233868764270735e-07
0.0
0.0
0.0
0.0
0.00025876591090710777
-0.00013105852931620987
0.0
0.0
3.5144038324517737e-10
5.859870090401286e-10
0.0
5.859876906113837e-10
5.859883660093316e-10
0.0
5.342256568029946e-09
3.925367891090757e-08
2.5539262580855252e-17
4.297000089081848e-09
4.297001048199608e-09
0.0
0.0
0.0
9.630176087127573e-09
0.0
0.0
0.0
6.915352275462492e-18
3.1478847589963783e-18
2.146101931967913e-09
2.1461019315827112e-09
2.146101931857819e-09
1.2870649341746075e-11
3.23986466439774e-08
4.474494912391422e-07
0.0
0.0
0.0
0.0
-2.1350295569249472e-08
6.036235613269098e-08
9.786064682925978e-09
0.0
5.342256647339946e-09
5.342256623218779e-09
1.2869442585697779e-11
0.0
0.0
-9.756449028883174e-09
0.0
0.0
6.598252465254229e-09
6.598252926236323e-09
0.0
0.0
0.0
0.0
0.0
5.894406611382855e-08
4.910444332834746e-08
5.342256604954912e-09
1.1494277312774242e-16
1.149427746149609e-16
3.5063818860227276e-08
2.5410436469895945e-08
9.653382507674779e-09
0.0
0.0
0.0
6.396834556787334e-08
7.11828853316617e-07
0.0
1.2866036525181462e-11
1.2867904384114035e-11
8.122199814150583e-06
0.0
1.3025363786090002e-07
-1.8707252054461378e-05
6.305106514818709e-05
0.0
0.0
-3.7608793340736376e-05
0.0
0.0
0.0
0.0
-3.982273666870655e-10
0.0
0.0
3.962115827055958e-08
3.6502085533071015e-10
0.0001059144929634038
0.0
0.0
-3.2749096061299697e-09
-3.2749096063840796e-09
0.0
0.0
0.0
-4.717384461806492e-10
0.0
0.0
0.0
0.0
0.0
0.0
0.0
0.0
1.0844930209042264e-10
9.868797795399922e-09
0.0
1.0490681100334078e-07
0.0
6.862360569033396e-07
0.0
0.0
2.822151975961473e-08
9.796443554474765e-09
9.840894376092202e-09
4.3615108922707394e-10
1.0640964447857286e-07
3.3621661527096304e-08
0.0
0.0
4.305510776722544e-10
0.0
0.0
4.585059487327297e-09
3.429247296953523e-07
-1.4476222200975292e-07
5.028011560110968e-07
9.863972560429045e-09
1.2548876467614267e-08
-1.254887646778087e-08
0.0
0.00012936311441751058
0.0001293636606442617
0.0
0.0
9.000736439657428e-09
1.9406821762832723e-08
1.8639123190402288e-10
-1.8639123387762487e-10
8.148500051547334e-07
1.254887646717524e-08
0.0
9.840821471490351e-09
0.0
0.0
0.0
0.0
5.250021339588594e-07
7.032396854879391e-08
1.926056570626113e-09
6.274982414598965e-08
1.92605656991876e-09
0.0
9.50020097738837e-09
0.0
-1.74686471828521e-08
0.0
0.0
0.0
0.0
-4.001527892540232e-11
0.0
-9.665903404257305
0.0
0.0
0.0
0.0
0.00011292607735532371
0.00011292607735532361
0.0
-8.025671056552386e-15
0.0
0.0
0.0
8.479075447475507e-09
0.0
-2.6018009484287535e-08
1.481505914679555e-16
-3.858089091370616e-08
-3.750555729985708e-08
7.282180513453577e-14
0.0
4.620146829050751e-08
9.95467146589781e-09
9.933822881993684e-09
5.277718511826279e-10
0.0
-9.444246629710294e-09
-7.899328240135173e-10
3.2589126936647956e-08
4.5499835730941034e-08
3.2583212777574673e-08
4.620146823812419e-08
4.620146821357378e-08
3.258912693073136e-08
3.271934353875266e-08
1.4685765193455568e-10
1.4449085693326005e-10
1.221929038217287e-08
5.483455341450457e-10
2.330022419254861e-09
0.0
9.777989800897263e-09
3.74021103592457e-10
2.17819210288116e-08
2.178192072033309e-08
2.1293031625668718e-10
9.960254837447824e-09
9.96025483568751e-09
2.178192011341364e-08
9.61466274811259e-09
0.0
2.476642240180555e-07
3.258912664585512e-08
0.0
2.1781919502528485e-08
2.1770089028747422e-08
0.0
0.0
0.0
5.378513819129932e-07
4.68227919026186e-10
2.177600394700954e-08
2.1781918595828975e-08
0.0
0.0
0.0
2.761368271021524e-06
0.0
11.610427750772592
-11.610427948760977
-1.9798838514321904e-07
2.7699291911420543e-08
-3.4971134707542065e-08
-3.497113469609018e-08
2.654206657070999e-07
2.0537540029168187e-06
2.5401562386740352e-08
10.170188047846466
-10.170187959240087
3.0813024790883724e-10
0.0
0.0
0.0
0.0
6.79279087557709e-09
0.0
-5.3890346171539365e-09
0.0
0.0
2.654206655969315e-07
3.0859915981467636e-07
5.576115103587437e-10
-2.986350987361098e-07
5.663760330247587e-10
5.142260794543744e-10
0.0
1.9944944660416335e-08
5.654484641647571e-10
-3.8034065226153806e-10
-0.00013318662258069835
0.0
0.0
0.0
0.0
0.0
0.0
-3.8034065217811777e-10
0.0
0.00013395662216675593
0.0001339559191539451
0.0
0.0
