0
0.0
0.0
0.0
0.0
4.634263857752884e-08
2.677783265713169e-07
0.0
0.0
0.0
0.0
0.0
0.0
0.0
0.0
0.0
0.0
8.68820756354259e-09
7.207365239384903e-09
0.0
9.708378394116251e-09
0.0
0.0
0.0
0.0
6.151270916874452e-08
0.0
0.0
0.0
0.0
2.9009531120731324e-08
0.0
0.0
0.0
0.0
0.0
1.4036863745154152e-06
9.80989358040247e-09
0.0
0.0
1.1159603300874914e-08
0.0
0.0
0.0
0.0
0.0
1.9204726418469627e-08
0.0
0.0
0.0
0.0
0.0
0.0
0.0
0.0
0.0
1.451880973507669e-09
0.0
9.522439431456233e-09
0.0
0.0
0.0
3.1045682603138868e-09
2.2239038194239036e-17
0.0
9.378068569979132e-09
0.0
6.774906182242146e-09
0.0
0.0
0.0
0.0
1.573432976843091e-08
0.0
0.0
1.3385211006006914e-11
9.93990396993416e-09
0.0
0.0
0.0
0.0
0.0
1.0155235300682991e-10
1.236053531768304e-24
0.0
2.8305022334654526e-05
0.0
0.0
0.0
0.0
5.40432639749442e-09
0.0
9.437518838483521e-09
0.0
3.1747083025839636e-08
-3.17332431520954e-08
0.0
0.0
0.0
6.967082308227949e-08
0.0
0.0
0.0
9.875126341755447e-09
0.0
0.0
0.0
0.0
0.0
0.0
0.0
0.0
4.983516394257973e-09
0.0
0.0
0.0
0.0
0.0
0.0
0.0
0.0
0.0
3.535309109191231e-08
0.0
1.529577652219811e-09
0.0
0.0
-9.330754902672484e-09
-2.085353174331988e-08
0.0
9.412055164015888e-09
9.678715764567446e-09
0.0
9.840119688991876e-09
0.0
3.5391561370859095e-09
9.606022646963124e-09
0.0
1.2808123631348616e-05
1.625369983645032e-08
0.0
3.425556630724991e-08
0.0
0.0
0.0
1.9389315626336104e-08
0.0
0.0
0.0
0.0
0.0
0.0
5.036772978092541e-08
0.0
0.0
9.677974517131161e-09
7.640368475701441e-09
0.0
0.0
9.717439052493616e-09
9.889705976155791e-09
0.0
6.063664100573034e-14
8.534700512840185e-09
-1.2286260451935434e-05
0.0
0.0
0.0
0.0
0.0
0.0
0.0
2.0683320839397104e-08
1.971907923123871e-08
0.0
1.6647921179499466e-08
0.0
0.0
7.985804618196759e-08
0.0
0.0
0.0
0.0
0.0
0.0
2.5645759114721325e-05
0.0
2.8271308532724835e-05
0.0
1.0579041125998418e-09
0.0
3.293098542356274e-09
0.0
0.0
0.0
0.0
0.0
0.0
0.0
0.0
0.0
0.0
1.12876206417273e-09
1.985811099777811e-08
0.0
0.0
3.808168250484428e-09
0.0
7.1467148607736695e-06
1.022607044362117e-07
0.0
1.1410065417125243e-08
1.8992754903342673e-08
0.0
7.42517336038646e-10
3.9445187640974756e-08
9.774115510484419e-09
8.983107345837523e-09
0.0
0.0
0.0
0.0
0.0
0.0
9.701316616828613e-09
0.0
0.0
0.0
0.0
5.747958583118815e-19
3.6607888163590783e-09
1.41108921211747e-10
0.0
1.6925058883323068e-10
0.0
0.0
9.72733575478251e-09
1.348765608748248e-11
9.826996007744041e-09
0.0
9.5850006089243e-09
0.0
-1.7279472123987727e-19
3.185483371806723e-11
1.9465303796329167e-06
6.298905361941409e-12
0.0
0.0
0.0
0.0
1.4526280421725476e-21
0.0
-3.74375713325006e-05
7.361563322088378e-25
0.0
0.0
9.78431844954258e-09
0.0
2.1053118329370018e-11
0.0
2.3669986072582e-09
0.0
0.0
5.80014283702772e-07
0.0
9.860772712702546e-09
0.0
0.0
0.0
0.0
0.0
0.0
0.0
0.0
9.589160700298398e-09
0.0
0.0
5.67028588679444e-06
7.081082581859306e-11
0.0
5.347317292409254e-21
1.773609512470311e-08
0.0
9.398093946005762e-09
-7.043725381123225e-10
0.0
0.0
0.0
9.842453725086506e-09
9.499925741488105e-17
8.6621794811108e-09
-3.348917619539514e-10
0.0
0.0
0.0
0.0
8.999613099666152e-09
9.790368382099946e-09
9.834978194651298e-09
8.662179481107396e-09
0.0
0.0
0.0
1.0150116486131863e-08
0.0
0.0
8.701869106941923e-10
0.0
0.0
0.0
9.90676370735825e-09
0.0
0.0
4.149203872905107e-14
9.39339595777653e-09
3.560712789700043e-08
0.0
0.0
0.0
0.0
0.0
0.0
0.0
1.2274367978820768e-07
2.4656761446950557e-08
0.0
5.523644577851196e-09
0.0
0.0
0.0
9.383758568940097e-09
0.0
6.648844560856737e-12
0.0
0.0
2.66384521443182e-09
0.0
0.0
0.0
0.0
8.506943956234648e-09
8.506944482178369e-09
9.888058812718148e-09
9.888058806941383e-09
1.9628172756887126e-08
9.984251862815258e-09
9.98678190144986e-09
7.885443772915931e-10
8.448584440567187e-10
7.789946054756604e-10
0.0
-8.688207561160718e-09
9.91896102171173e-09
9.92875065206215e-09
9.986782910898373e-09
9.98647161175486e-09
-7.2073652398636835e-09
0.0
0.0
0.0
0.0
0.0
0.0
0.0
0.0
5.628581755112604e-11
0.0
0.0
1.9811675344119613e-08
2.891467016910189e-10
0.0
2.656485518665016e-09
0.0
0.0
0.0
1.7859644499346107e-08
0.0
0.0
7.732979009481856e-09
1.8041675952087807e-09
0.0
1.289694938155006e-08
2.1981976548380026e-08
0.0
0.0
0.0
0.0
0.0
0.0
0.0
0.0
0.0
3.386835821431381e-08
0.0
4.588583843107177e-09
0.0
3.889625753071649e-10
-9.708378390227011e-09
6.151270937231269e-08
9.987839707853094e-09
7.929765279172634e-10
8.439683333871805e-10
0.0
0.0
0.0
4.863540819980956e-09
0.0
0.0
0.0
0.0
0.0
0.0
0.0
0.0
9.889859301042667e-09
9.213034690599148e-09
-5.2077579079554856e-08
6.151270923319227e-08
0.0
1.979910980171677e-08
1.9862044599466115e-08
1.9974623615732463e-08
1.9972030973984275e-08
-9.871847141352592e-09
-5.229930243682347e-11
0.0
-8.166217242024446e-10
0.0
-9.40445384826731e-09
0.0
-5.413690174618997e-10
0.0
-9.501460057972921e-09
-3.709133154202034e-10
-9.499077779413896e-09
0.0
0.0
0.0
0.0
0.0
0.0
0.0
0.0
0.0
0.0
0.0
7.520846085633705e-09
0.0
9.977326076437976e-09
7.411365142934124e-10
9.708378386334169e-09
2.668552496929228e-10
0.0
3.3073254747868986e-09
0.0
1.077735679929559e-08
8.421871467501121e-10
-3.455158304276532e-08
-1.966779482200402e-08
-1.9667794826324396e-08
0.0
9.626620199934804e-09
0.0
-7.010297566113137e-10
1.3056310306352553e-09
0.0
0.0
1.8492169636270476e-08
1.85898413826564e-08
9.540555850866875e-10
5.112148698194559e-10
0.0
0.0
0.0
0.0
1.9628172959089914e-08
0.0
1.421030698044624e-17
6.37046412959796e-08
7.269986447461072e-08
0.0
4.1197095043477897e-10
0.0
1.0743550006120199e-08
0.0
-6.750710320187148e-09
-1.6903300374381263e-08
-9.03414471076037e-09
-9.165188772077817e-09
-1.205332403743202e-08
0.0
-6.726232319285822e-10
-9.809893580396811e-09
8.949972093365722e-07
9.733770132334908e-09
9.73377013116939e-09
3.2099924810198176e-16
0.0
0.0
5.873142682480305e-07
0.0
-1.1159603300291065e-08
0.0
1.9896689641194097e-08
9.935935981561386e-09
2.679750095795968e-08
0.0
2.9293131134585497e-08
9.396441398676781e-09
0.0
0.0
0.0
-7.268246804414957e-08
0.0
2.6764253606814667e-08
0.0
7.655407235410001e-09
0.0
9.935313300826052e-09
9.935313195107041e-09
9.861150533651704e-09
9.861150417067588e-09
9.861150652016953e-09
-9.338392193030755e-10
8.289203218690246e-09
0.0
7.649804539540927e-09
9.033963339411498e-09
3.082628600943285e-09
-6.059890625060142e-09
0.0
-1.4265914138889002e-07
0.0
1.920472640340542e-08
-7.331002124799646e-13
7.331462906147154e-13
1.2909771324533224e-05
1.291949511072102e-05
9.097504431645337e-10
1.8795143876820022e-08
1.5380505028892517e-08
6.803822888059865e-09
0.0
8.3062077247019e-09
0.0
2.0775838607844768e-08
2.3136019529403177e-13
3.001132271351515e-07
9.528815153074626e-09
0.0
-1.3844183876966127e-06
0.0
-1.4036863724697923e-06
9.344787480377702e-08
0.0
0.0
0.0
8.406586730542716e-10
9.98216578493305e-09
2.8592183650129586e-09
-4.172004691971954e-09
7.142231051928997e-10
0.0
0.0
0.0
8.773269202485845e-09
1.5347900848143833e-07
-1.0403565046610469e-07
9.986456131185836e-09
0.0
0.0
9.962194839214644e-09
9.966641440032937e-09
9.103462633738969e-09
0.0
0.0
-9.891900002213669e-09
0.0
0.0
1.1034000562509333e-07
5.024636830761112e-08
0.0
0.0
0.0
0.0
0.0
5.059653549591803e-08
5.4732254041966565e-09
0.0
3.537692423964106e-08
3.3465897361824795e-08
0.0
2.4656761431678576e-08
0.0
8.280493376432541e-10
0.0
1.5524281889678632e-08
0.0
6.2906847092849215e-09
7.976689072785286e-09
5.676623431239571e-10
0.0
5.21949069683658e-10
0.0
4.6341901439956414e-08
-9.696168862906937e-09
0.0
1.0996780742955625e-11
1.2861675924049698e-05
7.288681475614567e-10
9.86756971366686e-09
0.0
0.0
3.794352593488584e-09
8.168046432513558e-10
1.1510514207882237e-08
-1.193984863725929e-08
2.8499713306714632e-08
6.900554453241049e-08
0.0
0.0
0.0
0.0001479795442649875
-0.00014796447530329715
0.0
0.0
-1.1394347796271559e-08
-1.5295776756730356e-09
7.520421370265837e-09
5.9479428811632665e-08
7.231251300607398e-08
1.048272046649936e-09
6.511042513066579e-09
0.0
-3.924980367870584e-10
2.581642669633007e-07
2.5816426655790174e-07
7.821892777233619e-10
7.821888378515257e-10
-3.924980013777198e-10
0.0
-3.9249808297407544e-10
4.0530064967574855e-10
0.0
1.3984790524317681e-09
1.3984790642597933e-09
0.0
0.0
0.0
1.9609902552787473e-09
0.0
2.3467468836531034e-08
0.0
5.53629264633958e-08
8.25669270057506e-09
9.861150763277907e-09
-6.840103895597923e-10
1.06773537466519e-12
0.0
2.5903692750721064e-09
3.011879916404134e-08
9.955768682125802e-09
9.98824818199736e-09
9.976353318322598e-09
1.6828940163830987e-08
0.0
0.0
0.0
0.0
0.0
0.0
2.4018341794845716e-15
0.0
2.1068096668029495e-09
2.5227537451080677e-08
0.0
2.156224364014101e-09
1.782342157113296e-08
2.940683360740937e-10
8.235017681030287e-09
1.668833456185471e-08
0.0
9.145124171628014e-09
0.0
0.0
0.0
1.2540819561928011e-08
0.0
0.0
0.0
0.0
0.0
7.334193198992753e-09
0.0
3.977866875667123e-10
0.0
0.0
0.0
0.0
0.0
0.0
0.0
0.0
0.0
-3.3632380656931776e-08
0.0
2.3663137208870664e-08
5.0748615185120354e-08
-9.904547690933437e-09
0.0
0.0
0.0
3.3711070000951674e-08
9.972663972808394e-09
3.92237744506474e-08
0.0
0.0
0.0
0.0
2.7183744881236896e-09
0.0
0.0
0.0
0.0
1.684184608302528e-08
6.114332677137123e-10
0.0
5.5294310796760726e-18
0.0
0.0
-3.9223773922175706e-08
0.0
0.0
0.0
1.6903078348115504e-08
0.0
1.2720925965381547e-07
0.0
0.0
0.0
0.0
0.0
4.86942274503441e-08
6.991430384249117e-10
0.0
0.0
-6.135083389899906e-07
0.0
0.0
0.0
0.00010634984128986898
3.6117081567678653e-10
0.0
0.0
2.8352039224562355e-08
0.0
0.0
0.0
0.0
9.76731491134032e-09
0.0
9.82539250464929e-09
9.826023693814377e-09
0.0
0.0
6.5110424918056385e-09
6.511042487827336e-09
-6.494538650135115e-09
-6.4945386604752116e-09
0.0
0.0
0.0
0.00020079828711134837
0.0
0.0
0.0
-0.00020079818555899539
-1.3383792338284017e-11
0.0
0.0
0.0
0.0
-1.3149621353740704e-09
6.151270946584358e-08
-2.777252202898787e-07
0.0
0.0
0.0
3.693584321088857e-07
3.469446951953614e-18
3.59560872147493e-07
0.0
0.0
0.0
1.820629237785319e-05
0.0
0.0
0.0
0.0
0.0
4.437536062522963e-10
1.4660643488922319e-12
1.4660188341203098e-12
1.4691938119732407e-12
1.4692169493723813e-12
3.0118798916300656e-08
9.935046474672152e-09
0.0
3.9230260902814704e-08
6.21171986590472e-10
1.971907921154252e-08
9.526907850076007e-09
0.0
1.2588501493488778e-11
9.96856141124728e-09
9.968561189638498e-09
6.831622417862976e-17
0.0
3.968182582774433e-09
1.2353652429758543e-08
8.385469814315783e-09
0.0
0.0
0.0
1.6241226058953764e-10
0.0
0.0
0.0
0.0
-9.009134782698817e-09
-9.788067926894085e-09
1.6241038662588927e-10
-7.467952343571285e-10
0.0
-7.510417478778938e-09
-9.502002008571903e-09
0.0
0.0
0.0
9.943468220601501e-09
-9.46468666840946e-09
0.0
-2.831476678916235e-05
-2.829935814986954e-05
0.0
0.0
0.0
0.0
0.0
0.0
0.0
0.0
1.99858046345168e-08
0.0
0.0
1.2101413261824776e-09
1.2101413454525208e-09
1.2101413314294134e-09
0.0
1.2101412985627643e-09
0.0
0.0
0.0
5.971138550203632e-09
6.059042156891792e-14
0.0
9.43745720010269e-09
1.9135867188567468e-08
-6.483702463810914e-14
0.0
0.0
4.721770139326509e-07
-9.43751921056446e-09
0.0
-4.429057285203676e-07
6.061319431307749e-14
4.718014392346804e-07
3.0962099402926483e-10
1.2892478552781307e-05
7.206506027550067e-09
9.870826975449895e-09
7.320448113481898e-10
1.913587014786901e-08
0.0
6.361783580740363e-10
0.0
1.8113032167364957e-08
1.2024052233856961e-09
0.0
0.0
0.0
3.993320492708173e-07
3.1733243152122503e-08
3.993182093939261e-07
9.561769209367997e-09
-1.2884729935657201e-08
0.0
8.662179481007375e-09
8.662179481946225e-09
9.829589839980823e-09
9.82958971442343e-09
6.918290410361008e-10
1.0297008400248986e-09
0.0
1.0297007920295061e-09
0.0
0.0
9.48667582157229e-17
0.0
0.0
0.0
6.630690525361739e-08
-6.967082296243418e-08
1.4590014040069646e-07
0.0
8.815046687540098e-08
7.463890784627369e-05
3.079405400437918e-08
6.233952765869232e-09
0.0
0.0007763019144473089
-0.0007762622236691628
7.461265746277643e-10
1.8185567989279948e-05
0.0
-7.146714860773189e-06
-7.146714860773505e-06
0.0
2.1839423288311232e-08
-9.164671244284422e-09
1.997240443185446e-08
9.985811575416795e-09
0.0
0.0
0.0
0.0
0.0
0.0
0.0
2.0997062238986322e-08
9.740544826882663e-09
8.449759385899549e-10
0.0
3.494278301980585e-09
-6.732243747561824e-10
0.0
9.45577059490929e-09
0.0
1.4290623207911496e-08
0.0
1.8214141144866193e-05
0.0
0.0
0.0
0.0
0.0
0.0
9.968561669278657e-09
-9.875126341543465e-09
9.94655025205772e-09
1.2660124295658123e-08
1.2073932176186906e-08
1.9894633907159104e-08
8.074048538865078e-10
9.1156841441881e-09
0.0
6.115249621993574e-11
6.115248194245882e-11
9.31992190285378e-10
0.0
0.0
-3.0196028547556375e-07
8.416939257934995e-10
1.996655135185369e-08
9.983322386657167e-09
0.0
0.0
0.0
8.319884830043392e-08
0.0
0.0
-5.336132312194201e-10
0.0
0.0
1.2334594939663568e-16
9.889859492310773e-09
0.0
0.0
-8.080820788700637e-10
0.0
0.0
6.69034072612399e-13
6.097829135964326e-13
6.697183391867807e-13
-1.5234956959181423e-11
-1.3816665910340586e-15
9.111803465583158e-09
0.0
0.0
9.927462412629124e-09
9.85113394854588e-09
0.0
0.0
4.634263828467194e-08
0.0
0.0
-7.532562355978822e-16
0.0
0.0
9.985886569609915e-09
1.996939799241737e-08
8.419695515332117e-10
1.9212695398862567e-08
0.0
0.0
4.321710271032818e-11
8.365944317273418e-09
4.00347083840651e-12
9.524934751276374e-09
0.0
0.0
1.2482530838986377e-08
4.983516395341489e-09
0.0
0.0
0.0
0.0
0.0
9.70837987779305e-09
1.5788861462314168e-06
1.5788861462314193e-06
0.0
0.0
3.877632967617432e-07
9.147114606492914e-09
0.0
0.0
9.985721659017528e-09
0.0
1.0190185402684006e-08
9.722137156130043e-09
9.722135985157365e-09
0.0
-1.1569021294209276e-09
7.864830609813756e-10
9.894025421435665e-09
1.1080885015980757e-17
9.735150666381187e-09
3.8911427913124186e-08
1.9732575323416322e-08
9.838549698028276e-09
0.0
4.439365874621985e-10
0.0
0.0
0.0
7.546598149832598e-09
0.0
0.0
0.0
0.0
0.0
0.0
1.3337721179761626e-08
0.0
0.0
0.0
2.47627194432533e-10
7.857464495396559e-10
0.0
0.0
0.0
0.0
4.535535623974533e-10
3.9393572092435887e-10
0.0
0.0
0.0
0.0
0.0
0.0
0.0
0.0
0.0
0.0
0.0
0.0
-8.289264442386257e-09
-6.750588199544438e-09
-1.6903178301930916e-08
-9.034023822365762e-09
-9.165068006776136e-09
-1.2053202379214666e-08
6.050091150289205e-09
1.0569559989864314e-05
1.0568627997635113e-05
1.003412118752794e-08
1.0034119985861663e-08
0.0
0.0
0.0
0.0
1.2133537202464064e-05
0.0
1.0498988044138374e-08
0.0
0.0
0.0
1.355615257991214e-10
-3.535309109338697e-08
1.3108074928404633e-09
0.0
0.0
0.0
4.165802498595475e-08
0.0
9.899522867767714e-09
7.600337737561291e-10
0.0
0.0
0.0
0.0
0.0
1.7999836935136308e-08
0.0
0.0
0.0
0.0
0.0
0.0
0.0
0.0
0.0
1.4468916581580158e-06
3.685158625306978e-10
0.0
0.0
0.0
0.0
0.0
8.261903934809152e-09
0.0
0.0
0.0
0.0
0.0
0.0
-6.0435961521734805e-09
3.5414040174767264e-09
3.541404013790439e-09
0.0
1.1591262418228369e-06
9.238553515637793e-07
4.3889434503743974e-10
6.088793560117351e-10
9.74451168437691e-09
9.744511721041334e-09
0.0
0.0
0.0
1.3764384482686394e-09
0.0
1.3108074827451795e-09
6.511042496925415e-09
9.782178326656744e-09
0.0
0.0
2.058225468478789e-08
1.860141318223412e-08
7.118590486880579e-08
5.043667708859752e-09
5.0436676593349635e-09
0.0
0.0
0.0
1.088213057099111e-09
0.0
3.97182506766408e-09
0.0
0.0
0.0
5.310697808958355e-10
0.0
0.0
0.0
0.0
1.5264151605719572e-08
0.0
0.0
0.0
0.0
0.0
1.7628868721755334e-09
0.0
1.4581707258206538e-08
0.0
0.0
0.0
7.37112148509609e-10
0.0
0.0
0.0
0.0
1.6462605874587223e-08
0.0
9.05930306610252e-09
9.059303091608894e-09
9.059303101009891e-09
1.866532573226348e-08
9.059303085330204e-09
0.0
5.788387304659039e-10
6.62086094873536e-10
2.481856879925496e-09
9.907220016208043e-09
0.0
4.5438129104264625e-06
0.0
0.0
0.0
0.0
0.0
0.0
3.31702928859987e-07
4.0115480381963664e-18
3.161623384674676e-06
-1.280812363135036e-05
1.5951748068329358e-05
0.0
0.0
0.0
1.9730223476061362e-08
7.649032011771294e-10
1.9730223430068575e-08
9.825708463255586e-09
6.880443615478176e-10
-3.425556630526443e-08
-3.425556630625895e-08
0.0
0.0
-7.007721248560377e-09
2.8551792249245734e-07
0.0
9.7445116197057e-09
9.744511641240666e-09
1.3185042008867498e-05
1.8277774474881297e-08
0.0
9.87723648270683e-09
8.097990669323699e-09
1.7356176191659822e-08
0.0
0.0
0.0
-1.938931562628734e-08
-9.947800042910127e-09
1.9633955729650547e-08
0.0
0.0
0.0
0.0
4.1344601773369844e-09
0.0
2.735938675075818e-10
0.0
0.0
8.209410846317787e-10
4.912100621340923e-08
0.0
0.0
0.0
0.0
9.947475793046514e-09
0.0
8.060991725041255e-10
0.0
9.91796583597361e-09
0.0
9.951518229841127e-09
0.0
0.0
3.8260760585285265e-10
1.116454699159972e-07
1.0613491297783487e-05
6.462574692780784e-07
9.371334680384528e-09
2.4538245159601525e-10
1.984201334257393e-08
7.618832341156427e-10
0.0
0.0
6.477647526983848e-09
0.0
6.477647532272431e-09
0.0
0.0
0.0
-5.44026459449844e-10
-9.677974517055196e-09
-2.6336197337523126e-09
8.637562511761548e-09
9.425899096899216e-09
0.0
1.338333148189017e-10
0.0
-9.717439043225294e-09
-5.824899117873387e-10
1.0789832465881285e-09
0.0
6.784074875645036e-09
-5.036772976474424e-08
9.941906608167703e-09
9.941906484157124e-09
0.0
-9.889705976460356e-09
1.216298635373569e-05
0.0
0.0
-6.062489919800296e-14
1.361203500113724e-09
0.0
2.408842697860467e-11
0.0
9.143268850300112e-08
6.971917623526814e-10
0.0
0.0
-9.174871417673915e-09
0.0
0.0
0.0
0.0
1.0032204885145621e-07
3.562053859165748e-07
0.0
-3.3285006695304986e-17
2.3945743905667376e-10
9.66534707163661e-09
9.425889652137087e-09
9.618463166440825e-07
6.384054742773707e-09
0.0
6.798763083546621e-09
6.7987630802957e-09
0.0
9.666887712295316e-07
0.0
0.0
0.0
9.831339887154955e-09
2.9245385121424994e-08
9.471083404811342e-09
0.0
1.2294608767106476e-05
0.0
-0.000121686850892231
0.0001339731113441684
0.0
9.666887700065341e-07
0.0
0.0
1.975713604282692e-08
9.949066139533438e-09
1.3383334916267358e-10
3.826074759429145e-10
-1.7450356715187354e-08
0.0
0.0
5.816714776118081e-07
0.0
0.0
0.0
9.681192773703241e-09
1.1169906087009667e-07
0.0
0.0
0.0
5.410700069355314e-08
0.0
7.707399202705859e-10
0.0
-2.0683320841218195e-08
-2.068332084304101e-08
6.055294440579139e-07
0.0
0.0
-1.0438234117023426e-08
1.9633955732585294e-08
7.505917030100728e-10
0.0
1.0176070541211564e-07
9.917370778333295e-09
-7.397439620393396e-09
-7.39743961985489e-09
2.4160080521076804e-08
0.0
0.0
1.752848877473376e-07
4.5773151371430625e-08
3.4914692190250134e-09
-7.265363094759343e-08
0.0
-7.985804618090457e-08
0.0
0.0
0.0
0.0
5.877372409769355e-08
0.0
2.3623436950208583e-07
2.9038603830797298e-06
0.0
0.00028353452305491335
-0.0008217904446166253
0.0005382640679065457
0.0
0.0
0.0
0.0
0.0
0.0
0.0
8.446033313717984e-10
4.4724055356058034e-08
0.0
0.0
1.5702794306902624e-15
0.0
1.9783446624365812e-08
0.0
3.548865262066518e-08
0.0
1.8923415110109598e-08
8.359078433407716e-08
3.6447264459258317e-09
0.0
1.972953521548864e-08
4.2991271301203314e-11
0.0
1.925398708954363e-07
3.994355077053582e-08
9.985308869683851e-09
0.0
0.0
8.632290810818796e-10
-1.9829380130086116e-08
0.0
2.018375219422308e-08
0.0
0.0
9.966557516552488e-09
0.0
0.0
0.0
0.0
0.0
1.6420975525912603e-08
0.0
0.0
5.822125199613585e-08
8.273065606456027e-08
1.4641070693969654e-06
9.979539603542642e-09
-1.4541275291913257e-06
1.9902480886019848e-08
-9.717439036137322e-09
1.977430171557113e-08
0.0
-2.8258771201994663e-05
-2.8550122047407397e-05
0.0
1.057904155605219e-09
0.0
1.1017271532682516e-10
1.8309258196591918e-08
0.0
-8.289325651860162e-09
-6.750649243162515e-09
-1.690323933173219e-08
-1.830185730266156e-08
-1.8434184514688583e-08
-1.205326320176392e-08
6.050030448628493e-09
7.520785463583507e-09
1.2587722760560325e-11
9.889859234116369e-09
7.506078539321033e-10
-6.142725906231532e-10
5.6106152517394096e-08
0.0
0.0
9.727652096538639e-09
0.0
0.0
0.0
0.0
0.0
0.0
0.0
0.0
3.4321853168566734e-07
0.0
4.042507305383811e-07
0.0
0.0
9.739532113161123e-09
0.0
0.0
0.0
0.0
0.0
1.763065348120256e-08
7.817557555686593e-09
1.9064168751095956e-08
9.889859561602171e-09
0.0
1.4386152382228706e-14
0.0
6.013843643520066e-10
2.8954028337958273e-08
0.0
1.9064168694243366e-08
9.2130346370699e-09
9.213034583693271e-09
-1.97400500000452e-05
0.0
1.9747961771904152e-05
2.9413263312482764e-08
0.0
0.0
0.0
5.0099999635031865e-08
0.0
1.4533828695558907e-06
0.0
0.0
0.0
3.778992893353642e-08
1.5112076857692962e-07
8.37660319131788e-10
9.979094175011072e-09
-2.5667855900342333e-05
0.0
6.857298644160379e-09
0.0
0.0
0.0
0.0
1.270571542609511e-05
-1.1663277456905406e-07
1.0696603740210033e-07
0.0
2.1377968465767623e-07
0.0
5.042423350054364e-09
0.0
9.485860646019778e-09
9.485860652524991e-09
0.0
0.0
0.0
9.910024800774409e-09
0.0
0.0
1.2181591773599738e-08
4.182670111494867e-09
9.696168090655988e-09
8.393437944675072e-08
8.430020244799671e-10
0.0
-9.036446556343633e-09
-1.1287620647199015e-09
9.811569349725932e-09
0.0
1.0288625750325496e-07
-1.0576058209936107e-08
4.753236513448858e-08
-1.823098398074886e-08
9.982536759017835e-09
0.0
0.0
2.528518626023579e-09
0.0
0.0
2.5285178696347796e-09
1.3764384495842536e-09
0.0
0.0
0.0
9.81997699477067e-09
-9.910024659177605e-09
0.0
2.2040269059913053e-10
0.0
0.0
0.0
0.0
0.0
0.0
0.0
0.0
0.0
0.0
-1.0226070443024576e-07
-1.0226070443324087e-07
1.920472637385195e-08
0.0
1.883641098651254e-08
1.0830961621718357e-08
9.969474494850121e-09
9.969474710712873e-09
9.965924953119973e-09
9.965925173388724e-09
0.0
5.566893631336836e-08
3.07663619422294e-08
8.505604546179642e-08
-9.905423535658958e-09
-9.888058800575084e-09
3.1754002734119434e-08
6.90898225144304e-10
2.2746226810677853e-08
-3.960399752529183e-06
0.0
2.5285187091845415e-09
0.0
0.0
-1.5969692480980987e-09
-3.1955404999161165e-09
2.362343691098012e-07
0.0
0.0
3.2930985173646784e-09
0.0
0.0
1.2462804715302708e-08
2.2285853410681322e-08
0.0
7.424783210627491e-10
0.0
0.0
0.0
5.343932040991281e-10
0.0
0.0
0.0
0.0
1.31767968045037e-09
0.0
3.0843134210069216e-09
1.3708078000858338e-08
0.0
1.1162629961716251e-08
0.0
0.0
4.844190377404862e-09
0.0
0.0
1.1895714705149963e-08
0.0
0.0
6.699136643587988e-09
2.3919094417216423e-09
0.0
0.0
0.0
0.0
0.0
0.0
0.0
0.0
0.0
0.0
4.782586463436912e-09
8.907353210529366e-09
9.885304491377094e-09
2.212428933583125e-09
9.78225205512885e-09
9.854855336941567e-09
9.655535846044936e-09
0.0
0.0
0.0
0.0
0.0
1.9704907228891715e-08
5.316484627301608e-09
0.0
0.0
0.0
5.780851788219344e-09
7.866766245828648e-09
1.4614121933543564e-09
0.0
2.724450416724469e-08
4.064780600592128e-08
1.9695891022108332e-08
0.0
-1.9468824868535697e-08
0.0
0.0
0.0
0.0
1.4906141289476603e-08
-3.9445187642681706e-08
0.0
0.0
-6.377394596596674e-10
-9.826995982578635e-09
1.3293669730307342e-07
0.0
0.0
0.0
-8.983107345833454e-09
1.552510272668743e-07
-6.949735925632083e-17
3.405622078265976e-10
9.984482698606537e-09
9.974831121978211e-09
9.974830956536848e-09
9.959114030423691e-09
9.959113937169945e-09
9.961645363540555e-09
9.96164523432223e-09
9.896459993749483e-09
0.0
9.896459842704439e-09
0.0
4.450736519028183e-09
0.0
5.632410362945767e-10
8.501108118798558e-08
1.0121593413989043e-08
9.932118674066873e-09
7.918302591846439e-10
5.010181181360724e-09
9.890787917229147e-09
7.515137262481561e-10
9.890787967207913e-09
0.0
-9.701316616833318e-09
1.4583297340037838e-07
1.363181599041393e-07
1.4583297335704889e-07
0.0
1.3860938098777725e-16
3.621463152263914e-08
0.0
0.0
5.683038672581654e-09
0.0
0.0
2.9420473063438334e-08
0.0
0.0
0.0
3.9243699183704794e-08
0.0
1.3505798742485808e-05
0.0
0.0
0.0
1.838091460843785e-07
4.4355141564538914e-10
4.4365507228841823e-10
3.6550109296027106e-07
3.5607519391390824e-07
9.425900060477943e-09
6.807705280822772e-10
6.806440037744137e-10
4.438473425588526e-10
2.0662877572835023e-08
0.0
-5.742883382384156e-19
0.0
0.0
0.0
8.695904186608499e-10
0.0
0.0
0.0
0.0
0.0
0.0
0.0
-3.66078792659371e-09
1.9456754322231683e-08
-1.692505888315366e-10
0.0
0.0
3.195166956743199e-06
1.4636309917735734e-17
1.3631815986816445e-07
4.560047981080461e-05
4.5600479810804536e-05
9.940145077658487e-09
0.0
4.402814149039116e-10
0.0
0.0
6.615683793622081e-10
6.615693733628459e-10
0.0
4.986432651304096e-08
3.007298091923796e-08
0.0
0.0
0.0
2.5399058780248214e-08
0.0
0.0
0.0
5.3744530318065575e-08
2.056626139547277e-08
5.5692619882697384e-08
1.1699062754444898e-07
0.0
-9.727336314080816e-09
1.1699056696526396e-07
2.5722231053562537e-08
3.5132606150911084e-08
0.0
0.0
-9.826996008599487e-09
0.0
0.0
0.0
0.0
0.0
0.0
0.0
0.0
-2.713366966007602e-12
0.0
0.0
0.0
0.0
-3.065267745936335e-07
0.0
7.839080722481958e-09
0.0
0.0
0.0
6.151270929749011e-08
0.0
-4.5343573855227644e-10
0.0
3.0493656222557557e-07
3.049365614213686e-07
0.0
4.6342638484664904e-08
4.968416624282066e-17
9.27635489248775e-09
1.5296087301977188e-10
0.0
0.0
0.0
0.0
5.7710939552992524e-08
6.187368857269982e-05
0.0
0.0
0.0
0.0
5.134613791647271e-07
9.103461268249913e-09
0.0
0.0
0.0
5.134703774822626e-07
0.0
0.0
0.0
0.0
0.0
0.003253267784187683
1.0842021724855044e-19
1.9149585669651457e-07
-1.516227711408827e-08
1.8161799014506947e-05
-1.0916906389358523e-08
-3.0759862428396474e-07
0.0
2.898448193155093e-09
0.0
-1.9465303795946333e-06
-1.9070512476595657e-06
0.0
0.0
0.0
0.0
0.0
0.0
9.247075690489795e-09
9.899820204194785e-09
0.0
1.9224430352680854e-08
0.0
9.943058916527577e-09
0.0
-7.479175198996568e-10
0.0
0.0
-3.841312569234905e-08
9.925796056603486e-09
0.0
6.290972557649971e-08
0.0
0.0
2.9259821277385156e-08
9.943857498133151e-09
0.0
2.34355260884326e-08
-9.464664823551723e-09
0.0
9.898459824638373e-09
9.898459926255222e-09
1.684007098848626e-08
1.0024072987386588e-07
9.982211610132475e-09
0.0
9.984569075507817e-09
0.0
9.985887242740129e-09
9.894025527785014e-09
0.0
5.9537625272398136e-08
0.0
9.946550451387484e-09
0.0
9.943468522086001e-09
8.479362797522008e-09
9.926637386859436e-09
0.0
9.986592049494164e-09
0.0
9.9882491789071e-09
2.9209987528233233e-07
9.98322828923474e-09
0.0
9.986210148777039e-09
0.0
0.0
0.0
0.0
0.0
8.53470051368039e-09
0.0
0.0
0.0
1.6420976944955582e-08
0.0
0.0
0.0
0.0
0.0
0.0
6.672589061130294e-09
0.0
0.0
0.0
0.0
6.333949334982449e-08
0.0
0.0
0.0
0.0
0.0
0.0
0.0
0.0
0.0
0.0
0.0
0.0
3.742782043180925e-05
3.74409678191819e-05
0.0
3.765478587672881e-08
-7.649356790217481e-10
2.421747249869255e-09
9.88260689245761e-09
-6.476868614251971e-10
1.4171444568089705e-11
2.482375028922046e-09
0.0
0.0
0.0
0.0
1.20692909255298e-11
8.769875661155621e-12
2.5285186916292245e-09
9.83652330991275e-09
0.0
0.0
9.635491460115608e-09
0.0
2.8954028332328167e-08
1.1671948085354307e-11
9.439473891934678e-09
0.0
0.0
0.0
0.0
1.895262138115246e-08
0.0
9.95782301060899e-09
0.0
0.0
9.948515566904348e-09
2.6777832653934955e-07
7.490066447837738e-18
7.520603519221764e-09
7.520664197234047e-09
1.5825269815099118e-08
0.0
0.0
0.0
0.0
0.0
0.0
0.0
0.0
7.52042128549478e-09
9.887419760178082e-09
7.520482131630846e-09
7.52042145532334e-09
0.0
0.0
0.0
0.0
0.0
0.0
2.663844280919294e-09
0.0
0.0
1.40367855664888e-10
0.0
6.781421634085944e-11
0.0
1.1145709412370046e-09
0.0
6.301495520765028e-09
3.0361400173181163e-10
0.0
0.0
0.0
5.542240952977875e-06
0.0
1.7517095529264144e-08
0.0
0.0
0.0
1.376435863571797e-08
0.0
9.334847678363153e-10
9.003811375097346e-09
0.0
0.0
0.0
-2.3669985831390947e-09
-5.910884780163834e-10
0.0
0.0
1.1772248932173566e-06
1.3383339641653612e-10
9.238553510442398e-07
1.2453737333320807e-05
7.905318042281404e-10
0.0
1.4355500343002782e-08
2.6751820612410066e-09
5.09726764263515e-09
8.750348587148928e-09
0.0
6.036591298585501e-10
1.8995593012032272e-10
1.5909593627001653e-06
-1.2153263490602257e-05
1.0623210376333412e-05
1.5693359189720613e-17
-1.2153154555204332e-05
1.5660738026486085e-07
0.0
0.0
0.0
0.0
0.0
0.0
0.0
1.0706569036857126e-08
0.0
1.7108812041610756e-09
0.0
2.3928286222512117e-08
0.0
1.2183088824121077e-08
0.0
1.4812826142799406e-08
0.0
1.8625859088118564e-08
0.0
0.0
0.0
1.1193039909933662e-09
0.0
1.4120180421418293e-08
2.801233916273104e-09
1.3333929503349254e-08
8.999304208570421e-09
0.0
0.0
0.0
4.9561441222161616e-09
6.127707110089054e-17
1.3039190384788211e-09
0.0
9.940145131999565e-09
-5.757179266350414e-06
-5.800142837027178e-07
5.6666870422950196e-06
0.0
0.0
0.0
0.0
0.0
0.0
0.0
0.0
5.628453479080903e-11
0.0
0.0
1.9811675233741996e-08
2.8914661993076934e-10
0.0
7.732978668351514e-09
1.8041663253262575e-09
0.0
1.3302249932031261e-08
2.1981976383816473e-08
0.0
0.0
5.343928644826498e-10
0.0
0.0
0.0
0.0
1.317679623572229e-09
0.0
3.0843130770104362e-09
1.3708076699884248e-08
0.0
1.1162629791407445e-08
0.0
0.0
4.8441917644198775e-09
0.0
0.0
1.1895714236817224e-08
0.0
0.0
6.699136577646406e-09
2.3919108167723448e-09
0.0
0.0
0.0
0.0
0.0
9.516130990393661e-09
3.863000270877667e-10
6.151270937480146e-08
-4.2755552652779e-06
0.0
0.0
0.0
6.057605956610911e-07
0.0
-1.0482720355815822e-09
0.0
-9.860772712697868e-09
0.0
0.00010427578072711662
0.0
0.0001045217575520508
0.0
0.0
1.9982190114804094e-08
-1.905058691206718e-05
-9.365234578256887e-07
3.781808699213578e-07
0.0
1.4483051417084575e-08
0.0
0.0
8.227590680008207e-09
9.85113390637557e-09
7.128388126054755e-10
9.851133783711497e-09
0.0
9.076889395236666e-09
0.0
-2.296352709726492e-09
0.0
0.0
0.0
0.0
0.0
0.0
-5.510447234798905e-10
1.4521807102005285e-08
9.955768622862106e-09
8.149027319216306e-10
0.0
0.0
-9.411769337991718e-07
9.58793364102622e-07
9.874689711752982e-09
0.0
9.904514905279556e-09
7.649031412976445e-10
-9.921144279864073e-09
0.0
2.3558116998296288e-08
0.0
5.047534154061897e-09
0.0
0.0
7.934128985699114e-09
1.8995595654796843e-10
9.924217891921217e-09
1.8995604916074e-10
9.924218035877535e-09
0.0
2.3558114377708877e-08
0.0
5.047533759108849e-09
0.0
0.0
7.934131785047811e-09
6.057605956372762e-07
6.32300226464928e-08
9.941150159179136e-09
0.0
-7.991093239244828e-08
7.269986436858095e-08
0.0
9.973043878668502e-08
9.956343322709005e-09
-6.30269043010688e-08
0.0
-1.713599061290783e-07
3.023322733820789e-07
1.2202795890036004e-09
2.9539088185842227e-08
1.2992290844451686e-07
1.1735953033861207e-08
1.41531571444059e-07
-4.574885592419357e-10
0.0
0.0
0.0
0.0
8.690788327387346e-09
0.0
0.0
1.4850942968646116e-09
0.0
-8.493794921431511e-07
6.15127093696737e-08
-5.670285886780657e-06
-5.670285886787542e-06
9.341841967834855e-09
0.0
0.0
0.0
0.0
0.0
0.0
0.0
0.0
8.092168955949881e-09
8.092168947079759e-09
0.0
0.0
0.0
9.556550930109016e-07
0.0
-1.1010451855808512e-08
0.0
-9.464685364981608e-09
0.0
0.0
4.63426379918226e-08
0.0
-8.473966856806948e-09
9.754538562147327e-09
9.75453858370469e-09
6.186539207168189e-10
9.754538540588827e-09
6.186540193014335e-10
1.694604327114746e-09
4.024703897097251e-09
0.0
0.0
6.170411195151421e-09
7.927167193967555e-09
4.0469249143296516e-09
0.0
0.0
2.8747786014341115e-07
0.0
0.0
5.938591369012417e-08
0.0
0.0
0.0
0.0
2.668399639491166e-09
0.0
2.6684025892958958e-09
2.6684055170265634e-09
0.0
0.0
0.0
2.4013225900820297e-17
-9.398092970513972e-09
0.0
-9.398093945428565e-09
0.0
0.0
9.810510182331998e-09
0.0
0.0
0.0
0.0
0.0
9.842452414437041e-09
7.043725382434464e-10
9.842452413802877e-09
5.513944828410649e-13
-6.328996619162389e-10
-1.936031457719367e-08
0.0
0.0
0.0
0.0
-0.0029147342015747313
0.002914764623347919
0.0
0.0
0.0
0.0
5.509055936351114e-13
0.0
0.0
-9.94489930566627e-09
0.0
0.0
2.3755254397824387e-11
2.375522001329955e-11
-9.842453725032296e-09
0.0
0.0
0.0
-8.662179481078863e-09
3.684205171571097e-09
3.348917619860328e-10
0.0
0.0
0.0
0.0
0.0
9.55919308770134e-09
0.0
0.0
0.0
7.095382150870254e-08
0.0
0.0
5.498085306962667e-13
5.503698086120943e-13
6.550304460756134e-08
9.237063180267752e-10
5.422115803270325e-08
9.642308820310362e-09
1.318208233729319e-05
0.0
0.0
-1.277099753939338e-05
9.907219909038867e-09
0.0
9.90721994403273e-09
9.782178323234536e-09
6.456002994833327e-10
0.0
0.0
-9.174057918068593e-09
3.239791502023144e-09
-9.047347315771503e-07
0.0
0.0
-6.535854628226793e-10
-9.790368382080358e-09
0.0
0.0
0.0
-6.970837939365179e-10
0.0
6.250601796503309e-10
0.0
0.0
0.0
0.0
0.0
0.0
2.629413009695769e-10
9.722780301610592e-09
0.0
0.0
0.0
3.317029284641784e-07
0.0
5.508995312962912e-07
-5.217249541944822e-07
9.647403180794087e-09
9.824298411155965e-09
9.824308477845989e-09
6.135083390626462e-07
0.0
0.0
2.7744761248881177e-08
9.94115005813789e-09
0.0
0.0
0.0
0.0
-4.2100952195568935e-08
7.161955902866713e-08
9.811879428736625e-09
1.015011648670074e-08
-1.0045831142843392e-09
0.0
2.79011171550923e-10
2.9585818731167005e-08
9.506085886062344e-09
0.0
0.0
6.981716949138789e-09
0.0
8.70186913466079e-10
1.7903287023820688e-08
1.0150116487405011e-08
0.0
9.82429035374246e-09
6.206158136128164e-10
0.0
-9.505946683141531e-07
0.0
0.0
1.858027274294443e-08
0.0
0.0
0.0
0.0
1.9785935178031104e-08
9.886602021975423e-09
-8.717318868512803e-09
0.0
0.0
8.5409130270085e-11
0.0
9.784629116703705e-09
9.78462901890867e-09
-1.9752829244268355e-05
0.0
8.66217927941726e-09
0.0
6.224766557599504e-09
9.749173471929774e-08
1.0698057769304659e-07
0.0
0.0
-2.6685526302209343e-10
0.0
0.0
8.576972526465183e-09
0.0
-1.448305121611798e-08
4.3530065397290144e-17
-2.7030155541432914e-08
-2.6237044416218014e-08
6.83345660033483e-15
0.0
0.0
9.904933358252817e-09
9.960753555839906e-09
8.197659635174829e-10
0.0
0.0
-7.410391474597722e-09
6.301491292163762e-09
0.0
6.300237598674009e-09
0.0
0.0
6.301491695370324e-09
6.329188015986915e-09
3.036687386169381e-11
2.3114206726591732e-09
1.1717451215496411e-08
9.90493314451113e-09
0.0
0.0
9.940594434491914e-09
9.940592349266808e-09
1.920850116906696e-08
1.9208501415548276e-08
8.024082073329111e-10
9.946624673072852e-09
9.946624459841735e-09
9.932201526862163e-09
9.94296181831541e-09
-2.6336197033878755e-09
0.0
6.301494644351045e-09
0.0
1.920850192580218e-08
1.9205984999416714e-08
2.5693254018826338e-08
0.0
0.0
-1.7078498342241312e-08
7.036945920122735e-10
1.920724360760603e-08
1.9208502184803025e-08
0.0
0.0
0.0
0.0
6.151270940080832e-08
3.6507996697708053e-07
-4.78227872947693e-07
-1.1324299349201648e-07
2.677783263768571e-07
-2.465676141039097e-08
-2.465676143211567e-08
2.4824203037885217e-07
9.778389153932567e-07
0.0
3.763348761583527e-07
-2.776889253827556e-07
6.098830070561921e-10
0.0
2.9631228404638534e-09
0.0
0.0
0.0
0.0
0.0
0.0
0.0
2.4824202992161177e-07
0.0
8.311816065074821e-10
1.943714116048323e-08
8.407019316507503e-10
0.0
0.0
1.06786562644772e-08
8.379472041475385e-10
-9.383758596548386e-09
3.893856954674074e-07
0.0
0.0
8.643140351651642e-09
0.0
0.0
0.0
-2.5747470244300136e-10
0.0
0.0
0.0
0.0
-6.648844560856737e-12
