0
0.0
9.254343995806095e-09
0.0
0.0
8.998271817879186e-08
8.222312176981027e-05
0.0
0.0
0.0
0.0
0.0
7.900693661625613e-08
0.0
0.0
0.0
0.0
0.0
0.0
0.0
1.7468729440667798e-09
0.0
0.0
0.0
1.9348276988630073e-09
2.2176805882875938e-07
3.673188437864744e-09
0.0
0.0
8.522253217802177e-09
0.0
0.0
0.0
0.0
0.0
0.0
0.0024682640731785435
9.816836314333002e-09
6.009719062139735e-09
1.9205572321891707e-08
0.0
0.0
1.9473330691633806e-08
0.0
0.0
0.0
1.2856429924961706e-08
7.261361890685122e-09
0.0
0.0
0.0
0.0
0.0
0.0
0.0
0.0
0.0
0.0
0.0
0.0
0.0
0.0
9.288113332259246e-09
0.0
9.54321808371341e-09
0.0
0.0
2.0557511749288813e-10
0.0
4.2514745925599303e-20
0.0
0.0
0.0
9.639126170721888e-09
1.0150467966152377e-10
1.6193662381209535e-11
9.92713906652002e-09
1.713940838107087e-21
0.0
2.813819522893777e-10
0.0
0.0
0.0
1.1965074484823947e-21
0.0
0.010354813581087141
4.896848558637868e-13
0.0
1.5016313324266328e-10
0.0
3.597758817798287e-09
0.0
9.358894088597923e-09
0.0
0.0
8.246223664149053e-09
0.0
0.0
6.182121471380387e-09
1.613648290346376e-08
0.0
0.0
0.0
9.420568756053135e-09
0.0
0.0
9.515105564411754e-09
0.0
0.0
0.0
0.0
0.0
9.79606910183991e-09
0.0
0.0
4.80180129745297e-22
0.0
0.0
0.0
0.0
0.0
0.0
0.0
9.825296826417875e-09
0.0
0.0
1.6003106596296029e-09
-0.002887790584635397
0.0028877956782178416
0.0
6.005130212363361e-09
9.809170224267793e-09
0.0
0.0
8.080205339702432e-09
3.240319687304919e-09
8.49694842668634e-09
0.0
5.491553104269429e-08
4.545263954770647e-09
0.0
2.6642726780332307e-08
4.656251316193132e-09
0.0
1.5141447335325038e-21
1.9028778157208805e-08
0.0
0.0
0.0
0.0
0.0
2.868790402661906e-09
0.0
9.47218801623846e-09
1.9400807708067803e-08
1.087925412034082e-09
1.1014145053047942e-10
5.026992335426114e-09
4.646816729175303e-09
0.0
0.0
0.0
0.0
0.0
-0.0028549277229037995
2.816831106181234e-07
2.0586473430854216e-09
0.0
0.0
0.0
0.0
0.0
0.0
9.966646419055523e-10
3.083783988394306e-07
0.0
0.0
0.0
2.727380759877914e-09
0.0
0.0
0.0
0.0
9.665389357147105e-09
0.0
1.0004079342706973e-08
1.5470626759332197e-10
0.011974397136902404
1.8836061517541032e-08
2.6681178248548047e-06
0.0
2.8423605356715257e-08
0.0
0.0
3.9696724550650004e-21
0.0
0.0
0.00025814652392311616
0.0
1.7974433622894e-08
0.0
0.0
1.3310392495634198e-09
1.2831428496256316e-08
0.0
8.895659136066082e-09
3.806380003724963e-09
0.0
1.5147587390851989e-10
0.0
0.0
3.561035847683738e-07
0.0
1.0238593005036208e-06
9.639737284610713e-09
0.0
0.0
0.0
0.0
2.572036426410671e-09
0.0
7.684996673226382e-09
9.553088550044337e-09
0.0
9.736215414336355e-09
0.0
1.5610568841466787e-09
0.0
0.0
0.0
9.853527070765526e-09
0.0
1.2284789443234082e-10
1.6917111219257573e-10
2.7509353352218345e-20
0.0
9.476788267921817e-09
1.3481322828912123e-11
4.675848857907896e-09
2.668058404129537e-12
8.143004447243542e-09
0.0
0.0
3.9904671135560055e-10
-8.199614101504988e-05
6.295947675355527e-12
0.0
0.0
0.0
0.0
2.9697045064350494e-21
0.0
-0.010641706015950873
1.2599859308296848e-24
9.885126045514115e-09
9.464611459776444e-09
7.351740086313603e-09
0.0
0.0
0.0
0.0
4.0243108422227925e-08
0.0
-1.6861403601062253e-06
0.0
0.0
0.0
3.146966232171279e-09
4.166057133529944e-09
0.0
0.0
0.0
0.0
0.0
0.0
1.7031449396155662e-09
0.0
0.0
1.204028410486363e-06
1.7008279760409084e-09
0.0
0.0
0.0
2.200254823107358e-09
0.0
0.0
0.0
0.0
0.0
9.738163531340723e-19
3.576200293609074e-09
-2.7027444460259176e-06
0.0
0.0
3.982336685841051e-09
9.703866704811069e-09
0.0
0.0
9.741205461622395e-09
3.5762001905162264e-09
0.0
0.0
0.0
1.0397324915042987e-08
0.0
9.489618333322167e-09
0.0
0.0
0.0
0.0
9.499320596059933e-09
0.0
1.435988943240567e-15
7.591149930874508e-15
0.0
0.0
9.818549472147082e-09
0.0
0.0
0.0
0.0
0.0
0.0
0.0
0.0
0.0
0.0
0.0
0.0
0.0
9.776369462395001e-09
9.614426966980786e-09
6.6457223991072236e-12
8.18516910715798e-06
1.4455812682724655e-05
1.943541644199696e-06
0.0
1.14664687026781e-07
0.0
9.671534094071003e-06
4.572457758464919e-09
4.572457758417485e-09
7.560563416497219e-11
7.560563407638727e-11
1.7472869251521198e-08
7.830329399249243e-09
9.983727441986723e-09
5.435032636072922e-10
5.677628943723171e-10
5.307559491928741e-10
9.886059152387782e-09
4.712006861323416e-10
9.946391611925709e-09
9.959304358071655e-09
9.98372744887472e-09
9.983877927371791e-09
4.6331172781799673e-10
3.256830882151863e-06
7.173761196832594e-05
0.0
9.964556217233712e-07
1.8598826170311827e-07
1.1434137741084232e-07
3.1710258222104865e-06
7.202516800523101e-05
3.199966616030116e-05
3.6592067466880505e-06
4.248309980010519e-07
2.7789013826621635e-05
1.133352377390281e-07
1.1020336141695422e-05
6.687243295301255e-05
3.145149157631281e-05
3.6134169130603658e-06
4.4087110072726357e-07
2.7786644377978234e-05
1.1435930713581866e-07
1.1010746331345101e-05
3.969368279994882e-05
2.0157370888877035e-05
2.6606434551221707e-06
1.009479951202625e-06
0.0
1.4106272896191655e-07
2.3446303183286074e-07
2.3789823443819536e-08
8.137252848947605e-09
0.0
9.937271691319638e-07
0.0
0.0
0.0
0.0
0.0
0.0
3.367395582285323e-08
2.6449522530978324e-08
0.0
2.2176805882659788e-07
9.984580273680876e-09
9.965877012518831e-09
5.685892465160536e-10
6.250734077634481e-06
3.0869586910459465e-06
3.155617745392646e-06
3.198001097867091e-05
3.155617746982557e-06
4.90942125879615e-07
2.5034659977154104e-07
1.1471966341366105e-07
3.499953386620015e-05
6.2525985959100295e-06
6.252598597500057e-06
6.2525985990900334e-06
0.0
0.0
-2.2176805882845508e-07
2.217680588281472e-07
2.1423335384605326e-19
1.9900946595309645e-08
1.9925181177605828e-08
1.996830734441342e-08
1.9968592880102583e-08
6.2507340772370184e-06
3.0772247311523706e-06
3.155617744995161e-06
3.6113225899652227e-05
3.1556177465850966e-06
4.909421254821922e-07
2.5034659937413214e-07
1.1471966301627892e-07
3.499953386580279e-05
6.25259859551252e-06
6.2525985971025706e-06
6.252598598692567e-06
6.250734076839541e-06
3.0869586902509717e-06
3.155617744597664e-06
3.611322589925477e-05
3.1556177461876226e-06
4.90942125084737e-07
2.503465989767011e-07
1.1471966261887277e-07
3.499953386540541e-05
6.252598596705059e-06
6.252598598295058e-06
1.4324986318935315e-08
3.5068994983339783e-07
5.583140594887538e-10
5.388146998664193e-10
1.7468729445573756e-09
0.0
0.0
0.0
0.0
2.991449537810451e-08
5.654147259332676e-10
0.0
0.0
0.0
9.254344258618588e-09
0.0
0.0
2.0677567987444464e-06
0.0002176629728223998
0.00010876709193067509
0.0004590586939427803
0.002348877377350196
2.7695158400658785e-05
7.852205454147616e-05
0.0001323516570361181
1.1559195571242226e-07
8.980737274710546e-08
6.054955760382072e-06
0.0
1.7472869251759164e-08
0.0
0.0
0.0009209161953569408
2.5404326697946292e-06
0.03612252120116637
9.93043878350059e-09
0.0
0.0002581703170532225
0.0002581588472643573
2.8817314481960384e-09
-2.8035796917452965e-09
-4.066504533040871e-09
-3.305262993481394e-05
2.967696643282544e-07
3.509538973634228e-05
-4.028783098286207e-10
-9.816836314333055e-09
-3.265890212682146e-05
-6.009719062156785e-09
0.0
1.4968190812233552e-16
0.0
0.00011265851122139785
0.010750752559740945
1.920557232194126e-08
0.0
-1.9205572321919162e-08
0.0
-9.98403842956013e-09
2.6508141817669343e-06
0.0
0.0
0.0
0.002405572058394153
0.0024055720583941523
0.0
0.00037262199709786614
3.264227986012709e-07
2.650612096951195e-06
0.0
3.715583504125686e-09
0.0
9.632056284290877e-09
9.632056284078722e-09
9.519889851710187e-09
1.099045939311924e-10
9.519889852303601e-09
-0.0002581605002168596
-0.000258158847264307
-1.2323341125330955e-08
2.8035797398906492e-09
4.066504582719843e-09
3.0146159451674946e-05
3.546423718878882e-05
9.522588500629095e-08
-5.4214811143874345e-08
0.00038546462996974
1.2856429538098342e-08
-1.2797922444018894e-15
1.2796414704088496e-15
0.0013148758384682185
0.0013148758384669418
-0.000385464629969739
4.838284983210785e-05
6.520778225862908e-05
2.420059579298423e-07
0.00023237088411850624
0.00022255279417617463
7.817165133772751e-05
3.1359394748035545e-05
4.1729101290764963e-16
0.0
-7.261361890158611e-09
7.261361889631143e-09
-0.34662388367311703
0.3441556195999392
-0.0024682640731785435
0.0
0.0
0.0
8.488686845048905e-05
9.981536227642487e-09
9.98153622265177e-09
-0.1274145591659397
-0.315921613269456
-5.350183809172006e-06
0.0
0.006586685413931548
0.0006431612240380104
2.4338017733585065e-08
1.7868757673180147
-1.7868757273811144
5.680107549473281e-10
0.0
0.0
9.954608904891154e-09
9.960001615218103e-09
4.2194326644536703e-07
0.004047673161030899
2.6930878077842e-06
0.00011164633232557328
0.00018091116698317096
0.00011164633232557012
5.315063999072107e-06
8.898764527564661e-07
3.506035879008232e-07
1.0143998942995248e-06
1.914003636853178e-06
1.8913529675153715e-07
1.004505107056188e-08
0.0
0.0
1.769676227697531e-07
3.5637562985184245e-07
1.449612523725215e-06
4.597348100317536e-09
0.0
3.706007742172602e-07
5.46073646752637e-10
4.8296490578403665e-05
9.24804115468499e-05
2.685526893160681e-06
3.143484563264474e-05
2.0568477465286258e-06
2.41008251579041e-07
3.134238881633627e-05
-0.002405572058394867
0.0
8.9982717802362e-08
0.0001809065710473342
0.0001809111669831605
-0.00018091116698316402
0.0003941870886113929
2.259567678574098e-10
2.2595676788693062e-10
2.031817053575454e-06
2.304242413692695e-06
2.348376815826813e-06
5.421615354593381e-10
3.364346503879758e-07
0.0
0.0
0.0
0.00040349301395090054
0.0
0.0
0.0
-8.358037969675112e-06
8.397265717632613e-06
9.922638560647573e-09
0.0
0.0
1.4324986427529524e-08
2.116113556158113e-05
4.354863669813802e-05
9.850425123298103e-09
0.0
3.41749050249396e-09
0.0
0.00018116907271275692
0.00018116907271275301
9.96867073188641e-09
9.968670727939237e-09
0.0
3.4174905024610837e-09
0.0
0.0
9.713870991506232e-09
0.0
0.0
0.0
1.0091816832127983e-06
1.821858337287368e-07
0.0
0.0
0.0
0.0
2.5556568099870273e-08
3.7857721018449065e-09
9.519889852947396e-09
-9.561202497755054e-09
3.73855647246346e-11
0.0
2.4033102646063234e-06
1.4725429733393307e-07
9.946082244125435e-09
9.98446382119249e-09
5.364259650669756e-10
2.6409800406667016e-06
0.0
0.0
6.054955760379679e-06
0.0
2.4227515280240938e-08
2.4227515270579065e-08
9.543242171872841e-18
3.385445728115015e-16
4.5670609236666664e-05
2.0441625966082087e-06
0.0
2.9765048349182368e-05
0.0
1.6893635201274386e-08
3.134948011305469e-05
2.712240595441067e-06
6.316361966202068e-05
2.517326450440897e-07
0.00020260583576932364
0.0002225622519372638
7.815475770252596e-05
9.914634980580902e-09
0.0
0.0
0.0
0.0
1.3116416197391546e-06
2.2783858639212056e-06
7.165021641965325e-06
7.155478423881606e-06
7.1650216419653195e-06
7.1650216419653195e-06
7.165021641965321e-06
3.441572330348815e-22
6.252321033100694e-22
0.0
0.0003302223747810863
0.0003302225417117408
0.0
0.0
0.0
0.0
5.6122222433845244e-05
7.80750160921653e-05
7.807501609216123e-05
0.0
4.4152335479037664e-05
0.0001002546215685543
9.974436268253561e-09
-1.6342514869843727e-07
0.0
0.0
0.0
0.00024056961575560226
1.5506467515084413e-07
5.615097088981029e-05
0.00018455901965857565
0.0
2.0408787505180548e-05
-2.055391211130595e-05
5.245144825237628e-10
4.245484555452938e-20
0.0
0.0
6.889403490158812e-09
1.6342514869843727e-07
0.0
0.0
0.0
1.5018128745195526e-08
3.6035704411563865e-05
-0.00040678997227255875
0.0
0.0
0.0
0.0
5.0639377178718814e-05
-5.0439510223945426e-05
9.898513286810129e-09
3.170606506589343e-20
7.81025511915193e-05
-2.2095089887175917e-07
2.6823077657536947e-05
2.664023038065301e-05
0.0
0.028924158583276238
6.649289096778269e-09
0.0
0.0
1.4414531481930806e-09
0.0
0.0
0.0
2.6930878082142086e-06
8.344062382479412e-09
0.0
9.561169081629589e-09
1.5062111188247406e-10
0.0
0.0
0.0
-2.2752378128851895e-10
0.0
0.0
0.0
0.0
0.0
0.5287190129804693
-1.0150467966152377e-10
7.90069366365986e-08
0.0
-0.5287190128789646
-1.6191205928078878e-11
0.0
0.0
0.0
0.0
-5.350995281908627e-10
2.2176805882301927e-07
-1.459275449023148e-05
1.0451538216066938e-05
0.0
1.2711052753205522e-08
2.3194938675462e-07
0.0
2.4466043950782386e-07
5.689845240185162e-05
2.3052170844687127e-07
4.478013296634373e-06
0.0
0.0001480395652632054
8.931721319208443e-09
0.0
0.0
0.0
9.684982113872134e-09
2.559195085774843e-15
2.5595165218702914e-15
2.558660552262515e-15
2.5596865223588304e-15
1.4725429732519558e-07
5.350646530133637e-10
0.0
8.621112662618826e-09
0.0
9.96664641734466e-10
2.8547837667527458e-08
9.217016739426653e-09
1.7381291887646148e-10
9.834140971113472e-09
4.199569806039139e-10
0.0
0.0
5.421369994021119e-06
5.431192934099577e-06
4.089022964674393e-10
1.0238593005032517e-06
1.181933748010461e-08
7.198743122510768e-05
1.9420478136048174e-06
4.094504564564877e-08
1.1564771279590737e-08
0.0
0.0
2.3825849101362214e-09
7.198743122510823e-05
1.942047813605359e-06
4.091562423605774e-08
1.154188574027632e-08
-9.730030783353829e-09
-9.307432583791119e-09
0.0
-1.015046660547865e-10
4.1895272248206504e-07
9.95771792284975e-09
0.00029197479990654966
0.00029197479990654966
-0.010354813581087141
-0.01035284011415527
6.144809917554988e-05
0.00027731797391442026
-4.896848558637868e-13
0.0003387660726002853
1.5016529739358919e-10
1.501638546265927e-10
1.1493593087492019e-09
0.0
0.0
1.0894240037257082e-08
0.0
0.0
0.0
0.0
0.0
0.0
0.0
0.0
0.0
4.6421441039745995e-09
-1.4253870436395366e-17
8.640670173389532e-09
0.0
0.0
0.0
0.0
0.00018233132769817726
-0.00012351703491297883
0.0
0.0
-5.879468159145416e-05
0.0
5.882365167925958e-05
0.0
0.0013148365547885573
4.1918157572328786e-07
9.930977725334252e-09
5.155399514896561e-10
7.182239846763702e-10
2.45693355427669e-06
-2.4569335542676545e-06
2.9064704831894108e-06
-3.5761006853068066e-05
3.49905551982411e-05
1.405093594577767e-05
2.058100097566574e-09
7.73253231657233e-09
1.9478744747947505e-05
-8.246223664149053e-09
1.947873092467362e-05
0.0
0.0
7.164913514965063e-18
3.576200190513623e-09
0.0
9.891440936111783e-09
9.89144093505374e-09
4.765128560158495e-10
0.0
0.0003604617912614234
0.0
-6.182121481401737e-09
0.00036043437218782757
9.819398569867837e-19
0.0
0.0
4.405331079778062e-06
5.497107903203416e-05
-6.665639018102658e-09
5.058188443514952e-05
0.0
0.0
0.01982859386510705
2.894352164185512e-06
0.0
0.0
5.545010015857549
-5.545009976010725
9.963924315711955e-09
0.0003655858798515786
2.3233901578493556e-05
0.0
0.0
4.770447531221863e-08
4.029880113504931e-08
-3.560195412202143e-07
1.9965276584406553e-08
5.6613872990923e-10
7.217406539343977e-05
0.00012630842234570688
3.0674653342454524e-05
0.0
5.324115270990887e-05
7.488850682434756e-06
6.928618551801664e-05
3.065596867172749e-07
9.82880710154177e-09
5.669394117531749e-10
9.886059154427603e-09
4.29675976293294e-08
1.2634898769597891e-08
9.878066658863318e-09
-7.900693662386956e-08
0.00010171375010768212
9.28978003354125e-05
9.116881306767536e-06
1.3095687642781842e-05
0.00014804093335202333
1.221429606271625e-07
5.863762726014544e-07
2.720640790784404e-09
0.0
0.0
9.834140972084731e-09
-1.1953781518430141e-11
9.9693023653479e-09
2.0568728629556394e-08
1.0789697086840758e-05
1.9933300863618822e-08
5.481373483447603e-10
0.0
0.0
9.736029046072903e-09
3.231342297274078e-10
2.6273070860929577e-09
1.2128360296057683e-06
0.0
2.0310010136625803e-08
5.655793622991851e-10
1.9964303243122735e-08
9.982637056771878e-09
4.866622406300325e-09
3.26422798600795e-07
0.0
2.966769166542943e-05
0.0
0.0
-9.89808696053038e-09
1.8087827005703232e-05
1.809772509266483e-05
0.0
0.0
1.2634898909916426e-08
1.2634898920989324e-08
-4.545480800393491e-10
0.0
0.0
7.476840602208064e-11
7.477061293636687e-11
7.476958281929897e-11
-1.5596973396110126e-11
0.0
0.0
0.0
2.4011995065154104e-08
-6.889403493873236e-09
0.0
0.0
0.0
8.998271813799205e-08
0.0
0.0
-6.478107980600889e-18
1.212836029605538e-06
8.807619117844451e-09
5.633058216966697e-10
1.9956022314074858e-08
5.606361293482446e-10
4.445325792756116e-09
5.233519020606112e-09
0.0
9.657643053088043e-10
3.2134386408191575e-09
3.7391875231811443e-11
9.844974863899861e-09
1.9647252596051266e-08
0.0
0.0
3.8238308676053375e-10
0.0
-9.796069101845894e-09
0.0
0.0
1.3044277448483994e-19
0.0
0.0003628593219053383
0.00036285932190533826
0.0
0.0
1.301614518526722e-05
8.752044258852273e-09
0.0
0.0
9.987258949985972e-09
0.0
-0.00011467184838127093
9.792097860476939e-09
9.792097859558785e-09
9.67114804538739e-09
9.514532063694065e-06
4.32875824657982e-10
9.960105383467407e-09
0.0
7.502575138827562e-05
1.0814225672180428e-05
1.9910744389507826e-08
5.349488928260147e-10
0.0
9.689854236501893e-09
0.0
0.0
-9.675184062803117e-09
3.104664639007789e-06
0.0
3.096551360314578e-06
0.0
1.7541484037112226e-06
1.4014693420789246e-06
3.198928065728683e-05
0.0
3.1648562065024863e-06
0.0
5.005672693533824e-07
0.0
0.0
2.601995669890661e-07
1.2427505114000273e-07
0.0
3.5008792784075476e-05
0.0
6.261936328736676e-06
0.0
2.8175664715968045e-06
3.435032126300761e-06
6.261936331916581e-06
0.0
0.0
0.0
0.0
0.0
0.0
0.0
0.0002581605002168752
0.0002581588472643243
2.881731416145544e-09
-2.8035797225434145e-09
-4.066504565372608e-09
-3.305262993484777e-05
2.9676966429529467e-07
-3.5095389736375946e-05
0.0003714903032601313
0.00037148767595304526
1.2781117256039448e-08
1.2781117277268509e-08
1.0238593004998098e-06
1.0238593005013743e-06
0.0
0.0
0.003541939532311189
6.029275668569037e-06
5.792528093308225e-06
2.420486476508469e-07
0.0
1.8728243228376778e-05
1.2996104010893938e-05
0.0
0.0
-4.112282606586647e-10
0.0
0.0
2.9677203283326892e-05
0.0
8.82329868026583e-09
0.0
1.2374959969071938e-07
7.3869591996535996e-09
0.0
0.00010604957664811007
0.00019395938937222227
0.002086428383354536
7.261758647783404e-08
0.0
0.00014844879334705794
9.353300329791702e-05
3.3557530377982124e-06
6.293189877002608e-05
6.747010165067955e-05
2.2466090638923735e-07
3.5279268205687e-05
0.000260942473473318
7.775180716086034e-09
0.0
0.000115400229916843
0.00012397593241393693
6.2622235210043165e-06
6.330074622248975e-05
3.170909479762844e-05
3.2949544455768323e-07
7.026982340394491e-05
0.0
0.0
3.2081028050052962e-06
0.0004515478120915716
-3.3032374121596306e-10
0.0
0.0
-9.743313711396695e-09
-0.0005738753239343808
0.002096176608443648
0.0005738704447517837
0.0
0.0
0.0
0.0
1.8289664685200483e-06
1.5275991502724308e-07
0.0
0.0
0.0
0.0
0.0
3.1320918975096256e-06
3.259069311304556e-05
0.00023800175289375876
0.002887790584635397
0.00018744790205917693
9.910157726041234e-09
9.910157726138206e-09
0.0
0.0
0.0
0.0
2.264543664788805e-08
0.0
7.15709558261504e-09
7.157095582609346e-09
7.157095582626198e-09
1.6966265806891447e-08
7.157095582623657e-09
3.536982011661121e-06
3.5244268836903203e-06
-0.00289909722357784
2.1430011420815594e-08
0.0
0.0
8.103016731872182e-09
8.103016731872052e-09
8.103016731876257e-09
2.2811392169540614e-11
8.103016731872586e-09
6.642070199851946e-07
0.0
0.0
1.5320878160233294e-06
1.53532813571068e-06
1.5267889722250964e-06
1.5320878160233522e-06
1.5267889722251216e-06
0.0
1.313140537733133e-06
0.0
2.5930968108116645e-06
2.5930968108116705e-06
2.5930968108116827e-06
2.601593759238367e-06
2.5930968108116806e-06
0.0007256554126152461
1.6518166933829105e-06
0.0
3.3034312046248927e-06
0.0
0.0
6.248651485573519e-06
2.241840856618811e-06
0.0
3.363002059711226e-16
0.0
1.0865518446117869e-07
2.4853447788291328e-06
5.936135738113509
0.0
0.0007303422716500019
-4.53451657249723e-08
0.0007323789135645922
3.783732352199117e-07
0.01766302625459995
4.414471907657217e-09
1.0226060420684931e-08
4.46540101312657e-10
1.9716520829328006e-08
9.855446213334315e-09
4.4098483781457286e-10
-1.7125625403297963e-08
-2.6642726780339764e-08
0.0
4.414471907687662e-09
-4.545263954710416e-09
0.0
0.0
-4.656251316196495e-09
0.0
0.001721796877206569
4.97457156537824e-09
0.0
0.0
-8.815326140807086e-09
0.0
7.310029023710039e-06
0.0
0.0
-9.541675288250584e-09
-9.673874578459106e-09
0.0
1.9039603313255395e-08
2.6258813417370903e-06
9.043624895024185e-05
2.6952535802752785e-06
1.6697972834625794e-06
2.0663055076182394e-06
2.2411461637801244e-07
0.0
1.8876273046216975e-09
0.0
-1.8783999443344126e-07
0.0
0.0
0.0
0.0
2.656348979797426e-10
0.0
3.157299875694616e-10
0.0
4.2623452937986244e-10
0.0
5.02203678320445e-10
5.980593345048013e-05
0.0028725805304480987
0.0008524731020233986
3.344155963095055e-05
0.0031283845237753682
2.8406908557333803e-06
0.0
0.0
0.0
-9.91186778029491e-09
-6.285819990846749e-11
0.0
0.0
0.0
0.0
0.0
0.0
0.0
0.0
0.0
0.0
0.0
7.809214198707892e-09
1.1493463075505307e-09
0.0
0.0
3.855442432323941e-09
0.0
4.4240806502374395e-05
0.0
0.0
0.0
9.818602474214427e-09
9.818602473600502e-09
2.7184739095945358e-09
0.0
0.004262522802946256
5.772097472336868e-06
0.00017512931841527494
0.0
0.0
0.0
2.7963516368763394e-05
7.144135890525152e-08
0.0
0.0007778123434197137
2.534347795358405e-10
3.542398757920289e-05
0.0003048757559126176
0.00030487575591261963
0.00030487575591261573
0.0003048757559126128
0.0
0.0001866755861166493
0.0001819183644706998
0.006613128029919501
0.0
3.145693129173162e-07
3.288620229923288e-08
-2.8168311061810294e-07
0.0
0.00661299343513509
0.0
0.0
-2.0586473432016256e-09
0.0
0.006612988032773428
1.149343347470183e-09
1.1493493148487049e-09
1.1493523693969824e-09
3.5931236703427155e-09
2.070555472476469e-08
0.0
0.0
0.002795822074120081
5.8775711396688965e-05
-3.450769565838591
3.4536244935614944
1.3459478441161363e-07
0.006612988032773424
0.0017698589424416991
0.0
0.0
5.327241292339874e-10
0.0
0.0008524731020233977
0.03612251127072952
1.0735169863236081e-07
0.0006134900763356882
-0.0014411465550472624
0.0008882113420481356
1.9266982437650847e-08
0.00018090141588760858
-2.963675246281874e-07
0.00040127295851950687
0.0
0.0
2.3338506807696226e-07
-0.03623630410185143
0.00011372592252749938
9.90594699659935e-09
6.653762322179643e-06
4.536196873426631e-09
0.0
6.194508508261163e-06
0.0
8.713302814825842e-09
0.0
0.0
2.9773557607614526e-10
1.2572721334742516e-05
4.7957942155159135e-05
6.303934299675367e-09
0.0
0.0
0.0
6.6090609817711665e-06
4.1244348451978204e-08
0.0
1.716102701909563e-05
6.760562004045104e-06
-1.0227340714448957e-07
1.0915815637036473e-07
-2.7273807600744246e-09
6.63811084300776e-08
0.0
2.384681912020753e-05
-3.083783988394292e-07
-7.407181076995312e-05
0.00019676285155861584
0.00014462721533672993
2.501046359358529e-07
0.0
13.893813451135983
-14.016440898067732
0.12262745681753978
9.885793607259232e-09
0.0
4.597347544759669e-09
4.597346856602709e-09
4.5973471318012436e-09
1.7270561551309647e-07
2.504519281646476e-06
9.985069998261209e-09
0.002756914213313417
1.736549109396509e-08
0.0
9.63886740297633e-18
1.8876273045383454e-09
0.0
5.732139217481874e-06
1.2988393356400385e-05
0.0
1.9498145952754392e-08
6.288030666446442e-05
3.864311426761919e-07
0.0
1.7804101193995725e-08
9.608124393596107e-10
9.306548759763898e-06
1.324625512015288e-08
3.993879865587934e-08
5.690047006951615e-10
3.777182500162545e-05
3.7771825001766895e-05
5.71100791499234e-10
9.296643943228385e-06
0.0
1.3730354105261104e-07
1.995992615767703e-05
1.9852572232762862e-05
9.975098237007435e-09
1.0735169864062208e-07
0.0
0.0
6.093276321358265e-06
0.0007839056197410675
9.789033533364843e-08
-2.5343477954019797e-10
0.00017825771039877824
2.3086079349374376e-06
1.2095681735763715e-06
0.0
5.657347821818219e-10
1.8797169651970508e-08
1.1210544688713876e-08
0.0
1.3528660299632731e-08
-1.8836061517620967e-08
-0.011974377692277827
-0.011061054777751088
0.0
2.668117824848578e-06
-2.6583876416810765e-06
0.0
0.0
0.00025816050021689173
0.00025815884726433994
1.2323341158209386e-08
-2.8035797077677717e-09
0.0
-3.305262993483042e-05
2.9676966431185585e-07
-3.509538973635925e-05
1.432498633514364e-08
1.7381235696626212e-10
0.0
0.0
0.0003040311078615597
9.928435494311484e-08
0.0
0.0
9.593542771281804e-09
5.200178205925706e-12
1.149331854104817e-09
1.1493357057909858e-09
1.1493295671689993e-09
1.149330342924223e-09
1.1493334122198799e-09
1.149355471228676e-09
0.0
0.0
0.00023546230740144686
0.00015291725327126008
-0.00025813740492722383
0.0
5.846063532622594e-09
0.0
0.0
0.0
0.0
4.2835741453944643e-07
-4.2562821739211185e-07
2.7291971471100592e-09
0.0
0.0
0.0
4.1733212776618377e-13
0.0
9.658294565125772e-09
0.0
0.0
0.0
0.0
0.0
-0.024155778488378132
0.024155324920412176
4.5356796460427355e-07
-1.5079024977965316e-07
1.622250916871667e-07
0.0
0.0
9.362783985150594e-05
-0.0002581465239231162
2.805068546094206e-06
1.1973465946075317e-07
0.0
0.0
1.392774331597733e-08
1.4510275541442134e-05
9.97814261977509e-09
9.978142623680124e-09
-1.2216818042857605e-08
0.0
4.4665113938703835e-10
9.423868039490616e-09
0.0
9.423868848722103e-09
9.423869656098491e-09
0.0013148855660266995
-6.147888323277882
6.147888313454568
0.0
0.0
9.583136920925085e-09
-0.002582259548166499
0.0025822536317846824
-1.797443362205886e-08
-1.797443362289573e-08
0.0
0.0
0.0
9.593416343441075e-09
0.0
1.9661805218515513e-07
-1.9274930183031409e-07
0.0
-0.0001809065710473394
8.759934678304842e-05
9.981860108006281e-09
0.0
-9.879925067386155e-09
-1.331039251040167e-09
7.96359976120781e-09
4.063886468368541e-09
0.0
-3.385207911261219e-09
0.0
2.851162328454393e-08
9.980865532045378e-09
-2.245199313341957e-09
6.464165513133334e-09
3.472262076535976e-07
-3.472262076545385e-07
-3.472262076545385e-07
3.4722620765551586e-07
0.0
0.0
0.0
0.0
-3.264227986010443e-07
-9.593416342573713e-09
6.247908160719894e-06
4.690434395096674e-09
2.067756798745129e-06
2.0677567987446026e-06
2.0677567987443947e-06
0.0
0.0026156421464679286
3.265492451914176e-05
0.0026483008773670745
-3.806380004158644e-09
1.5051836977517699e-07
0.0
0.0
0.0
1.2856428764359021e-08
1.0608010496055051e-08
0.0
3.2648120543191213e-07
5.377188953403217e-10
9.95344495589377e-09
5.323646991485622e-10
9.948021252928931e-09
4.861834194243362e-09
1.3339852532723221e-07
3.463826716410936e-07
1.382726726705265e-07
4.86183419413401e-09
-9.485113537373129e-09
4.794257168187258e-07
5.373985307428018e-09
4.90033727237414e-07
3.383754418583228e-07
0.0001471797408921258
3.4722620765240825e-07
0.0
3.844015406356093e-08
-3.8487454483883727e-07
-3.4643841326507815e-07
0.0001446272153367202
1.023859300502503e-06
0.0
2.842360535668212e-08
0.0
0.0
1.1631787750437094e-08
1.9848336649249283e-08
1.9054309314733477e-08
9.639703760483343e-09
0.0
-2.2812668242606885e-10
1.0333037303512327e-06
2.3618132790108787e-07
6.295217666496236e-08
0.0
1.737383417878832e-05
1.8824617154455172e-06
3.7256040740480356e-09
2.756224963720593e-05
0.0
0.0
0.0
1.3024885947395584e-05
0.0
0.0
0.0
0.0
0.0
0.0
4.120105478190532e-08
0.0
0.0
3.7385351933401636e-07
3.2568308821517666e-06
7.173761196832578e-05
0.0
9.96455621723166e-07
1.8598826170290418e-07
1.1434137741059044e-07
3.1710258222102235e-06
0.0
0.0
0.0
0.0
0.0
8.468569253688467e-09
0.0
4.9581431832665005e-11
7.479425662144726e-09
9.179787215555284e-09
9.68589684157006e-09
9.517477450104328e-09
0.0
6.790472193984903e-09
5.15278463365099e-06
5.556540096509178e-07
5.4969620843684944e-08
0.0
1.188692609316168e-08
0.0
1.6380282544322346e-08
3.9669843395073035e-05
2.014175421036576e-05
2.661335806612031e-06
6.06688522884774e-09
0.0
1.50838899575397e-07
2.2849417311025854e-07
0.0001146718483812698
7.900693700065546e-08
1.656561547328388e-17
2.637981878903075e-08
0.0
8.616638263459984e-08
1.5053275872845022e-10
3.573087035407437e-10
3.5730870353127196e-10
0.0
-4.675848858006881e-09
6.31170287612323e-06
0.0
8.277714260843481e-09
8.277714260926565e-09
8.277712737481124e-09
8.560735623523442e-05
0.0
9.155057920284013e-11
9.734090430978535e-09
0.0
0.0
0.0
0.0
4.5679301566796765e-10
4.567930156011468e-10
0.0
0.0
0.0
8.038805373128642e-05
0.0
8.036939243779124e-05
1.6558383798070019e-10
6.174893339150795e-08
0.0
9.568520285346923e-09
9.568520285068122e-09
0.0
0.0
-1.5610568841680243e-09
0.0
0.0
-3.233181308311642e-10
0.000146085352135331
0.00014608535213533078
0.00014608535213533108
0.0001126680727086115
0.0
2.40854546361748e-07
1.1069973247296392e-06
0.0
1.3503955520157932e-08
0.0
0.0
1.299675129180057e-07
0.0
3.990340620383592e-09
8.78633764610703e-08
1.3963210930837641e-07
0.0
0.0021598523884848314
4.378010035092204e-08
0.0
0.00015269305330250761
0.0003888206858025389
9.680072786884283e-09
9.68253210432223e-09
0.00013178398477237365
0.00013177617555826387
7.809214020898337e-09
9.561198401223465e-09
9.561198190938239e-09
9.687422822341073e-09
8.153921753883586e-08
1.0699708673232452e-20
0.0
0.0
0.0
0.0
0.0
-1.2284789963176897e-10
5.035966240887409e-10
0.0
0.0
0.0
6.722973400392102e-16
0.0
-4.3909061599230476e-10
-1.4991826015800886e-07
-1.691711122044342e-10
1.628558911310359e-07
0.0
0.00013895119027984289
0.0
0.00014608535213533089
6.651852443400035e-07
6.651852443399949e-07
2.990927063469452e-09
8.785733041045476e-08
0.0
0.0
0.0
1.1080176017695837e-06
1.1080176016713334e-06
0.0
7.831276244451956e-10
6.890077396696798e-10
6.6370503603373595e-06
4.031820039255151e-05
9.559523334387305e-08
1.4392515130612245e-07
7.828099657455716e-08
1.0980918351911047e-06
0.0
-6.636020077019781e-06
-4.0309485101345795e-05
-6.045303372062303e-08
0.00014606003178626282
0.0
-6.73950339809716e-11
0.00014606003178627955
0.0010787695832752931
0.0005241328390334037
0.00023539086604254143
0.0
0.0
0.0
0.0005546367307605666
-1.3481322828912123e-11
0.0
1.0333037303530794e-06
1.0333037303545467e-06
1.1493380463351609e-09
0.0
-2.668058404129537e-12
0.0
0.0
0.0
0.0
-0.0008939877859778588
0.0
1.3200247017296337e-06
0.0
0.0
0.0
2.2176805882753732e-07
0.0
0.0
0.0
0.00018668099823947632
0.0001866908081961421
0.0
8.998271816519352e-08
0.0
9.964737362566731e-09
9.96473736293265e-09
0.002020107428424699
0.0
0.0
4.783794493003123e-05
0.0
0.0007003558207305103
6.451758712953411e-07
0.01763552739683543
2.1460802972082237e-08
1.354480217422926e-06
5.032466966575464e-05
4.2194326643982177e-07
2.2022887514176235e-08
0.0
2.2535759780124626e-06
5.0324678599923346e-05
3.738196828188673e-05
2.4603745304039605e-06
4.0216006215247727e-07
4.944624735026619e-08
0.009711738486540597
0.0
0.0
-0.31559623134287307
8.186326596346105e-05
0.00036059858064347726
9.506835867636445e-06
1.0465958768244351e-07
-1.737551918067537e-08
2.8211858067764023e-05
1.2681662230634868e-06
8.198634273522506e-05
8.224902087855535e-05
0.0
5.325498171992978e-05
0.0006735375607392994
-6.295947675355527e-12
0.0007268018676994881
0.0
1.087787437331846e-05
3.698936071359821e-05
0.0
1.952540861578659e-08
0.0
4.96209433540469e-10
4.025645045585033e-07
3.738196828192411e-05
0.0
0.0
-3.0244058195729284e-08
5.325130435885267e-10
0.0
0.0
2.9742071695863373e-08
2.82967600837381e-08
0.0
5.86000340740256e-10
9.163042296842757e-09
5.764803733890478e-09
4.8192330370573036e-05
4.819233037057304e-05
5.108407760831093e-10
5.108407762609612e-10
7.503036922922317e-05
8.519192770276306e-05
9.980069040975698e-09
8.769983745903182e-06
9.981860111989208e-09
2.7206407923691175e-09
9.979363260512412e-09
9.960105386044272e-09
0.0
5.969831817629577e-08
1.0769763785975413e-05
9.969302366976836e-09
2.836775447451608e-06
9.95771792991239e-09
0.0014657588085028686
9.847230356794698e-09
2.057990882761299e-06
9.98304380524089e-09
0.00477113064244096
9.984463826251708e-09
8.069488942512287e-08
9.981666183759779e-09
0.0
9.985070003346433e-09
7.81215537546872e-06
5.350183809168215e-06
0.0
0.0
9.097854700387072e-06
0.0
0.0
1.1053125250123192e-07
2.7206407912782003e-09
9.789033534110363e-08
1.0608834891842146e-07
3.400366536446931e-05
1.1986359912906588e-06
1.7019713415399696e-06
1.5435468385308858e-05
9.515041446259281e-06
1.6272763673092072e-05
2.682307765754442e-05
0.0
3.4002586155601333e-06
0.0
0.0
6.944963105071925e-08
0.0
0.0
0.0
0.0
0.0
0.0
0.0
0.0
0.0
0.0
0.0
0.010641714636174452
0.009916038329397636
0.00017874907083745967
6.475682162940543e-09
7.807501609215822e-05
0.0
0.0
-7.351740086262995e-09
2.683851397096293e-10
0.0
0.0
0.0
0.0
-9.675184046954283e-09
1.1662421500927307e-10
7.700956256798912e-11
3.4722620765305597e-07
0.0
9.650116825103834e-09
1.6814864234403846e-08
0.0
9.85704418652583e-09
0.0
1.5400705564479394e-10
0.0
9.584729792297398e-09
0.0
0.0
0.0
0.00030739955513595395
4.199565698152919e-05
9.941258368278126e-09
9.925460726193385e-09
5.100938956032824e-10
-1.6814864228428816e-08
8.222312176981002e-05
0.0
1.4324986382593647e-08
1.4324986367100808e-08
0.0028726046816672404
0.0
1.1666361979731066e-05
1.4268945602608624e-05
0.0
1.8328985192682803e-05
2.170144344736949e-06
1.1896582075539154e-07
4.042372729054449e-05
1.4324986426431769e-08
0.0
1.4324986413289202e-08
1.4324986428647134e-08
0.0
6.398889628628178e-05
8.185169107158012e-06
0.00011185260966298233
1.4455812682724835e-05
2.873111169825495e-05
1.9435416441998667e-06
0.0
0.0
5.312648802288229e-05
1.1325913886723063e-07
7.497681873950057e-06
0.0
5.9614651423945956e-05
9.681156191091386e-06
2.6305290790708143e-06
6.372732199082413e-08
2.629360485802771e-06
0.006586685413931553
0.00017825771039878317
0.00448519127822334
0.0
1.423074255562243e-09
0.0
1.96978342811073e-05
7.201558487435734e-05
3.19901902704496e-05
3.6493772663638473e-06
1.3448940006881147e-05
2.7781348230009448e-05
1.0458321922894064e-07
1.100121500845672e-05
8.56693535522944e-09
0.0
-9.675184054966368e-09
1.405548159750867e-09
0.0
0.0
0.0
0.002096176608443649
0.0001771766555955363
3.848307689381356e-05
9.214613970415884e-05
4.602646664778078e-06
1.0999533253545424e-06
7.1376018960860225e-09
1.3083635222899253e-07
6.080892046236741e-07
-7.300274654442471e-06
0.0007272335759653306
-0.0004266577455059317
-0.004262522802946266
0.0031283845237753682
0.0
-0.0035418982879627066
-9.124747934509923e-05
1.2128587141251201e-06
0.0
0.0
0.0
0.0
0.0
0.0
3.8459287070370085e-05
1.212858714124892e-06
9.213800245131056e-05
0.0
4.612518803484316e-06
0.0
1.0616912225986224e-07
0.0
1.6607447379238648e-08
0.0
1.3214395359083755e-07
0.0
6.088879551036232e-07
0.0
3.967214578449548e-05
9.21285799328382e-05
4.602907656839053e-06
9.773411660827354e-08
7.301539084404784e-09
1.2298732722360104e-07
5.997764788998886e-07
0.0
0.0
-3.6592597843325414e-08
3.3503185348050444e-17
-4.0243108519189e-08
-3.0694037354683306e-08
2.990927063467617e-09
0.0
1.6861403601062253e-06
8.55011127738443e-05
3.2568308821519457e-06
7.173761196832612e-05
0.0
9.964556217235664e-07
1.8598826170332e-07
1.1434137741109227e-07
3.171025822210736e-06
7.202516800523015e-05
3.199966616030036e-05
3.6592067466872526e-06
4.34544868991735e-07
2.7789013826621523e-05
1.1333523773833082e-07
1.102033614169472e-05
3.9693682799948954e-05
2.0157370888877235e-05
2.6606434551223604e-06
9.997660802113622e-07
0.0
1.4106272896220679e-07
2.3446303183315922e-07
2.3618132790113676e-07
6.29521766650972e-08
0.0
1.737383417878848e-05
1.8824617154456815e-06
3.725604074261393e-09
2.7562249637206148e-05
0.0
0.0
0.0
1.3024885947394812e-05
0.0
0.0
0.0
0.0
0.0
0.0
4.1201054782122804e-08
0.0
0.0
3.738535193342931e-07
-7.144135888526395e-08
0.0
0.0
1.6699261654422525e-08
0.0
3.005195790348495e-09
0.0
2.217680588242993e-07
0.0
0.0
1.5965311098893984e-05
0.00021835355963608087
0.010750286158740519
4.3602901531773677e-10
-4.3602901520885845e-10
8.994241711533596e-09
0.0
0.0
0.0007805504487976012
0.0
0.0
4.475563335394607e-07
3.405679269012626e-05
0.00021497302229720204
-0.023304472673359555
-0.45524969540169924
1.3016145185269323e-05
0.0
0.0
3.6592597911864395e-08
0.0
8.695923749231482e-09
0.0
0.0
0.0
7.691231169401901e-05
0.0
0.0
0.00018090141588760958
0.0001809014158876175
0.0
0.0
0.00018091116698316733
0.0
0.00018090141588761427
-4.595935845005256e-09
1.9230575636084986e-08
9.946082241193396e-09
5.304505475452423e-10
0.0
3.66877914956216e-05
-0.07155763857282271
0.07152096063073717
9.849410060991219e-09
-0.4552337923370726
9.861074681918272e-09
4.4654016633371443e-10
0.0
5.143151921343941e-06
5.386986941360628e-07
3.596035330275451e-08
1.3007766761177279e-05
0.0
0.0
0.0
0.0007272335759653306
9.915487025197178e-09
0.0007272335759653316
9.915487025601064e-09
5.1431519213430735e-06
5.386986941353368e-07
3.596035330202095e-08
1.3007766761176656e-05
0.0
0.0
0.0
0.010750286158740484
-0.00037262199709786614
9.855612353054201e-09
0.0
-1.4136506710686202e-05
2.540432669793712e-06
0.0
1.4155386493801997e-05
5.236122740168842e-10
0.004127993637429892
2.0376573582136332e-06
3.417304919175773e-06
8.128855939707761e-08
8.783688567138312e-06
5.3396365079051875e-08
8.521586446619267e-05
0.0004034941649776671
1.4520084238091146e-05
9.808770884715476e-09
9.808733782786935e-09
8.361470665960291e-05
1.96993996442435e-05
0.0
1.5654048074155984e-09
8.361640987656615e-05
0.0
0.0
6.8950109632129925e-06
-1.1023431251853543e-05
2.217680588173456e-07
0.0
0.0
0.0
8.752044258801891e-09
-1.2040284104866596e-06
-1.204028410486989e-06
-1.2040284104873516e-06
0.0
0.45946408246583004
0.45946408246583004
0.0
0.0
-1.7008279760716977e-09
0.0
0.0
0.0
1.0059802860426818e-09
0.0
-9.265109872017526e-09
4.866622452528742e-09
-8.815345723680278e-09
0.0
1.1493404345762793e-09
8.998271809719222e-08
2.1455724948306874e-09
0.0
0.0
4.5285122402939575e-11
0.0
4.528512240152355e-11
0.0
8.766989477082822e-09
1.6154187748059056e-06
0.0
8.261289976905239e-08
0.0
4.987173359935397e-06
0.0
0.0
4.3601637714335217e-07
0.0
5.811850073877458e-06
0.0
0.0018277261544823037
-0.0009271104905503828
0.0
0.0
0.0
2.1075145099710757e-10
0.0
2.1075225797722582e-10
2.1075306539145588e-10
4.597346718945771e-09
7.810255119152331e-05
2.6930878077762223e-06
0.0
0.0
0.0
0.0
0.0
1.2634898816973537e-08
-1.2634898851129894e-08
0.0
0.0
0.0
0.0
0.0
8.808859472283169e-09
0.0
8.808859472318347e-09
7.47730543058894e-11
1.80878270057011e-05
0.00036044163354971657
0.00011468164047913244
4.679158763004996e-05
0.0
0.0
-4.518608008389104e-06
4.5676568832725226e-06
9.891824531706818e-09
0.0
7.810255119152701e-05
7.810255119152609e-05
7.477269235688512e-11
0.0
0.0
8.807619080244966e-09
9.217016976848106e-09
0.0
4.0939793472178396e-10
0.0
0.0
0.0
0.0
0.0
-3.576200224841841e-09
2.319402973871646e-06
2.7027444460059682e-06
7.810255119152521e-05
1.5117981516149142e-16
1.5117981491010955e-16
5.0226240579442005e-05
5.0218175789052524e-05
8.064790540646247e-09
0.0
0.0
0.0
0.000755057378122855
0.00016585881723408564
0.0
7.477147999165853e-11
7.477216759219434e-11
0.00019017546712233723
0.0
0.0001847207384121822
9.76975914616018e-09
0.018978576017111955
0.0
0.0
-0.0001704755295808269
0.0
0.0
0.0
0.0
-3.068703155707584e-10
2.637139649053919e-06
3.833414721342455e-07
3.1458832237493667e-06
1.1715499042891028e-09
-0.0011817285130411742
4.632352280715861e-09
9.671148045375597e-09
4.632352280735906e-09
4.632352280735906e-09
9.671148045388916e-09
0.0
0.0
-3.2824214521249524e-10
-3.57620019051329e-09
5.355266861664892e-07
0.0
0.0
1.1493395310822472e-09
1.1493399592770734e-09
0.0
1.0333037303522083e-06
4.993629474303974e-09
4.993629474303977e-09
0.0
0.0
1.2634898886787607e-08
5.936135738113509
0.0
0.0
2.829042678896207e-08
9.894302751396554e-09
9.747025366931653e-09
3.3438853883621564e-10
2.3059791356055297e-07
9.905810489679593e-08
9.104516567619806e-08
0.0
4.411487839307462e-10
1.622250916881762e-07
0.0
3.98477900503574e-06
3.954174014360053e-06
0.0
0.0
9.906119186810117e-09
1.0397324915078715e-08
-1.0397324915042885e-08
0.0
0.0009144526927491944
0.0009132449345569324
9.558108401065008e-09
1.901697379119864e-08
0.0
0.0
9.489618333540298e-09
-8.004844810330327e-11
0.0014657681527110579
1.0397324915081848e-08
0.0
9.746615989075043e-09
5.355230488567701e-07
0.0
0.0014127869874771889
1.2444367919037158e-17
2.7221055407569325e-08
4.4211976189775655e-05
1.7137002251916208e-08
4.422351613483618e-05
1.7137002252037377e-08
0.0
5.597057191378495e-09
0.0
0.0
0.0
0.0
0.0
0.0
9.874485861623366e-09
9.874485860753146e-09
-0.02414912787262785
7.179515106718635e-18
0.0
0.0
1.1993343915251752e-09
1.5458198337370277e-05
1.5458198336118525e-05
0.0
0.0
0.0
0.0
8.522253217914178e-09
0.0
-9.818549470479946e-09
8.044757939234398e-09
0.0
-4.420530085713857e-09
5.398016978777896e-09
4.0990926949296036e-13
2.0666074606957658e-06
3.06026573185233e-07
9.959832360166303e-09
9.958214621798581e-09
9.95821461720596e-09
0.0
-8.818298143195065e-09
2.066607460683321e-06
2.630529079262417e-06
7.310029023710686e-06
2.6305018487625096e-06
3.0602657317954304e-07
3.060265731730477e-07
2.6305290792688205e-06
2.6311282859717337e-06
6.797984199589031e-10
0.0
3.5750824915907744e-09
5.440245104631174e-10
0.0
0.0
9.945267908846996e-09
5.296466569952544e-10
1.2938129624253374e-08
1.293812917900828e-08
5.200402808422098e-10
9.945646990815228e-09
9.945646986223636e-09
1.2938128282711375e-08
9.935536629397951e-09
0.0
9.894595094295025e-05
2.6305290791736796e-06
2.066607460689472e-06
1.2938127387438984e-08
1.2883661605224178e-08
1.913402665368084e-06
4.110998406617552e-07
4.110998407340962e-07
3.3950096664354945e-05
5.380888002777481e-10
1.2910894037773672e-08
1.2938126040804592e-08
0.0
0.0
0.0
0.0
2.217680588216572e-07
11.603688806095413
-11.603688796161961
5.179813134946209e-10
8.222312176980844e-05
0.0
1.7703857619266392e-09
0.00018115910404201715
0.0
1.400616952771146e-05
1.6458554481114944e-05
-1.636900290001876e-05
9.952316319812685e-09
1.0333037303508037e-06
-0.00040340409614181283
0.0
1.0852108072456751e-05
-1.0842659463677299e-05
3.96047728804379e-11
-0.0004034218828454783
0.0
0.0
0.00018115910404201322
2.632257609996236e-07
9.977131623396406e-09
-2.4359754019597024e-07
5.640025942617149e-10
0.0
0.0
1.9961289121628312e-08
9.981220086335493e-09
-9.776369462398498e-09
0.00015293052295450448
0.0
0.0
0.0
-2.0315710064002798e-10
0.0
0.0
-3.629422479940691e-10
6.55108884911186e-06
6.463767337626307e-07
0.0
7.206428673999418e-06
-6.6457223991072236e-12
