0
0.0
0.0
0.0
0.0
1.35030755646565e-08
2.7485914257088223e-07
0.0
0.0
1.1481207218482937e-10
0.0
0.0
0.0
0.0
0.0
0.0
0.0
0.0
9.909996299576147e-09
0.0
4.6355847784129634e-09
0.0
0.0
0.0
0.0
2.0396960933530578e-07
9.751055433275223e-09
0.0
0.0
9.454616528715072e-09
2.4446184426459844e-10
0.0
0.0
0.0
0.0
0.0
1.255248844698892e-06
9.752094215809245e-09
0.0
1.965777145940093e-08
0.0
0.0
0.0
0.0
0.0
0.0
0.0
5.3577562737748926e-08
0.0
0.0
0.0
2.1022390594505497e-19
0.0
0.0
0.0
0.0
0.0
0.0
6.8230380714243714e-09
0.0
0.0
0.0
0.0
0.0
0.0
3.855627959974947e-09
0.0
5.889300898239171e-09
0.0
1.1196419652064714e-18
0.0
0.0
1.2041075904766049e-08
0.0
1.0154493120673728e-10
1.3092421554980738e-11
6.574764069317572e-10
6.311286708483099e-20
0.0
0.0
0.0
9.543516149652063e-05
1.015462239848438e-10
7.876866294569648e-20
0.0
0.00028153295591604177
4.898853539622369e-13
1.0039757752442844e-08
1.6291663519849704e-09
9.045287927056362e-09
0.0
0.0
5.340908383490467e-09
0.0
1.1413925519021675e-09
-1.127564763147372e-09
0.0
0.0
1.4691550839634288e-09
4.444593611582298e-08
0.0
0.0
0.0
0.0
0.0
0.0
0.0
0.0
0.0
0.0
0.0
0.0
2.5023003908542073e-09
0.0
0.0
7.092030362447671e-20
0.0
0.0
0.0
0.0
0.0
5.468407717695036e-09
0.0
8.692309269834904e-09
2.7987263669178297e-10
0.0
0.0
-1.0001421383184655e-09
0.0
9.841126560758473e-09
9.782749191619266e-09
0.0
9.451206873359058e-09
1.3849954811836746e-10
0.0
0.0
6.7094107725533384e-09
0.0
0.0007158958063039701
1.1855904057842333e-08
6.142974110257539e-09
3.647189324487862e-08
0.0
0.0
0.0
0.0
0.0
0.0
0.0
0.0
0.0
0.0
2.6467485267999078e-08
7.610924609593346e-10
0.0
7.893848298392946e-09
9.600223743339308e-09
8.725941841035473e-09
0.0
0.0
0.0
0.0
0.0
9.280557139993089e-09
-0.00039973369360308967
0.0
1.9871363522953756e-09
0.0
0.0
0.0
0.0
3.049180804769931e-09
0.0
1.8669137766486593e-08
0.0
0.0
0.0
0.0
7.470474302655946e-07
0.0
0.0
0.0
0.0
0.0
0.0
0.0013385465071351632
5.849170082025745e-09
0.0007153832174893182
2.4050249761336692e-08
1.1422506281836011e-08
0.0
0.0
0.0
0.0
1.3242589438898723e-19
0.0
0.0
0.0
0.0
9.977169074066998e-09
0.0
0.0
2.2590636252205584e-09
1.9908378542772158e-08
0.0
0.0
3.807938408063698e-09
1.630136438237487e-08
3.70932833773356e-07
1.0676569095147008e-07
0.0
3.4667604280755446e-08
1.2263566698451115e-08
0.0
6.548489796082456e-09
8.232848199627676e-09
8.49692687385669e-09
9.755489146833238e-09
6.943861076454848e-05
0.0
0.0
0.0
0.0
0.0
9.342318446350509e-09
0.0
0.0
0.0
0.0
0.0
5.0273749491186396e-09
0.0
3.1353529635470746e-10
0.0
0.0
0.0
8.892687534088929e-09
1.34868422412861e-11
4.908679432491242e-09
2.6636516699051838e-12
7.480653045361294e-09
0.0
0.0
8.748782196357713e-11
-0.0001385131817502642
0.0
0.0
0.0
0.0
0.0
0.0
0.0
-0.0009429688567646257
2.939778063358811e-24
0.0
0.0
0.0
0.0
0.0
0.0
0.0
0.0
0.0
6.002056395219853e-07
0.0
9.732887097514177e-09
0.0
0.0
0.0
0.0
0.0
1.015646634743887e-09
0.0
0.0
0.0
4.966936373542692e-10
0.0
2.236444157298668e-05
3.4541076314356754e-10
0.0
0.0
6.1287937822880525e-09
0.0
0.0
0.0
4.056973552251459e-09
0.00014090928935740922
2.6395008586928347e-11
0.0
1.7190903299625012e-18
2.8625391921913266e-09
-4.77529685491258e-09
0.0
1.6685516632124502e-05
0.0
0.0
9.866586413782977e-09
9.854200830562321e-09
9.73951293208386e-09
2.8625391921913258e-09
0.0
0.0
0.0
1.0501569960922855e-08
0.0
9.862689300574894e-09
0.0
0.0
0.0
0.0
0.0
0.0
7.995155713676375e-20
0.0
0.0
2.986825224585384e-08
0.0
0.0
0.0
0.0
0.0
0.0
0.0
0.0
0.0
0.0
0.0
0.0
0.0
0.0
8.59306019455729e-09
0.0
6.648443397582588e-12
0.0
0.0
0.0
1.3996446628778719e-08
7.745955541635846e-08
0.0
0.0
0.0
-1.1481207773237669e-10
2.6360847825949917e-10
2.6360847430453954e-10
0.0
9.98435054519969e-09
6.410801227455802e-10
9.976902767480644e-09
9.987581909079446e-09
6.047299594871524e-10
9.838364679002984e-09
4.931494073223599e-10
9.95171659722448e-09
9.97690275476138e-09
9.988637302488414e-09
9.987581992782259e-09
-5.636580962033044e-10
7.734959935935723e-09
0.0
0.0
0.0
2.9042433010942783e-07
0.0
0.0
2.716101295965462e-07
0.0
9.412431004056992e-09
4.478801017845115e-09
3.130182617920268e-08
0.0
6.32329698431863e-09
0.0
0.0
1.333096769720767e-10
0.0
0.0
0.0
0.0
5.438072536940958e-08
1.5765347934478168e-08
0.0
6.26608249683506e-08
0.0
1.0631137794876111e-08
3.155013600171561e-08
4.940495206878492e-09
0.0
0.0
0.0
0.0
0.0
9.167689363225557e-09
0.0
0.0
0.0
1.3587696435827536e-08
3.835069497041272e-07
0.0
2.0396960933853324e-07
9.98930162432422e-09
9.971059736072537e-09
6.391715015901728e-10
3.366470664009149e-07
0.0
3.5572564491443485e-07
1.1139800246764692e-08
3.5572582882382374e-07
7.10058559067799e-09
2.561841124497707e-07
2.6176602154777952e-08
0.0
0.0
0.0
0.0
6.096203430118542e-09
0.0
-2.0396960933595132e-07
2.039696093365962e-07
4.85351398650158e-19
1.9912211425933953e-08
1.9947962477134237e-08
1.9977939027940764e-08
1.9974280783361574e-08
3.366470204503786e-07
-4.129668193238005e-10
3.557255989474986e-07
0.0
3.557257828407493e-07
7.1005394949169576e-09
2.5618406646467427e-07
2.6176556108142325e-08
0.0
-9.285377288890603e-09
-9.285191341640388e-09
-9.285003787218847e-09
3.366469744982225e-07
0.0
3.557255529828156e-07
0.0
3.557257368596269e-07
7.1004933979653185e-09
2.5618402047454294e-07
2.6176510059839148e-08
0.0
0.0
0.0
1.9913750647904152e-08
0.0
9.976012487253718e-09
6.133722763162348e-10
4.635584778785569e-09
-9.454616528808794e-09
0.0
3.851150997300461e-08
0.0
6.9530257537844425e-09
6.32991788702145e-10
3.6929314835172633e-09
-2.444618424791295e-10
-2.4446184340070135e-10
0.0
4.775673572048212e-10
0.0
-9.966086257863e-09
6.108730020343857e-07
0.0
1.024945101630705e-06
5.934940261234395e-06
5.084493836524659e-06
6.531847215926812e-08
8.106316036696895e-06
1.9316152399333926e-07
3.5915225426361974e-07
1.1216737039694978e-05
0.0
0.0
1.969050475537522e-08
1.832325270021853e-18
4.3842841848648503e-07
1.634639300967864e-08
12.516854121869176
5.904206760535791e-10
0.0
-1.341034914381317e-07
-1.5346129024681684e-07
-1.5352716873848204e-07
-4.961954256036544e-07
-5.050938262606539e-07
-4.816813059891484e-07
-3.3832042168474574e-07
3.029776279421116e-08
-9.752094215660905e-09
-4.0824777417484347e-10
3.4500891772882777e-06
7.700439228077545e-09
7.700439228972011e-09
9.863574934783561e-16
0.0
1.2597602825627383e-06
9.348804025753561e-07
1.9657771459389794e-08
3.520881813881649e-10
-1.9657771459398714e-08
1.9682011402292717e-08
9.718823279924354e-09
2.6781982698359745e-08
0.0
2.9117119052571034e-08
9.645126499783735e-11
1.03846668294195e-07
1.0384666828871538e-07
0.0
-8.94158869613193e-07
0.0
2.6660004436369034e-08
0.0
9.739860218154383e-09
3.962093879585017e-10
9.830180903805637e-09
9.830180985992963e-09
9.703620866609141e-09
3.605515683572459e-10
9.703620841511176e-09
1.4385186926645064e-07
1.6306341757074683e-07
1.4392839815373993e-07
4.961954270087804e-07
4.954375225451875e-07
3.7217822119670063e-07
4.346996176703446e-08
3.613817846831918e-08
9.277755688897769e-09
0.0
0.0
0.0
3.000894667900074e-14
4.413867822161524e-05
4.412890612503349e-05
9.511980175952797e-09
7.810150927154036e-06
5.767926116358833e-07
4.8904238452198626e-08
9.736363035788993e-07
5.905658852005766e-06
8.661340930808632e-08
5.0796546364831756e-06
4.5974721515834064e-14
2.3332335046543286e-07
-5.357756273646606e-08
5.357756273511496e-08
-0.00014247323568517938
0.000141227784849759
-1.2552488446964974e-06
9.633320329075953e-08
0.0
0.0
0.0
9.985829080524943e-09
9.985828976211142e-09
-0.0006918177950294492
-0.0017107988110276473
9.760650078575943e-09
0.0
2.2793621911633093e-07
2.8553418309669914e-06
1.0122855124667706e-07
8.448566748188847
-8.448566708233573
9.988141325546504e-09
0.0
0.0
9.974966442249961e-09
9.979327808399547e-09
0.0
0.0
0.0
1.4344802355681363e-07
9.228037443562154e-09
1.4344802372460705e-07
1.1195474551134717e-07
6.271273215742028e-09
0.0
0.0
5.245790357183759e-09
0.0
0.0
0.0
0.0
3.6490390332858607e-08
1.8515660287130252e-08
0.0
0.0
0.0
0.0
6.333207553166981e-10
3.1031444748905566e-07
2.8372418493145204e-08
4.9671826279663016e-08
5.178558743160852e-08
3.105742711878012e-07
1.4683098740699964e-08
6.651428353641874e-09
-1.0384666802629958e-07
2.1025850825459592e-19
1.3503043658828598e-08
-4.4743528963131626e-10
9.22803765049061e-09
-9.228037667341482e-09
1.2444667031803113e-05
4.246916394429336e-10
4.246916373989628e-10
4.971312086238352e-09
1.618730124362365e-08
0.0
6.008830559309227e-10
2.334154505296464e-08
0.0
4.838715919131893e-08
0.0
1.1970463565408843e-08
0.0
0.0
0.8873818595276749
-0.968584667977694
0.08120282383386834
9.702652831080748e-09
1.1060242034140006e-09
0.0
1.0475724922989453e-08
0.0
0.0
9.561947208125792e-09
2.4282737670848203e-09
0.0
0.0
2.6750593627732094e-07
2.6750593623494875e-07
9.969626857099136e-09
9.96962680279543e-09
0.0
0.0
-6.823038071407855e-09
9.66468139610124e-09
0.0
0.0
0.0
0.0
0.0
3.621462998022346e-08
2.7576124053807306e-10
0.0
2.7623310618268666e-08
0.0
4.928362399730432e-08
1.0008133549628491e-08
9.703620814309098e-09
-4.639975649030748e-10
3.583796159122263e-11
0.0
0.0
3.68594751077135e-08
9.971010672945062e-09
6.416283905297943e-10
9.981448556573014e-09
1.682982388965384e-08
0.0
0.0
1.1216737039689536e-05
0.0
6.151450446828715e-09
6.151451334023131e-09
0.0
0.0
3.0222658042965625e-07
3.710156196864467e-08
5.8735490364506627e-08
6.159543002942833e-08
3.134952781562418e-07
2.44844403493883e-08
1.5258122606794398e-08
7.507924346597108e-06
5.396910497075453e-07
0.0
9.120408734869298e-07
5.592163573737309e-06
6.212896894373841e-08
5.064396513888968e-06
-1.395910297075087e-18
0.0
0.0
4.0821023627365923e-07
3.002150856178434e-08
2.7728214833073527e-08
9.31919919337875e-07
9.357755472974846e-07
9.319199193361643e-07
9.319199193379025e-07
9.319199193368094e-07
2.76351599073522e-16
2.761763009378493e-16
1.1816907310368173e-07
0.0
1.1904653855407511e-07
0.0
-3.84100393158171e-09
0.0
0.0
7.236380909987514e-05
-9.909876669267348e-09
0.0
0.0
0.0
7.233555646469937e-05
6.308959171963591e-10
3.84391470528711e-08
0.0
0.0
0.0
0.0
0.0
0.0
0.0
0.0
1.4087585204144379e-08
0.0
9.926231702372078e-09
1.1201373799720443e-18
-1.119777556270185e-18
0.0
0.0
-3.8439146783988964e-08
0.0
0.0
0.0
1.756695983073144e-08
0.0
-3.572600655588065e-08
0.0
2.8986952061276868e-05
8.331300846745979e-05
3.2208754823381954e-05
4.0470636388978356e-07
-0.0001449074879737236
9.780394212555426e-09
5.965728555950213e-19
2.1692372728204018e-08
-3.2322854677958174e-08
0.0
0.0
0.0
0.0010680687041246806
1.9038872947776065e-09
1.9038868259713126e-09
8.5021580724797e-09
1.0166979690890962e-08
0.0
0.0
0.0
0.0
0.0
9.425124289863265e-09
9.809288241357229e-09
4.646231863593059e-10
0.0
0.0
2.428273768438499e-09
2.42827376956134e-09
-1.2041075903067647e-08
-2.666046513561162e-09
0.0
0.0
0.0
4.263942615613194
-1.0154493120927838e-10
0.0
0.0
-4.263942615511649
0.0
0.0
0.0
0.0
0.0
-9.959746028777305e-09
2.0396960933713735e-07
-2.8508331456969516e-07
0.0
0.0
2.6160223803285018e-08
4.481256845176765e-05
0.0
4.4838728675570864e-05
0.0
0.0
7.015659743046405e-09
1.4892043254996312e-08
0.0
0.0
1.2777562382724877e-07
0.0
0.0
9.295540445530587e-09
5.999389408614894e-14
5.99081651234335e-14
5.974196125030034e-14
5.973596192543296e-14
3.685947493896946e-08
5.558678700132738e-10
0.0
3.625016261311068e-08
0.0
1.866913776076622e-08
0.0
0.0
1.6693905263456185e-10
9.952159276777447e-09
6.051658888202468e-10
5.679022740211985e-18
0.0
0.00013414038930983276
3.870522781331372e-05
-9.542536970472669e-05
0.0
0.0
0.0
2.736377523491827e-09
0.0
0.0
0.0
0.0
-9.797615960203986e-09
0.0
2.736377255131535e-09
-5.865837466011983e-09
-9.630923614167841e-09
0.0
-5.301102440185819e-09
0.0
-1.015462239848438e-10
0.0
6.206475456271205e-10
1.0275635514199791e-08
1.9712529461691648e-08
-0.00028152314812445166
-0.000229913195696625
0.0
7.18152513147642e-05
-4.898853556563028e-13
7.180554217330821e-05
1.6291694532017803e-09
1.6291673858716479e-09
0.0
4.790977708671467e-11
2.929188154224207e-06
0.0
0.0
5.820741518876762e-06
5.820741518877758e-06
5.820741518879564e-06
5.829786806807022e-06
5.820741518879983e-06
0.0
0.0
0.0
1.588230972199072e-09
-5.914593901451548e-16
2.6704552565118586e-09
0.0
2.6704558564460967e-09
0.0
0.0
0.0003664598184186864
7.483883484204922e-06
0.0
4.390887304055184e-08
-0.00037399735259393673
0.0
0.0003739587846308179
0.0
0.00013958814791518475
4.3232021064319906e-08
9.935949493979554e-09
5.892074383134707e-10
2.6704552548966524e-09
3.025564698652976e-08
-3.025564698235471e-08
1.0950308613200664e-07
2.853216422614782e-07
0.0
8.428666966001456e-09
0.0
0.0
0.0
0.0
0.0
9.843827808298794e-09
8.702435256429124e-09
2.224485874674535e-18
2.862539192211972e-09
2.8625391922283694e-09
9.786882934749961e-09
9.786882932591283e-09
4.4248232741471694e-10
0.0
3.1870395933276113e-09
0.0
0.0
0.0
1.7792025781307713e-18
0.0
0.0
0.0
8.300461637427252e-07
-3.493112918441321e-08
8.841328628605296e-07
1.7524246013780387e-08
5.864492136063422e-06
0.0018734440642916817
0.0
4.2966344576474795e-08
0.0
1.8490118744449164e-06
-1.799423078406156e-06
9.970372333301114e-09
5.62544268452043e-07
-8.69414859010844e-09
-3.6128985688767733e-07
-3.612898568870595e-07
0.0
1.6851053550589633e-07
-2.9989029073033816e-06
1.9977595710838958e-08
6.408416450608753e-10
1.8439137653038828e-07
4.854417623471136e-06
5.313401892855327e-06
5.102970758557644e-09
1.2413711469347507e-06
2.4852292887685624e-06
0.0
0.0
2.8788057173720533e-10
6.416347563732756e-10
9.838364682995783e-09
7.719758685250657e-10
-9.775799720071476e-09
0.0
7.854988283186986e-09
3.002873001219775e-07
1.6173044987787833e-08
3.006215658258477e-08
7.56981892619547e-08
6.921311933038846e-09
0.0
1.3812633962091445e-07
0.0
0.0
0.0
9.95215889365166e-09
4.2285363872485763e-10
9.97315425512943e-09
1.7370884842586947e-08
2.8668263343483497e-08
1.99445911110268e-08
6.241451849551518e-10
9.90962968904861e-09
0.0
1.6759992075752466e-10
9.50746390776282e-09
0.0
0.0
-2.5883199634777626e-10
0.0
6.400243415233388e-10
1.9975174100518354e-08
9.987609036793584e-09
1.0475722018136294e-08
0.0
0.0
0.00036700936455985557
0.0
0.0
-1.5125064589217657e-09
0.0
0.0
8.868840275850524e-18
6.096203444820003e-09
0.0
0.0
-9.914218202801937e-09
0.0
0.0
7.161562551273642e-11
7.16215367758858e-11
7.161841091117453e-11
-1.558142936871067e-11
-1.8561541192951836e-16
0.0
9.773027165634334e-09
0.0
9.894290064343947e-09
1.0732365407742868e-09
0.0
0.0
1.350307542578265e-08
0.0
0.0
0.0
0.0
0.0
6.390000176173063e-10
1.9973101065931415e-08
9.986576325659094e-09
0.0
0.0
1.9691604731299346e-08
9.26853634827272e-10
1.895292509902993e-08
3.595976504144894e-11
5.124286016999073e-09
6.574763081475921e-09
0.0
0.0
0.0
-1.0028870095490916e-18
-2.5023003909080952e-09
0.0
0.0
1.5590857163222369e-18
0.0
4.4310895864168737e-08
5.3840929768255e-08
0.0
0.0
3.081099389862512e-06
9.617862959671213e-09
0.0
0.0
9.985151121227418e-09
0.0
5.632483119721952e-09
0.0
0.0
0.0
-8.808039355116367e-10
6.09198629880028e-10
6.080167571403482e-10
0.0
3.625209921804022e-07
3.907747399623935e-08
1.9910670062604033e-08
9.955614975991215e-09
0.0
9.300168730961775e-09
0.0
0.0
-9.391556707003723e-09
0.0
0.0
9.364754677523634e-09
0.0
3.653935041378234e-07
0.0
1.9040566475294e-08
0.0
2.2600460630950628e-07
1.2972126850229328e-07
6.524407131366837e-09
5.762245159671789e-10
2.65120266378724e-07
0.0
3.586333040246213e-08
0.0
0.0
0.0
4.4203703531656516e-10
0.0
4.422239113936763e-10
0.0
0.0
0.0
0.0
0.0
0.0
0.0
0.0
0.0
-1.534506128067492e-07
-1.6306341706247285e-07
-1.5352716974288694e-07
-4.96195426540405e-07
-5.050938271800032e-07
-4.816813068842657e-07
-3.383204225625158e-07
-3.980334163287101e-08
0.0
0.0
0.0
0.0
0.0
0.0
0.0
0.0
0.000338963991613761
0.0
9.965723995258517e-09
0.0
0.0
3.3767066010847145e-07
0.0
0.0
0.0
0.0
0.0
-2.7987263777564015e-10
0.000366912446677024
0.0
9.918746066348954e-09
5.722712639933983e-10
1.7449618805880529e-07
0.0
3.835799208994825e-08
3.4064168796703635e-10
0.0
0.0
0.0
1.8665335799631812e-08
2.6422613245337685e-07
0.0
0.0
2.1188330528145464e-08
0.0
0.0
0.0
4.250595640918883e-07
3.524802986620326e-07
9.766937008633012e-09
2.876386545522058e-07
2.4011542467376372e-08
9.963387518520472e-08
3.438377089582574e-08
2.754443515931029e-07
2.6586831282354275e-08
0.0
0.0
9.812043778219196e-09
0.0
0.0
0.0
6.3053896796764e-09
0.0
-1.1752634631684517e-09
1.8847220615576976e-08
1.534343434947405e-05
0.0
0.0
2.237390542172443e-09
2.2373902661011582e-09
0.0
4.5287090566477446e-08
5.158061288118358e-05
9.870565628346073e-09
0.0
0.0
2.4282737664405777e-09
8.686596084334398e-09
7.407396411129389e-09
1.353451902200084e-06
1.3779531273677345e-05
1.035316721242907e-08
0.0
0.0
0.0
0.0
0.0
0.0
4.3010337275511704e-08
0.0
0.0
5.0535244622589857e-08
5.0535244623020943e-08
5.053524462159835e-08
4.108403774965895e-08
5.053524462064552e-08
3.83719334430684e-07
8.056599473682321e-07
-1.1629330812112926e-05
2.180018891090283e-06
0.0
0.0
4.32265095962219e-06
4.32265095962249e-06
4.322650959622908e-06
4.322789459170039e-06
4.322650959622631e-06
1.8830423148789564e-07
0.0
0.0
3.3278046020357465e-07
3.2354919621491836e-07
3.2901760395080396e-07
3.3278046022129447e-07
3.290176039690144e-07
1.0829660209515769e-07
0.0
0.0
1.7842446094914397e-07
1.7842446094998542e-07
1.7842446095149983e-07
1.8513387172417305e-07
1.7842446095177975e-07
3.108747689897038e-06
0.0
6.655511168834986e-10
0.0
9.775057424218667e-09
0.0
3.2867155989615957e-07
0.0
0.0
0.0
0.0
0.0
0.0
5.097510765376718e-05
0.0
3.3054571401099672e-06
-0.0007158958063039345
0.0007708271634158751
5.7287333775713376e-05
2.485005000760298e-07
0.0
-7.158621503737528e-09
0.0
0.0
0.0
0.0
-2.697388936818305e-08
-2.697388936818572e-08
0.0
0.0
-2.4830587993512525e-09
0.0005925549117537406
0.0
0.0
2.237390545403728e-09
2.7823676997384972e-05
1.9650659858179982e-08
0.0
4.835250219817594e-10
3.661081045974474e-08
3.66108104598233e-08
0.0
1.9272904805279255e-08
0.0
9.315462540671754e-09
-6.062402427962782e-10
3.89097597992201e-09
5.990113533038892e-09
8.087867185764324e-09
0.0
0.0
0.0
0.0
0.0
0.0
0.0
6.126942403704991e-10
0.0
0.0
0.0
1.2692920306028396e-08
0.0
6.222134252295343e-10
0.0
6.197681054765575e-10
0.0
6.173465939165242e-10
1.7915910383856847e-08
5.982743453037804e-10
1.9465926916123838e-07
9.922207832085458e-07
8.788621349997352e-07
5.313773825776341e-05
4.8690279538493586e-05
0.0
9.918526502960826e-09
5.720551194534027e-10
1.891494468606287e-08
8.958210002613163e-09
0.0
0.0
0.0
0.0
0.0
0.0
0.0
-9.600223743353939e-09
-7.893848298392008e-09
-7.893848298393702e-09
1.14869893577587e-08
0.0
9.874833697924739e-09
0.0
3.3960031506272867e-09
3.3960031514332356e-09
2.0406864253974533e-09
2.040686425831134e-09
2.4847816898560704e-08
0.0
0.0
-1.6999471145128547e-08
9.961156490784726e-09
6.140234326646242e-10
9.76178548710676e-09
9.761785487588659e-09
0.000783121292088591
5.98831005095557e-09
0.0
0.0
9.854984196112982e-09
9.055528762296752e-16
0.0
4.270697039573756e-06
0.0
0.0
-9.280557140486922e-09
5.299629211059902e-05
0.0
8.326771371437218e-09
8.326771364639173e-09
8.326771358734858e-09
9.351243737687476e-19
0.0003018360005802023
6.254745075374737e-08
4.666152724546382e-05
0.0
0.0
0.0
9.760141440458441e-09
0.11276780793271791
4.6671306976001436e-05
0.0
0.0
0.0
0.0
0.11281447769818538
0.0
0.0
0.0
0.0
1.725380278564395e-08
0.0
0.0
0.0
0.00039975049750632345
0.0003997413695271236
0.0
0.0
0.11281447769818582
5.6648246659341115e-05
0.0
1.951985275432472e-08
5.863381881048914e-10
3.3960028748261564e-09
8.788621352712022e-07
12.516854111931995
0.0
4.038180708756896e-07
-0.0004432036499249503
3.0506378712842036e-06
0.0
0.0
7.083480135783304e-09
6.655720699117876e-07
0.0
0.0
0.0
-12.621826654021284
0.10497257535489807
9.906509296019701e-09
1.6073291495324993e-08
0.0
0.0
1.1204625881716595e-05
0.0
0.0
-9.238418497831185e-09
3.890976158121618e-09
5.35203253664394e-10
0.0
4.6058717920872616e-08
6.291714009556708e-10
0.0
0.0
9.60509976165789e-08
0.0
2.7890265253669247e-08
0.0002907035878959098
4.478834171477392e-07
2.60129016158661e-07
-0.0017987399413828414
0.001798002077018818
-7.470474301385366e-07
0.0
0.0
0.0
9.780784871023525e-09
3.48160046968575e-08
2.5674641241202544e-07
1.114028065703172e-05
0.0
0.0
7.143708500569522e-05
-0.0001171280570349028
4.569771786431034e-05
0.0
1.3579083564410054e-15
0.0
0.0
0.0
0.0
0.0
6.392023415229145e-10
4.868442892644748e-05
0.0
4.534805521060524e-16
0.0
0.0
1.8100184006833126e-08
3.4277907782349934e-07
0.0
1.791591012092349e-08
0.0
1.8795714538110436e-07
0.0
0.0
1.9736033341633057e-08
9.221017601809839e-10
8.191091443441145e-08
0.000525572029308216
3.9947565580891395e-08
6.390296154684067e-10
7.673880705823879e-07
7.673880702510517e-07
9.98515077652723e-09
7.199733740225964e-08
0.0
2.6957392156128366e-08
0.0
0.0
6.209751018501262e-10
0.0
0.0
0.0
7.00295420937528e-08
6.84556011281673e-08
0.0
9.280557140432712e-09
1.3331926215811146e-07
7.619720343307177e-08
2.4178566867468932e-08
0.0002524741112273695
6.359505886148059e-10
-0.0002524641277999211
1.7253802785518778e-08
0.0
1.8894821682403955e-08
-2.405024979168502e-08
-0.0007153966132114336
-0.0007101644419596532
0.0
1.1422506198508251e-08
-1.1422506240260171e-08
0.0
0.0
-1.5345061224296408e-07
-1.6306341655072942e-07
-1.5352716923981713e-07
-4.865398624067318e-07
-5.050938267185667e-07
-4.816813064349723e-07
-3.383204221236308e-07
-3.9803341209815324e-08
1.991375242482718e-08
1.6693722094470684e-10
0.0
0.0
1.26919520868074e-06
2.3058928872878068e-08
0.0
2.978255048028448e-08
9.970663069104601e-09
4.898983362582554e-12
0.0
0.0
0.0
0.0
0.0
0.0
0.0
0.0003920550035389522
4.579781075446878e-06
7.877276113728628e-06
1.793086568113722e-08
0.0
9.523297338382617e-09
0.0
0.0
0.0
0.0
0.0
1.7508606260185997e-08
7.807970451449142e-09
0.0
6.0962034511657936e-09
0.0
5.345086965384506e-13
0.0
9.836046672897364e-09
0.0
0.0
0.0
-4.072255845636338e-10
-9.75105543337372e-09
-5.3221186954684684e-08
1.1166142022534469e-08
5.1596571387613256e-08
2.8663348548840784e-08
0.0
0.0
0.0
3.689278157675065e-08
9.536248233066899e-09
4.429904310500886e-07
1.2478219821671647e-07
0.0
0.0
6.976023938772745e-09
3.156300580936412e-08
9.981714806111367e-09
9.98171490759269e-09
-0.0013385365210022183
0.0
0.0
7.796532060296024e-09
0.0
7.796532622237755e-09
7.796533209238413e-09
1.2653284678088801e-05
6.376968021237599e-09
0.0
0.0
3.1475639604942685e-05
3.206536304538769e-09
-1.3508316085090957e-07
1.505941028223495e-07
-9.977169075628596e-09
-6.297888458241946e-10
0.0
0.0
0.0
9.833133254532036e-09
0.0
3.497694352696411e-08
-3.0870819328469336e-08
0.0
4.4743546053545996e-10
1.1485259039019266e-07
6.400909591762651e-10
0.019534300562331974
0.01953429830326822
0.0
9.771502210078842e-09
0.0
1.5980534423267763e-06
-1.0470377475854105e-08
13.72033345406235
-13.720333434088277
9.986440535625363e-09
-1.8023696659745557e-08
0.0
2.5786593714413032e-08
-2.5786593716228823e-08
-2.5786593717258815e-08
2.578659371937058e-08
9.870565634397765e-09
9.87056564261124e-09
1.6106849886689334e-08
1.6106849870148392e-08
0.0
-9.833133255560123e-09
0.0
0.0
0.0
0.0
0.0
0.0
0.0
1.7743973600177363e-05
1.7739168369506824e-05
0.0
0.0
0.0
-9.718836688766165e-08
-9.718836688751321e-08
0.0
1.9843530794699544e-08
0.0
1.3374291696140617e-08
9.96725341151361e-09
9.967253384391807e-09
6.192117989082833e-10
9.966426056349568e-09
6.62896068815347e-09
7.251314047543134e-08
3.3307971081772465e-08
9.420209954370586e-08
6.628960685914668e-09
-9.605079868621469e-09
3.8044152570023028e-06
5.792039830248054e-10
3.824258787604555e-06
9.616631081694383e-06
1.163568800070507e-06
2.5786593714739054e-08
0.0
1.2866409872149342e-08
-4.753401415275721e-08
-2.5174108464194634e-08
1.1140280656860064e-05
0.0
0.0
0.0
0.0
0.0
0.0
2.343964682672601e-09
1.5892612327966125e-08
6.548459172252441e-09
0.0
0.0
0.0
0.0
0.0
3.692916598705229e-08
0.0
0.0
1.6783956040048852e-08
0.0
0.0
1.4631689780912831e-08
0.0
0.0
0.0
0.0
0.0
0.0
0.0
1.6244530501982e-08
0.0
0.0
0.0
0.0
7.73495981705447e-09
0.0
0.0
0.0
2.9042433000385507e-07
0.0
0.0
9.73093616093161e-09
0.0
0.0
0.0
6.481793930381694e-09
0.0
0.0
0.0
9.667923432965898e-09
9.167283362263823e-09
3.975830588693124e-09
0.0
6.388820948500866e-09
9.917364462249203e-09
2.714067161662029e-07
1.0551766046409962e-08
1.8446404971630417e-08
1.830335189978962e-08
3.457026507514318e-08
0.0
2.4575149612726284e-08
5.917116637378794e-08
1.5492935719406603e-08
0.0
6.861334146892557e-08
1.4244293680763797e-08
1.408477140991793e-08
1.2465082205756476e-08
-5.632483122174656e-09
0.0
1.1483500185247375e-16
0.0
2.46808246573509e-06
2.458629497151271e-06
0.0
0.0
0.0
0.0
0.0
0.0
0.0
0.0
0.0
-9.755489146861217e-09
3.0707633964896966e-05
0.0
2.9673027002786102e-08
9.982522243790891e-09
9.969562050891566e-09
9.96956204770595e-09
9.947260757194591e-09
9.947260755530183e-09
9.943632624131606e-09
9.9436326213795e-09
9.857116359479745e-09
2.7407085075096046e-16
9.857116632931623e-09
1.22738248799938e-05
5.111363991286052e-10
8.171294678093854e-05
-6.942882417410642e-05
4.261669531848503e-06
1.0488999766024254e-09
9.938795219584581e-09
5.920087076415069e-10
4.053247779378542e-10
9.806170265928414e-09
4.6146370008267894e-10
9.806169992559444e-09
0.0
-5.231172297220428e-12
0.0
-8.762407298362621e-09
0.0
1.2695665043119166e-06
0.0
1.343087940278208e-08
1.2544497982575912e-08
0.0
3.156570627105609e-08
0.0
0.0
0.0
0.0
2.336071783541247e-08
0.0
0.0
0.0
3.1647994385931603e-07
0.0
3.8188081404272383e-07
0.0
4.516128577362416e-11
9.290853065557925e-09
9.293203882195961e-09
1.3681115286657718e-05
1.3671240453152198e-05
5.290448157527625e-10
9.808230408343577e-09
9.808202081658128e-09
9.297862098454139e-09
0.0
5.233024749563223e-19
0.0
0.0
0.0
0.0
0.0
0.0
6.890334136301575e-10
0.0
0.0
0.0
0.0
0.0
0.0
-3.7817770088164563e-06
0.0
3.7912547703212572e-06
0.0
0.0
0.0
0.0
1.3631070492942923e-05
1.3631070492942913e-05
9.943847415737325e-09
0.0
1.0292491627404105e-08
0.0
0.0
1.2553263384196494e-08
1.2553261314245531e-08
0.0
4.9827328243995846e-08
3.010391478785698e-08
0.0
0.0
0.0
3.5557071521283467e-09
5.049262916682158e-10
3.4932837786888795e-09
0.0
6.73346438074299e-08
1.2752366675103093e-08
5.6867435128948873e-08
0.0
0.0
-8.892687817713195e-09
0.0
0.0005645047568466606
0.0005640881821694317
3.0908403587332955e-07
0.0
0.0
0.0
4.1656119038666836e-07
-1.3486842242980165e-11
0.0
0.0
0.0
0.0
0.0
-2.6636516699051838e-12
0.0
0.0
0.0
0.0
-1.1595894707941076e-05
0.0
7.280497928761728e-09
0.0
0.0
0.0
2.0396960933801745e-07
0.0
0.0
0.0
0.0005925672802310489
0.0005925672802334914
0.0
1.350307551885691e-08
0.0
0.0
0.0
1.1335864820738572e-07
0.0
0.0
0.0
1.4057290293834491e-08
0.0017931548389575097
5.401907278273879e-06
2.609792473171959e-07
0.0
0.0
3.391830030762549e-07
0.0
0.0
0.0
0.0
3.391919398783391e-07
0.0
0.00025129293790952003
0.0
7.853587801497308e-06
1.7211950339980042e-05
2.1855894258907447
0.0
-0.0017104840122776294
0.0
5.580568212620006e-07
-2.0136324399458276e-08
-1.625232061083781e-08
-1.8290776947590048e-08
-2.156917727392816e-08
-2.7205367045949998e-06
0.00013851318175023275
0.00013858180672363758
0.0
3.8939291181740226e-05
0.0
0.0
3.893813110296e-05
0.0
0.0
8.063570723466592e-09
0.0
3.4986826885448284e-09
6.4732983824331565e-09
6.246810578841132e-10
0.0
-9.76157196277993e-09
0.0
0.0
-2.866898875031884e-08
5.4884882805139e-10
0.0
0.0
2.952599352066117e-08
2.5761392898698546e-08
0.0
9.942272939016204e-09
2.3839100235969808e-08
0.0
4.350285779608498e-06
4.350285779562456e-06
3.772175905137285e-10
3.7721759588871463e-10
3.625415575536624e-07
1.0486119887058711e-07
9.983166453913936e-09
1.4564575991123604e-06
9.987632659843417e-09
0.0
9.986524639334007e-09
9.955055095579507e-09
5.607017805197417e-07
5.974351138293486e-08
8.723672256148167e-09
9.973154230756493e-09
0.0
9.967884358273373e-09
0.0
9.956255528148632e-09
2.9893961354280436e-06
9.989200616128696e-09
6.64655713030658e-08
9.989194148826516e-09
0.0
9.987564979625542e-09
0.0005256303335606226
9.986730113267516e-09
0.0
0.0
4.3410266340074525e-16
4.3660599939125126e-16
0.0
9.280557139717408e-09
0.0
0.0
0.0
0.0
0.0
0.0
0.0
0.0
0.0
0.0
0.0
0.0
0.0
0.0
0.0
6.633410901288168e-08
0.0
0.0
0.0
0.0
0.0
0.0
0.0
0.0
0.0
0.0
0.0
0.0
0.0009429688567646258
0.0009398363441728286
0.0
1.012373431686196e-10
-9.909876685672682e-09
9.96147630086763e-09
9.97371098745102e-09
4.672441017129217e-10
2.575539269845839e-10
0.0
0.0
0.0
0.0
-9.391526951330056e-09
1.1215677286248419e-10
7.408864205677166e-11
2.5786593714922437e-08
9.587587771584287e-09
0.0
0.0
9.946382318250039e-09
0.0
0.0
1.4793430700147686e-10
6.955555563997802e-09
0.0
0.0
0.0
0.0
1.0367420371604083e-08
1.8165403539181522e-09
6.222616883612417e-10
8.80288510448647e-09
8.802885100109986e-09
0.0
2.748591425611583e-07
8.710436378515469e-19
1.9913754425566756e-08
1.9913753839045482e-08
1.016510670777986e-06
4.323881443011466e-06
1.9663370497262243e-09
5.005480098788846e-10
1.7263772655736924e-08
4.975888518081034e-09
3.713899484197096e-07
6.198156397763888e-09
0.0
1.991375616196365e-08
6.06690038308832e-10
1.991375559454454e-08
1.991375617885364e-08
0.0
1.9054807721308954e-07
0.0
4.85638881501027e-06
0.0
5.322763449763205e-06
0.0
0.0
1.3996446360274489e-08
1.1639115912078399e-06
8.112383058744608e-08
2.4947152195268438e-06
0.0
0.0
8.010980865559664e-10
6.347042979121387e-09
0.0
0.0
2.279362189467349e-07
1.33319261973709e-07
6.820247857056609e-07
9.65681890499325e-09
0.0
0.0
0.0
2.622834005210082e-07
5.6897386302627876e-09
4.16084964434996e-09
0.0
1.744623156186852e-08
0.0
0.0
9.96004863770553e-09
9.960048627868923e-09
-5.363411996963401e-11
0.0
0.0
2.232482153919601e-08
3.3960026016815e-09
1.534343435000564e-05
0.00017497423008270676
4.503604963048767e-08
1.0463638168417237e-08
2.0717542571662202e-08
5.6901248807047024e-08
0.0
8.42420125521314e-09
3.0838134255519874e-08
9.76845994778787e-09
0.00044417542548846493
0.00034354390126739294
-0.0007831212920885733
4.869027953822161e-05
0.0
-0.000338936101348765
1.444891831526348e-07
0.0
0.0
0.0
0.0
0.0
0.0
0.0
4.0095554228815655e-08
0.0
1.9859148420485866e-08
0.0
2.87721020244344e-08
0.0
6.677253883323972e-08
0.0
0.0
0.0
1.8266655173384197e-08
0.0
2.164762907878656e-08
0.0
3.0380486090753e-08
1.0385148497190657e-08
1.901895684435216e-08
5.701255094348729e-08
0.0
8.417234612494514e-09
1.1809071040536296e-08
0.0
0.0
8.97639239963878e-09
5.1239692054095925e-17
0.0
0.0
9.943847411070736e-09
-1.5374602705463284e-08
-6.002056395226774e-07
0.0
7.734960047718681e-09
0.0
0.0
0.0
2.9042433020982e-07
0.0
0.0
2.716101297192277e-07
0.0
9.412431056919398e-09
0.0
3.130182628763429e-08
0.0
6.323296966674912e-09
5.438072549025454e-08
1.5765347857941564e-08
0.0
7.232550650955663e-08
0.0
1.0631137785370398e-08
3.155013596379071e-08
0.0
0.0
3.6929165923884083e-08
0.0
0.0
1.678395592287734e-08
0.0
0.0
1.4631689688744509e-08
0.0
0.0
0.0
0.0
0.0
0.0
0.0
1.6244530503441358e-08
0.0
0.0
0.0
0.0
-4.270697041659592e-06
0.0
0.0
3.7362263243130425e-07
0.0
7.991223444700257e-09
7.991223468757983e-09
2.039696093381807e-07
2.399357609167473e-06
0.0
7.900284512969329e-06
0.0
7.067722812109022e-07
9.561947209989641e-09
-9.561947206249144e-09
0.0
-3.8934788656580445e-10
0.0
0.00015294019825920537
0.0
2.4119635203919892e-06
2.2827906124626192e-07
6.029875070572498e-08
2.137444354843865e-08
-0.1128301710061569
-0.0026100876541832463
3.081099390137674e-06
0.0
8.618913568479363e-09
0.0
0.0
8.632983332217752e-09
1.0732365438502544e-09
1.0732357225151645e-09
0.0
0.00017861617960000047
1.597916507214265e-10
0.0
0.0
0.0
0.0
0.0
9.228037612269013e-09
0.0
0.0
-9.67547219383677e-09
4.348171330578349e-06
9.971010666087738e-09
6.237255244729975e-10
0.0
3.572232672133258e-08
-2.5698519564587237
2.569851930697764
9.961367333861054e-09
-0.0026066051568112694
0.0
0.0
-9.928437224486844e-09
2.718109233518728e-07
1.551553099086043e-08
4.027539858476356e-09
3.793594967348538e-09
2.6558953574731702e-08
0.0
0.0
0.00044417542548819345
4.4213537706186877e-10
0.00044417542548792175
9.786530379179483e-09
2.7181092332911816e-07
1.5515530690947794e-08
4.027539740869302e-09
3.793594825814628e-09
2.6558953525583598e-08
0.0
0.0
7.067722814768025e-07
8.941588702824981e-07
9.947717098001738e-09
0.0
-7.237196208337467e-05
1.6346393008447287e-08
0.0
7.239169894526757e-05
6.158705689953068e-10
-2.946482739647032e-06
2.840863195736643e-06
7.880103648137375e-08
2.0260698757276242e-09
-6.138207220808382e-09
1.791090559940525e-07
1.2275869519171034e-07
6.067387366906925e-08
3.1879418717590376e-08
0.0
3.165726505422941e-10
0.0
7.540036785806569e-10
2.2743336006347589e-10
9.568127048063696e-09
0.0
0.0
0.0
0.0
-1.053197356716681e-07
2.0396960933492125e-07
-2.236444157298339e-05
-2.236444157298518e-05
5.7963251896629056e-09
0.0
-3.4541076311400416e-10
-3.4541076308351097e-10
-3.4541076303438306e-10
0.0
0.0026072314296402125
0.0026072314296407633
1.9054269278323176e-07
8.712049839516469e-11
0.0
0.0
0.0
0.0
1.0546008761926145e-06
5.512506427424832e-09
0.0
1.0475723769787946e-08
0.00010602931115395134
0.00010602931115395138
0.0
1.350307528691072e-08
0.0
0.0
9.846489235076916e-09
9.846489212250909e-09
5.011459706620123e-10
9.846489216964356e-09
5.011456921750404e-10
1.699176586853723e-07
1.084485444669524e-07
0.0
0.0
4.3289159771770454e-09
0.0
0.0
0.0
2.701145763551086e-06
0.0
2.9016143827993657e-08
0.0
3.071148542341251e-05
-1.798292742287433e-05
0.0
0.0
1.1374602181797778e-09
0.0
0.0
0.0
0.0
0.0
2.1692372736964125e-08
0.0
4.736400793121318e-18
0.0
5.994889279702271e-09
0.0
0.0
0.0
9.775799050468215e-09
0.0
0.0
9.874785258314024e-17
2.7197899050073697e-16
2.721818007606675e-16
0.0
0.0
0.0
7.162975567701317e-11
-9.894704378760055e-09
3.429220432173843e-08
0.0
7.933524693781015e-07
0.0
0.0
-3.6889122075900693
3.688771300116491
-0.00014090928935740863
0.0
2.169237275244705e-08
2.169237274666564e-08
7.162822631331955e-11
0.0
0.0
-9.902041752524182e-09
0.0
0.0
0.0
0.0
8.117980559475824e-09
8.117980559563482e-09
0.0
-1.734723475976807e-18
0.0
1.4137864066223294e-08
0.0
2.1692372741881158e-08
0.0
0.0
7.714964100652727e-09
0.0
4.112146489319694e-10
0.0
0.0
0.0
1.770002454730472e-07
2.61428173014218e-07
0.0
7.162441267321059e-11
7.16264442108656e-11
2.233661301802535e-05
3.303903537284485e-07
6.571463913924888e-07
-1.667575679199338e-05
8.52168498914543e-05
0.0
0.0
-1.2698757757334533e-05
9.77505769383935e-09
0.0
9.775057697283676e-09
8.686596087178819e-09
8.68659609000455e-09
0.0
0.0
3.5572550702647754e-07
0.0
0.0
0.0
-5.209272664112065e-10
-5.087362523081604e-10
-9.854200830563213e-09
0.0
0.0
0.0
-3.958676336831291e-10
0.0
0.0
0.0
0.0
0.0
0.0
0.0
0.0
4.992575560580223e-09
4.992575560580223e-09
0.0
0.0
0.0
5.097510765493701e-05
0.0
17.202409111150025
-17.202409091259273
9.934490217988236e-09
9.880890197626932e-09
5.353915465863056e-10
3.232285468086316e-08
0.0
3.468280614717572e-08
0.0
9.947717097052913e-09
0.0
0.0
0.0
0.002780127279314681
-1.228729056939966e-06
0.002781394915744564
9.851946349532874e-09
1.0501569998416823e-08
-1.0501569979654823e-08
0.0
1.532774252879747e-05
1.5366135580098528e-05
5.1242860173173366e-09
0.0
0.0
1.9719354234130895e-08
9.862689300237787e-09
-5.170913346603354e-10
7.193149776720341e-10
1.0501570036204437e-08
0.0
9.88049921298099e-09
0.0
0.0
0.0003824138392575782
1.1382081131051298e-15
1.347098281359555e-07
6.005259797018e-08
0.0
3.6749395798577273e-08
0.0
0.0
1.9769055966313984e-08
5.778888595155013e-10
3.238160279361857e-07
0.0
3.2299795586612297e-07
1.440991777202311e-09
5.148863998052217e-17
9.41777739524492e-09
9.417777499228378e-09
-4.7036602664020724e-08
2.710437582426593e-18
0.0
9.936911214452078e-09
9.961181833758052e-09
8.333560945680145e-09
1.7758472414897762e-08
0.0
0.0
1.1563315868857414e-10
0.0
9.454616528719416e-09
8.649388311695574e-09
0.0
-8.618913343444445e-09
1.119055998721558e-16
-2.121886425507183e-08
-2.0388499588565946e-08
3.918144585364165e-13
0.0
0.0
9.962752469788206e-09
9.963188149341575e-09
9.963188174542774e-09
0.0
-7.456520659920157e-09
-7.549507426108867e-09
6.347042473955029e-09
0.0
6.320919880621927e-09
0.0
0.0
6.347042043770494e-09
6.922291578419919e-09
6.525199178226057e-10
0.0
0.0
6.15594990795666e-10
-2.1961336631501152e-09
0.0
9.956734677440655e-09
6.096703155809652e-10
0.0
0.0
6.112745165442972e-10
9.957442265477756e-09
6.103669562959391e-10
0.0
9.958364094882782e-09
1.1486989276443538e-08
0.0
6.3470406143157694e-09
0.0
0.0
0.0
1.7981708553492453e-08
0.0
0.0
-3.6197929006651086e-08
5.981467441948664e-10
0.0
0.0
0.0
0.0
0.0
5.260057856125215e-07
2.0396960933709431e-07
0.0
1.8270569057676767e-08
5.414838722322063e-10
2.7485914253986256e-07
5.812444786059117e-09
0.0
2.5753630932367974e-07
7.335761406591811e-07
1.412576293975282e-08
1.5790588566767525
-1.5790587670746468
5.99478915035491e-10
0.0
7.104952359782146e-08
1.2766168711964764e-18
5.186792906041703e-08
-4.205492153396559e-08
9.813007530038234e-09
5.289501459060375e-08
0.0
0.0
2.5753630925254533e-07
0.0001322528065252464
6.337187906870045e-10
-0.0001322428253645591
6.356936260026274e-10
0.0
2.0703543978176864e-09
1.0529516452752653e-08
9.984684108995179e-09
0.0
7.873028804260837e-06
0.0
1.1205995216225017e-09
9.617526397800659e-09
9.6175263985393e-09
0.0
0.0
0.0
0.0
7.762450478918684e-08
7.754077873930458e-08
0.0
-6.648443397582588e-12
