0
0.0
0.0
0.0
0.0
1.639228147322931e-08
2.527550428628756e-08
0.0
0.0
0.0
0.0
0.0
0.0
0.0
0.0
0.0
0.0
0.0
6.078841075516687e-09
0.0
9.597836693582766e-09
0.0
0.0
0.0
8.535719735279463e-09
0.0
9.846568259915608e-09
0.0
0.0
0.0
3.887533002931366e-08
0.0
0.0
0.0
0.0
0.0
6.652140938623857e-07
9.844363102054025e-09
0.0
1.2772252803625373e-08
0.0
0.0
0.0
9.572370016188529e-09
0.0
0.0
1.1954163202486374e-08
0.0
0.0
0.0
0.0
0.0
0.0
0.0
0.0
0.0
1.2859991069063773e-09
0.0
0.0
0.0
0.0
0.0
1.374748491818773e-09
1.1756920120121393e-16
1.9414494648379096e-09
0.0
0.0
9.188420075930332e-09
0.0
0.0
0.0
0.0
0.0
0.0
1.0153519507376946e-10
4.279985745302764e-12
9.931469646673463e-09
0.0
0.0
1.4535884277004265e-08
0.0
3.701967942357629e-10
1.0153520125372184e-10
0.0
0.0
0.0006034023918165821
4.898320899894147e-13
5.373528436878698e-09
0.0
0.0
9.64614099975302e-09
0.0
9.359101744125037e-09
0.0
3.979711311247665e-08
-3.978329266167671e-08
0.0
7.778362469441167e-09
8.302467458952086e-09
0.0
0.0
0.0
0.0
0.0
0.0
0.0
0.0
0.0
0.0
8.612078084659484e-10
0.0
0.0
0.0
5.922612231106114e-09
0.0
0.0
0.0
0.0
0.0
0.0
0.0
9.715893986438875e-09
0.0
9.757081985744843e-09
2.6886703988993067e-07
4.9111947939354014e-09
0.0
3.3811722332907786e-07
-3.040702860192276e-07
7.337131629851749e-09
0.0
9.762367538401732e-09
0.0
0.0
9.056321587686176e-09
0.0
0.0
9.753005514877655e-09
0.0002847803923482024
1.886449858948253e-08
0.0
0.0
0.0
0.0
0.0
0.0
0.0
0.0
0.0
0.0
0.0
0.0
0.0
1.6113519305866687e-09
0.0
0.0
9.270332516092483e-09
3.6685597140848583e-09
0.0
3.542989971905566e-09
9.765420615639056e-09
8.758946514200633e-09
5.919070114598077e-13
9.882531775288665e-09
-0.00016442171912928183
3.320861908667551e-06
2.723957323086146e-11
3.324052169068229e-08
0.0
0.0
0.0
0.0
0.0
0.0
0.0
0.0
0.0
0.0
0.0
0.0
0.0
0.0
0.0
0.0
0.0
0.00033116480946336917
2.205591071767395e-08
0.0006191543406639929
9.955654657408876e-09
7.269998596717572e-08
0.0
0.0
0.0
0.0
0.0
0.0
0.0
0.0
0.0
6.284988700822394e-09
0.0
0.0
1.9540523277354946e-08
1.983924942834847e-08
0.0
4.950806394764234e-10
3.807525027132107e-09
1.5176561760260583e-08
4.3390674263253e-09
8.172200004966056e-08
0.0
3.4628246827837225e-08
9.653603124282834e-09
0.0
0.0
3.888761581833191e-08
4.94420694345274e-09
9.388880645720002e-09
0.0
0.0
0.0
0.0
0.0
0.0
9.92089418670723e-09
0.0
0.0
0.0
0.0
2.1335333268686542e-19
0.0
5.546292275539227e-09
3.6003255328476666e-10
0.0
0.0
0.0
9.606659717906702e-09
1.348537825664512e-11
9.729017264480924e-09
2.636482233042242e-12
9.830176966283995e-09
1.5862505541666576e-09
2.0432171105315595e-16
7.599690816362097e-11
2.16750177084446e-06
0.0
0.0
0.0
0.0
0.0
0.0
8.281723777867207e-12
-0.0007585044685309233
6.018403718721133e-25
0.0
0.0
0.0
0.0
4.1243531918798705e-10
0.0
0.0
0.0
0.0
5.311912036644152e-07
0.0
9.412740961012364e-09
8.11403357948159e-09
0.0
4.264624254224548e-09
0.0
0.0
0.0
0.0
0.0
0.0
5.3477793501307385e-09
4.079088376637867e-09
2.8188230069303215e-08
2.238220823655703e-10
0.0
1.1403335423973417e-19
4.4648725815560956e-10
0.0
9.90356015102893e-09
-7.29299856071816e-09
0.0
0.0
1.57817543605086e-10
7.293000050926941e-09
0.0
5.028828011650717e-09
-3.86620502031468e-08
0.0
2.1986445443416594e-05
0.0
9.576712061280152e-09
0.0
0.0
9.724786497121392e-09
5.0288280116082065e-09
0.0
0.0
0.0
1.0624836542293273e-08
0.0
9.806593740425125e-09
0.0
0.0
0.0
0.0
0.0
0.0
0.0
-1.7473435892645384e-14
9.581275803997994e-09
9.368099505603823e-09
4.05805245019632e-09
0.0
0.0
0.0
0.0
0.0
0.0
1.8085921066321998e-07
2.5664654506840935e-08
0.0
0.0
0.0
0.0
0.0
9.678904008266296e-09
0.0
6.647721652666694e-12
2.6632506578629437e-08
0.0
6.294260000675395e-08
2.955986531955125e-07
0.0
0.0
2.3678223182492316e-07
7.076920934704701e-09
7.076920951787661e-09
0.0
5.861258707551276e-09
1.955994300194523e-08
9.982024381245724e-09
6.673353562035178e-10
9.956118460479474e-09
6.662056459756514e-10
6.006740932998413e-10
9.725127145473144e-09
4.223946672174275e-10
9.906581789799225e-09
9.95611847411309e-09
9.97440770109882e-09
9.973258212991842e-09
-6.078841067829171e-09
2.462980474020541e-07
4.827182434661457e-08
6.751840652776012e-08
4.3253316441130306e-07
0.0
9.175158541285989e-08
0.0
0.0
1.0900119176406168e-06
0.0
0.0
0.0
0.0
0.0
0.0
1.0912181133945136e-06
0.0
0.0
0.0
0.0
4.919471529192743e-10
1.906593179926693e-09
6.966437316930197e-07
4.8991379505591237e-08
0.0
4.676651999626439e-08
8.588696033506788e-09
0.0
0.0
7.060218597112532e-07
0.0
0.0
0.0
0.0
0.0
2.3465283692689426e-08
0.0
0.0
0.0
5.601381183760912e-09
-2.9738534097212883e-10
0.0
6.679814767418101e-10
6.497413248069326e-10
9.966014361960547e-09
0.0
0.0
0.0
1.0121045086579805e-08
0.0
0.0
6.580134709891984e-08
0.0
1.0251494011419145e-08
0.0
0.0
0.0
0.0
0.0
5.6174122488238185e-09
0.0
0.0
1.970146338256878e-08
1.9912625740407746e-08
1.994947274949602e-08
1.9939272700262335e-08
-9.837752208349815e-09
-9.791996988993629e-09
0.0
-9.581239023416337e-09
0.0
-8.769534116243038e-09
6.58013463506672e-08
0.0
1.025149294420159e-08
0.0
-3.1578984971945574e-09
0.0
0.0
0.0
0.0
0.0
0.0
0.0
6.580134561714062e-08
0.0
1.0251491895182172e-08
0.0
0.0
1.9765107895910043e-08
1.082250232742488e-08
6.577827763393066e-10
9.794881551700783e-09
9.597836693242912e-09
2.811245837906031e-10
7.330289571425593e-14
0.0
1.0203502599807631e-08
0.0
9.979770959980556e-09
-6.815792338854543e-08
-2.9396399864079775e-08
-2.9396399863426746e-08
0.0
9.673202912285905e-09
0.0
-9.954738797385634e-09
4.1565118043776115e-05
2.6361212884665105e-07
8.124862005417199e-07
2.0567724088176616e-07
0.0
1.6354898047563535e-07
2.0843273909473917e-06
0.0
0.0
0.0
0.0
1.9559943005035296e-08
0.0
5.769620881861947e-19
9.687597229271135e-08
4.9946452911611316e-08
0.0
5.315013430866951e-10
0.0
-1.7903029914112523e-07
-1.694667786490635e-07
-1.7026026633525093e-07
-1.536754044986807e-07
-1.4324463735787205e-07
-1.2356175479259746e-07
-1.223231235605591e-07
2.3300246138359122e-08
-5.395342899987424e-10
-9.844363102473608e-09
4.792954521051605e-07
9.451377956434651e-09
1.5360846590691192e-10
0.0
0.0
0.0
0.05361429302719234
1.2772252820717453e-08
0.0
-1.2772252812179915e-08
1.921663856919525e-08
1.3192458719210325e-10
4.7635045077548176e-08
0.0
2.8142983661028807e-08
0.0
1.5937343614286555e-07
1.5937343616197475e-07
0.0
0.0
0.0
4.7483763617341406e-08
0.0
0.0
-9.572370016216677e-09
9.754490177218263e-09
9.75449016288484e-09
9.867208070484737e-09
9.867208081222153e-09
9.867208059797404e-09
1.8887288812908096e-07
1.7905634936224175e-07
1.702584897980003e-07
1.4409132952555185e-07
1.4324285846920373e-07
1.806522379153852e-07
4.448511686604923e-08
0.0
0.0
0.0
1.1954163309980946e-08
9.648380185078853e-14
0.0
0.0001490567071723226
0.0001490665015599095
8.433299072962974e-09
1.6248817838394586e-06
4.156679702329668e-05
1.0701426314611683e-07
0.0
5.413410653237822e-08
8.289977076998557e-08
5.529073826477264e-09
0.0
6.238074998594536e-07
5.421041927033504e-10
0.0
-0.9264287934461785
0.9264281282320846
-6.555582558997714e-07
9.789778785905507e-08
0.0
0.0
2.285214533635017e-08
9.965644236101332e-09
9.965644008099081e-09
6.396689699510877e-05
4.9040927216026375e-05
9.676251047580829e-09
0.0
0.0
2.2787529030500282e-05
8.94157327003557e-07
7.054677984955669e-08
-3.065373732624721e-08
9.975146295586714e-09
0.0
0.0
9.937133588229757e-09
9.938557582304054e-09
0.0
0.0
2.8788315839032414e-08
-9.710910707779874e-11
2.485549058239833e-10
0.0
1.3346240263254775e-07
8.83026926963783e-09
0.0
5.7160974681832257e-08
0.0
0.0
0.0
7.21460603385257e-08
1.3994158328398105e-08
0.0
5.281094899167773e-08
0.0
0.0
2.5664654516549852e-08
0.0
6.637393484009495e-10
4.850533841620681e-07
1.8653293630875085e-08
1.0606419769023591e-07
4.099260895743969e-07
4.7068248292228936e-08
8.253749332304806e-08
5.611497918123691e-09
-1.4978894815464695e-07
0.0
1.6392379024047875e-08
-8.441101533029904e-09
2.485544144679947e-10
0.0
0.00014895984176493347
3.82700754208399e-10
3.8270075028403755e-10
1.735026950593227e-08
0.0
5.4363064057967245e-08
9.945886105383934e-09
1.2971524187470024e-08
1.6550562663281143e-06
1.704608426886398e-06
-3.1783589800067193e-06
1.5723628911084881e-06
1.1436982471400301e-17
0.0
25.58164366057407
-25.581643651751648
0.0
0.0
0.0
-2.6886703983781263e-07
1.0354786234455655e-08
0.0
0.0
0.0
6.420809355654402e-10
1.6202154918877426e-10
0.0
2.5761338976941556e-07
2.576133897810023e-07
9.79510005920327e-09
9.795100032721632e-09
1.6202178661217648e-10
1.6202154887852732e-10
0.0
2.4980105563077103e-09
0.0
0.0
0.0
0.0
4.746289368210759e-08
0.0
0.0
0.0
0.0
8.900560808612192e-08
0.0
2.948381354938635e-10
9.867208046730606e-09
-2.2958729960070146e-10
0.0
0.0
2.22113486817566e-05
4.862751099954725e-08
9.959188081114959e-09
9.968424641293439e-09
6.647832691752103e-10
3.7729273307724096e-08
8.865451172230639e-09
8.865449398839885e-09
0.0
0.0
0.0
0.0
8.978929049509338e-16
2.452074005744187e-16
4.91192704091033e-07
0.0
1.1558272483101705e-07
0.0
5.655098631789278e-08
9.180352873953612e-08
1.5187568588730536e-08
1.1336890818384687e-06
4.1576441829010095e-05
0.0
9.137696538665384e-10
0.0
0.0
0.0
1.3877787807814457e-17
0.0
0.0
8.90781914407656e-07
0.0
0.0
1.742361551296845e-06
1.7404201018769381e-06
1.7423615513263364e-06
1.7423615513448851e-06
1.7423615512876505e-06
0.0
0.0
5.314558723729008e-06
-4.6989729728772085e-06
6.169604993465267e-07
-1.374748493422086e-09
-2.6257686082734044e-08
0.0
1.6286937218674772e-08
4.75707290884748e-08
6.596341719372623e-10
6.596342275996124e-10
2.8948394828193065e-17
4.688355339393278e-06
4.725511413804963e-06
6.497713529275223e-10
3.8707215002653506e-08
0.0
0.0
0.0
0.0
5.848212853369624e-08
1.8590609756995028e-08
1.8143531133042197e-08
2.4659749405658757e-17
3.1103602837981e-08
-7.96882052797078e-08
5.917748603371305e-10
0.0
1.7889335846010823e-18
0.0
0.0
-2.9228692252998138e-08
0.0
1.4104633172113679e-08
0.0
0.0
0.0
1.151552076800294e-07
1.1547786200924802e-17
0.0
0.0
8.369845484862421e-09
0.04772988356106518
-0.0477298135211727
5.223968008493511e-10
0.0
7.523882106251247e-10
2.9903226121168786e-10
0.0
0.0
0.0
0.0017826561700879928
6.385257731788036e-11
0.0
0.0
2.523020539473845e-09
0.0
0.0
0.0
2.8787724059541877e-08
0.0
9.769476063482197e-09
9.52869165458017e-09
9.528684889892759e-09
0.0
9.814171433454717e-09
6.420803651659748e-10
0.0
0.0
0.0
9.843968648576784e-15
4.867289762645062e-15
1.492985764406696e-14
0.0
-1.0153519507376946e-10
0.0
0.0
8.613425778181139e-09
-4.278986236519455e-12
0.0
0.0
0.0
0.0
-9.933662781236308e-09
0.0
-2.0871685260043534e-08
0.0
2.051847196762666e-16
0.0
0.0
0.0
0.0
0.0
2.2758738711003408e-08
7.252838110018496e-08
2.568933610756849e-09
0.0
0.0
7.452833044952178e-07
1.0151394794251726e-16
2.8274151475353787e-16
0.0
0.0
0.0
0.0
0.0
4.8627510523922515e-08
6.059514115687432e-10
0.0
1.4264049469814297e-08
-5.170284776557275e-09
0.0
0.0
0.0
0.0
9.90577192843545e-09
9.905771938795811e-09
6.6140443503051956e-18
0.0
2.269569895869018e-05
2.269532876190063e-05
0.0
0.0
0.0
2.1368634328714535e-09
0.0
8.225390297171059e-10
0.0
0.0
3.7445058551743075e-08
-5.806013659214945e-10
2.1368539167360402e-09
0.0
7.930980402378873e-10
-9.676332259070321e-09
-5.170481285281898e-10
3.743325160510369e-08
0.0
0.0
0.0
9.948823986860589e-09
0.0
0.0
-0.0006034023918165543
-0.0005401637066079991
0.0
9.469604248950004e-09
-4.898320899894147e-13
1.4488994006323356e-09
0.0
0.0
0.0
0.0
1.7683553859048763e-08
0.0
0.0
1.664778991940543e-09
1.664778982999343e-09
1.664779087613098e-09
0.0
1.6647792013220169e-09
3.867285952721469e-16
0.0
0.0
6.437006659720531e-09
5.915594620056752e-13
1.8946963008871375e-08
6.247365293994231e-11
-2.8992215550306897e-10
-5.976899205596686e-13
0.0
1.9059411777786656e-07
0.00010983182689727755
-9.35910171515674e-09
0.0
-0.00011000368745776653
5.917332484461965e-13
0.00011003178011517292
6.130075299796424e-11
0.00014907295982202732
0.0
1.368328026915054e-09
1.368328040284028e-09
0.0
4.969068787396235e-06
-4.959344928325245e-06
-4.7579618474129376e-08
7.790105517987067e-08
2.071199160227563e-08
0.0
0.0
0.0
0.0
3.978329266167671e-08
0.0
9.101964146405325e-09
-3.069514896607089e-08
8.08216476319203e-17
5.028828011559048e-09
5.028828011535659e-09
0.0
0.0
0.0
0.0
7.108970712503338e-08
0.0
0.0
0.0
0.0
0.0
0.0
0.0
1.6757976617641095e-06
9.844900120847171e-09
1.674125709500468e-06
0.0
0.0
0.0015162619886160548
1.6059706557655978e-08
3.27085105329758e-09
1.7485845904490308e-08
0.00461166971261195
-0.004611622387810512
6.212300127241469e-10
9.043114585147172e-07
-1.727722768915226e-08
0.0
0.0
0.0
0.0
-5.693014835099338e-07
1.9955396340727278e-08
9.977588154855754e-09
2.1642088752160937e-08
2.8489041377499223e-06
1.0064612127824619e-06
9.423245380151645e-07
8.270623956165595e-06
0.0
2.2814269637605872e-07
7.105806060971871e-08
9.521062000697144e-09
6.706774152209557e-10
9.725127095260593e-09
4.888425739321159e-09
-9.529226211932307e-09
0.0
8.390297893400857e-09
0.0
4.787929401886331e-09
1.1289410663796263e-07
0.0
1.2734395185021899e-08
0.0
7.939356193898449e-07
0.0
0.0
0.0
9.905772036127712e-09
0.0
6.130994147551107e-10
1.93237421557268e-08
2.7618937486608117e-08
1.972179844702903e-08
4.984747721551561e-10
9.923712386137844e-09
0.0
7.257866924853684e-09
7.2578669246399735e-09
0.0
0.0
0.0
-5.235858519988255e-10
9.977750181633382e-09
1.9951375645525673e-08
6.665664516624451e-10
1.0357725535335433e-08
0.0
0.0
0.0
0.0
0.0
-9.794012042346756e-09
0.0
0.0
1.3940506431731825e-17
0.0
0.0
0.0
-9.794454687358655e-09
0.0
1.3297389638086704e-18
0.0
0.0
0.0
-1.566199780815309e-11
0.0
0.0
9.844236923682316e-09
0.0
1.365080048043713e-10
9.902963558480286e-09
0.0
0.0
1.6392281540910068e-08
0.0
0.0
0.0
0.0
0.0
6.657121951461172e-10
1.994128431977364e-08
9.968527722248668e-09
4.2133394107413556e-09
0.0
5.510898899847483e-09
0.0
1.7210680780848706e-09
0.0
0.0
0.0
9.655359007947185e-09
3.6369940861701386e-09
-5.922611734376915e-09
0.0
5.9226138456167e-09
0.0
0.0
0.0
9.597836718910815e-09
-9.104997601575363e-09
0.0
0.0
0.0
7.768935465819191e-07
8.772480430541067e-09
0.0
0.0
9.987042929754597e-09
0.0
1.981726766896657e-08
9.883543991600669e-09
9.88354401844512e-09
9.34070925703674e-09
1.4479191723631296e-09
9.959245945969974e-09
9.727930461167489e-09
2.955297952970254e-18
8.248124033249e-06
3.773548889104459e-08
1.9597689960005918e-08
5.644868446612087e-10
0.0
0.0
0.0
1.0945180941806397e-13
7.652921699130566e-10
0.0
0.0
0.0
0.0
8.511498098330856e-09
0.0
1.9881523990855266e-08
0.0
5.456274072179101e-09
0.0
9.731895552023842e-10
0.0
6.263480097633842e-08
3.1665468844609364e-09
1.1620459357057362e-10
0.0
1.6539659656641383e-08
0.0
6.588006186387423e-09
0.0
6.633161044498497e-09
0.0
3.790338679504828e-09
0.0
0.0
0.0
0.0
0.0
0.0
0.0
-1.7927906333487502e-07
-1.7905694121682358e-07
-1.7025908197708384e-07
-1.5367421944111917e-07
-1.3366544602030995e-07
-1.2356056806710203e-07
-1.3189479107847402e-07
-2.3299058070770477e-08
0.0001597120649279601
0.0001597217557305915
0.0
0.0
0.0
0.0
0.0
0.0
9.016365376833535e-06
0.0
6.627732029375678e-09
0.0
0.0
0.0
1.1044526905843749e-10
4.385277801662866e-10
0.0
-4.5378385477987014e-10
-2.592533799321266e-07
-2.6886703985873773e-07
0.0
1.3210748338036114e-07
0.0
-4.9111947692677514e-09
0.0
0.0
0.0
0.0
0.0
1.7944284643007642e-07
0.0
0.0
6.731583461820052e-07
1.7580665840275852e-06
1.2551134696244476e-07
3.6951311704062964e-07
0.0
5.5479046358908815e-08
9.924306405804417e-09
1.0418708283668137e-06
0.0
9.218559099941836e-09
6.928388565179236e-07
1.8068222498277845e-06
6.841849040253694e-08
4.0020541908572165e-07
6.832260965781137e-08
5.806492434447396e-08
3.0635703973852135e-08
0.0
9.772168721127193e-09
0.0
6.525551877500928e-08
-1.0618107885589133e-10
4.2128297730853234e-10
9.723995422877807e-09
0.0
-6.880992678426345e-08
1.1463266410272066e-06
5.5071551072593414e-08
3.779396945982573e-09
3.779396973482072e-09
0.0
0.0
0.0
6.322198217225627e-05
0.0
0.0
0.0
6.420805768700533e-10
0.0
9.391558074685381e-08
3.1344535737435554e-06
0.0011663609515161464
-3.4774383195212977e-07
0.0011608084704890522
0.0
0.0
9.347335947410989e-09
9.34733603523654e-09
9.347336122597925e-09
6.07099487404834e-08
0.0
5.163242417094234e-08
2.2258688422777548e-07
2.225868842762994e-07
2.2258688419521016e-07
2.3234925174976481e-07
2.225868842113287e-07
1.8397205158902219e-07
3.23199193486312e-07
-1.6434786651615963e-06
2.8613226852261942e-08
0.0
0.0
1.7896945908057364e-08
1.7896945884864933e-08
1.7896945934017425e-08
8.840624321133468e-09
1.7896946006521063e-08
0.0
2.1174439198893556e-08
0.0
1.1654992696271543e-08
1.792436015959106e-09
1.1508330001849196e-08
1.1654992738073172e-08
1.1508329992313643e-08
0.0
2.0195257048018965e-08
0.0
1.1926083465009644e-09
1.1926083437916457e-09
1.1926084049563423e-09
0.0
1.1926084689863856e-09
4.94092010140084e-07
1.470320564347129e-08
1.1477446064982722e-08
5.236129937706022e-08
9.856579282055025e-09
0.0
8.91940337288296e-08
0.0
2.1707443365062276e-08
3.1828039800612438e-16
0.0
0.0
0.0
0.17418501511765339
0.0
0.0
-0.00028478039234820264
0.0003479835382120048
6.345499321412454e-05
0.0013224414664725018
0.0
9.444849862711182e-09
9.826053575341046e-09
1.8845120107012524e-08
9.019066518073054e-09
0.0
0.0
0.0
0.0
0.0
-1.886449858938512e-08
0.0003074800902015982
8.840603364852929e-08
0.0
0.0
0.00012726532289197184
0.0
1.950377545757923e-08
9.850880258998338e-09
-9.091330040677213e-09
0.0
2.5247828150524538e-08
1.9728047421041782e-08
0.0
5.028724273348819e-10
-9.924268349822962e-09
1.9573472122539318e-08
0.0
0.0
2.829809448035354e-08
0.0
4.138783853227183e-07
0.0
0.0
0.0
0.0
6.205362100196119e-10
1.3056589224867152e-07
0.0
0.0
0.0
0.0
9.956382277605171e-09
0.0
6.266561776669384e-10
0.0
5.84770266271025e-10
0.0
6.355873447502371e-10
3.4681720277474256e-06
1.2058646392431363e-06
1.038057903970247e-06
0.00038065612208573236
0.00016118221652763887
0.0
9.854222234777563e-09
9.854222117047104e-09
1.6849109727650508e-08
0.0
0.0
4.507579433310265e-11
0.0
0.0
0.0
0.0
0.0
-9.270332515520785e-09
0.0
4.507579143553646e-11
3.181505020500966e-08
0.0
9.779353255676263e-09
0.0
5.3003879231736906e-09
0.0
0.0
-3.5429899719991397e-09
1.0085650824308184e-08
5.053206064994638e-08
0.0
6.460947076840487e-09
0.0
-8.758946511990516e-09
0.0
-9.765420615648768e-09
0.00016247299913207865
0.0
0.0
0.0
0.0
0.0
0.0
2.0856190102437647e-07
1.137729806812508e-07
1.1143682471714415e-07
-9.882531775556869e-09
0.00038056643187819167
-3.4607841392785715e-09
0.0
0.0
0.0
-4.9060148304969076e-18
0.00015362492283013153
1.2625798950599006e-07
0.02982427065275455
0.0
3.3561389777451207e-06
2.580742740667445e-08
-3.320861908667717e-06
1.118559580054931
0.02982428007493189
1.7836229328050552e-11
0.0
-2.7239570393069556e-11
0.0
1.148383858588516
0.0
0.0
0.0
0.0
-8.861025107881922e-09
-3.32405216953792e-08
0.0
4.969541322035129e-05
0.00011142575687264034
-0.00010410338028421506
0.0002685250994155222
0.0
1.1483838585885155
0.0004680417750735878
2.3616860207593798e-17
0.0
6.402918769617145e-10
0.0
1.0380579038734004e-06
-1.8123768820074975e-08
8.765689598481302e-09
4.055411589214851e-08
-9.51663958853044e-05
2.639653162004039e-05
1.9831041870345634e-08
0.0
8.038050793615587e-09
6.109205248886066e-05
0.0
0.0
0.0
-0.0008473394124557387
0.0008474354949759799
9.829285735167559e-09
0.0
0.0
0.0
-5.4264862229137095e-08
0.0
1.4510335820408926e-08
0.0
1.9573471977529884e-08
4.986496937662149e-10
0.0
2.6206916939902745e-07
5.326877446941761e-09
0.0
0.0
0.0
0.0
1.3627919215536661e-08
0.00015374099249870424
1.2336360142446247e-06
6.800366426274735e-08
-8.460952528080559e-05
8.462911192363703e-05
9.801568712480141e-09
0.0
0.0
1.329311695787634e-06
2.767147640067296e-10
-1.1765309192168782e-08
3.6349821886927473e-06
2.3033881526619157e-09
5.760257800663994e-07
1.3073112262168906e-17
6.040174037898572e-05
-6.0383318066746424e-05
0.0
9.772443499205202e-09
0.0
0.0
0.0
0.0
0.0
0.0
6.60043200721517e-10
1.450577547697137e-06
0.0
0.0
4.549351135719013e-16
0.0
1.900400909270373e-08
0.0
0.0
0.0
1.4698459707952339e-08
1.2134404560960814e-07
0.0
0.0
1.736194694780652e-08
0.0
0.0
3.42313732033551e-06
3.987098987515408e-08
9.96472855240764e-09
0.0
0.0
6.797545188176242e-10
-1.0086175251660973e-08
0.0
3.871555835388991e-08
0.0
0.0
9.973546255363785e-09
8.765690079352106e-09
0.0
0.0
1.2385613236008544e-08
1.2382243737156922e-07
5.939632228269969e-09
9.882531657920933e-09
0.0
6.801319125876083e-08
0.0
2.9728205344271918e-05
6.407204925347896e-10
-2.9718258015063927e-05
-1.8257278800977786e-08
-3.5429899725852865e-09
1.4983242903628284e-08
-9.955654657283355e-09
-0.0006191641932316615
-0.000625934872406031
0.0
7.269998557162222e-08
-6.316830366058276e-08
-2.2055910723581826e-08
-1.6881096910520457e-08
-1.8887407095388633e-07
-1.7905753307151384e-07
-1.7025967415616738e-07
-1.5367481197119115e-07
-1.4324404442288274e-07
-1.2356116141365447e-07
-1.3189538476329754e-07
-2.3299652105086572e-08
1.976451647657529e-08
0.0
0.0
0.0
-1.880563425749255e-08
2.596857047252257e-08
0.0
2.959538672567081e-08
9.96732353014397e-09
0.0
0.0
0.0
0.0
0.0
0.0
0.0
5.62880480859677e-14
3.566812506432973e-05
2.0081836927095685e-07
7.598705990321015e-05
1.6349859187147564e-08
9.40498224209709e-09
0.0
2.1006417091906648e-19
0.0
0.0
1.0656253319661226e-18
0.0
1.3231717705991693e-08
6.822357789815214e-09
5.639533085025789e-11
0.0
0.0
0.0
0.0
9.88871090386507e-09
0.0
0.0
5.6395314905690544e-11
-9.84656825990342e-09
-9.846568259907656e-09
-1.8073567730425566e-05
0.0
1.8082020753907315e-05
2.917798867102528e-08
0.0
0.0
0.0
1.4324129673855372e-07
8.795489240587712e-09
1.0582206883597183e-06
0.0
0.0
0.0
0.0
1.4419837529604344e-06
9.944695403968362e-09
6.381321225435758e-10
-0.0003311542444432601
0.0
1.4995987997828093e-10
1.3020574697420333e-10
0.0
1.3020397497714464e-10
1.3020256644762677e-10
0.0001488371392008095
-1.518682068990529e-09
0.0
0.0
2.2936235910197384e-07
0.0
-0.0004429976661025625
0.00044302273535652296
0.0
-6.284988700816865e-09
0.0
0.0
8.86545243491332e-09
9.472455647361238e-09
0.0
0.0
1.3328932624290246e-08
3.746066567513438e-09
8.441101310660039e-09
0.0
6.649806841994518e-10
13.56985197040966
13.569851950869138
-1.9540523162227263e-08
7.471548229871188e-09
0.0
1.606152129291648e-07
-1.043258144190956e-08
0.002192127149575497
-0.002192107206962862
9.970600502225298e-09
0.0
0.0
2.5748199409142262e-08
-2.574819919989899e-08
-2.5748198990096127e-08
2.5748198780249637e-08
0.0
0.0
1.4982068803838634e-08
1.4982068981293155e-08
2.0736836365993483e-09
-9.472455698295024e-09
0.0
0.0
0.0
0.0
0.0
0.0
0.0
3.4963663693705653e-08
2.895438503175867e-08
-3.807524961985109e-09
0.0
1.8353553878532382e-08
-7.218162579730798e-08
-7.218162580317065e-08
1.1954163525181614e-08
0.0
1.9477759786003032e-08
1.2458442288259765e-08
9.934264966204864e-09
9.93426496404301e-09
6.319423632550172e-10
9.938397690300423e-09
0.0
8.03343757974187e-08
3.233110491207272e-08
9.17367772225016e-08
-3.774611725300956e-09
0.0
0.0
5.171102079582127e-10
-8.709343288659555e-09
6.213328635861925e-07
0.0
2.5748199711518158e-08
0.0
1.0678428399987936e-06
-1.1024710867277431e-06
-2.516041930736917e-08
2.303387682675438e-09
0.0
0.0
0.0
1.3044145651132105e-10
1.3044158447981276e-10
0.0
0.0
9.310619140508815e-09
0.0
1.3044193925126938e-10
0.0
0.0
2.3699940388357815e-07
0.0
0.0
0.0
2.424659199741196e-08
0.0
0.0
0.0
0.0
0.0
0.0
1.929180074176124e-10
0.0
8.85863039746031e-09
0.0
0.0
0.0
0.0
0.0
0.0
2.108957841209669e-08
2.462980495192373e-07
4.827182679277423e-08
6.75184086810721e-08
4.325331672188509e-07
0.0
9.175158863842386e-08
0.0
0.0
0.0
9.676572551606083e-09
0.0
0.0
0.0
7.382644508986909e-10
9.479028270350903e-09
3.1502052251181924e-10
0.0
9.1994208890174e-09
6.51950431610579e-09
3.6379460063490056e-09
0.0
1.9238584862079734e-08
0.0
0.0
1.2161212566707629e-08
0.0
6.552395208329236e-10
0.0
2.144347903216409e-09
0.0
6.853717088501174e-08
0.0
4.4629041879566264e-08
1.465891830069223e-08
6.786522686598103e-10
-1.9817267641142386e-08
0.0
0.0
0.0
7.558329009955464e-08
9.625161178640049e-08
-3.888761580805866e-08
0.0
0.0
0.0
-9.729017145071971e-09
2.327589490830705e-09
0.0
0.0
0.0
-9.227472201295178e-11
4.812730673681561e-07
0.0
4.0332295042907173e-10
9.981241565374115e-09
9.969179413067514e-09
9.969179411000103e-09
9.952260663228732e-09
9.952260662181197e-09
9.953445551959853e-09
9.953445550701747e-09
9.884420150799885e-09
0.0
9.884420031043586e-09
0.0
9.517790048639336e-09
0.0
9.761278045518525e-09
3.22334880790203e-07
0.0
9.117304841410947e-09
0.0
4.3417485619709845e-10
9.849872323927067e-09
9.849872324248405e-09
9.849872441656314e-09
0.0
-6.147398200912973e-10
0.0
0.0
0.0
1.978809383712532e-09
0.0
4.8978916708457217e-08
0.0
0.0
0.0
0.0
0.0
4.585269864853234e-08
0.0
0.0
0.0
5.57461535809539e-08
0.0
0.0001311675526598136
0.0
1.5257584901179389e-07
0.0
0.0
0.0
0.0
1.3642045956525603e-07
1.2664110628511184e-07
4.756626182987861e-10
9.528832159086398e-09
9.528838655805916e-09
0.0
0.0
0.0
0.0
0.0
0.0
0.0
0.0
0.0
0.0
0.0
0.0
0.0
6.354544953873594e-16
3.078878582535264e-09
0.0
-1.7233741611306832e-05
-1.692220033804731e-10
1.7236456341116525e-05
0.0
6.611656558580814e-07
1.1796583368921399e-16
-1.8109873912985908e-09
0.0
0.0
9.948850005810575e-09
0.0
0.0
0.0
0.0
0.0
0.0
3.1886795931948773e-10
4.983815159566387e-08
2.99853030660014e-08
0.0
0.0
0.0
3.8257162081522635e-08
0.0
0.0
0.0
2.9846677188994156e-08
1.1838408330987093e-07
0.0
1.6164177499728215e-08
0.0
-3.0604863488915093e-10
1.6163586115067357e-08
7.801390969043192e-08
0.0
0.0
0.0
-4.26215731753711e-10
0.0
8.765364634423592e-08
-1.348537825664512e-11
0.0
0.0
0.0
0.0
0.0
-2.6361135496699717e-12
0.0
0.0
0.0
0.0
-3.5151358605350894e-06
0.0
1.8321545847410708e-08
0.0
0.0
0.0
0.0
0.0
-9.830176966324494e-09
0.0
0.00030739530964622036
0.00030739530964413495
0.0
1.6392281495779712e-08
9.357699565632673e-17
0.0
0.0
1.6780673529292383e-07
-7.59969075449468e-11
0.0
0.0
0.0
0.0
0.0
0.001321183151628085
0.0
0.0
9.670295218565558e-07
0.0
0.0
0.0
0.0
9.670384608761313e-07
0.0
0.0
0.0
0.00013064700628101356
0.0
8.092611954774805
-2.0426368929626904e-16
0.0012631796285449415
9.267417139247058e-09
4.483284810556654e-06
0.0
1.7815975613191815e-08
-1.9492321977735187e-08
1.901909759928415e-08
-4.149945731951902e-08
-2.1578025978472704e-06
-2.0431252538144484e-06
0.0
0.0
6.243478857906676e-05
-6.297841480089328e-12
6.243482145533558e-05
0.0
0.0
1.0364836940565334e-08
0.0
0.0
1.0298588676577143e-08
9.95774723912084e-09
0.0
-8.43552827340436e-09
0.0
0.0
-7.001076813574642e-09
5.159853056967016e-10
0.0
4.5830157045186046e-08
0.0
0.0
2.9510376984375463e-08
5.982673712669475e-10
1.2973884169899952e-08
0.0
9.888417118162942e-09
1.929161956983837e-08
2.969476842664891e-10
3.086023479564928e-10
8.248139478461749e-06
5.740694717598247e-08
9.952267839521928e-09
1.4184634495184866e-07
9.972012054751672e-09
0.0
9.972756387676463e-09
9.727932671070701e-09
0.0012142412029496604
5.9377513397093775e-08
7.897139044505234e-09
9.919225149386595e-09
0.0
9.948823514489121e-09
3.3449917118222427e-06
9.959246185537818e-09
6.177606243614925e-07
9.977807925454586e-09
0.0
9.968424916843255e-09
0.0
9.977750366865815e-09
3.3713162493035044e-06
9.96698861460118e-09
2.2576813628461847e-08
0.0
0.0
0.0
0.0
9.882531775348014e-09
3.6152696769877895e-06
0.0
0.0
5.939632863003458e-09
0.0
0.0
0.0
3.880918739588738e-08
0.0
1.958609212248237e-09
0.0
0.0
5.9438085954932216e-08
0.0
0.0
4.6028066522936484e-08
0.0
8.281581300217983e-12
8.281296559926823e-12
1.6549327610912616e-12
3.863321198351427e-12
6.0721218052142e-12
2.2070364386123283e-12
1.1037370280880827e-11
6.621498111190807e-12
4.41403766927187e-12
8.829242500049635e-12
0.0
0.0007584951359094378
0.0007580005531733855
0.0
0.0
0.0
9.963360399119824e-09
9.972775921910002e-09
4.686034124152025e-10
0.0
0.0
0.0
0.0
0.0
7.652189919042651e-10
0.0
0.0
2.574819957928127e-08
0.0
9.893380333756872e-09
0.0
0.0
9.767629436907271e-09
0.0
0.0
0.0
9.71151875449422e-09
0.0
0.0
0.0
8.647493486894748e-10
2.852421056976126e-08
6.508967551929079e-10
0.0
-4.1243531964771547e-10
9.846389611642414e-09
2.527550427952356e-08
0.0
1.9762742085340988e-08
1.9763333584316725e-08
1.2301048542114661e-06
1.9343596988911133e-08
5.105105387250826e-07
2.742233925701118e-08
1.2864108036029247e-07
7.176817312525726e-07
1.64008824837785e-08
7.655891822177042e-08
1.937414256478084e-07
1.0354786058796491e-08
5.174367710689871e-10
1.976155902678451e-08
1.976096748198841e-08
0.0
0.0
2.6632502607078163e-08
2.858105906178656e-06
0.0
9.435186087341571e-07
6.294259596527547e-08
6.467258794677026e-07
2.9559864784329985e-07
8.278685454559835e-06
0.0
0.0
0.0
0.0
2.463613312210003e-07
2.719957737185513e-08
3.7694110654906514e-08
0.0
0.0
0.0
0.00010769285489407045
6.142127997192297e-09
0.0
7.650725048468647e-10
1.0934283689470013e-05
0.0
1.0824588038720083e-06
0.0
0.0
0.0
0.0
0.0
9.939093768093338e-09
6.326263107735449e-10
0.0
0.0
0.0
0.0
5.300388191437609e-09
1.1463266409094478e-06
4.059988332302779e-05
0.0
7.059670598910744e-07
0.0
0.0
0.0
0.0
4.895658809542237e-08
-2.5247828058273802e-08
0.00015347037497657925
-7.555454923077118e-05
-0.00016248279475994387
0.00016118221652776387
1.3326871184977226e-16
-8.992998172402231e-06
1.9091983807393784e-07
1.1009490641383415e-09
0.0
3.8608926973207155e-08
0.0
3.689701836738596e-08
8.13311568479294e-09
4.087242143194995e-10
1.0004784336147275e-10
1.1009533019199954e-09
0.0
0.0
2.5212173840681078e-09
3.8608931276206e-08
8.943826938733389e-10
0.0
0.0
3.68970233004726e-08
2.851613907518954e-10
8.133122139561848e-09
5.7999971230267995e-08
4.0872981934811795e-10
1.2009926687915852e-09
0.0
4.1130140053451045e-08
0.0
3.1809733521323046e-08
8.418270620088116e-09
5.8408689839991834e-08
0.0
0.0
9.830810858944827e-09
0.0
0.0
6.179202219347424e-09
9.948850710322619e-09
-1.3974169118434682e-08
-5.408382006586224e-07
8.227169459119685e-07
2.4629804528490883e-07
4.827182189986428e-08
6.751840437257287e-08
4.325331616034791e-07
0.0
9.175158218709062e-08
0.0
0.0
1.090011915146046e-06
0.0
0.0
0.0
0.0
0.0
1.9065910333353634e-09
6.966437292198694e-07
4.899137732402188e-08
0.0
4.676651750003067e-08
8.588692778318681e-09
0.0
2.3699940176712276e-07
0.0
0.0
0.0
2.424658953315895e-08
0.0
0.0
0.0
0.0
0.0
0.0
1.9291548908742303e-10
0.0
8.858627534053661e-09
0.0
0.0
0.0
0.0
0.0
0.0
2.108957558588171e-08
-2.0856189999344848e-07
0.0
0.0
0.0
0.0
9.788815304304145e-09
9.788232121100277e-09
0.0
0.0
0.0
7.508748347474057e-06
4.31496859488769e-08
4.492265647471072e-06
-8.114033578495924e-09
0.0
0.0
-1.1568942475972655e-10
0.0
2.1144825223240778e-05
0.0
0.0
0.05360981828831981
2.7085484751238567e-09
0.0
-1.1484279488260087
-2.3784722785131335e-05
7.768935464317998e-07
0.0
8.914216922864588e-10
0.0
0.0
8.714058436974886e-09
9.902963541203345e-09
5.971183236212706e-10
5.971183074031801e-10
6.181383182364848e-05
0.0
0.0
-2.681702456044147e-10
0.0
8.865451897548563e-09
0.0
2.4855468076015024e-10
0.0
0.0
0.0
4.358381197744111e-08
9.959187917209046e-09
9.959187752262011e-09
0.0
1.20153685016394e-06
-1.183608689725446e-06
0.0
9.923989171070364e-09
0.0
9.826053561734179e-09
9.826053548188558e-09
-9.918155619709212e-09
0.0
0.0
0.0
0.0
0.0
0.0
0.0
0.00015347037497669477
6.280264784636155e-10
0.00015347037497678541
9.934413481538003e-09
0.0
0.0
0.0
0.0
0.0
0.0
0.0
4.492265646695727e-06
0.0
9.895251038738237e-09
0.0
-3.85168332216212e-08
4.994645293334146e-08
5.776874007234136e-08
0.0
6.438130478448617e-10
-2.3749129557852693e-05
6.473710942918472e-07
-2.179833756663259e-08
7.007194614744732e-08
1.0864357891256747e-07
1.5935967920700095e-09
-1.4010432711284836e-08
3.2856285469852403e-06
1.4506409608941492e-06
8.657166642410397e-09
8.657186998325594e-09
0.0
1.0930204636858023e-05
-4.079082287222757e-09
0.0
0.0
0.0
0.0
0.0
0.0
0.0
-1.874140629934271e-08
-1.874140630081047e-08
9.850132991705132e-09
0.0
-2.2382208293112186e-10
-2.2382208349355174e-10
-2.238220840221003e-10
0.0
1.0429615352301412e-07
1.0429615336934326e-07
6.214658873095228e-07
4.648704998941672e-09
0.0
0.0
0.0
0.0
1.8615547433761177e-06
0.0
0.0
1.0355962113646872e-08
2.3447066752318307e-07
2.3447066752294935e-07
0.0
1.6392281608590902e-08
4.202217656555648e-09
0.0
1.7617454071104655e-09
1.76174542958671e-09
0.0
1.7617453846209464e-09
0.0
5.468120425600989e-07
0.0
2.8034818033420983e-08
0.0
8.255883705410505e-09
2.8040441368201715e-08
0.0
0.0
7.110649280946017e-08
3.1254898233701815e-08
0.0
0.0
7.480119941441086e-07
-7.02879448986991e-07
0.0
0.0
0.0
0.0
0.0
0.0
0.0
0.0
7.523881476977437e-10
2.8788315572885692e-08
0.0
-9.903560031082614e-09
0.0
-5.977046492434785e-10
0.0
0.0
9.52922629303063e-09
5.885273193559018e-18
0.0
0.0
0.0
0.0
7.292998561064548e-09
0.0
7.292998560818887e-09
0.0
-5.943995807925307e-10
-1.9754819778269872e-08
0.0
0.0
1.3278635309249594e-17
1.6221440086244685e-17
-7.165477147993993
7.16547718242619
4.952822949992435e-10
0.0
7.523881186171797e-10
7.523881286663947e-10
0.0
0.0
0.0
-9.760338810033077e-09
0.0
0.0
0.0
0.0
0.0
0.0
0.0
2.3201926491189795e-17
-5.0288280119964446e-09
4.849392759774704e-08
3.866205020313748e-08
7.523881295851204e-10
1.210897270878382e-16
1.2108972920566636e-16
1.584172547105845e-05
1.5832119685837487e-05
9.605785344784762e-09
0.0
0.0
0.0
4.015214979014481e-09
9.286075732247512e-08
0.0
0.0
0.0
0.0
7.106361236404409e-07
0.0
-2.197668584992016e-05
0.0015131956076899343
0.0
0.0
-0.053758800311188286
5.515376617169807e-10
0.0
9.856579163133182e-09
0.0
-2.8830887159417e-10
0.0
0.0
-1.2555906770378186e-09
0.0
-7.745720965105687e-07
5.1559933262698735e-09
4.5008206995959566e-11
0.0
0.0
9.34070925503292e-09
0.0
0.0
-9.724786496911886e-09
-5.028828011345923e-09
0.0
0.0
0.0
0.0
0.0
0.0
0.0
7.194571294709589e-10
9.26758583346699e-09
0.0
0.0
0.0
0.17418501511765233
0.0
0.00010629010763355203
-0.00010626042581632516
9.933694598639837e-09
9.812158782181007e-09
9.812140076566948e-09
0.0
0.0
3.508631497753672e-08
0.0
9.895250943994533e-09
0.0
1.1222000746426186e-17
1.3798455646387346e-08
3.586424520746694e-05
0.0
3.587280258785874e-05
9.925088943482319e-09
1.0624836451925126e-08
-1.0624836496719858e-08
0.0
3.616229031031405e-07
3.6123347901128156e-07
0.0
0.0
1.57778835103109e-09
1.9509521894404708e-08
9.806593768806049e-09
-9.80659375926507e-09
3.354259816488681e-06
1.0624836362102606e-08
0.0
9.81217750168726e-09
0.0
0.0
5.198908781140083e-07
0.0
5.912255393515274e-07
1.3589179651407887e-08
0.0
0.0
0.0
4.308441664220141e-09
5.365460131531301e-09
3.7208178021214333e-10
-9.207396256885603e-09
0.0
0.0
1.881419144267504e-08
0.0
9.554683861190067e-09
9.554683770426146e-09
-1.8083479246836446e-05
8.057004245713199e-17
0.0
9.963006327551795e-09
9.963897054855491e-09
0.0008799734088018596
0.0008799734088009175
1.7473503355820694e-14
1.7473505561105295e-14
-2.811245963485174e-10
0.0
0.0
0.0
0.0
0.0
1.879645574615592e-18
-4.072018976247625e-09
-9.368099407325303e-09
0.0
0.0
0.0
9.908652448592928e-09
9.787354385084439e-09
4.835228580690295e-10
0.0
-9.649984059696479e-09
-9.851350551775499e-09
2.719957619823382e-08
2.524782825428675e-08
2.7201782877778623e-08
0.0
0.0
2.7199576348073422e-08
2.7151079197064033e-08
0.0
0.0
2.341640323639799e-09
9.908652307075855e-09
-3.180844475503246e-08
6.620940634482476e-12
9.950015593932144e-09
6.433607711836332e-10
1.1947539638585573e-08
1.1947540485320512e-08
9.939752692255353e-09
9.920997893374254e-09
9.920997734802288e-09
1.1947541497803194e-08
9.939752837582178e-09
3.1815050298963786e-08
2.3233788548815542e-07
2.7199577205810672e-08
0.0
1.1947542466192907e-08
1.195195675296686e-08
4.4788020163811444e-08
0.0
0.0
-3.2937663475146595e-08
9.870740197453392e-09
1.1949750103675044e-08
1.194754359342541e-08
0.0
0.0
0.0
1.2163067329228234e-07
0.0
0.0006598532493259674
-0.0006600341085366266
-1.8085921066132043e-07
2.5275504284281524e-08
-2.5664654510046316e-08
-2.5664654513298923e-08
2.478182896950695e-07
2.567198449233985e-07
0.0012140935071728643
3.966620332327819e-08
3.966620332327819e-08
9.753502355216385e-09
0.0
0.0
0.0
3.324052090570025e-07
-3.2276166470456324e-07
3.422684313267517e-10
-6.53873355659787e-10
1.7473060975097805e-14
0.0
2.4781828962699236e-07
1.2603381961376164e-07
9.940096728063225e-09
-1.0652907792586717e-07
9.952267687480393e-09
5.067652439075125e-08
9.13106617859807e-08
1.9893281855143385e-08
6.345137082207092e-10
-9.678904008348158e-09
7.584509584054747e-05
0.0
4.716177628362614e-09
9.660384590262609e-09
3.588066580038768e-10
0.0
0.0
-3.7699461207286283e-10
0.0
0.000100281602280449
0.00010028158223749308
0.0
-6.6477216255616395e-12
