0
0.0
3.5513381058749087e-10
0.0
8.170904429495347e-09
5.641303191469273e-07
2.0356585375815535e-05
0.0
0.0
0.0
0.0
0.0
1.8895908923968417e-08
0.0
0.0
0.0
0.0
0.0
0.0
0.0
9.517812725504226e-09
0.0
0.0
0.0
8.300213391323565e-09
4.313528577482313e-08
5.0024571118893226e-09
0.0
0.0
2.3510023311851886e-09
8.749540240849843e-09
0.0
0.0
0.0
0.0
0.0
0.0
9.486523670631427e-09
0.0
1.8399004937224823e-08
0.0
0.0
0.0
0.0
0.0
3.660366589872462e-09
9.472930168977396e-08
1.3687565069731366e-05
0.0
0.0
0.0
0.0
0.0
3.065164365182482e-07
0.0
0.0
0.0
0.0
3.808481196699842e-09
0.0
0.0
0.0
7.305961862687599e-09
0.0
0.0
5.9344173241827975e-09
0.0
9.52648966505316e-09
0.0
7.674861225102328e-20
0.0
8.170943788701318e-09
0.0
9.554910428913122e-09
1.0148978163947164e-10
5.783604097946865e-17
4.662422179183484e-10
4.045789311773256e-20
0.0
0.0
0.0
1.963305793508367e-05
1.0148919020718655e-10
5.376340742603749e-22
0.0
0.01736341609469022
4.896101746628933e-13
3.85283807809659e-07
8.201888596021697e-09
9.7035623533636e-09
0.0
0.0
1.1917540978311562e-09
0.0
0.0
9.72807229086123e-09
5.015232873996476e-09
0.0
1.0854823031817965e-09
0.0
0.0
0.0
0.0
0.0
0.0
0.0
0.0
0.0
0.0
2.849970034392483e-09
0.0
0.0
2.6917472119003276e-09
0.0
0.0
5.376334150566341e-22
7.901071133360972e-09
0.0
2.8291096142367245e-09
3.150170869257233e-08
1.6353646538033334e-07
1.596164969094919e-05
0.0
9.73300134600828e-09
0.0
0.0
1.1041364161043847e-09
-0.00020837735649159583
0.00020746514160840945
9.885453785108262e-09
7.991089180133802e-09
4.922408762616925e-09
0.0
8.281965384563915e-09
0.0
8.486761902634559e-07
9.813559210174538e-09
0.0
2.0972548545432234e-05
0.0
0.0
1.1989564011297883e-08
3.8010176366109596e-10
1.950384730762622e-08
0.0
0.0
0.0
0.0
0.0
0.0
0.0
0.0
0.0
1.3928585432006633e-10
0.0
8.632071625138198e-09
8.775801426730633e-09
0.0
0.0
1.3460032408155832e-08
0.0
0.0
0.0
0.0
-0.0030727746916763437
3.950092882692705e-07
1.1987466081924807e-09
0.0
0.0
0.0
1.984000970711798e-09
0.0
0.0
1.4212872136757518e-08
0.0
0.0
0.0
0.0
1.7510601836911406e-05
0.0
0.0
0.0
0.0
2.4183428171365355e-09
0.0
7.033354477523445e-08
0.0
0.017978144634499316
1.1929651142706105e-08
4.328858028772622e-06
0.0
0.0
1.2206378481892262e-08
0.0
4.815040189924841e-21
1.1589892156600467e-08
0.0
0.0
0.0
1.9524465570645067e-07
5.273618438425383e-10
0.0
2.612779057580901e-08
1.8438731366477895e-08
0.0
9.575278149752155e-09
3.805799670200671e-09
1.033771646797457e-06
0.0
7.984027354612085e-10
0.0
1.709054534013889e-06
1.503735300155724e-07
6.296063840918163e-09
9.876210491514541e-09
1.5933516150437746e-07
1.4959049755206694e-09
9.40428836366532e-09
8.494937654520634e-08
6.7568132173534086e-09
0.0
0.0
8.087717025702388e-09
8.718688771431022e-09
4.760213888801203e-09
0.0
6.156780125693756e-09
3.941255969969852e-09
8.170905109360406e-09
0.0
9.915272391986364e-09
9.802512519543593e-09
9.802465533234739e-09
1.6914531968527206e-10
5.1355122423569125e-21
0.0
9.93363380862149e-09
1.34792672358032e-11
0.0
2.6599859353496817e-12
8.569448930939284e-09
2.407299815879688e-09
0.0
4.371906531910337e-09
-9.400205822857055e-05
6.294987751551129e-12
0.0
0.0
0.0
0.0
0.0
0.0
-0.017495725297819398
3.569321860267613e-24
0.0
0.0
0.0
0.0
9.68448609749258e-09
9.673811017097928e-09
0.0
0.0
7.320905197499757e-09
-4.485736094844863e-06
6.071989515104597e-09
6.048907452731262e-09
5.487284105568394e-10
0.0
0.0
0.0
0.0
5.724994966209382e-09
0.0
0.0
0.0
9.689787425777503e-09
0.0
7.29413749892268e-08
6.219491564353507e-06
1.4651411329955807e-10
1.0848735883111103e-19
0.0
9.071221605554743e-09
0.0
0.0
0.0
1.330409776104364e-06
0.0
0.0
4.20011521841792e-18
0.0
-4.4006163918393695e-06
0.0
1.4593615872128422e-08
6.5200177598560205e-09
9.913113823827367e-09
8.403599433594933e-09
9.738815377347797e-09
9.741211361355024e-09
0.0
0.0
0.0
0.0
1.8610961483813788e-06
5.082739622457572e-08
9.482577938325118e-09
0.0
0.0
0.0
5.015232871909166e-09
0.0
0.0
2.6562341545298207e-23
0.0
0.0
2.6769512158084678e-08
0.0
0.0
0.0
6.9556448110827905e-09
8.008150764879744e-09
8.743505116307273e-09
0.0
2.0383855752315072e-08
0.0
3.210821429945434e-08
0.0
0.0
0.0
0.0
6.416185394561159e-09
0.0
6.64470923928209e-12
2.2010138550128175e-05
2.0072951929623535e-07
1.658099478731161e-05
1.105114659150623e-06
3.715714640241958e-07
2.9319935272171584e-07
1.812295417030461e-05
7.059110324543651e-09
7.0591103244826644e-09
2.599994535074241e-10
9.661225052067478e-09
0.0
9.821093730640825e-09
5.5710616864934e-10
4.2606820944795346e-10
5.566372024010329e-10
1.429305394815672e-10
9.301853094367806e-09
0.0
9.542501236159247e-09
9.82958929554428e-09
9.962397006426203e-09
9.961921770148342e-09
2.519605241458088e-10
4.364811300059559e-06
1.7249840418856832e-05
1.2388571015914352e-05
4.870467915867443e-06
1.732703883692487e-05
1.2063795945351725e-08
1.5687142799057397e-05
2.680244094674396e-05
2.9593565168228253e-05
4.974264939933118e-07
1.782985136903944e-05
2.4678044393334606e-05
3.084610548771566e-06
5.8798726971738575e-06
2.140610758765611e-05
2.875352296990385e-05
4.983296280103541e-07
1.5574885976396594e-05
0.0
3.088144922148248e-06
5.8709134905924195e-06
1.17247877565794e-08
4.6182336883412785e-08
6.944483326554333e-06
1.807688519935951e-05
2.7650355007996143e-08
1.0230158778164148e-05
1.2243626330246808e-05
0.0
6.517595215140546e-08
1.560777960930897e-07
1.8095690282360228e-05
0.0
1.0246201149467505e-05
1.2259337880486043e-05
1.635352496288025e-08
3.8817171348427355e-09
2.14962155299512e-09
0.0
0.0
-9.51781272550373e-09
4.313528577604419e-08
5.638815620357406e-10
5.092199120960622e-10
5.635680534377116e-10
1.7524165282638494e-05
4.894459205819368e-06
1.7542919657478666e-05
1.0855941629717294e-05
1.7542919657647124e-05
1.6517585722194224e-05
5.380587245235752e-06
1.57766299729195e-08
8.179133979606845e-07
3.0087561112503393e-06
3.008756111415114e-06
3.0087561115811993e-06
0.0
0.0
-4.3135285775001315e-08
4.31352857751827e-08
1.192202113921158e-18
1.9005482598532134e-08
1.9743457459387876e-08
1.9931659943381704e-08
1.993086701134916e-08
1.7524165282596627e-05
4.894459205777161e-06
1.754291965743665e-05
1.827736652332875e-05
1.7542919657604955e-05
1.651758572215157e-05
5.380587245193353e-06
6.317032521570709e-09
8.179133979180284e-07
3.0087561112094056e-06
3.008756111373852e-06
3.0087561115395994e-06
1.752416528255475e-05
4.894459205734905e-06
1.754291965739464e-05
1.8277366523286203e-05
1.7542919657562786e-05
1.6517585722108887e-05
5.380587245150996e-06
1.5776629887065217e-08
8.179133978753941e-07
3.0087561113325286e-06
3.008756111497957e-06
0.0
4.503736567547134e-06
9.854076757701002e-09
6.453639987342881e-11
9.517812725503405e-09
0.0
0.0
4.701343039403796e-06
9.663188320515968e-09
0.0
5.016146642700166e-10
-2.2422943804278635e-07
0.0
0.0
3.5513418369857055e-10
4.2704081605715285e-09
0.0
4.220995097962022e-06
0.00010637221395454072
0.0001323642596861641
2.7084321620149997e-05
0.0002671736894730609
7.311986452297417e-05
1.5238996160592131e-06
0.00019926923978227562
1.207269808000878e-05
2.0795619497781947e-05
3.145850594923725e-05
1.260456688726234e-07
0.0
9.921476267960623e-09
0.0
2.6810876362002714e-05
1.6011304968271688e-05
7.937608826234956
4.93675236516175e-10
0.0
5.980262556552068e-06
5.970750326845034e-06
5.980211553202955e-06
-8.53523372129801e-06
-1.3441386927576048e-05
-2.76301435367457e-05
-2.193198901163148e-05
8.533500934012635e-07
-8.77439572639721e-11
-8.77439572742653e-11
-0.0010939383442141143
0.0
0.0
0.0
0.0
0.0001578906552436641
7.983596348224227
1.839900502405265e-08
8.837825793346427e-09
-1.8399004986235923e-08
1.0633719208426541e-08
3.5049222073797054e-10
1.6859102878022106e-05
1.2605272924334382e-07
2.015361211333551e-08
1.2064083097733433e-10
2.0774421285821574e-05
2.077442128581732e-05
0.0
-0.017255002041297974
1.6881759436086206e-06
1.685894626265862e-05
1.2604919907865278e-07
9.267413037509773e-09
0.0
9.729581871848184e-09
9.729581868499446e-09
0.0
0.0
0.0
-5.970776032798025e-06
-5.970750326740951e-06
-5.980211553119688e-06
8.535233721379543e-06
1.3441386927659504e-05
1.5458297100364587e-05
1.7363489222193846e-05
2.5510900830353337e-08
-5.016181832989702e-05
1.789499230797904e-05
9.472930169418874e-08
0.0
2.2799823754952457e-16
0.005644338109348258
0.005644338109348057
-1.788522151489955e-05
4.780212262082693e-05
4.2566772649754255e-05
7.496028804043336e-05
2.928954698494062e-05
0.0001233752999281525
7.716117342465355e-07
4.744531613131068e-05
6.858919520014507e-17
0.02905568602832825
-1.3687565069730241e-05
1.3687565069728296e-05
-2.9637916330805143e-05
2.9657361454498382e-05
2.6373266588970586e-10
0.0
0.0
0.0
5.624937773669626e-05
9.95559168204984e-09
9.955591667264033e-09
-0.03144186096652257
-0.06354073468652821
-1.269435510299811e-06
0.0
4.334100222579785e-06
5.737628591999703e-07
9.418114877370141e-06
3.685684351147499
-3.6856843112814706
9.964939800351149e-09
0.0
0.0
9.860636945220063e-09
9.860636940305495e-09
2.0522900544570653e-06
2.6600692475915296e-07
4.390771365167313e-06
0.00011737906876478112
5.553110673352929e-05
0.00011737906876477126
3.3753695996449506e-05
4.55385227093233e-06
4.484219302470104e-06
2.8053075877222986e-06
7.368471974964828e-06
4.715982024051551e-06
0.0
0.0
6.537449091353417e-07
2.8968456718832066e-07
4.996354474942424e-06
1.3754224525895444e-05
2.0411306044080097e-06
0.0
4.484390230905477e-06
5.598403651640237e-10
9.775207375606696e-06
2.8419954499381183e-05
2.674681505593332e-05
1.4270563412673236e-05
0.00010582077681559755
7.746953717761326e-07
2.0328583806754376e-05
-2.077442128581644e-05
0.0
5.641303191157345e-07
5.5540830171956976e-05
5.553110673351369e-05
-5.553110673351888e-05
1.870320094154902e-06
-2.968612511440028e-07
-2.968612511448257e-07
1.6457025464940918e-06
1.1227688608272726e-05
7.256745142233804e-06
5.227757212869391e-10
1.5822717916084872e-05
2.1990450329282346e-08
8.147650584243152e-08
-5.5548082747769456e-05
5.560501953942293e-05
0.0
0.0
7.035628201759399e-05
-7.710849805477544e-05
6.781181211969665e-06
9.846261759327227e-09
2.627752424753634e-09
2.225933550220431e-09
-2.1241821147562726e-10
0.0009552155828196524
0.0018378062261772425
0.0
0.0
0.0
0.0
5.57703186572314e-05
5.5770318657219125e-05
9.854277106285432e-09
9.854277094543861e-09
-3.808481212119524e-09
0.0
0.0
3.1393239772484406e-09
0.0
0.0
0.0
0.0
3.1048144257688946e-06
0.0
2.9950683804572986e-07
0.0
3.653770374824745e-09
3.6023580753744164e-09
3.654378547352945e-09
0.0
0.0
8.170904419290451e-09
2.9127264491160293e-12
0.0
4.552380802357384e-05
7.019070544627839e-07
9.797295270869905e-09
5.640447767375642e-10
5.343433215722329e-10
1.6849216680791085e-05
1.7819503910454556e-08
1.7819503907409638e-08
3.145850594923237e-05
8.170904770725731e-09
1.9951799272683693e-08
1.995179927275037e-08
0.0
7.731008333655295e-17
6.690003825667134e-06
1.9478955684834992e-05
2.5160167534141087e-05
1.4248479071658195e-05
8.83234346544432e-05
7.813262316861239e-07
1.4164705823804934e-05
4.111211879515306e-05
2.308781696491275e-05
4.980012050628543e-05
1.5041067913276133e-05
3.505186527370274e-05
0.0
3.3280610307499416e-05
0.0
0.0
0.0
4.813338543838373e-05
0.0
1.7904871537230825e-07
9.660640870435031e-05
9.661234312167454e-05
9.66064087043504e-05
9.660640870435035e-05
9.660640870435033e-05
7.624589011745878e-18
7.628201524252566e-18
2.6805127236695635e-07
0.0004477261856647499
0.0004480015428989799
0.0
-5.955557192966875e-10
0.0
0.0
0.00043555945231876954
1.9015721355025023e-06
1.9015721354892398e-06
0.0
2.088237412878752e-06
0.0004376277581186949
5.611009701247706e-10
-3.690895515457565e-06
0.0
0.0
-1.2714450680585578e-10
0.00016716445195213677
0.0
4.5762947378408475e-06
0.00016256688052150277
0.0
0.0
2.5894923090996266e-08
4.5324876345082646e-10
7.673666900289747e-20
0.0
5.109026036052216e-09
1.932108171070476e-06
3.6908955154679735e-06
0.0
8.755530258600982e-09
0.0
5.055769501783474e-09
1.2575472701553242e-06
-0.00018167041157123032
0.0
9.56145690915363e-06
7.253329189623114e-05
0.00011276272918034172
5.245320695261331e-05
-0.0002473152912578003
2.064145113277112e-09
6.053967680545438e-20
1.9365616322668797e-06
-0.0016550060082054646
4.6459569580922025e-07
1.2858059428907297e-05
9.723438438162409e-09
0.04590003039200852
9.514550025590385e-10
0.0
1.902891570531615e-09
1.2309980565899623e-08
0.0
0.0
0.0
4.3907713652378474e-06
2.7958200655115076e-09
0.0
0.0
0.0
8.170903287925464e-09
0.0
0.0
-1.5516532134094275e-10
1.2982106239778625e-10
1.298210613804095e-10
0.0
0.0
0.0
0.0
-1.0148978163947164e-10
1.8895908927522024e-08
0.0
8.3783682214289e-09
-5.786251469283576e-17
0.0
0.0
0.0
0.0
-4.662422344170069e-10
4.313528577552492e-08
-1.7092032480719305e-05
5.691274114595502e-07
0.0
3.0291316523832278e-06
0.0007489005274157916
0.0
0.000751929659068175
4.4903232229275855e-05
1.3933876859152136e-06
0.00011742931190140079
7.820762576640612e-05
7.032509551373856e-05
3.390929831842568e-05
1.8962110944239244e-05
0.0
0.0
1.1773350510486163e-09
4.607940926743963e-16
4.632856201234121e-16
4.6034657262322185e-16
4.6284945066762375e-16
7.019070544557718e-07
4.0914551898802525e-10
0.0
2.994042697041226e-08
0.0
1.4212872136806665e-08
0.0
5.0452124652914764e-05
1.8682271657757127e-11
9.886197215058896e-09
9.886197209290314e-09
0.0
0.006622326275049091
2.511366064737227e-05
5.480602712290685e-06
-1.9623285374496483e-05
6.296063840241007e-09
1.3333714957358391e-05
1.2666960104957822e-05
3.315640810042965e-06
1.255846837064653e-05
1.5720918388797936e-07
9.896287808104246e-07
1.3994737621852887e-05
1.3333714957369e-05
1.266696010496751e-05
3.3156408100539675e-06
1.2553512741603135e-05
1.4756156671621334e-07
9.896287808182114e-07
1.3994725831317537e-05
0.0
-1.0148919020718655e-10
7.217982031781972e-06
5.10451926575262e-10
0.00022916631369603686
0.00022916631369603686
-0.017363425950248652
-0.017255119163364863
4.081211646911089e-06
0.0010797214629812723
-4.896101745570142e-13
0.0010838026741385731
8.201888645363765e-09
8.201888612474619e-09
5.102826512148903e-07
3.758629949302546e-07
4.248499122218661e-07
8.92816138112747e-08
0.0
1.0206792756110342e-06
1.0206792756109654e-06
1.0206792756109453e-06
1.0303828379643455e-06
1.0206792756109821e-06
0.0
0.0
1.6429677305537028e-08
0.0
0.0
1.0929034730708146e-08
0.0
-3.350105309247286e-10
0.0
0.0
0.00027397081357255276
8.717035507176359
0.0
1.674738608393183e-05
-8.717326225376016
0.0
8.717309479181687
0.0
0.012286317213239995
9.791058446562565e-06
9.7170299514063e-09
3.150369273811439e-10
0.0
1.1724076512587361e-05
-1.1724076512577563e-05
1.2171846436459728e-05
4.568499789516997e-06
8.278391926497012e-07
4.866627755512457e-05
2.42856320555672e-09
8.098781295373526e-09
1.661078388641948e-05
-9.72807229086123e-09
1.6610770066950848e-05
0.0
0.0
1.9737692651054698e-18
0.0
0.0
8.609122961464063e-09
8.609122957918201e-09
0.0
0.0
0.001462794859756144
0.0
0.0
0.001462808530245552
4.189493200396821e-18
4.032211663818994e-08
0.0
1.9717758086565574e-07
4.60847681928512e-05
0.0
4.5883793578077134e-05
3.657361008990468e-08
4.1146491214257945e-07
0.034830060940574406
3.748822930901717e-05
2.5633593848219603e-06
0.00010902853141184049
6.166230750384601
-6.16623071087722
9.84880550906363e-09
0.00042493309483250443
0.0
7.253156178401896e-09
0.0
0.0
5.8147495455372195e-05
0.0
1.9920650797048886e-08
5.500351150017707e-10
0.00012250895271283661
1.9812693963492012e-07
4.5288798863099563e-05
1.7563968714843212e-06
9.273500029628391e-06
6.213841913207141e-06
1.8247164817016904e-05
6.275480185145275e-06
4.1431323043321967e-10
5.600887220318578e-10
9.301853099785804e-09
1.7189787474329062e-07
1.4193841668327933e-07
9.653073461220521e-09
-1.88959089257434e-08
6.363519021175892e-05
1.4863924477641665e-05
0.00012751501180278358
9.29957204789386e-05
9.537713001685524e-05
3.4863742878786564e-05
3.7586868122030705e-05
2.5863116578393867e-06
0.0
8.170903858107124e-09
9.886197213172388e-09
0.0
4.2444330733388764e-10
4.6171229718397053e-10
1.458368956803349e-06
1.9460018442059374e-08
2.3125410094251473e-10
9.633627585389541e-09
0.0
0.0
0.0
0.0
5.6661949240246e-05
0.0
8.452379355625844e-06
5.5262883928279e-10
1.9914107268500123e-08
9.956247456685552e-09
-2.1241820837381525e-10
1.6881759436071683e-06
0.0
0.0
0.0
-2.849970034382761e-09
5.043896204816353e-05
5.117109395962371e-05
7.321319114618197e-07
0.0
0.0
1.4193841670555757e-07
1.419384167050677e-07
1.9192997147900615e-06
0.0
0.0
5.824741033175556e-12
5.827535863881054e-12
5.826250076584649e-12
-1.5597656087724954e-11
0.0
5.173234569393961e-09
1.8223466159692963e-06
1.0458832054357768e-07
-1.9321081710758914e-06
3.377461626487063e-09
0.0
0.0
5.641303191383841e-07
0.0
0.0
0.0
5.666194924023946e-05
5.044245767588693e-05
5.414939156118959e-10
1.9886012425961362e-08
5.344492528312598e-10
1.9265853409924157e-08
0.0
0.0
1.1459230228135456e-10
6.944729404209667e-10
2.915550086583168e-12
9.777274486441058e-09
1.2486390438158365e-08
0.0
0.0
0.0
0.0
0.0
0.0
0.0
6.2637260882467135e-19
1.1859002832684743e-10
0.00015771660865416062
0.0001577166086541607
0.0
6.060481043195395e-09
9.965265333178401e-06
0.0
8.728808384295308e-09
0.0
9.946115517524366e-09
0.0
-3.644852555480619e-05
1.405476386385419e-09
0.0
0.0
-9.987548800689285e-09
0.0
0.0
0.0
4.688738100837178e-05
0.0
2.502533323475411e-09
0.0
4.587901185578898e-07
1.1777560660529945e-09
0.0
0.0
-1.6160347097234507e-09
0.0
0.0
4.903985295852498e-06
0.0
1.7552214118812654e-05
0.0
1.0865229402604804e-05
0.0
1.7552214118981267e-05
0.0
1.6526828251192397e-05
0.0
5.390035579520362e-06
0.0
2.5438085540580427e-08
0.0
8.274486109208255e-07
0.0
3.018367314091713e-06
0.0
3.0182823752438465e-06
0.0
3.018282375410254e-06
0.0
3.1501708726500866e-08
3.15017087943416e-08
3.1512299833662364e-08
3.1508769512467404e-08
3.150523916013278e-08
1.260421386123004e-07
5.970776032825031e-06
5.9707503267669715e-06
5.980211553147444e-06
-8.535233721353522e-06
-1.3441386927631315e-05
-2.7630143536798554e-05
-2.1931989011684822e-05
-8.436565233178726e-07
8.165237832438354e-08
9.152183065767039e-08
8.154829190434014e-07
8.154829190452725e-07
6.296063835852031e-09
6.296063836806505e-09
8.170906371627224e-09
1.635364653810517e-07
0.004130871629181243
1.705703131987648e-05
2.564192399173422e-07
0.0
8.170905354113175e-09
3.3174622894356e-05
3.9565213303269807e-10
1.851695949331291e-10
0.0
-3.3078990301522747e-10
0.0
0.0
-7.126063076118614e-07
9.277896064768256e-06
9.640693792648633e-09
2.3975221047586413e-10
7.159484499643579e-06
0.00012440831599947055
1.996106491566453e-05
4.123284148057942e-05
3.935973907992603e-09
2.5036648351759964e-05
6.2652597869453425e-06
4.913213580363278e-06
4.536400205496907e-05
7.407114199412355e-05
2.28096317110646e-05
3.860326576622965e-05
0.00016501932955192432
1.4875473133870113e-05
4.228911513117039e-05
0.0008674071724835956
1.4525285347896273e-05
7.060374193889101e-09
3.117524544590764e-05
6.759745008288364e-05
3.498147814755116e-05
5.511340489504874e-05
0.00016958782934146805
1.4900984034726496e-05
4.311695432384642e-05
3.121733559766658e-06
9.840073506561198e-09
4.184386222580705e-06
5.9518764348778675e-09
-2.7218918609934336e-10
0.0
0.0
-2.7218919633073513e-10
-5.1179810724028e-06
0.0030384940934627958
5.116527480364706e-06
0.0
0.0
0.0
7.315187283482395e-09
1.5426488967806478e-06
0.00010677350759913424
0.0
0.0
0.0
0.0
0.0
2.9465550603094997e-07
1.0643255602476665e-05
0.00042899961843989267
0.00020836754634010686
0.00030670121613374257
0.0
0.0
0.0
0.0
0.0
4.074582878100296e-06
0.0
0.0
8.111270083778058e-06
8.111270083778122e-06
8.11127008377805e-06
8.11619249254072e-06
8.111270083778095e-06
3.0555722398577155e-06
4.874813913775154e-06
-0.00031486303377531444
1.8417567693193231e-07
0.0
0.0
3.298500750896787e-07
3.298500750896081e-07
3.298500750895894e-07
3.3813204047419457e-07
3.298500750896293e-07
1.4597012013856187e-08
0.0
0.0
0.0
8.413897903541945e-07
1.680303948130308e-05
0.0
1.680303948130246e-05
2.4404550931124774e-07
0.0
0.0
4.49638325568644e-07
4.49638325568572e-07
4.4963832556855054e-07
4.594518847787635e-07
4.49638325568589e-07
7.993446192226991e-05
6.196164783144588e-07
1.2266743264993059e-08
1.2637664435924576e-06
0.0
0.0
0.00384726604763225
1.46033293464528e-07
0.0
7.202290463465462e-17
0.0
0.0
1.0344787731195995e-08
4.896902155979975e-05
0.0
7.319111516589442e-05
-2.0972548545431763e-05
0.0002024798202072406
0.0024114144766121774
0.026091856565070837
7.937795613585258e-09
0.0
0.0
0.0
5.297484551421422e-09
0.0
-2.560986003418536e-09
-2.560986003672411e-09
0.0
7.937795621306218e-09
1.4299173791646608e-10
0.0002064541776288291
4.345282696409475e-05
0.0
0.0
0.005820149554973286
0.0
0.0
-1.0022718670890632e-08
1.7121734958366662e-05
1.712173495836667e-05
3.764027325298032e-05
2.4980645819302926e-09
6.363283201654417e-07
5.5396619555521217e-11
5.8485860170528385e-08
0.0
1.783389492276205e-08
3.085203549945775e-06
8.940998814552169e-06
1.5866475217985461e-06
2.208434102079306e-08
1.7497342161160365e-05
0.0
6.16387798295524e-06
0.0
4.5427167810551006e-10
-1.356107112049365e-06
6.422889847677694e-09
3.949357781354804e-07
3.299131995894414e-07
0.0
9.904404959335954e-09
0.0
5.048336932542746e-10
0.0
0.0
0.0
3.2384273857111394e-10
8.425593049835586e-07
0.0006438400417096851
0.0006409606127318333
0.000559126018663869
4.771320778071408e-06
9.086168300791354e-06
9.749208690268679e-09
9.749208697966031e-09
1.3179068039571314e-09
0.0
0.0
0.0
9.490425170794555e-09
0.0
9.49042517084822e-09
9.159010184231935e-11
0.0
0.0
0.0
0.0
0.0
0.0
0.0
5.102826511565843e-07
1.5575447189881074e-09
0.0
-4.017908387466768e-09
-4.017908387472844e-09
8.878224400149187e-05
2.435841308500357e-08
0.0
0.0
2.4671223304490738e-09
0.0
9.327696960815692e-09
0.0
0.0060350711987927075
0.0
5.551847820604281e-05
2.5257728393735185e-17
0.0
1.0196376328297495e-19
0.0
3.477864306845315e-05
1.2682867010276238e-06
0.0
0.0
0.0005630008011011192
-2.655344263154287e-09
0.0
0.0
0.0
0.0
0.00015199082855275534
0.0007058630443194935
7.752511942833983
0.0
5.896746605240938e-07
1.9466537225546702e-07
-3.950092882689561e-07
0.07220604576279725
7.40274159548011e-07
0.0
0.0
0.0
0.0
0.07220678449632228
5.102826511459697e-07
5.102826511682102e-07
5.102826511808473e-07
0.0
0.0
0.0
1.2290236131792961e-06
8.302870206873445e-06
0.0030626457534847656
-5.914810738405355
5.917883513097031
7.752511202559823
0.07220678449632228
0.0009139691265165189
0.0
1.9349104332032124e-08
3.211220249381339e-10
0.0
0.0006409606127318379
7.937608816336843
6.623151815298119e-07
1.0792328622964764e-05
-0.002143947418738301
0.00017026052577054577
0.0
5.5521767378687794e-05
-1.579257905534755e-05
0.0
5.8485860173086173e-08
5.8485860172959866e-08
8.376499242758585e-06
-8.91320205046079
0.9755855381094181
0.0
6.405957782516784e-07
0.0
0.0
0.0016838657383543767
0.0
0.0
-1.4212872136723726e-08
0.0
4.3347476630371495e-10
2.0118228770457177e-05
7.42611814333923e-05
9.846339958211904e-09
0.0
0.0
7.172971230499472e-07
6.330685889558196e-07
0.0
6.8633190840417e-05
4.7069160754551095e-05
0.0
-1.8922025660749804
1.8921850554731434
-1.7510601836911077e-05
1.6465544400246707e-07
1.3000897437634419e-05
1.637406680597935e-05
9.309031286196658e-09
-6.16635575108862e-05
6.854844691239339e-05
3.0895084271251735e-05
0.0
0.0
0.0005963178938658288
-7.024411022914766
7.023814714161797
9.140896832561133e-09
1.2546001221203005e-19
2.0411306044032363e-06
2.0411306044196755e-06
2.0411306044071153e-06
1.5228593029769741e-05
1.5858674501833377e-05
5.637346252869441e-10
4.670470123715448e-06
0.0
7.374979606764629e-20
4.149302314103304e-20
0.0
1.9037762500446694e-08
3.3174227242220556e-05
0.0
0.0
1.7893962012134474e-08
6.76499626524419e-06
4.6201188436563284e-06
0.0
1.267206402100303e-08
1.1394888061550277e-10
7.425812984460694e-06
5.0971457768431585e-06
3.9866812886331274e-08
5.614825013304148e-10
1.2678089309302857e-05
1.2678089309326486e-05
5.410397315647832e-10
7.415904291234758e-06
0.0
6.920946190301653e-07
6.527477279114857e-07
0.0
4.807146423473815e-10
6.623151815373717e-07
0.0
0.0
1.6372665273390544e-09
0.0
0.0
0.0
1.7819085823561054e-05
7.114890407200378e-07
0.0007392481279448243
0.0009390024300412478
9.944597553736349e-09
-0.0009389924854436788
0.0
-1.3460032408144334e-08
3.344320805067314e-10
-2.501676328194436e-09
-0.017978162683595755
-0.018382643054265735
0.0
4.328858028771713e-06
-4.328858028772185e-06
0.0
7.373033977869584e-09
5.970776032853536e-06
5.9707503268172785e-06
5.9802115531734645e-06
-8.535233721324031e-06
-1.3441386927602259e-05
-2.7630143536772588e-05
-2.19319890116575e-05
-8.533500934274605e-07
-2.1241820702800744e-10
1.8681704714029987e-11
0.0
-8.300213391322862e-09
0.0002139994985115995
5.559412307157424e-07
0.0
5.842717104106333e-09
9.676192651398178e-09
0.0
5.102826510848073e-07
5.102826511131964e-07
5.102826510564035e-07
5.102826510672323e-07
5.102826510956287e-07
5.102826511944957e-07
0.0
0.001505447248230939
4.04722023410068e-05
0.0016951045995234019
-3.1122723332795642e-06
0.0
7.821652658482944e-09
0.0
9.72343840877583e-09
9.723438407034706e-09
0.0
3.922564039375996e-08
-4.125647755345259e-08
-1.1589892155532393e-08
0.0
0.0
7.310732519253253e-09
2.9114865199611e-14
0.0
9.5647929531764e-09
0.0
0.0
0.0
0.0
0.0
-0.0031637185927273492
0.0031267260037192417
3.6992589007780606e-05
-3.54895709875729e-06
3.518199775085896e-06
4.032211662895024e-08
9.723438411817092e-09
0.0
9.46122648578931e-09
0.0008642949001503173
0.0009194506587018675
0.0
1.1999584721493198e-08
1.3487210462361464e-08
3.621461509348814e-05
9.923681053552319e-09
9.923681065307442e-09
-4.421076423847357e-08
0.0
9.831223314266889e-09
9.771275699935533e-09
0.0
9.771275868001109e-09
9.771276030766401e-09
2.886489532713532e-05
-2.698188991345231e-05
7.743063622771211e-05
5.043896204816494e-05
0.00561547321402091
2.609504415663127e-08
-4.804953937122626e-05
4.8245753415619283e-05
-1.9524465570589454e-07
-1.9524465570617787e-07
9.723438422611218e-09
9.723438417805082e-09
1.781950389997065e-08
5.1964303051516e-09
1.4090249268009727e-19
2.0009973140060438e-06
-2.0015246758492184e-06
-5.273618435117002e-10
-5.5540830171960445e-05
7.089437277315816e-05
5.482882482993787e-10
0.03644651369424251
0.03644648756645194
-1.661988282523132e-08
4.142113178435885e-09
8.565070525356141e-05
3.7619645436435633e-06
-8.963117698382864e-09
9.30754714998659
-9.307547130090375
9.942751309451915e-09
-5.795604531228307e-10
4.820266073351617e-10
1.7001785119853434e-06
-1.7001785119850205e-06
-1.7001785119867552e-06
1.7001785119859965e-06
0.0
-1.7524751027726803e-10
1.0335772405316997e-06
1.0335772405316194e-06
-1.6881759436065957e-06
-5.196430301682153e-09
1.6436284756413522e-07
2.8443932636042763e-06
4.220995097945727e-06
4.220995097945407e-06
4.220995097953093e-06
0.0
9.857350395492725e-08
0.00025481859736311814
0.00025492097666674266
-3.805799670200671e-09
5.754815012081447e-07
0.0
0.0
0.0
9.472930170300214e-08
0.0
9.309666769220806e-09
1.5812885439957828e-05
4.289161816358842e-10
9.832476120536062e-09
4.957072748350856e-10
9.900173347663791e-09
2.350347898567044e-09
5.690901533035826e-07
1.583261808943906e-05
5.693000549706101e-07
0.0
-2.5999945331133915e-10
0.0
8.675082645509882e-10
-1.764516281840215e-08
4.771856344397135e-05
3.535223725385976e-08
1.7001785119833603e-06
7.79172985395453e-20
5.1927743082336064e-08
-1.7609822770953663e-06
-1.7090545340134711e-06
3.089508427124112e-05
6.296063838870478e-09
0.0
0.0
0.0
0.0
3.0520026799295155e-07
1.416638026140627e-07
1.495053994655184e-08
9.876177008130608e-09
0.0
-4.720641113526936e-10
1.8553562234078129e-06
1.215305040621498e-08
1.0366537393741777e-05
7.588184948661864e-06
7.1704691549082174e-06
6.377106950639749e-05
7.978157962711004e-07
2.801070160731376e-09
0.0
0.0
0.0
3.641239441847267e-09
9.499901784975102e-09
0.0
0.0
0.0
0.0
0.0
0.0
0.0
0.0
4.65477695170902e-06
4.3648113000527575e-06
1.7249840418850252e-05
1.2388571015907437e-05
4.870467915861093e-06
1.732703883691825e-05
1.2063795939242614e-08
1.5687142799050997e-05
9.837623493704377e-09
9.64703954199529e-09
6.4877926944622525e-09
9.642556197460711e-09
0.0
6.237822045613889e-09
7.60286147829437e-09
0.0
0.0
0.0
0.0
8.387546750181785e-09
0.0
0.0
5.3864957355897445e-06
8.303951587782347e-07
0.0
2.2453228364414386e-06
2.4695748296123785e-05
0.0
1.356345099175659e-09
3.058294796699557e-08
0.0
6.794893323144626e-06
0.0
2.6502807417112988e-08
0.0
0.0
3.6448525554803115e-05
1.889590900839164e-08
2.663021342918364e-18
6.776592517220397e-05
1.1618452489531644e-05
7.956260873241741e-05
-1.5933516372967915e-07
0.0
0.0
0.0
0.0
5.032618117742032e-05
8.170907294695944e-09
0.0
0.0
-9.404288363664022e-09
0.005632075649919133
0.0
1.53864797024443e-08
5.465003434491946e-09
9.734654020316464e-09
9.734654020314846e-09
0.0
0.0
0.0
0.0
0.0
7.667079747474818e-18
0.0
8.855393934600647e-05
1.1323663798939635e-06
8.977125510244385e-05
-7.535777693732977e-08
3.6046929769480916e-05
0.0
9.682000219174317e-09
2.8048816075794963e-10
3.4078570391056717e-10
0.0
0.0
0.0
0.0
-4.760213888823782e-09
0.00011361801562839361
0.00011361801562839719
0.00011361801562839183
0.00015788248464609304
0.0
3.140128901469468e-06
5.302127499352643e-06
0.0
2.5189636428992466e-06
0.0
0.0
0.0
0.0
2.511657732938046e-06
6.257725312061167e-07
0.0
0.0
2.5752995024971795e-07
5.154120681066257e-05
0.002283488099727342
0.002600135023584915
0.006659016287680893
1.176805236678882e-09
1.1770837401122033e-09
1.7737971797705655e-06
1.7777384356825183e-06
0.0
-8.17090509914847e-09
-8.170905087413225e-09
1.177559158461679e-09
5.683814943626531e-07
1.6188324734639874e-20
0.0
0.0
0.0
5.844483909611687e-08
0.0
-3.9931027678434343e-10
0.0
-3.993566280656594e-10
0.0
0.0
1.4458260831784836e-16
0.0
-5.106054821499738e-10
-5.471534253272483e-06
-1.6914531968527206e-10
4.692087305756607e-06
7.792778021962126e-07
0.0
0.0
0.00011361801562839542
2.7574569480287e-05
2.7574569480287e-05
9.908780569205776e-09
6.257664860672987e-07
0.0
0.0
0.0
5.297087483025382e-06
5.29708748303223e-06
5.0400162940337235e-09
8.214345388215278e-09
6.849087579578003e-09
5.876283713273851e-06
3.0865254092065682e-06
5.277722134006557e-06
2.5120922889018847e-06
6.23506751701295e-07
5.287719808297385e-06
0.0
-5.847609191713689e-06
-3.067636953966177e-06
-5.274067755459247e-06
0.00011362879015700972
0.0
-5.287232732785212e-10
0.00011362879015703743
0.0003540794907753656
6.105732988514997e-06
5.6935592725536915e-06
8.700991843576107e-09
0.0
0.0
0.0003479737443075833
0.0
0.0
1.8553562234119616e-06
1.855356223411065e-06
5.102826511240104e-07
0.0
-2.6599859345026488e-12
0.0
0.0
0.0
6.060481044959975e-09
-0.00014230754156056933
0.0
8.42304560708435e-06
0.0
0.0
0.0
4.313528577554618e-08
0.0
0.0
0.0
0.00021864020544529877
0.00021863039465321274
5.844261097014594e-08
5.641303191440797e-07
3.386367073805139e-18
0.0
0.0
2.8794289778488497e-06
0.0
0.0
2.691015092612268e-05
5.855505625816016e-06
0.0006284988461755066
0.0
0.02607214991762439
2.4968560653157223e-08
2.097388805339809e-06
0.00011446924680032665
2.052290054455269e-06
5.667814943509909e-09
1.7450274831301806e-07
9.011300960509086e-07
0.00011446925573325904
2.8971427744657946e-05
0.0005425915849286906
2.029771989747982e-06
0.0
2.7857525218535233e-05
16.257316434564892
0.0
-0.0626062218411505
0.0001752342764139974
0.000429292687814763
6.263407711952149e-07
1.3914319460862998e-05
4.681283276093169e-07
1.4428009229958843e-06
2.566403994279627e-06
9.400205822857055e-05
9.401370048983851e-05
0.0
2.44174205650533e-05
0.0004593227648403399
-6.294987758327392e-12
0.00048373370568525245
6.473425153037411e-09
0.0
2.6947232338461517e-05
0.0
1.9611673818956246e-08
0.0
4.984538704916791e-10
2.034143896235656e-06
2.8971427744628052e-05
0.0
0.0
0.0
2.80507183654019e-10
0.0
3.576560804431189e-08
0.0
0.0
2.9408434863633506e-08
4.2053955350559644e-10
0.0
7.970017750922764e-09
7.292837837036953e-05
7.292837837036948e-05
0.0
0.0
4.5426855814541455e-05
0.0012796726326672098
9.92279897915181e-09
0.0008061732006051152
9.953461112605565e-09
2.5863116578292846e-06
9.946575771048647e-09
5.3316429334632464e-09
0.0016425474169964782
0.0
1.4389089383541194e-06
9.827942220365349e-09
0.00014904061272545295
9.9151167700515e-09
2.9835643880049023e-06
0.0
0.0
9.965419425158961e-09
6.908667886853385e-05
9.96942833146151e-09
5.151083402158471e-07
9.957859796091491e-09
6.042376185102822e-05
9.969114037796856e-09
7.627038757029653e-07
1.2694355103022344e-06
3.2899836382160636e-18
2.4330364025489413e-18
2.004672707001599e-06
0.0
5.8008094619397135e-06
8.967487695833536e-06
2.5863116578245103e-06
0.0
2.224078452203086e-06
1.440493381683507e-06
1.1034095159370169e-06
0.0
3.4938806241334993e-06
0.0
1.5812131439058187e-07
4.645956957960367e-07
4.949463795014614e-06
0.0006790987032583584
0.0
0.0
3.411008547056642e-08
0.0
0.0
0.0
0.0
0.0
0.0
0.0
0.0
0.0
0.0
0.0
0.017495725297819398
0.017415770656327535
1.389071165817947e-06
0.0
1.9015721354816856e-06
9.734270958504273e-09
9.439926316146508e-09
4.364114180510901e-10
2.7074814381768733e-11
0.0
8.170906600455986e-09
8.170906819072614e-09
8.170907027434134e-09
-1.61603462733425e-09
1.3200271619901468e-11
8.05851183484787e-12
1.7001785119848712e-06
0.0
9.861636301656112e-09
1.9224236849905906e-06
0.0
6.370106929345408e-09
0.0
1.6112219170738077e-11
0.0
8.996709691857364e-09
8.170905623816393e-09
8.170905883307431e-09
8.170906132542739e-09
1.600332252531097e-05
9.97465909858129e-07
4.978577171491079e-10
0.0
-9.684486097481566e-09
-1.9224236849895576e-06
2.0356585375814475e-05
1.4463890502565407e-18
0.0
0.0
0.0006438635502366134
1.5044657151866478e-05
1.3053387943250192e-05
1.5150147226950299e-05
3.324210994186012e-05
5.875833592916236e-07
8.114031377650428e-05
1.1345016413817482e-07
1.9826780799267573e-05
-2.1241821180073124e-10
-2.724117616953128e-10
0.0
0.0
6.060481039968854e-09
0.00010049881416270538
2.201013855012513e-05
0.0
2.0072951929272903e-07
2.8707804075785096e-05
1.6580994787308766e-05
6.512822123297298e-07
1.1051146591466525e-06
8.901928565600752e-06
1.9941461705296603e-07
5.920642560480959e-06
2.9319935271726097e-07
1.2421064670841724e-07
1.813157455188627e-05
1.683873120392321e-05
1.2439812663671556e-06
3.1467900988013444e-06
4.334100222588062e-06
1.7819085823569385e-05
0.015184168348181133
1.019680425666617e-08
0.0
0.0
4.945352576121667e-05
2.6793046019806146e-05
2.9585167249767867e-05
4.890847967310657e-07
1.7832715786345978e-05
2.4859243586691467e-05
3.0786554364503932e-06
5.861983211382209e-06
6.083608605413475e-11
0.0
-1.616034715144885e-09
1.721568469680025e-07
0.0
0.0
1.557544703534523e-09
0.003038494093462807
2.1743667744658895e-05
9.180116411303577e-06
1.271326021264186e-05
1.0260238220232257e-05
3.063345598956204e-05
1.8539031189511537e-07
1.1219303552195445e-05
3.090234135163912e-05
-3.764027325298515e-05
0.001904824628044477
0.0013789012568564407
-0.0060350711987927075
4.771320778069969e-06
0.0
-0.0041308796393371705
-0.00010360390156841657
4.155882602270326e-06
0.0
0.0
0.0
0.0
0.0
0.0
9.189136948040032e-06
4.155882602257279e-06
1.2648084260498411e-05
0.0
1.0104160424148787e-05
0.0
1.253770868294045e-05
0.0
1.9258595710351945e-07
0.0
9.73102402733543e-07
0.0
1.8642980609957356e-05
0.0
1.3345019550323398e-05
1.2638892511854177e-05
1.0094944732651801e-05
1.2530567002297553e-05
1.8411177493286497e-07
9.639340460532435e-07
1.86337369868123e-05
7.320905230626456e-09
7.320905208542031e-09
9.743540969835e-09
0.0
0.0
0.0
9.90878052338446e-09
0.00012530492935634852
4.475995195838665e-06
1.6555514670745997e-05
4.364811300066356e-06
1.7249840418863418e-05
1.2388571015921274e-05
4.870467915873803e-06
1.7327038836931492e-05
1.2063795951466904e-08
1.5687142799063807e-05
2.680244094674836e-05
2.9593565168232434e-05
4.974264939978496e-07
1.7826712045066147e-05
2.4678044393338818e-05
3.084610548775302e-06
5.8798726971778335e-06
1.1724787763449102e-08
4.618233689006999e-08
6.944483326561327e-06
1.8080024523344218e-05
2.7650355014696683e-08
1.023015877817033e-05
1.2243626330253286e-05
1.2153050412434746e-08
1.0366537393747768e-05
7.5881849486681824e-06
7.170469154913969e-06
6.37710695064035e-05
7.978157962766155e-07
2.8010701665396784e-09
0.0
0.0
0.0
3.641239445808319e-09
9.499901789201165e-09
0.0
0.0
0.0
0.0
0.0
0.0
0.0
0.0
4.654776951715498e-06
-3.477864306846104e-05
0.0
8.170905074154678e-09
0.0
0.0
0.0
0.0
4.313528577369517e-08
-0.003847264821766345
0.0
4.73189497240357e-06
0.0015280405748196051
7.98343647714009
0.0
0.0
0.0
0.0
2.9242930083992108e-08
0.0037821851116152136
0.0
1.4487476894094009e-05
0.0001598776817717219
0.0
0.0008440022706315242
-0.10894077181660577
-0.1268698711641445
9.965265333185779e-06
0.0
5.079955398891822e-09
0.0
0.0
1.7238376998985234e-08
3.37746162657471e-09
0.0
3.3774616266079975e-09
4.8919440534259825e-05
9.470972197822553e-09
7.241347971480966e-11
5.552176737868425e-05
5.552176737868748e-05
1.781950390549287e-08
9.723438423902192e-09
5.553110673352061e-05
9.723438423318458e-09
5.5521767378684975e-05
9.7234384233006e-09
1.506816567879118e-05
9.797295264697086e-09
3.942099067184517e-10
0.0
4.302349570914429e-06
-1.3861607135746548
1.3861564205812535
9.356169968792238e-09
-0.1258248649305313
0.0
0.0
5.045212465292284e-05
5.38693843215289e-06
8.316442798664088e-07
0.0
2.2575277102299562e-06
2.4867922728177795e-05
0.0
0.0
0.0019048246280444698
0.0
0.0019048246280444652
9.371986401207775e-09
5.386938432155129e-06
8.316442798681869e-07
0.0
2.2575277102312742e-06
2.486792272817964e-05
0.0
0.0
7.98343647714009
0.017255002041295597
9.862717303818628e-09
0.0
-0.00043457188876171887
1.6011304968269367e-05
1.0856779474524688e-05
0.00042372506394863313
5.494727201308804e-10
5.913764760317336e-05
-5.8134356479639206e-05
0.0007344651861454464
5.484486242514179e-06
0.0007167774465776459
6.075369312563971e-05
0.0012517585738193566
5.569515965640621e-05
3.622327883349813e-05
0.0
8.663868870656264e-09
6.685110130226154e-05
4.94561639063291e-05
0.0
2.6382772228612435e-09
6.68607912195754e-05
-2.8816846610266834e-10
0.0
0.000275555018323854
0.0008231328388328972
4.313528576772731e-08
-7.294137498833257e-08
-6.335890588986736e-08
8.72880838401821e-09
0.0
-6.219491564353469e-06
-6.219491564353403e-06
-6.21949156435331e-06
0.0
0.1304551428571234
0.13045514285712342
0.0
0.0
0.0
0.0
0.0
0.0
0.0009798728525359885
0.0
-7.400402979766818e-09
-9.612974930382399e-09
0.00032122791833627193
0.0003212279183362718
5.102826511363662e-07
5.641303191298412e-07
5.524905574233299e-09
0.0
0.0
0.0
0.0
0.0
0.0
1.5356270641627723e-06
1.0332790905476319e-06
2.348612021201696e-06
3.1133280840355145e-06
1.3795045901177484e-06
6.17118895566456e-08
3.974245061010908e-07
7.070382151945862e-08
1.0114523573668259e-08
2.106158708453512e-09
0.0
0.0
-2.6157088093219094e-05
-2.659680276781535e-05
0.0
1.193196086988572e-08
0.0
9.982384245296156e-11
1.99532635297552e-09
9.982399281488658e-11
9.982415150701982e-11
2.0411306044254925e-06
1.9365616322794285e-06
4.390771365158824e-06
2.813009109585294e-18
0.0
8.700991843576108e-09
0.0
0.0
1.419384166922262e-07
-1.4193841669607292e-07
1.0387417768931691e-19
0.0
1.1607564084978572e-18
1.0510607550878501e-17
9.771553349336075e-18
0.0
0.0
0.0
5.8300768570487064e-12
5.117109395961879e-05
0.0014764960953152773
3.644993103119561e-05
0.00015484413991707989
0.0
0.0
-2.7868541730703296
2.7868528699265016
-1.3304097761013931e-06
0.0
1.936561632294832e-06
1.9365616322900406e-06
5.829825872893822e-12
0.0
0.0
5.0432668508248786e-05
5.045212465293113e-05
4.032211663207556e-08
9.66697704396572e-09
2.6567203957746556e-10
0.0
4.7463061914836015e-09
0.0
0.0
0.0
4.410373818369443e-06
4.4006163918393695e-06
1.93656163228592e-06
3.3629807458854563e-17
3.3629807462110895e-17
0.020253800960449837
0.02025379675742763
4.2030222446392634e-09
0.0
0.0
0.0
2.120668335842402e-05
5.604193003579747e-06
0.0
5.828569481966585e-12
5.829323201940904e-12
0.0006404672409244518
0.0002417269912383374
0.0008767379618817463
-5.142440229081812e-09
0.034147525633295164
0.0
0.0
-4.598098990211764e-05
-6.5200177598503245e-09
0.0
0.0
0.0
-5.084755987301145e-10
4.333684401134157e-06
0.0
1.7542919657352824e-05
0.0
-0.0030242746777995877
0.0
0.0
-3.365245539077361e-10
-3.3652455391290643e-10
0.0
0.0
0.0
-9.741211361418561e-09
0.0
1.4810455162137198e-08
1.2604566892337603e-07
1.2604566895752474e-07
5.102826511721127e-07
5.102826511537777e-07
6.363283201489389e-07
1.8553562234136428e-06
4.9730577586828374e-09
4.973057758682838e-09
0.0
0.00042323480639221866
1.419384167023443e-07
4.896902155977659e-05
0.0
10.207670340810449
-10.207670399538916
-5.0827396222092584e-08
9.334929787547975e-09
0.0
0.0016550060082054672
9.532600103307265e-07
2.5987758003213604e-06
0.0
4.587514491768791e-10
3.518199775081146e-06
0.0
0.0
2.1562516109022718e-05
-2.19269164622638
2.1927132376059
9.602045276304252e-09
1.8610961483797347e-06
-1.859891584358719e-06
0.0
1.626054626766016e-05
-4.2440917542328066e-05
0.0
0.0
9.714202502929265e-09
1.919895629254344e-08
9.482577834063477e-09
-8.385424287529399e-11
1.0637397713401784e-06
1.8598915843559852e-06
1.9193153123841375e-06
9.334900158375448e-09
1.4806058463837367e-08
0.0
0.0030327498715501666
3.721450316457528e-17
6.8855968246472265e-06
6.925613268480545e-05
1.740936240823118e-05
8.6646405299368e-05
1.7409362408231187e-05
0.0
1.9089793676325895e-08
1.0208654718959932e-10
-8.99453841594032e-09
0.0
0.0
2.7301942807615607e-08
0.0
7.188408430908526e-09
7.1884084272484964e-09
-0.0031630878277653096
2.0858513459370406e-18
0.0
9.731164150143957e-09
9.514024136135973e-09
-8.95034455792844e-09
0.0
0.0
0.0
0.0
0.0
2.351002331175465e-09
9.633687130235218e-09
2.3284257267598307e-10
-5.079955503993483e-09
0.0
-1.7135824814485017e-08
-2.6769512051779386e-08
2.987288274292555e-14
3.7107124468206033e-06
1.5792579055350518e-05
9.561179238281695e-09
8.807431240022686e-10
0.0
1.2604919910817524e-07
1.2604919911597787e-07
3.7107124468333842e-06
1.683873120403039e-05
3.764027325297553e-05
1.6838727673744696e-05
1.5792579055351107e-05
1.5792579055355312e-05
1.6838731204023234e-05
1.683880888150787e-05
8.71689525521695e-11
1.1779081391923958e-07
2.207184740962129e-07
1.613461643112084e-10
0.0
0.0
0.0
0.0
9.473989247337038e-08
9.473989244764483e-08
0.0
0.0
0.0
9.473989240547445e-08
0.0
0.0
3.541373328142823e-05
1.6838731203972456e-05
3.710712446827146e-06
9.473989236369098e-08
9.473283190896794e-08
1.0508608636919838e-06
0.0
0.0
6.810002764247834e-05
1.9537337345672224e-10
9.473636211258183e-08
9.473989230656169e-08
0.0
7.3107324801118476e-09
7.315187393954462e-09
0.0016871714131327636
4.3135285772058604e-08
10.768111931856387
-10.768111952240242
-1.0898481994053935e-08
2.0356585375809325e-05
9.230404201122488e-09
9.230404202965631e-09
5.576046438010109e-05
0.0008543106887001038
2.5753463502379997e-06
10.129171915629536
-10.12917193240196
-3.210821429375862e-08
1.8553562234087582e-06
0.0
0.0
3.4015794122312925e-06
-3.3918531842097864e-06
3.2410914364489566e-10
-1.806305593987645e-08
0.0
0.0
5.5760464380089275e-05
1.0498367074303652e-05
9.832458403025157e-09
-1.048853461562858e-05
5.180321168984116e-10
0.001224643817537478
2.793389892605082e-05
1.0357296280979701e-08
9.917279191357662e-09
0.0
0.0016858332234764009
0.0
0.0
1.4613604849150543e-09
0.0
0.0
1.754931761233084e-09
0.0
4.884141283781965e-06
8.378578311697373e-05
8.84395152978542e-05
2.3040245819226628e-07
-6.64470923928209e-12
