0
9.813876212449655e-09
5.562450692487477e-07
0.0
9.60520825573624e-09
7.084060933972636e-07
1.5948264481697799e-06
0.0
0.0
1.7939717786108033e-06
0.0
0.0
1.4933496528497946e-05
0.0
0.0
0.0
0.0
0.0
9.894514487589193e-09
0.0
0.0
0.0
1.1598526287229499e-08
0.0
1.1755736574250245e-09
5.036427113684411e-07
5.420036857135106e-10
0.0
0.0
0.0
0.0
1.1968404808478159e-05
0.0
0.0
0.0
0.0
4.679457946869379e-06
0.0
0.0
5.372890844358666e-09
0.0
0.0
1.9423446455823284e-08
0.0
0.0
1.9259116488279543e-09
3.282374477959726e-08
1.485855188306114e-09
0.0
0.0
0.0
1.219244381034071e-17
0.0
0.0
0.0
1.7698108471128656e-09
1.855230490194947e-08
0.0
7.893181638824006e-10
0.0
0.0
0.0
5.967486229425544e-11
0.0
0.0
2.254092343433953e-09
0.0
6.655882751147077e-09
0.0
2.10028569310956e-19
0.0
9.605247957643898e-09
0.0
9.615738443644922e-09
0.0
0.0
2.408969868745582e-10
2.3902596535944656e-20
1.6860039669965414e-09
8.53206720616044e-09
6.337425121518359e-10
0.0
1.011150122236671e-10
2.684099523138027e-21
0.0
0.03843774669808381
4.878059927911757e-13
1.0299697164515938e-07
0.0
0.0
8.252090413480496e-10
0.0
3.2413916768359756e-09
0.0
0.0
8.816881317780885e-09
1.5646442813295954e-09
8.182489519110447e-09
9.058760859380555e-09
1.8764732156802655e-07
7.003921347234879e-05
0.0
0.0
9.463945865508503e-09
0.0
1.0030536858471859e-08
0.0
0.0
0.0
0.0
0.0
0.0
0.0
1.6470214021200937e-09
2.392300571733628e-09
2.6840810743142125e-21
0.0
0.0
1.397353330822977e-08
5.047106736678074e-09
0.0
0.0
0.0
9.178209783135708e-09
0.0
9.728651960693303e-09
0.0
0.00016460051410417854
-0.00017270808391600667
0.0
6.1163982379304575e-09
2.0951432206402293e-09
0.0
0.0
9.560099295442302e-09
7.481873626963288e-06
7.248612060217079e-09
0.0
5.271411822889638e-06
0.0
6.699072305909362e-10
0.0
9.142539297705767e-09
0.0
7.444135551261671e-20
0.0
0.0
2.834631939423179e-07
0.0
0.0
0.0
0.0
3.93953379092082e-08
0.0
0.0
0.0
7.781138864483698e-10
0.0
6.816564969704197e-09
1.1610148163977468e-10
7.287483214265424e-09
0.0
0.0
9.241561812921713e-10
-0.007123208260279179
0.0
0.0
6.6976769619619195e-09
8.357640250361962e-09
0.0
0.0
3.6073273120641605e-08
0.0
0.0
3.699035335306856e-06
0.0
0.0
0.0
1.9463687242496345e-08
0.0
0.0
0.0
0.0
0.0
0.0
0.0
8.110433490378045e-10
0.04043739178332206
0.0
0.0004236651195741802
0.0
1.4200956368883486e-08
1.995290910124694e-09
9.739555818999017e-09
2.447480024000176e-20
2.4944354586168435e-05
0.0
0.00011782992568788554
0.0
0.0
1.0622684482766075e-07
0.0
3.8471518379644194e-05
1.0696111199060198e-08
0.0
9.382225647278415e-10
3.791768091350456e-09
2.5649454852923826e-08
0.0
0.0
0.0
9.918261544203208e-06
7.159535676791664e-09
2.7924137784958566e-07
9.826351861937368e-09
0.0
4.272185369103655e-09
0.0
7.763341064417838e-10
0.0
0.0
0.0
6.841033911464816e-11
6.143760936286331e-09
8.352876823464494e-09
0.0
0.0
0.0
9.605208311222956e-09
0.0
9.415292386477484e-09
1.9486581022454864e-09
1.9486581022454864e-09
1.6852170050055126e-10
0.0
0.0
9.770558658669453e-09
1.3429573513629948e-11
1.8135999081389853e-09
0.0
8.432222746682812e-09
5.4842652253782865e-09
0.0
6.8030188682688786e-09
-0.0006395014509624763
6.271777665591558e-12
0.0
2.2418761920708198e-10
0.0
1.0898647380576342e-09
0.0
0.0
-0.03724064132682736
9.348153213052912e-24
9.854352264603322e-09
9.900826045712242e-09
9.376647050669706e-09
0.0
8.640777482685288e-09
0.0
2.2261073621469035e-09
3.508416867809009e-08
6.284645811242497e-07
-1.0574698046498398e-06
4.910654307656597e-09
0.0
0.0
2.273837989280483e-09
0.0
7.248209477310471e-11
0.0
6.698516929231071e-10
0.0
5.624632519202554e-09
9.812663037938827e-09
9.87736846515311e-09
9.816367486068273e-09
1.0245177282667066e-07
6.606942194463523e-05
0.0
9.137937090014413e-21
0.0
0.0
1.8135999081389894e-09
0.0
0.0
0.0
8.249945563317889e-09
0.0
0.0
0.0
-0.0004359173161399693
1.1968471976639e-05
0.0
4.074144053967172e-09
9.577761852322898e-09
1.889456478995676e-09
0.0
9.620557349063412e-09
0.0
9.818241185192525e-09
0.0
0.0
1.329678238886104e-06
2.810335895573428e-06
0.0
1.884533906584429e-10
1.9661279260048832e-08
6.354854321554585e-05
1.5646442813050726e-09
9.774447776042531e-09
9.520567747102247e-09
0.0
0.0
1.2872297717991095e-09
7.470179467020196e-05
9.66741411646199e-09
0.0
4.1490866976645984e-11
0.0
0.0
0.0
0.0
0.0
1.8026564885855721e-06
6.253634352703416e-08
0.0
0.0
0.0
0.0
0.0
0.0
6.6202091500959384e-12
7.170879521973135e-07
2.302216813564713e-07
6.944101782206683e-07
1.9788404627662764e-05
1.3421384122146575e-06
2.6912169414251178e-05
5.5647640086115524e-05
-1.7939717786110631e-06
-1.7939717786113376e-06
0.0
0.0
0.0
9.87104147234435e-09
1.812162625633424e-10
0.0
9.905766892092196e-09
0.0
1.6666792174447195e-09
0.0
3.5921807094633438e-09
2.3313051550671703e-09
9.607272367326791e-09
9.905766817349828e-09
-4.648271324075978e-10
5.233618383022637e-07
6.849119336001333e-06
6.668864334937431e-05
5.859972521696475e-05
2.2731587229184922e-05
2.9474068477904537e-08
5.1771643633223085e-06
5.0741498150015994e-06
1.9136082892229684e-06
4.042474251513642e-06
1.062360906484367e-06
4.379074462317912e-05
1.8818667295585367e-05
6.282638267304268e-07
5.048973403246689e-06
3.1950138409009335e-07
4.042793366586568e-06
4.0446495670281754e-09
4.363637787077316e-07
1.8819011829000904e-05
6.030542583921263e-07
4.786304190756471e-06
0.0004596590582476567
4.064419382934929e-06
4.200129650723475e-05
1.779893156755242e-05
3.090009025869243e-05
0.0
8.376429724527877e-07
0.00045236128102843623
1.2173564649746184e-06
4.202022350859304e-05
1.7767550689207472e-05
3.091917154905291e-05
0.0
0.0
0.0
0.0
0.0
0.0001081220521404806
0.0
5.036427113757732e-07
4.760614893048961e-10
-2.1501152192374365e-09
4.86756802251762e-10
2.592776620218783e-06
1.5643374170608831e-06
1.0620246802162957e-06
9.397197323568482e-08
1.0620246802454112e-06
1.618531052687327e-06
7.778277451304316e-06
7.382939468704925e-07
5.282097050423719e-06
4.1451547949914433e-07
4.1451547946547366e-07
4.145154794383078e-07
0.0
0.0
-5.036427113694395e-07
5.036427113705814e-07
0.0
1.291549812270947e-08
0.0
1.9513161703023885e-08
1.982248506279778e-08
2.5830588894205643e-06
1.5643374170541636e-06
1.0620246802123193e-06
1.883183653622958e-06
1.0620246802360561e-06
1.618531052668959e-06
7.778277451292102e-06
7.382939468582604e-07
5.282097050411283e-06
4.1451547950865455e-07
4.145154794733694e-07
4.1451547944457027e-07
2.5927766202227606e-06
1.564337417047288e-06
1.0620246802094464e-06
1.8831836536076154e-06
1.062024680227805e-06
1.6185310526592657e-06
7.77827745127973e-06
7.382939468459475e-07
5.282097050398625e-06
4.1451547948113795e-07
4.145154794507151e-07
0.0
1.321141243917183e-07
0.0
0.0
0.0
0.0
7.943085642369918e-19
0.0
5.967005382625251e-11
0.0
0.0
2.0034871659498995e-08
1.549863964737528e-10
9.580698900890638e-09
5.562450692489903e-07
-1.1968404808478511e-05
1.1968404808479177e-05
1.0254696452710756e-06
0.00013050360124954385
0.00015604179908693886
0.00018826379598091306
0.00022957531774112745
3.560945283320709e-05
3.6767579597892843e-07
5.966661783185479e-05
1.2411144976995939e-05
1.3206118275491386e-05
0.0002741940356602257
2.0236937539074165e-08
0.0
1.957886995911859e-08
0.0
2.2878335145486187e-06
1.3745964539188926e-06
0.08892845502358458
0.0
6.590951026373542e-10
0.00012013072601871344
0.00012012253306975355
2.292607380957254e-06
9.514327017033641e-08
5.209384638764358e-08
-4.0168989610686134e-07
-9.083643836856233e-06
6.001120114409696e-06
0.0
0.0
0.0007907773094666076
0.0
0.0
1.7757776767847454e-18
2.978998154670682e-16
2.4844372498226405e-05
15.06074424931637
5.372890896967701e-09
0.0
-5.372891020982706e-09
0.0
-9.92277768774625e-09
2.1465033447089057e-05
2.0245754141962466e-08
0.0
0.0
0.0009770589987221675
0.0009770589987221708
1.0052412879515752e-07
-0.06320104877929111
9.896302969323308e-06
2.1475371797302574e-05
2.0241346079281483e-08
9.752637358076091e-09
3.247236743282834e-10
9.704607722306085e-09
9.704607725029371e-09
0.0
-1.92591164915293e-09
0.0
-0.00012013138511313484
-0.00012012253306907354
-2.282877565943772e-06
-9.51432694972637e-08
-5.209384575273479e-08
7.127463237381615e-06
6.8740077962359085e-06
7.28439592860401e-07
0.0
1.6175759773408603e-05
3.2823744801527996e-08
0.0
2.6990399858284723e-17
0.01095599103114539
0.010955991031145366
-1.6175759773411286e-05
4.325834716185137e-06
9.714842060550031e-05
6.411722887664216e-05
8.342803796195953e-05
0.00011402278303365082
6.869151375894117e-07
3.536922347681414e-05
7.05307485785953e-17
0.06693456219833965
0.0
1.4858551895866524e-09
-3.5506755558081684
3.5506708763502215
-4.679457946870258e-06
1.9852615975409425e-07
0.0
0.0
8.936154449370113e-05
9.840603045232728e-09
9.840603049403519e-09
0.0719571421225691
0.0
-3.0043256456532128e-05
1.1968404808491144e-05
0.0
0.0004242120106178642
5.333031737514109e-05
3.20382166932766
-3.2038216300048337
9.873488297387413e-09
3.7244907087775585e-16
1.4915555793192622e-16
9.599054127735074e-09
9.599054128123662e-09
1.9378608557836471e-07
1.293483871763555e-07
0.00043590771744267436
0.0001313661538591476
1.7193712132802796e-05
0.00013136615385922625
4.293894132585317e-05
0.0
1.2684811843518181e-07
2.1108041871046393e-05
2.1117266022562988e-05
0.0
0.0
0.0
1.0227100842738008e-05
2.405462477291035e-07
2.214699836696592e-07
1.1707907090416474e-07
5.234552197288316e-07
1.8026564885873295e-06
1.269311834779591e-07
0.0
2.204555202297686e-05
1.572549383794009e-05
7.324156566511806e-05
8.460052270943007e-05
8.686682052565051e-05
4.2662917619674906e-07
5.531915094081758e-06
-0.000977058998722094
1.2191891160173858e-17
7.084060933539143e-07
4.2136207138011514e-05
1.7193712133029754e-05
-1.7193712132955452e-05
0.010308893101106501
0.0
0.0
0.0
1.1045567197944777e-05
1.0396784429589134e-05
4.36522083344983e-10
1.6870470165929806e-05
3.5597482503669457e-05
3.563485909186524e-05
-1.5310792515006895e-09
5.818375078098707e-08
2.808430698032447e-19
0.0
12.487024234389702
-16.157008026312738
3.669983782352247
-1.8552304903162337e-08
0.0
0.0
0.0
8.216694755822932e-05
0.0001984937232868527
3.5149409849187815e-11
0.0
0.0
0.0
1.7427971716072886e-05
1.742797171607677e-05
9.677388187598123e-09
9.677388190725369e-09
0.0
0.0
-7.893181638895033e-10
0.0
8.157923713679825e-09
0.0
0.0
2.9050870016961226e-10
2.135433248624672e-05
0.0
2.4629061521062805e-07
5.039797533869148e-08
0.0
0.0
0.0
0.0
0.0
9.605208255826859e-09
4.205344847524383e-12
9.813849278395092e-09
2.6557165771360357e-05
2.8244248538543397e-07
9.81179431167765e-09
5.059754629521989e-10
3.6147146786550714e-10
2.146566718965448e-05
0.00010201894584077629
0.0001020189458407796
0.00027419403566022663
9.605208279090265e-09
4.553134380951307e-06
4.553134381242597e-06
0.0
1.364390771063403e-18
4.335120289743868e-06
1.421647601067102e-05
6.138382621773715e-05
8.3436763310281e-05
5.5957865515887916e-05
4.342037471590012e-07
5.54150378137148e-06
0.0
8.293194459478109e-05
2.7334026588565994e-06
0.0
5.806491751771482e-05
2.527113903820004e-07
2.982771969539459e-05
0.0
0.0
0.0
0.0001064631979864558
0.0
1.1398469564055909e-06
0.00021518756330794362
0.00021518981740028704
0.00021518756330794354
0.0002151875633079436
0.00021518756330794357
7.122928830982304e-17
7.11812738287371e-17
0.0004963774440863406
-0.0003694558643668514
0.00012692163939435154
0.0
-1.585636215804048e-06
2.1702027278496796e-07
1.576968386175668e-06
0.00021226198759285742
4.323833185921819e-06
4.323833185926421e-06
1.1758417280013113e-18
0.0
0.00021223515163829336
1.3440635708944298e-10
-3.289386132324546e-05
0.0
0.0
0.0
2.9848308424706405e-05
3.038123658995753e-05
5.5343839551789055e-06
5.4680688237283954e-05
7.948400706979726e-19
3.5439036401289634e-05
-6.581053177029232e-05
3.1345166065568657e-10
2.0990408340070954e-19
0.0
3.748080597150404e-09
7.470000257952881e-05
3.289386132332081e-05
0.0
0.0
0.0
3.025206365981992e-08
1.963770703387326e-07
-0.0002606534703807617
7.706520435877794e-19
0.00015506329677369206
0.0006681601104814257
9.278834032478446e-05
5.606533968909911
-5.607419590273779
9.147122195561367e-09
1.6199185394108307e-19
2.545210396095372e-06
-0.0009587382419989248
2.8846358939140257e-07
5.304680667067271e-05
2.494249500601328e-05
0.09882152847779713
1.1511229000946989e-09
0.0
0.0
0.0
0.0
0.0
0.0
0.0004359077174424519
0.0
9.676334513445208e-09
0.0
-1.792179426235612e-10
9.60520819513303e-09
0.0
0.0
-1.8957293958473524e-10
0.0
0.0
5.158810509992664e-16
2.9504840838527497e-16
6.624968633665634e-16
7.64472012134117
-1.0111350114399426e-10
1.4933496528498758e-05
0.0
-7.6447201212400575
0.0
3.755468268725306e-16
3.7562737918302496e-16
0.0
0.0
-9.601275287784896e-09
5.036427113830391e-07
7.743367374952494e-05
0.0
7.224912326112751e-18
1.8571850811474997e-07
0.0
0.0
1.8327953755291283e-07
0.0
0.0
0.0
1.8845838889790823e-08
5.200348599984347e-09
1.2122237192861373e-09
3.005673301883259e-09
3.3514122086426573e-18
1.1041277630044166e-17
1.493487950880025e-09
8.765397931283955e-17
8.339602451662152e-17
8.106265922414164e-17
8.365221096194862e-17
2.8244248538716515e-07
0.0
0.0
0.0
0.0
0.0
7.475001689233776e-05
0.00019919179139190327
2.4488489432092577e-11
0.0
0.0
0.0
0.0
0.00025618064090902843
0.00025619030876891283
2.4102446032003264e-10
2.792413778480094e-07
6.936440448948651e-07
1.6451786049425536e-07
1.0322507402515898e-05
5.446676634460395e-06
1.932900512937015e-07
4.442613564170291e-07
1.0076905767145154e-05
6.936440449619318e-07
1.5487993162585103e-07
1.0322507402579209e-05
5.446647313189726e-06
1.836220073818213e-07
4.4426135647947923e-07
1.0076894014769241e-05
0.0
-1.011150122236671e-10
7.434777377194905e-06
0.0
0.0033242610464725994
0.0033242610464725994
-0.03843774669808381
-0.0379380486152443
2.6559162133019773e-05
6.882180025382727e-05
-4.878059927911757e-13
9.538096189904105e-05
0.0
0.0
1.3086380592615322e-07
9.654711345467475e-08
1.061672709486561e-06
0.0
0.0
2.08459927742371e-06
2.0845992774237267e-06
2.0845992774237606e-06
2.083774068382353e-06
2.084599277423742e-06
1.5599960244495627e-17
0.0
3.698724619900659e-07
2.585866703804104e-07
-2.2941717969793274e-16
2.9531800821578407e-09
0.0
0.0
0.0
0.0
0.0005138693864656144
6.509457299881323e-06
0.0
0.00010221093114696502
-0.0006225995297892695
0.0
0.0005203918400351279
0.0
0.010955954520574141
7.43472119199744e-06
9.132062121975355e-09
0.0
2.882124931989427e-10
0.0
8.863038303275061e-09
-6.725773340661027e-06
2.20963604123485e-06
5.2726805221638075e-06
0.00014505889214083296
2.2007783742231325e-09
7.067505813102515e-09
0.0003697955402446907
-8.816881317780885e-09
0.0003697955264768698
0.0
0.0
1.4610887889248084e-19
0.0
0.0
0.0
0.0
0.0
0.0
0.002133372987079512
0.0
0.0
0.002145568846432325
0.0
1.1998072083905698e-05
6.769055294591197e-20
9.024544236077029e-06
0.0002570504526677524
-1.780034024537816e-07
0.0002482135557532446
2.973925311157018e-06
1.5479386408539777e-05
0.07418102778932295
1.1180895867494356e-05
0.0
0.00010093167371510978
6.960938423469784
-6.961008468850672
-7.003921347234624e-05
3.382967321886573e-07
-5.5070756380526707e-05
0.0
0.0
0.0
1.4933040306166856e-05
-1.0543033035211093e-05
1.9647258886585564e-08
3.181709461144427e-10
7.674430945700754e-07
0.00022024621274948977
7.477783022555527e-07
0.0003611038179171389
5.118045711132876e-05
4.7150830320789203e-05
8.828012891729428e-05
2.0626432915439586e-05
0.0
4.714875230388735e-10
1.6666792164422649e-09
1.492536792814529e-05
1.4920255870244994e-05
0.0
-1.4933496528498224e-05
4.647624669456763e-06
9.04486800622154e-06
1.3149821029692575e-05
6.654519326556938e-06
4.3715317259788194e-05
4.074810735778452e-07
1.036206490914157e-05
1.7148967928201721e-06
0.0
9.60520822620319e-09
0.0
-3.9762556200914134e-11
0.0
5.322036560515054e-07
5.586839545714003e-05
0.0
-5.991841293031051e-10
7.668189191078596e-09
0.0
0.0
5.0165595274588375e-09
6.992030471726253e-10
0.0002652694632823245
0.0
-1.1877861989372657e-07
4.73801200706813e-10
1.9683335700630978e-08
9.779734921649628e-09
0.0
9.896302969320863e-06
1.0052412879248284e-07
8.79296597066142e-07
0.0
0.0
2.242281350799127e-05
2.2645795576016515e-05
2.2298206802543212e-07
0.0
0.0
1.4920255870262296e-05
1.4920255870265726e-05
4.137339921302455e-06
0.0
4.278849483220837e-18
8.409976062825354e-12
8.41753920398852e-12
8.41397755830555e-12
-1.5541004816594164e-11
0.0
3.951314718540457e-06
2.8199196732130917e-05
4.254949112884694e-05
-7.470000257952213e-05
0.0
0.0
0.0
7.084060933842129e-07
0.0
0.0
0.0
0.00026526946328225186
0.00019920004133761477
2.949919216531626e-10
1.9261724054321214e-08
1.1402803620296731e-10
0.0
4.310696156040893e-09
3.940990393393455e-09
1.4627373566831824e-10
1.127314720669045e-09
4.2104272423802266e-12
9.893077917933914e-09
6.475901557841941e-09
0.0
0.0
0.0
0.0
0.0
0.0
0.0
0.0
-2.39230057985651e-09
0.00012062489743369873
0.00012062489743369874
0.0
4.899203496546683e-09
6.667829523917355e-05
0.0
6.370130448189841e-09
0.0
9.690504312757211e-09
0.0
-0.0004858193743542529
5.303708737303134e-09
0.0
0.0
5.089793681822309e-07
0.0
0.0
0.0
0.00047893783758290974
5.2327040932927555e-05
0.0
-1.3973533303371484e-08
6.053967946654612e-07
1.4937238141759739e-09
4.080966760318014e-08
0.0
2.9502040630420452e-08
1.5402001014428567e-06
0.0
1.5739254866430954e-06
0.0
1.0716797179845613e-06
0.0
5.3721978638084434e-08
4.024999461123576e-08
1.0715193621403597e-06
0.0
1.6281070602689346e-06
0.0
7.787841584357862e-06
0.0
3.7495033820241045e-07
3.6334360868016003e-07
5.291583585368281e-06
0.0
4.2413387458543227e-07
0.0
4.241338745533891e-07
0.0
2.1056697692043725e-07
2.0394850251197225e-07
5.0471070370886005e-09
5.04710763785063e-09
5.060337082106542e-09
5.055927492567769e-09
5.0515176306025315e-09
2.0232528462961473e-08
0.00012013138511336036
0.00012012253306930079
2.2926073805027564e-06
9.514326972277776e-08
5.209384595743216e-08
-4.016898965154836e-07
-9.083643837265817e-06
-6.001120114819403e-06
0.0011510058713298612
0.0011510051721268864
1.4260569258157898e-07
1.4260569257596474e-07
2.792413778558986e-07
2.792413778399846e-07
9.605208475778498e-09
0.0
0.0003162259004134693
7.548598525314101e-06
8.426117159945206e-08
0.0
9.605208344203459e-09
4.6039937753289426e-05
0.0
0.0
0.0
0.0
0.0
0.0
-0.00016801172822778453
0.00023104948157955392
0.0
-9.728651961284085e-09
1.2377559499963224e-05
1.5123347430304264e-05
1.417426282897263e-05
1.0901232673628125e-07
1.9951713016190157e-05
0.0
1.1010709831694564e-05
3.358547701975802e-08
4.5941972882645944e-05
0.0004703371727781105
8.892414678079088e-05
0.0001507059619988753
0.0001236032675443915
4.984309953907249e-05
1.1795323729330447e-06
0.00041099476381700203
2.1880874628292282e-06
0.0
4.5488189140990456e-05
0.00046838099217884024
8.21983734403346e-05
0.00015157884968090593
0.00012581290358583115
5.057153913213756e-05
6.452212895301767e-06
2.1283774751515926e-06
0.0
0.0005697086260578629
4.862253782538938e-06
0.0
0.0
0.0
0.0
4.86641232422258e-07
0.00417709961275349
0.0
-4.179700903973041e-09
0.0
0.0
6.284591323661131e-07
2.8120866506144626e-05
0.0004700002479471868
0.0
0.0
0.0
0.0
0.0
0.00024184141775135832
0.0004290802849528116
0.00262875823449866
-0.00016460051410405185
0.0012898806304205046
9.78407818029833e-09
9.784078186424046e-09
0.0
0.0
0.0
4.315910425249344e-06
0.0
0.0
8.59412486607624e-06
8.59412486607622e-06
8.594124866076281e-06
8.596220009296899e-06
8.594124866076266e-06
0.0002194639186923554
0.0004112187195915876
-9.213666767848849e-05
1.405074000187253e-06
0.0
8.676438965243143e-09
2.808405704793223e-06
2.808405704793231e-06
2.8084057047932472e-06
2.798845605497781e-06
2.8084057047932197e-06
1.3104060242262007e-05
4.851299948077504e-07
0.0
2.7151365603992022e-05
3.463323923095601e-05
3.462360019489435e-05
2.7151365603992388e-05
3.462360019489478e-05
7.869468629829487e-07
0.0
0.0
1.53560666966132e-06
1.5356066696613457e-06
1.5356066696613977e-06
1.5428552817216034e-06
1.5356066696613882e-06
0.0001258388468175047
1.3841897325601959e-05
1.469940033095121e-08
2.77131934518655e-05
0.0
0.0
0.00014380060249625324
1.0843261162642726e-06
2.5793178281297073e-08
1.213419406123937e-18
0.0
0.0
4.093157727462093e-07
0.0006523834221013317
-1.531435568635775e-18
0.0003088898963216529
-5.271411822890403e-06
0.0008122824225978755
0.009617856013184111
0.009705920235001496
1.931763827969172e-08
0.0
-6.698516944559041e-10
0.0
0.0
0.0
0.0
0.0
0.0
1.931763835138236e-08
1.0655939228226279e-10
0.0003360696969807944
0.0
0.0
0.0
0.011098159349572811
5.928065069542321e-09
3.3714304234616905e-09
9.299495495067496e-09
0.0011636104570982406
0.0011636104570982408
4.384575848932068e-05
1.2806453802361058e-08
1.511007443006952e-07
0.0
5.027637539953126e-06
0.0
1.5607127049840983e-08
1.7710431733281847e-05
1.5090178273169081e-06
1.1857739447430287e-05
1.1637593991984738e-06
3.090895500981116e-05
0.0
0.0
1.5836188841720854e-08
0.0
-0.004640510616805567
7.099525876101722e-06
5.1965267674381576e-05
0.004408637075972525
0.0
-2.7380168701980777e-07
0.0
3.3551986482617943e-10
0.0
7.461351431722971e-10
0.0
9.785040930949604e-09
0.0004548677523717651
0.0018612106386999452
0.0009003273997512672
0.0013335908174793869
0.006205881492160739
0.00010029022377449193
9.464218976986297e-09
4.003212900262722e-11
1.9501960558383573e-08
3.8900787278313795e-10
4.2629951813643404e-10
8.867603369030526e-09
4.066101778184364e-10
0.0
4.066101769831155e-10
0.0
0.0
0.0
0.0
0.0
0.0
9.8555029599397e-09
1.4914525751959666e-09
1.3086380537026445e-07
0.0
-6.816564968731287e-09
0.0
0.0
3.760143511157304e-05
0.0
0.0
-2.9838470970993615e-08
9.170180926208846e-09
0.0
0.0
0.0
0.010749619390277132
1.7208670254148517e-05
0.0
0.0
0.0
2.735227366022173e-16
3.7331414255511796e-05
2.140959778751642e-05
0.00024684874716590573
1.4831776835804151e-09
0.0
0.0013344957519452862
3.0826045024519695e-07
3.0826045024148626e-07
3.082604502482812e-07
3.082604502512941e-07
0.0
0.0003515096493216511
0.00026571580597834453
6.3105500101110445
0.0
0.0
8.793770766757814e-09
9.729805883295807e-09
7.464989781003234e-08
9.119562680811427e-05
1.833922494066359e-08
9.471621573862557e-09
9.47162157608145e-09
4.733690086713154e-11
9.126874105049718e-05
1.308638052709453e-07
1.3086380548005625e-07
1.308638056003194e-07
0.0
0.0
0.0
0.0
0.0061292436920308176
0.0009939562146127968
0.007123216844988178
0.0
6.310458814484236
9.12687410506431e-05
0.003831606389075862
8.908373867953034e-19
0.0
3.695112605559144e-10
0.0
0.00090032739975134
0.08892844600240793
2.5535074881938593e-07
5.959554337311195e-07
-0.011128079827181697
0.0016796389999733609
1.952801909761244e-08
1.7203525982674778e-05
-1.6836456450245584e-05
6.532455192651671e-05
5.027637539954083e-06
5.027637539954717e-06
1.0205200230461383e-05
-0.08893833192450273
0.0
7.266850624388372e-09
0.00030991373812590565
0.0
0.0
0.00123294201625239
0.0
3.4946528384980497e-09
0.0
0.0
0.0
1.152907650884286e-05
5.592880950789119e-05
8.836767269749385e-09
0.0
0.0
0.0001688860466325857
0.0
0.00030995629277184665
6.010683407379938e-05
0.0014155697931068217
6.744795388575975e-05
-4.685926727181944
4.685926707718257
-1.946368724350299e-08
6.6090503365848655e-06
1.5863065638198152e-06
0.0014748019726411434
-3.6990353353073184e-06
-2.3894098061802058e-05
0.00032395564553118906
5.6090542992402506e-05
0.00019539775280893315
1.2049850163399933e-19
12.474542809889966
-12.475334709596249
0.0007918636330094016
-3.607327312152794e-08
4.102277282207934e-16
5.234552198313546e-07
5.234552199915789e-07
5.234552198703845e-07
0.0004393661790412953
0.0004401854317747023
4.879185565756174e-10
0.005054903282911984
2.6962878278733386e-08
1.3681692712056674e-16
0.0
1.5836188798835992e-08
0.0
4.604714202539687e-05
0.0
0.0
1.546638701021699e-08
1.4084587931995727e-05
2.357870338629525e-07
0.0
5.676999553750838e-09
1.4546809286452213e-10
0.0003923704037697143
0.00041290565908401206
3.9645996130941124e-08
4.757920210981416e-10
4.4737081080684215e-05
4.473708108068905e-05
2.633795137519297e-10
0.00039236070178044497
0.0
2.84128489356108e-07
2.0472460202064047e-06
1.791893050433701e-06
0.0
2.553507488162132e-07
0.0
0.0
1.3280227157281564e-08
1.4763405199614686e-08
0.0
0.0
8.172962387548365e-06
9.009788228739667e-07
1.469295685673161e-05
0.00035191914460717743
9.820024598164608e-09
-0.0003519093245825832
-6.545906646587829e-09
0.0
1.5177026017361702e-10
0.0
-0.04043738395104235
-0.04131655535535428
0.0
0.00042366511957417987
-0.0004236651195741801
0.0
0.0
0.0001201313851135876
0.00012012253306952804
2.292607380730005e-06
9.514326994655709e-08
4.2518325392066814e-08
-4.016898963116536e-07
-9.08364383706093e-06
-6.0011201146144885e-06
0.0
2.4486992876969667e-11
0.0
0.0
4.201544771977761e-05
6.987736375056258e-07
0.0
0.0
0.0
0.0
1.3086380473694662e-07
1.3086380498762793e-07
1.3086380449315571e-07
1.3086380458286185e-07
1.3086380483009812e-07
1.3086380573105265e-07
0.0
0.0005474692346880281
0.000233422109155021
0.0009776394169355017
-0.0001199583031630387
0.0
2.5282293919494493e-09
0.0
2.494249500506862e-05
2.4942495005068835e-05
0.0
8.528066401274809e-06
-3.347242098744396e-05
-2.4944354586168675e-05
0.0
0.0
6.284546924934756e-07
7.412641438030314e-19
0.0
7.778234829154392e-09
0.0
0.0
0.0
0.0
0.0
-0.0003099330225460051
2.9674369738508057e-05
0.0002802586528097574
-1.7963830185393934e-05
5.983311603895192e-06
1.199807208390988e-05
2.4942495005140592e-05
9.214477160377988e-07
-0.00011782992568788606
0.00029103646065396224
1.2620283930770057e-05
0.0
0.0
2.034158066699232e-08
0.00022808282562276634
9.789650770586356e-09
9.789650766513821e-09
0.0
9.581869318886701e-09
6.6968871697116494e-09
7.86007656157511e-09
8.418679927317123e-09
7.860076559031635e-09
7.860076558164214e-09
0.010328024383840645
-3.555666613614254
3.5556890364361866
2.2422813507991856e-05
0.0006279666473047189
4.849992338480321e-08
-0.00011729134889003794
0.00011728914640341007
8.588409031217186e-09
8.588409031614868e-09
2.49424950052846e-05
2.4942495005212478e-05
0.00010201894584063064
-1.0052412877104011e-07
1.5787133428672113e-19
0.00017171517839627387
-0.000171821405241103
-9.661035076826611e-08
-4.2126434702100524e-05
0.00045576000016916464
4.5654041333036447e-10
0.010339841587156751
0.010301370068777106
-3.8461729834185684e-05
4.930864474434757e-09
5.5190267165447146e-05
0.0006886763274635513
-1.257067505951219e-09
0.0
2.827766465429704e-08
9.806726640825253e-09
-9.806421308195261e-10
3.652979373676972e-10
9.909418205397715e-06
-9.909418205401518e-06
-9.909418205401518e-06
9.909418205403917e-06
0.0
0.0
2.5455849500172474e-08
2.5455849475705857e-08
-9.896302969322063e-06
1.0052412879445888e-07
0.0
4.1765426318058535e-07
1.0254696451367084e-06
1.0254696451305776e-06
1.025469645199568e-06
0.0
0.00023317126604046126
0.0001655232421136905
0.0003986982999222431
-3.791768091350456e-09
2.091941951382817e-05
0.0
0.0
0.0
3.282374484534147e-08
1.9469176549634783e-08
0.0
1.6861237085653224e-05
0.0
9.233080280538584e-09
1.0895126284032339e-10
9.53405594532446e-09
1.802965918451833e-06
2.0909789119505355e-05
1.6880004221871355e-05
2.0905997115859966e-05
1.8029659184516013e-06
0.0
0.0
4.1580344957992265e-10
1.0697828725273568e-08
0.00026371602971852294
9.255432628785266e-06
9.90941820539554e-06
0.0
0.0002765804896413779
-0.0002864987511855818
-9.908497815321967e-06
5.6090542992407026e-05
2.7924137784480903e-07
0.0
1.4200956370731232e-08
0.0
0.0
1.1741888108136808e-08
2.136049203491117e-08
1.7147303000841903e-08
9.82632204246354e-09
0.0
-3.9751188966511536e-10
4.4730291998399573e-07
1.75658946661467e-05
0.0
3.724850197703345e-06
2.4811800639193632e-05
2.061830925046512e-05
4.3514761421285356e-07
6.307584414227387e-08
0.0
2.798666320256801e-09
0.0
1.594454662156613e-07
1.3897295747503742e-07
0.0
0.0
0.0
0.0
0.0
0.0
0.0
0.0
2.774454179615278e-07
5.233618382538841e-07
6.849119335953395e-06
6.668864334932536e-05
5.859972521691595e-05
2.2731587229136665e-05
2.9474068429134305e-08
5.177164363273987e-06
9.082876108684456e-09
9.16011761855087e-09
7.954061973448402e-09
9.639396320848765e-09
0.0
9.279319555429643e-09
0.0
0.0
0.0
0.0
0.0
8.6963740436037e-09
0.0
8.243210169501815e-09
1.6093535590038683e-08
1.584946787459717e-06
0.0
1.048676860542995e-06
4.336307721844408e-05
0.0
3.345277843814406e-08
3.957744094345186e-06
7.306937336771327e-06
2.855016979868002e-06
0.0
2.2684504245280146e-08
0.0
0.0
0.0004858193743542539
1.4933496528500931e-05
5.824448317935055e-19
3.911738873464042e-05
0.0003091029546875125
0.00036315110740352995
0.0
0.0
0.0
-4.2721853690873106e-09
0.0
0.0
9.605208827015708e-09
9.459058989271649e-09
9.459058991185384e-09
3.4940285333516826e-11
2.3942321107918147e-05
0.0
2.9333597322662226e-08
9.754727364389712e-09
1.1145776721159254e-09
1.114577672522146e-09
0.0
0.0
0.0
0.0
9.75319495636338e-09
7.161801367741027e-17
9.753195028139175e-09
1.0158603368122265e-05
5.826445723115171e-05
6.842383693338275e-05
0.0
0.0002682583449539691
4.249130814243724e-13
8.238837193621286e-09
8.23883716805085e-09
0.0
9.538120115232744e-09
1.1296232035607947e-10
9.538120051372311e-09
0.0
0.0
6.104025101749332e-05
6.104025101748677e-05
6.104025101749665e-05
2.4834767597922344e-05
0.0
9.476720940903866e-06
1.251365609275018e-06
0.0
9.659184044262983e-07
0.0
1.0522919613938477e-08
8.920405860589843e-10
0.0
9.569097003924443e-07
8.520577699321985e-06
0.0
0.0
0.0025205129800092148
0.0009955399900435232
0.0072334932573068205
0.00019837466732097915
0.0004875073641014231
1.4929738948924774e-09
1.4932656407016516e-09
0.0008540970436871575
0.0008540955522356014
0.0
-9.605208311312414e-09
-9.605208311418167e-09
1.4936406809833947e-09
1.3242656739273737e-05
4.781194268006773e-20
0.0
0.0
0.0
1.2017475098411037e-05
0.0
0.0
0.0
0.0
0.0
0.0
1.65705736858519e-18
0.0
0.0
-0.0003647118702291844
-1.6852170050055126e-10
0.0002530094537211953
0.00011170224798628854
0.0
0.0
6.104025101749005e-05
0.00043957708648132137
0.0004395770864813214
9.949976473843602e-09
8.520571673735051e-06
0.0
2.6581117177572224e-09
0.0
1.2611059490201047e-06
1.261105948994744e-06
0.0
1.4528175227110665e-08
6.499456090539792e-08
1.178050347473638e-05
2.446649338104399e-06
0.0001317004926871873
9.672879636261182e-07
8.513351074517061e-06
1.2518311118777539e-06
0.0
-1.1768468585903864e-05
-2.4357293514902878e-06
-0.00013170919805245533
5.511139002449186e-05
0.0
-9.770558639932148e-09
5.51113900247199e-05
0.0009467292914498277
0.0006979254070496348
0.00021201251136749574
0.0
0.0
0.0
0.0002488038709706194
-1.3429573513629948e-11
0.0
4.473029200046966e-07
4.473029199743645e-07
1.3086380508422288e-07
0.0
-2.647111861255573e-12
0.0
0.0
0.0
4.8992034970779416e-09
-0.0003133273644353481
0.0
1.0732197914437956e-05
0.0
0.0
0.0
5.036427113727335e-07
0.0
0.0
1.1968404808480205e-05
0.0003954567602921198
0.00039545676029213717
1.2017472877408431e-05
7.084060933929128e-07
0.0
0.0
0.0
0.0009608832389486799
0.0
0.0
4.1454818868562527e-07
0.00014037064807089882
0.042785037475187325
0.0016649524597860325
0.0
2.670039554958514e-05
0.0031838930104369327
7.653306455721613e-05
1.9378608572421767e-07
0.0
3.0266494689863882e-05
0.0006385373713094353
7.653307345685257e-05
5.009418844742895e-07
0.00011449022695736071
1.7025298390065312e-07
7.439305757406963e-05
0.013850526441920691
4.622473421068304
0.0
0.0010278548537616672
0.0002267433715141716
-1.9080295939975095e-06
6.600801107538431e-07
4.2667036809799976e-07
7.667761730433984e-08
-1.7543562206058798e-06
1.7022937785485714e-06
0.0006395014509624763
0.0006698995164594601
0.0
4.062328432886661e-05
0.0012781022226121138
-6.271777665591558e-12
0.0012967338545727299
2.1991646096473018e-05
1.0734702423272753e-07
3.2655520637660467e-07
0.0
1.0003867233901889e-08
0.0
0.0
1.7705600267912156e-07
5.00941884607877e-07
7.366930210779481e-17
4.133694463514585e-09
0.0
0.0
9.037283567837341e-09
0.0
0.0
0.0
0.0
0.0
0.0
0.0
0.0004007531207929811
0.0004007531207929811
0.0
0.0
0.0004754058789150236
9.908873354667109e-05
9.820890713521638e-09
0.000595961307134118
9.886123852607959e-09
1.7148967923812956e-06
9.722524132422245e-09
4.57767698205785e-09
0.0002905751759406189
4.098273802509309e-08
5.587796751118601e-05
4.584828121633073e-10
0.00018214876222387273
3.099805221738313e-09
4.134274684065645e-06
2.1512498543427846e-09
1.069451198770714e-05
9.901258167112619e-09
0.0004782809255464247
9.9361764189963e-09
2.95347312402823e-07
9.903600784316807e-09
0.00041845623664143496
9.917894498206152e-09
0.002910160977200179
3.0043256456677685e-05
1.4621299237579702e-16
1.4494837794374527e-16
4.654715733184827e-05
9.241561445509601e-10
5.1060404200281795e-05
1.7656869258528004e-07
1.7148967924571338e-06
0.0
7.324643921744829e-07
8.072111307426237e-07
0.0
1.514789525724343e-07
4.1258786439210367e-07
5.094867925618159e-07
2.4359958313069634e-07
2.8846358902969716e-07
2.5822765637969504e-07
9.420633796988382e-06
0.0
1.2361811974303475e-08
0.0
0.0
0.0
0.0
0.0
0.0
0.0
0.0
0.0
0.0
0.0
0.0
0.03724064132682736
0.03711479658512674
2.4060402395289612e-05
5.925505015758319e-06
4.323833185929625e-06
0.0
0.0
-9.376647050604245e-09
3.6105265484337635e-11
0.0
9.605208509256839e-09
9.605208542817086e-09
9.605208576349231e-09
2.9502040486274926e-08
1.7069406315926453e-11
1.0640922528879553e-11
9.909418205396141e-06
0.0
8.677494342564386e-09
7.469136180194852e-05
0.0
8.683748800094976e-09
0.0
2.1275846104878523e-11
9.013854548984225e-09
0.0
9.605208376844494e-09
9.60520840957135e-09
9.605208442273817e-09
1.1853898497626818e-05
0.0
0.0
0.0
0.0
-7.469136180202757e-05
1.5948264481702868e-06
0.0
0.0
0.0
0.0018612247170380321
8.82958527853872e-09
1.8112700411830286e-05
6.905979653253157e-06
6.078539632286526e-05
9.77532538494425e-05
4.449884202669715e-05
2.693252974060621e-05
5.08204959443756e-05
0.0
0.0
0.0
0.0
4.899203496646398e-09
5.0355142327693445e-08
7.170879521524172e-07
0.00022001599106808608
2.3022168130970745e-07
5.336812399096388e-08
6.944101781770019e-07
0.0003413154132894321
1.978840462761882e-05
4.983831869906835e-05
1.3422355982179367e-06
2.023866090649395e-05
2.691216941420715e-05
3.263248883113414e-05
5.5657161503931504e-05
2.1455334977328662e-05
5.8584514285443645e-05
0.0003773232031570846
0.0
8.172962387473418e-06
0.011507794381185307
2.7593874693853866e-08
0.0
2.950204041338265e-08
9.176782062358849e-08
5.065631584818048e-06
1.9164069556714577e-06
4.0332214389119375e-06
1.221032468874653e-06
4.39291645049398e-05
1.8809750984984986e-05
6.088364110712349e-07
0.0
0.0
2.9502040558293055e-08
0.0
0.0
4.618766901706177e-07
0.0
0.004177099612753635
0.0001613342940459199
8.285328036234376e-07
0.00045982369948579805
1.4386860544857575e-05
4.744841918404743e-05
1.7994983894796146e-05
3.1344201350095705e-05
1.0352912389645442e-05
-4.384575848939264e-05
0.01074334449026099
0.0001701360997372614
-0.010749619390277021
0.0062058814921606646
0.0
-6.259853619586766e-06
-0.00018366309773229527
4.6423915502854694e-06
0.0
0.0
0.0
0.0
0.0
0.0
0.0
4.642391550177597e-06
7.462418457407501e-06
0.0
1.316950407993011e-05
0.0
5.428138835534093e-06
0.0
2.2738899464853745e-07
0.0
4.250298010740141e-07
0.0
1.0356729602774117e-05
0.0
4.633281381612895e-06
7.4528302943075975e-06
1.3160151447992008e-05
5.418986633038385e-06
2.1795085993151586e-07
4.1552969371723665e-07
1.0353326453099153e-05
6.28464581127901e-07
6.284645811254668e-07
-2.190715107854889e-08
0.0
-2.5535559511729006e-08
-2.5535559511341782e-08
9.949976077726252e-09
-7.153870261709244e-05
1.0671779495166622e-06
0.0002388184071827257
5.233618383505116e-07
6.849119336048519e-06
6.668864334942332e-05
5.8599725217013543e-05
2.2731587229232654e-05
2.947406852659586e-08
5.1771643633705885e-06
5.074149815057804e-06
1.9136082892786176e-06
4.04247425156564e-06
1.0705188302632266e-06
4.379074462323558e-05
1.881866729562836e-05
6.282638267843423e-07
4.786304190811258e-06
0.0004596590582477118
4.064419382988666e-06
4.199313858357526e-05
1.779893156760839e-05
3.090009025874594e-05
0.0
1.756589466619566e-05
0.0
3.72485019775296e-06
2.481180063924305e-05
2.0618309250513948e-05
4.3514761426218476e-07
6.307584419152011e-08
0.0
2.7986663583311885e-09
0.0
1.5944546625282973e-07
1.389729575141679e-07
0.0
0.0
0.0
0.0
0.0
0.0
0.0
0.0
2.7744541801316e-07
-2.140959778812587e-05
0.0
9.605208311540223e-09
0.00010813186598968912
0.0
0.0
0.0
5.036427113805605e-07
-0.000140538170335477
4.982067798452096e-08
0.07102137877814588
0.0
0.0009720717342704965
0.0
0.0
3.320828370889216e-09
0.0
2.5138187699760985e-06
0.0008654898214705541
0.0
6.116661361028659e-10
15.059772174226122
3.7344694482380905e-05
-9.678191256884188e-06
-4.377286192626481e-08
-0.006153697634149435
6.666849800188371e-05
0.0
7.471856923737027e-05
3.144765496579522e-08
0.0
6.383445957557165e-07
0.0
0.0
0.0
0.007179577345941471
4.869879829400014e-09
0.0
1.720352598260158e-05
1.720352598238258e-05
0.00010201894584070335
2.4942495005577936e-05
1.719371213288028e-05
2.494249500572492e-05
1.720352598245619e-05
2.4942495005431196e-05
2.2907923367777078e-08
9.811794314162202e-09
3.8313645289592286e-10
4.571274433114765e-19
3.759118120217047e-06
-0.36486271033902634
0.36485895114842404
0.0
-0.005600350406516519
0.0
0.0
0.0001991917913919776
1.6658181605267083e-08
1.59690557161697e-06
0.0
1.2166868544839344e-06
4.349216605110937e-05
0.0
5.7327825974737045e-09
0.010743344490260919
2.796098772857104e-10
0.010743344490260846
9.70694407215053e-09
1.6658181643949632e-08
1.5969055716553207e-06
0.0
1.2166868545232276e-06
4.349216605115044e-05
0.0
5.7327826349245756e-09
0.0009720717342704563
0.06320104877929111
9.818218770357896e-09
0.0
-0.0002122726653053061
1.3745964539194747e-06
5.4565895670623576e-05
0.0001577011450021627
0.0
5.793942194596028e-07
-4.218881059578572e-06
1.5010857350537875e-05
5.732583044777652e-07
-0.00014768706848570135
1.6667198822597812e-05
1.0731924832684121e-06
3.568323015243932e-05
0.00022807301294615917
-3.839943055251904e-10
0.0
3.2288288510453104e-05
8.195143956439164e-08
-3.8765238028132217e-10
0.0
3.229816589246445e-05
-4.4789345204416885e-10
0.0
1.3266391251160684e-05
-2.608251973561722e-05
5.036427113932356e-07
-9.28371654846391e-08
-1.0245177282718976e-07
6.370130448535438e-09
0.0
-6.606942194463535e-05
-6.606942194463561e-05
-6.606942194463596e-05
4.133694458715982e-09
0.0059965914899811675
0.00599659148998131
9.795581932175021e-05
9.681161586050164e-09
2.541561207575909e-10
0.0
0.0
0.0
0.0003375753920803396
0.0
-1.8103210452316454e-10
0.0
3.451076459685173e-05
3.4510764596851734e-05
1.3086380518210018e-07
7.084060933711624e-07
1.0358563063521211e-08
0.0
0.0
3.1871409562696917e-09
0.0
3.1871409569699356e-09
0.0
5.091005857125527e-06
7.154320956780947e-06
5.550260685103124e-07
0.0
4.5438053384033326e-05
7.878346776041572e-06
5.256765727786326e-08
2.410996017889094e-08
1.6357454073242262e-07
7.602049038047135e-09
3.0932470755783105e-06
0.0
0.0030942719301257013
-0.0019596059009002395
7.576349196980441e-17
2.3338874982949995e-11
0.0
1.9611882422934678e-09
0.0
1.9611882397407644e-09
1.961188238884235e-09
5.234552200522832e-07
2.5452103960901173e-06
0.00043590771744274895
0.0
0.0
0.0
0.0
0.0
1.4920255870248278e-05
-1.4920255870253668e-05
0.0
7.77557492767477e-17
7.100041420345387e-17
6.824196676293668e-17
6.873710382376016e-17
1.919907329041135e-09
0.0
1.9199073289894456e-09
8.424445457891528e-12
2.2645795576017646e-05
0.0021455703322875155
0.00048582467806298915
0.006215351525998423
1.8373586653835873e-19
0.0
-0.008960654342278164
0.008960687030083328
7.514474081479616e-09
0.0
2.5452103960781153e-06
2.545210396082573e-06
8.423774934258887e-12
0.0
0.0
0.00019920004133761396
0.00019919179139204983
1.1998072083907315e-05
0.0
0.0
0.0
0.0
0.0
0.0
0.0
0.0004359267165569373
0.0004359173161399693
2.5452103960863108e-06
1.7101023692173365e-18
1.7101023041658324e-18
4.945589549334417e-05
6.142436746998418e-05
-1.1968471976639352e-05
1.1968404808484406e-05
0.0
0.0
2.297387413242547e-06
0.0
0.0
8.420435286488012e-12
8.422438561154597e-12
0.0
0.00028628126956434827
3.0065294359566633e-05
0.0
0.030313302505227673
0.0
0.0
-15.06999649061444
0.0
0.0
0.0
0.0
-9.577761852325197e-09
0.0004358603547297866
0.0
1.0620246802085038e-06
0.0
-0.0024975758227974015
9.735650553769985e-09
0.0
3.07951802017759e-10
3.079518040509401e-10
0.0
0.0
0.0
-1.943296805598176e-10
0.0
7.684920229058105e-05
2.023693805905214e-08
2.0236938413161338e-08
1.3086380552921126e-07
1.3086380535050333e-07
1.5110074413149876e-07
4.473029200286466e-07
9.56735432486613e-09
1.2314998788328877e-10
0.0
0.0
1.4920255870258791e-05
0.0006523834221013399
4.820089433131688e-07
12.503634734724294
-12.50363754290894
-2.8006008216175893e-06
0.0
-3.895026292248027e-10
0.0009587382419989234
0.0
0.0
6.0260291445548695e-06
3.8948056180822933e-10
5.983311603822408e-06
3.886316033185064e-19
0.0
0.0005230446169857696
0.0005230814619210378
0.0
9.810615266199123e-09
1.329678238889992e-06
-1.3296782388879575e-06
9.81387621471957e-09
0.0016800472451763589
0.0014142149894303838
8.036593247497342e-09
7.857889647392704e-09
0.0
0.0
0.0
0.0
0.0
1.3296782388938673e-06
4.137355462470325e-06
0.0
7.684919787793524e-05
9.8138490673287e-09
0.004005641876602933
3.709451758091574e-16
0.0001101935650944006
2.029911904114358e-05
1.67362388012046e-05
3.704518267099242e-05
1.6736238801204282e-05
0.0
0.0
-1.0159510146220661e-08
0.0014128452928392542
0.0
0.001476401523425406
0.00010202774896579581
2.0562728588471626e-19
-6.354854321554691e-05
-6.353940821951539e-05
0.0
2.440965817777936e-20
0.0
0.0
0.0
0.00044485143385968387
0.00044485143385968376
7.359716501380278e-16
0.0
0.0
9.813876212777574e-09
0.0
0.0
-2.405843961736649e-10
-7.471856923736957e-05
3.470301243193355e-21
-7.47114620843199e-05
-7.469347784715578e-05
1.3749534157438962e-14
8.94605840076571e-07
1.6846230513263064e-05
0.0
9.679541097868737e-09
2.5255633723028693e-10
2.0241346477012593e-08
2.0241346643880155e-08
8.94605840326022e-07
2.1455334978432674e-05
4.384575848924785e-05
2.1455330569551008e-05
1.6846230513420388e-05
1.6846230513575243e-05
2.145533497827919e-05
2.14554320082238e-05
1.0915913172040944e-10
2.3708377623200918e-08
5.299010083786831e-08
0.0
0.0
0.0
9.684220460314134e-09
2.571759915426202e-10
3.28369717022693e-08
3.283697143776394e-08
0.0
3.971547734361888e-09
0.0
2.3293227881838836e-08
8.509410540690214e-09
0.0
1.583314526789839e-05
2.1455334977491567e-05
8.946058401994574e-07
3.283697053524952e-08
3.282815323345755e-08
4.615388844377867e-06
0.0
0.0
0.00016729573918003622
0.0
3.283256159834485e-08
3.283696989564327e-08
0.0
6.284546924851288e-07
6.284591323750052e-07
6.624581831286346e-05
5.036427113855269e-07
12.681026051854312
-12.681026044337345
0.0
1.5948264481721e-06
-1.802656488586136e-06
-1.8026564885867324e-06
1.7418294327892308e-05
3.306270166430003e-05
0.0002947672517713244
12.437534018333968
-12.437534026972079
-6.253634353553462e-08
4.473029199973549e-07
-3.5581380750215885e-05
2.8708148757832206e-19
0.00014850407737891866
-0.00014849436906251242
2.809646803245358e-10
-3.55993951899336e-05
7.353697418962666e-16
0.0
1.741829432789546e-05
8.001378985305446e-05
9.519734933527806e-09
-8.000427011812415e-05
3.921190845021564e-10
8.352196066716767e-05
9.803511623795584e-05
1.0073801641845207e-08
3.263493588928359e-10
3.189301744891634e-10
0.0007465940095000737
9.746769679180857e-09
0.0
1.3806573967941005e-09
0.0
0.0
1.9489499125187956e-08
3.189301748590496e-10
8.310988095820387e-05
0.0009608481486498276
0.0010357770592097377
8.180963778084781e-06
-6.6202091500959384e-12
