0
0.0
0.0
0.0
0.0
1.882786494950943e-08
0.0
0.0
0.0
2.7987574345633146e-08
0.0
0.0
1.5409933192384855e-08
0.0
0.0
0.0
0.0
6.330251477422567e-09
7.3469501300577816e-09
0.0
9.517432365747269e-09
0.0
0.0
0.0
0.0
9.878649323449298e-09
0.0
0.0
0.0
9.69999536622e-09
0.0
0.0
0.0
0.0
0.0
0.0
4.604489732427674e-06
0.0
0.0
9.714587242507644e-09
2.4403139669469413e-10
0.0
0.0
0.0
0.0
0.0
0.0
0.0
0.0
0.0
0.0
0.0
0.0
0.0
0.0
0.0
0.0
0.0
0.0
0.0
0.0
0.0
0.0
3.816977177100897e-15
0.0
9.742882122051512e-09
0.0
0.0
0.0
0.0
0.0
0.0
0.0
7.880405727232202e-09
0.0
1.6121460607381092e-11
9.930343465927582e-09
0.0
0.0
0.0
0.0
0.0
1.01552709384084e-10
0.0
0.0
0.0006988477132327467
0.0
0.0
1.4897927664918576e-09
9.902859576462995e-09
0.0
0.0
9.428502146343748e-09
0.0
0.0
0.0
6.64381319085782e-09
0.0
3.448392694121953e-09
0.0
0.0
0.0
0.0
9.835621965480567e-09
0.0
0.0
9.480856685658766e-09
0.0
0.0
0.0
0.0
0.0
0.0
9.15701514980633e-09
0.0
3.0201705281443284e-24
0.0
0.0
0.0
0.0
0.0
0.0
1.0705689792824615e-09
0.0
1.147868236278631e-09
0.0
2.5504479709607515e-09
-7.434026185811204e-08
3.045381143942465e-08
0.0
9.664809564360574e-09
9.727932623052084e-09
0.0
6.367962315276005e-09
0.0
9.775893425436256e-09
0.0
9.350797669139922e-09
0.0002860649345494874
0.0
0.0
0.0
0.0
0.0
0.0
0.0
0.0
0.0
0.0
0.0
0.0
0.0
0.0
0.0
0.0
5.566286692762745e-09
0.0
0.0
0.0
0.0
0.0
0.0
6.4109901813047e-13
4.736841719199413e-09
-0.00016356124466072143
0.0
0.0
0.0
0.0
0.0
0.0
0.0
0.0
1.5131278033791477e-08
0.0
0.0
0.0
0.0
3.1681474847173153e-10
0.0
0.0
0.0
0.0
0.0
0.0
0.0002881145921728154
0.0
0.0006923088213735098
2.9134009116996546e-08
6.957625342780456e-08
0.0
1.93427281321324e-08
0.0
0.0
0.0
0.0
0.0
1.5755404850973527e-08
0.0
0.0
0.0
0.0
8.136494513391895e-10
1.9890357502143954e-08
0.0
0.0
3.808181611294147e-09
4.646544376775161e-10
3.99108390542652e-08
0.0
0.0
2.6808045598448582e-08
0.0
0.0
2.6490231836061295e-10
1.446363448696565e-08
0.0
0.0
0.0
0.0
0.0
0.0
0.0
0.0
0.0
0.0
0.0
0.0
0.0
2.5914233036795713e-19
9.166529127430938e-09
1.721329954416725e-09
0.0
1.6925118292011702e-10
0.0
0.0
9.795522017669344e-09
1.3487703504386868e-11
0.0
0.0
0.0
0.0
0.0
5.6989467007566645e-11
2.4009558125377556e-06
6.298927457642871e-12
0.0
0.0
0.0
0.0
4.451893313538584e-21
0.0
-0.0008410768515123075
0.0
0.0
0.0
3.764758430820703e-09
0.0
0.0
0.0
0.0
0.0
0.0
5.898023431709105e-07
0.0
9.709321094071268e-09
9.73319373844536e-09
0.0
0.0
0.0
0.0
0.0
0.0
0.0
0.0
0.0
0.0
0.0
6.202298244017035e-11
0.0
0.0
1.8077979116919655e-08
0.0
0.0
0.0
0.0
0.0
5.705303039072867e-12
2.847661491811246e-09
2.939925038052537e-16
0.0
0.0
0.0
1.355384765808885e-08
0.0
0.0
5.140879294103781e-09
9.218922934642195e-09
9.804900202589104e-09
0.0
0.0
0.0
0.0
1.1402891881857165e-08
0.0
9.955355493459646e-09
0.0
0.0
0.0
6.6438131962252355e-09
9.80646351233759e-09
0.0
0.0
0.0
0.0
1.7796927928872403e-09
9.109932871179785e-09
0.0
0.0
0.0
0.0
0.0
0.0
1.7477689286994377e-07
0.0
0.0
0.0
0.0
0.0
0.0
0.0
0.0
6.649092301900183e-12
0.0
0.0
0.0
3.997966511933417e-09
5.262763140415463e-08
0.0
0.0
-2.7987574370037793e-08
-1.8538915995371274e-08
6.492277383824194e-09
0.0
7.0884016283986955e-09
9.984917784555267e-09
9.986800126580059e-09
6.649418382029141e-10
9.986334930986288e-09
9.96224487279096e-09
0.0
-6.330251447658595e-09
9.962245103493341e-09
9.975868907299196e-09
9.98680335019209e-09
9.986337555752252e-09
-7.346950128838976e-09
8.119780296811878e-08
0.0
0.0
0.0
7.516301779908011e-08
1.240476526866472e-09
0.0
0.0
0.0
0.0
0.0
1.3211650629341245e-08
1.3422513367317843e-09
3.6997577687530316e-08
0.0
0.0
0.0
1.3103820784318613e-09
9.981663358647223e-09
8.531536732647874e-09
0.0
0.0
0.0
0.0
2.8166198777033752e-09
7.370348334197075e-09
0.0
1.773161799294783e-09
0.0
0.0
0.0
0.0
0.0
0.0
0.0
1.0756523764113243e-08
0.0
0.0
0.0
0.0
-2.145408393354841e-10
9.878649678402471e-09
9.986639815942003e-09
6.628019679043631e-10
9.985590008077666e-09
0.0
0.0
5.456438924503034e-10
5.156137556136531e-09
5.45822809346272e-10
0.0
2.50252828819321e-08
0.0
2.2474336534754982e-10
0.0
0.0
0.0
9.924917857071915e-09
9.631024233774886e-09
-9.878649374181095e-09
9.878649425327072e-09
1.0225635853043137e-17
1.9911853808859402e-08
1.9949561112097894e-08
1.9973446388828585e-08
1.9971930187774922e-08
-9.513127616385397e-09
-9.869849631295247e-09
5.45599042259157e-10
-9.926022670470047e-09
5.457781891223937e-10
-1.7102683082061802e-10
2.5025238466664845e-08
-9.10307659305709e-09
2.2470018664201453e-10
-2.743633755930225e-10
-9.578174677005169e-09
-2.7399880182194524e-10
0.0
0.0
5.455541669582816e-10
0.0
5.457335159006785e-10
0.0
2.5025194034316186e-08
0.0
2.2465644358407647e-10
0.0
0.0
1.9783191300398386e-08
8.872570890292657e-09
6.573610166534427e-10
6.391269927665111e-10
9.517432367492375e-09
-3.938354757176908e-10
0.0
0.0
8.759934234517887e-09
0.0
6.660357999388598e-10
4.653488920157071e-11
9.81630613754625e-09
5.081119377938359e-10
0.0
9.545032678867215e-09
0.0
-9.946966914984272e-09
0.0
0.0
1.0712989477819133e-07
9.13197884752758e-08
1.8986205873057215e-07
8.00267481450243e-08
1.1024734854151123e-07
0.0
0.0
5.698124369324221e-08
0.0
7.088401647722694e-09
2.8965161753740927e-09
1.909974230466344e-18
1.739566676991348e-08
2.5829473503823698e-08
0.0
5.721386822209918e-10
8.677610551454077e-09
1.1144958161207752e-08
1.3525264439976986e-08
0.0
-6.3193030200997535e-09
-6.956059147821495e-09
-1.39093842210515e-08
-2.9339901912520117e-08
-1.6938445822686906e-09
0.0
0.0
2.5325630264698158e-06
0.0
8.990035302997024e-09
0.0
0.0
0.0
5.959980740783911
9.714587288838055e-09
0.0
-4.0817013469329387e-10
1.9947172702925007e-08
9.964304815285319e-09
2.684732346318618e-08
0.0
2.989090613683095e-08
9.943733207845617e-09
0.0
0.0
0.0
-4.552574532278042e-06
0.0
2.6833439101750498e-08
0.0
9.890930628141116e-09
5.814500340025438e-10
9.956336630935426e-09
9.956336425752167e-09
9.943082068803834e-09
6.327112694613938e-10
9.943082299253082e-09
-1.982449042525449e-08
-1.3527186086548237e-08
0.0
0.0
1.6339020813898545e-08
3.820431036508949e-08
-9.387047677361648e-09
0.0
-8.108252149872323e-08
0.0
0.0
0.0
2.1522971157919223e-14
0.0002817460181318528
0.00028174601811040145
9.045736050490399e-09
6.43172815340578e-08
0.0
0.0
7.282195276592071e-08
0.0
8.125185085486061e-08
1.69756687495323e-07
0.0
0.0
9.476803100155187e-09
0.0
-4.602446711385931e-06
7.679500901716654e-09
-4.594767256611717e-06
5.95354688871687e-09
0.0
0.0
9.734742832153424e-08
9.976065903631484e-09
9.976063234884777e-09
0.0
5.742225955335158e-07
9.87211548066861e-09
0.0
3.581366949342622e-07
0.0
9.843759648073809e-08
0.0
4.824072014075753e-08
6.742489846085298e-10
0.0
0.0
9.957595819834518e-09
9.962943817876384e-09
0.0
0.0
0.0
0.0
-1.0079101784552002e-10
0.0
1.1337591657038988e-07
3.6424002100663536e-08
0.0
0.0
3.6490708800942925e-08
8.686188582571319e-09
0.0
0.0
5.6031452132866944e-08
0.0
0.0
3.531219505323012e-08
0.0
0.0
0.0
6.416998437079312e-10
6.339596817166206e-08
1.3907325500884682e-08
0.0
0.0
6.774719675932989e-08
0.0
2.976728692790083e-08
9.271745700844755e-09
0.0
1.8827842386816575e-08
-9.884010429453242e-09
0.0
1.0080572600344295e-10
0.0002819536087068174
1.7872297688422445e-10
1.787229522997495e-10
0.0
0.0
6.340942232440153e-09
9.958108336571066e-09
2.131910004088411e-08
-5.62426983423403e-08
0.0
5.625866887381802e-08
0.0
0.0
0.0
6.472236108734168e-07
-6.08274182081839e-07
0.0
5.337863419724406e-10
9.885276597287884e-09
0.0
1.0369477365817578e-08
0.0
0.0
0.0
0.0
9.884576299407617e-09
9.884580118050212e-09
2.5796578771123127e-07
2.579657863938237e-07
9.928128320759594e-09
9.928126828856747e-09
9.884583936081714e-09
9.884576296296732e-09
5.752048703352004e-10
0.0
9.647212546483671e-09
3.786546580577888e-08
3.786546573002965e-08
1.9815629373221326e-08
0.0
0.0
7.134789203975549e-10
0.0
3.8609218548993865e-08
0.0
3.860360137269057e-08
1.0424449858508694e-08
9.943082526560073e-09
-4.095830834927114e-10
3.785433371464579e-11
0.0
0.0
2.9746994852644967e-08
9.863360948535242e-09
6.742265521931012e-10
9.981684366533981e-09
1.687709844903507e-08
0.0
0.0
5.698124322220318e-08
0.0
0.0
0.0
2.6387220293451764e-14
1.4823170761592238e-17
7.244770801279289e-08
1.4838532116744003e-09
1.4332447791625977e-10
0.0
6.959046233876259e-09
0.0
3.920436996395311e-08
0.0
0.0
0.0
8.252283405963906e-08
0.0
9.018082330359785e-08
1.3055232191289594e-07
0.0
0.0
9.915529448564515e-09
2.506548220515353e-09
0.0
1.9309382104346108e-08
2.748941228419244e-08
3.7232294404255904e-08
2.7489412280304948e-08
2.748941228220352e-08
2.7489412283297387e-08
0.0
0.0
0.0
1.0842918310771665e-05
1.0824335430022364e-05
6.056306614188971e-10
0.0
0.0
0.0
1.7441899434623282e-08
-9.864457691660666e-09
0.0
0.0
0.0
0.0
9.966549312489517e-09
3.9187872082424384e-08
9.09367186858137e-09
9.093668047225788e-09
0.0
0.0
2.572417667375656e-08
0.0
1.1241304939377826e-08
0.0
0.0
0.0
9.936254485864993e-09
0.0
0.0
0.0
0.0
-2.9705876484797903e-08
0.0
1.924288543462631e-08
0.0
0.0
0.0
1.2227793749010384e-07
0.0
0.0
9.73879333474286e-06
0.0
0.0008663890326902162
-0.0008760739463760103
5.760164218642565e-10
0.0
2.5213100395128572e-08
-2.256118024047309e-06
0.0
0.0
0.0
5.175059044533726e-06
2.448184610243653e-10
0.0
0.0
2.4072957562130894e-08
0.0
0.0
0.0
0.0
9.514882277484672e-09
0.0
9.716431396615375e-09
4.106187257463694e-10
0.0
0.0
0.0
0.0
1.580539219651672e-09
0.0
0.0
0.0
0.0
0.0
-1.0155270895040314e-10
1.5409933188915782e-08
0.0
0.0
0.0
0.0
0.0
0.0
0.0
-6.28102984395694e-10
9.878649875116398e-09
0.0
0.0
0.0
0.0
2.7159170177224243e-05
6.098637220230962e-20
2.7149706653519795e-05
0.0
1.690497367744061e-08
5.08092022388328e-09
0.0
9.618275767762842e-10
1.0920382391216474e-09
0.0
0.0
0.0
9.791524461560963e-09
3.3918756360327414e-14
3.391334144498789e-14
3.709472817028331e-14
3.800413219092776e-14
2.974699312788144e-08
2.9099361103285075e-10
0.0
3.4848748917254456e-08
0.0
1.513127803190776e-08
0.0
0.0
1.7598969887276328e-10
9.970222350541653e-09
9.97022188919082e-09
3.2746402872744207e-17
0.0
1.0408429751878972e-08
1.8743267380758902e-08
0.0
0.0
4.138002509984657e-09
3.188183771700556e-08
0.0
0.0
0.0
0.0
0.0
4.137982977103771e-09
3.1881825726567175e-08
-7.780401643862466e-09
0.0
-1.5316216013470012e-12
-9.604274299051678e-09
-9.847093633207039e-09
0.0
-1.01552709384084e-10
0.0
9.974619101137695e-09
8.3633730834117e-09
1.775912760346873e-08
-0.0006988378969516767
-0.000698765229387277
0.0
1.0022654375892865e-06
0.0
9.925247923672207e-07
1.489792841066798e-09
1.4897927912761466e-09
0.0
0.0
1.3450922377604e-08
0.0
0.0
6.716851312552705e-09
6.716851315316363e-09
6.716851315911458e-09
1.661971089031595e-08
6.716851313850844e-09
0.0
0.0
0.0
4.754291446595005e-09
6.407848427217311e-13
1.861938710611123e-08
1.2659876930985507e-10
-9.19349436761586e-09
-6.679101716144942e-13
0.0
0.0005782498481413075
2.355082407482985e-06
-1.2723713006480017e-10
0.0
-0.0005806047788505576
6.4094197820727e-13
0.0005806240618346639
6.205337562369608e-10
0.00028170806975409235
0.0
9.854729852553656e-09
5.458714167208301e-10
0.0
0.0
9.567444292325408e-09
-1.4868119431318209e-08
3.872501991297739e-08
2.5829255302659018e-09
0.0
2.2705351952535235e-09
0.0
0.0
-9.096003549974736e-09
0.0
9.282508327096461e-09
1.8364649134738897e-08
0.0
0.0
-6.643813190879377e-09
9.88785734497683e-09
9.887857135631819e-09
9.887856926428412e-09
0.0
6.337474444325245e-08
0.0
0.0
0.0
2.2054562833265474e-16
0.0
0.0
0.0
0.0
2.8223035020147336e-09
0.0
0.0014002660604577621
1.0177998073520714e-06
0.0002804985711475691
7.120631569530497e-08
0.0
3.6563793594184906e-09
21.300014830132945
-21.300014790240237
9.968527218623207e-09
0.0
0.0
-3.9910839096194426e-08
-3.042714715355845e-08
0.0
1.0443863470680056e-08
-3.002532794225618e-09
1.997158322856837e-08
9.986132732498843e-09
0.0
0.0
0.0
0.0
4.364205235940876e-08
0.0
0.0
9.125565116266655e-08
9.864005580574467e-09
6.7435643516569e-10
0.0
3.3186486452161927e-09
-9.778186517055761e-09
0.0
-1.5409933190649566e-08
0.0
3.760726890738326e-08
0.0
3.398329600463087e-09
0.0
0.0
1.730708026340334e-08
0.0
0.0
0.0
9.97022662850943e-09
-5.270934435914129e-10
6.563455233854806e-10
0.0
1.0052988275920599e-08
1.9912633711931314e-08
6.350970620839435e-10
0.0
9.596882847686328e-09
5.998519568816212e-10
9.909652712814193e-09
6.914521385416979e-08
0.0
9.596886669030469e-09
-1.4108874382174874e-07
9.984616411440328e-09
1.9967201575871847e-08
6.715399736463517e-10
1.0372663559113776e-08
0.0
0.0
0.00011618411925275846
0.0
4.43171436713369e-09
5.5241657367790865e-12
0.0
0.0
6.422655521728761e-17
9.924917953808843e-09
0.0
0.0
-9.034450878381284e-09
0.0
0.0
7.566556138368163e-11
7.502296742468195e-11
7.566455197516887e-11
0.0
-4.981692142136396e-15
7.776757757107815e-09
0.0
0.0
6.315065571560476e-10
9.910257061263013e-09
0.0
0.0
1.8827864819045802e-08
0.0
0.0
-1.3921914836234617e-14
0.0
0.0
6.725484678044084e-10
1.9963861075900787e-08
9.980250218215216e-09
0.0
1.8710336709127567e-08
0.0
9.764796560121092e-10
0.0
3.7942091239546186e-11
0.0
0.0
9.807921680642386e-09
6.603885608712394e-10
-9.157015149776054e-09
0.0
9.157015148746062e-09
0.0
0.0
5.648490473193794e-18
2.145407433972931e-10
-9.265755074203087e-09
0.0
0.0
0.0
2.106214075111002e-07
0.0
9.748035610651491e-09
0.0
9.983148798032285e-09
0.0
-8.957042144010235e-08
9.173830098580272e-09
0.0
0.0
-1.0381983468017372e-08
6.541627014401237e-10
6.318002457784792e-10
0.0
0.0
1.9621753647808723e-08
1.9854280641087362e-08
9.912125297064983e-09
0.0
9.796515004733542e-09
0.0
0.0
-6.353245637416614e-10
0.0
0.0
0.0
0.0
1.0367991243844212e-08
0.0
1.4975427122738072e-08
0.0
9.873762605207471e-09
0.0
0.0
0.0
3.485045156428809e-08
0.0
1.5819454628139007e-10
0.0
0.0
9.826597391544136e-09
0.0
0.0
0.0
0.0
1.5034477546531054e-10
0.0
0.0
0.0
0.0
0.0
0.0
0.0
1.9823849853328745e-08
1.352654553817001e-08
0.0
0.0
-1.6339664073161675e-08
-2.3336834186393676e-08
-2.9338615452866035e-08
1.6951305369962682e-09
1.1257167804530613e-07
4.342646037037758e-08
0.0
0.0
0.0
0.0
0.0
0.0
0.00028494035702256474
0.0
3.585444870050674e-09
0.0
0.0
2.1255193893137115e-08
0.0
-1.070568860558202e-09
6.660544353855594e-10
0.0
0.0
-1.147868235710928e-09
0.00011618946034076909
0.0
9.960036698044263e-09
9.960040078121641e-09
0.0
0.0
0.0
0.0
2.4398944468598195e-08
0.0
0.0
1.8859475026977038e-10
1.5772299495359916e-08
0.0
5.778931502640972e-09
0.0
1.3530678479664998e-08
0.0
0.0
0.0
3.29532064848148e-10
0.0
8.772556386929227e-09
0.0
0.0
0.0
5.225505515334618e-08
0.0
0.0
0.0
0.0
0.0
0.0
0.0
-2.550447971194332e-09
0.0
1.2714766314467218e-09
2.4662572222389417e-06
1.0732248502690324e-06
0.0
7.656079326068266e-09
7.656079332486287e-09
7.656083152868254e-09
0.0
0.0
1.0180937473687377e-07
2.2661155289575102e-09
3.82192388299843e-09
6.660544412257608e-10
0.0
9.686886252722444e-09
0.0
0.0
2.932236417123144e-07
7.434026185799579e-08
3.105907891257064e-07
9.881882029407473e-09
9.881881944328626e-09
0.0
0.0
0.0
0.0
8.052756526139406e-09
0.0
0.0
0.0
0.0
1.0944098915363547e-09
0.0
0.0
0.0
-8.590208899761365e-08
1.4559095264651792e-08
0.0
0.0
0.0
0.0
0.0
0.0
0.0
7.552081621729014e-09
0.0
0.0
0.0
1.1995721895497044e-09
0.0
0.0
0.0
2.0533952377693727e-08
0.0
0.0
2.1283910969882956e-09
2.128391098257416e-09
2.1283910917256237e-09
0.0
2.1283910840330628e-09
1.8996621713619275e-08
0.0
0.0
0.0
9.925911307465178e-09
0.0
2.6682950389302214e-07
0.0
0.0
2.1943315379302568e-16
0.0
0.0
0.0
0.011187330481331668
0.0
2.925185327238571e-08
-0.0002860649345494872
0.0002861862919154803
0.0
0.0
1.979394987702318e-08
1.9789980758300185e-08
5.79032935469265e-10
1.978997693252723e-08
9.901505771488275e-09
9.901505761188232e-09
9.912794005182291e-09
9.912794000872588e-09
0.0
1.9793946057522257e-08
9.933578222140471e-09
2.4515138767384528e-09
0.0
7.656079321948298e-09
0.0
0.0002819693539343618
1.6520368701839e-08
0.0
4.0955363337761143e-10
1.7704710723682244e-05
1.7704710723682223e-05
0.0
1.987314169772787e-08
0.0
9.901829213878645e-09
-9.936179551638417e-09
0.0
1.9159713183974433e-08
0.0
1.2423468796087532e-08
0.0
9.620003975038468e-09
6.078814402368685e-08
0.0
0.0
0.0
6.394418034629514e-10
8.275909730599959e-10
0.0
1.309414879648925e-07
0.0
0.0
6.346984541266649e-10
0.0
6.581652669361529e-10
0.0
6.456959379520754e-10
1.9583267390444376e-08
9.953258661710152e-09
0.0
0.0
0.0
2.2808120839525154e-07
0.0001340739369173913
0.0
9.955930755973343e-09
9.955934136896974e-09
1.9875615065109628e-08
9.904452398877932e-09
5.630247798741257e-10
0.0
9.910903359356038e-09
9.596882842185866e-09
9.910903355994816e-09
9.910903352746706e-09
9.596882838561075e-09
2.925574091169388e-10
0.0
0.0
5.941351794584826e-08
9.872183417944601e-09
9.93464881228856e-09
0.0
9.64745307570016e-09
3.422242607733653e-10
5.950094625625041e-10
9.904725997711417e-09
0.0
0.0
4.3389134187605445e-08
5.156268348548658e-10
9.95996514911034e-09
6.493110046259826e-10
9.90634736043359e-09
5.966028822887518e-10
0.00028477800307419483
-2.432722513018293e-10
0.0
-6.410205160867774e-13
2.2504815505911425e-09
0.0
1.1143021319286414e-08
6.788637993434016e-08
3.442309200353453e-09
0.0
0.0
8.503535111081905e-08
-8.524226547707177e-09
0.0
0.0
0.0
0.0
-2.9132552194666584e-08
8.491598007403806e-08
7.032259836406083e-08
0.0
0.0
0.0
9.88105391301966e-09
0.0
6.287525247626468e-08
4.267570212746906e-09
9.833856665040324e-09
9.833856546236606e-09
5.253584244262953e-10
5.159368143137542e-08
0.0
0.0
0.0
5.765920475477388e-10
2.005295075768598e-08
3.3956601377672217e-10
0.0
0.00012578688600391687
3.7798048983968065e-05
0.00016357615932824593
0.0
7.447345892030415e-09
5.1593670142612224e-08
0.0
0.0
0.0
9.948736046246597e-09
9.647456896503132e-09
0.0
-1.959950022417667e-08
0.0
0.0
5.470183299105535e-07
0.0
1.975864304580893e-08
0.0
9.083164585277706e-09
0.0
0.0
0.0
0.0
-3.92298580945031e-06
4.011900484193691e-06
5.54004643065407e-10
1.3133132066807166e-07
5.758917102555509e-10
5.758919346549718e-10
2.2951708830308337e-06
0.0
0.0
-1.5131278033710463e-08
0.0
5.752639034219071e-10
0.0
3.653244375680432e-08
9.939745775065822e-09
2.579379084533532e-10
9.561629180641126e-09
0.0
0.0
1.6364344406512024e-07
2.3025193685538185e-09
1.1944859799306179e-05
0.0
-2.6822279937657858e-05
2.683172736960273e-05
0.0
0.0
1.1956730727668526e-05
0.0
9.876302688659292e-09
-1.1267769059274378e-08
5.476351653109816e-08
3.771516488598615e-08
0.0
0.0
0.09661668833272904
-0.09661751462952117
8.350871920465084e-07
0.0
0.0
0.0
0.0
0.0
2.6315690714873794e-08
0.0
6.742658388244599e-10
0.0001340415939919481
1.1083527290006762e-08
0.0
2.0197120511270095e-14
0.0
1.975785140901098e-08
3.093198718798901e-08
0.0
1.958327145710502e-08
0.0
3.229772597816643e-08
0.0
0.0
1.9738210851370942e-08
9.7148188723755e-10
1.3602256745486624e-07
1.3803676826596346e-07
3.994106230211431e-08
6.727139706784641e-10
0.0
0.0
9.983144703810433e-09
1.2621675197433866e-07
0.0
2.0151700929861084e-08
0.0
0.0
9.956896818829656e-09
0.0
0.0
0.0
0.0
0.0
0.0
0.0
0.0
4.774615864771184e-08
0.0
0.0
9.973360858228858e-09
8.037299453474871e-09
2.005295076210274e-08
9.904726006088572e-09
1.986239107781824e-08
-1.9681142281808052e-08
-0.0006922797247532651
-0.0006928445909125647
0.0
6.957625258507865e-08
-6.957625300816315e-08
9.374060963958852e-09
9.568303861365662e-09
1.9823209284133836e-08
1.352590498903284e-08
-2.2269369959413825e-09
0.0
-1.634030732944325e-08
-2.3337477437186476e-08
-2.9339258681988344e-08
0.0
1.9782550547339794e-08
1.759900107219241e-10
6.148565078662871e-10
6.148564765852737e-10
-4.4311053264134426e-09
2.82788094331305e-08
0.0
0.0
9.859746496679077e-09
5.2785294113877755e-12
0.0
0.0
0.0
0.0
0.0
0.0
0.0
1.056585211801044e-05
6.071603330467939e-08
2.7360291725483894e-05
-6.367641176608754e-09
0.0
9.812635101683158e-09
1.0842021724855044e-19
0.0
0.0
0.0
0.0
8.333618244135758e-09
0.0
1.9541281358350718e-08
9.924917986821618e-09
0.0
4.4404620401150007e-13
0.0
9.820630654107615e-09
2.9466199357337e-08
0.0
1.954128132641345e-08
9.631024203084378e-09
9.631024172492936e-09
1.7868686086330854e-08
0.0
0.0
2.94096850250768e-08
0.0
0.0
0.0
1.6855843364656047e-07
-6.3754077305672735e-09
0.0
0.0
0.0
3.849408568895249e-08
0.0
0.0
6.592337776779229e-10
9.97006435426618e-09
-0.0002881529596113157
0.0
2.831189276509543e-10
1.3493218051244804e-10
0.0
1.349371325735534e-10
1.349416259144422e-10
0.000281755804610484
-0.00026936215194959585
0.00026937153081014293
9.304481397053015e-09
0.0
0.0
1.9780187913921894e-08
0.0
1.195063352869342e-09
0.0
0.0
0.0
0.0
9.881414528935045e-09
0.0
0.0
1.3668065851108087e-08
4.1540396179297334e-09
9.884004079735737e-09
1.1776861543446738e-09
6.724054418758983e-10
8.070206952481031e-05
8.07012558754483e-05
0.0
9.781913513321307e-09
1.5284510840862442e-09
0.0
-1.0480444336578308e-08
0.0
2.8261474938062747e-08
9.98139055869568e-09
1.0690663099541904e-08
1.9495734297049054e-08
1.7926464331768618e-08
-1.7926462998058e-08
-1.7926461662320925e-08
1.7926460330453254e-08
2.2661154158844124e-09
0.0
2.7012880683165103e-10
2.7012810502203967e-10
4.15797165419598e-10
-9.881414238287548e-09
0.0
0.0
0.0
0.0
0.0
9.093675698911736e-09
0.0
0.0
0.0
-3.808181611292453e-09
0.0
2.0553622120710624e-08
0.0
0.0
0.0
1.59798258297688e-08
0.0
1.1360629374904349e-08
6.478378527787809e-10
9.958470201325443e-09
6.478378527827369e-10
9.958470201329468e-09
0.0
0.0
3.1277570692488735e-08
1.4220356667154088e-08
-9.877891277501605e-09
0.0
0.0
5.973596999993566e-10
0.0
6.998243055386586e-09
0.0
1.792646602927713e-08
0.0
0.0
-1.6956001736359583e-08
-1.736397640244464e-08
3.7715162984587706e-08
0.0
0.0
1.934272809005143e-08
0.0
0.0
0.0
9.447698383639035e-09
0.0
2.648497675314607e-10
0.0
0.0
0.0
0.0
3.1522263601203787e-08
5.223077188632629e-09
0.0
0.0
0.0
0.0
0.0
0.0
1.4174517443702234e-10
2.6977226411900394e-09
0.0
2.9168105226295267e-09
0.0
0.0
0.0
0.0
1.3438743675440844e-08
0.0
2.626807270307116e-09
0.0
8.119780936406219e-08
0.0
0.0
0.0
7.516302411853338e-08
1.2404810042926597e-09
0.0
8.1597528469831e-09
0.0
0.0
0.0
9.901487176238066e-09
0.0
9.84243786197015e-09
0.0
8.420770053310787e-09
9.090136934053853e-09
5.700504504222892e-09
0.0
1.2115987791726399e-09
0.0
0.0
1.6672619440925923e-08
2.7929184080809745e-09
0.0
0.0
0.0
3.674760795294635e-08
8.532424981023537e-09
0.0
0.0
6.919834878806241e-09
2.715433685819583e-08
0.0
2.1108845567571454e-08
8.957042118410358e-08
1.540993320038341e-08
0.0
0.0
8.595776235827489e-05
8.59779535059476e-05
-5.095440329597619e-09
9.856073784421783e-09
9.856073781310854e-09
5.4719234858427e-10
2.9685117381660086e-10
7.51427759048061e-08
0.0
9.876186655396392e-09
9.876186652180318e-09
5.669592331806574e-10
5.451943670990812e-09
-8.443224418230866e-18
1.2882574043662912e-08
9.986057849193795e-09
9.981087212578737e-09
9.981087197943814e-09
9.956581470439961e-09
9.956581462265483e-09
9.976695760954525e-09
9.976695750264558e-09
9.941646016800927e-09
0.0
9.941642189006838e-09
7.744531516813722e-06
0.0
7.727537434002047e-06
4.871483567879654e-10
7.13286487066795e-08
2.9725953920589632e-08
9.951184097916799e-09
9.951187477956946e-09
-3.9419931754436556e-08
9.933127969096876e-09
6.229266344270311e-10
9.933131917916305e-09
9.84159003326876e-09
9.84159003123496e-09
0.0
-9.470812370460102e-09
0.0
5.435111236073986e-09
4.253484094521434e-18
2.9486379908081545e-08
7.689200779924321e-09
0.0
0.0
0.0
0.0
2.990461495074694e-08
5.6385888885617446e-09
0.0
0.0
3.973166274386088e-08
0.0
0.00028225208688117297
0.0
0.0
1.2174526008687143e-08
0.0
9.786540583276811e-09
9.789034787542918e-09
0.003762828361461936
0.0037628184268131293
9.934648800824768e-09
9.715634596320355e-09
9.715614319915446e-09
9.79401746252186e-09
0.0
0.0
-2.168404344971009e-19
4.412445848063744e-08
0.0
0.0
8.191620281015233e-09
0.0
0.0
-1.7213298881056758e-09
5.231607945341886e-08
0.0
0.0
0.0
-9.166529120340384e-09
0.0
-1.6925118292646977e-10
1.2005566589241562e-08
0.0
0.0
3.815517892111129e-15
-9.470812397348316e-09
0.0004341710190257052
0.0004341710190257049
9.934058870865207e-09
0.0
0.0
0.0
0.0
0.0
0.0
1.554926908477959e-08
4.988533833080819e-08
3.008835957837674e-08
0.0
0.0
0.0
2.784810227592408e-08
0.0
0.0
0.0
7.79052271582259e-08
1.2797068923707652e-08
4.844592129153377e-08
0.0
0.0
-4.876886765747344e-10
0.0
1.7151757475366489e-06
1.724856456568843e-06
0.0
9.601251169122172e-09
6.21871016820032e-10
3.941993175779946e-08
0.0
0.0
0.0
0.0
0.0
0.0
0.0
-2.8134855556416483e-12
0.0
0.0
0.0
0.0
-2.4240622048919987e-07
0.0
7.92653275740282e-09
0.0
0.0
0.0
9.878649527086168e-09
3.821923880381349e-09
3.821923878668653e-09
0.0
0.0
1.3121175881924962e-09
0.0
1.8827864906642866e-08
3.643510659091319e-16
9.973171803509103e-09
9.97317188208835e-09
0.0
-5.6989443817257596e-11
0.0
0.0
0.0
0.0
0.0013879202017526174
8.14415268738944e-08
0.0
0.0
7.616872860631753e-08
0.0
0.0
0.0
0.0
7.617771268524302e-08
0.0
0.0005481306214748452
0.0
0.0
1.802430477609028e-06
2.9929430586121274e-05
0.0
4.99295478986056e-07
-5.116926461885829e-08
0.0
-2.0343971752424437e-08
-1.0340650902457067e-08
9.039207492334369e-09
-5.640672896120251e-10
-5.1102465618499404e-09
-2.4106592012605255e-06
-2.270844934702291e-06
0.0
0.0
0.0
-6.298927471195398e-12
0.0
0.0
0.0
1.146599977580379e-08
7.802377488902792e-09
1.984430967895664e-08
0.0
9.966692134333278e-09
0.0
0.0
0.0
0.0
-3.0332969663348854e-08
6.339721405779295e-10
0.0
6.958266525014802e-08
0.0
0.0
2.985470569332449e-08
6.581234167472964e-10
2.4741880452850173e-08
0.0
1.7028885914240337e-05
1.7028885914240347e-05
6.271037457649611e-10
9.93737738576089e-09
0.0
0.0
9.982261474746582e-09
0.0
9.983462882854559e-09
0.0
9.983608498683783e-09
9.94215530790455e-09
0.0
5.982935071792771e-08
0.0
9.967124578847366e-09
2.610126167916031e-08
9.974619539331903e-09
0.0
9.964903936403009e-09
0.0
9.985447837739202e-09
4.0309780449041855e-08
9.98531607148654e-09
1.314158563460957e-07
9.984619054563122e-09
0.0
9.98535543443043e-09
0.0
0.0
0.0
0.0
0.0
4.7368418125268055e-09
0.0
0.0
0.0
0.0
0.0
0.0
0.0
0.0
0.0
0.0
0.0
0.0
0.0
0.0
0.0
6.95791796392413e-08
0.0
0.0
0.0
0.0
0.0
0.0
0.0
0.0
0.0
0.0
0.0
0.0
0.0008410768515123073
0.0008410264503462804
0.0
1.5934003803852845e-08
-9.864459206074261e-09
4.823387138333155e-09
1.871170178952334e-09
-3.764758222782506e-09
2.7166936950924816e-10
3.523462223050572e-09
0.0
0.0
0.0
-9.945732027771652e-09
1.1815616577099053e-10
7.807069376129946e-11
1.7926465342701216e-08
9.954286636826186e-09
0.0
0.0
9.977652886374018e-09
0.0
2.9466199352197495e-08
1.5596887436597576e-10
1.0059890865497258e-08
0.0
0.0
0.0
0.0
1.0727627154251276e-08
0.0
5.991149125988808e-10
3.8488117389712994e-10
3.848811729528301e-10
9.556975110597277e-09
0.0
1.743765701612168e-18
1.978062785114999e-08
1.9781268870999678e-08
1.4435135020787782e-08
3.4276465316173525e-08
6.74746039118547e-08
0.0
0.0
0.0
1.3122641044480426e-07
0.0
5.133453572169419e-09
1.0369476755880067e-08
5.531356259010814e-10
1.977934560212573e-08
1.977870442104506e-08
0.0
0.0
0.0
0.0
0.0
0.0
0.0
0.0
3.997959930415558e-09
0.0
5.4918422469746815e-08
0.0
0.0
0.0
4.976168850181938e-09
6.396794349312135e-09
0.0
2.077604024214376e-10
3.5813670240590904e-07
0.0
0.0
5.788145325242615e-09
0.0
0.0
0.0
0.0
0.0
0.0
0.0
1.6891576101377391e-09
4.259048485426201e-09
2.0886679228960603e-08
9.916581383600543e-09
6.066615821184917e-10
-9.945736176146004e-09
0.0
0.0
2.446659683150353e-06
9.647460718374178e-09
1.0829008850141156e-06
0.0002861384292311108
0.0
0.0
0.0
2.1985408923477266e-08
0.0
0.0
0.0
4.956500152043809e-10
0.0
2.5771722819550947e-06
-0.0002847780030818272
0.0001340739369212103
3.958704977082216e-15
-0.000284776713574679
2.1960392454574878e-07
0.0
2.0530655844154563e-08
0.0
0.0
0.0
0.0
0.0
2.588691311277835e-10
0.0
1.024810174757653e-09
2.053066286729161e-08
9.772828780519803e-10
0.0
3.173203908671086e-08
0.0
6.875956431374748e-09
0.0
5.635754268030451e-10
0.0
2.4058911249478604e-10
0.0
0.0
2.1555458686008987e-08
0.0
2.2397757759160097e-08
0.0
0.0
0.0
0.0
0.0
8.062939489683618e-09
0.0
4.4107011376581795e-09
4.410700530613383e-09
9.934060163377223e-09
0.0
-5.801504812869864e-07
0.0
8.119779659134496e-08
0.0
0.0
0.0
7.516301155666732e-08
1.2404721530868755e-09
0.0
0.0
0.0
0.0
0.0
1.3211644047943253e-08
1.342247122582604e-09
3.699757321883308e-08
0.0
0.0
0.0
0.0
7.370341689154879e-09
0.0
1.773157108991465e-09
0.0
3.152226070358598e-08
5.223072526660234e-09
0.0
0.0
0.0
0.0
0.0
0.0
1.4173835652408504e-10
2.697716319532499e-09
0.0
2.9168065621356633e-09
0.0
0.0
0.0
0.0
1.3438737672980299e-08
0.0
2.6268036522026e-09
0.0
-5.835794356935565e-08
0.0
0.0
0.0
0.0
9.606002460847455e-09
3.0092623796799894e-10
9.878649672242822e-09
-2.858364667714631e-07
0.0
0.0
0.0
5.959099395042038
-4.264494640403406e-10
4.2644946353351564e-10
0.0
-9.709321093871921e-09
0.0
0.0
0.0
3.8030538847766416e-07
0.0008813651843853455
8.37391863392568e-09
2.0465499517285934e-08
-5.015843806265893e-07
5.1704137860042465e-08
2.106214036733632e-07
0.0
0.0
0.0
8.686595294391883e-09
0.0
9.910257030926764e-09
9.910256999325702e-09
9.910256967832746e-09
0.0
9.585278447090597e-09
2.8116112635096884e-10
-9.936840606657193e-09
0.0
0.0
0.0
0.0
0.0
0.0
-4.756884685149396e-10
5.839379920635289e-08
9.863360532394091e-09
9.863360116504905e-09
0.0
0.0
2.7972524177825517e-08
0.0
5.866139443714678e-10
-9.663565236905924e-08
9.888471140273929e-09
5.790329151738254e-10
-9.92062092371182e-09
0.0
0.0
0.0
0.0
0.0
0.0
3.042961234864595e-08
0.0
5.389113331229574e-10
0.0
9.847647970913443e-09
0.0
0.0
0.0
0.0
0.0
0.0
3.0429606354944884e-08
5.959099395042036
4.5525745284615146e-06
9.875449250751777e-09
0.0
-3.6195626260115965e-08
2.582947332845925e-08
0.0
5.20184223519059e-08
0.0
-4.9942628338246644e-09
0.0
-1.1349963932019615e-07
1.4168670100042245e-07
2.440731933995001e-08
1.6110263109761412e-08
-8.398198522683622e-09
0.0
0.0
0.0
2.9279701937924572e-09
0.0
0.0
0.0
6.231143854525852e-09
0.0
7.821475825272066e-10
7.82147504511667e-10
4.320643308180041e-05
1.6465560678687269e-07
9.878649657217312e-09
9.670773498465183e-09
3.6513049184672727e-10
9.892377659326345e-09
0.0
0.0
0.0
-6.202297661193294e-11
0.0
0.0
0.0
0.0
9.898598049057679e-09
9.898597822649829e-09
0.0
0.0
0.0
9.356872901537703e-08
9.91552945009723e-09
3.875919138039089e-08
1.0370752397225722e-08
7.070459432282597e-05
7.070459432282589e-05
0.0
1.882786468858909e-08
0.0
-8.679954222332886e-09
9.896340710834669e-09
9.896340714797577e-09
9.896340703082623e-09
9.896340706880706e-09
9.896344534287818e-09
0.0
6.706365395012173e-09
0.0
1.3951198785763506e-07
0.0
0.0
1.851294788558341e-08
0.0
0.0
0.0
0.0
0.0
8.951128126823234e-05
-4.454027762616449e-05
0.0
0.0
0.0
1.247955517472438e-10
0.0
1.2480012552108963e-10
1.2480467172623078e-10
0.0
2.5213101274284162e-08
0.0
3.569557881973279e-16
5.952334082848223e-10
9.904950025803274e-09
5.952296543686234e-10
0.0
0.0
9.778186691009223e-09
0.0
0.0
0.0
0.0
0.0
2.8476516763934402e-09
2.847651674602296e-09
2.847651675300405e-09
7.437948864769602e-11
-4.0558563157430194e-10
-9.743659762073584e-09
9.874425179347119e-08
0.0
0.0
0.0
0.0
5.339284376856711e-10
9.418844371111845e-09
1.271480555688383e-09
2.5213102250761654e-08
2.5213101993745037e-08
7.437999814046555e-11
0.0
0.0
-9.914933775043155e-09
0.0
0.0
0.0
0.0
-2.847661491811246e-09
0.0
0.0
-2.1864292060885804e-16
0.0
0.0
1.1374794206128275e-09
2.5213101736989072e-08
0.0
0.0
0.0
0.0
1.754393541759209e-10
0.0
0.0
0.0
2.6213712592610786e-08
0.0
0.0
7.438145251070038e-11
7.43806511309258e-11
0.0
0.0
0.0
-4.194939202396182e-09
0.00028190753622819306
0.0
0.0
-0.0011633389101319835
6.158292917947337e-10
0.0
9.925907485641317e-09
9.686886104167224e-09
9.686885956106074e-09
0.0
2.4892385254034027e-09
5.455091904452494e-10
-1.981562936987139e-08
4.3682040319782045e-05
0.0
0.0
0.0
-9.218922514264705e-09
0.0
0.0
0.0
-4.96903889058087e-10
0.0
0.0
0.0
0.0
0.0
0.0
0.0
0.0
9.534376777146023e-09
4.4877198568622975e-10
3.422392727530036e-10
0.0
0.0
0.011187330481328386
0.0
0.0009776119982800352
-0.0009775920863646906
9.94701136261318e-09
9.82534063163737e-09
9.825686860930744e-09
2.256118024246149e-06
0.0
1.7928384038617678e-08
6.052589566370688e-09
9.875448806932275e-09
0.0
0.0
0.0
3.763690170179158e-08
2.65566733029755e-08
2.974350528840625e-08
9.189226991991985e-09
1.1402891860378336e-08
-1.1402891871120885e-08
0.0
4.476508905184445e-05
4.479451362098246e-05
0.0
0.0
8.969658344687727e-09
1.988670704332368e-08
9.955355491364504e-09
-6.447764403884128e-10
0.0
1.1402891839021724e-08
0.0
9.824994166637971e-09
0.0
0.0
0.00011990212397998664
0.0
2.5706606629786155e-08
3.0327292719658453e-08
0.0
8.893891263499107e-10
0.0
0.0
1.9646404565526665e-08
6.359492528238308e-10
0.0
0.0
0.0
0.0
0.0
9.43204308757447e-09
9.43204288283983e-09
1.5346757820111634e-07
0.0
-6.643813196249566e-09
0.0
9.61008934921183e-09
0.0
0.0
0.0
0.0
9.699995266862146e-09
0.0
9.699995366908439e-09
0.0
0.0
0.0
0.0
-1.0889624692480589e-08
-1.7796923257436205e-09
3.3037235592023724e-13
0.0
0.0
9.958618492105584e-09
9.982867446114164e-09
6.718218074097206e-10
0.0
0.0
-7.541065562581203e-09
6.39673576745978e-09
0.0
6.369273706992859e-09
0.0
0.0
6.396743735219641e-09
7.002364843604583e-09
6.870334730361265e-10
0.0
0.0
9.958618091081804e-09
-5.949611653333336e-08
0.0
9.971162448917725e-09
6.603150217986217e-10
0.0
0.0
6.654670592544572e-10
9.971312267558573e-09
6.604623051239759e-10
-7.377194357251196e-10
9.976403179392018e-09
4.9895597655634656e-08
2.6628052763352493e-07
6.39678547232822e-09
0.0
0.0
0.0
1.7986377586531224e-08
0.0
0.0
-2.7478961092675114e-08
9.968986651855225e-09
0.0
0.0
0.0
0.0
0.0
0.0
9.87864971833109e-09
1.0939754687738957e-06
-1.268752363614567e-06
-1.6518545500842484e-07
0.0
9.32765205817422e-09
9.327652199540631e-09
2.480376565810549e-07
0.0
0.0
0.0
9.692973953131525e-08
9.9422889219621e-09
0.0
5.6257595318964616e-08
0.0
0.0
1.9191416751238553e-08
3.4379900572872307e-10
4.779245723631441e-08
0.0
2.884365811189166e-08
2.4803765474523187e-07
0.0
9.968899196523349e-09
1.9237755811680348e-08
9.98225857529178e-09
0.0
3.016011687867543e-08
1.9963643169568685e-08
6.703597310967129e-10
2.5850753867738217e-10
2.7360234081628032e-05
9.562209402146829e-09
1.9749978594336762e-08
9.893904806806075e-09
9.893904803835556e-09
0.0
1.946281009925173e-08
9.562209393656346e-09
0.0
4.401975956141031e-08
4.3949161536299334e-08
0.0
-6.6489036498751375e-12
