0
0.0
0.0
0.0
0.0
1.8849418484496516e-08
2.478255093470845e-07
0.0
0.0
7.948482833664285e-09
1.8841881804636635e-05
0.0
0.0
0.0
0.0
0.0
0.0
9.816214930859017e-09
9.843013613713598e-09
0.0
8.164725893187202e-09
0.0
0.0
0.0
0.0
1.3945122409294457e-07
0.0
0.0
4.415924590313996e-08
1.4762002471076697e-09
4.88502556748937e-09
0.0
0.0
0.0
0.0
0.0
1.7634784691823035e-05
0.0
0.0
1.7667335716989646e-08
0.0
0.0
0.0
0.0
0.0
0.0
1.0719880910888928e-09
0.0
0.0
0.0
0.0
1.1077799802975708e-18
0.0
1.2594112116831873e-07
9.774300393008145e-09
3.0740294235107094e-08
7.182933261054591e-07
0.0
9.245866654323271e-09
7.844266972865703e-09
0.0
0.0
2.6830553128073915e-09
0.0
9.58599292953244e-09
0.0
0.0
7.729922140849584e-09
2.6929003772774166e-09
2.2899968973305953e-17
3.856446148837219e-08
0.0
4.312841179163609e-09
2.4783270654726027e-09
1.0155215031523376e-10
7.82989629263577e-14
9.922346495945479e-09
8.918883568440875e-19
0.0
1.917100282782729e-08
0.0
0.0
1.0155215126391066e-10
8.186007487851076e-21
0.0
3.3968663949261046e-05
4.89913665191466e-13
0.0
2.6232155462296816e-10
5.180334697928071e-09
0.0
0.0
8.016354857211101e-09
9.6913606376326e-09
0.0
1.0782081013852032e-09
0.0
0.0
7.900287140984821e-09
6.959426385925818e-08
0.0
0.0
0.0
9.81557920985735e-09
0.0
0.0
9.49674548095197e-09
0.0
0.0
3.108966420657734e-08
0.0
0.0
9.569323569050066e-09
0.0
0.0
9.608558439410712e-20
0.0
0.0
0.0
0.0
0.0
5.369499418932871e-10
5.482779388155326e-08
0.0
0.0
0.0
4.7592545501134245e-09
1.1825776645320625e-08
9.815394719225878e-09
7.723272394599055e-09
9.711025914640386e-09
0.0
7.83409807286176e-09
0.0
8.373016769784492e-09
0.0
0.0
9.83142546765308e-09
1.326091437988849e-06
0.0
0.0
0.0
0.0
0.0
4.805855797150267e-22
0.0
0.0
0.0
0.0
0.0
0.0
0.0
3.0303381202340404e-08
0.0
6.648479373340301e-09
7.505344212526207e-09
0.0
2.554999799831872e-09
2.858864775867124e-09
7.203482166734259e-09
0.0
0.0
5.525179117208612e-17
9.911029526313222e-09
-9.476183664170073e-05
6.846046229095459e-05
0.0
3.0318210163239926e-08
0.0
0.0
0.0
1.9418901054007234e-07
0.0
0.0
0.0
6.352382867529775e-08
0.0
0.0
1.6783726161979684e-07
0.0
0.0
0.0
0.0
0.0
0.0
0.00010527027179166792
0.0
1.972836192418103e-05
1.9486438929160495e-08
0.0
8.071011329756769e-09
0.0
1.0624602370538773e-08
0.0
1.0805335943904388e-18
0.0
0.0
7.443777304843478e-09
0.0
0.0
0.0
0.0
0.0
1.9804677095878668e-08
0.0
2.371168377839515e-09
3.8081606582807885e-09
1.0285500717171743e-08
2.663532499307259e-08
9.801087742717047e-09
0.0
4.95812877500095e-08
1.1816457214650494e-08
0.0
0.0
2.4850651206284415e-08
0.0
9.812299943383727e-09
0.0
0.0
0.0
0.0
0.0
0.0
0.0
0.0
0.0
0.0
0.0
0.0
3.4807326745900512e-09
9.600315556018591e-09
0.0
1.6925025386727542e-10
9.608582538675994e-20
0.0
8.865779316229726e-09
1.3487629849789906e-11
9.390341141734916e-09
3.0191919927688438e-12
4.6764197847144945e-09
0.0
0.0
7.620184168208666e-11
9.311191856051478e-07
6.298893438682127e-12
0.0
0.0
0.0
0.0
8.31884434228592e-19
0.0
-5.460089088374365e-05
0.0
0.0
9.864735137385231e-09
9.54958275644878e-09
0.0
2.2194516437395022e-11
0.0
0.0
0.0
0.0
5.424379346623889e-07
0.0
9.815998223322077e-09
0.0
0.0
8.533086702672672e-09
0.0
0.0
0.0
0.0
0.0
6.211181555335565e-09
0.0
0.0
8.373316259516279e-07
3.219612445651772e-11
0.0
5.515532191743762e-19
0.0
0.0
0.0
-9.890914562968138e-09
0.0
0.0
1.411794749108851e-10
9.890914962062958e-09
4.45064412411412e-16
8.629292063460861e-09
6.31057851373934e-11
0.0
8.414855748558142e-06
0.0
0.0
9.446062275158318e-09
7.625190863900018e-09
9.593686578014481e-09
8.629292063456113e-09
0.0
0.0
0.0
1.839980822671234e-08
0.0
9.603226404365023e-09
0.0
0.0
5.311205197768933e-10
0.0
9.93858871074019e-09
0.0
9.608635234855546e-20
2.7711166694643907e-13
0.0
2.48017711430014e-08
4.660184647473726e-09
0.0
0.0
0.0
0.0
0.0
0.0
1.755052260504092e-08
1.5695873806396498e-08
0.0
0.0
0.0
0.0
0.0
0.0
0.0
6.648831875691319e-12
0.0
0.0
0.0
7.15391823308594e-09
0.0
0.0
0.0
-7.948482843699728e-09
-7.948482853891228e-09
-1.884188180462966e-05
-1.8841881804620986e-05
0.0
9.985702907545226e-09
9.973258942113337e-09
9.254690759879423e-10
9.709644901284974e-10
9.90509030351916e-09
0.0
-8.194326791404513e-10
9.90509083985014e-09
9.92568420013361e-09
9.973262076436492e-09
9.972635566774622e-09
-9.843013613918851e-09
0.0
7.0241180183195774e-09
0.0
4.633791733639526e-09
2.9880429921951875e-09
0.0
6.312026775150134e-08
0.0
4.400246436061416e-09
0.0
1.4227259548834054e-09
0.0
0.0
2.6491413473263924e-09
3.6208700977879025e-10
0.0
0.0
0.0
4.0301818914190746e-10
0.0
0.0
0.0
0.0
0.0
0.0
0.0
0.0
0.0
0.0
1.0032522595015459e-09
0.0
0.0
0.0
0.0
0.0
0.0
4.356585073297792e-08
0.0
0.0
0.0
-8.164725902315428e-09
1.394512249404086e-07
9.634719542098625e-10
9.140567408711136e-10
9.660586976183153e-10
0.0
0.0
0.0
4.2786013374405336e-10
0.0
2.7140927162568652e-09
4.425865652181839e-09
0.0
2.8488417651324377e-08
1.268454976038703e-09
1.2684683256071145e-09
1.2684644492503187e-09
9.85892716808374e-09
9.916211538729879e-09
-1.2999009247982122e-07
1.3945122436058292e-07
1.7926583603097954e-16
1.9828876990521945e-08
1.9839589538422415e-08
1.9938166679357666e-08
1.9940209010675288e-08
0.0
-9.670614250199567e-09
0.0
-9.95137417782177e-09
0.0
0.0
4.425860902024794e-09
-4.244004786491118e-09
2.8488413070482107e-08
0.0
0.0
1.2684661193023984e-09
0.0
0.0
0.0
0.0
0.0
2.7140729237087363e-09
4.42585630030319e-09
0.0
2.8488408432686503e-08
1.2684643159896648e-09
1.2684677237969807e-09
1.9733786446814047e-08
0.0
9.008947945666348e-10
9.923785629188664e-09
8.164725911480788e-09
0.0
0.0
0.0
0.0
2.8277442394914004e-09
9.92153942761865e-09
-3.5596241598474885e-08
-4.885025507132964e-09
0.0
0.0
9.528839633576175e-09
0.0
-7.601953963646017e-09
0.0
3.239870154350992e-05
1.0316644864487665e-07
0.0
7.278172005798801e-08
0.0
0.0
0.0
0.0
0.0
0.0
0.0
1.879443264972997e-08
0.0
0.0
5.4257805458776784e-08
0.0
-3.4836176800996036e-08
9.030527816052055e-09
0.0
0.0
-8.614318702804269e-09
-1.0302958535518439e-08
-1.093043167088581e-08
-1.089112677723613e-08
-1.0462540263789146e-08
1.9090435898760916e-08
6.020923425757214e-11
9.030527221842721e-09
-1.4757120721979947e-06
9.516298271746923e-09
5.292247634648761e-10
1.500574954011346e-16
0.0
0.0
6.137126199877845e-07
1.7667335713057458e-08
0.0
-8.513597392046655e-09
1.0910797003964307e-08
9.728349417629927e-10
2.5768125214341915e-08
0.0
2.0717458198655166e-08
9.806660820246656e-09
0.0
0.0
0.0
-1.5892660283671875e-05
1.2971691074689949e-08
2.5743096208575717e-08
0.0
9.884775055194257e-09
8.858362483335639e-10
9.894746400147708e-09
9.894746065752192e-09
9.80332495359773e-09
9.80332445776888e-09
9.803325448696466e-09
0.0
1.1705397207073531e-09
8.614323297568373e-09
1.291353596681391e-09
1.0930441036115755e-08
1.8945970538513723e-09
1.0190882392077392e-08
-1.8625393904318863e-11
-2.839453303038475e-08
0.0
1.0719874971578039e-09
0.0
4.214368871458073e-14
2.618913623580965e-07
2.6189132044940333e-07
6.766892906091456e-10
0.0
1.0512949325070116e-08
3.241862958235627e-05
1.1787095202510977e-07
0.0
0.0
5.5626477490637715e-08
1.017362152256613e-14
0.0
9.535965983474277e-09
0.0
-1.762535820792111e-05
0.0
-1.762506753876156e-05
1.3185218179681628e-07
0.0
0.0
0.0
9.929044919154001e-09
9.929041844956339e-09
2.348587862163174e-05
1.7937033091134372e-07
8.442124032135406e-10
0.0
0.0
0.0
0.0
0.01207843370850183
-0.012078393834462268
9.97117095766155e-09
0.0
0.0
9.920242257753998e-09
9.92026244074159e-09
0.0
0.0
0.0
-9.81536035047102e-09
0.0
0.0
1.018365595297528e-07
4.748421120666822e-08
0.0
0.0
3.514216334882563e-08
0.0
0.0
2.6187996003982506e-09
5.2298643510147145e-08
0.0
0.0
2.9587371812840154e-08
0.0
1.5695873420121145e-08
0.0
1.1934963327617135e-09
0.0
1.0039262941603351e-08
0.0
1.1974000929863249e-08
0.0
0.0
5.548457291526518e-08
0.0
1.1077458838094264e-18
1.8849374526689936e-08
-1.8939240467779947e-09
0.0
1.2481113781381836e-09
4.0504763244608866e-08
-1.2594112129560298e-07
-1.1649000983656928e-07
0.0
0.0
0.0
8.029785852296106e-09
2.049998863365901e-08
0.0
4.904565941571366e-09
-6.605663530078777e-07
1.1343591891077646e-09
0.0
0.0
1.0970506335122479e-10
-7.876750039766943e-07
8.869520999534564e-08
-7.182933258792348e-07
4.897560647078764e-10
0.0
1.0555465133756478e-08
4.930855725061451e-07
1.1731697458035659e-06
8.793145220495385e-09
0.0
0.0
-2.6795664125447564e-10
2.3792262249347622e-07
2.3792262063534216e-07
0.0
-7.844266342819234e-09
-9.2458685464758e-09
0.0
-2.6795573536820626e-10
9.828392878663113e-09
0.0
8.810444510343116e-09
8.810444632382905e-09
0.0
0.0
0.0
3.991044077673735e-09
2.4350031982094008e-08
2.9204677375621937e-08
1.6007015152685038e-08
0.0
1.051028130617355e-08
9.803325973655887e-09
-2.914226522017269e-10
7.309795174224844e-12
0.0
0.0
2.9336249132446133e-08
9.895485804346425e-09
9.632725024693092e-10
9.956741383796135e-09
1.5848350368264316e-08
0.0
0.0
0.0
0.0
0.0
0.0
1.3871565177675249e-15
0.0
8.431046371488883e-10
1.9868043110390763e-08
6.456653955350857e-11
2.179630686017385e-08
7.915523409173591e-10
1.3679332791544589e-09
6.532548188669893e-08
0.0
0.0
3.241856501058944e-05
9.607464470959649e-08
0.0
0.0
0.0
-2.482822974991805e-16
0.0
-2.6830552954825725e-09
0.0
1.9249758239186255e-08
0.0
3.8010462576187727e-10
0.0
3.8010471832023693e-10
3.801045297037788e-10
3.801047203726005e-10
8.306400563430272e-16
8.307585296858714e-16
0.0
2.6417395484260647e-07
2.677447107306959e-07
0.0
-2.5353018317229338e-08
0.0
1.552592590964912e-08
1.9674260959973155e-08
-8.551231514329623e-10
0.0
0.0
0.0
0.0
9.882655464810153e-09
3.8832762370997425e-08
0.0
0.0
-7.72992214334578e-09
0.0
0.0
0.0
0.0
0.0
0.0
5.314594318207217e-09
-2.692900323737757e-09
2.2903399897239707e-17
-2.2901679781167747e-17
1.4761393180178174e-10
0.0
-3.8832759230444935e-08
1.7697694984430085e-08
0.0
0.0
0.0
2.7677108787936585e-05
-2.762947505319973e-05
0.0
0.0
0.0
7.228109181637767e-08
0.0
-8.065908862576404e-08
-3.856446106887106e-08
2.2408884164732325e-17
0.0
0.0
0.0
0.0
0.0
8.075588936182391e-05
0.0
-7.788476447502352e-10
0.0
6.393814232847872e-10
0.0
0.0
0.0
0.0
9.910176681266555e-09
0.0
9.270183153006453e-09
9.270184373930644e-09
0.0
0.0
0.0
0.0
-4.312841367240874e-09
0.0
0.0
0.0
0.0
5.288117028520779e-09
0.0
0.0
0.0
0.0
0.0
0.0
0.0
0.0
0.0
-9.922382821034737e-09
1.3945122510628497e-07
-2.481651167135865e-07
0.0
0.0
0.0
4.40157597266556e-09
-8.919256934587783e-19
0.0
0.0
0.0
0.0
0.0
9.861579724787496e-10
0.0
0.0
0.0
0.0
2.249668337349417e-09
9.288591717174282e-14
9.2937548424893e-14
9.434134000566669e-14
9.388427308034921e-14
2.9336249025545242e-08
5.749525451301165e-10
0.0
1.0452325678634804e-08
-9.998981222182537e-09
0.0
9.600904648407636e-09
0.0
3.8593882697292394e-11
9.919779764666092e-09
9.19748395442394e-10
6.996395667749671e-17
0.0
0.0
1.8461582657202157e-10
5.384398246686176e-10
0.0
0.0
0.0
0.0
0.0
1.1246954336202974e-09
0.0
0.0
-8.637049784035976e-09
-9.869584984754888e-09
-7.43678232507255e-09
-6.663541906410872e-09
1.101819080417954e-09
-9.877835626813554e-09
-3.6369159882523303e-10
0.0
-1.0155215126391066e-10
4.093915196894078e-08
9.024566056597809e-10
2.6057861224244753e-08
2.605786122425292e-08
-3.395892910689841e-05
-3.397216748804647e-05
0.0
0.0
0.0
0.0
2.6232411856454244e-10
2.6232240944169963e-10
0.0
0.0
8.265990421533632e-10
0.0
1.8725380632942715e-09
0.0
0.0
0.0
4.79499931322636e-09
0.0
0.0
0.0
0.0
4.8820714974773696e-09
6.134212604015643e-17
0.0
8.016354758819122e-09
1.7777548322328585e-08
-2.67208375202851e-16
0.0
0.0
3.262798083390886e-07
-8.01635485555706e-09
0.0
-3.161535260097102e-07
5.772019979341135e-17
3.340315784147747e-07
0.0
2.581701443601669e-07
2.171935128705833e-08
0.0
-6.985644702768707e-10
1.77775479108232e-08
0.0
9.86169589609412e-09
-3.250172700419718e-11
0.0
9.937762129524696e-09
0.0
2.660750350951728e-10
0.0
7.46646894418862e-09
0.0
7.452560995527186e-09
9.790627174315559e-09
1.0854927326167665e-08
0.0
8.629292063479934e-09
8.629292058692783e-09
8.843290030865957e-09
8.843289509138316e-09
8.84328899751442e-09
0.0
0.0
0.0
-7.900287133256328e-09
0.0
4.449634583324494e-16
0.0
0.0
0.0
1.310483630947326e-07
-6.020927153136996e-08
2.105018575719941e-07
3.4067997716876614e-06
4.902944507111238e-07
0.0001048081263436631
0.0
0.0
4.604319824967244e-08
0.0
4.7224641171585233e-08
8.800470196357089e-10
-6.190335413887305e-08
-9.443055170756566e-09
-1.739670707494879e-08
-2.6635325056645343e-08
0.0
0.0
-2.2764313100264615e-09
1.993898281851072e-08
9.654410953591572e-10
0.0
0.0
0.0
0.0
0.0
0.0
0.0
3.276953496053462e-08
-3.074029258063899e-08
9.703932364886398e-10
0.0
8.49512521945857e-10
-6.780689639092877e-10
0.0
0.0
0.0
0.0
0.0
0.0
0.0
0.0
0.0
0.0
0.0
0.0
9.919779797389919e-09
-9.815579212217509e-09
9.945586355235118e-09
0.0
2.877982133525388e-08
1.9890893092248576e-08
9.945304800019778e-09
0.0
9.865375861690367e-09
0.0
0.0
0.0
0.0
8.67044214455288e-10
-2.1278599099249123e-08
9.62392754891184e-10
1.992127355914073e-08
9.957480331381982e-09
1.055546582030191e-08
1.2971690675915506e-08
0.0
1.6787751562042025e-05
-3.108966417295078e-08
-2.1823151199453053e-08
-9.37066030590223e-10
0.0
3.280137590996357e-11
2.0234915352457528e-17
9.858927258498917e-09
0.0
0.0
0.0
0.0
0.0
1.4534721576972897e-11
1.4540414090082692e-11
1.453774227186963e-11
-1.5613756381566146e-11
-5.617359875864647e-15
3.0922139242646365e-11
0.0
0.0
9.033122960104987e-10
9.916757906421151e-09
0.0
0.0
1.8849418425740544e-08
0.0
0.0
1.189911884302841e-16
0.0
0.0
9.664413089440232e-10
1.9928282843755842e-08
9.960312782886227e-09
1.9485944709089174e-08
0.0
0.0
2.219475232561781e-10
5.299552948478794e-10
7.479654861544623e-12
9.697672842494002e-09
0.0
0.0
1.8451763117383443e-08
9.56932338621111e-09
-1.1893697832165984e-16
-9.569323569282034e-09
0.0
0.0
1.4959217701150314e-16
0.0
0.0
0.0
0.0
0.0
1.1443455391248582e-07
0.0
9.661809996517325e-09
0.0
9.952529182796758e-09
0.0
9.422950622094686e-09
9.076324725278463e-09
9.076324831050844e-09
0.0
-1.3757148966368936e-09
9.923369961688244e-09
9.277609867170987e-10
3.792674724625855e-16
2.9763382922925272e-08
3.182339348776148e-08
1.9840765904029e-08
9.129058570285925e-10
0.0
2.2506139350020235e-09
0.0
0.0
0.0
9.28568263735979e-09
0.0
0.0
0.0
4.134407289640404e-09
0.0
9.969175064740167e-09
0.0
4.5648002667685374e-09
0.0
1.2568966005105619e-08
0.0
1.4255128743461478e-08
0.0
5.490953126432432e-09
0.0
3.830841958921017e-08
0.0
1.0806469073284768e-08
0.0
1.11561082268289e-08
0.0
1.0806471248840584e-08
0.0
0.0
0.0
0.0
0.0
0.0
0.0
5.620631288194046e-09
-1.1705374447501526e-09
0.0
-1.2913511979039023e-09
-1.901213529091516e-09
-1.0891134029356042e-08
-1.0462548087446233e-08
-1.9090443688994082e-08
0.0
7.783076141955967e-10
0.0
0.0
0.0
0.0
0.0
0.0
2.7368132445609872e-05
0.0
0.0
9.641364445929396e-09
0.0
0.0
0.0
-4.5473847324887694e-08
9.395548374716232e-09
4.125163836899592e-10
0.0
0.0
1.6827944966604606e-05
1.2249452964092305e-08
9.889921387135303e-09
8.908211643772505e-10
0.0
1.2756097585564363e-08
0.0
0.0
0.0
0.0
0.0
0.0
0.0
0.0
0.0
0.0
0.0
0.0
0.0
0.0
0.0
0.0
0.0
0.0
0.0
0.0
0.0
0.0
9.212161624854892e-09
0.0
0.0
0.0
0.0
-9.435673779990697e-09
-4.759254557671396e-09
0.0
-9.435674244029227e-09
1.7633546798275033e-06
1.5453137522804028e-07
0.0
9.746658261402565e-09
9.746658537515733e-09
9.746657829402209e-09
0.0
0.0
0.0
0.0
0.0
9.395548433734867e-09
0.0
9.903763813704897e-09
0.0
1.2028297822224682e-05
1.2096173530547056e-05
-2.773933956010583e-09
0.0
0.0
0.0
0.0
0.0
0.0
0.0
2.0504995935540253e-08
0.0
1.9349177135054272e-08
1.9349177101645688e-08
1.9349177096893168e-08
1.151507902620345e-08
1.9349177025930905e-08
0.0
0.0
-7.782461391796745e-08
8.415321557204145e-09
0.0
1.193965198323602e-09
0.0
0.0
0.0
0.0
0.0
0.0
0.0
1.3351272095334593e-08
0.0
0.0
0.0
0.0
0.0
6.363858872592895e-08
0.0
0.0
8.893077691254877e-08
8.89307769975317e-08
8.893077690129843e-08
7.90993514448288e-08
8.89307767206897e-08
1.7065721560767504e-08
0.0
0.0
0.0
9.921423628879695e-09
0.0
0.0
0.0
0.0
0.0
0.0
2.749641354420202e-08
0.0
9.26816938282287e-07
0.0
5.7682802588807326e-09
-1.3164728820116087e-06
1.3128302536818794e-06
0.0
8.077550525729903e-06
0.0
1.5891812380564783e-08
7.945847896704162e-09
1.589181339826039e-08
7.945965532430093e-09
7.945965560659726e-09
5.680398973750637e-10
9.556439651767223e-09
1.423330692332113e-08
0.0
9.857015012616696e-09
6.566719365510932e-05
5.2353515143082044e-08
7.52086534276289e-10
9.74665798503943e-09
1.9579203588263364e-05
0.0
1.945217296692635e-08
9.706966246970407e-09
-9.12330175284053e-09
0.0
0.0
1.1224204193432367e-08
0.0
0.0
-9.292746114897434e-10
0.0
1.9612637102343092e-08
0.0
0.0
0.0
0.0
0.0
0.0
0.0
0.0
9.942978298669268e-09
1.380670879907661e-07
0.0
0.0
0.0
0.0
9.947538660848299e-09
0.0
9.925414818308972e-09
0.0
9.922368848514765e-09
0.0
9.883748930406e-09
0.0
0.0
0.0
2.0988247832213585e-07
2.5107920258453807e-05
0.0
9.917113968453193e-09
9.917113068247385e-09
3.3047848426223535e-09
-6.648479376953655e-09
1.0798294502294368e-10
0.0
0.0
9.86537593553389e-09
0.0
-2.5549998218071497e-09
9.865376046960195e-09
8.670455260279351e-10
0.0
0.0
1.765851314131095e-09
9.080072372203994e-09
9.802388271620913e-09
0.0
0.0
0.0
-7.203482033091291e-09
-7.203482151431958e-09
2.2452792700206244e-08
0.0
1.169573908254493e-08
-3.030338117367292e-08
9.91887827453831e-09
9.91887684617318e-09
8.687653071355157e-09
8.687652654474525e-09
2.736413865479662e-05
-6.55131685972231e-05
6.550325248680722e-05
0.0
0.0
0.0
0.0
5.109603540717556e-09
0.0
0.0
-9.911030218745509e-09
7.995257032004407e-08
-5.891696466683329e-10
0.0
0.0
0.0
0.0
7.981998465664888e-08
-4.0982636610731316e-08
0.0007935128798034793
-7.968885967768458e-17
6.844760806926167e-05
-1.2854221630577249e-08
-6.846046229025404e-05
0.0003443637989988297
0.0
2.3450998981711013e-09
9.850443925962628e-09
8.525822610805455e-10
9.850443733480999e-09
0.0003443544802264594
0.0
0.0
0.0
9.789466959286841e-09
-1.5460120277729414e-09
-2.105609570697442e-08
0.0
0.0
2.6355082545373078e-05
-0.00039138812159285677
0.0004861597168793341
0.0007935206569762688
0.00034435448022526776
0.0
0.0
0.0
9.862517843774394e-09
-2.858868697330763e-09
0.0
2.7069545520352626e-08
0.0
0.0
-2.8092336341263985e-05
0.0
1.9605050568074546e-08
0.0
9.7903589198374e-09
0.0
0.0
0.0
0.0
2.1490697892356277e-08
0.0
6.439301719506963e-10
4.892348103300467e-08
4.897560021386007e-10
9.4754718113027e-09
0.0
0.0
1.9143848308775856e-08
9.2280246707932e-09
0.0
7.965341406021538e-10
0.0
1.0897555720687915e-07
9.802153389575833e-09
-5.415037432586005e-08
-5.415037435256387e-08
0.0
0.0
6.531843514831472e-09
0.0
1.5099760597265477e-05
7.0659678917010225e-06
-1.5846601221503054e-07
0.0
-1.5835877025384472e-07
2.2009028650855724e-05
0.0
0.0
8.111229021778854e-09
0.0
0.0
3.1685490631614416e-08
0.0
0.0
0.0
-2.3645634169978366e-07
6.128965016359338e-08
-1.941890105300651e-07
0.0
0.0
0.0
0.0
0.0
0.0
9.972719376217035e-09
2.510701404173196e-05
0.0
0.0
1.56333723412202e-15
0.0
1.9787922258716162e-08
0.0
4.809878545767131e-08
0.0
1.8086858182947764e-08
0.0
2.7396533211260374e-08
0.0
1.933484307342834e-08
2.2077433792077837e-10
0.0
0.0
3.9880741868927305e-08
9.967807978322751e-09
0.0
0.0
9.514812084874218e-10
-1.8739688236330083e-09
0.0
1.9772661315336833e-08
0.0
0.0
9.766013771869524e-09
0.0
0.0
0.0
0.0
0.0
0.0
9.911029447386485e-09
0.0
8.359688256453105e-08
0.0
2.466163068128967e-07
9.940556548761995e-09
-2.2716770346583008e-07
-1.5460120162544005e-09
-7.203482121887449e-09
1.9753031422619256e-08
-1.0310853259507368e-08
-1.9739534555488208e-05
-8.859688546463372e-05
0.0
0.0
0.0
8.742127521657573e-09
2.0904070998406022e-10
0.0
-1.170537875069995e-09
0.0
-1.0302961210746642e-08
-1.093043498014189e-08
-1.8629634584174973e-09
-1.4462998454252228e-09
-1.909043906918491e-08
1.9733786332343066e-08
3.859261372280503e-11
9.858927015049535e-09
9.85892686148585e-09
-1.2130057316730115e-08
2.8068260258999568e-08
0.0
0.0
9.283094529445216e-09
0.0
0.0
0.0
0.0
0.0
0.0
0.0
0.0
2.655908577580632e-05
0.0
6.562845435112597e-08
2.1839350458283113e-09
0.0
9.497574997235806e-09
-1.0842021724855044e-18
0.0
0.0
0.0
0.0
1.7668981975227024e-08
0.0
1.9832969405574277e-08
9.85892732771103e-09
0.0
9.49541119929142e-14
0.0
7.960880863545571e-10
2.9691896648161945e-08
0.0
1.9832969425875996e-08
9.162920600414126e-10
9.162919981538386e-10
-1.954309930638637e-08
2.2455248122846672e-08
0.0
2.9162580984180148e-08
0.0
0.0
0.0
1.321013175714453e-07
-7.443777412687166e-09
0.0
0.0
0.0
0.0
1.900625659883689e-08
0.0
8.526085192741826e-10
8.526107686346088e-10
-0.00010527861013870377
3.853091292228173e-10
0.0
0.0
7.616015138202331e-10
0.0
0.0
0.0
0.0
0.0
0.0
2.582672506803887e-07
0.0
0.0
1.247317103731087e-08
7.884373581529963e-09
7.884373587709916e-09
0.0
0.0
0.0
5.521018554553782e-10
0.0
0.0
4.5611223986583135e-09
0.0
1.8939194555240327e-09
1.1631228579668504e-10
9.635897496081076e-10
0.0
0.0
9.02629554322301e-09
9.412475501568458e-09
0.0
1.2429511590462469e-07
-1.062558221091228e-08
6.5396416305368464e-09
1.3377710494921757e-08
9.95232370029197e-09
0.0
1.7180839902860448e-09
4.0699759267166374e-08
-4.069975961755813e-08
-3.1389077496764944e-08
4.069976022257318e-08
0.0
-2.3711683714601473e-09
1.0090974619423272e-08
1.0090974853522288e-08
-1.2971690895036136e-08
-5.521010358578751e-10
0.0
1.0942086911673682e-08
0.0
0.0
0.0
0.0
0.0
0.0
0.0
0.0
0.0
0.0
-8.047843137751519e-10
-8.047843161861037e-10
1.0719863088079195e-09
0.0
1.9740249808300483e-08
1.0572347487807282e-08
9.927639476985106e-09
9.927640311894502e-09
9.890690053809045e-09
9.890690888687901e-09
0.0
1.881393235197664e-05
3.0390680356356986e-08
0.0
-8.619617683933915e-10
1.884188180461562e-05
6.464566755239801e-07
9.881986765583302e-09
6.365984125447147e-07
-1.8382868452929882e-08
4.854611184596645e-08
4.069975865770942e-08
0.0
0.0
-3.062127385535886e-08
-4.9581287742128666e-08
3.168549006405986e-08
0.0
8.071010903529739e-09
0.0
8.367026120772611e-10
8.3668873228465e-10
0.0
2.2931661682311747e-09
7.573338203326452e-09
0.0
8.366787506276831e-10
0.0
0.0
0.0
0.0
0.0
0.0
0.0
0.0
0.0
2.0449912093923757e-08
0.0
4.40409120960145e-09
9.577269221918094e-09
1.6350144827030437e-08
0.0
0.0
0.0
1.101769435813253e-08
0.0
0.0
0.0
1.4646189781753609e-08
6.280145752900169e-10
0.0
7.024118875682772e-09
0.0
4.633791554691108e-09
2.988038302836144e-09
0.0
6.312026244127707e-08
0.0
3.6875833058477145e-09
0.0
0.0
0.0
9.854672065478761e-09
9.257276322346997e-09
8.943901991234244e-09
0.0
9.667755653282109e-09
9.578520949541885e-09
9.55154439492397e-09
0.0
0.0
0.0
1.0584469630027758e-08
6.410399941936908e-10
1.4879522377272344e-08
0.0
0.0
2.93600813284256e-09
0.0
0.0
0.0
0.0
0.0
9.943290564138314e-09
8.240313277223662e-09
-1.8588149412180862e-08
0.0
1.0163596121968677e-17
0.0
3.0117138971530626e-08
4.371466056062661e-08
-2.485065124941668e-08
9.668766494050332e-09
9.668766481973156e-09
6.767000126761969e-10
-4.0748631304413354e-10
1.8720878116659628e-08
0.0
0.0
0.0
-8.156415064616476e-10
0.0
0.0
2.878006103810537e-08
9.985628257128895e-09
9.979217691212112e-09
9.979217586231565e-09
9.97111343612151e-09
9.971113386183348e-09
9.976164691504654e-09
9.976164612472556e-09
9.884761213672206e-09
8.744424315780311e-16
9.884762068187501e-09
0.0
6.500750994356738e-09
0.0
6.4688476567563435e-09
0.0
2.761373601538055e-08
9.350300613315362e-09
3.688026640296339e-10
1.0087390290474188e-09
8.978837613469205e-09
8.978837596077872e-09
8.978836736860756e-09
9.28459715176342e-09
6.79345505272052e-10
0.0
-9.724522753674567e-09
0.0
-5.53650391157956e-10
1.2875167784024238e-16
2.0670134870459667e-08
0.0
0.0
1.805503762009191e-08
0.0
1.0803516916133265e-08
2.504844106856295e-09
0.0
1.1423570648023324e-08
1.1058754861460184e-08
0.0
0.0
-5.329128679138127e-09
1.4409252491804105e-05
3.2194222500384698e-06
0.0
2.189959891111711e-06
2.2486100634021343e-09
2.2491530769347787e-09
1.8206710726811032e-08
8.404322566305887e-09
9.802388049157638e-09
9.270123275235097e-09
9.270122120353451e-09
2.2501549266590146e-09
0.0
4.980758146058255e-19
5.421010862427522e-19
0.0
1.6249635233288196e-08
0.0
9.630428936093249e-09
9.630427197349599e-09
0.0
-6.104757595682391e-10
1.3126583376076722e-09
6.6493214393912056e-09
0.0
0.0
-3.480732166469963e-09
9.404699001597022e-09
-1.692502540028007e-10
0.0
0.0
1.8853028266909244e-05
0.0
-9.724522688839277e-09
0.0
0.0
9.882309745512825e-09
1.1052700335323405e-08
0.0
0.0
7.991854239199299e-10
0.0
0.0
8.658058780185853e-10
4.9897827896563936e-08
6.427674639309636e-08
0.0
0.0
0.0
2.377786298770471e-08
0.0
0.0
0.0
6.583422520095563e-08
3.614058673532631e-08
-1.6974737674507745e-09
0.0
0.0
0.0
0.0
1.9163367510362913e-07
1.6999306864842208e-07
0.0
0.0
-4.074852744879883e-10
0.0
2.1627118825392788e-08
-1.3487629822684852e-11
0.0
0.0
0.0
0.0
0.0
-3.0191919927688438e-12
0.0
0.0
0.0
0.0
-2.1961489161437703e-07
0.0
6.015245367333394e-09
0.0
0.0
0.0
1.394512246293271e-07
0.0
0.0
0.0
9.183563764970318e-08
8.241794258701988e-08
0.0
1.8849418477452282e-08
7.170464262963849e-17
9.963558603585574e-09
9.963559296946416e-09
3.0273231672693235e-09
-7.620184030217997e-11
0.0
0.0
5.417614694531381e-07
2.4345199362781786e-07
1.990584617017761e-08
8.083543376365276e-06
1.3637549658796305e-07
0.0
0.0
0.0
0.0
0.0
0.0
0.0
0.0
1.1191783172580672e-07
0.0
5.135313316286575e-07
0.0
5.3076861948885593e-08
4.252105395216588e-18
1.332403554903128e-07
-1.6422658164402522e-08
-8.814613105308927e-08
-2.0308106678614858e-08
-9.102293918567634e-09
0.0
-2.2452376327770657e-09
-1.5466984947232058e-08
-9.407196407112674e-07
-8.405343734156282e-07
0.0
0.0
1.2345867094454326e-06
-6.298893373037073e-12
1.2341450538178224e-06
0.0
0.0
9.727922099982958e-09
8.40345769738078e-09
1.8831022697058235e-08
0.0
9.913182694371633e-09
0.0
-9.466033655614193e-10
0.0
0.0
-3.980225590034716e-08
9.083002498829315e-10
0.0
0.0
0.0
6.926623226088481e-08
2.962348448818129e-08
9.946160767389245e-09
2.4792475410464474e-08
0.0
0.0
0.0
9.943095608043288e-09
9.423413303123184e-10
2.227851348822093e-08
0.0
9.958895766784777e-09
9.5311350982404e-08
9.965025635592111e-09
0.0
9.967967769562847e-09
9.928049000663083e-09
0.0
5.9602650548620846e-08
8.888927257080114e-09
9.945587305257945e-09
0.0
9.901931980083747e-09
0.0
9.923369915347255e-09
0.0
9.97204635364228e-09
4.0323551095175206e-08
9.964698791545493e-09
2.0837358386664047e-08
9.963790542329997e-09
0.0
9.972722109531678e-09
0.0
0.0
0.0
0.0
0.0
9.911029409992993e-09
0.0
0.0
0.0
0.0
0.0
0.0
0.0
0.0
0.0
0.0
0.0
0.0
0.0
0.0
0.0
0.0
6.955570639986129e-08
0.0
0.0
0.0
0.0
0.0
0.0
0.0
0.0
0.0
0.0
0.0
5.46008908837456e-05
5.456407264816288e-05
0.0
0.0
-8.551252425381115e-10
4.225418111257478e-09
0.0
-5.614089472298065e-10
5.78533452536332e-11
0.0
0.0
0.0
0.0
0.0
2.66430666530686e-11
1.710404628902991e-11
4.0699758989716424e-08
9.959496010396402e-09
0.0
0.0
9.955253162139669e-09
0.0
2.9691896709519926e-08
3.3866693435909034e-11
9.962519007247413e-09
0.0
0.0
0.0
0.0
9.968949372267301e-09
0.0
9.784635324194824e-09
0.0
0.0
9.92500881480396e-09
2.4782550926583846e-07
0.0
1.9733786188739486e-08
1.973378630666226e-08
1.7402859170732072e-08
0.0
0.0
0.0
0.0
1.5121975761605638e-08
0.0
0.0
5.340476763048226e-08
1.973378563300556e-08
9.888272974739598e-09
1.9733785890935364e-08
1.973378573530596e-08
0.0
0.0
0.0
0.0
0.0
0.0
0.0
0.0
7.153917728015175e-09
0.0
2.1795915632835055e-10
0.0
0.0
0.0
0.0
5.3507711099886675e-09
1.2819264224938124e-10
0.0
0.0
0.0
1.628873393735925e-05
6.072554448355035e-09
0.0
0.0
0.0
1.1239325555836862e-08
4.628637021201419e-10
0.0
1.0222691356202845e-08
0.0
0.0
0.0
9.845512648756703e-09
9.845512411271154e-09
0.0
0.0
5.725182880129511e-10
1.758551203728173e-06
0.0
1.6400776372891834e-07
1.2213204984523388e-06
0.0
0.0
0.0
0.0
0.0
0.0
0.0
9.486817592347513e-09
0.0
1.5209208362639273e-06
-2.735440940672728e-05
2.5117647223717224e-05
0.0
-2.73616006030579e-05
1.0037760087602517e-07
0.0
0.0
0.0
0.0
0.0
4.627442084516302e-09
0.0
0.0
0.0
0.0
0.0
6.271475302153065e-09
0.0
0.0
0.0
1.5670958703716675e-09
0.0
2.2954355771704756e-10
4.627440343415139e-09
0.0
0.0
0.0
0.0
0.0
0.0
0.0
4.856987446490313e-09
0.0
0.0
0.0
8.475371925129938e-09
0.0
4.8231537305709615e-09
0.0
9.882309524128633e-09
-9.050896918087492e-09
-5.520068662401009e-07
0.0
0.0
7.024117125950956e-09
0.0
4.633791781322023e-09
2.988047632016131e-09
0.0
6.312027304734852e-08
0.0
4.400245350652073e-09
0.0
0.0
0.0
0.0
2.649146459572631e-09
0.0
0.0
0.0
3.690597813946659e-09
0.0
0.0
0.0
0.0
0.0
0.0
0.0
0.0
0.0
0.0
2.044991433161268e-08
0.0
4.404095698138274e-09
9.57726903668198e-09
1.6350148963848944e-08
0.0
0.0
0.0
1.1017693287227595e-08
0.0
0.0
0.0
1.4646190677352852e-08
6.280193082388319e-10
-5.109601103553754e-09
0.0
0.0
0.0
0.0
9.615326451183326e-09
6.249965646403058e-10
1.3945122482154127e-07
-2.4819740089446034e-08
0.0
0.0
0.0
1.7246375514430334e-08
8.793145339679523e-09
0.0
0.0
-9.815998223343218e-09
0.0
1.0491377498764946e-05
0.0
0.0
5.882515466895048e-07
0.0
1.835755227043716e-08
-0.00037618245841966917
-8.067295333458736e-06
1.1443455496927156e-07
0.0
1.8076275936661696e-08
0.0
0.0
8.231917006309233e-09
9.916758045604465e-09
9.916758065002702e-09
9.916758083427363e-09
0.0
0.0
-8.533086709450188e-09
-9.916120168691409e-09
0.0
0.0
0.0
0.0
0.0
0.0
-9.674890215306733e-09
1.4442779446366779e-08
9.895486414711119e-09
9.895487027011818e-09
3.128539964396733e-16
0.0
-2.811098689763917e-08
5.697386154852721e-08
9.831034245053429e-09
-8.430280135759098e-06
7.94584792756643e-09
7.945847955677984e-09
-9.917183574348343e-09
1.0877243040629727e-08
1.0334666824369605e-08
0.0
1.3798678627628837e-08
0.0
0.0
2.8640686105467166e-09
0.0
9.848283329030177e-09
0.0
9.848283180823754e-09
1.087724753840088e-08
1.0334664506685064e-08
0.0
1.3798678291690554e-08
0.0
0.0
2.8640784401548776e-09
2.648392739753295e-08
1.590237444100763e-05
9.886414210010199e-09
0.0
-2.991570901087561e-08
5.425780537904886e-08
0.0
5.7609794533844307e-08
9.153205630940686e-09
-3.188527312118067e-08
1.2954616078906023e-08
3.1526335389172634e-08
2.29658193018849e-08
1.2315844290738885e-07
5.031628766253866e-10
2.03631284078124e-08
0.0
0.0
-6.2111977178289784e-09
0.0
0.0
0.0
0.0
2.192575629071356e-10
0.0
9.531497167708167e-09
9.531327644591925e-09
0.0
8.434497036687737e-08
1.3945122423965015e-07
-8.373316259940866e-07
-8.277376793891331e-07
0.0
9.58445806924467e-09
0.0
0.0
-3.219612770832825e-11
0.0
8.323372105915066e-06
8.323372107863109e-06
2.1219025160389607e-08
9.80948763049324e-09
9.809487645784376e-09
0.0
0.0
0.0
0.0
0.0
5.296074805136702e-10
1.0555465525423674e-08
3.1257711403098244e-05
3.1267444126939744e-05
0.0
1.8849418366984734e-08
1.9068657240565232e-08
9.259169590769556e-09
0.0
8.860621366738494e-09
8.860620581002676e-09
8.860620835738175e-09
8.860620658658657e-09
0.0
0.0
3.034201401852347e-08
0.0
0.0
2.5244988179943823e-08
0.0
2.074892556875712e-09
0.0
0.0
0.0
0.0
1.697492636264751e-05
-8.130014309911415e-06
0.0
0.0
1.6137407287007327e-10
0.0
0.0
0.0
0.0
0.0
0.0
0.0
0.0
9.74494041228657e-09
9.744941485942888e-09
9.744941662642725e-09
0.0
0.0
9.670181040831463e-09
2.9758784710640186e-17
0.0
6.147154665380392e-16
1.1055250557105337e-15
1.0581738434686041e-15
9.890914560752957e-09
9.890914562988467e-09
9.890914562990072e-09
1.4548694160289778e-11
-9.904850353340767e-09
-1.0121424076639337e-08
0.0
0.0
3.671086445498953e-17
5.159301436001935e-17
-7.455551534120853e-07
7.829858351539791e-07
9.49554048948297e-09
0.0
0.0
0.0
1.454699644687633e-11
0.0
0.0
-7.804957165570754e-10
0.0
0.0
0.0
0.0
-9.890914961810965e-09
0.0
-4.44956571588051e-16
0.0
-8.62929206347005e-09
9.837347526311117e-09
0.0
0.0
0.0
0.0
0.0
0.0
9.461416539124912e-09
0.0
0.0
0.0
0.0
2.86319155493084e-10
0.0
1.4542839167635843e-11
1.4545042066664374e-11
0.0
0.0
8.403014238245464e-06
-8.40516144861678e-06
0.0
0.0
0.0
-6.762707407219744e-07
9.213429705616694e-10
0.0
9.921424568373323e-09
9.903763622359676e-09
9.042319105820606e-10
0.0
0.0
-5.27327528995411e-09
9.75848201572628e-09
8.330839856993721e-06
0.0
-9.446062274390266e-09
0.0
-7.625190860671704e-09
0.0
0.0
0.0
-6.0406370794109e-10
-8.629292063476826e-09
0.0
0.0
0.0
0.0
0.0
0.0
0.0
1.5935288797920215e-09
8.35900027537034e-09
0.0
1.960935628000155e-08
0.0
9.268169352692077e-07
0.0
0.0
2.7450116538210712e-08
9.922579355392536e-09
8.663464914405927e-09
0.0
1.2836310996871408e-09
3.426072221458015e-08
0.0
0.0
9.8864134656651e-09
0.0
0.0
0.0
0.0
-7.849136051120314e-08
1.0888766801499995e-07
9.771502298278056e-09
1.8399808203282535e-08
-9.236883128652186e-09
0.0
8.48519815134399e-06
8.498440313288623e-06
9.094356556511833e-09
1.9374937197699842e-08
0.0
0.0
9.60322640630173e-09
-9.603226436283308e-09
0.0
1.839980817881781e-08
0.0
8.663394038113244e-09
0.0
0.0
0.0
1.8831446514430652e-15
2.2307561001464013e-08
0.0
6.029509709035919e-08
3.106929360618156e-08
6.029509710757715e-08
0.0
1.966916685605728e-08
9.351762364253403e-10
-1.9011549386204266e-08
0.0
0.0
1.0922510955682345e-10
0.0
0.0
0.0
2.2455461401279665e-08
0.0
0.0
0.0
9.6670012980219e-09
0.0
0.0
0.0
0.0
1.4762003806845225e-09
0.0
1.4762004267880643e-09
0.0
0.0
-1.8076276121641347e-08
0.0
-2.9461954043075167e-08
-2.4801770479813273e-08
7.264788909698711e-14
0.0
0.0
9.90066543913537e-09
9.937961817278212e-09
9.937961013145591e-09
0.0
-7.499380043829093e-09
-5.189610851295823e-09
5.350774430283369e-09
0.0
5.344274946208763e-09
0.0
0.0
5.350772058259003e-09
5.493992408933269e-09
1.6161642723613591e-10
0.0
0.0
9.012300617835656e-10
0.0
0.0
9.95326422309179e-09
9.953263667146321e-09
1.0915124732112739e-09
1.0915104151141331e-09
9.963563944433238e-09
9.959744452804225e-09
9.959743929545059e-09
1.0915076168751224e-09
9.963564471833495e-09
0.0
0.0
5.350765917373521e-09
0.0
1.0915052956567257e-09
1.0784922204730907e-09
2.4746778602850863e-08
0.0
0.0
-3.604648098911277e-08
9.887449622810834e-09
1.084997452035458e-09
1.0915020195370042e-09
0.0
0.0
0.0
0.0
1.3945122470637147e-07
7.877888247337556e-07
-7.957476222852889e-07
-1.7550522112593902e-08
2.478255084967583e-07
-6.569999867393208e-09
-1.5695873582138083e-08
2.45766884366583e-07
0.0
0.0
0.0
9.691546111380983e-08
9.879491732079498e-09
0.0
0.0
0.0
0.0
1.0042021836751034e-08
7.644131657150578e-10
-1.810162263511043e-08
0.0
1.180916432129224e-08
2.457668822151281e-07
4.6916026023226e-06
9.00583401239794e-10
-4.68170260271134e-06
9.576497308752248e-10
0.0
0.0
1.9914821293995702e-08
9.955923277091792e-09
3.015484094918422e-10
3.4136906793460826e-08
9.280660950009247e-09
1.95390891163453e-08
9.870322610191355e-09
8.718368242069882e-10
0.0
1.90431144309477e-08
9.280660911645255e-09
0.0
1.2176352320970494e-05
1.2173295980440977e-05
0.0
-6.648831875691319e-12
