0
0.0
0.0
0.0
0.0
9.203076002371612e-08
6.002542047273106e-08
0.0
0.0
5.84297885043975e-07
6.727602691774151e-08
0.0
1.6488281401644072e-06
0.0
0.0
0.0
0.0
9.19868694975267e-09
0.0
6.540576993271891e-10
1.728067868808144e-10
0.0
0.0
0.0
5.850423169315177e-10
3.4590214370372576e-07
5.146944764170724e-09
0.0
0.0
9.865300833436988e-10
0.0
1.330546189040907e-07
4.089932926093694e-09
0.0
0.0
0.0
0.003857102355587797
9.257540369964437e-09
3.500615503456136e-08
1.3604040705773675e-08
0.0
0.0
0.0
0.0
0.0
1.1516691726634186e-09
6.57918836445963e-07
9.600640135972173e-05
0.0
0.0
0.0
1.7363035159181782e-20
0.0
0.0
0.0
7.330594853201629e-06
9.703583894059881e-06
0.0
8.713424851674634e-09
0.0
0.0
0.0
8.533138090619506e-09
5.104162096012296e-20
0.0
9.761533123327691e-09
0.0
2.9512569228094556e-09
0.0
2.4564657969552213e-19
0.0
0.0
0.0
9.167076558239759e-09
1.0144142375601885e-10
1.9924559993401872e-12
6.539454981012825e-10
0.0
1.5162883099443159e-05
2.300360081597072e-09
0.0
0.0
1.0144118498759541e-10
2.8574349967751743e-21
0.0
0.013021842980286968
4.893786213719815e-13
0.0
0.0
3.6002888285180784e-09
0.0
0.0
1.2677591324399721e-17
0.0
0.0
3.5936801056591044e-09
8.163560401633407e-10
0.0
9.426906382511217e-09
5.9838307844498216e-09
0.0
0.0
0.0
9.826122210805332e-09
0.0
0.0
9.619830825620163e-09
0.0
0.0
2.4622846355557007e-09
0.0
0.0
9.541507451446164e-09
0.0
0.0
2.857383135186201e-21
0.0
0.0
0.0
4.551855753801968e-09
0.0
2.393429046989919e-09
2.365431341450389e-09
9.082416393524895e-09
3.2858859503106825e-09
5.661914987218304e-09
6.040579596006776e-10
0.00023886450396837233
-0.00023916829254311267
9.053408032267592e-09
7.2990698879924325e-09
0.0
9.599764060526368e-09
8.352134723029409e-09
0.0
0.0
3.265455214730853e-09
0.0
0.0013065522753934321
1.901875181984146e-08
5.720365452115055e-09
4.009005693616545e-09
9.561889134551482e-09
1.9381006778532015e-08
4.4891506683069614e-21
2.324310872469387e-09
0.0
2.2297307666943536e-06
0.0
0.0
0.0
9.888801109695367e-11
0.0
9.357928483266468e-09
0.0
0.0
9.065578040597782e-09
0.0
7.51660469672499e-10
1.441997007166856e-08
0.0
0.0
3.8023639885218255e-18
9.617043436530974e-09
-0.004949140798351237
2.0485834393055462e-07
0.0
1.0527393268060854e-08
0.0
0.0
0.0
1.0258102564820233e-07
1.4784435980827962e-09
6.804952679318033e-09
1.5167637516701006e-06
0.0
0.0
2.8985484175109986e-05
0.0
0.0
0.0
0.0
0.0
0.0
0.0
0.0063423163836215934
1.137482814539437e-08
0.014602385147020135
0.0
5.454736718482675e-06
1.67530602034992e-08
0.0
0.0
9.942196335372834e-09
1.7429368453786058e-20
3.478482839292205e-06
0.0
1.9485003536048308e-07
0.0
1.2611589298907756e-07
1.0226812692147022e-06
0.0
9.766814460974522e-08
1.3085935984704074e-08
0.0
5.448827974115138e-09
3.803999489824405e-09
1.2354713293312088e-08
2.1243747313253414e-09
8.211817538606747e-09
1.654082063558251e-09
0.0001880275868066132
2.405119253025565e-08
3.0859393388983895e-05
9.828548886496683e-09
0.0
5.278099272024048e-09
8.237867136983677e-09
1.9771917923961854e-07
0.0
2.258039363403686e-09
0.0
8.843873729078576e-09
4.135738073148674e-09
9.236304967112308e-09
9.759246909571792e-09
0.0
9.76245686939376e-09
0.0
0.0
9.810771563030019e-09
9.880593999082611e-09
9.738963822665545e-09
0.0
0.0
0.0
9.873772805504902e-09
0.0
9.312008137641124e-09
2.6599094461569623e-12
8.30766667934414e-09
0.0
0.0
4.5739576519956675e-11
-0.0007388793168879859
6.292010103786812e-12
0.0
0.0
0.0
0.0
0.0
0.0
-0.012114091367970481
1.0574128444492976e-23
9.966797318012151e-09
9.961698994783233e-09
4.461158387383236e-09
0.0
0.0
5.159291483077901e-09
2.9995747751528246e-09
4.716407738329526e-09
2.8036388546935325e-07
-9.515235371105116e-05
9.865143395516031e-09
9.78605742148936e-09
9.733039710381659e-09
3.974821563444055e-09
0.0
0.0
0.0
2.7856643194661193e-09
0.0
0.0
9.400273288987739e-09
0.0
9.429544380484095e-10
1.7747547320507508e-09
3.1860659482025607e-06
0.0
2.0988518835291297e-20
1.856751812948662e-08
8.847706550275957e-09
9.312008137641125e-09
0.0
0.0
2.5834768529894174e-05
8.562482853305516e-09
0.0
0.0
0.0
-2.0824072000913928e-05
1.3312197496053714e-07
9.254446486078794e-05
9.238157364376175e-09
4.41624506894692e-09
8.831860968930303e-09
0.0
9.728630403373837e-09
0.0
0.0
2.8245685520130857e-09
0.0
0.0
1.0498945426569726e-08
0.0
8.895709571207111e-09
1.1048892717051e-08
1.2521605052932311e-08
8.163560386609549e-10
9.862962915891905e-09
9.798301405291193e-09
6.109450934874078e-21
0.0
0.0
6.981910399553202e-05
0.0
0.0
0.0
0.0
0.0
0.0
0.0
0.0
1.4825514516134758e-05
0.0
0.00020188081135137905
0.0
0.0
0.0
9.749810462118775e-09
1.558829452150114e-09
6.641566143960318e-12
1.428397864788915e-05
9.689800838145554e-05
2.2726149759398163e-05
0.00013357512035135595
9.14456420075968e-07
7.4659712040531745e-06
3.1003966508208944e-05
-5.842978850441045e-07
-5.746198952207021e-07
-5.770258763222582e-08
-6.727602691776469e-08
0.0
9.751870775395602e-09
9.97169490176645e-09
5.501669000553988e-10
5.642729262979872e-10
0.0
0.0
0.0
7.404938369147522e-09
9.947822796026859e-09
9.971694906054393e-09
9.962121759647634e-09
0.0
1.2858442134917199e-05
0.0
2.0499082227522321e-07
5.383010327645104e-06
0.0
1.3736677866217775e-07
2.496722417841301e-07
1.2107789551074979e-07
5.443960652684746e-07
1.3378350961079685e-05
3.693880977299124e-06
6.8982244233435265e-06
1.1789515017133165e-06
8.567396500036954e-08
6.709456942313961e-09
0.0
1.3377838064002468e-05
9.852362460642191e-08
3.448611448456094e-06
1.1773534016236377e-06
8.549867809006344e-08
1.3324578976688204e-06
6.196863060542752e-06
2.500163113019477e-06
0.0
4.026406246668484e-06
3.809166647466904e-08
0.0
1.1505672122004545e-06
6.196822234047989e-06
2.5195419688412303e-06
1.1379812235403163e-08
0.0
5.784094697888671e-08
1.6905368361052214e-08
0.0
0.0
2.1392521337927002e-08
0.0
4.866408660504938e-08
0.0
3.4590214370627236e-07
9.971812728847007e-09
5.23274362108959e-10
5.644797071890296e-10
0.00015375125999361096
0.00011898572501349083
3.476010020493045e-05
2.2899470731304063e-05
3.476010020550555e-05
4.8056108498447706e-08
3.0918974400190517e-05
5.589965267156249e-07
7.369006350099247e-08
0.00015377095639332466
0.00015377095639389812
0.00015377095639447204
0.0
0.0
-3.459021437040845e-07
3.4590214370445145e-07
1.2869000318080805e-19
1.7241045025915846e-08
1.986838407653814e-08
1.9943507639513946e-08
1.9924453125330167e-08
0.0001537512599934673
0.0001189857250133471
3.4760100204786694e-05
0.00014907128350113364
3.476010020536172e-05
4.805610835445029e-08
3.0918974400046684e-05
5.58996526571823e-07
7.369006335724887e-08
0.00015377095639318135
0.00015377095639375468
0.00015377095639432852
0.00015375125999332365
0.00011898572501320328
3.476010020464297e-05
0.000149080713712684
3.476010020521793e-05
4.805610821040286e-08
3.091897439990287e-05
5.589965264279774e-07
7.369006321348457e-08
0.0001537709563936113
0.00015377095639418497
0.0
1.6017200733733435e-07
0.0
4.399724771926349e-10
1.7280678689719774e-10
-9.865300833422748e-10
0.0
3.693923616648533e-07
0.0
2.054376679358411e-09
1.2142506441971453e-10
-8.744832365647471e-08
6.256770264035352e-11
6.256770258469008e-11
0.0
-1.3305461893164515e-07
1.3305461895982959e-07
6.375454119732834e-05
3.306654249620128e-05
4.764944429467311e-06
0.0008749774057179628
9.400909859252327e-05
5.435745533012505e-05
0.0
0.00035295185123793675
3.759357979652972e-05
2.2444029072953511e-07
5.649819016611048e-05
1.8273963483680824e-08
0.0
1.6470456725045364e-08
0.0
7.20658246671174e-05
7.114538953364462e-05
3.0624323847990744e-07
3.645966708033384e-10
0.0
3.5767404467485856e-05
3.5749458715277256e-05
3.556439093836233e-05
3.556979767344384e-05
3.5565406327441734e-05
4.787040845726995e-06
-7.323033025721098e-08
6.035639860994696e-07
0.0
0.0
0.00021578999527997213
-3.50061550346073e-08
-2.547913093238385e-08
1.0925957470049686e-18
0.0
0.001021388871440028
6.995768314102196
1.3604040705183188e-08
8.308535503113039e-09
-4.167334077102457e-09
1.9363701885537e-08
4.1686609705373234e-11
7.94761848114337e-06
1.828605796525095e-08
2.057629648939926e-08
0.0
7.662414117135717e-05
7.662414117135749e-05
1.0169601827351924e-06
-0.4040730873586984
0.0003899010470975198
7.939043994306277e-06
1.8280010958021076e-08
1.8285771089791645e-09
0.0
8.398686403641445e-10
8.398686416460832e-10
0.0
-1.1516691732216255e-09
0.0
-3.575814693162847e-05
-3.57592409737182e-05
-3.5564390938372034e-05
-3.556979767345425e-05
-3.556540632745041e-05
-8.618368350237632e-06
8.524264910653987e-08
5.490297297013915e-07
3.887080778061831e-05
7.131415003263573e-05
6.579188364309221e-07
0.0
4.182528272254507e-16
7.477495858299044e-05
7.47749585825741e-05
-7.130435636303439e-05
0.00029495640681092856
3.2488364063773835e-08
6.556082155643947e-06
0.0007879325195382483
6.867040524787227e-05
4.6956864490720357e-07
4.422770150231099e-05
1.447560206844015e-16
0.4003903748575935
-9.600640135972177e-05
9.600640135972183e-05
-7.673991518104954
7.670134415749365
-0.0038571023555877965
0.0
0.0
0.0
7.229876773874311e-08
9.96903077661402e-09
9.969030771778098e-09
0.0018995511530272519
5.705065630490225e-05
-2.1839292169937175e-07
1.3305461922782297e-07
6.885671371290305e-06
1.582155658248667e-05
1.610038696966463e-05
10.6435601409617
-10.643560101079242
9.968093250474518e-09
0.0
0.0
9.908631999194855e-09
9.909291676239606e-09
1.771493141825984e-08
9.096567929207186e-07
2.1440694135791684e-05
3.5292270678197873e-06
1.5744701036567584e-06
3.529227067814901e-06
1.5917330035323398e-05
0.0
1.5348750421312615e-07
7.356522228964832e-06
7.3566443380037444e-06
3.7199405050249246e-07
0.0
0.0
3.468687260510055e-06
6.105440498202595e-08
4.2660008051564057e-07
5.206274917482032e-07
2.655678825751738e-06
1.4825514516134897e-05
1.5495970720947946e-07
4.98527394871611e-10
2.4968445166264134e-05
8.671049115136333e-06
1.88529960824811e-06
9.040237666570245e-06
7.6339257378004e-06
9.03508081427801e-08
9.51866932969858e-06
-7.662414117135495e-05
1.735663741138198e-20
9.203075957775976e-08
5.0510873714926935e-06
1.5744701036404666e-06
-1.564759206746971e-06
4.62007525577072e-07
0.0
0.0
1.0568824876761393e-06
4.06197483632872e-06
4.922714818239625e-06
0.0
6.750690343494225e-06
3.0656355856941136e-05
2.3363624676894132e-05
-5.002087558292345e-05
9.705137732843486e-06
1.2119150477596678e-19
8.908393259937641e-05
17.363475587859842
-17.363574366797742
0.0
-9.703583894059935e-06
-1.4784435981235813e-09
0.0
0.0
2.365351801579299e-06
1.1301987152671488e-06
0.0
0.0
0.0
0.0
1.824191597198622e-06
1.8241915971958064e-06
9.949671028923612e-09
9.949671025332192e-09
0.0
0.0
0.0
8.938549818400181e-09
0.0
1.848804137576588e-08
1.8488041375519573e-08
0.0
7.4270449299418465e-06
0.0
7.052270098890036e-08
0.0
4.258614987732633e-08
0.0
0.0
0.0
0.0
-1.8950097757476976e-09
6.587550344892003e-12
0.0
0.0
8.37840694906724e-07
9.688556603473657e-09
5.72890546798021e-10
4.596969798336572e-10
7.938204125667926e-06
1.0907040079995953e-07
1.0907040080204305e-07
5.649819016611061e-05
0.0
1.2310532814897364e-08
1.2310532806653216e-08
8.124325230175752e-18
5.970130444682252e-17
2.4977887920318273e-05
2.510432874865413e-08
1.8317529755613628e-06
7.722507449431738e-06
7.64352247760334e-06
9.910455656282511e-08
8.833894767794552e-06
0.0002699785188906108
7.384035315868308e-09
4.724329180083105e-06
0.0007802100120888172
6.1026882770269415e-05
3.704640883447742e-07
3.53938067345168e-05
0.0
0.0
0.0
1.1200356465768019e-05
5.485939233148874e-07
5.818224907344325e-06
3.513435059285451e-05
3.5144112125977835e-05
3.513435059285442e-05
3.513435059285451e-05
3.5134350592854443e-05
0.0
0.0
3.903048318555087e-05
9.66002746080579e-06
4.86990437844473e-05
0.0
-1.435550583740886e-05
4.700086787262859e-07
1.434561036398999e-05
1.5845313186336248e-06
1.4883172020354815e-05
1.4883172020354895e-05
2.0918167095369687e-19
0.01007254209805787
0.010074106820615223
6.599252421779182e-10
-2.825927366958969e-06
0.0
0.0
0.0
1.422251266536371e-08
1.130360669493721e-05
1.1310666722659336e-05
0.0
1.1807079860815062e-19
4.892333217484329e-05
-6.021704353245715e-05
9.895337323411607e-09
2.455035531739923e-19
0.0
4.449299282086756e-09
1.6298915312184355e-07
2.8259273669624385e-06
1.8945346232146836e-08
0.0
0.0
0.0
6.32585828420836e-08
-2.2994746160272645e-05
1.2605837161126078e-19
3.500659465082662e-07
4.30994314257567e-05
3.7110035032888376e-05
0.0
-6.923680917931416e-05
9.824312225851584e-09
1.762082985833601e-19
8.329099040169764e-08
-0.0002109468886251989
7.020238396991756e-08
1.6890841283430575e-06
3.476617267817808e-06
0.024618411060956635
5.404346987667753e-09
0.0
0.0
1.625840895481006e-08
0.0
0.0
0.0
2.144069413594497e-05
0.0
3.5337726252157083e-09
1.8949725722419467e-09
0.0
0.0
0.0
0.0
-9.167076558242414e-09
0.0
0.0
0.0
0.0
0.0
13.719062958282617
-1.0144142375601885e-10
1.648828140167862e-06
0.0
-13.719062958181173
0.0
0.0
0.0
0.0
0.0
-6.549497068063463e-10
3.459021437089344e-07
1.4803053819987394e-05
1.8308193301594518e-07
0.0
2.4082782533990935e-05
0.000845835937463533
2.1175823681357508e-20
0.000869918719997524
2.5949723661374085e-05
2.1945872221584676e-05
1.9361663341863402e-05
7.839778587531806e-05
6.869427551501235e-05
3.82361092526e-09
3.0328568941407704e-06
0.0
0.0
2.081694770024721e-09
8.350244529427015e-16
8.352433853605899e-16
8.379659222892747e-16
8.3577173408794205e-16
8.378406949062585e-07
-1.516288309944302e-05
0.0
2.0139881251429705e-08
0.0
6.804952679265152e-09
6.980756102399529e-05
6.990715386639667e-05
3.522547495277909e-11
9.414355452496008e-09
2.4207097542286495e-11
0.0
0.0
1.8855492582802193e-07
1.9807956299617778e-07
9.524637176183681e-09
3.085939338898394e-05
2.3111026311774526e-05
7.220888190934276e-06
3.7384384013500338e-06
2.469892640496106e-06
0.0
2.3991370166659855e-08
3.106818715109202e-05
2.3111026311774024e-05
7.211137668734849e-06
3.738438401349203e-06
2.4698632371343007e-06
-6.502545392144153e-09
2.39913701658871e-08
3.10681753657781e-05
0.0
-1.0144118498759541e-10
8.224253324309562e-06
5.27502152994989e-10
9.749690989676723e-05
9.749690989676721e-05
-0.013021842980286968
-0.012839876483366819
2.614418735999819e-06
0.0008434609298895882
-4.893786213719815e-13
0.0008460753481362094
0.0
0.0
6.639197073064211e-07
1.102750979864471e-08
5.034369327409986e-05
0.0
0.0
0.00010064962543028744
0.00010064962543028745
0.00010064962543028751
0.00010065322571911602
0.00010064962543028751
0.0
0.0
2.8911472009704684e-07
0.0
0.0
5.831037683507405e-17
0.0
0.0
0.0
0.0
0.0
7.097469278960489e-10
0.0
2.527907658745237e-06
-2.519402537259907e-06
3.511961387664552e-18
0.0
1.6073297207097603e-17
7.477370968725316e-05
8.224763552075712e-06
9.762418344116089e-09
3.6730208338615754e-10
7.439672672867063e-18
4.623847765772756e-06
-4.6238477657725805e-06
3.8313275045012045e-06
-1.212139621550776e-08
5.464357386483084e-08
9.811966187656461e-05
8.949667289385436e-10
0.0
0.006804294395265389
-3.593680105652328e-09
0.0068042943814521995
9.884552098273297e-09
1.3464419013948679e-08
1.4318530307230543e-18
0.0
0.0
2.54459009047123e-09
2.54459009038728e-09
0.0
0.0
0.0
0.0
-9.426906382511025e-09
1.5304120291548445e-05
0.0
1.674328800444635e-07
0.0
0.0
1.2432883712124728e-08
0.0
2.687845870387811e-08
0.000465556551311207
0.023091367964589528
0.00047844175411587
8.934009650784693e-05
0.0
1.523388240618532e-06
9.064860802643995e-05
-9.05991281198938e-05
9.906202233782736e-09
0.00028156489967893627
-5.127195432178802e-07
0.0
0.0
0.0
4.303635481680393e-09
3.674244970452222e-05
1.992075382849824e-08
5.626639733500718e-10
3.4781653913600735e-05
0.0002172168314708649
7.688988052357127e-05
0.0001335659738667037
9.084275352703318e-07
2.747639417389596e-05
7.239952000069618e-05
8.076079621533719e-10
-7.320843990742188e-06
5.624392304131922e-10
0.0
1.6422009389974208e-06
1.622828307096258e-06
1.7089963629783785e-09
-1.6391158676982365e-06
5.21661754695065e-05
2.9699991412516794e-05
2.306212549631407e-05
8.453071632860961e-05
7.614163128620913e-05
0.0
4.333267363042625e-05
1.0825862272516734e-09
0.0
0.0
9.414355449796726e-09
-4.30125284604642e-10
1.930601565866378e-10
0.0
6.349765321731006e-07
1.9190809407709193e-08
2.1221726946605277e-10
0.0
0.0
0.0
0.0
0.0
7.310178229745955e-05
0.0
1.1377735825269852e-05
5.522169921848186e-10
1.9903242234375612e-08
9.953341269871211e-09
0.0
0.0003899010470975195
1.0169601827347023e-06
1.3411981393472528e-05
0.0
-2.462284635733336e-09
-9.508157406715067e-09
0.0
7.589506362853243e-09
0.0
0.0
1.6228283071181666e-06
1.622828307120428e-06
-1.5854603458006697e-09
0.0
0.0
1.3173442450947015e-11
1.3182496389404253e-11
1.317838197595223e-11
-1.558995982778159e-11
0.0
1.8224512599021818e-07
0.0
0.0
-1.6298915312025486e-07
0.0
0.0
0.0
9.20307599070964e-08
0.0
0.0
0.0
7.310178229745887e-05
6.991571634925426e-05
5.516960315781632e-10
1.989911277443432e-08
5.52058112760216e-10
0.0
0.0
1.7542710647202847e-08
2.0513012168059095e-10
0.0
6.595324854962899e-12
0.0
1.935030001431214e-08
9.737483580296273e-09
0.0
1.495128668751754e-10
-1.2705494208814505e-19
-1.4951286706189375e-10
0.0
0.0
9.932356855213744e-20
0.0
0.00013232327013447084
0.0001323232701344708
0.0
9.85364627007259e-09
7.103142832718776e-07
0.0
9.784851692556409e-09
0.0
9.897819902957464e-09
0.0
0.0
5.576370208845116e-09
0.0
0.0
1.2354578687406815e-06
0.0
9.733602114533901e-09
0.0
7.753945034139198e-05
6.395773165853032e-07
1.0369800085295705e-08
0.0
0.0
2.0821368014855914e-09
0.0
0.0
5.4531343924115434e-09
0.00011900016441250854
0.0
0.00011899430843943506
0.0
9.754005256851525e-06
2.5006094948222655e-05
2.2909012685661963e-05
0.0
3.476804824231434e-05
0.0
5.7702972976676424e-08
0.0
3.09281409700273e-05
0.0
2.2692367456385581e-07
3.320728522955038e-07
0.0
8.347809502155704e-08
0.00015377914268368688
0.0
0.00015377914268426042
0.0
0.00015377914268483448
0.0
4.551856178159511e-09
4.551857026790008e-09
4.570003356523548e-09
4.5639548608741586e-09
4.5579060236553174e-09
1.8267915569919552e-08
3.5767929194286535e-05
3.575924097371473e-05
3.5564390938368565e-05
3.556979767345078e-05
3.556540632744867e-05
4.777299954280806e-06
-6.36515426740341e-08
-6.132437459439497e-07
5.9462790988211145e-08
6.925321662025025e-08
6.737569520030864e-07
6.7375695200654e-07
3.085939338898473e-05
3.085939338898395e-05
0.0
0.0
0.006469749223920296
0.0
0.0
1.397906312422926e-08
0.0
7.690545197282017e-06
0.0
0.0
0.0
0.0
0.0
0.0
-0.0004890064674775464
0.0008755710620402646
0.0
0.0
3.759901457272546e-05
2.2676963638899444e-06
7.035324513005279e-06
1.1114183877910992e-07
7.617597787836422e-05
1.7700255294933746e-05
2.538714179829543e-07
0.0
6.870821139362393e-05
3.167586846213075e-05
1.5640728579916995e-05
9.742472022701857e-06
1.1244079140492543e-05
7.376838396354062e-07
1.8835789227571366e-05
3.431105117825068e-05
0.0
0.0
3.792984591189723e-05
2.298426978163282e-05
1.9472056084415174e-05
9.224065214284909e-06
1.122247253320184e-05
1.2867135693339227e-06
1.8900003243808348e-05
3.412419103031361e-05
0.0
0.00037041131673351107
6.1765393394892925e-06
0.0
0.0
0.0
0.0
0.0018877983344641608
0.0014873130958335118
0.00015042693582927217
-1.6960203133181937e-10
0.0
-1.6960203188657069e-10
2.8035886557287995e-07
0.00016763013634750552
0.0
0.0
0.0
0.0
0.0
0.0
4.724970666691576e-06
0.00023401989680133602
0.0006933961006189206
-0.00023886450396837233
4.712808276575784e-05
0.0
0.0
0.0
0.0
0.0
1.5686598687897928e-05
0.0
3.0666890971934415e-07
3.1967753620281306e-05
3.196775362028131e-05
3.196775362028135e-05
3.195815385622078e-05
3.196775362028133e-05
8.490818932179448e-05
0.00016865759687817355
0.0
2.579121318887366e-06
0.0
0.0
5.13302003156651e-06
5.133020031566524e-06
5.13302003156659e-06
5.14137216628962e-06
5.133020031566591e-06
9.18975283952414e-08
0.0
0.0
1.9052622997713163e-07
1.8253261905805088e-07
1.8492604810504626e-07
1.9052622997712104e-07
1.8492604810505145e-07
2.559200035235842e-05
7.3262885099017625e-06
1.250512072623975e-07
6.608668013904513e-05
6.608668013904514e-05
6.608668013904521e-05
6.608994559425993e-05
6.60866801390452e-05
4.2164661604059296e-05
5.903588868586399e-07
0.0
1.161003014127386e-06
0.0
0.0
0.005264861555444071
6.2465913437801666e-06
0.0
5.5196615714127824e-17
0.0
6.159393137117732e-06
1.6471817019176042e-06
7.377559490812336
0.0
3.076636407815957e-07
-0.001306552275393432
0.0014744808255903513
8.335572525559695e-06
1.7751581629843927e-05
0.0
0.0
0.0
0.0
0.0
0.0
0.0
0.0
0.0
0.0
-9.545977737402569e-09
0.0015258627759025456
3.2467459391294536e-05
-1.6960203130434555e-10
-1.696020313082198e-10
0.0
0.0
0.0
-9.906351871546502e-09
3.822583772753206e-05
3.822583772753206e-05
7.898279584712938e-05
7.407448248830375e-09
6.821936705301086e-07
0.0
2.2428353104757466e-06
1.9159236585736216e-08
0.0
0.0
8.645944786387162e-06
5.354663268639594e-08
1.3177302171381612e-06
0.0
0.0
6.8477456190379e-07
0.0
0.0
-0.0005371066818161668
4.2713766771250363e-07
1.2030815667905843e-07
1.4523519736715781e-06
0.0
-2.2200097968644266e-06
0.0
7.351474402860804e-09
9.273207787742364e-09
3.337376056826262e-09
0.0
0.0
0.0004222886281825145
2.0555789843404567e-05
1.5245798704685257e-05
0.0
0.005767146668862411
0.0
0.0
0.0
1.4164074490107008e-08
0.0
0.0
3.5244421209768124e-10
9.70108102312671e-09
0.0
9.701081023202262e-09
3.068208545809943e-10
0.0
0.0
0.0
0.0
0.0
0.0
0.0
6.639197067995892e-07
0.0
0.0
-1.44199700716585e-08
-1.4419970071661995e-08
0.00024452103114673736
2.6891114720006052e-08
0.0
0.0
9.799746663781628e-09
9.799746664325426e-09
8.819825265783582e-09
0.0
0.0073942206724428305
-1.8528317011465983e-05
2.0093840706541942e-05
0.0
0.0
0.0
5.866590615324237e-05
5.515220374923374e-05
1.18608260678342e-05
1.5708154666808863e-05
-2.2396940911884217e-10
6.303770502172415e-05
0.0
0.0
0.0
0.0
0.0
0.0007769961610555737
1.581525053228823e-05
5.795916053171864
0.0
3.1207240508342465e-07
1.0721406115294247e-07
-2.0485834393052045e-07
0.0
1.646773982792752
7.048884072336225e-10
3.5244421209768124e-10
0.0
0.0
1.6467739776732597
6.639197066886345e-07
6.639197069146773e-07
6.639197070338989e-07
0.0
0.0
-1.1222330525547545e-09
6.8139038065966065e-06
0.004857017124273466
8.500983732483592e-05
-0.03531888183480917
0.040268022633160386
4.149142070379113
1.6467739776732597
0.00029362869924738335
2.0755384897270313e-19
0.0
9.886884942092878e-09
-7.51660470228266e-10
1.524579870468565e-05
2.868325481754007e-07
1.5971296301870796e-05
9.128747415355012e-07
-0.0014507437171978055
1.7790692093402526e-06
1.9710693149447795e-08
1.5655236950702772e-06
-6.746865665736433e-06
1.5557816487192337e-05
2.2428353104767173e-06
2.242835310477048e-06
0.0
-1.2952272705020025e-05
2.8702643312442085e-05
8.895700305718013e-09
0.0
0.0
0.0
0.0002673945298774312
0.0
6.259457960906501e-10
0.0
1.9159236585935328e-08
3.969968425710328e-11
0.0
0.0
-2.8985484175110054e-05
2.3087761307640574e-10
2.3087763159044006e-10
0.0005024209111556537
0.0
1.6594760658201666e-08
0.0007037635910220308
5.252220778820149e-06
9.715766972303616e-06
-4.868887642665383
4.868887650685224
8.019840077542204e-09
0.0
0.0
1.4988882711454954e-05
-1.5070539770580675e-06
-7.597868876930118e-05
0.0
0.00014988901089694987
7.127253101757197e-05
4.0178086932934305e-20
12.06079966287719
-16.43422869312311
4.373428927664889
-1.0258102633997623e-07
0.0
2.6556788257304583e-06
2.6556788257095273e-06
2.6556788257177545e-06
9.22180793821057e-05
9.69193368605761e-05
5.647238688606543e-10
0.005767067967099216
0.0
0.0
8.748002695309965e-18
0.0
1.7628462566730868e-08
7.699422703844094e-06
0.0
0.0
1.6753067420272926e-08
4.1281232312241745e-06
9.879301347463335e-06
9.27320778760448e-09
0.0
2.0402567183131686e-10
1.8998711403985176e-05
0.006119152691887089
3.984981320792293e-08
5.649234981952043e-10
0.00013187847734953288
0.00013187847734956045
9.897819902996764e-09
1.9043943437739227e-05
4.52320337526738e-08
1.6000723794349138e-05
1.6048712581068224e-05
7.74140520001347e-08
2.363728755587163e-10
1.5971296301871168e-05
0.0
0.0
8.13627775286484e-08
1.578951744433356e-05
3.836221338891976e-07
2.2396940919982548e-10
3.4224137115582022e-06
4.392146092086168e-06
0.00029824329790804183
1.142597647654413e-06
9.96104435274734e-09
-1.1229359014119248e-06
0.0
-4.976604751631477e-09
1.0118920077373395e-08
0.0
-0.014602374272926433
-0.015110496401679718
6.165376022166105e-07
5.454736718482044e-06
-5.454736718482374e-06
-1.959735387163485e-09
0.0
3.5767929194283066e-05
3.575924097371126e-05
3.555460877509096e-05
3.556979767344731e-05
3.5565406327445475e-05
4.787040845730464e-06
-7.323033025374154e-08
-6.035639860965163e-07
-8.158866235397078e-09
3.5223627530005465e-11
0.0
0.0
0.001023148968066774
9.388182380595513e-08
0.0
0.0
0.0
0.0
6.639197062367422e-07
6.639197063909567e-07
6.639197061424875e-07
6.639197061767084e-07
6.63919706300943e-07
6.639197071572538e-07
0.0
0.0011800301196635526
0.00016668493388759633
5.3298051466376696e-05
-3.431904106567321e-05
0.0
9.81170710647442e-09
0.0
3.4766172678309287e-06
3.4766172678312446e-06
9.945457689748413e-20
5.667941849310585e-05
-6.0157901332398176e-05
-3.47848283929224e-06
0.0
0.0
2.803544138087469e-07
1.6840603938415427e-14
0.0
0.0
0.0
0.0
0.0
0.0
0.0
-7.1988879161310635
7.198566490263878
0.0003214258671848341
-1.2030990598418945e-06
1.042563162049353e-06
1.6743287998778984e-07
3.4766172678317084e-06
1.7757021884615202e-07
-1.8521800485285887e-07
0.0
1.8179640083305515e-06
1.755291408474455e-08
0.0
0.0
7.870590861277838e-07
9.957122106140858e-09
9.957122111057038e-09
-0.006342337142267951
2.2782939877727076e-09
1.6579513320325672e-09
1.0881754683181146e-08
0.0
1.0881754946620381e-08
1.088175520311596e-08
7.473359074039454e-05
-4.044887109840098
4.044887100345131
0.0
4.136784216883939e-08
1.8401641865368434e-08
-0.003436702565382196
0.0034368169388772976
-1.261158929890719e-07
-1.2611589298907528e-07
3.476617267832904e-06
3.4766172678323233e-06
1.0907040079745115e-07
-1.0169601827349217e-06
1.8546945340138833e-19
3.612069136259764e-05
-3.714337263181419e-05
-1.0129838690621332e-06
-5.051087371497898e-06
9.375036485523752e-05
5.725039633629683e-10
5.624272082078439
5.624271984410293
-8.807216481194108e-08
0.0
0.0
0.00018947645064298313
-1.3085935984688763e-08
7.014449398705533
-7.0144493787722855
9.962783037411012e-09
8.883018496989858e-09
1.0757765187675504e-08
0.000188018714980327
-0.00018801871498032828
-0.00018801871498032828
0.00018801871498032885
0.0
0.0
1.2160404430236015e-08
1.2160404429355989e-08
-0.00038990104709752185
1.016960182733187e-06
7.60148791266342e-05
7.775607726640389e-05
6.375454119732724e-05
6.375454119732739e-05
6.375454119732782e-05
0.0
1.033246946491535e-07
0.0006572103456612697
0.0006573174743554087
-3.8039994904037755e-09
3.2688096792950157e-05
0.0
0.0
0.0
6.579188364007712e-07
0.0
7.196560976906083e-09
6.764529301275263e-06
0.0
0.0
9.833155369781113e-09
9.833155368887104e-09
5.658098436691968e-07
3.277269311026392e-05
6.770272523714735e-06
3.2687007487659216e-05
5.658098436689917e-07
5.770258763241508e-08
4.039856378640662e-05
0.0
4.038971314380339e-05
0.00022329136585741422
5.807095676682141e-06
0.00018801871498032644
1.2322417591622165e-19
0.0
-0.0001880086086753602
-0.00018801777892897258
0.00014988901089695
3.0859393388983956e-05
1.6753060181504103e-08
0.0
0.0
0.0
9.837245872460394e-09
1.817222635322122e-08
0.0
9.82850797846998e-09
0.0
-4.3251858052709407e-10
3.154531074541462e-05
9.004577534993091e-06
8.143336728811048e-06
1.7182850328767177e-06
0.0
1.756188311373414e-07
0.0
3.8760743545075045e-08
2.1633372720146048e-06
0.0
0.0
9.80820759655558e-08
0.0
0.0
0.0
6.458291003050464e-07
0.0
0.0
0.0
0.0
0.0
9.259338498731012e-06
1.2858442134917492e-05
0.0
2.0499082227553558e-07
5.383010327645445e-06
0.0
1.3736677866233686e-07
2.4967224178421573e-07
0.0
0.0
9.568389167046792e-09
9.813424737817208e-09
9.850414813093988e-09
9.863507828688857e-09
9.836423948561688e-09
5.534225142741712e-09
9.257629057175657e-09
0.0
0.0
0.0
0.0
0.0
1.199026637114348e-07
5.565884151757041e-07
0.0
3.5855439279548226e-06
3.4397625600741863e-06
0.0
0.0
1.7635646032531073e-07
0.0
0.0
0.0
4.04412184820408e-06
0.0
0.0
0.0
1.6488281402321512e-06
2.9421844299455154e-18
0.0
0.0
1.6238057831225084e-06
8.375720395775098e-09
0.0
0.0
-5.278099272015358e-09
0.0
3.714407134587218e-05
0.0
0.0
0.0
0.0
1.8225481390336072e-06
0.0
1.4212417360754284e-08
0.0
9.820230938393853e-09
9.82023093889522e-09
0.0
0.0
0.0
0.0
9.857502455557683e-09
4.2680067317112066e-19
9.857502456254968e-09
0.00010980330052448098
5.17539584262003e-06
0.00011517641554634093
-1.8808645395905531e-07
6.701302981704367e-05
-3.753508130190601e-09
0.0
-3.641747140637317e-10
0.0
5.8089732486678155e-09
0.0
5.8089732329772995e-09
0.0
0.0
1.7137156632062796e-06
1.7137156632057282e-06
1.7137156632065466e-06
0.0010213907667497516
0.0
1.1009682124335045e-08
5.6217889139378744e-08
0.0
1.4708341029524174e-10
0.0
5.751251500271842e-10
0.0
3.900328673234199e-06
0.0
2.048366596846566e-08
0.0
0.0
-4.702750728503827e-07
0.0
0.0
3.664464106233849e-05
4.846758584784569e-06
2.0809286488716567e-09
2.0813522146735094e-09
0.000673834365943539
0.0006738441284004061
-3.673400710685551e-10
1.895006733482066e-09
1.8950068266641607e-09
2.081956302737987e-09
2.1448992267884483e-07
6.918933430853915e-20
0.0
4.422121649706654e-05
3.956286629985786e-06
1.754555890935141e-07
0.0
-3.4417396752635786e-10
0.0
-4.838507677493704e-10
4.4211477533077596e-05
3.946406035821162e-06
1.1036232359293025e-16
0.0
-4.1498606860407026e-10
-0.00011075072164663796
-1.6906531247673148e-10
0.00010997644266743859
7.741099138868408e-07
0.00019802034274372067
7.494481136725477e-20
1.7040022497032448e-06
0.00023593815149938296
0.00023593815149938293
9.748559928256766e-09
2.04776235292086e-08
0.0
3.910133894740484e-06
0.0
6.602311058099828e-08
6.602311055047613e-08
0.0
4.334450542401651e-09
4.140406190274805e-09
0.0
1.5988168408628297e-05
6.645011997977345e-06
0.0
3.914412521654603e-06
6.351603003332384e-08
0.0
6.918014252497437e-08
-1.5990352717061736e-05
-6.6546901369356985e-06
1.7427978675767528e-06
0.0
-4.771226931640513e-10
1.7427978675743426e-06
0.0009513551456644945
0.0008389639587386363
0.00011153273013836072
0.0
0.0
0.0
0.00011239117345296656
-1.347289164591427e-11
0.0
3.1545310745418916e-05
3.1545310745419336e-05
6.63919706485137e-07
0.0
-2.6599094461569623e-12
0.0
0.0
0.0
9.85364627044202e-09
-3.936847881595074e-05
0.0
3.968577221557014e-06
0.0
0.0
0.0
3.4590214370519457e-07
0.0
0.0
1.3305461901558563e-07
0.00148057601939389
0.0014805760193941017
1.7545336197832074e-07
9.203075998481589e-08
0.0
1.6058736008387235e-10
1.605873606150864e-10
5.309991138719696e-06
0.0
0.0
1.4978111217404004e-05
0.0
0.02335666524933625
0.00047292627169748773
0.0
1.1436986108505629e-07
1.164871824725115e-07
6.592845954950381e-05
1.7714931409115777e-08
0.0
1.0847503393716911e-06
1.2043937489311912e-06
6.592846847812207e-05
0.0
6.159169846005477e-06
0.0
2.8034114776731415e-06
0.0007074339800478896
6.815359139151271
0.0
8.905383074332465e-05
0.0004225887769441442
0.00028535723575162306
1.917651538802011e-06
1.1398338970493576e-05
1.0452091510950714e-08
2.751372342861719e-08
3.6753015113774644e-05
0.0007388793168879807
0.00075025144026869
3.04636819525916e-10
0.00033169324934313656
0.0
-6.292010103786812e-12
0.00033111938410710116
5.669200774573093e-07
1.5000140648154309e-05
6.742575045860371e-09
0.0
1.9644854720316813e-08
0.0
3.649297705717249e-10
0.0
-4.360013691230569e-09
0.0
0.0
-2.8274321004486845e-08
1.9132466002110657e-10
0.0
5.98118008691444e-08
0.0
0.0
2.2107916329707315e-08
0.0
4.916700534748669e-10
1.3549783368259364e-08
0.00012736894614732
0.00012736894614732004
0.0
8.977420205814689e-09
7.753368132572211e-05
1.3164255064751888e-05
9.959872014039293e-09
0.00019135419186584672
9.97046518062957e-09
1.0825862389223663e-09
9.949372868425702e-09
9.733602111411961e-09
8.89951429195146e-06
5.043023199724565e-08
6.15785722768672e-07
9.585687636209127e-09
9.081453312440357e-05
9.924847180072432e-09
9.765983481207767e-05
9.255906350516364e-09
7.245211252253795e-10
9.960263007076895e-09
1.6520252082936266e-05
9.970857038762485e-09
2.662517469612961e-09
9.949900960232982e-09
0.006421691243938153
9.962578863001931e-09
1.720425074852264e-05
2.183929216951963e-07
0.0
0.0
9.562272848716566e-10
9.617043436529995e-09
4.3421008000497046e-06
1.1380398342735055e-05
1.0825862349143204e-09
3.836221338977658e-07
1.260094034349921e-07
1.0306617955433156e-07
6.400070020938204e-06
3.674317422564323e-05
1.0634900380285064e-07
1.2359669318122922e-06
9.775502632552829e-07
7.020238397811696e-08
8.848079089073926e-09
1.56672526921705e-08
0.0
0.0
5.7638961661803215e-08
0.0
0.0
0.0
0.0
0.0
0.0
0.0
0.0
0.0
0.0
0.0
0.012114091367970481
0.012071927651637948
0.0011259664557044004
0.0
1.4883172020354815e-05
0.0
0.0
0.0
5.279786664353296e-11
1.9563233796816625e-08
0.0
0.0
0.0
0.0
2.4233319006877073e-11
1.5415935993194113e-11
0.0001880187149803267
9.84608665988795e-09
0.0
1.7216668094257918e-07
9.880611549708724e-09
0.0
0.0
3.0819137436542626e-11
8.978597253694447e-09
0.0
0.0
0.0
0.0
5.644055130887662e-05
5.33662880604848e-07
1.808461793790446e-10
9.177527826902158e-09
0.0
-1.7216668094476029e-07
6.002542047213692e-08
2.028953424764042e-20
0.0
0.0
2.057884249275532e-05
2.132771209187751e-08
1.3035972006022845e-05
9.781493830566248e-05
2.0910987213197554e-05
0.0001364824275646366
1.101026386681589e-06
7.569842433006765e-06
2.2281910162352785e-07
0.0
0.0
0.0
0.0
9.853646269736082e-09
2.049767526571055e-05
1.4283978647888263e-05
0.00012031882308940795
9.689800838145416e-05
5.4163730764172064e-05
2.2726149759397173e-05
0.0
0.00013357512035135492
0.0
9.241846413718301e-07
2.0010422969842087e-05
7.465971204052516e-06
4.1395553492486455e-05
3.100257326738659e-05
7.927807166878236e-06
2.965444205279117e-06
1.8475249930517066e-05
6.885671371294523e-06
3.4224137115626513e-06
0.010886568137499995
1.4355045223013782e-08
0.0
5.453198389304161e-09
4.306718326012544e-06
2.284415167525404e-06
5.351138007370705e-07
1.3368647011462874e-05
3.7911866020681223e-06
6.878415284474721e-06
1.1692780054206867e-06
7.748939312077731e-08
0.0
0.0
5.4531344039566025e-09
0.0
1.3932408218320435e-09
0.0020382347657529965
0.0
0.001487313095833515
2.5016517921467664e-07
9.259347317025586e-06
1.3415519007954164e-05
6.080789291415494e-06
2.4249481518813125e-06
4.019549504804743e-06
6.166436327807964e-08
8.93514035473421e-06
-7.898279584712996e-05
0.0009244781489679498
-1.3333511130782388e-08
-0.0073942206724428305
0.005767146668862414
5.368667735194782e-19
-0.006469732629159639
-0.0002677787405637504
1.5829965992722072e-05
0.0
1.4840588441510172e-07
2.705809061977875e-08
0.0
0.0
3.138966339302938e-05
8.108780104824725e-06
1.582996599272196e-05
7.2186967739046855e-06
0.0
3.561247322573451e-06
1.4840588441510717e-07
2.413511340670725e-06
2.70580906198893e-08
4.027370357606949e-06
0.0
3.823416297983091e-09
0.0
8.918212135687482e-06
3.13896633930287e-05
2.3938746097547073e-05
7.216070669345128e-06
3.7096532069886765e-06
2.4405694312905735e-06
4.018188835628689e-06
0.0
4.03078755287177e-05
2.80363885475018e-07
2.803638854712415e-07
0.0
2.724081110876086e-19
0.0
0.0
9.748559927770227e-09
0.00042652161858313525
9.515235371105116e-05
2.3282278418941546e-05
1.2858442134916936e-05
0.0
2.0499082227492561e-07
5.383010327644762e-06
0.0
1.3736677866202867e-07
2.496722417840873e-07
1.2107789551090805e-07
5.443960652684988e-07
1.3378350961079859e-05
3.684942427480897e-06
6.8982244233437205e-06
1.1789515017133947e-06
8.567396500335398e-08
1.3324578976690878e-06
6.1968630605428695e-06
2.500163113019761e-06
7.978466362506045e-10
4.026406246668753e-06
3.80916664746994e-08
0.0
9.004577534992824e-06
8.143336728810486e-06
1.7182850328763482e-06
0.0
1.7561883113695769e-07
0.0
3.876074354504687e-08
2.163337272014681e-06
0.0
0.0
9.808207596559216e-08
0.0
0.0
0.0
6.458291003051701e-07
0.0
0.0
0.0
0.0
0.0
9.259338498731417e-06
-5.515220374920772e-05
0.0
0.0
3.9717711732912406e-08
0.0
0.0
-4.686112244091102e-10
3.4590214370759723e-07
-0.005264830655656734
0.0
0.0
3.3309794181270855e-06
6.988126685578941
-3.3833248427207777e-10
9.73303971034574e-09
0.0
-3.906133658745552e-10
1.1214176552373888e-06
0.0016531232366802596
0.0
0.000387782191741366
0.007641648042352825
5.874726893077512e-05
3.316374291323799e-06
-2.0502344303292652
-0.40036291701782467
7.006292568099001e-07
0.0
6.980649284444603e-05
1.0681795481866923e-09
2.9023646145171977e-07
0.0
0.0
0.0
0.0
4.7521361122009276e-06
9.406010038641468e-09
1.598415962764013e-11
1.5655236950736645e-06
1.5655236950810824e-06
1.0907040079860645e-07
3.476617267825082e-06
1.574470103652206e-06
3.476617267821303e-06
1.565523695076553e-06
3.476617267828992e-06
4.438036144311489e-08
9.688556603912325e-09
2.9447223519375403e-10
2.7160492458123317e-19
4.231557337331969e-05
-4.229817197171082e-05
0.0
0.0
-0.40032092314330114
0.0
0.0
6.990715386639805e-05
2.2777057105829937e-06
5.380485215855706e-07
0.0
3.6923610219989906e-06
3.4291669355660824e-06
0.0
0.0
0.0009244781489679496
0.0
0.0009244781489679496
8.348808179172526e-09
2.277705710583072e-06
5.380485215852035e-07
0.0
3.692361021998909e-06
3.429166935566e-06
0.0
0.0
6.988126685578941
0.4040730873586984
8.090766185788105e-09
0.0
-1.0604417346251358e-06
7.114538953364479e-05
5.92218218537481e-08
1.01106667162267e-06
4.504784625729329e-10
-1.5352127541820256e-05
1.6341639475967416e-08
0.0003025940691169678
3.1413838797317024e-08
1.89732236308875e-06
2.528533449912512e-08
0.0
3.3059362029856685e-05
7.776587588304912e-07
-1.0332039623004248e-11
0.0
3.243990954542684e-08
4.3057752599269315e-06
0.0
0.0
2.755400710962519e-08
0.0
4.885953913362415e-09
0.00012406227376764728
9.6450978198857e-05
3.459021437112388e-07
0.0
0.0
0.0
9.698906329800536e-09
-3.186065948202887e-06
-3.1763353208210856e-06
-3.186065948203937e-06
0.0
0.40074850741645185
0.40074850741645185
1.532963846807848e-05
9.181016017521521e-09
9.181016017611099e-09
0.0
0.0
0.0
4.495843572008503e-05
0.0
-8.85231780530929e-09
0.0
0.00017026990300494677
0.0001702699030049468
6.639197065818135e-07
9.203075979047719e-08
0.0
-9.097159109429485e-09
0.0
0.0
0.0
0.0
0.0
0.0
1.3022281848135373e-08
0.0
2.6430668313403087e-08
8.173210191380734e-08
4.680326254452547e-07
0.0
1.5975897861385134e-08
0.0
0.0
5.712813856400209e-08
0.0
0.003774196598151272
-0.0019291070102422242
0.0
0.0
0.0
0.0
0.0
0.0
0.0
2.655678825705504e-06
8.329099040131964e-08
2.1440694135787194e-05
0.0
0.0
0.0
0.0
0.0
1.6228283071033226e-06
-1.6228283071087805e-06
4.0609614394399656e-19
1.3999740084263047e-18
1.4515218836189947e-18
1.3111301098563497e-18
9.614835980233392e-19
0.0
0.0
0.0
1.3190731718085072e-11
0.0
0.00011131052165127067
6.495430510297474e-09
2.295715607588596e-08
5.778161628025564e-20
2.6083634670465056e-19
-3.6200597236614143
3.62003391399476
-2.5834768529894153e-05
0.0
8.329099039978669e-08
8.329099040018186e-08
1.3189906809506488e-11
0.0
0.0
6.99157163492535e-05
6.990715386639931e-05
1.674328800062449e-07
0.0
0.0
3.381116689458501e-10
3.3811166892141167e-10
0.0
1.3552527156068805e-19
0.0
1.701301472474874e-05
2.0824072000913928e-05
8.329099040077243e-08
2.774795470013132e-17
2.7747954637304432e-17
3.215560566613552e-05
3.2288727641127595e-05
-1.3312197499892875e-07
1.3305461903445668e-07
0.0
0.0
5.6230705797000416e-05
1.583511887011665e-05
0.0
1.3185787931480055e-11
1.3188258947079805e-11
2.80497422116379e-05
9.016356132612054e-09
0.00012040136006624394
-9.254446486078784e-05
6.006817925893875e-06
0.0
0.0
-0.007638485541946238
0.0
0.0
0.0
0.0
-4.41624506874929e-09
2.1394543272724295e-05
3.8110572761656837e-06
3.476010020449929e-05
0.0
0.000434996945978091
3.783799318250587e-09
0.0
0.0
0.0
0.0
0.0
0.0
-3.339847268551674e-10
0.0
8.232790735338606e-08
1.82739637818051e-08
1.8273963934288726e-08
6.639197065829887e-07
6.639197065802449e-07
6.821936705243605e-07
3.154531074541679e-05
4.948909951480817e-09
4.948909951480812e-09
0.0
0.0
1.62282830711429e-06
7.377559490812336
3.159263613574824e-06
9.810252139476614
-9.81025214071965
-1.0498945430440418e-08
8.941975688008237e-09
0.0
0.00021094688862519878
0.0
5.0548913878303465e-08
1.0073970762782457e-06
0.0
1.0425631620489854e-06
1.4473713171977788e-19
2.3031066406531522e-05
8.217399211580828e-05
-0.0025624250993039333
0.0026215732912111484
0.0
0.0
2.303846088993241e-09
0.0
0.0019249657206373075
0.0018492028063797593
2.7959237607596415e-09
0.0
0.0
0.0
0.0
0.0
9.766089561940816e-05
-2.303846084314231e-09
0.0
8.941957909743977e-09
8.232348918877921e-08
0.0
0.002655386783460318
0.0
5.4360413107528675e-05
0.00023907139639024096
2.126256849295064e-06
0.00024120746985702144
2.1262568492946827e-06
0.0
0.0
-1.637486432715433e-09
4.194742906085073e-07
0.0
4.404725140778291e-07
1.1866636808014354e-07
3.2496317121767236e-19
-3.094687777616177e-09
-3.094687777315317e-09
-7.198887924863644
1.5016201670715003e-18
0.0
0.0
0.0
-8.832450305049176e-09
0.0
0.0
-2.5577887789555998e-15
9.865300798495014e-10
0.0
9.865300833407162e-10
9.494232635725933e-10
0.0
-6.980649284444532e-05
3.632520677960832e-19
-6.981815457226905e-05
-6.981910399553223e-05
1.8089130711189027e-14
6.309062149083061e-05
6.746865665730442e-06
5.295505201563351e-09
9.93160711391194e-09
9.931607117769439e-09
1.828001119609886e-08
1.82800112019368e-08
6.309062149083733e-05
7.927807166938938e-06
7.89827958471286e-05
7.927801120180872e-06
6.746865665736183e-06
6.746865665741332e-06
7.927807166934324e-06
7.92794025719433e-06
1.501317865827489e-10
2.773900332300573e-08
6.760959911621494e-07
0.0
0.0
0.0
9.821119407529684e-09
4.2519095920701446e-10
6.579369770410416e-07
6.579369770124123e-07
0.0
9.73175912138956e-09
3.3706976961704853e-10
6.579369769586579e-07
6.354740880699894e-09
0.0
1.7641661767294816e-06
7.92780716689182e-06
6.309062149083389e-05
6.57936976904946e-07
6.579248832287329e-07
1.1857537317007674e-06
0.0
0.0
0.0001385868060049325
9.2955002748904e-09
6.579309300382602e-07
6.579369768259984e-07
0.0
2.803544137980997e-07
2.8035886559416525e-07
0.00010535147471241352
3.459021437091152e-07
9.346883849682612
-9.34688383998461
3.0378495512686945e-10
6.002542047090074e-08
-1.4825514516134824e-05
-1.4825514516134851e-05
1.8142419261633056e-06
3.723597840578016e-07
1.4937246700181213e-06
8.972502453378798
-8.972502375926945
9.780577549080268e-09
3.154531074541358e-05
-0.00020187247834679845
2.1102033595707985e-19
9.815782066793585e-07
-0.00020286238955805871
-0.000201871002505905
0.0
0.0
0.0
1.8142419261589438e-06
5.337773665412668e-07
9.95551036281437e-09
-5.14147935965347e-07
5.620535081823805e-10
1.59496049361881e-05
1.3184018551238275e-05
1.991997628517572e-08
5.622826338002153e-10
-9.749810462179442e-09
-0.0008222637724165228
0.0
0.0
0.0
0.0
0.0
0.0
-3.5486951265443797e-10
1.5199220123014332e-07
0.0
1.416945502037825e-07
6.383908216409761e-10
-6.641566143960318e-12
