0
0.0
1.3160701691327405e-08
0.0
0.0
2.2428321895412295e-07
2.973818054404104e-08
0.0
0.0
2.0662061373509302e-05
5.0157958925629344e-08
0.0
7.470833369782859e-06
0.0
0.0
0.0
0.0
0.0
9.693030737483702e-09
0.0
4.610203994437915e-09
0.0
0.0
0.0
1.0614735552782423e-09
4.841250668131745e-07
7.676282367890549e-09
0.0
0.0
0.0
0.0
1.1012112268829535e-07
0.0
0.0
0.0
0.0
0.0015842051489628553
9.3053866860537e-09
2.2665167966902944e-09
6.348395036046006e-10
9.279239794438566e-09
0.0
1.9624429301325713e-08
1.7469370036304862e-09
0.0
8.986701360093428e-09
4.1133180426726505e-10
3.6383302377007815e-06
0.0
0.0
0.0
4.444819678900459e-20
0.0
0.0
0.0
0.0
3.2693290633014593e-06
0.0
0.0
0.0
0.0
0.0
0.0
1.545449121927101e-18
0.0
3.3818843858881433e-09
0.0
0.0
0.0
0.0
1.23694739211184e-09
0.0
1.2626720040755942e-10
9.62728790610572e-09
1.0152649212872081e-10
1.1243893432294641e-12
5.252471731313037e-10
0.0
0.0
2.746698780436564e-09
8.211160795896842e-10
5.004511082839448e-08
1.0152547262631297e-10
1.4932362189586054e-20
0.0
0.0035934144930467246
4.897851953867185e-13
1.5746435781335765e-08
0.0
4.232408592792851e-09
0.0
0.0
1.1917187422601575e-10
0.0
3.986124955210056e-08
-3.9847425285438674e-08
7.902498088526407e-10
0.0
9.165352429228809e-09
0.0
0.0
0.0
0.0
9.926547878446504e-09
0.0
0.0
9.936003773898263e-09
0.0
0.0
0.0
0.0
0.0
0.0
1.7689249214729074e-10
0.0
1.4932368690251113e-20
0.0
0.0
0.0
0.0
0.0
2.875157379478964e-09
0.0
9.600720004587596e-09
1.4426246939661754e-08
0.0
0.0
5.088037039986552e-07
-5.546127042066473e-07
8.058432655193252e-09
8.99178052766243e-09
9.849484780816858e-09
0.0
5.45793749922697e-09
0.0
0.0
6.849246052682449e-09
0.0
0.0024038618637823067
1.1590030648173991e-08
4.699964392186818e-09
3.076691499377994e-09
8.91584685686747e-09
0.0
0.0
1.0587028274554333e-09
0.0
0.0
0.0
0.0
3.450872126417205e-09
0.0
0.0
3.3322570493111522e-09
5.978777667560639e-09
4.507002349648913e-09
9.373071160745525e-09
8.980169956355881e-09
9.324616886752877e-09
0.0
0.0
0.0
0.0
0.0
-0.0022456780288174216
0.0
4.507002349648913e-09
5.980425078711884e-10
9.153442084619608e-09
0.0
0.0
1.2562057313850053e-05
0.0
1.589588146978388e-09
2.7661443879471796e-06
0.0
0.0
4.084933146596402e-08
1.0060813246373747e-05
0.0
0.0
0.0
0.0
1.6723269545013558e-09
0.0
0.004240293652497229
1.650400079653208e-08
0.004154420520652735
0.0
3.430647487369768e-05
0.0
7.25730030918291e-09
9.031010092352897e-09
9.946704656318172e-09
4.380548307430606e-20
0.0
3.708848759911437e-05
6.545402452839082e-05
0.0
1.561708192719094e-08
4.015906025645928e-07
0.0
1.2610146233476701e-09
0.0
0.0
9.083858549951803e-09
3.807160243313179e-09
0.0
9.542478358192627e-09
7.711779479399015e-08
6.733336484210086e-09
1.0741768194242851e-05
6.898868485640007e-09
2.881982058586543e-05
9.313104192319994e-09
3.0102620908065083e-07
6.2613219496696595e-09
0.0
1.3267893587018186e-09
9.143793382160842e-09
0.0
9.65680063960417e-09
9.394044362787942e-09
9.06295906483444e-09
7.329906535766283e-09
0.0
1.6075815057294214e-09
8.989086646000025e-10
0.0
9.103967557027277e-20
9.923450170260152e-09
9.7389734781575e-09
9.738708552360238e-09
1.692057891911937e-10
0.0
8.251744584263633e-09
9.897033779545619e-09
1.3484086246797486e-11
9.264258349788725e-09
2.6603719274167126e-12
9.855128702338844e-09
0.0
0.0
1.1905378769460544e-10
-0.000173589379353023
0.0
0.0
0.0
0.0
0.0
9.063594291015907e-22
0.0
-0.0035606307859816664
7.706437227708601e-24
9.950132987145291e-09
9.96062412425305e-09
9.906107137395172e-09
0.0
0.0
9.314346149444866e-10
4.814492894943577e-09
0.0
0.0
-5.7397776806314416e-05
9.805238463324637e-09
9.779213731281773e-09
9.74543769060055e-09
1.0790601276659165e-09
8.99632957183135e-09
0.0
0.0
4.699661259439398e-09
0.0
0.0
0.0
8.82898122842058e-09
0.0
0.0
2.9101030667974204e-07
7.106284786672888e-09
2.7456480987409854e-20
2.5305684477750068e-09
9.22289125037789e-09
6.788901250026343e-10
0.0
0.0
2.1347211815553865e-08
0.0
0.0
1.3122790240851572e-19
0.0
-3.4467242374531734e-05
1.1018853282833983e-07
1.411360249126042e-05
9.693082045372667e-09
9.437855656506301e-09
8.702570389555896e-09
7.417816612665485e-09
9.814879839128342e-09
0.0
0.0
1.0818737714644885e-06
0.0
1.0091162697631226e-08
0.0
5.3328033698210514e-09
0.0
1.040750978679229e-09
0.0
7.902498088295857e-10
9.94764779881121e-09
9.87187817938096e-09
1.5720948568746166e-19
0.0
9.496826550013279e-09
1.1216739807487627e-07
0.0
0.0
0.0
0.0
0.0
0.0
0.0
0.0
1.1274480211790456e-07
0.0
3.3410814207114525e-05
0.0
0.0
0.0
9.413345441245631e-09
3.03280533671477e-09
6.64708484821475e-12
1.1961174894675561e-06
5.098421757046899e-07
4.2798518613631006e-07
2.9493211514619336e-08
0.0
1.351055089696476e-07
0.0
-2.065228308738817e-05
-2.065228308738788e-05
-4.058326632921076e-08
-4.058326632911637e-08
6.481060116237179e-09
8.95668192777304e-09
5.467289088938215e-10
5.219620986695897e-10
9.974427266048384e-09
5.003905631728097e-10
6.089610387693874e-09
0.0
9.93324712707952e-09
9.95508456620076e-09
9.98015558039041e-09
9.97442726947864e-09
-2.63157617950957e-10
1.7024382109633545e-07
9.285470740950779e-09
7.035970855952686e-08
0.0
2.4521901243372495e-07
4.71420194836689e-10
3.2870564973830686e-08
3.3170156075681603e-07
2.0609565213662975e-07
2.956725247295891e-10
1.0442765830955714e-07
2.6308316949446494e-10
4.921530778234169e-08
1.3665855217910154e-08
0.0
4.3802623402698416e-08
0.0
0.0
0.0
4.8899706425576756e-08
3.4967429104654463e-09
9.233415511715609e-07
1.4569221964830145e-07
1.3996008320553186e-07
9.030725998891729e-07
1.4227771781319167e-08
3.9724199390174763e-07
5.296925326741101e-07
0.0
1.452599787870551e-07
0.0
5.669439570723559e-09
0.0
0.0
0.0
0.0
0.0
0.0
0.0
4.278866991058943e-06
0.0
4.841250668142743e-07
5.473704417975881e-10
5.137647834153407e-10
5.412603071818682e-10
5.326584146531216e-06
5.732766412216703e-08
5.266946778701922e-06
3.111787204640423e-05
5.266946778809707e-06
1.3659432378492955e-06
5.669037748590933e-06
3.333795320782698e-07
5.88260776343737e-07
4.164711702546391e-06
4.164711702658966e-06
4.16471170276976e-06
0.0
0.0
-4.841250668133755e-07
4.841250668135842e-07
2.9547981211667363e-18
1.984029757100129e-08
1.990187087551243e-08
1.9960960558290056e-08
1.9949047184726273e-08
5.326584146504262e-06
5.732766409559343e-08
5.266946778674638e-06
0.00014641753770212808
5.266946778783019e-06
1.3659432378237556e-06
5.669037748564503e-06
3.333795320531597e-07
5.882607763178819e-07
4.154966393361559e-06
4.164711702630941e-06
4.154966393585714e-06
5.3265841464769e-06
5.7327664068627755e-08
5.266946778646836e-06
0.00014641753770210127
5.266946778755814e-06
1.3659432377977974e-06
5.669037748537567e-06
3.3337953202762935e-07
5.882607762915111e-07
4.16471170260248e-06
4.164711702714359e-06
0.0
2.655576251350159e-09
3.8102849360456853e-10
4.745140105853141e-10
4.610203994114582e-09
6.947301421440063e-11
0.0
0.0
0.0
1.570347834714865e-10
4.193204564890215e-10
0.0
9.818769334937261e-09
3.873210419213125e-10
1.316070172593638e-08
-1.1012112270320694e-07
1.1012112271814364e-07
5.7652172675283085e-05
0.0
5.4957044698928945e-06
9.023708745356693e-06
3.724520097726148e-05
2.516389987255929e-06
1.1365175502762318e-06
0.00014976847524014194
0.0
1.6070261688499007e-06
2.415825475775081e-05
0.0
6.481060114964372e-09
2.4756218101881714e-09
2.0030008591741712e-19
1.89362439293617e-07
0.0
0.013224283941996035
3.2103835453737016e-10
0.0
0.00023436841333768048
0.00023434935439586163
0.00016889532986744463
0.00016771423824295077
0.00016770662139893762
2.1312968916193695e-05
2.1819217906276535e-05
9.022155969769566e-07
-9.305386686024597e-09
0.0
3.2358552561659315e-05
0.0
0.0
2.331958096981685e-16
0.0
0.00018392281255403406
7.281461659339903
6.348395035825513e-10
0.0
0.0
0.0
-1.0120704316431493e-08
9.027527324080693e-07
0.0
0.0
0.0
8.066070285449773e-08
8.066070284276573e-08
3.958647640188031e-07
-0.001718448723793856
4.41451571307285e-05
9.130617116164674e-07
0.0
0.0
0.0
9.487863366679295e-09
9.487863373043102e-09
0.0
0.0
0.0
-0.00023435910795097594
-0.00023434935439584255
-0.00016889532986742208
-0.00016771423824292822
-0.00016770662139891507
-2.091078492031783e-05
1.927325725673522e-06
3.234293989673246e-07
2.785350090553466e-06
8.82519922933636e-08
4.1132929784284247e-10
0.0
2.772815371304912e-16
7.503508516290558e-06
7.50350851602688e-06
-8.825199226177721e-08
1.9642131567439457e-06
4.567120578062593e-07
4.916341624551119e-06
8.842091330529578e-06
1.3235533235602464e-05
1.0939572145567336e-06
2.519545537036104e-06
2.905279820345528e-17
0.00021032492720374492
-3.6383302377001035e-06
3.6383302376991836e-06
-0.31728111988726104
0.3156969147382982
-0.001584205148962855
5.517238731915386e-08
0.0
0.0
2.146643769388634e-08
9.973872312202785e-09
5.405217773661361e-10
-6.363495557786923
-1.9032862983343186
-3.4517755625787495e-08
1.1012112294697694e-07
3.34549101506736e-08
3.016660443239644e-05
7.631592853926596e-07
5.573834602178218
-5.57383456226235
5.435315505656787e-10
0.0
0.0
9.939476940341091e-09
9.939850529747447e-09
0.0
4.311116072689468e-08
3.44573976562549e-05
-8.005523016198224e-09
2.4319658562792917e-06
0.0
1.795030754984418e-06
7.957097048894746e-09
0.0
7.266433653794844e-07
7.439870900547589e-07
0.0
0.0
0.0
6.624841465175066e-08
1.8544531175423042e-07
1.6653203303510977e-07
0.0
9.359389995379003e-09
1.1274480212960405e-07
0.0
5.16368265534034e-10
1.4169512487216857e-06
4.460363231106402e-07
1.910964808593274e-07
1.0204099426924158e-06
2.703378807696535e-07
3.790952227059144e-07
5.836321259841572e-07
-7.105763929820519e-08
4.444436526261072e-20
2.2428321876775553e-07
2.422930492648398e-06
2.431965856268066e-06
-2.4256730845164636e-06
1.973554351882505e-08
1.4153344185340983e-10
1.4153344024963207e-10
3.668376062980818e-08
6.996147825439429e-07
2.3019807486417132e-07
3.4344211977971037e-10
4.313415081465602e-08
2.3525637359235663e-05
9.600568199186067e-08
-2.9135098323251896e-05
2.285205863872207e-07
0.0
0.0
2.9017680747081
-2.9017740251026023
2.690822715632606e-06
-3.2693290633012035e-06
6.835666283803139e-09
-4.951922475245794e-09
0.0
3.345682320581732e-06
5.709801750481606e-06
0.0
0.0
2.0257720666924286e-09
0.0
2.688970082245923e-06
2.6889700822442133e-06
9.950818996878167e-09
9.950818835591235e-09
0.0
2.025772066050372e-09
0.0
3.3725344098182636e-09
0.0
6.137804626601126e-07
6.137804626616799e-07
0.0
9.21901004957541e-07
0.0
1.9525763969721466e-07
0.0
0.0
0.0
0.0
-1.0733638368694813e-08
0.0
-8.84964244942233e-09
8.20500466640111e-12
0.0
7.190510144472592e-06
3.212185617752625e-07
9.683388004817309e-09
5.445879593357861e-10
4.731622660541841e-10
9.035738482544383e-07
0.0
0.0
2.415825475774773e-05
0.0
7.655937444453832e-09
7.655937454619365e-09
0.0
9.49121544784515e-17
1.399623651351448e-06
4.263275914309196e-07
1.9521047955467453e-07
1.011431833169668e-06
2.7793243323856327e-07
3.822505775659375e-07
5.821590253549606e-07
5.645895053911096e-07
3.038446637333712e-08
4.721131144995413e-06
7.830659497357446e-06
1.295760080236235e-05
7.11706636988134e-07
1.9373865116789598e-06
0.0
0.0
0.0
4.580456533542381e-06
3.825211383576522e-06
3.391468250227458e-05
8.46407008387868e-05
8.464408272317266e-05
8.464070083878688e-05
8.464070083878679e-05
8.464070083878692e-05
0.0
0.0
5.00838787205746e-09
2.895020483714758e-05
2.8950623820383986e-05
0.0
-6.937751878864231e-08
4.3367283289988474e-08
5.942809687604525e-08
0.0010763086233190758
8.204295007339241e-08
8.204295002514526e-08
0.0
0.0
0.0010762790594555658
5.223419584074992e-10
-7.471759205857076e-05
7.925872627432478e-10
7.92587261135243e-10
0.0
8.679173588712567e-07
0.0
0.0
8.559972817882075e-07
0.0
0.0
2.0899444440981635e-08
4.058636452060731e-10
0.0
4.235164736271502e-21
4.317914140213732e-10
2.696257360249457e-07
7.471759205857076e-05
0.0
0.0
0.0
1.934650143692897e-08
0.0028739882035232708
-0.0029514538977340327
0.0
0.0
3.059183375200709e-05
1.9521379122411557e-05
0.07902887708071757
-0.07907899023520165
-1.23694739062488e-09
8.642204861657543e-20
0.0
-1.2043832759485508e-05
0.0
1.1387074821568306e-07
0.0
1.0595879444266469e-05
9.361935091260043e-09
0.0
1.0817170602204353e-10
1.481416440053693e-09
0.0
0.0
0.0
3.445739765627377e-05
9.674885292855274e-09
0.0
8.849602954963447e-09
0.0
0.0
0.0
0.0
-1.9825051765985908e-10
0.0
0.0
0.0
0.0
0.0
11.033002102300612
-1.0152649212872081e-10
7.470833369783008e-06
0.0
-11.033002102199086
0.0
0.0
0.0
0.0
0.0
-5.258203598740064e-10
4.841250668141524e-07
1.5201974966043873e-08
2.9720502537816183e-07
0.0
1.4172259726171147e-06
1.923868959546305e-07
0.0
1.6096128685717823e-06
2.8903380566029795e-05
1.8358478951444301e-07
2.7998732693176278e-09
0.0
0.0
0.0
0.0
0.0
0.0
2.4886481936248602e-09
5.589347227070838e-16
5.5894434214973735e-16
5.603426289707477e-16
5.601855362596835e-16
3.2121856174846995e-07
4.3642822460245634e-10
0.0
1.73430577164032e-08
0.0
1.5895881459691922e-09
8.59629673481334e-08
6.675216793757119e-08
4.2505461789919196e-11
0.0
0.0
0.0
0.0
1.1579898149007627e-06
1.1079447040743648e-06
-5.00451108276091e-08
2.8819820585865286e-05
1.367579823736919e-06
4.546464556151025e-07
4.879341632469817e-07
0.0
2.4892687255911547e-07
6.873880526351924e-08
2.8687418888316736e-08
1.3675798237395339e-06
4.5464645562023513e-07
4.87934163248652e-07
-7.98738271365145e-09
2.489039826779725e-07
6.873880527137233e-08
2.867562365338472e-08
0.0
-1.0152547262631297e-10
3.218642020357502e-07
5.253887187794111e-10
0.003198194755854502
0.0031981947558545024
-0.0035934144930467316
-0.003593342561103996
4.568517571635841e-07
0.0003870874505075205
-4.897851953867185e-13
0.0003875443017748989
0.0
0.0
2.3398459395406017e-09
9.318437276028941e-09
7.436770978804329e-06
0.0
0.0
1.4838608919880024e-05
1.4838608919880092e-05
1.4838608919879989e-05
1.484284132847273e-05
1.4838608919879953e-05
0.0
0.0
0.0
6.575348004281993e-09
0.0
1.0718923937108491e-10
0.0
0.0
0.0
0.0
1.0010053290611002e-08
8.644225862356336
0.0
1.9222521321689325e-08
-8.644225891588912
0.0
8.644225872485565
1.1917458588982938e-10
7.56150146108559e-06
3.2218973269742383e-07
9.947379110799417e-09
5.143503714660597e-10
1.1984313928153953e-11
3.006132738075332e-08
-3.0061327369924635e-08
-4.1196284789084747e-07
-2.3746543631923602e-05
5.787861980799391e-07
1.630590022546635e-06
0.0
1.4932198202349198e-10
4.160637139007257e-06
3.9847425285438674e-08
4.1606233147405915e-06
0.0
-3.0450915586860625e-08
1.144619883534032e-19
0.0
0.0
7.207531685597403e-09
7.207531685360998e-09
0.0
0.0
1.3606420846705191e-09
0.0
0.0
9.56276627246183e-08
1.3084787580534618e-19
1.3753629759327444e-07
0.0
0.0
0.0015347838247026025
0.0
0.0015347917197351946
8.711076807467019e-10
3.1435980544798135e-05
0.0070348418532792945
5.796994006420547e-09
0.0
7.600551100777179e-06
6.252282575906753
-6.252282536090649
9.955679417905476e-09
9.260866403205514e-05
-1.373126393781958e-06
-1.145317038022836e-10
-1.1453170357616171e-10
2.346910952178241e-05
1.0785978188444132e-08
-1.3981303529761527e-05
1.9956181995076146e-08
5.441557268046673e-10
3.692350042995078e-06
5.008332829704832e-07
3.3541852406878465e-06
8.243388380869721e-07
5.208773532285479e-06
1.266015102492973e-07
3.2096156142491203e-06
2.598174056516017e-07
2.060825441857177e-11
5.452229438458293e-10
6.089610388273811e-09
7.77449608103555e-06
7.763986475346762e-06
0.0
-7.4708333697829125e-06
3.1525829818850875e-05
7.836976297064174e-07
6.212579450474279e-07
1.0169783630197074e-06
2.6820717191434305e-07
4.504156611758868e-07
5.746368838923844e-07
1.5774062347755894e-08
0.0
0.0
0.0
-4.937730641990649e-10
5.158484094018712e-10
0.0
1.385169886940648e-06
1.990473159044481e-08
9.955835983136633e-09
0.0
0.0
0.0
0.0
0.0
3.571818078112636e-07
0.0
-1.326322263188424e-05
5.407575054201887e-10
1.9950147710380606e-08
9.976036762296414e-09
0.0
4.414515713072937e-05
3.958647640192942e-07
0.0008445376694913584
0.0
0.0
-9.935202273999178e-09
0.0
4.52361650295202e-09
0.0
0.0
7.763986475342768e-06
7.763986475340962e-06
-4.323449591435226e-10
0.0
0.0
1.6408824721901573e-11
1.6416337497605095e-11
1.6412890929029263e-11
-1.560073267740784e-11
0.0
0.0
0.0
2.766618253735006e-07
-2.59965219231106e-07
0.0
0.0
0.0
2.2428321891689654e-07
0.0
0.0
0.0
3.571818078075357e-07
6.61715010873426e-08
5.407820272032846e-10
1.9946784880504712e-08
5.393133998863819e-10
0.0
5.3877997607655926e-09
3.461586637678948e-09
2.457624563482683e-10
0.0
8.210808849233438e-12
5.150305543308938e-10
4.211188860636058e-10
0.0
0.0
0.0
-2.0328790734103208e-19
0.0
0.0
0.0
1.895902223962332e-18
0.0
0.0017824457299450759
0.0017824457299450756
0.0
9.793726507411957e-09
2.8760207458444333e-05
0.0
9.487762182049599e-09
0.0
9.975356112159859e-09
0.0
-5.578154037357244e-07
1.9091334143549236e-09
0.0
0.0
-9.017482056417406e-09
1.8626725776613903e-10
4.943060756329663e-10
-2.168404344971009e-19
1.0077451907611077e-06
1.4227449076224975e-06
1.9780784081844258e-08
4.218160695692921e-10
7.945480978062702e-09
2.4894624517999543e-09
0.0
0.0
-2.5741314351386714e-09
6.928740224442121e-08
0.0
6.699211236341494e-08
0.0
5.276414731824894e-06
0.0
3.112690958507149e-05
0.0
1.2662528246153923e-06
4.000693954221131e-06
1.3754594639521131e-06
0.0
5.678239533063931e-06
0.0
1.8034114007885077e-07
1.5303839202469569e-07
5.978605440061405e-07
0.0
1.1630672840714259e-06
3.0016444185033254e-06
4.174016884643274e-06
0.0
4.174016884753475e-06
0.0
0.0
0.0
0.0
0.0
0.0
0.0
0.00023435910795098144
0.0002343493543958495
0.00016889532986743023
0.0001677142382429369
0.000167706621398922
2.1322747768216105e-05
2.1819217906259188e-05
-9.022155969945478e-07
6.075932489619097e-06
6.085501511657338e-06
1.3727588924299336e-08
1.3727588925291838e-08
2.8819820585862464e-05
2.8819820585864842e-05
0.0
0.0
0.0032412489382588894
0.0
1.30386326697716e-08
0.0
0.0
6.313210494986829e-07
0.0
0.0
0.0
-1.720227628966897e-10
-4.951922474320442e-09
-4.9519224746720195e-09
0.0008417019842810267
0.0
9.377130125478771e-09
0.0
0.0
0.0
0.0
0.0
1.847930684825407e-07
7.88079984683038e-09
4.2669228740938357e-07
0.0
0.00014774397599820233
0.0
5.538383529253394e-07
0.0
2.3982652621648998e-05
5.609964883918886e-08
0.0
7.28857560346113e-05
1.171185517327174e-06
0.0
1.3601023675282274e-06
8.99176860185718e-07
1.4187550504280663e-07
1.02064737458855e-06
2.361089897339254e-07
3.7952904781610655e-07
5.691156588666727e-07
0.0
0.0
0.0
0.00021891145021138403
0.0
0.0
5.0336085924418406e-09
0.0
0.0003160015012047823
4.677805741100383e-06
0.00010055726917564619
0.0
0.0
0.0
0.0
0.0
2.157606766489228e-08
0.0
0.0
0.0
0.0
0.0
1.4495582997998232e-07
0.0006215618084930242
0.0012014108221932278
-5.184890241594076e-07
0.0004750685840234295
0.0
0.0
0.0
0.0
0.0
4.137252390341189e-08
4.167021199371908e-08
1.9665197642099332e-07
5.593894246361854e-07
5.593894246361288e-07
5.593894246361003e-07
5.692389094169106e-07
5.593894246360937e-07
1.0951030670537878e-06
1.6687829541970486e-08
-0.00010410029699059464
7.25535199502744e-07
0.0
0.0
1.4154733402987167e-06
1.4154733402987897e-06
1.4154733402986955e-06
1.420931277797879e-06
1.4154733402986637e-06
4.781752297498459e-08
1.6869171808366038e-07
0.0
4.0573419342459706e-07
3.965522707903422e-07
3.9942742816980455e-07
4.057341934245105e-07
3.994274281698004e-07
1.4059485451013106e-06
0.0
0.0
2.7744139411216684e-06
2.774413941121746e-06
2.774413941121661e-06
2.78126318717431e-06
2.7744139411216345e-06
2.6029246205390156e-05
1.099535785514205e-06
0.0
2.198949725184588e-06
0.0
0.0
4.604507988862692e-08
3.408501482952738e-05
0.0
5.1867900637923145e-17
0.0
1.5392678717681312e-06
2.4210883575211917e-06
9.498160441017573
0.0
0.003520601639747494
-0.0024038618637823067
0.0059244760073756805
0.0008773722833423712
0.0061642388662100835
0.0
0.0
0.0
0.0
0.0
0.0
-3.0766914992813067e-09
-3.076691499335517e-09
0.0
0.0
-2.1391584159228974e-09
4.804157538935135e-05
0.0
0.0
0.0
0.0028979143425795634
0.0
6.596142350462007e-09
0.0
0.0006353348862810039
0.0006353348862810039
5.94174016317746e-05
8.86351091835073e-09
0.0
0.0
-9.687744766118112e-09
0.0
9.105928015437934e-09
1.732759737067892e-08
1.9708731680708577e-08
0.0
8.978109524273505e-09
0.0
0.0
1.4731006304411308e-09
0.0
0.0
-0.00018024666544457814
0.0
0.00011983206260476752
5.483040617371464e-05
0.0
1.6759694009425595e-10
0.0
4.587294703119157e-10
0.0
0.0
0.0
0.0
3.957175546738619e-09
0.0003526033563719889
0.00035261094766134176
0.00012939236386612165
0.0028916627496658742
0.0
9.639263974365627e-09
9.639263972573923e-09
3.9642358958449484e-09
0.0
0.0
0.0
0.0
0.0
0.0
0.0
0.0
0.0
0.0
0.0
0.0
0.0
0.0
2.339847031692479e-09
0.0
0.0
0.0
0.0
1.6997242761201664e-07
0.0
1.2730582536745126e-08
0.0
9.814923661092016e-09
3.835230979514548e-10
7.274705524567373e-09
0.0
0.00328965185244251
-1.1832181972971229e-05
1.4254380916347168e-05
0.0
0.0
0.0
1.8436691547102977e-08
1.1712342808540034e-05
1.0140379034788231e-07
4.77484189439438e-07
0.0
0.00018699764511372256
3.562820410007647e-08
3.5628204124068964e-08
3.562820407621182e-08
3.562820403445848e-08
-1.111307226797642e-18
3.878899451239051e-05
1.392834337243104e-05
11.113722419552444
0.0
0.0
-4.080954074670018e-09
5.3334242422529995e-09
0.02962519155370826
0.005738040475453421
0.0
0.0
0.0
0.0
0.03536323048797337
2.339847176157771e-09
2.3398468354608893e-09
2.339846587484118e-09
0.0
0.0
0.0
0.0
0.002245720190678056
0.0
-8.018891073485788
8.021136751514605
11.10798437907699
0.03536323048797337
0.00020167632069018786
0.0
0.0
9.910654021120347e-09
0.0
0.0003526109476613402
0.013224274190346108
2.814536043000337e-07
1.508052802135387e-07
-0.003075143956731502
1.0995051641431428e-06
1.9658336839563004e-08
2.422198943371631e-06
-1.3158895979044523e-08
4.040488023625837e-06
0.0
0.0
0.0
-0.03445727937628223
0.02123335482751282
9.726047174455146e-09
0.0
0.0
0.0
3.593301764957498e-05
0.0
7.906100955299562e-09
0.0
0.0
0.0
0.0
2.3131734600111058e-07
-4.0849331465058364e-08
0.0
0.0
2.8345841179748085e-06
0.0
0.0
0.0
8.896389842591467e-05
0.00024183128593890937
-6.442807233135655
6.4427971723224084
-1.0060813246373654e-05
6.830955304581552e-07
1.6619530311544286e-05
0.0003034226458169137
-2.766144387947025e-06
1.08459898150477e-07
0.0
1.0064028090599406e-08
8.11557284241619e-07
0.0
7.435271558206584
-14.284226914961353
6.848942794697457
-1.256205731384866e-05
0.0
9.359390035858928e-09
9.359390078293747e-09
9.359390061813468e-09
2.8725134342207963e-06
2.7900688826292156e-06
5.41372129515289e-10
0.0028855673688875584
0.0
0.0
8.122066439830096e-18
0.0
1.0637009096775515e-08
6.315444911773626e-07
0.0
0.0
5.413449995032933e-09
2.9404919382870178e-06
0.0
0.0
1.4831411731970433e-08
2.4445629636594184e-10
2.149653755544388e-05
1.37086218429502e-05
3.9899554034945704e-08
5.42400147791813e-10
4.212036956412636e-06
4.212036956405364e-06
5.419875273652338e-10
2.1486638674779073e-05
0.0
3.113500705636968e-07
2.717177672713807e-07
0.0
5.105427807006584e-10
2.8145360432667585e-07
0.0
0.0
2.794471558620426e-08
5.054289050209029e-07
0.0
0.0
5.708668729798834e-07
1.731362344716917e-10
1.0406293380397209e-07
0.0017850760178784175
9.97321822330854e-09
-0.001785066044660193
0.0
0.0
7.607035353191744e-10
2.711401395873682e-10
-0.00415441960987728
-0.004113329127314236
0.0
3.4306474873697676e-05
-3.4306474873697676e-05
-7.016350111772686e-09
-1.5974314384650667e-08
0.0002343591079509894
0.0002343493543958559
0.0001688953298674377
0.00016771423824294383
0.00016770662139893068
2.132274776822478e-05
2.181921790626786e-05
-9.02215596985305e-07
0.0
4.2503747788690626e-11
0.0
0.0
0.0001866591909673674
2.330776150017529e-07
0.0
0.0
0.0
0.0
2.3398478367894906e-09
2.3398475812333092e-09
2.339847987854938e-09
2.3398479365932263e-09
2.3398477332973437e-09
2.339846287782321e-09
0.0
3.101868260388908e-08
1.976358022339951e-05
3.092013921859147e-08
-6.544421392046802e-05
0.0
9.48745819569448e-09
0.0
0.0
0.0
0.0
6.157781627807789e-09
1.0104609564983054e-09
7.168242584213347e-09
0.0
0.0
0.0
5.730559055185094e-14
3.708848759911345e-05
-3.708848759911406e-05
0.0
0.0
0.0
0.0
0.0
-0.11246520273263982
0.11243156111035181
3.364162228837145e-05
-6.695360558323094e-05
2.972758168658924e-05
1.375362975284929e-07
0.0
2.6253597510726887e-07
-6.544422717892288e-05
7.441542114143003e-06
0.0
0.0
0.0
0.0
1.3170241978193795e-06
9.972595821890593e-09
9.972595638174653e-09
-0.004240294413950352
6.83228517659451e-10
4.73043685328251e-11
9.236369494976762e-09
0.0
9.23636961532235e-09
9.236369734398767e-09
1.114072928215526e-07
-8.001256445539832
8.001256435621055
0.0
7.392101223198212e-06
9.474369612013989e-09
-0.0001860096087303355
0.0001860298494404333
-1.5617081927195222e-08
-1.5617081927195222e-08
0.0
0.0
0.0
-3.9586476402019705e-07
0.0
0.0
-3.827172180625405e-07
-4.015906025645467e-07
-2.4229304926518674e-06
5.1844685043863344e-06
5.402612746733437e-10
7.469728708563214
7.4697287073022
0.0
6.932108878952865e-09
3.7938141576894107e-06
4.4292649247210964e-06
0.0
0.00016099614148042595
-0.00016097619454491507
9.973327307376637e-09
3.24982976375568e-09
5.490397675972865e-09
1.0732888998813136e-05
-1.0732888998813209e-05
-1.0732888998811474e-05
1.0732888998811567e-05
0.0
0.0
0.0
0.0
-4.4145157130727475e-05
3.8618924212311904e-07
3.948612405326471e-06
2.160992971629436e-07
5.7652172675291407e-05
5.765217267528824e-05
5.765217267528475e-05
7.925872670226257e-10
0.0
0.0007928967829129363
0.000792894126566932
-3.807160243096339e-09
2.51516625422379e-06
9.46854772672511e-09
-6.75172466425358e-08
-6.751724664305822e-08
4.1132428515728125e-10
0.0
2.2821944927887785e-09
3.336153234341686e-08
3.417449121193559e-10
9.772618513759303e-09
3.4175156722711326e-10
9.77262525309835e-09
2.0048280910845443e-05
2.6700492937668645e-06
5.290677602526442e-08
2.6017525967429815e-06
2.0048280910846744e-05
4.058326632897057e-08
2.689291120923713e-07
0.0
2.5025456849198247e-07
1.724296580005928e-06
8.43965583842087e-10
1.0732888998815247e-05
0.0
4.916734885335572e-08
-1.0790935543095409e-05
-1.0732002332130923e-05
1.006402806121244e-08
2.881982058586509e-05
0.0
7.257300306929415e-09
0.0
0.0
1.138774093470988e-08
1.4156168794923811e-08
1.846143778759128e-08
9.313073672438917e-09
0.0
-9.313104191546501e-09
2.882491641393965e-05
0.0
2.912844677789753e-07
0.0
0.0
3.3751327552262083e-09
0.0
0.0
0.0
0.0
0.0
2.429180903056233e-08
0.0
0.0
0.0
0.0
0.0
0.0
0.0
0.0
0.0
1.9024693835880115e-08
1.70243821096115e-07
9.285470740088926e-09
7.035970855957517e-08
0.0
2.4521901243335e-07
4.714201931848216e-10
3.2870564972727684e-08
0.0
0.0
0.0
0.0
0.0
8.438344581028776e-09
9.435441200664664e-09
3.259189370738311e-09
9.035651533887248e-09
8.14326548685289e-09
6.190979933724511e-09
1.6067034264565177e-09
0.0
0.0
3.443925832692342e-07
1.713286802633925e-07
8.492710490724418e-09
1.2031981893151782e-07
1.1708649383902001e-08
0.0
7.336711060018358e-10
9.299391251933603e-07
0.0
1.4167810232938865e-07
8.912121803833479e-07
2.146064857570668e-08
4.154713161922404e-07
5.48847247730757e-07
5.578154037345792e-07
7.470833369878026e-06
0.0
9.865311955440175e-08
5.280027828232377e-05
6.067079098074195e-05
-2.913612523435349e-07
0.0
0.0
0.0
0.0
1.1632623147449903e-06
0.0
1.1576995677781101e-09
1.1576995681088246e-09
0.0
0.0
0.0
1.2005502047831704e-08
9.529880239008567e-09
0.0
0.0
0.0
0.0
0.0
0.0
0.0
8.267867714584036e-18
0.0
5.9731932065154476e-05
0.0
5.972415538039353e-05
0.0
1.181374659885796e-05
0.0
9.850646487036113e-09
4.1880360878001095e-10
0.0
0.0
0.0
0.0
0.0
0.0
2.8647737641868165e-05
2.8647737641870246e-05
2.864773764186692e-05
0.00018393166250456035
7.518662784307995e-20
1.276356304491527e-07
3.4274614962806564e-07
0.0
1.2362958832736287e-07
0.0
0.0
0.0
0.0
1.1427967819066972e-07
1.288071911993026e-08
0.0
0.0
0.0029001400084652934
5.352832802272391e-08
2.3008396991636813e-05
4.831242351881917e-07
3.6203687008727193e-07
2.4875954540229294e-09
2.488151630863185e-09
0.0005225459215022836
0.0005225468204107702
0.0
8.849642308046932e-09
8.849642292072202e-09
2.4890851359107065e-09
3.387109430680844e-07
0.0
0.0
0.0
0.0
1.3863893550549087e-07
0.0
-3.0825971631096945e-10
0.0
-3.0852131473145235e-10
0.0
0.0
1.0337026579984593e-16
0.0
-4.907131833726736e-10
-0.00016463919170536594
-1.692057891911937e-10
0.00016462608099838142
1.2941501195341513e-08
0.0
0.0
2.8647737641869324e-05
-8.136341095332268e-09
0.0
0.0
1.2874672062825482e-08
0.0
0.0
0.0
3.4337963589861757e-07
3.433796356306615e-07
0.0
0.0
0.0
0.0
0.0
0.0
1.1451712511125849e-07
3.281128539774478e-09
3.337380128114267e-07
0.0
1.4755352131049637e-08
2.2656153317844336e-08
5.691033254480655e-09
6.955965281175171e-07
0.0
-4.646200872010432e-10
6.955965281242649e-07
0.0023200692934393155
0.0005476207571107382
8.051237414856403e-06
0.0
-9.264258349796866e-09
0.0
0.001772448522844491
-1.3484086246797486e-11
0.0
2.8824916413935463e-05
2.8824916413936486e-05
2.3398474254423757e-09
0.0
0.0
0.0
0.0
0.0
9.793726509638198e-09
-2.614378711196432e-05
0.0
4.512629310020523e-07
0.0
0.0
0.0
4.841250668140383e-07
0.0
-4.2323049764433323e-10
1.1012112274803632e-07
3.864227872120429e-05
3.8642278721690015e-05
1.386367069010851e-07
2.2428321894178911e-07
0.0
4.870025618655036e-10
4.870025660305333e-10
0.0
0.0
0.0
1.3813190955589242e-07
0.00019329902506012048
6.189420995959415e-08
0.0004837971715544507
0.00569153254976537
0.0
5.603516109117076e-05
6.650549002954328e-06
0.0
0.0
4.074520716966772e-05
5.842632046818807e-05
6.650557939139426e-06
0.0
0.00020771766978655207
0.0
0.0002444530970969698
0.0005153732929200496
8.012984206987353
0.0
-1.903241325820348
7.569483171580155e-05
9.125918599138527e-05
-1.6029559082647235e-08
2.1181308032049465e-08
2.536615305804901e-08
-1.1443888385097994e-08
-1.663114491934868e-09
0.000173589379353023
0.00017365171624755815
0.0
0.0
1.4187737349571556e-06
-6.297238168167152e-12
1.4172710381267936e-06
0.0
1.4254617459599727e-07
8.922213776066648e-09
0.0
4.761330987010772e-09
5.168660023422952e-09
4.971741116697498e-10
0.0
-9.778500751364636e-09
0.0
0.0
-3.958264100092034e-08
5.115728025088109e-10
2.9069398017623667e-08
2.9159237570671345e-08
0.0
0.0
0.0
5.240678061968749e-10
8.6025706235346e-09
6.217261966620664e-09
0.0006287587435323816
0.0006287587435323816
3.690593260073339e-10
3.690593279418268e-10
1.0255394273589249e-06
2.6462372077623675e-06
9.96914614152574e-09
4.5316276850405105e-06
9.973608622879698e-09
1.5774062342660548e-08
9.974135765682499e-09
9.927087479585111e-09
7.402877758534833e-07
5.9576680932965117e-08
1.3652651553478377e-06
9.948895604880984e-09
7.556910141455732e-06
9.95855334420283e-09
1.0042631690782622e-06
9.615149411457517e-09
1.3971489857402021e-05
9.978631150127973e-09
8.717729427602939e-06
9.977988378610527e-09
1.3254540306083867e-05
9.9741109436658e-09
4.653669476781444e-07
9.974733109636258e-09
3.909454395235547e-07
3.4517755623593176e-08
2.5395578586175787e-18
0.0
2.4144238420478243e-07
0.0
1.2204464721358027e-08
0.0
1.5774062342795547e-08
0.0
0.0
0.0
0.0
0.0
0.0
0.0
1.448738784594005e-05
0.0
2.5714047702593805e-08
0.0
0.0
6.933433737421591e-08
0.0
0.0
0.0
0.0
0.0
0.0
0.0
0.0
0.0
0.0
0.0
0.0
0.0035606209416449448
0.003534621206204125
1.4345654251342486e-06
2.7971665765163147e-05
8.204294998405415e-08
0.0
0.0
-4.735822573040322e-10
6.412429728896242e-11
0.0
0.0
0.0
0.0
-2.5741312519373034e-09
2.9085235705341243e-11
1.8649225154211563e-11
1.073288899881435e-05
8.524477682215745e-09
0.0
2.7954520519115724e-07
8.534571705281552e-09
0.0
0.0
3.728890314218319e-11
9.439988486846124e-09
0.0
0.0
0.0
0.0
1.5948756140818266e-08
0.0
9.739713750789303e-09
9.919469157823986e-09
4.867808089483738e-10
-2.7954520518801845e-07
2.97381805438152e-08
0.0
0.0
0.0
0.0003526269837213212
0.0007646413759247559
0.0
3.557656586172354e-07
6.235952148382348e-10
2.6711455851466142e-08
0.0
5.715515311049362e-08
0.0
0.0
0.0
0.0
0.0
9.793726503005017e-09
2.4962325535295885e-06
1.1961174894693847e-06
0.0
5.098421757076769e-07
2.9262000545529863e-06
4.2798518613757135e-07
7.948456265766333e-07
2.949321151878255e-08
5.209789147796593e-06
0.0
0.0
1.3510550897409245e-07
3.218394196384332e-06
1.08342891873209e-09
8.931290966793224e-07
2.7724592716064107e-05
6.73280494018611e-06
3.345491014538619e-08
5.708668729837628e-07
0.0006951314902674641
2.0466577595747973e-09
2.3165810762090057e-09
0.0
9.73463596015987e-07
3.2189305761749586e-07
1.9756308141441654e-07
0.0
1.2794236776997437e-07
4.094726573537127e-09
3.948605702685632e-08
0.0
0.0
0.0
-2.5741313736466205e-09
7.093583184520512e-09
0.0
0.0004165678472489403
0.0
4.677805741097632e-06
0.0023421299530003107
2.2731697103848817e-06
6.0135053875476e-07
6.278505437687498e-07
9.007941449722247e-07
2.65410545266607e-07
4.6621327614168957e-07
5.867334161129285e-07
-5.940760575974599e-05
4.838339168686872e-05
-0.0006460630411765367
-0.00328965185244251
0.0028916627496658773
2.936628101873185e-19
-0.0032412586463212434
-1.249725288889102e-07
8.097888277090464e-09
0.0
0.0
0.0
0.0
0.0
0.0
2.2830264737810192e-06
8.097888276130843e-09
4.5609055997411427e-07
0.0
6.377118283815778e-07
0.0
8.950676606202137e-07
0.0
2.742057556597134e-07
0.0
4.760042538693111e-07
0.0
5.964298206496248e-07
0.0
2.2911243620588955e-06
4.4635238217569696e-07
6.279490823402093e-07
8.858503574863008e-07
2.644680432183357e-07
4.6645922794570404e-07
5.870578575757672e-07
0.0
0.0
8.213222267388059e-09
3.5627634942028904e-17
0.0
0.0
0.0
6.010344215473529e-05
5.7397776806314416e-05
4.4285070980097474e-08
1.7024382109658207e-07
9.285470741859089e-09
7.035970855946312e-08
0.0
2.452190124340245e-07
4.714201965735419e-10
3.287056497493013e-08
3.317015607565772e-07
2.0609565213702227e-07
2.956725243457201e-10
1.0105512390077265e-07
2.6308316943552657e-10
4.921530778352939e-08
1.3665855218699644e-08
9.233415511715898e-07
1.4569221964888595e-07
1.3996008320527544e-07
9.064451342991975e-07
1.4227771781499442e-08
3.97241993903205e-07
5.296925326750811e-07
0.0
2.912844677799473e-07
0.0
0.0
3.3751327556485295e-09
0.0
0.0
0.0
0.0
0.0
2.4291809031538404e-08
0.0
0.0
0.0
0.0
0.0
0.0
0.0
0.0
0.0
1.9024693836723175e-08
-1.1712342808506773e-05
0.0
0.0
4.269100192787463e-06
0.0
0.0
-3.739582347756337e-10
4.841250668145261e-07
-5.548319333310847e-08
0.0
7.979178170990114e-05
2.256897012106366e-08
-8.362764702951608e-09
-3.149043803495711e-10
9.745437690611859e-09
0.0
-3.482577204634737e-10
0.0
9.20660102014711e-05
0.0
2.1651939787797113e-09
7.281461687227319
4.638140713775859e-08
9.382564689053817e-09
-0.03591497606487777
-8.267300108513437
2.8760207458442856e-05
0.0
9.417618935372304e-08
0.0
0.0
8.451386510988105e-09
0.0
0.0
0.0
0.0
0.0
0.0
2.4221989433741153e-06
2.4221989433834615e-06
0.0
0.0
2.4319658562744137e-06
0.0
2.4221989433798574e-06
-9.035363635230553e-09
0.000764665003274087
9.683388002454466e-09
2.536369321292939e-10
0.0
2.1526174411620637e-08
-1.7354360371563662
1.735436025217534
9.587342232219074e-09
-8.267256830612745
0.0
-4.699661259432292e-09
5.715992836356233e-08
3.313248907623674e-07
1.5376045801401603e-07
0.0
1.3734134085656424e-07
1.329614809526642e-08
0.0
0.0
4.8383391686870927e-05
0.0
4.8383391686872383e-05
2.4308603390830574e-09
3.3132489076333104e-07
1.537604580161995e-07
0.0
1.3734134085977516e-07
1.3296148096681601e-08
0.0
0.0
0.0
0.0017184487237938556
6.784097114512137e-10
0.0
-0.0010763280432395084
0.0
1.6181812694510396e-08
0.001076321761947021
4.680637153779805e-10
-2.2227290808194463e-05
1.3980660061202715e-05
-1.3205941649687986e-05
1.3300204501500042e-05
-3.6163320738418273e-06
4.650682541414912e-08
1.8034868309868557e-06
3.289879368116652e-07
1.3214860537349397e-06
0.0
4.462043284964132e-09
1.175766806395403e-06
9.804011720043486e-07
0.0
6.9377821254900725e-09
1.1845959837790643e-06
-8.828985355313623e-09
0.0
9.139543270845912e-10
-2.9717036270006272e-06
4.841250668142224e-07
0.0
0.0
9.413706839958998e-09
0.0
-2.9101030668863944e-07
-2.910103066984794e-07
-2.910103067092615e-07
0.0
8.267259890732111
8.267259890732111
1.6452268654622512e-05
0.0
0.0
0.0
0.0
0.0
2.354916792254993e-05
4.589404637192805e-09
0.0
0.0
0.002222113926660627
0.002222113926660627
2.339847268834503e-09
2.2428321887967015e-07
0.0
0.0
0.0
0.0
0.0
0.0
0.0
6.468703635690139e-06
7.510936779584944e-06
6.056855338335593e-06
7.227548601576982e-06
1.3712559651368252e-06
0.0
0.0
3.4820693838505426e-08
7.114017940458439e-09
0.0
0.0
0.0
0.001866041694000356
-0.0009618735200442111
0.0
0.0
0.0
7.162528976888563e-11
0.0
7.162540934063245e-11
7.162552846565035e-11
9.359390085741942e-09
0.0
3.445739765625993e-05
4.0237037856447204e-19
0.0
0.0
0.0
0.0
7.763986475346329e-06
-7.763986475345028e-06
0.0
0.0
0.0
9.030609088018916e-19
1.516642356345095e-19
0.0
0.0
0.0
1.642383775916691e-11
0.0
3.7339579004227325e-06
5.597245371508023e-07
4.706300399318359e-06
0.0
0.0
-1.5943056404727431
1.5943056269698417
-1.185030277380673e-08
0.0
0.0
0.0
1.642290461010114e-11
0.0
0.0
6.617150100432512e-08
6.675216832834332e-08
1.375362975425122e-07
5.806674074408627e-10
0.0
0.0
6.580389209540198e-10
0.0
0.0
0.0
3.447705407110011e-05
3.4467242374531734e-05
0.0
2.0498163160866243e-17
2.0498163663514632e-17
1.1450290288292461e-07
2.2469143574260726e-07
-1.1018853284325468e-07
1.1012112270521519e-07
0.0
0.0
1.828741771777197e-07
6.4882621189456e-09
0.0
1.6419157703029502e-11
1.6421344367653384e-11
0.0016300883064460682
4.2968488766047674e-05
0.001686069870816036
-1.4113602491150345e-05
0.007063318784839017
0.0
0.0
-7.281453109066012
-2.632082769211341e-10
0.0
0.0
0.0
-1.1274598679025421e-11
3.439997792559952e-05
0.0
5.266946778619344e-06
0.0
0.0009285090026618168
0.0
0.0
0.0
0.0
0.0
0.0
0.0
-3.834798220260465e-10
0.0
4.638215794773937e-06
0.0
0.0
2.339847127853675e-09
2.3398472005253605e-09
0.0
2.8824916413937496e-05
9.508408039077897e-09
4.66948072893577e-10
0.0
0.0001482043092668182
7.763986475343764e-06
9.498160441017573
0.0
6.736746874231629
-6.7367468548012
9.815280806914762e-09
9.762515768234682e-09
3.318258259818997e-10
1.204383275948727e-05
1.4785665105421909e-08
2.6906986765599696e-07
2.8367530529181785e-05
0.0
2.9727581686590177e-05
0.0
8.934623782331306e-09
0.004136710548840998
-2.084440401311272
2.0885760217301277
-1.0818737714640546e-06
1.0091162700292193e-08
-1.0091162698858125e-08
0.0
0.000933196167792999
0.000932832200726541
5.150305543736283e-10
3.347459590835987e-09
0.0
1.985343779248672e-09
0.0
0.0
1.013602435528314e-06
1.009116270203553e-08
0.0
9.762457607035367e-09
4.63821145318783e-06
0.0
0.0011596110251033964
8.018196566178406e-19
4.159258001576014e-05
1.353924796738083e-07
2.0067033055859382e-08
1.6024494810967567e-07
2.006703301702348e-08
3.744684358518834e-09
0.0
0.0
-8.492058228923988e-09
0.0
0.0
2.658573391771128e-10
3.877529290448858e-18
9.457434216272965e-09
9.45743422431893e-09
-0.11246522090135613
2.3470707015419044e-20
0.0
0.0
0.0
0.0021777788268442138
0.0021777788268442138
0.0
0.0
-6.947301452847997e-11
0.0
0.0
5.507012473297943e-09
0.0
-9.417618927146792e-08
4.1118746361536545e-17
-1.0666038576524254e-07
-1.121673981564784e-07
5.823278848413097e-14
5.764983282787843e-05
1.3158895915870236e-08
9.914079297996485e-09
9.94455350277996e-09
5.115591586845014e-10
0.0
-9.344700980942509e-09
5.764983282787123e-05
8.931290970632074e-07
5.9417401631776926e-05
8.931219337546622e-07
1.3158895980446951e-08
1.3158896010242689e-08
8.931290970701145e-07
8.932873423672909e-07
1.7863479496190416e-10
0.0
0.0
4.814568469123781e-10
0.0
0.0
9.943013421236247e-09
5.100377198067081e-10
4.328848913072523e-10
4.3288173126027326e-10
4.815223576244623e-10
9.922213745801839e-09
4.894918598915403e-10
4.328754554938181e-10
9.914145619912911e-09
0.0
2.6592319017049037e-06
8.931290967792356e-07
5.764983282787521e-05
4.3286898614726306e-10
4.1850543442460197e-10
8.89550726953917e-07
0.0
0.0
4.5841531830178445e-05
5.057526037162562e-10
4.256838738486846e-10
4.3285940029969023e-10
0.0
0.0
0.0
0.0
4.84125066814323e-07
7.016031968021718
-7.016031958091414
4.974836671733591e-10
2.9738180542111366e-08
-1.1274480212180703e-07
-1.1274480212571016e-07
2.6790192632452256e-06
1.696494323063258e-06
2.11064799616605e-06
5.470983388796523
-5.470983299442601
9.936943240551821e-09
2.8824916413940708e-05
-3.123216266764928e-05
0.0
1.1149755327490162e-07
-3.3522311760389445e-05
-3.341081420711443e-05
2.170311740101738e-06
0.0
0.0
2.679019263243273e-06
0.0
9.964851860387678e-09
1.3914170611918977e-08
5.358529102646062e-10
2.5983173455139077e-07
8.626902034650302e-07
1.0434678323388941e-08
5.373688087234435e-10
-9.413345441132946e-09
4.9514722135369366e-08
0.0
0.0
0.0
0.0
0.0
1.341002280173569e-10
0.0
1.356578621600129e-08
0.0014169263951191852
0.0003378642625364975
0.0010790756917218188
-6.64708484821475e-12
