0
6.9707148655361295e-09
6.151939943904197e-08
0.0
9.916229139922294e-09
2.066701099752685e-06
9.805651734464545e-07
0.0
0.0
2.0413552153103983e-05
2.563898980438132e-11
0.0
0.00014622915564905582
0.0
0.0
0.0
9.062751831388826e-09
1.740090098320949e-09
9.315014073903533e-09
0.0
0.0
0.0
0.0
0.0
4.992486908571532e-10
9.373535378879923e-07
3.876071084178723e-09
0.0
0.0
0.0
0.0
1.4736300706825042e-05
3.753747315489802e-10
9.459498164238145e-05
0.0
2.6403840255797587e-10
8.091566472360106e-06
2.971524077022596e-10
6.518046738660252e-07
0.0
0.0
0.0
2.3076586393920984e-09
0.0
3.346404418621139e-09
9.03802362295947e-09
1.904045004352886e-08
3.0323812756036803e-05
0.0
0.0
0.0
1.555223239737083e-20
0.0
0.0
0.0
0.0
0.0
0.0
6.0057575173423864e-09
0.0
0.0
0.0
0.0
1.321019651659018e-18
1.1164793642779392e-10
0.0
0.0
5.005868540225138e-09
0.0
3.1002394823826594e-19
2.960152338239503e-06
9.91627366222565e-09
0.0
9.646129067698618e-09
1.0117370531853923e-10
6.43947252615286e-16
0.0
7.119928426757844e-21
0.0
8.216273325325842e-09
1.5780140966815758e-09
0.0
0.0
7.850736519738977e-21
0.0
0.01478016798242865
4.880888225979781e-13
0.0
0.0
0.0
9.720811484551336e-09
8.067554047040266e-09
0.0
9.766630184804274e-09
3.97180412252641e-08
-3.9704260123196296e-08
2.2638617178199236e-09
0.0
2.2770244603458666e-09
0.0
1.0276322560304134e-07
0.0
0.0
9.649544732284559e-09
4.865043856441862e-09
0.0
9.824406746750044e-09
0.0
0.0
9.716066174984896e-09
0.0
0.0
8.745911110710656e-09
0.0
1.506627704466429e-09
4.026390019233261e-21
0.0
9.619821385151367e-09
0.0
6.9360853206871385e-09
2.818005623387279e-07
2.151270357039624e-07
0.0
9.71438399793327e-09
0.0
0.0
0.0
2.1395241134314347e-09
-4.033040568174329e-09
8.685874751730395e-09
7.815316372574505e-09
9.745606794732893e-09
0.0
0.0
9.434270929111994e-09
0.0
0.0
9.444662261255523e-09
0.00032769110241939904
0.0
0.0
0.0
3.753153705611046e-09
3.129662751475867e-09
0.0
0.0
0.0
0.0
0.0
6.2730862231373646e-09
1.5606739787638754e-08
0.0
0.0
0.0
1.3806824249448481e-09
6.920127561867702e-09
1.7807141317480458e-09
0.0
0.0
3.6300498107412242e-09
0.0
0.0
1.4878704589474486e-16
0.0
-0.003880831207442509
6.795021124574593e-07
0.0
0.0
0.0
3.0715610315614402e-09
2.351269233812383e-07
8.953508442339789e-08
0.0
5.407365424110866e-10
2.9179861843251824e-05
0.0
7.984870447486073e-09
0.0
0.0
0.0
0.0
0.0
0.0
1.6454088977983821e-09
0.0
0.0011824285183372751
3.1826381925556014e-08
0.018573447011289268
0.0
0.00022553781510746584
0.0
5.162774041212317e-09
6.851929824771713e-09
9.901104978598491e-09
3.099348668178011e-20
2.5240037750208686e-05
7.414964511691158e-07
1.4736607735654357e-05
0.0
7.173486485487976e-07
1.7426323709699257e-07
0.0
5.6930583073939847e-08
0.0
0.0
9.176088323670444e-09
3.793968873441744e-09
1.277436584480924e-07
0.0
0.0
0.0
9.688858067242181e-06
3.6800342506031212e-09
1.6186691197080698e-05
9.845821492789715e-09
1.0636748487610587e-07
3.463670504176981e-09
3.2745140718374215e-09
0.0
2.1911788197343592e-09
0.0
0.0
0.0
9.185626161544254e-09
0.0
0.0
0.0
0.0
9.91622918314141e-09
0.0
9.87964102880744e-09
0.0
9.241024005158407e-09
1.6861951201638248e-10
1.1114198188823956e-19
1.9908456500555512e-09
9.842228798227226e-09
1.3437367782061574e-11
0.0
2.6724505964922517e-12
8.719810444872287e-09
6.270005079475829e-09
0.0
9.392911590383802e-09
-0.0015151622189741032
6.275417889632271e-12
0.0
0.0
4.971448477079983e-10
0.0
3.643001390576975e-21
0.0
-0.013509647107926489
1.6408805286215084e-23
9.944324104060994e-09
9.93859381175291e-09
9.777447657667863e-09
7.749691372745712e-09
4.11348009116205e-09
2.4142674541942422e-09
6.846045223108485e-09
8.059576185418566e-07
1.3498477905004239e-08
-3.3390259743724254e-05
4.231640490730256e-09
9.354520457090963e-09
5.361409261765016e-09
5.407313377432672e-09
0.0
1.7430472110844138e-07
1.0692907955875748e-09
9.422504300297188e-09
6.886342902902153e-10
0.0
5.468692694702425e-09
0.0
0.0
0.0
1.0244388893098587e-05
0.0
4.4064255472388057e-20
5.692641165543803e-09
7.302510005780103e-10
0.0
0.0
0.0
2.4975450564905767e-06
8.955416202422758e-09
0.0
0.0
0.0
-0.00024036466669992256
1.4736367909547143e-05
7.691943745940592e-08
0.0
9.709283554897417e-09
2.025322899623045e-09
0.0
8.871042805005774e-09
0.0
6.974622315866116e-09
6.996435777421542e-06
0.0
5.444578304119249e-05
0.0
0.0
1.1705394729088647e-10
0.0
0.00025870259591183944
2.2638617160099093e-09
9.88636786726514e-09
9.91234590439656e-09
5.1805493570091284e-20
0.0
1.5066277044664298e-09
4.967209598005571e-06
2.4671450938237304e-09
0.0
3.6643179314427685e-09
3.534250135734328e-09
5.95156653115705e-09
3.4478141776434947e-09
0.0
1.3001725127163256e-07
1.767331827473803e-06
3.491982986621241e-09
0.0
0.0
0.0
0.0
2.398263170757022e-09
1.9246667988250807e-10
6.624051775200497e-12
2.1026028589208707e-05
2.170541501514962e-07
8.886760064302169e-06
0.0010455811901743286
0.0011220098249590334
3.2284243377639223e-07
3.4051698792552655e-07
-2.041355215310419e-05
-2.0413552153104596e-05
0.0
0.0
1.6797873074775955e-08
7.08143296928343e-09
0.0
2.9018184594665804e-10
2.7897095988372635e-11
0.0
0.0
0.0
0.0
9.744068667399316e-09
9.211441018702086e-09
9.478621996561147e-09
0.0
1.2173083365007531e-08
2.815348507221038e-06
9.167840458063008e-08
1.5844673628389766e-06
1.1584838020074427e-05
4.394523499354591e-09
8.875496743882409e-06
5.536844333150951e-06
6.276888750973098e-06
1.7421428719196103e-06
3.7415765927699586e-06
5.209290694104633e-05
1.7314308197551295e-07
4.628977950696124e-06
5.455488124172445e-06
0.0
1.7120192371614878e-06
0.0
6.302288208695527e-09
1.7272705079033625e-07
4.641624101872293e-06
1.0086438811564831e-05
1.9169652087200264e-07
9.259140765563718e-07
1.4742745111225832e-06
2.1289133848854517e-06
2.241148790445577e-06
8.459500106896814e-08
9.214196909374975e-06
1.5333703185773023e-07
4.524566289356132e-08
0.0
2.1387488131654127e-06
2.260051666479013e-06
8.686271705803676e-08
0.0
0.0
0.0
4.83666352376457e-08
4.823085936544665e-05
0.0
9.37353537888437e-07
1.7613219526798718e-10
1.628607369010923e-10
2.547669273185814e-10
3.713958093100026e-05
3.8080619931000856e-05
7.017853925741221e-06
3.644300617975468e-07
7.017853925753632e-06
4.781718046017859e-06
4.8856213217541185e-06
3.528055370314402e-08
2.5498267931703856e-06
3.533701491083759e-05
3.533701491085253e-05
3.533701491086718e-05
0.0
0.0
-9.373535378880802e-07
9.373535378881716e-07
3.8275102044825274e-19
0.0
1.935929763782259e-08
1.8840101269505454e-08
1.9186856487401216e-08
3.713958093099683e-05
3.808061993099739e-05
7.017853925737947e-06
6.682468127429343e-05
7.017853925750781e-06
4.7817180460150695e-06
4.885621321751637e-06
2.571438815311647e-08
2.549826793168306e-06
3.5337014910833965e-05
3.533701491084901e-05
3.5337014910863726e-05
3.71395809309932e-05
3.808061993099373e-05
7.017853925734514e-06
6.683448240432636e-05
7.01785392574777e-06
4.781718046012053e-06
4.885621321749021e-06
3.5280553698446576e-08
2.549826793166051e-06
3.5337014910845254e-05
3.533701491086003e-05
0.0
5.232199329883254e-06
-9.458517555476879e-05
0.0
0.0
0.0
0.0
0.0
0.0
1.1193791344057872e-09
0.0
-6.91761022853219e-07
0.0
0.0
6.151939995229265e-08
-1.4736300706825159e-05
1.4736300706825393e-05
3.324765476953571e-05
5.120084880255337e-05
1.518179186093102e-05
1.4393079671973999e-05
0.00014255039028990139
2.8791556104867843e-05
6.146880393857976e-06
0.00011730946017335661
8.372542996445937e-06
6.08988769083457e-06
0.00023031605637356963
2.7832233739206274e-08
1.6797873073055885e-08
0.0
0.0
0.002467860733088758
4.1043082549402786e-05
6.299798216644974
8.86716222127902e-09
0.0
7.895258739871753e-05
7.894276420737471e-05
6.420615647224816e-05
6.238396722255644e-05
5.4415424752633605e-05
2.5348465913264256e-05
6.553648662806048e-06
2.5657089789093805e-06
0.0
0.0
0.0004416992197361618
-6.518046738663057e-07
-6.421038658800805e-07
3.8584386424355324e-19
0.0
0.00030728322333073953
12.898184248226752
0.0
5.595524044110789e-11
0.0
6.686570864971594e-09
0.0
0.00010814543894770707
2.7848203905350118e-08
8.819683872292152e-09
0.0
7.688257115347148e-05
7.688257115347276e-05
1.685572149335657e-07
-0.00015154850958676365
9.66634187306511e-06
0.00010814367055737107
2.7840219245685854e-08
2.7958641159058977e-09
0.0
0.0
0.0
0.0
0.0
0.0
-7.89522902467062e-05
-7.893296067141752e-05
-6.420615647264368e-05
-6.238396722295219e-05
-5.4415424753030654e-05
-2.7470786171708388e-05
7.304711090228011e-06
2.533622950321086e-08
-1.8345575374760347e-05
7.018516826336583e-05
1.9040449683398687e-08
0.0
1.897541123092379e-17
0.003914148217201527
0.003914148217201499
-7.018516826336803e-05
5.575668852939863e-05
6.620146548795448e-06
9.90259688302704e-06
6.719764267691424e-06
1.3818656121585045e-07
3.173732974442834e-06
1.8099284591931466e-05
0.0
0.0028383230927250527
-3.03238127560372e-05
3.0323812756037853e-05
-2.746596154935141
2.746588063368669
-8.09156647236044e-06
9.038969674431413e-05
0.0
0.0
1.4517650971928563e-05
9.50250698105554e-09
9.502506871307969e-09
-1.6078418492733624
-1.7438909382593284
-5.256118705648892e-06
1.4736300706606275e-05
4.821238568747805e-05
0.0004681548727847954
2.1022173778078813e-05
2.367120531644084
-2.367120501827023
9.556943637380503e-09
0.0
0.0
6.180692754705839e-09
6.180692725461582e-09
0.0
0.0
0.00024035490498582315
0.0001343625022237017
8.518868204621804e-07
0.00013436250222359267
0.00021629010901533772
2.456263046787275e-07
9.983674419762545e-05
7.20500916894624e-06
7.45936826739722e-06
0.0
0.0
0.0
1.121554653437819e-06
8.678062247756091e-07
8.495347491908924e-07
0.00010007420156808822
5.051438758342058e-08
1.7673318274739744e-06
9.983811394524208e-05
0.0
1.2621526352796045e-06
9.113497787012647e-06
9.753075366090593e-07
6.8030332227980375e-06
6.363364330182204e-05
1.5012776958992462e-06
1.2879084180955853e-05
-7.688257115347034e-05
1.5542170935840074e-20
2.0667010997197577e-06
2.6090063911597683e-05
8.518868200920731e-07
-8.518868202227886e-07
0.0013107562682957115
0.0
0.0
4.1858240817675634e-05
0.0001062039438639896
4.3790942622847114e-05
3.8199546262182346e-10
2.020438552496687e-06
1.457994481882875e-06
1.50593201449934e-06
-0.0018393035609083341
0.001743328587410273
4.923607092711407e-19
0.0
5.784372996742089e-05
-6.319893870190852e-05
5.384175086568734e-06
9.813408292593378e-09
0.0
0.0
0.0
0.00018339676064565739
0.0005669008817581012
0.0
0.0
0.0
0.0
1.0448635219943443e-06
1.0448635219346844e-06
9.649883749550767e-09
9.649883673334266e-09
0.0
0.0
0.0
8.327632540862815e-09
0.0
0.0
0.0
5.993956765428681e-09
8.08215912487445e-06
0.0
8.771499559322903e-07
0.0
8.96437752384364e-09
8.945629752610388e-09
8.966841032510103e-09
-6.242159509775111e-09
0.0
9.91622913962928e-09
9.418275573865605e-12
6.970509935328364e-09
2.0434294946568912e-05
4.6671131724697494e-08
0.0
0.0
3.8081810041618807e-10
0.00010814701696179414
0.0002587584100934266
0.00025875841009342693
0.0002303160563735713
9.916229163638644e-09
5.071219779937181e-07
5.071219777755894e-07
2.1803677473074237e-16
0.0
1.1552682529412097e-06
6.113006075212113e-06
8.819180837779751e-07
6.7242587233770055e-06
1.4651035842450169e-07
0.0
1.2516070055803945e-05
5.460142027645687e-05
5.071404735822775e-07
9.020678799247556e-06
0.0
0.0
3.179605555762171e-06
5.583214536125214e-06
0.0
0.0
2.108708604965948e-09
8.172559727747486e-05
4.680545668653959e-08
1.3705889090410537e-06
0.00016628598328640497
0.00016628587163846853
0.00016628598328640495
0.00016628598328640497
0.00016628598328640495
0.0
0.0
0.0
0.0008366804070697993
0.0008366691723566322
0.0
-1.6047661218657292e-06
1.6256570560957794e-07
1.6046812625775982e-06
0.0007933829434091262
6.543826172268098e-06
6.543826172269542e-06
7.107320309290869e-19
2.5605679494467413e-05
0.0008189787584702463
9.779574060636854e-09
-0.0005281522595191393
0.0
0.0
0.0
1.7564705107092024e-05
0.0
5.479461317143192e-07
1.6994115337432185e-05
2.954891192210166e-19
5.551729572798308e-05
-5.549938643440908e-05
0.0
3.097514049901841e-19
0.0
0.0
5.560155395518042e-05
0.0005281522595191393
0.0
0.0
0.0
2.953689575210514e-08
4.808929854534507e-06
-0.0007332616874500147
2.8445264511864267e-19
6.72030488522915e-05
0.000471186893032193
0.0012001878212220863
4.2662988067666525
-4.2680403538639045
-2.960152338239993e-06
2.632403847724491e-19
4.792168165835412e-06
-0.00024736623738416295
4.207106217350252e-06
1.144022645744063e-06
2.523817709059238e-05
0.03335412424093525
6.202645929828529e-09
0.0
0.0
3.914968485410794e-09
0.0
0.0
0.0
0.00024035490498602077
3.5309419983467816e-09
0.0
0.0
-4.6040293158470265e-10
9.91622931074989e-09
0.0
0.0
-1.9339388686575062e-10
1.2008960375125004e-10
0.0
0.0
0.0
0.0
0.1418224108902624
-1.0117370531853923e-10
0.00014622915564905641
0.0
-0.1418224107890887
0.0
0.0
0.0
0.0
0.0
0.0
9.373535378885864e-07
-0.007141218926932877
0.007202383741886898
0.0
2.7911387922509546e-06
6.392394634583656e-05
0.0
6.67150851380875e-05
0.0
1.065611308968318e-06
0.0
0.0
3.6871234101832118e-06
3.028285413146584e-05
3.4141552222930677e-06
0.0
0.0
2.7782665142715786e-09
4.1445837980948986e-17
4.1236885188252965e-17
4.221710610100189e-17
4.219585502999535e-17
4.6671131721158644e-08
6.189295638517008e-09
0.0
0.0
0.0
5.407365416527155e-10
5.776258162632139e-06
0.00026516142350582956
4.79574990947986e-11
0.0
0.0
0.0
0.0013643644789808204
0.00021530861699665027
0.00021531462145443845
6.004457789035326e-09
1.6186691197081003e-05
4.897870865857097e-09
9.689657994307888e-07
4.852504735534602e-06
1.4032851599860847e-05
7.727892721783984e-06
8.898853064526127e-08
1.2158447715706372e-06
0.0
9.689657994375574e-07
4.852504735543224e-06
1.4032822263403419e-05
7.72786990232744e-06
8.898853065582714e-08
1.2158330130799469e-06
0.0
-1.0117370020923649e-10
7.233431609610464e-07
0.0
5.943896197090894e-07
6.040879743039431e-07
-0.01478016798242865
-0.014404966984655876
2.707152086322444e-05
0.0020596002143643747
-4.880888225979781e-13
0.0020866717347395106
0.0
0.0
1.2628620461063214e-08
0.0
1.0364787989886938e-06
6.629477286739167e-08
8.330305751419505e-07
3.87160829399609e-06
3.871608293996084e-06
3.8716082939961055e-06
3.861887482511539e-06
3.871608293996102e-06
0.0
0.0
1.0235629081112014e-09
1.2470445633781588e-08
0.0
0.0
0.0
-4.033764638175334e-09
-2.1312704205633803e-16
8.067552610396907e-09
0.0
7.792151003845564
8.06755394840766e-09
9.660783046927821e-07
-7.792151960767098
1.4880964858423475e-16
7.792150986621241
0.0
0.005278524063474057
7.038333584573832e-07
0.0
-3.124804960282871e-10
0.0
0.0
9.212947664089406e-09
2.122320258049269e-06
-1.385835975198672e-05
2.5403727490126924e-06
9.507085673475466e-05
0.0
0.0
0.00011361606621315958
3.9704260123196296e-08
0.00011361605243205753
9.300752564129874e-09
-2.086140040337888e-08
1.762425725020207e-18
0.0
0.0
9.157598612136673e-09
9.157598612169648e-09
0.0
0.0
0.0
0.0
-2.2770244604772283e-09
1.4759122241589208e-05
0.0
1.4769077850628042e-05
0.0
1.1163715228959054e-05
0.0002321587383845775
0.0
0.0002209939661273035
0.0
5.024369259581734e-07
0.026898654304876743
4.020335295152239e-05
0.0
2.9212602606789644e-06
4.899280456723263
-4.899280536665496
-1.0276322560369605e-07
0.00012573378341132566
-4.675386800388858e-05
3.9092868742499065e-09
0.0
0.0
5.462124809869417e-08
-0.0005357170717050954
1.876585081588586e-08
1.6115083624274522e-10
0.00011607173361915855
0.00021300471375885455
8.99715269673121e-06
0.0010455718663280372
0.0011575783819068367
3.277686591349001e-07
3.35834799415652e-07
3.043815600085316e-06
8.744957319970024e-09
0.0
0.0
0.00014633817975026684
0.00024094191870793573
0.0
-0.000146229155649056
9.298817666776518e-07
8.340027150329372e-06
5.73907033593723e-06
1.9250832885562948e-05
6.376351435683863e-05
3.033414266870858e-05
5.07698342400959e-06
1.3610068406142651e-08
0.0
9.916229225364466e-09
0.0
-1.9676909648935605e-10
-4.865047031898939e-09
7.0027910248735465e-06
4.7071770751172436e-05
0.0
0.0
0.0
0.0
0.0
0.0
1.739539767067489e-08
0.0002754147678151349
-1.7807141360960156e-09
-0.00020304027731940822
0.0
1.788811401400153e-08
1.548640346139284e-11
0.0
9.666341873062496e-06
1.685572149306665e-07
0.0
-2.625068692771775e-10
-2.625068693324774e-10
6.267062057690137e-07
6.204984635451936e-07
0.0
0.0
0.0
0.00024094191870794197
0.0002409419187079433
5.442687899795233e-05
0.0
0.0
1.883532289823264e-11
1.8848289092937005e-11
1.884246810839082e-11
-1.5551318432061468e-11
0.0
8.622707582682847e-07
5.4748863348192394e-05
0.0
-5.560155395518008e-05
0.0
0.0
0.0
2.0667010997440015e-06
0.0
0.0
0.0
0.00027541476781513436
0.00026517037892203455
0.0
1.0723631748286963e-08
0.0
1.910723544297622e-08
0.0
0.0
2.748597658999594e-10
3.1027242962802246e-09
9.427427229406505e-12
0.0
0.0
9.876959458610233e-09
1.3589936964227073e-08
0.0
0.0
0.0
0.0
0.0
2.7075226044108883e-19
0.0
0.00014365078026181175
0.00014365078026181173
0.0
4.22016895282238e-09
0.000793513926921963
0.0
9.801293355782277e-09
0.0
9.812714665598462e-09
0.0
-0.0004295731840314246
4.867200642538284e-10
0.0
0.0
1.2179475518349272e-07
1.4970074933116607e-10
-1.67398504339532e-10
0.0
7.280859148247603e-05
0.0
0.0
0.0
7.36838936281962e-06
2.778816624257693e-09
1.5511458103098314e-09
0.0
-8.19861255742034e-09
3.0131088000773955e-05
0.0
3.809004104851034e-05
0.0
7.026843025549523e-06
0.0
3.74128569741779e-07
0.0
7.026843025561511e-06
0.0
3.441931149549226e-06
1.339786896471431e-06
4.895158296906554e-06
0.0
4.501606725326e-08
0.0
2.5593244310994794e-06
0.0
3.534634434869503e-05
0.0
3.534634434870988e-05
0.0
3.5346344348724465e-05
0.0
6.936085734593276e-09
6.936086562344868e-09
6.960056855067633e-09
6.952068100144283e-09
6.944077928689696e-09
2.782424685600594e-08
7.895229024657349e-05
7.894276420763839e-05
6.420615647251184e-05
6.238396722282034e-05
5.441542475289815e-05
2.5348465913527934e-05
6.553648663068859e-06
-2.5657089786470036e-06
6.964416243249733e-07
6.790462266553046e-07
3.0327195972265103e-07
3.03271959728467e-07
1.6186691197082487e-05
1.6186691197082392e-05
9.916229266332859e-09
2.8180056233633637e-07
0.0019666111111299456
2.0683282121829375e-07
6.919304544939685e-09
0.0
9.916229199820907e-09
6.220586057457253e-05
0.0
0.0
0.0
-2.608444114153557e-10
6.369134516667763e-11
0.0
-1.0802465382738283e-05
3.4447384947596678e-06
8.491018650849665e-09
0.0
4.136500707289148e-07
3.112660019329794e-05
1.1559461613924517e-05
6.342730592471782e-06
5.537945174385841e-06
1.4405308149739447e-06
4.2971676396804615e-06
7.958892925717911e-06
4.528535354262541e-05
3.0138569139285303e-05
5.731769162809626e-07
2.0244865915063834e-06
7.960162712889767e-05
5.41414587673322e-06
1.9076245510976554e-05
0.00025366909642974037
1.8124118025621358e-06
0.0
1.6218394702726194e-05
9.22143163025059e-06
2.6954971741983548e-06
6.763488700533096e-06
6.574326737677949e-05
5.43948210610512e-06
2.1616618259858156e-05
0.0
0.0
0.00046772440619284264
8.370643419442239e-07
0.0
0.0
0.0
0.0
0.001481074564634574
0.0006238134162877465
3.41364350868007e-08
0.0
0.0
0.0
1.3494008643475969e-08
1.020833660918189e-06
0.00037257548284925335
0.0
0.0
0.0
0.0
0.0
9.417003046184227e-06
0.0
0.0007653951604817209
0.0
0.000541015950979159
0.0
0.0
0.0
0.0
0.0
1.0495321995211151e-05
0.0
0.0
2.095498244938721e-05
2.0954982449387224e-05
2.095498244938724e-05
2.096472805618199e-05
2.0954982449387258e-05
5.5846694450195776e-06
0.0
-0.00021497654978475111
2.8827136513858163e-07
0.0
0.0
5.380275886122888e-07
5.380275886122741e-07
5.380275886123039e-07
5.285933176831769e-07
5.380275886123179e-07
1.003793399660413e-05
1.354618586075361e-06
0.0
2.2762153238940573e-05
2.2753325388562225e-05
2.2968452424266373e-05
2.276215323894077e-05
2.2968452424266546e-05
3.1702461297601295e-07
0.0
0.0
5.956216038140624e-07
5.956216038140476e-07
5.956216038140775e-07
5.861769415528068e-07
5.956216038140915e-07
5.3742132447625074e-05
5.584098183544012e-06
1.5947694330714707e-08
1.1200091760387487e-05
8.142055094734119e-09
0.0
0.0016695207463294287
1.9885628678467975e-08
2.1477811420583428e-06
4.30547181336422e-19
0.0
1.2591450123938931e-06
1.32974428731911e-07
9.26468986004151
0.0
0.006870237271570103
-0.0003276911024193992
0.0075715246904996735
0.004447731648583862
0.01506564263205433
0.0
0.0
0.0
0.0
2.6170680935941153e-11
0.0
0.0
0.0
9.030286618404849e-09
0.0
0.0
0.00032677605506417666
0.00010955452534561617
0.0
0.0
0.004125789653434802
0.0
0.0
0.0
-8.617715093144193e-09
0.0
0.0002495639979490137
0.0
4.046083757117347e-08
7.048173796171415e-10
1.0791659061943487e-07
0.0
0.0
1.0688438233981097e-07
3.0004917118024265e-06
9.338945283345157e-08
7.877449942353459e-08
6.348713294340018e-05
1.5071502772235835e-06
3.6301412515501815e-07
1.8238187691544903e-08
0.0
-7.248647965881361e-05
1.2844593272321418e-06
1.792781400742772e-05
1.3313754663947616e-05
0.0
0.0
0.0
9.013472905567714e-11
0.0
0.0
0.0
-6.104715039236172e-09
0.00033759984805440795
1.7450216018590945e-05
1.0752813128491273e-05
0.0005843722804226257
0.0026857328551717075
1.218310280530764e-06
9.399830333431211e-09
9.399830334130659e-09
0.0
0.0
0.0
0.0
9.624006577807273e-09
0.0
9.624006578449281e-09
1.7153393095591931e-10
0.0
0.0
0.0
0.0
0.0
9.183685477978571e-09
1.328579772664982e-09
1.2628606343077264e-08
9.648038176464474e-09
9.648038178084297e-09
0.0
-3.630049810792119e-09
1.0659342758941139e-07
0.0
9.4053820501169e-10
1.0572815665399135e-09
7.87143537968689e-09
0.0
3.196192206158812e-09
0.0
0.005559554753295892
8.68164244507974e-07
0.0
0.0
0.0
0.0
4.442611609268395e-06
1.2741229043723183e-06
0.00029486707390602484
2.682249745188876e-07
0.0
0.0006176351017287175
9.62732952018369e-06
9.62732952018194e-06
9.62732952018564e-06
9.627329520187754e-06
0.0
0.00022753228176610255
0.0005020464122473161
0.19239763063147078
0.0
4.002799034342899e-05
3.934848823097109e-05
-6.795021124576791e-07
0.7084394964510511
0.19239762946885064
0.0
2.597385010758743e-09
0.0
0.0
0.9008371243834541
1.2628603531127933e-08
1.2628609386057899e-08
1.262861265999324e-08
0.0
0.0
0.0
0.00010670256117586093
1.0103857834065741e-08
0.003734059260607419
-5.681271665344096
5.685152496551539
1.1626201387737023e-09
0.900837124383454
0.00853887930224854
4.45893432860135e-19
0.0
0.0
1.9528038031351762e-10
1.0752813128492154e-05
6.299798207777812
1.2735288166396774e-08
0.0024171814538572925
-0.006495833026925524
0.00015051121764510448
3.400507802529824e-09
8.5885732962442e-07
-9.661523787082924e-05
9.280467830696703e-05
1.0791659074204579e-07
1.0791659077277487e-07
2.3578669056984047e-07
-7.0620237502553955
0.7622251154463142
-2.2546260199152075e-07
7.1118152490395e-06
0.0
7.833417566514844e-09
0.0004776905566113475
0.0
5.570176083204594e-09
0.0
0.0
-7.984870447621476e-09
3.4382541545379156e-06
2.3218804891552866e-06
4.676954850793113e-09
0.0
0.0
1.0803299907688976e-05
7.133235992922049e-06
0.0
8.588654420426235e-05
0.000329651880364492
4.355386328114447e-09
-3.5888017250520337
3.5888017338770744
8.825040136175807e-09
2.863277419504906e-06
0.0002916653474038817
3.5127244328024946e-05
-2.9179861843252092e-05
-1.1044814330522839e-07
0.0003301595252259682
0.00011381237246525853
9.454622752590168e-05
1.3229636915784515e-19
0.284217473080517
-0.3760840154861446
0.09186645287054325
-8.953508442361002e-08
0.0
5.0514386920006254e-08
5.051438622750065e-08
5.051438650438985e-08
9.261200924350478e-05
9.421016994846326e-05
2.6721783440675843e-10
0.0027236910405050614
3.86372315600019e-05
0.0
2.1845555469696716e-16
1.8238187690737906e-08
0.0
6.221371182691222e-05
0.0
0.0
0.0
3.2367916056785293e-06
4.143166543879432e-07
0.0
8.566189357048545e-10
2.734008596933601e-10
0.0008362858032443502
0.0002034468277121913
3.875500879493466e-08
9.847319098286859e-09
1.2757755735961787e-05
1.2757755735959339e-05
3.5803081950177835e-10
0.0008362759664902273
0.0
4.0481836079216856e-08
1.7254796114231044e-08
4.517285751995854e-09
0.0
1.273528816936001e-08
0.0
0.0
6.844324946397541e-06
7.112549920807336e-06
5.1606259772434185e-08
0.0
3.676308567901898e-06
1.6167352640141858e-06
0.0
0.0011557613426123863
8.75358100663554e-09
-0.0011557525890312698
0.0
0.0
0.0
9.859300631253698e-09
-0.01857344394824967
-0.021076605600718445
0.0
0.00022553781510746562
-0.00022553781510746576
-2.226730007135439e-08
-1.838798230307736e-08
7.895229024644079e-05
7.894276420750655e-05
6.420615647238e-05
6.238396722268915e-05
5.4405626673110924e-05
2.5348465913396095e-05
6.553648662937887e-06
-2.5559697181637474e-06
0.0
4.795482989462945e-11
0.0
0.0
0.007510528009636343
2.0567211066210855e-06
0.0
0.0
0.0
0.0
1.2628591505830092e-08
1.2628595683645922e-08
1.2628589110102256e-08
1.2628589911908186e-08
1.2628593198721456e-08
1.2628616164800883e-08
0.0
8.097817905853615e-09
9.994619431199615e-05
0.003848771069630725
-1.4735102748370959e-05
0.0
6.030005342000278e-09
-2.710505431213761e-20
2.523817709102464e-05
2.5238177091025195e-05
1.0262817230097678e-19
9.906350753181415e-08
-2.533910125774078e-05
-2.523277631728018e-05
0.0
0.0
1.348957373686649e-08
4.368911832475581e-15
7.41496451170122e-07
-7.414964511695882e-07
0.0
0.0
0.0
0.0
-3.876071084171987e-09
-9.116209751808967
9.115889990648428
0.0003197611605406392
-0.0002872103408111948
0.0002716997665093968
1.4769077850626377e-05
2.523817709102585e-05
5.591324415588517e-07
-1.4736607735654672e-05
0.00023893399368136867
2.7731907159683e-06
0.0
0.0
0.0
1.4926834548088293e-06
8.122244771663727e-09
8.122244881417174e-09
-0.0011824408821308197
1.7091976228799604e-08
0.0
1.8545437935725137e-08
0.0
1.8545439677351862e-08
1.854544141868877e-08
0.00388839528497692
-4.445239073789847
4.445239700514913
6.267062057688336e-07
2.575293222457684e-05
4.61101784154211e-08
-2.3989813837563377e-05
2.4668559602553994e-05
-7.173486485491363e-07
-7.173486485489631e-07
2.5238177091026967e-05
2.523817709102637e-05
0.00025875841009342573
-1.589067504326477e-07
5.414986945191366e-19
1.115519021737235e-08
-1.7576388020849128e-07
-1.6461133622918368e-07
-2.609006391170697e-05
9.300124258578729e-05
9.692151732609063e-09
4.206042709984703
4.20604265305412
-4.7334470830395873e-08
7.129705158829271e-09
8.209581138023392e-06
0.00010375413005951028
0.0
8.633849203534464
-8.633849184261493
9.580816306232962e-09
-2.827142198939017e-09
0.0
9.680009601552797e-06
-9.680009601553685e-06
-9.680009601553685e-06
9.680009601556059e-06
0.0
0.0
1.275499288300795e-07
1.2754992883101783e-07
-9.666341873063901e-06
1.6855721493222453e-07
1.4554017012315232e-05
2.0782997898514894e-05
3.324765476953463e-05
3.3247654769534655e-05
3.324765476953515e-05
0.0
4.03345093709715e-06
0.0006307082947455766
0.0006347455396515465
-3.793968873441744e-09
2.4367048275578743e-06
0.0
0.0
1.2116196950870872e-09
1.9040448963099008e-08
9.337147096052582e-09
0.0
2.0208139272306395e-06
0.0
0.0
0.0
0.0
2.0420826663111104e-05
2.4325570693941916e-06
2.0201745140915755e-06
2.428048025689529e-06
2.0420826663110457e-05
0.0
0.0003762884579547805
0.0
0.00037629779510131903
0.00031518276675060323
1.3234130848016791e-06
9.680009601551291e-06
2.960930373987347e-19
2.6928664667284187e-05
-3.661752273452715e-05
-9.679089634556435e-06
0.00011381237246525669
1.618669119708157e-05
0.0
5.162774073387175e-09
0.0
0.0
2.9064337062803455e-07
8.84280830447788e-09
0.0
9.845782441733751e-09
0.0
-3.9075620616511636e-10
1.6617513085632677e-05
3.1570150121619674e-07
0.0
0.0
0.0
0.0
1.5345831657766804e-06
3.5468965053187247e-06
0.0
0.0
0.0
5.10738717764649e-09
0.0
0.0
1.4675288312677458e-08
0.0
0.0
0.0
0.0
0.0
0.0
4.5717178537055905e-07
1.2173083363697562e-08
2.815348507219143e-06
9.167840457824416e-08
1.5844673628364747e-06
1.1584838020071793e-05
4.394523496447972e-09
8.875496743879283e-06
0.0
0.0
0.0
3.4718085206997285e-09
9.75876291782658e-09
9.244632716023597e-09
0.0
9.782037973629298e-09
9.248753545148669e-09
9.19040957598364e-09
0.0
0.0
0.0
4.445178167258759e-09
9.1138246946637e-08
6.295346434722761e-06
3.931404432519738e-08
3.7477044271799888e-06
5.207684588991649e-05
0.0
0.0
8.624598642140551e-07
2.9110735466730447e-08
8.71478004083822e-07
1.4855586242270125e-06
0.0
0.0
0.0
0.0004295731840314249
0.00014622915564905685
4.657713480961839e-19
3.0553314682540276e-05
6.929791556423829e-05
0.0002461867533807123
-9.673816125279257e-08
0.0
0.0
0.0
0.0
3.289959238707162e-05
9.916229196404748e-09
0.0
0.0
0.0
1.1583524192168815e-05
0.0
0.0
9.493715553345168e-09
2.533038789698756e-09
2.5330387904910222e-09
9.558305020860645e-09
9.558305021630348e-09
0.0
0.0
0.0
1.5422442355570816e-19
0.0
2.3391646570308544e-05
0.00035865757230771616
0.00038204546449179373
0.0
0.00029614119680996317
3.957880386748343e-09
3.7746836611314844e-09
0.0
0.0
9.62194931543968e-09
1.6950112813526827e-10
9.621949314388638e-09
4.9126719685895846e-11
0.0
0.0001778520161876863
0.00017785201618768364
0.00017785201618768752
0.00030727330741058597
0.0
1.9914353273517847e-06
5.2097725501818425e-05
0.0
0.0
0.0
0.0
0.0
0.0
0.0
1.997892288279138e-06
0.0
0.0
0.006117544035933245
1.3269228573618046e-07
0.0
0.0
0.0
2.7772769658347396e-09
2.7778266637060054e-09
0.0004403851056625741
0.00044038377708332903
0.0
-9.916229182849953e-09
-9.916229182497108e-09
2.7785965044796264e-09
1.6874432993456443e-05
4.629366624905787e-20
0.0
0.0
0.0
1.4788900072547422e-05
0.0
0.0
3.0791271797986015e-09
3.0791271799608398e-09
0.0
0.0
6.604954959010522e-19
0.0
-4.241880407743634e-10
-1.4789960294193212e-05
-1.6861951201638248e-10
1.4799041843151325e-05
0.0
8.886528400901454e-07
3.7072954310400627e-19
0.00017785201618768492
0.0008609628287718854
0.0008609628287718855
0.0
1.997886259571411e-06
0.0
0.0
0.0
5.210301977134207e-05
5.210301977133171e-05
0.0
1.9480866159770926e-08
3.354001680238796e-10
2.882425005827877e-06
2.1695798529864933e-10
3.082002423775094e-07
0.0
1.987945762021683e-06
5.20933060247841e-05
0.0
-2.854352441002215e-06
2.5303820280579963e-08
-2.992334013475164e-07
2.8914793208317433e-06
0.0
-3.8720481429082245e-10
2.891479320699034e-06
0.00020415395928023117
0.00020416222583955236
9.867207140762444e-05
1.2516989383464452e-09
0.0
3.3620451038116794e-09
0.0
-1.3437367782061574e-11
0.0
1.661751308563293e-05
1.6617513085633788e-05
1.2628598267434516e-08
0.0
-2.6724505947981858e-12
0.0
0.0
0.0
4.22016895255067e-09
-0.0019802746002249728
0.0
5.4072019367994926e-05
0.0
0.0
0.0
9.373535378883664e-07
0.0
0.0
1.473630070682576e-05
0.0002441988178455805
0.0002441988178445674
1.4788897850367082e-05
2.06670109974979e-06
0.0
0.0
0.0
6.697402890100713e-06
-9.392911590503598e-09
0.0
4.118107981800683e-06
0.00011441689455588047
0.003353864099863869
0.0035684638025457608
0.015003461690101352
3.372225379171267e-07
1.3737761667599648e-05
3.2558624050405084e-08
0.0
2.3383628099397073e-06
2.7882745182937412e-05
3.1677108794975706e-08
3.256752937265977e-08
6.235051422452847e-07
0.00066689660802366
0.0
0.0012632357839456262
0.0020795761595526754
10.626702757165152
0.0
-1.7434629280792677
0.00034511483204438705
0.00011245886587580179
1.6225558987158998e-07
2.1229087902516208e-08
9.983153927528163e-08
-2.552315408449147e-05
-1.75483809284133e-05
0.0015151622189741032
0.0015151527926140218
0.0
0.0001355188376951763
0.0
-6.275417888785238e-12
0.00013468485762126498
8.305379959808297e-07
3.485676121039236e-06
6.322454866452701e-07
0.0
0.0
1.8124244384020554e-08
0.0
0.0
6.235051421892512e-07
0.0
7.552198807506152e-10
0.0
0.0
2.074117839159464e-08
0.0
0.0
0.0
0.0
0.0
0.0
0.0
9.163073418691175e-05
9.163073418691176e-05
0.0
0.0
2.5750086296150255e-05
1.89469163323603e-05
5.558327614043464e-09
2.0727553389890286e-06
9.692151841632924e-09
1.361006873025298e-08
2.5510404547969557e-09
0.0
0.0
0.0
4.707431688260412e-05
0.0
4.319481227269544e-05
3.4616957836940397e-09
8.828322390891625e-05
9.60191027972992e-09
0.0005357596509183723
9.152352239677266e-09
0.0
1.4200157460316795e-09
0.00020320831873301673
8.422055621371209e-09
1.7142127761465702e-06
9.720833100199588e-09
3.357488303945693e-05
5.256118705539762e-06
0.0
0.0
0.0
0.0
7.955796383874718e-06
1.6804141349954354e-07
1.3610068622479523e-08
5.160625999081872e-08
1.8171337350917963e-07
3.204488787165994e-07
4.580487159098417e-08
4.2579213168256516e-08
1.3945401483439987e-07
1.2230247319910015e-07
1.200487387934573e-07
4.207106217568464e-06
3.3009077302977434e-08
3.316644434492156e-08
0.0
1.5869092453209453e-08
0.0
0.0
0.0
0.0
0.0
0.0
0.0
0.0
0.0
0.0
0.0
0.0
0.013509656965357664
0.013455934621721288
0.0
0.00017497525279471627
6.5438261722707e-06
0.0
0.0
-3.23172252023715e-10
7.260142021889225e-11
1.9691751407349945e-08
9.916229281725269e-09
9.916229296831312e-09
9.916229311439376e-09
-8.198612536238587e-09
3.271970480447657e-11
2.1075348730938762e-11
9.680009601551906e-06
6.232701748521176e-09
0.0
5.559744047508597e-05
0.0
8.332591636034963e-09
0.0
4.213822433242214e-11
0.0
3.2721842077214924e-10
9.916229217054948e-09
9.916229233998668e-09
9.91622925044129e-09
6.363359239971913e-05
9.368371999109463e-05
0.0
0.0
0.0
-5.559744047508707e-05
9.805651734319982e-07
0.0
0.0
0.0
1.727918354815347e-05
1.6502363224513096e-07
2.134900530293062e-05
2.0561360957972552e-06
4.1181649816711065e-06
0.0010331239677517808
0.0011255670773141911
1.7728315924229793e-06
1.1556772967154077e-05
0.0
0.0
0.0
0.0
4.220168954670134e-09
9.504570502995176e-05
2.1026028589210655e-05
0.00021278765960870596
2.1705415015448967e-07
1.1039263243294251e-07
8.886760064306133e-06
0.0
0.0010455811901743327
3.556855694780773e-05
0.0011217183168951254
4.926225363447084e-09
3.228424337813622e-07
0.0
3.50224489511852e-07
0.00010813664566913488
8.719063248544552e-05
0.0001531642725004872
4.821238568758716e-05
3.676308568011187e-06
0.0053259940980052165
9.570268087080807e-09
0.0
0.0
0.0001510142608931842
5.527222145090898e-06
6.267374975531817e-06
1.7325596070187684e-06
3.745909619197397e-06
5.237495819622233e-05
1.635975601889103e-07
4.633818715723094e-06
0.0
0.0
-8.198612550434013e-09
2.915080639124245e-07
0.0
0.0014811135954711874
9.648038173962573e-09
0.0006238134162877472
0.0003090533820514066
9.294300497219904e-06
1.1606369558661637e-06
2.2403615636337406e-07
1.55036876352287e-05
9.856449077350083e-06
2.3287392960503172e-06
1.7670113428859641e-06
-0.0002495639979490146
0.0036000676999516415
-0.0026902255823191973
-0.005559554753295892
0.0026857328551717153
0.0
-0.00196662028933714
-3.269144725552911e-06
7.873383127728968e-07
0.0
5.544571755876444e-06
0.0
0.0
0.0
0.0
8.010358785121512e-08
7.873383127699276e-07
1.0072999240164248e-06
0.0
1.7879049348023858e-07
5.544571755871879e-06
1.551144307053499e-05
0.0
7.717656030346889e-06
0.0
6.868762958408171e-08
0.0
1.680125826347677e-06
0.0
8.67441900627063e-07
9.978319356064823e-07
5.72336224936135e-06
1.5505047525701383e-05
7.708370109046034e-06
6.041802782717432e-08
1.6706829834793547e-06
1.3498477909209508e-08
1.3498477906406054e-08
-8.023189965655417e-07
0.0
-7.96250158836551e-07
-7.962501588393695e-07
0.0
0.0022402869500636954
3.3390259743724254e-05
0.0
1.2173083366233797e-08
2.8153485072229093e-06
9.167840458309803e-08
1.5844673628415025e-06
1.1584838020077046e-05
4.394523502277237e-09
8.875496743885553e-06
5.53684433315296e-06
6.276888750975646e-06
1.7421428719226097e-06
3.7332489602322702e-06
5.2092906941049675e-05
1.731430819790252e-07
4.62897795069982e-06
1.008643881156696e-05
1.916965208743133e-07
9.259140765593363e-07
1.48260214366572e-06
2.1289133848885066e-06
2.241148790448877e-06
8.459500107255515e-08
3.157015012175985e-07
0.0
0.0
0.0
0.0
1.534583165779593e-06
3.5468965053218583e-06
0.0
0.0
0.0
5.107387180801151e-09
0.0
0.0
1.4675288316409946e-08
0.0
0.0
0.0
0.0
0.0
0.0
4.5717178537403495e-07
-1.2672008189460114e-06
0.0
9.916229182082781e-09
4.823782988411951e-05
0.0
0.0
0.0
9.373535378886102e-07
-0.0016186325734781602
1.1302915478346379e-07
0.0010982324230868004
1.1369537543867804e-05
-8.492794023595707e-09
0.0
0.0
0.0
-9.354520457078089e-09
5.395829524878136e-08
0.0015902992919339652
0.0
0.0009024261717859704
12.898184271435474
1.1286936555775072e-05
1.1309544938036247e-05
-0.9043845895370781
-3.3580295630604264
0.0007935139269219642
0.0
4.9739391660768275e-06
8.023189965611423e-07
0.0
2.335549482822449e-08
0.0
0.0
0.0
0.0006256194622603227
3.888647154849895e-09
0.0
8.588573296736818e-07
8.588573298755892e-07
0.0002587584100934261
2.523817709080952e-05
8.518868203532349e-07
2.523817709070088e-05
8.588573297747097e-07
2.5238177090918235e-05
0.0
0.0
0.0
3.097837237191008e-19
1.4663974691620993e-05
-0.870374924365428
0.8703600860860153
-1.743047211090079e-07
-3.3567522940399366
0.0
0.0
0.00026516142350583097
7.173402092117113e-08
6.276583905747041e-06
2.054036986176536e-08
3.7552081196264406e-06
5.236802083759887e-05
0.0
0.0
0.003600067699951641
0.0
0.0036000676999516402
0.0
7.17340209239237e-08
6.276583905750792e-06
2.0540369866316323e-08
3.7552081196313157e-06
5.236802083760411e-05
0.0
0.0
0.0
0.0001515485095850977
9.309249900403209e-09
0.0
-0.0006996914737266571
4.104308254940381e-05
1.1522572497058476e-06
0.0006985446734960948
0.0
-0.0005795461493462624
0.0005357237955211983
-0.00020166069348279543
0.00020325921592444265
-1.9481986146100548e-05
6.93407349835704e-08
0.0
0.001744829050680678
1.4872147306126706e-06
0.0
0.0
0.0002819749186436125
0.00015102364489171665
0.0
9.384021915206832e-09
0.00028197063968490177
0.0
4.278978608741749e-09
0.0012223373397487595
-0.00011286774244684912
9.373535378889693e-07
0.0
0.0
8.37227543399099e-09
0.0
-1.0244388893098731e-05
-1.0244388893099012e-05
-1.0244388893099424e-05
7.552199099289551e-10
3.357116005091946
3.357116005091946
1.9318152091747925e-05
6.096957474921573e-09
0.0
0.0
0.0
0.0
0.00018113702513925707
2.108708604652021e-09
0.0
0.0
0.0002829086126317985
0.00028290861263179854
1.2628600950280698e-08
2.0667010997353177e-06
4.0431630904425294e-10
0.0
0.0
0.0
0.0
0.0
0.0
0.0
0.0005181769041971455
5.9350240888057825e-05
0.0001437112655191439
0.0
2.1238123749629798e-05
1.1419489315614304e-07
0.0
1.7604062488978703e-05
1.7929716659176767e-07
3.284586975188355e-05
2.561661668483064e-07
0.0009722844836710723
-0.001718158919836836
0.0
0.0
7.511153082532749e-09
0.0
9.040138621615887e-09
0.0
0.0
5.0514386089245015e-08
4.792168165833462e-06
0.00024035490498571372
0.0
0.0
1.2516989383464463e-09
0.0
0.0
0.00024094191870793692
-0.0002409419187079393
7.397746767090413e-19
0.0
7.901579638453143e-20
2.2275646071181466e-18
1.5269368258739763e-18
0.0
0.0
0.0
1.886006777422206e-11
6.204984635464034e-07
4.508293499762804e-05
0.00042957367075148803
0.0013062219892538735
3.306956074659697e-19
7.006005536042104e-19
-1.4962378185304521
1.4962353138109656
-2.4975450564909727e-06
0.0
4.792168165828485e-06
4.7921681658299365e-06
1.8858875358262987e-11
0.0
0.0
0.00026517037892203384
0.0002651614235058309
1.4769077850624917e-05
0.0
0.0
0.0
3.1460719667653393e-10
0.0
0.0
0.0
0.00024037422597062043
0.00024036466669992256
4.792168165831573e-06
5.970105673693915e-19
5.9701063130274e-19
5.959722552713936e-05
7.433359343668675e-05
-1.4736367909547258e-05
1.473630070671677e-05
0.0
0.0
0.0
0.0024678704783344285
0.0
1.885291944330512e-11
1.885649275971154e-11
0.000153336118440601
0.00022789762827861725
0.00016599556820722075
-7.691943745995514e-08
0.023492651194219387
0.0
0.0
-12.899231623800388
8.142055092641431e-09
0.0
8.142055095833409e-09
0.0
-9.709283554882805e-09
0.00024029906824777597
0.0
7.017853925730869e-06
0.0
0.0
4.764950191733064e-10
0.0
0.0
0.0
0.0
0.0
0.0
0.0
0.0
6.109124659934735e-05
2.783223479143719e-08
2.7832235517256458e-08
1.2628601453384758e-08
1.2628601152540686e-08
4.046083737027496e-08
1.6617513085632646e-05
4.906357332757165e-09
4.906357332757158e-09
9.648037035958623e-09
0.0006907409382996527
0.0002409419187079406
9.26468986004151
0.0
5.7425969085639304e-05
-5.739778942901546e-05
0.0
0.0
0.0
0.00024736623738416213
8.958207525932542e-05
0.0
0.00017514381000965085
0.0
0.00027169976650939575
5.007321152718383e-19
8.038977083649285e-06
0.00047766700649336057
-1.2165864316005892
1.2170490725034715
-6.996435777422048e-06
5.444578304119271e-05
-5.444578304119258e-05
6.97072120052485e-09
0.0006238663078497221
0.00034839940152122355
9.328854455726091e-09
0.0
0.0
5.991358253511793e-09
0.0
1.170539472099795e-10
3.38558216417576e-05
5.4445783041192906e-05
5.442689454914449e-05
0.0
6.109124233758614e-05
6.970523042098476e-09
0.002064034404293258
0.0
0.0001466230363821494
5.467186519465102e-09
5.103688082833424e-08
3.708655546994484e-08
5.103688086163426e-08
0.0
1.941751181081874e-08
1.9343075560401605e-10
0.0012673444189502995
7.220759616736965e-06
0.001518825138843915
0.0002515376504766885
1.4779428623793632e-19
-0.00025870259591183965
-0.0002587025959118395
-9.116202644316461
1.8092861638408907e-18
0.0
0.0
0.0
4.520970667883789e-08
4.520970667880407e-08
0.0
0.0
0.0
6.970715407267775e-09
0.0
0.0
0.0
-4.973939166090947e-06
0.0
-4.9696767430774206e-06
-4.967209598000945e-06
9.03871840073672e-14
3.3235026171266634e-05
9.66152378708245e-05
0.0
8.99422950533974e-09
0.0
2.7840219675368062e-08
2.7840219687348142e-08
3.3235026171270286e-05
0.0001081366456691759
0.00024956399794901255
0.00010813663768497174
9.661523787082844e-05
9.66152378708317e-05
0.00010813664566917359
0.00010813682144303643
1.9863065839803028e-10
3.3014219379736643e-08
4.6744825654829465e-08
0.0
0.0
0.0
0.0
0.0
1.906441684279341e-08
1.906441624802168e-08
0.0
0.0
0.0
1.906441492685578e-08
0.0
4.655113983767197e-09
6.429834863434672e-08
0.00010813664566915044
3.3235026171268016e-05
1.9064413578056755e-08
1.9048436999182183e-08
1.1530442133053272e-05
0.0
0.0
0.00022033567979854764
0.0
1.9056424552952675e-08
1.9064411502546358e-08
0.0
1.3489572490409688e-08
1.3494009870511446e-08
4.0845081377448316e-07
9.37353537888697e-07
11.332545829365062
-11.332545959382314
-1.2037840312563087e-07
9.805651734031468e-07
-1.7673318274738628e-06
-1.767331827473917e-06
1.0352136381089276e-06
0.00011363355320637013
3.941854369301209e-05
11.185462805983812
-11.185462815793194
0.0
1.6617513085632724e-05
-2.3387880077052614e-08
6.922413908039861e-19
3.6967708929132724e-05
-3.695813197074273e-05
9.57695839129485e-09
-4.127577871843296e-08
0.0
0.0
1.0352136380161861e-06
0.0006331526848391838
2.076644343322708e-09
-0.0006331506081947313
0.0
2.0104237434936176e-05
1.896290378104691e-05
5.0946440087023025e-09
0.0
0.0
0.003845318189080871
0.0
0.0
0.0
0.0
0.0
3.993120474335721e-09
0.0
1.2519988175955344e-05
0.0012570970091598124
0.0012433859688373635
2.623102187435261e-05
-6.624051775200497e-12
