0
0.0
6.280241980342274e-09
0.0
0.0
3.0411914189992927e-09
0.0
0.0
0.0
0.0
0.0
0.0
4.6885172942189715e-08
0.0
0.0
0.0
0.0
0.0
0.0
0.0
9.405549997188443e-09
0.0
0.0
0.0
4.8243298002012025e-09
0.0
5.9639338231490466e-09
0.0
0.0
0.0
0.0
0.0
0.0
0.0
0.0
0.0
2.5216773756648743e-05
9.866808206962591e-09
3.6749811609303195e-08
0.0
1.1949547490239283e-08
0.0
0.0
0.0
0.0
0.0
9.961279861404768e-11
0.0
0.0
0.0
0.0
7.50509099127757e-18
0.0
0.0
0.0
0.0
0.0
0.0
7.917447097854897e-09
0.0
0.0
0.0
0.0
4.354762008112942e-17
9.442010612739453e-09
0.0
0.0
0.0
0.0
0.0
0.0
0.0
0.0
0.0
1.0155014464963488e-10
1.3887519423411731e-11
1.537127649743809e-09
0.0
0.0
0.0
0.0
0.0
1.015501453543663e-10
0.0
0.0
0.00015730886897678248
4.89902607599856e-13
7.633372969025163e-09
1.2867086398063278e-09
9.784278862729124e-09
0.0
0.0
9.731150097541734e-09
0.0
0.0
9.474330842926878e-09
3.467381887776575e-09
0.0
0.0
0.0
0.0
0.0
0.0
0.0
0.0
0.0
0.0
0.0
0.0
3.500410155898928e-09
0.0
0.0
5.863852215525156e-11
0.0
0.0
0.0
0.0
0.0
0.0
0.0
0.0
0.0
0.0
0.0
0.0
0.0
0.0
-5.091714798687537e-09
0.0
0.0
7.55069733883573e-09
9.319008043637629e-09
0.0
9.516214892528608e-09
0.0
3.935950395089614e-09
0.0
1.952654856975994e-09
1.9296013142605546e-06
0.0
0.0
1.7236454263017563e-08
0.0
0.0
0.0
0.0
0.0
0.0
0.0
0.0
0.0
0.0
0.0
0.0
0.0
0.0
0.0
0.0
0.0
0.0
0.0
0.0
7.75517049403646e-13
9.711371185567251e-09
-3.2876124206312324e-05
0.0
0.0
0.0
0.0
0.0
0.0
0.0
0.0
1.9047626371745465e-08
0.0
0.0
0.0
0.0
0.0
0.0
0.0
0.0
0.0
0.0
0.0
2.4954601693494283e-05
9.244035407490739e-09
0.00015123123266345392
9.751209927037376e-09
8.253792367413026e-08
0.0
0.0
2.7962577816409243e-08
0.0
0.0
0.0
0.0
1.213201804914426e-07
0.0
0.0
0.0
0.0
3.943541437615117e-09
1.991366283652663e-08
0.0
0.0
3.80808629074636e-09
1.6009589650110774e-08
0.0
4.6863262966581065e-08
0.0
2.7508901313055856e-08
1.1772571202996291e-08
0.0
4.3516000618759435e-09
0.0
0.0
0.0
0.0
0.0
0.0
0.0
0.0
0.0
0.0
0.0
0.0
0.0
0.0
4.171797648314386e-18
1.55777892467112e-09
3.951963712490036e-11
1.0915979307728207e-09
1.6924690988961988e-10
1.1570870467792344e-20
0.0
9.757498984932992e-09
1.3487363136055475e-11
0.0
0.0
9.47474679667363e-09
0.0
0.0
8.221589209142749e-11
2.416364885233016e-06
6.298768798207455e-12
0.0
0.0
0.0
0.0
5.331401759850956e-23
3.859227188591151e-11
-0.0001579267511091104
0.0
0.0
0.0
0.0
0.0
0.0
9.614656696620944e-09
0.0
0.0
0.0
5.964299173088307e-07
0.0
7.94910854605613e-09
0.0
0.0
0.0
0.0
0.0
0.0
0.0
0.0
0.0
9.715457926459337e-09
3.0341444927855518e-09
2.472951479669767e-07
0.0
0.0
0.0
0.0
0.0
0.0
-9.583998429834976e-09
0.0
0.0
3.8666813290256054e-13
3.5163367100973096e-10
0.0
0.0
0.0
0.0
0.0
0.0
5.657401205545179e-09
9.563364850564077e-09
0.0
9.203158616495686e-09
0.0
0.0
0.0
0.0
1.0369849912195969e-08
0.0
9.521605357631878e-09
0.0
0.0
0.0
3.4673815880849163e-09
0.0
0.0
9.708444450968822e-22
0.0
9.01143553176261e-09
3.86636805424672e-08
0.0
0.0
0.0
0.0
0.0
0.0
0.0
1.8971401936143033e-07
0.0
0.0
0.0
0.0
0.0
0.0
0.0
0.0
6.648699579309353e-12
0.0
0.0
1.916104361374093e-07
0.0
0.0
0.0
0.0
0.0
3.0818543043063806e-09
4.973876712970522e-10
9.732865283249709e-09
1.9648192700049527e-08
9.990502543874843e-09
9.988198151948896e-09
7.206670609258927e-10
9.987381704643084e-09
9.947417590390494e-09
9.938157393028007e-09
6.985066975099903e-10
9.947417519272845e-09
9.960769513429989e-09
9.988198367002604e-09
9.987381338707291e-09
0.0
6.126727034137106e-07
1.6002516002791955e-08
1.7132782361041424e-07
0.0
9.856928956645284e-08
0.0
1.3123781627486973e-07
4.8666227891067075e-09
0.0
1.0730945469911515e-08
5.26289913445207e-10
9.331907201300008e-10
2.3832080228000653e-08
0.0
0.0
0.0
0.0
0.0
0.0
2.3847648160964864e-08
1.7130974061720222e-08
3.026985589167782e-09
0.0
5.246143552777361e-09
1.2097708325137934e-07
0.0
6.83789995011486e-08
1.0360390359514351e-08
6.177840939413422e-09
0.0
0.0
4.21072962880243e-08
0.0
1.258052871369063e-08
6.735844455147053e-10
0.0
0.0
0.0
1.5294359539469963e-08
3.520849243287259e-10
-9.405549977747896e-09
0.0
9.98678856463115e-09
7.216954974140289e-10
9.985485420698056e-09
0.0
0.0
1.1314041186963994e-08
5.023678614734851e-09
1.1315942998574086e-08
0.0
0.0
3.616695542817013e-08
0.0
0.0
0.0
0.0
0.0
0.0
6.210595624800766e-09
0.0
0.0
1.9898707202952553e-08
1.9922588381524246e-08
1.9974987139729617e-08
1.9972866385666595e-08
-8.228415840946628e-09
-9.436237674164023e-09
1.1313565438630944e-08
-6.813354015944242e-10
1.131546785235846e-08
-8.685302434256704e-10
0.0
3.616648052725104e-08
0.0
-3.8228492997067995e-10
-9.61335418254474e-09
-9.611359239579138e-09
0.0
0.0
1.1313089707941436e-08
0.0
1.1314992676428483e-08
0.0
0.0
3.6166005636264415e-08
0.0
0.0
0.0
0.0
0.0
7.313132994561771e-10
9.95128976162378e-09
9.405549997176539e-09
0.0
1.428697351858183e-13
0.0
0.0
9.932658790382182e-09
9.98208836396682e-09
3.142552556877794e-08
0.0
8.135217055657826e-09
6.280242188349061e-09
9.40235118591232e-09
0.0
-6.885184108602125e-10
2.299460990272269e-06
4.574695404212147e-07
1.3203428271191414e-07
4.256317030363889e-06
8.279732616405845e-07
0.0
1.1966231621139427e-06
4.861357315851359e-07
8.12475211481416e-09
2.5984826295421995e-06
0.0
1.9648192649098546e-08
0.0
0.0
6.831527385889295e-08
3.151076061528724e-08
8.490332540834474e-05
6.857632357012672e-10
0.0
2.2481022217413216e-09
1.1419662866514252e-09
-1.1092671847734437e-07
-9.737351823674848e-08
-1.0769163096749476e-07
-9.008355511021249e-08
-2.40667452564014e-08
4.95575353350779e-08
-9.866808206986884e-09
-6.285926853557481e-10
0.0
-2.731690084785758e-08
-3.674981154480096e-08
0.0
0.0
0.0
0.014792303823736832
0.0
-2.6749139813955436e-09
0.0
1.992710512872649e-08
9.953789562337431e-09
2.6812848140740805e-08
0.0
2.987263577310249e-08
9.945530776226384e-09
1.9444110854107916e-09
1.9444113100770347e-09
0.0
-4.027604516787997e-08
0.0
2.680316077614186e-08
0.0
9.90430083195156e-09
6.653291160526715e-10
9.951875825464986e-09
9.951875827840355e-09
9.956751576853023e-09
7.1672905819726e-10
9.95675142727653e-09
7.616384821440558e-09
-1.1442445920420384e-09
1.10924396342076e-07
1.0690120081160992e-07
1.0768930517734022e-07
4.9886854286294094e-08
6.107654945165797e-09
4.461511171616195e-08
-2.4459814355471566e-08
0.0
9.961356691959732e-11
0.0
1.1823392124822416e-12
3.991404458433347e-05
3.9923806716134084e-05
4.2903633665397246e-10
5.770776279374212e-07
2.316565296458404e-06
1.1480404550436913e-07
1.4452872673183499e-08
4.096920161109433e-06
2.0134429807497854e-08
3.894691858201626e-09
0.0
5.979445726378335e-05
0.0
0.0
-0.00015298744891110929
0.00012777067515444372
-2.520702019759216e-05
0.0
0.0
0.0
1.0975186909006961e-07
9.98105476046618e-09
7.405477540994263e-10
-1.4366816125311422e-08
-0.1117085822751917
0.0
0.0
0.0
0.0
0.0
0.0016929850989977602
-0.0016929451502538894
9.986998867855096e-09
0.0
0.0
9.967348970336227e-09
9.971971950726132e-09
0.0
0.00019242459482561158
0.0
-9.521628351223665e-09
1.0062448504912381e-10
0.0
1.1331126090500855e-07
9.460986557443205e-09
0.0
3.619174828228017e-08
3.559838771099956e-08
0.0
0.0
1.0054346510167391e-08
5.1632051033951034e-08
0.0
0.0
0.0
0.0
0.0
0.0
6.897579216091365e-10
6.129258534282438e-07
2.7281312654101488e-08
1.960608987353267e-07
4.022532048000162e-08
8.223676069405455e-08
1.9854376257642135e-08
4.0442918801719153e-07
-1.9444109267106755e-09
7.50502883911578e-18
3.0399941178856276e-09
-9.592118637574698e-09
1.0062050604417066e-10
0.0
1.1631429809246728e-06
9.853822646732624e-09
6.158707372729439e-10
0.0
0.0
0.0
7.188055445348636e-10
1.1426385741726366e-08
-5.0786395245066424e-08
0.0
1.3807938491753506e-07
0.0
9.454074305394393e-17
0.0
1.8446064633627907e-06
-2.3297231667528483e-06
5.143726831714559e-07
9.911387737447652e-09
5.032324922313603e-10
4.682484666205231e-10
-2.575597621463921e-10
3.0559086121839916e-07
5.080974073344113e-07
5.706725069249704e-09
8.912627042713392e-09
0.0
-7.917447041733139e-09
2.583566379129764e-07
2.583566384823074e-07
7.117049984829632e-10
9.951627077953162e-09
0.0
0.0
0.0
8.285692270259578e-09
0.0
0.0
0.0
5.355606934854191e-09
3.589055131231018e-08
0.0
0.0
0.0
0.0
0.0
8.888974706472915e-08
1.9861052021432658e-08
9.956751279383975e-09
-5.81782126418456e-10
0.0
0.0
0.0
3.056474597277231e-08
9.972165519955581e-09
7.461374438744747e-10
7.432055559688578e-10
1.6851284911052056e-08
0.0
0.0
2.5984826299712535e-06
0.0
0.0
0.0
6.337802580283953e-16
0.0
5.86215432968584e-07
3.655184596087448e-08
1.2395603479497575e-07
0.0
0.0
2.968423504597745e-08
0.0
0.0
2.280013452351883e-06
0.0
2.419626619164548e-08
4.106741262248599e-06
0.0
1.3652765557648357e-08
0.0
0.0
5.780375193976167e-10
2.2260729797748308e-07
0.0
1.3252175353249781e-09
4.2882062735035776e-07
4.193786168483296e-07
4.288206274615239e-07
4.2882062728189695e-07
4.288206274417428e-07
0.0
0.0
0.0
2.80115827015477e-08
8.41587917157848e-09
9.815204943730213e-09
-8.666083765851949e-11
0.0
0.0
1.2713259493537386e-08
-6.878326726360304e-10
0.0
3.9634231937513196e-16
3.977819469480454e-09
6.172613252282109e-09
9.960095560812565e-09
2.9981088662327464e-08
9.886948926906236e-09
9.886948884638321e-09
9.88694888438899e-09
1.2001737700528845e-07
2.2343097495062848e-06
0.0
2.3492122216164723e-06
1.551616463699414e-16
2.21466296055206e-09
-2.2265901907146885e-06
6.946497435585015e-10
0.0
1.6334474522427546e-17
0.0
0.0
-3.942159080595753e-08
1.7261803300649957e-08
0.0
0.0
0.0
0.0
1.27612262806854e-07
1.0095983686823497e-16
0.0
4.1802414651920727e-08
0.0
1.1328856009198986
-1.1328833802000575
9.936269112199533e-09
0.0
2.34130707307288e-08
-4.158845759186135e-07
0.0
0.0
0.0
0.0002557746555624796
6.274718606318111e-11
6.274643890406828e-11
0.0
2.3594665715823077e-08
0.0
0.0
0.0
0.0
6.652739571986537e-09
0.0
9.825529735970715e-09
5.892195128599211e-10
0.0
1.800597715599076e-08
8.912626399448282e-09
8.912626111310176e-09
0.0
0.0
0.0
0.0
0.0
8.949154368013463e-05
0.0
4.688517418823875e-08
0.0
-8.948166335980645e-05
-1.3886353587312243e-11
0.0
0.0
0.0
0.0
-9.951071772910762e-09
0.0
-1.956208625641942e-09
0.0
9.193947460394241e-16
0.0
0.0001363703660688476
0.0
0.00013636052678210917
0.0
2.0067436227751203e-09
0.0
0.0
0.0
0.0
0.0
4.459219780065738e-16
1.187574922589039e-15
0.0
2.3616756083216223e-12
2.3619191608861157e-12
2.3596044749505218e-12
2.360633244094124e-12
3.056474513244191e-08
7.283147688660074e-10
0.0
1.1711622251935328e-08
0.0
1.9047626375184594e-08
7.158353265856002e-09
0.0
0.0
9.961564394342937e-09
7.214458757093851e-10
1.45893742620984e-17
8.405434995231834e-05
6.457869502693162e-08
7.44408023508955e-08
9.86210734740334e-09
0.0
0.0
0.0
0.0
0.0
0.0
0.0
0.0
-9.71282485223799e-09
-9.816049056541546e-09
-6.688350407376535e-10
-6.472378164222268e-10
-2.3956505960844726e-09
-9.886172439986952e-09
-9.89170060444744e-09
0.0
0.0
0.0
7.177521053781525e-10
-9.411575705028322e-09
0.0
-0.00015731865744328388
-0.00015676058804481308
0.0
5.1376864109537236e-08
-4.898997874036581e-13
4.166908998204992e-08
1.286703240084052e-09
1.2867068384948652e-09
0.0
0.0
8.235428949651126e-08
2.1735918131134124e-08
0.0
1.961770235740158e-07
1.9617702364450186e-07
1.9617702373199878e-07
2.0596130261485884e-07
1.9617702375215e-07
1.6694219986075063e-15
0.0
0.0
8.644137906363385e-09
0.0
0.0
4.94915321383188e-10
1.9349105411490836e-08
0.0
0.0
0.0
0.00035330672368238947
-4.957078902465972e-10
2.6891797103256342e-08
-0.00035332383828573684
7.750445155724874e-13
0.0003533066743293528
4.931914454484108e-10
0.0001239485206967532
0.0
9.921011213853186e-09
9.921011475452074e-09
1.934917671270416e-08
0.0
0.0
2.130083364695876e-08
1.7956764639206582e-08
4.940096383367874e-09
2.4060569270136298e-08
2.3651248569601157e-09
0.0
0.0
-9.474330842920101e-09
0.0
9.82259639255574e-09
1.928309582681655e-08
3.0518016064070605e-16
0.0
0.0
9.851734211234563e-09
9.851734007115089e-09
9.851733804070416e-09
9.929119606699352e-09
6.340639618083265e-08
9.929119027301444e-09
6.896483521453036e-10
0.0
0.0
0.0
0.0
0.0
0.0
9.89254367311787e-09
0.0
0.0
1.2715964713765617e-07
0.0003154239292042579
1.0253271302281768e-07
0.0
8.123654608774063e-08
0.0
4.7954953244933735e-08
7.026091970696252e-10
2.2657084705612895e-07
-1.4492500042244004e-09
9.755398459990227e-09
5.194562881079587e-10
0.0
6.94134093668711e-09
2.8752601750300886e-09
1.9974785049543996e-08
7.465983796618254e-10
2.779014891990791e-07
0.0
2.8284165503700026e-06
7.059166583907583e-07
0.0
0.0
0.0
6.908495366405962e-08
9.834134702478136e-09
3.427210957018279e-09
9.938156977870207e-09
1.1490925582648262e-08
-9.812021911984048e-09
7.750929962720904e-10
-4.688517307727125e-08
0.0
0.0
1.318697924621463e-08
3.937441492903652e-08
0.0
1.7064411809477996e-08
2.528302923209648e-07
0.0
0.0
0.0
9.961564283475949e-09
9.311682136838896e-09
7.103375335434759e-10
0.0
1.1873238955675844e-08
1.9891819850861217e-08
7.018702475234657e-10
7.221102849066713e-09
9.9058581489175e-09
2.3542602560984906e-09
9.876706501047618e-09
2.7033553437462754e-08
0.0
9.905858206729797e-09
0.0
7.448746652838512e-10
1.996900582093771e-08
7.429810270201477e-10
0.0
0.0
0.0
0.0
0.0
0.0
-5.77232990878816e-10
0.0
2.9086168371069575e-09
4.0725132436951456e-17
0.0
0.0
0.0
-9.286952260380635e-09
0.0
4.4851903890925555e-16
0.0
0.0
0.0
-1.498360451961415e-11
9.055256544598933e-16
9.765540091523922e-09
0.0
0.0
9.951526312745353e-09
1.980913668002953e-09
0.0
0.0
3.04118880243863e-09
0.0
0.0
0.0
0.0
0.0
7.440040507580666e-10
1.9967183064821163e-08
9.982601523184087e-09
0.0
1.9421761088935634e-08
0.0
0.0
0.0
0.0
9.763369894501927e-09
0.0
0.0
5.5756244568807605e-09
0.0
0.0
-5.863852294490457e-11
0.0
0.0
0.0
9.405549998022476e-09
4.488296383712825e-06
4.488296383712309e-06
0.0
0.0
8.795501645574413e-08
9.510189140381736e-09
0.0
0.0
9.992615620596674e-09
0.0
1.9632687859447357e-08
9.791180605935333e-09
9.791180851363062e-09
0.0
-1.0352049172848883e-08
6.298197743405604e-10
9.407277860016584e-09
0.0
8.817204716862241e-08
2.3347921040585064e-08
1.8831480944609107e-08
1.9525775986024919e-10
0.0
0.0
0.0
3.792373268425626e-13
3.5623887825091474e-09
0.0
0.0
0.0
1.6267671799113082e-10
2.1071240184210394e-08
0.0
1.4685712840311525e-08
0.0
0.0
2.08582744982268e-08
8.885412565915168e-09
0.0
3.2004314767915985e-10
0.0
0.0
4.6017399241743844e-08
4.424164804808438e-09
0.0
0.0
0.0
1.7887353199243706e-10
0.0
1.808286164682687e-10
0.0
0.0
0.0
0.0
0.0
0.0
0.0
0.0
1.0391914232859558e-08
-1.1092517027751648e-07
-1.0690197513758002e-07
-1.0769007979740015e-07
-9.008200529627862e-08
-1.4682914652673206e-08
-4.9555984205085224e-08
1.948434639226454e-08
0.0
0.0
0.0
0.0
0.0
0.0
0.0
6.373020544014896e-05
0.0
2.1203444546906376e-09
1.366093597735702e-09
0.0
2.9879219628691644e-07
2.793524673743072e-07
4.325090967153491e-10
3.4716693191749437e-09
0.0
4.682483486446226e-10
9.703110002328222e-09
-1.9083658450241153e-07
0.0
9.938085042540832e-09
6.984353359944879e-10
4.7603284285354827e-07
0.0
0.0
9.529073888203541e-08
0.0
0.0
0.0
1.010288779613234e-08
5.897490601437921e-07
0.0
1.4988271141953264e-07
8.866436288046656e-08
2.684378590205744e-08
0.0
7.106371862770477e-07
1.0809733970898437e-07
5.732584164597643e-09
9.31168302716391e-09
6.073540353073454e-07
2.5420307904417117e-08
1.8059528913304992e-07
4.521370702265769e-08
4.479977535773975e-08
3.692995224034914e-08
7.155765071868544e-07
0.0
9.752682507083349e-09
0.0
0.0
0.0
2.8688673228858794e-10
2.868867444811338e-10
0.0
2.7671780778974148e-08
3.222408408990779e-05
0.0
6.34098714184397e-10
9.872427888359423e-09
9.872427930712746e-09
0.0
5.768507092772248e-07
0.0
9.84379251368817e-09
0.0
3.4716693221808246e-09
8.912626697323181e-09
0.0
0.0
0.0
5.588383052834978e-07
1.4398594316844537e-08
0.0
9.88752352301691e-09
9.887523538065367e-09
0.0
0.0
0.0
0.0
0.0
9.829323894542895e-09
0.0
0.0
0.0
0.0
0.0
7.047220561033254e-08
0.0
-6.124361918827031e-07
1.2159449508448926e-08
0.0
0.0
0.0
0.0
0.0
5.156395528351828e-11
0.0
1.5045226596111476e-08
0.0
0.0
0.0
0.0
0.0
0.0
0.0
1.549584738003753e-08
0.0
0.0
0.0
0.0
0.0
0.0
0.0
1.506643612923295e-07
7.344528156848506e-08
0.0
1.4686791240815348e-07
9.951804738280045e-09
0.0
3.9079978810896995e-05
0.0
0.0
0.0
0.0
0.0
0.0
7.706431791537511e-07
0.0
0.00010886113346929616
-1.9296013142717193e-06
0.00011135864675316833
1.3518290584748055e-06
0.0
1.901860934389242e-08
9.551260495254448e-09
5.879847344705901e-10
1.8900279137571925e-08
9.074919938712587e-09
0.0
-1.723645426463926e-08
-1.723645426388032e-08
0.0
1.9018609282953604e-08
9.869892959347981e-09
2.5011113928126602e-06
0.0
6.340986914447945e-10
6.340987022992738e-10
4.0109758467909984e-05
1.983538393844005e-08
0.0
9.944320020135186e-09
0.0
0.0
0.0
1.978293346493201e-08
0.0
6.012901951623809e-10
-9.925209240417565e-09
0.0
1.942029815298111e-08
2.6710419189211762e-08
0.0
7.210486262350554e-08
4.996871079970203e-08
9.205785880000159e-08
0.0
4.1418725834113435e-07
1.7145292624223306e-08
9.947884897884736e-09
-6.65223386132896e-08
0.0
0.0
0.0
0.0
7.21290843162717e-10
0.0
7.276879219249143e-10
9.091432736812245e-09
9.945641865627408e-09
1.98284355086374e-08
7.283402661906393e-10
7.896242544172319e-08
9.870711900412365e-09
0.0
8.804163170112895e-06
4.342790379252559e-06
1.2823950639514672e-07
9.929665260788975e-09
9.929665220368366e-09
1.3533763305353668e-08
0.0
5.058288212219445e-10
9.757638664564548e-09
4.7928401746953934e-09
9.905858149155197e-09
4.7928401697078575e-09
4.792840166622191e-09
9.905858147387661e-09
6.668549803039406e-10
5.216504224387144e-10
9.757638721596008e-09
4.244238652611819e-08
9.741484209938967e-09
9.938374437528463e-09
0.0
9.925840077514357e-09
6.864356541807141e-10
5.627667659679515e-10
5.627667676484649e-10
1.0221798635605013e-05
0.0
3.197934656469837e-08
8.800005490993386e-09
9.957572546050366e-09
9.957572699385944e-09
9.82472020906833e-09
9.824720402246828e-09
6.634693294216287e-05
0.0
0.0
0.0
9.828808947346553e-09
5.289416987874086e-16
0.0
8.925346059509982e-08
2.2287833497333642e-08
3.1762997989999476e-08
-9.71137118566533e-09
8.661215443705542e-06
-9.252893225372775e-09
0.0
0.0
0.0
-1.951563910473908e-17
2.4821548592804767e-06
4.981923744443173e-07
3.307511034592778e-05
0.0
1.0324538526763772e-06
1.0412964494918456e-06
8.842596841980143e-09
0.0
3.3524304025591e-08
1.954837037234634e-08
9.790731737851398e-09
5.540643656220916e-10
9.790731794921192e-09
2.796874668997134e-08
0.0
0.0
0.0
4.604883954492852e-10
1.963186103257648e-08
9.391240335734907e-09
0.0
2.4950905595380264e-05
6.902324177592524e-06
3.2894015726370185e-05
0.0
3.3041586041891045e-05
2.7968746415931326e-08
9.128054117293017e-06
2.0326366565770596e-16
0.0
9.96487414869088e-09
6.864357634126831e-10
0.0
8.489340025467923e-05
0.0
3.613225341653962e-08
-2.097061401862277e-06
0.0
1.984467991661111e-08
0.0
4.657479006999765e-10
1.033327812159213e-08
0.0
0.0
0.0
-8.481372519054642e-05
0.0
9.947589312171712e-09
0.0
9.738833108008382e-09
9.738833195611918e-09
3.0336275913398414e-06
0.0
0.0
-1.9047626371787238e-08
0.0
6.938304006169785e-10
0.0
2.221402182367342e-07
9.922372348021222e-09
8.83282253508731e-09
8.83282255177047e-09
1.9767350798131947e-07
0.0
3.780632029164995e-08
0.0
0.0
3.788488881469735e-07
1.4682550014883701e-08
0.0
0.0
0.0
3.380120932656931e-07
5.5347627459736725e-08
9.866025228884821e-09
4.208354854572556e-08
0.0
1.4412015843679442e-06
2.0289312984835385e-08
1.131340956220301e-16
0.0009383429507874881
-0.0009383248036523303
0.0
9.893605271565637e-09
7.987950001185654e-16
0.0
0.0
0.0
0.0
4.860931291852843e-07
9.985845419560103e-09
5.40774788429527e-06
1.0574082978674038e-06
2.594132087610972e-16
0.0
1.714529272926847e-08
0.0
1.943972894503524e-08
2.696858561071449e-07
1.982843533882728e-08
0.0
1.550491440258718e-07
0.0
9.091432968574496e-09
8.542093511498602e-10
0.0
0.0
0.0
3.994383302026997e-08
7.445344502874841e-10
0.0
0.0
9.992614448636511e-09
-1.9813957393213788e-08
0.0
2.0596171179338146e-08
0.0
0.0
9.984603614222615e-09
0.0
0.0
0.0
5.08045172784489e-07
5.398081708608412e-07
3.4923296535944687e-07
4.763382218109593e-10
7.004581747632224e-09
2.1876505023915235e-07
0.0
1.9543279085423644e-05
9.979657767635587e-09
-1.9533299427952557e-05
2.9037694915245993e-08
0.0
1.9646455052211758e-08
-9.751209927793975e-09
-0.00015126007653698537
-0.00015666865765660365
0.0
8.253792288530531e-08
-8.253792327987756e-08
-9.24403540677023e-09
0.0
-7.617932291286134e-09
1.1427257872489637e-09
-1.1092594421501694e-07
-1.0690274946680272e-07
-1.076908588970582e-07
-9.008278021097049e-08
-2.406597002030965e-08
-4.955675987243025e-08
0.0
0.0
-4.824329800283498e-09
-4.824329800236064e-09
-3.2963546704533463e-10
1.2881960296431546e-08
0.0
0.0
9.872669316909524e-09
0.0
0.0
0.0
0.0
0.0
0.0
0.0
0.0
0.0
2.2792656432935694e-07
2.7713658868672837e-05
-1.1180186124058722e-07
0.0
9.6936601298755e-09
0.0
0.0
0.0
0.0
0.0
6.272586984432315e-10
7.825167236927268e-09
0.0
0.0
0.0
8.351011977796992e-13
0.0
9.920374635939743e-09
0.0
0.0
0.0
-5.963933846775404e-09
0.0
-1.0789406594824413e-06
0.0
1.0885989232852818e-06
2.9609567922528335e-08
0.0
0.0
0.0
9.908243508387538e-08
-1.2132018038826566e-07
0.0
1.1379300158340846e-06
1.934430864597536e-08
0.0
0.0
4.484309715640316e-08
9.978784581629596e-09
9.978784779550703e-09
-2.4935614913388885e-05
0.0
0.0
6.655175826512936e-09
0.0
6.655177432058779e-09
6.655179472701747e-09
1.0121807807836194e-06
-7.739883971102248e-05
7.739876792295607e-05
0.0
3.891162593533427e-05
0.0
-6.248808508501667e-07
6.20922017247305e-07
7.976631799522238e-09
0.0
0.0
0.0
0.0
5.322752102118743e-10
0.0
0.0
1.3821762322131434e-08
0.0
9.592118512674608e-09
3.7476974630153e-08
9.98375110677945e-09
0.00039138725395349656
0.00039138331041321806
-3.943541404885509e-09
0.0
0.0
1.2250568424323146e-08
-1.055714580776175e-08
5.3523036284226426e-05
-5.350306794227322e-05
9.984594484535592e-09
1.6336594841118678e-09
0.0
1.8627544355870662e-08
-9.280642714155635e-09
-9.280640888919319e-09
1.862753883288069e-08
9.843792517397983e-09
9.843792525901507e-09
1.5815067644664585e-08
1.5815067636428334e-08
9.388720810446228e-09
-5.322755724674374e-10
0.0
0.0
0.0
0.0
0.0
9.886948905379666e-09
0.0
0.0
0.0
-3.808085478895773e-09
1.122516174113239e-06
0.0
-3.740490003175462e-08
-3.740490003013913e-08
9.96151077099049e-11
1.9656671997215277e-08
0.0
1.0827297696494331e-08
7.215288834753614e-10
9.96164905704896e-09
9.960842710360742e-09
9.960842371482346e-09
4.983989433083317e-10
1.1302189489200054e-06
3.074978860142488e-08
1.1595658728599821e-06
0.0
-9.732865180467343e-09
0.0
6.583322310120717e-10
3.176043859247578e-09
0.0
1.503158523373114e-06
1.8627546555634046e-08
0.0
0.0
-9.238919650778277e-09
-2.7508901132326184e-08
1.4412015837390538e-06
0.0
0.0
0.0
0.0
0.0
0.0
2.3091988449804574e-09
1.409278663071467e-08
4.3515564129328455e-09
0.0
0.0
0.0
0.0
1.3262301246148372e-08
0.0
0.0
0.0
0.0
0.0
0.0
0.0
0.0
0.0
0.0
0.0
3.019056883127074e-07
3.340529581129103e-09
0.0
8.610504657441142e-09
0.0
0.0
0.0
0.0
6.126727046972559e-07
1.6002517897388423e-08
1.7132782494246355e-07
0.0
9.856929109067744e-08
0.0
1.3123781794105117e-07
5.9068589614920385e-09
0.0
8.966760510849015e-09
0.0
2.559473314601568e-09
9.664625391459336e-09
0.0
0.0
6.305597863587947e-09
0.0
9.460644851678847e-09
0.0
0.0
9.731080099602947e-09
7.71388965820398e-09
9.012450808657277e-09
1.168631976322708e-08
1.0436451869865936e-08
8.217909880906963e-09
0.0
0.0
2.7560092647873453e-09
1.4427874727360953e-09
2.1362354867424577e-08
6.940914430712871e-08
6.1490799986312105e-09
6.546310497992484e-08
0.0
-1.027819303918941e-08
4.688517018736274e-08
0.0
0.0
2.4510509456081805e-09
2.971509711631675e-08
4.937956263742044e-10
9.800998026589587e-09
9.80099803776758e-09
5.641206733153099e-10
5.916148565398951e-10
3.318101366143445e-08
0.0
9.799743815787296e-09
9.799743811872192e-09
5.628920684926123e-10
3.920947786681056e-05
0.0
3.3134121916565484e-10
9.98903148560885e-09
9.986552245114273e-09
9.986552288889662e-09
9.978921606088648e-09
9.978921632217359e-09
9.982516343138487e-09
9.982516375548705e-09
9.97516333531465e-09
0.0
9.975163332962728e-09
0.0
9.516047319995912e-07
9.321703402788217e-07
9.864798590573497e-09
1.1154129515956643e-07
1.995086987458285e-08
9.928201414628101e-09
6.887496409922462e-10
-2.5288750432778768e-09
9.946665257084562e-09
9.946665262353929e-09
9.946665293832932e-09
9.483157840235273e-09
2.5294018434223306e-10
0.0
-6.452392072465313e-09
0.0
1.474930942082977e-10
0.0
0.0
0.0
0.0
1.283922654399163e-09
0.0
3.3412349151152835e-08
2.42683313427139e-08
0.0
0.0
1.7121128990549835e-09
0.0
0.0
1.4114040692472826e-05
1.4365010483183473e-05
0.0
1.4066012002233999e-08
5.3617221862182575e-05
0.0
0.0
1.3217295985669704e-06
1.3117912240263129e-06
6.987191931074623e-10
9.813491720633838e-09
9.813313624947771e-09
0.0
0.0
0.0
-4.228388472693467e-18
0.0
0.0
0.0
0.0
-1.091597362306261e-09
0.0
0.0
0.0
0.0
0.0
0.0
0.0
0.0
-1.6924690986251482e-10
1.7365184117334504e-08
0.0
0.0
2.0848711331345585e-16
0.0
-9.411573846787114e-09
0.0
9.968019835597254e-09
1.7060625286474366e-09
0.0
0.0
0.0
0.0
0.0
3.547428822631537e-09
4.992752385951071e-08
3.002624714729731e-08
0.0
0.0
2.084172409308518e-08
2.2950080843455404e-08
0.0
0.0
0.0
3.040294198711794e-08
1.94185802795694e-08
6.804802290931184e-08
0.0
0.0
-5.215142946832131e-10
0.0
0.0
0.0
1.3867310373619854e-07
9.829064511477386e-09
9.829064478994454e-09
1.1801239997238292e-08
0.0
-1.348736310895042e-11
0.0
0.0
0.0
0.0
0.0
-2.677746642042872e-12
0.0
0.0
0.0
0.0
-2.7770600361002878e-06
0.0
6.801404566118596e-09
0.0
0.0
0.0
0.0
0.0
-2.447099777326626e-10
0.0
2.501238930460725e-06
2.491548835857753e-06
0.0
3.041190546137172e-09
0.0
2.4232574440454636e-09
9.953930622135822e-09
1.1607475098183439e-08
0.0
0.0
0.0
0.0
0.0002554012482946798
1.3844015872128568e-06
0.0
0.0
0.0
0.0
0.0
0.0
0.0
0.0
0.0
0.0
2.6751900272722932e-05
0.0
3.4974160896525487e-06
3.1808769703766867e-05
0.0
1.3345004083991502e-18
-0.111704432967676
1.0203746578775086e-05
2.1463155646007202e-07
-2.028243778571387e-08
0.0
1.141948251747165e-08
-8.899873031576432e-09
0.0
-2.416364885233016e-06
-8.324726797897623e-08
0.0
0.0
0.0006793529686158891
0.0
0.0006793525951435131
0.0
0.0
1.4366212084466563e-08
0.0
5.923261423328902e-09
4.046228979039243e-09
9.96948009562848e-09
0.0
-5.341469864226183e-09
0.0
0.0
-3.97991880806469e-08
9.935200508960816e-09
0.0
0.0
0.0
6.950528118277403e-08
2.9805398833253014e-08
9.958547113759054e-09
1.695697156890552e-08
0.0
-9.411319537468183e-09
0.0
6.967224877492638e-10
6.967224528829125e-10
9.02352953098442e-08
6.77324335919073e-08
9.984682175846135e-09
1.0963255544061662e-06
9.98375122681525e-09
0.0
9.98458122046561e-09
9.407278024070994e-09
6.959476049232742e-09
5.9695850867275e-08
0.0
9.950229940485268e-09
1.344251536136564e-07
9.957795223570673e-09
2.064232158048921e-07
9.868060751816895e-09
0.0
9.987557135888752e-09
0.00019247764897182133
9.986757708308079e-09
1.313080944506349e-09
9.985468951434188e-09
0.0
9.985845045779101e-09
0.0
0.0
0.0
5.677957149602617e-17
3.1186045800754264e-06
9.711371185764247e-09
0.0
0.0
0.0
3.492329653071023e-07
0.0
0.0
0.0
0.0
0.0
0.0
0.0
0.0
0.0
1.3554341275581605e-07
0.0
0.0
6.955685437744739e-08
3.859160037363502e-11
3.859026154878453e-11
7.717105163987852e-12
1.800665613221448e-11
2.8297767895876527e-11
1.029114190470357e-11
5.145082350797369e-11
3.0872692396302505e-11
2.0582099467047908e-11
4.1162118816054715e-11
0.0
0.00015791696257734983
0.00015776397041302836
0.0
0.0
-9.927264201118138e-09
8.446263594404813e-09
9.924557695628002e-09
5.167957521821877e-10
0.0
0.0
0.0
0.0
0.0
0.0
0.0
0.0
1.862754557134992e-08
0.0
9.67210988925524e-09
0.0
0.0
9.266073495377536e-09
0.0
0.0
7.289832055956235e-09
0.0
0.0
0.0
0.0
1.0205972485238661e-08
0.0
7.020504198413443e-10
2.0228954940072398e-10
0.0
5.134214551128166e-10
0.0
0.0
0.0
0.0
3.414802526942606e-08
0.0
6.056119359452656e-07
3.6725173770736294e-08
3.6561306847932553e-07
0.0
8.140890895982009e-08
0.0
1.4130590446575168e-07
0.0
-9.614656590849202e-09
0.0
0.0
0.0
2.851193035792684e-07
0.0
0.0
0.0
2.636806111716532e-06
1.9161043361388577e-07
7.06393391963499e-07
0.0
9.78905048989485e-11
0.0
1.332596755244227e-09
0.0
0.0
9.346873294382645e-09
6.293386062202178e-09
0.0
0.0
0.0
7.00458141758341e-09
0.0001450422463927719
1.0218907669533081e-08
0.0
3.5621028533503503e-09
0.0
8.651641538960807e-10
0.0
1.0379662917574713e-09
0.0
0.0
1.4129560479024659e-08
2.896473722285551e-07
9.357095463165027e-09
9.357095359012555e-09
3.5623886795522927e-09
7.448695505831464e-11
0.0
0.0
9.92584021528502e-09
3.2233842955280395e-05
0.0
4.554213499892294e-09
0.0
1.2095364703604741e-08
1.0584162032002121e-07
0.0
1.724003136205972e-08
0.0
9.854172898461286e-09
2.645191133117772e-06
2.1846430427045922e-07
-6.633715967063351e-05
4.3427903793013295e-06
5.882841417521e-17
-6.369239911988489e-05
-1.004054623440103e-05
0.0
0.0
0.0
0.0
0.0
3.202461658384281e-08
0.0
0.0
0.0
1.733423078679111e-09
0.0
1.9244800009774436e-08
0.0
6.367725506714983e-08
0.0
0.0
0.0
4.659491846807221e-09
3.2024620927608725e-08
0.0
0.0
0.0
0.0
1.1098182893213297e-08
5.898009458860553e-08
0.0
3.668410407718824e-08
0.0
0.0
0.0
9.703465902831518e-09
0.0
0.0
6.051319913907838e-09
9.96802015374868e-09
3.3784660234681407e-07
-5.964299173081185e-07
0.0
6.126727021273561e-07
1.600251408022177e-08
1.7132782230222546e-07
0.0
9.856928804646506e-08
0.0
1.3123781470479816e-07
4.866621356226848e-09
0.0
1.0730943718931738e-08
0.0
9.33189123726491e-10
2.383207779768753e-08
0.0
3.0269839618277363e-09
0.0
5.24614163431349e-09
1.2926277421766307e-07
0.0
6.837899723595428e-08
1.0360388480577071e-08
0.0
1.326229935641686e-08
0.0
0.0
0.0
0.0
0.0
0.0
0.0
0.0
0.0
0.0
0.0
3.0190568588809573e-07
3.340527815228066e-09
0.0
8.610502603862413e-09
0.0
0.0
0.0
0.0
-7.973748994746527e-08
0.0
0.0
0.0
0.0
9.678382755494699e-09
4.433014355024087e-10
0.0
-3.91227832983158e-05
0.0
0.0
4.479329815160455e-09
0.0
5.7067221735911805e-09
-5.706723982257245e-09
0.0
0.0
0.0
1.4052688879940125e-05
0.0
0.0
0.01479231100093298
4.983725909689205e-07
-1.0922231335885872e-07
-0.00027897142681767423
-0.11178261807368983
7.844022041962732e-08
0.0
1.6861820246542625e-08
0.0
0.0
8.57959283642056e-09
1.980913643803484e-09
0.0
0.0
4.8853028249997946e-08
9.525838492128184e-09
9.525838438587304e-09
-9.79210102586281e-09
0.0
0.0
0.0
1.0062436117599448e-10
0.0
0.0
-9.692744012794463e-09
1.8014481270068385e-08
9.972165690428384e-09
7.31835974591218e-10
0.0
0.0
-6.236810732080104e-09
3.500432606851864e-08
9.947469862067607e-09
-0.11178299746922987
9.825358872839533e-09
9.825358711151259e-09
-6.111091728819729e-10
9.619285925921215e-09
0.0
1.0960095961780632e-08
0.0
0.0
0.0
2.7246919296501186e-07
2.6451911331376463e-06
6.586980285015153e-10
2.645191132953185e-06
9.897533490863379e-09
9.619283274978616e-09
0.0
1.0960092271249879e-08
0.0
0.0
0.0
2.724691883326032e-07
0.0
4.027604511471654e-08
9.920073501542426e-09
0.0
-2.3368519242897687e-08
3.1510760802984355e-08
0.0
5.231652524632966e-08
6.973106402697222e-10
0.00019254005613353366
0.0
1.8344281782034337e-07
1.841854751610072e-08
1.0937481197701933e-06
1.3494661514238939e-08
8.64272048753693e-08
0.0
5.402516580106649e-08
9.181690742399943e-09
9.181878578448509e-09
0.0
0.0
-3.0341058412182344e-09
0.0
0.0
-4.803400478541466e-10
0.0
2.4628145725811327e-05
1.817531747295379e-07
0.0
-2.4729514797104495e-07
-2.3770907907813135e-07
0.0
5.825253417410186e-09
0.0
0.0
0.0
0.0
0.11197671316068869
0.1119767131606887
8.697866091194919e-08
9.893859696877698e-09
9.893859776268811e-09
0.0
0.0
0.0
1.0579251667830669e-07
9.815204909058862e-09
2.9774090809279793e-08
-2.560079713324892e-10
2.9183200556924323e-08
3.862150612844023e-08
0.0
3.0411861859448923e-09
1.901469410205864e-08
9.120834537613108e-09
5.05971316744847e-10
9.741629813463011e-09
5.059712941214839e-10
9.741629789276586e-09
5.059713973212028e-10
5.082094350655806e-09
0.0
0.0
1.3668304814433637e-08
2.194375956884897e-09
0.0
1.2028329999642249e-08
0.0
0.0
0.0
0.0
0.0
3.837729677204739e-06
-1.5605864593812335e-06
0.0
0.0
2.9226789549020433e-09
0.0
0.0
0.0
0.0
0.0
2.341306991823667e-08
0.0
0.0
1.981543014205356e-11
9.244812664672781e-09
1.9815335885141605e-11
0.0
0.0
5.749199081216511e-10
4.209119124031325e-17
0.0
0.0
0.0
0.0
9.583998432135817e-09
9.583998429834976e-09
9.583998429834771e-09
0.0
-6.9057660909144225e-09
-1.1427470525404715e-08
0.0
0.0
1.172020237587724e-16
1.382460569661435e-16
1.683007422315086e-08
0.0
4.1859377420176193e-10
4.3101687053659545e-11
2.341306912611277e-08
2.341306934309632e-08
0.0
2.9152404397107403e-13
0.0
-5.945838760824175e-10
0.0
0.0
0.0
0.0
-9.584000506407397e-09
0.0
0.0
0.0
0.0
1.177360915681887e-08
2.083749087685787e-09
2.3413069534128853e-08
0.0
0.0
6.786802613563999e-09
0.0
9.334923566132902e-09
0.0
0.0
0.0
5.477496142405428e-10
6.776752426783874e-08
0.0
0.0
0.0
7.532880437945333e-08
0.0
0.0
0.0
4.1482969763575093e-05
0.0
0.0
-0.014793474200877364
9.951804713637102e-09
0.0
9.951804702029525e-09
0.0
-5.657401210099489e-09
0.0
0.0
2.0480365257642355e-09
0.0
-3.0283850248738475e-05
4.2667034518468035e-10
-9.563364851764011e-09
4.2667035589317656e-10
0.0
0.0
0.0
0.0
0.0
0.0
0.0
0.0
0.0
0.0
0.0
0.0
0.0
2.0485391539034797e-10
9.787761720145788e-09
6.864359398989297e-10
3.8137596745487654e-06
0.0
7.706431788046565e-07
0.0
0.0
2.7264125229227367e-08
3.860939325007285e-11
9.885013107332607e-09
6.462505358066995e-10
4.2550053553132e-07
3.4472514872946005e-08
0.0
0.0
9.920073641006555e-09
0.0
9.074995719936177e-17
0.0
0.0
0.0
5.9735684488546485e-09
9.897944608892872e-09
1.036984991135125e-08
-1.0369849911772669e-08
0.0
1.940168323625842e-06
1.946648574954719e-06
0.0
0.0
6.6512648972293754e-09
1.3401178048757082e-08
2.905642387834564e-10
-2.9056423640519356e-10
2.151854620416365e-07
1.121834219041896e-09
0.0
9.885196093832978e-09
0.0
0.0
3.220914469398428e-05
0.0
0.0
0.0
1.0260015544381505e-05
1.0231461861649888e-05
1.0260015544368745e-05
0.0
1.963731399710771e-08
9.923738128404298e-09
-8.501570003538461e-09
0.0
0.0
2.838543267295948e-09
8.230421783394499e-17
9.891194267568954e-09
9.891194443633223e-09
-1.0595982564823025e-06
2.99501923953079e-16
0.0
9.855562149317201e-09
9.921431867591764e-09
-9.411559277759435e-09
0.0
0.0
0.0
0.0
0.0
0.0
9.19574315380064e-09
9.195741057510531e-09
-1.6861820784612328e-08
0.0
-2.006033538807908e-08
-3.866368041598435e-08
0.0
0.0
0.0
9.938774199441777e-09
9.973315644956559e-09
9.973315786155615e-09
0.0
-7.484510092421737e-09
0.0
6.293383757839728e-09
0.0
6.303650333227924e-09
0.0
0.0
6.29338424452397e-09
6.067130512082637e-09
0.0
0.0
0.0
9.938773359863262e-09
-4.241157366429943e-08
3.08718666185334e-11
9.957524074623827e-09
7.174860933610647e-10
6.875461769512193e-11
6.875733632356932e-11
7.113563299413357e-10
9.943992681127643e-09
7.042248691373096e-10
0.0
9.95126954785615e-09
5.1910786780240414e-08
2.664094825097215e-07
6.293386209329069e-09
0.0
6.877177613382401e-11
8.933688901927326e-11
1.733196008935943e-08
0.0
0.0
0.0
6.914675037495488e-10
7.905961734927314e-11
6.878348470583057e-11
2.6666193559369796e-12
0.0
0.0
4.898963957607645e-08
0.0
0.0
-1.8158163326398953e-07
-1.801442220729533e-07
0.0
7.620034174965007e-09
0.0
2.484050135617951e-07
2.6751527017075584e-08
0.0
0.00011809649611374803
-0.0001179972004912494
6.781991462748947e-10
0.0
0.0
0.0
0.0
1.4122098358066142e-08
9.937805376287108e-09
-1.827915992823185e-08
0.0
2.9398824229666658e-08
2.484050138216349e-07
0.0
7.335579254538913e-10
9.121073145251476e-09
7.441035133563715e-10
1.6711562296554596e-07
1.2720239799140736e-09
1.9966795482451074e-08
7.415857496552806e-10
9.850516558436293e-09
2.771351463283305e-05
9.850516547191243e-09
1.95118752774453e-08
9.710877262043735e-09
4.758546062682497e-10
0.0
1.9739275025320466e-08
6.126310629458905e-10
0.0
1.333191865550483e-07
1.3360533205926906e-07
0.0
-6.6486995759212214e-12
