0
0.0
1.6029520185453643e-08
0.0
0.0
0.0
7.736521712458934e-07
0.0
0.0
0.0
0.0
0.0
3.178612892591072e-08
0.0
0.0
0.0
0.0
8.832289564456601e-10
9.858964474835536e-09
0.0
0.0
0.0
0.0
0.0
4.765327703162262e-09
1.1258701764368185e-08
9.781491095826691e-09
0.0
0.0
8.235303355378704e-09
8.785702664454467e-09
0.0
0.0
0.0
0.0
0.0
0.0
9.331732136836036e-09
0.0
1.8168553465500868e-08
0.0
0.0
0.0
0.0
0.0
0.0
2.094439719916999e-08
0.0
0.0
0.0
0.0
0.0
0.0
0.0
0.0
0.0
0.0
0.0
1.098496691581606e-09
0.0
0.0
0.0
8.421807463653954e-09
0.0
0.0
9.702500571503402e-09
0.0
0.0
0.0
0.0
0.0
0.0
0.0
5.366887767471466e-09
1.0154178805297023e-10
6.010045509781775e-12
9.946435911242801e-09
0.0
0.0
0.0
0.0
0.0
1.0154171692930772e-10
8.268902908568434e-23
0.0
0.005456436043042791
0.0
0.0
0.0
9.580028786856171e-09
0.0
4.913784644086259e-10
0.0
0.0
3.4968269338982206e-09
0.0
0.0
8.732813465132007e-09
0.0
0.0
0.0
0.0
0.0
0.0
0.0
0.0
0.0
0.0
0.0
0.0
0.0
0.0
2.1370907968407606e-09
0.0
8.363798820994946e-09
3.1434397036707545e-22
0.0
0.0
0.0
0.0
0.0
3.5812340697099795e-09
8.318204337299517e-09
0.0
0.0
0.0
0.0
4.506331572476439e-09
-1.730855991866065e-08
0.0
6.53813349104514e-09
6.354489784145064e-09
0.0
0.0
8.71711357235022e-09
0.0
9.8571676154138e-09
0.0
7.807517125409661e-07
0.0
0.0
0.0
0.0
0.0
4.7717106005449756e-20
0.0
0.0
0.0
0.0
0.0
0.0
0.0
0.0
0.0
0.0
3.85973240038198e-09
6.169564758042535e-09
4.282516928359623e-10
1.2432055538821835e-09
3.3553835541874756e-09
0.0
0.0
1.1726017324674548e-15
0.0
-0.0009077178986685274
0.0
3.85973240038198e-09
0.0
1.8995253415314988e-08
0.0
0.0
0.0
0.0
1.3191018219029695e-08
0.0
3.6684396416641508e-09
0.0
0.0
0.0
0.0
0.0
0.0
0.0
1.165495526394483e-09
0.0
7.993469926534803e-08
0.0
0.005452093652316656
0.0
7.123880726779198e-08
0.0
1.0599085852958532e-08
1.2030011023950768e-10
0.0
0.0
0.0
0.0
8.952143403938686e-08
0.0
0.0
0.0
0.0
2.6839885774418413e-10
3.0900163371600035e-09
0.0
0.0
0.0
1.4487989643751613e-08
0.0
0.0
0.0
1.6283733364109252e-08
0.0
0.0
9.522824138286988e-09
0.0
0.0
0.0
0.0
0.0
0.0
0.0
0.0
0.0
0.0
0.0
0.0
0.0
0.0
1.2786414160002968e-19
2.4138143825726165e-09
1.5402962484653527e-10
3.6775278529797154e-10
0.0
2.7572055481399276e-20
6.776472316421155e-09
9.74953419693182e-09
1.3486243602444693e-11
0.0
2.6893739641067524e-12
8.275323788850037e-09
2.487625837796792e-08
-1.0164395367051604e-17
1.0611004061654218e-11
1.3994489598070794e-06
6.298245643554176e-12
0.0
0.0
0.0
0.0
1.4456696591234999e-21
0.0
-0.005457713324614311
7.756885341245595e-24
0.0
0.0
2.770407788330896e-09
0.0
0.0
0.0
6.0480735365997875e-09
0.0
0.0
4.678142631747274e-07
2.1361218038305813e-10
0.0
0.0
0.0
0.0
0.0
0.0
0.0
3.869213531237719e-09
0.0
9.811567763770925e-09
0.0
0.0
1.0055024852959924e-09
9.772506031528744e-11
0.0
0.0
0.0
0.0
0.0
8.294440757139606e-09
0.0
0.0
0.0
0.0
1.5778253531253098e-15
3.3436876900272303e-09
-3.361159017778448e-09
0.0
0.0
0.0
0.0
1.0752921196174503e-09
0.0
9.546900726915604e-09
3.3436876900272307e-09
0.0
0.0
0.0
1.327980126031991e-08
0.0
1.8908461548966503e-09
0.0
0.0
0.0
0.0
0.0
0.0
1.6191552766953144e-20
0.0
0.0
3.543370630194994e-08
0.0
0.0
0.0
0.0
0.0
0.0
0.0
1.7307833480062068e-07
2.3095211064554542e-08
0.0
0.0
0.0
0.0
0.0
5.5227436410717245e-09
0.0
6.648148191671514e-12
0.0
5.2430006184976515e-09
0.0
0.0
0.0
0.0
0.0
9.8657855679055e-09
9.865785576958588e-09
0.0
0.0
1.9670701335916434e-08
9.984127814264632e-09
6.174625865837649e-10
5.840945336552942e-10
6.168778110641026e-10
9.884220621275415e-09
0.0
-8.832287021640572e-10
9.884220084726132e-09
9.950984431543756e-09
9.984850982225694e-09
9.984257523385107e-09
-4.934370323629058e-10
1.8022592409147803e-07
0.0
2.855264143975197e-07
1.8921074734026089e-07
9.973841107179026e-08
2.927215024162087e-07
1.7776344714314987e-07
3.4797741988092827e-06
5.467938408654323e-09
1.6227917433624216e-10
3.3626146203507725e-08
1.2244305343098507e-07
1.8269468636536134e-07
4.1614728464443417e-08
3.4982151170955753e-06
2.3778432809037976e-08
0.0
0.0
2.067888313745424e-08
1.8976597054169933e-07
4.868900707538711e-08
2.5125785543038127e-06
5.079646881010659e-07
0.0
0.0
1.459777210345058e-07
0.0
2.4641145003332525e-07
0.0
0.0
0.0
5.5501997302272434e-09
0.0
0.0
2.4028242814264453e-07
0.0
0.0
4.8045209932205394e-08
0.0
1.6997047795111306e-11
8.36379886880081e-09
1.1258702528938973e-08
6.182595181437406e-10
9.94473131643399e-09
6.162497889172373e-10
0.0
0.0
2.0891304194520958e-11
1.3253760580561017e-07
2.1170790432081987e-11
0.0
0.0
0.0
0.0
0.0
0.0
0.0
0.0
0.0
-1.1258701873603745e-08
1.1258701982892252e-08
9.009763293948381e-16
1.9746561237701434e-08
1.9895716379345704e-08
1.99705111792182e-08
1.996787815495523e-08
-8.895749994269897e-09
-9.254709261772133e-09
2.0821410874318164e-11
1.1436722889297118e-07
2.110094283629876e-11
-9.764878462900292e-09
0.0
-9.85532210234872e-09
0.0
-4.794701766531843e-10
-9.844451678213233e-09
-9.844087074141472e-09
0.0
0.0
2.0751517843997304e-11
1.1436715908155309e-07
2.1031083575463615e-11
0.0
0.0
0.0
0.0
0.0
0.0
1.7131577999470367e-09
0.0
6.024329710633288e-10
4.967634669565848e-10
0.0
0.0
0.0
7.73213065096637e-09
0.0
2.0425322803250847e-09
6.103276481904524e-10
9.880941121907763e-09
0.0
-8.785702661695191e-09
1.6029520315160397e-08
2.17155403281224e-10
0.0
-4.81782210388401e-10
1.1423265870495307e-06
3.420405578291907e-06
2.0402402905063878e-05
3.117111630442377e-05
5.431041082007258e-07
7.859531152167954e-07
5.2764021813518106e-05
1.1942934011092211e-06
9.4395135235713e-05
3.7702370213325264e-06
0.0
1.967070133824312e-08
0.0
3.6078462052501023e-19
2.9939572391706433e-06
1.8646973325451968e-07
2.3657577030812882e-05
9.936401540379825e-09
0.0
9.161528136819586e-09
2.962454968835626e-10
-8.922518306196756e-08
-1.0246643775309316e-07
-1.0094284143974397e-07
-2.0523825072782387e-07
-5.483268041949682e-09
0.0
-9.331732130080095e-09
-9.331732133549542e-09
-0.00154852372491548
1.8326306894832988e-10
1.832630687580761e-10
4.412437171500403e-16
0.0
0.0
0.028727478982475203
1.8168553457140034e-08
0.0
-8.72509567455813e-09
1.9796437178641324e-08
9.843540195952037e-09
2.9561624891379925e-07
0.0
2.9646460921339257e-08
4.846290598896066e-10
1.510779634857718e-07
1.510779619078292e-07
0.0
-2.320325993884229e-06
0.0
2.956130624886662e-07
0.0
9.916919589483922e-09
9.91691896457599e-09
9.960453878837036e-09
9.96045280644798e-09
9.913916101321479e-09
9.913915022252695e-09
9.913917180298679e-09
0.0
0.0
7.964964696672215e-08
1.0246643417804492e-07
1.0094283790090808e-07
1.8555352186352958e-07
-2.824980550267947e-09
0.0
5.208520247046433e-12
1.1749666991900282e-07
2.094439696969015e-08
0.0
3.9586221975035117e-13
0.001794350876931361
0.0017943508765376084
-1.0790450775898756e-07
2.6846714535788276e-06
7.25132355539096e-07
1.4408016648124682e-06
2.0225847163419067e-05
3.6553677464944676e-07
5.3055663942158444e-08
1.4902940450573445e-07
7.055930730767531e-14
0.0015694286242245493
7.1136484738834485e-09
0.0
1.8870608187171456e-08
0.0
9.442474663279299e-09
0.0
0.0
0.0
3.825989987720338e-08
9.981506518576808e-09
9.981503896674412e-09
-6.663766768884478e-10
-0.06708785609158108
9.670856115917559e-09
0.0
0.0
1.2822247516426371e-08
4.836616487363609e-09
7.173025185514082e-05
-7.16805207163647e-05
6.176924766997201e-10
0.0
0.0
9.955251066212581e-09
9.957246063144175e-09
0.0
5.055127007305107e-05
0.0
-3.5467468805183454e-10
5.05837372738616e-07
0.0
6.506702596255961e-07
9.252449731016974e-09
0.0
2.865753469201565e-07
3.046648709741257e-07
0.0
0.0
0.0
1.550502315087266e-07
8.35057373219839e-09
0.0
0.0
0.0
2.309521081793339e-08
0.0
6.031780603752035e-10
2.6746741103113624e-06
5.959837067148713e-07
1.455764875221378e-06
1.9589599502570737e-07
3.4997205721351276e-07
3.5662889175414015e-07
1.8987358804447485e-07
-1.414717027488235e-07
0.0
0.0
5.03904219961715e-07
5.058373661063307e-07
-5.058373679699222e-07
0.0017734095236886845
5.234929032036696e-10
9.889473211047509e-09
0.0
1.3214768669572028e-07
1.255007454930715e-07
5.923304476448396e-10
4.857275912881319e-08
4.070052904615699e-06
4.1202499855544495e-06
-5.606270128861079e-06
1.622984724198418e-06
0.0
4.095904581248572e-07
0.0
-4.015108459043404e-07
9.984906553173027e-09
9.633757384841198e-09
0.0
3.8153298718922524e-10
0.0
0.0005442612243817662
0.001006726556190993
9.915920023693894e-09
0.0
0.0
-1.0984967943952761e-09
7.639871018814389e-07
7.639870996491386e-07
9.963797321932422e-09
9.96379548593811e-09
0.0
0.0
0.0
0.0
9.498110912273664e-09
0.0
0.0
0.0
2.794932884081615e-07
1.5432639386016734e-08
0.0
0.0
2.3237946475230352e-08
2.3210667638314353e-08
2.3212416149782914e-08
1.0377877271442803e-08
9.913917805424079e-09
-9.801496442354846e-09
1.0789103086604883e-11
0.0
1.272677499376829e-09
3.097985099337574e-08
9.924111572122317e-09
9.985879143275655e-09
6.136792718337325e-10
2.8565260764032483e-07
0.0
0.0
3.770237020858839e-06
0.0
1.1706999167358361e-06
1.1706999137119848e-06
2.466175483785304e-15
0.0
2.6831070080885736e-06
6.03800143015932e-07
1.4433494066844715e-06
2.056364733423358e-07
3.597345080127125e-07
0.0
0.0
1.564444463265914e-09
1.213322114869522e-07
0.0
2.0020210688973603e-05
5.8022655463369985e-09
6.284022016162845e-08
1.5728027249307024e-07
0.0
0.0
0.0
2.7895010825018934e-08
0.0
0.0
2.4018859721230975e-08
3.3721360292595836e-08
2.401885972099523e-08
2.4018859721092674e-08
2.401885972126042e-08
1.0334129550397591e-16
1.0337608129272974e-16
0.0
6.316458260621713e-09
1.479947918271909e-08
-8.421807463812169e-09
0.0
2.0667614501479298e-08
0.0
1.7879792754608753e-05
0.0
0.0
0.0
0.0
1.7858025524779817e-05
5.988695721851229e-10
1.4621915442325495e-08
9.864300908561612e-09
9.864301015405847e-09
4.986940543627972e-10
1.0178209655325407e-05
9.343425064651215e-07
0.0
1.110770242603306e-05
0.0
0.0
-9.231160972741193e-07
5.518129646687056e-10
0.0
0.0
0.0
0.0
-5.2036578415457666e-09
0.0
0.0
0.0
1.1035225468927819e-08
0.0
-4.072822949098445e-07
0.0
2.3706194630304965e-05
2.0907902186411852e-05
0.0
7.76262269712009e-07
-4.443648038865433e-05
9.863687354049281e-09
1.185922408659962e-19
0.0
-3.182339445450756e-07
1.672232381412425e-08
0.0
0.0
-0.00019733337852935562
9.883494297737421e-09
5.176015998329768e-10
7.46309673353382e-09
5.72792124795577e-09
0.0
0.0
0.0
0.0
0.0
9.681959178396756e-09
9.802077150302251e-09
9.80216842850351e-09
0.0
4.664430902326088e-10
0.0
0.0
0.0
0.0
0.0
0.0
0.0
0.005967388804501756
-1.0154178805297023e-10
3.1786129120255156e-08
0.0
-0.005967388702959653
0.0
0.0
0.0
0.0
0.0
-9.94948799225775e-09
1.1258703641281047e-08
-7.801510381773291e-07
0.0
0.0
2.7987529676490377e-06
0.0
5.421010862427522e-20
2.7929546126932053e-06
7.939254325059843e-09
0.0
7.805404508326817e-07
8.181288927845418e-08
0.0
5.082006652518738e-09
0.0
0.0
0.0
2.9696778736866715e-09
7.949211754100937e-13
7.950896692771154e-13
7.951209180075108e-13
7.953174509041888e-13
3.0979849408037355e-08
5.84099432117654e-10
0.0
3.228154266175369e-08
0.0
1.3191018263533595e-08
9.396873323777261e-09
0.0
5.5323773469658433e-11
9.963647721035166e-09
9.963646476741862e-09
1.960636669561376e-16
1.5241090865118366e-05
4.263836229177294e-09
1.419609083113745e-08
5.656392850676924e-10
0.0
0.0
8.696665535777845e-08
4.765506859317523e-07
1.796013815392607e-07
5.157860517436782e-08
8.315379699434249e-10
0.0
0.0
8.696665845456123e-08
4.6689046483005963e-07
1.7957195307067945e-07
4.201772994882458e-08
8.315414541756977e-10
0.0
0.0
-1.0154171692930772e-10
0.0
9.964145952778836e-09
2.79224774509825e-06
2.792247745098295e-06
-0.005456445885970829
-0.005454087701578958
3.9555096095025725e-08
0.00015212557251969333
-4.898635682748335e-13
0.00015216512712592478
0.0
0.0
0.0
0.0
0.0
5.352646442375221e-09
0.0
0.0
0.0
0.0
1.5598910974502954e-09
0.0
0.0
0.0
0.0
8.308465521397321e-09
0.0
0.0
0.0
0.0
0.0
4.913749396671547e-10
2.717224729553392e-09
0.0
0.0
9.15754017280371e-09
0.0
1.176225728128036e-15
0.0
0.0
0.0018095621218860844
0.0
9.889094802078244e-09
5.231185259984277e-10
0.0
4.4945020377230275e-08
-4.494502038448996e-08
1.9684725337208438e-08
1.7728818915696814e-08
4.283121490792252e-09
0.0
0.0
0.0
0.0
3.482991861966005e-09
0.0
3.814627305472994e-09
0.0
0.0
3.343687551406848e-09
0.0
0.0
0.0
0.0
9.779405559688075e-09
7.159398620327915e-08
9.779404743684094e-09
4.150697581288665e-10
1.0168379693322438e-08
1.5777858893157871e-15
0.0
0.0
0.0
3.9561854140116517e-07
9.357545725048252e-09
3.9557434744669747e-07
8.731418926760649e-08
0.0
0.010915272118750078
0.0
0.0
5.293437957517371e-08
8.562087637811268e-05
-8.557128359893905e-05
9.961877309172529e-09
4.954387330357958e-06
3.70580076770443e-10
0.0
8.775314016462772e-09
0.0
4.440095794133988e-08
-1.3524094969274186e-07
1.9969854612962724e-08
6.170302217048412e-10
1.5273541570263089e-06
0.0
2.81641195015248e-06
0.0
0.00039380387568546297
5.481531781035707e-06
0.0
3.336208455470013e-07
5.130560149606427e-10
9.985441806747986e-09
0.0
8.305299274038067e-10
-9.794827905348913e-09
0.0
-2.228740330068346e-08
2.508917064152145e-06
6.01416390538753e-07
1.243700230346459e-06
2.7796163040718845e-07
2.8089185688902326e-07
0.0
3.396591722728939e-09
0.0
0.0
0.0
9.963648862438115e-09
1.1850342720998164e-09
5.35135443974824e-10
6.62844701090409e-08
1.0142178657068946e-08
1.9851033605831174e-08
9.949740479834228e-09
9.866021751877123e-09
0.0
3.085086029616138e-10
3.0850819194182035e-10
1.452981681903183e-08
0.0
-6.169563881720493e-09
3.066307110735037e-09
9.983497192669999e-09
1.996702970357035e-08
6.161603769327645e-10
0.0
0.0
0.0
7.3144037753329225e-06
9.45039763916686e-09
9.115689725558889e-11
-9.767874223007289e-09
8.499810792233037e-07
8.597489536044819e-07
3.916914293011515e-16
0.0
0.0
0.0
-7.131728441416192e-09
0.0
0.0
2.0784412849247865e-11
2.0790149407341056e-11
2.0788063792156535e-11
-1.543309042031666e-11
-5.4539706084710815e-15
0.0
0.0
1.892988694967983e-09
9.873354043238715e-09
9.861524182567415e-09
0.0
0.0
0.0
0.0
0.0
0.0
0.0
0.0
9.982599899808174e-09
1.9965619714900776e-08
9.983016007928357e-09
1.912873176033911e-08
0.0
0.0
2.950295640876756e-10
1.2633266967663513e-08
1.2379608690189962e-11
8.98642545552963e-09
5.2522012280562765e-09
0.0
0.0
0.0
0.0
-2.1370907963304253e-09
0.0
0.0
4.506989927814456e-16
0.0
7.244778056142865e-05
7.244778056142832e-05
0.0
2.0253618242065708e-10
1.93824554097617e-06
0.0
9.729936800960798e-09
0.0
9.987951887271481e-09
0.0
1.8859749444013335e-08
9.875812642740214e-09
5.100337578412908e-10
0.0
-1.0272403164418922e-08
9.947808263330998e-09
5.726120350747693e-10
0.0
3.7392079374050227e-07
4.1277784162794965e-07
1.977867879841679e-08
4.741140191830223e-10
3.757406790421862e-07
2.9709333362496473e-09
0.0
0.0
0.0
2.7843051902266954e-10
0.0
0.0
4.4547510263358424e-10
9.690234512494877e-09
0.0
3.4973265215918125e-09
1.290403490991005e-07
0.0
3.8179895669079975e-09
0.0
0.0
0.0
0.0
0.0
0.0
3.6531097175254685e-09
0.0
0.0
0.0
0.0
0.0
0.0
0.0
0.0
0.0
0.0
0.0
0.0
0.0
-1.702006568349995e-10
2.9624833590760884e-10
-8.922518066689551e-08
-1.0246643536967798e-07
-9.1359688862571e-08
-2.0523824836686522e-07
-1.490383946985141e-08
-4.03175129345421e-09
4.4542648966496365e-07
4.308966724959212e-07
0.0
0.0
0.0
0.0
0.0
0.0
0.0017886278653898025
2.8332702689350646e-07
2.9834194488241083e-07
0.0
0.0
1.1741094796035871e-07
3.3282513809669114e-08
0.0
9.83515034950176e-09
9.83515052732642e-09
3.815329884071817e-10
3.815329877990479e-10
0.0
0.0
9.878949631014711e-09
5.131248012982381e-10
1.19463195839128e-06
4.729894776984435e-05
0.0
5.212265585390114e-07
0.0
3.047104123930957e-05
9.437924389367808e-05
0.0
6.267723424879571e-06
5.511069010091391e-07
2.6043001003653517e-06
1.6209602984638647e-07
3.493721837367822e-07
6.141574923126022e-07
4.979770867378847e-07
4.097714991079881e-06
1.0470851689968303e-08
1.1850342670356978e-09
6.163428010910279e-06
7.217565800365025e-07
2.623984824534972e-06
1.552392949137643e-07
3.671010015475584e-07
6.139061200665093e-07
5.022602072308354e-07
3.93436930343612e-06
0.0
0.0
0.0
0.0
8.981093202464763e-09
0.0
7.057719074513008e-10
0.0008847480492006135
9.2373117117724e-07
8.982631139946345e-08
9.338763957506006e-11
9.452664362676432e-09
9.338750407031097e-11
0.0
1.9875832618924297e-06
3.7814388706118795e-07
8.566256235065492e-09
0.0
9.835150163919834e-09
0.0
1.3757224720637144e-09
1.8168618596499643e-08
1.0713040757739634e-05
1.1441818100338966e-05
0.0
0.0
9.95682725611693e-09
9.956824532931746e-09
0.0
0.0
0.0
1.6349065954969728e-08
0.0
0.0
0.0
0.0
0.0
4.074193770356926e-10
0.0
1.9022050504007554e-07
3.1122809545724854e-07
-3.916894120499336e-07
1.0611263558855206e-07
0.0
0.0
1.740821629669132e-07
1.7408216296701124e-07
1.740821629667326e-07
1.6536504939455966e-07
1.7408216296651223e-07
7.616639223507957e-09
7.186956039850517e-09
2.3093057205655026e-08
6.621372211651308e-08
5.719938222751566e-08
6.078061630607897e-08
6.621372212521198e-08
6.078061631649787e-08
9.467297392380914e-08
0.0
0.0
1.505407843201526e-07
1.5054078432036722e-07
1.5054078432032857e-07
1.6039795193564544e-07
1.5054078432023167e-07
1.7814264786594349e-07
2.7920413272761167e-09
3.4818701485914806e-08
7.522149115544791e-08
9.557329776423695e-09
0.0
0.0029160915911525015
0.0
0.0
0.0
0.0
0.0
0.0
6.103460785541647e-05
0.0
0.0
-7.807517122044081e-07
3.1366785985650862e-06
0.009116209883868985
6.776578503443947e-10
0.0
1.9831653382120862e-08
9.936287820311307e-09
1.983165328360015e-08
9.895365254181535e-09
5.292964617068703e-10
0.0
8.63577843897333e-09
1.9198196780219442e-08
0.0
9.858364451242249e-09
5.617204910178737e-06
2.476799654644563e-06
9.338767295231718e-11
9.452664396830592e-09
0.0017950781266343474
0.0
1.9394095009605078e-08
4.3125861456590663e-10
4.043418088695174e-05
4.0434180886951745e-05
5.228262600518412e-07
1.96681587863574e-08
0.0
9.763226917680265e-09
-5.177391165334705e-10
0.0
1.2858330470005236e-08
0.0
0.0
1.2415469113879986e-08
0.0
0.0
3.664134498182184e-07
1.9812445798347812e-07
0.0
9.888664894553258e-09
-7.22852194783366e-06
9.937551113758459e-09
0.0
1.2805041572817468e-08
0.0
9.941457119942022e-09
0.0
5.545207081267775e-10
0.0
9.8664899324236e-09
0.0
5.346448080895924e-10
3.845788549509609e-06
4.1950377911224005e-05
4.1916796613505056e-05
1.4011898376266895e-07
6.426183109375865e-05
1.233087251375204e-06
9.883160594016686e-09
5.172731991548563e-10
1.970783448703558e-08
4.0356229452540444e-10
4.764591623220771e-10
0.0
0.0
0.0
0.0
0.0
0.0
-6.169564734309976e-09
0.0
0.0
4.959994401958046e-08
9.841729333973649e-09
9.850074215078723e-09
0.0
0.0
0.0
-3.355383490993109e-09
-3.3553835226247074e-09
1.6451391492186497e-06
0.0
6.870102236518022e-08
4.6184348194510867e-10
9.890219850583415e-09
9.890219765941287e-09
8.978952888790836e-09
8.978952714563905e-09
0.0017928149832902199
5.055780780306035e-07
0.0
0.0
8.550823151063315e-09
0.0
1.6269088650027121e-06
1.6712230655777332e-09
0.0
0.0
0.0
0.0
-9.516333386046629e-09
0.0
0.0
0.0
-4.544975507059235e-16
4.149878451452371e-06
3.1824852932531636e-05
8.646291330258313
-4.590918574118308e-19
0.0
-9.51793206017482e-09
0.0
0.0534727875639567
1.1329045789221062e-06
0.0
0.0
0.0
0.0
0.05347391892709506
0.0
0.0
0.0
-1.899525341228607e-08
6.474543611748734e-12
9.392856131929396e-09
0.0
0.0007730206889669344
0.0001347872933778494
0.0009077361538034623
0.0
8.646290197353734
0.05347391892709355
3.7343260012162705e-05
0.0
1.6506010564572744e-08
9.88896051596025e-09
0.0
4.1916796612938696e-05
2.364764062789959e-05
0.0
2.807067434127184e-06
-9.900882332184919e-06
0.0
0.0
4.960055291733007e-07
-1.812482196023469e-08
3.306718438852577e-08
0.0
0.0
1.1358186747318648e-07
-3.0031319101883685e-05
6.294413925470812e-06
9.905507320112671e-09
0.0
0.0
0.0
4.1050599107231336e-06
0.0
0.0
-3.7856012143301855e-09
0.0
0.0
1.353410294382163e-08
1.4000678268879378e-06
9.918953034035623e-09
0.0
0.0
7.3059134035267285e-06
0.0
0.0
4.369593098031048e-09
4.1720494481554115e-07
4.4829650610976974e-08
-3.106636942362684e-06
3.115390092281492e-06
8.753150142665244e-09
4.976429865787647e-07
0.0
0.0
9.719841678919316e-09
-7.992137990126772e-07
5.247128065563328e-07
5.439836351924626e-06
1.797421224001007e-07
0.0
0.10910167966037865
-0.10980145515107204
0.0006997851839677377
3.3024778223505795e-10
0.0
0.0
0.0
0.0
1.2499815444723723e-05
3.6396735755892296e-05
6.162704198339499e-10
6.382156746039664e-05
0.0
0.0
3.018870404090463e-15
0.0
1.937601565850142e-08
8.412843395862266e-08
4.16007179295954e-08
0.0
1.8589587724750457e-08
3.1901749618659494e-06
0.0
0.0
1.9630047275503838e-08
2.93500074043094e-10
1.4131734389938361e-06
7.110831092749175e-06
3.993454115405372e-08
9.983018806199954e-09
5.252220013359518e-07
5.252219983405271e-07
9.987946466320873e-09
1.4032290643763782e-06
0.0
2.102885859709163e-08
0.0
0.0
9.974053640621726e-09
0.0
0.0
0.0
1.9903712022494294e-07
1.8948387516701195e-07
2.3448909646199406e-05
-1.1654955820516796e-09
0.0
5.226881827594899e-07
8.304248037849797e-07
1.2158419522428355e-05
9.974478266774583e-09
-1.2148445041541183e-05
0.0
0.0
0.0
6.176569049941977e-09
-0.00545209182554629
-0.005467804795845866
0.0
7.123880712068652e-08
-7.12388071944306e-08
9.895867357788456e-09
1.9753297884872976e-08
-1.7020229670094977e-10
2.962469166587483e-10
-8.922518186420877e-08
-1.0246643656133814e-07
-1.009428402598851e-07
-2.0523824953433412e-07
-1.4903840574870264e-08
-4.031752291343196e-09
1.7131557074638246e-09
5.532148104677294e-11
0.0
0.0
4.6965052953861866e-07
8.386018094856456e-09
0.0
0.0
9.613667191821785e-09
6.638048780727203e-14
0.0
0.0
0.0
0.0
0.0
0.0
0.0
0.0
1.4347154602808535e-05
0.00013866793708021603
-4.0238907374587525e-06
7.443585497681439e-09
0.0
0.0
0.0
0.0
1.4420465803380857e-16
8.58801627850899e-06
-8.587950543844032e-06
6.573449961286472e-11
8.00325102347881e-11
0.0
0.0
1.042498089176876e-13
0.0
5.11385915625249e-10
0.0
0.0
8.003173300731399e-11
-9.781491172589085e-09
-4.1712543534607166e-10
4.057164165085434e-09
0.0
0.0
4.827080426345054e-09
1.4780131735431009e-08
0.0
0.0
1.3158898556465547e-05
-8.95214340312447e-08
7.382425362895622e-08
0.0
0.0
3.9475602375841245e-08
0.0
6.815179210477868e-10
9.977090733361569e-09
6.09819879989066e-10
-9.305660378882543e-08
8.196627461556252e-11
0.0
9.440025673837328e-09
0.0
9.440029160637492e-09
9.440031741431398e-09
0.001776183945991966
-6.275737764257839
6.275737754510762
0.0
1.816693054700781e-05
8.847956333010522e-09
-3.8890458802995354e-08
0.0
8.936673557819028e-09
8.936673549284324e-09
0.0
0.0
0.0
9.822580339380327e-09
2.264865285139813e-16
0.0
1.3745084498752516e-08
4.0958256680744595e-09
-5.039042218418156e-07
0.0
9.983418989070736e-09
6.197733597227769
6.19773359695937
-2.6839889512297876e-10
9.763558385811578e-09
8.832844919612267e-10
0.0
-3.090016294351799e-09
10.968910272545404
-10.968910252581594
9.980387301441677e-09
-1.2337474537033353e-08
0.0
7.403117183223401e-09
0.0
-7.403116761978135e-09
7.403116556429445e-09
8.566256409115043e-09
0.0
1.4293483846204055e-08
1.4293483847112364e-08
4.309855574691831e-10
-9.822580186724661e-09
0.0
0.0
0.0
0.0
0.0
9.864302156581895e-09
0.0
0.0
0.0
0.0
2.591703504298758e-08
0.0
0.0
6.483617350470927e-09
2.0944396510860016e-08
0.0
1.946328914971982e-08
3.860914669833805e-08
5.965337414847546e-10
9.963610659567399e-09
9.964938027517967e-09
9.964939798442167e-09
0.0
0.0
5.853770069834755e-08
9.765298108317166e-09
-2.5492410016692696e-10
0.0
3.5343962494398453e-07
5.549674802780946e-10
3.4389775740789e-07
5.889069767088615e-06
3.489708462580582e-08
7.403117177137704e-09
2.3065711426949524e-16
3.5921860394122256e-07
-3.755023373157827e-07
-6.852681228607846e-09
5.4398363492104585e-06
0.0
0.0
1.0599085861595404e-08
0.0
0.0
0.0
1.0600885776746835e-09
1.494329965991054e-08
9.522808464794643e-09
0.0
-9.522824150108924e-09
0.0
0.0
7.608433178077798e-08
1.1836293616326973e-06
0.0
2.8257159572714184e-09
7.918272203785106e-08
0.0
9.221158109873325e-09
3.2883323115671505e-08
0.0
0.0
1.2216259501477533e-09
0.0
0.0
0.0
0.0
0.0
0.0
0.0
0.0
2.2794707262028477e-08
1.802259230641398e-07
0.0
2.855264133656744e-07
1.892107462350862e-07
9.973840997932511e-08
2.9272150126715486e-07
1.7776344594023288e-07
0.0
0.0
9.206266842421753e-09
5.755825041289615e-09
0.0
0.0
0.0
9.53125350144208e-09
8.473011374563871e-09
0.0
0.0
9.743430850755017e-09
9.618448240225844e-09
9.736900224797157e-09
0.0
0.0
0.0
3.6908563016624517e-08
1.1150759801563556e-07
2.5471607533370322e-09
2.6626180126553102e-09
2.512866167904524e-06
5.085216929057068e-07
1.0600617641975168e-08
0.0
1.452838900677289e-07
0.0
0.0
-1.8859750051735758e-08
3.178612930567763e-08
1.2629902446197498e-16
4.930186348221903e-08
4.915130254727753e-05
4.922803079988918e-05
0.0
4.834433628507543e-09
4.83443363158892e-09
0.0
3.7590855621598877e-10
0.0
0.0
8.755102640686062e-09
8.755101753430672e-09
0.0
1.8195793479938735e-05
0.0
2.99048354769793e-10
9.985621872024314e-09
9.98251314849506e-09
9.982513146707959e-09
9.963837008031902e-09
9.963837007096508e-09
9.971914839337615e-09
9.971914837962098e-09
9.92084220920409e-09
1.0245933119988733e-16
9.920842311176412e-09
0.0
6.562023480639271e-07
6.370056643202276e-07
9.831438320298102e-09
0.0
2.4664771832238835e-08
9.517509586164973e-09
1.5720854742820497e-10
-8.642254111998482e-09
6.052926684662696e-09
0.0
6.05292670271654e-09
9.094329710136345e-09
0.0
1.4164734423365453e-08
1.4164737141175081e-08
1.4164733071846131e-08
0.0
1.5554389508615756e-16
1.1587087517913418e-08
4.560217793890389e-08
5.980391392051766e-08
0.0
5.980392805067299e-08
0.0
0.0
0.0
5.008909846696445e-08
2.233630959330906e-08
0.0
5.981066964893076e-08
0.00010045103357680021
0.0
0.001624254744682223
0.0
9.886508073627445e-05
2.968287609599835e-09
2.968999756724626e-09
8.512173528635032e-09
0.0
4.846793932086873e-10
4.362949252416861e-10
4.362466467252999e-10
2.9703224792968444e-09
0.0
0.0
0.0
0.0
0.0
0.0
0.0
0.0
0.0
0.0
0.0
0.0
0.0
0.0
0.0
0.0
-1.6923286242417207e-10
1.4625300345030986e-08
0.0
1.8296771501365878e-06
0.0
4.750373593698951e-09
-9.42985866356303e-09
0.0
0.0
2.2330252951976074e-08
2.7191476934482413e-08
0.0
0.0
5.474198574554059e-08
5.4741993409379146e-08
0.0
4.9888014698373544e-08
3.0072004335020146e-08
6.06316416398003e-07
0.0
0.0
1.3273065316945675e-08
4.951667063999344e-08
4.51407074621175e-08
5.981068312468837e-08
-5.531262070743387e-07
5.178443334791184e-08
3.269627156185246e-08
0.0
0.0
-3.856520366553764e-10
0.0
3.970461427631497e-05
3.967080319163283e-05
1.43454833797425e-05
9.73964098599958e-09
9.739640986359594e-09
8.642254516547077e-09
3.3797598438539013e-08
-1.3486243602444693e-11
0.0
0.0
0.0
0.0
0.0
-2.6893739637626453e-12
0.0
0.0
0.0
2.025365330099018e-10
-1.028596847796586e-05
0.0
1.0765690552499432e-07
5.980389846833529e-08
0.0
0.0
1.1258702201444753e-08
0.0
0.0
0.0
4.170852683491044e-06
4.161121696950301e-06
0.0
0.0
5.420902278079114e-16
-2.4876258377938928e-08
-1.5400241785300087e-08
3.358129704935351e-08
-1.061100456090612e-11
0.0
1.0428825222804493e-05
3.3038384586247856e-09
1.868838007025413e-06
0.007491668252177908
0.0
6.611716724906149e-09
1.7135823402459004e-09
2.9955736318904544e-05
0.0
6.0327967681486056e-09
0.0
0.0
2.9955745264120467e-05
0.0
2.7267992270506567e-05
0.0
0.06628352551848653
1.8369859953651647e-05
0.0018963601180749263
0.0
-0.06705714063278212
2.1384031160497086e-06
4.883554100618484e-06
-2.0221594311466314e-08
1.338640466312668e-06
3.095117692615807e-07
6.604502396693156e-08
0.0
-1.409148471132049e-06
-4.98472676468964e-07
0.0
3.870321519565234e-07
0.0
-6.29824564313066e-12
3.8881221479423387e-07
0.0
1.0428685300304528e-05
1.0999337590182398e-08
7.806302421401066e-09
1.866571540127219e-08
0.0
5.42122266107476e-10
0.0
-8.50401094410879e-09
0.0
0.0
2.996362994369912e-08
9.22402716425734e-09
0.0
0.0
0.0
0.0
2.8705732435727006e-08
5.00866469464031e-10
0.0
0.0
0.0
0.0
9.87415359448695e-09
9.87415359727877e-09
7.567777779009983e-07
0.00034315973257486335
9.977579511240794e-09
1.302505602398592e-05
9.98342084665099e-09
0.0
9.982601754166304e-09
9.939330186434916e-09
0.0003851041720295502
5.92437483328957e-08
0.0
9.901292445411864e-09
0.0
9.964146695733165e-09
1.466339170679443e-06
9.947808152198352e-09
1.3123175262967497e-07
9.985441865050866e-09
5.043400297143479e-05
9.985881671406303e-09
0.0
9.983499715690933e-09
0.0
9.983641568810318e-09
4.098668970238873e-09
0.0
0.0
0.0
0.0
0.0
0.0
0.0
0.0
2.344890964823139e-05
0.0
0.0
0.0
0.0
5.191628319590689e-08
0.0
0.0
1.6722325850310713e-08
1.3388083153884224e-06
7.074358206404238e-06
0.0
0.0
0.0
0.0
0.0
0.0
0.0
0.0
0.0
0.0
0.0
0.0
0.0
0.0
0.005457713324613828
0.005457532389811683
0.0
3.2508182283719545e-10
-6.527078384721552e-09
9.603805816931003e-09
9.87690835600453e-09
0.0
8.221441031042595e-11
0.0
0.0
0.0
0.0
-3.1000367624318717e-09
3.921482534128944e-11
2.6194568483797606e-11
7.403117404915314e-09
0.0
9.544105857731924e-09
0.0
0.0
9.477168895182274e-09
0.0
4.921042823416526e-11
0.0
9.487501829568921e-09
0.0
0.0
0.0
1.3398421253230678e-07
0.0
9.960462461766628e-09
2.9879397622397885e-09
0.0
6.885413774958293e-09
7.736521711896661e-07
1.0203599474304557e-15
1.7131494785122166e-09
1.7131515453422137e-09
4.197452637857437e-05
0.0
1.6392274161993335e-07
0.0
9.831812245013722e-07
0.0
4.9772017663303844e-08
3.6148374606466235e-07
1.670984144784842e-07
0.0
7.761217939595416e-09
1.713146273738654e-09
1.713144680916105e-09
2.0253583165852858e-10
1.5371277148531344e-06
0.0
0.0
5.24300160200551e-09
2.8258358203077385e-06
0.0
1.7834210668300424e-10
0.0
0.00039381371481213875
0.0
5.491120726951571e-06
0.0
1.0454800509674237e-09
0.0
2.7513449438573076e-07
0.0
3.245436658272515e-09
0.0
0.0
0.004729648705613757
9.905815412117213e-09
0.0
0.0
1.1531591796501206e-08
3.4889953600036216e-06
3.835126469402901e-08
0.0
2.3637846510102356e-08
1.1458127280454329e-07
1.8061058827347344e-07
3.9777345548690434e-08
0.0
-6.048073529436914e-09
0.0
0.0
0.0
0.0008848472153446496
0.0
9.334168270197907e-07
0.0
1.4102152235959965e-07
5.97011845489073e-07
4.703096950725548e-07
1.7900305970981063e-07
1.9784197795768737e-07
0.0
2.71743446044681e-07
-5.228262599777343e-07
4.181690687918553e-06
0.0007052238381557163
-0.001792824815205818
6.426183109365581e-05
3.502013367662174e-16
-0.001788635493830848
-2.0334349997393275e-06
2.3593571676035685e-06
0.0
0.0
0.0
0.0
0.0
0.0
1.508403940510937e-07
2.3593571659694717e-06
6.060418663145502e-07
0.0
4.801006764298689e-07
0.0
1.7339580976319873e-07
0.0
2.0684800024491796e-07
0.0
4.37588377003357e-09
0.0
3.143894403241483e-08
0.0
2.510197563294038e-06
5.965072194051864e-07
4.7235740424243315e-07
1.637749035479997e-07
1.9709526545311447e-07
0.0
2.1952411356741163e-08
0.0
0.0
9.84912334415361e-09
2.284211016993921e-16
0.0
6.197280744955653e-09
0.0
2.2626663726963406e-08
-4.581547946391963e-07
3.556262174471568e-06
1.8022592511472943e-07
0.0
2.855264154288715e-07
1.8921074844762846e-07
9.973841216281841e-08
2.9272150356491056e-07
1.777634483458226e-07
3.47977419967894e-06
5.467939305914085e-09
1.6228004047515904e-10
4.312425778352083e-08
1.224430543675308e-07
1.8269468734327552e-07
4.161472950622559e-08
2.512578555352293e-06
5.079646891560124e-07
0.0
0.0
1.4597772214228593e-07
0.0
2.4641145127247066e-07
0.0
7.608433237485718e-08
1.1836293622087786e-06
0.0
2.8257165952238598e-09
7.918272273079735e-08
0.0
9.221158978737335e-09
3.2883324003747394e-08
0.0
0.0
1.2216268875186694e-09
0.0
0.0
0.0
0.0
0.0
0.0
0.0
0.0
2.2794708499204614e-08
0.0
0.0
0.0
0.0
0.0
0.0
0.0
1.1258702296700235e-08
-0.002916124289085223
0.0
2.2180441575123414e-07
0.0
0.010341843458069988
9.91592005324094e-09
-5.495471826685819e-10
9.593081089750163e-09
2.3159883053442955e-10
0.0
8.02905275906928e-05
0.0
0.0
0.0183856160154027
1.8259459865305208e-06
-8.41297337060741e-06
-0.05616316831979162
-0.06894520607950845
1.9382455410787286e-06
0.0
1.9245996113053667e-08
0.0
0.0
8.734713186677877e-09
9.861523860952815e-09
9.861523539011086e-09
4.959576375857852e-10
0.0
9.857430527412838e-09
4.919260523992707e-10
4.960055292064364e-07
4.960055322257016e-07
0.0
0.0
5.058373698333632e-07
0.0
4.960055310185106e-07
-1.933156557575033e-09
1.4339942813898267e-08
9.924110210873483e-09
5.576150420749874e-10
0.0
0.0
2.8944426995057733e-08
0.0
9.867036904132249e-09
-0.06894369311082649
9.93628762586844e-09
9.9362874240532e-09
-9.794345001701288e-09
0.0
1.457283327251835e-08
0.0
3.23738350089665e-08
9.326564371704429e-08
0.0
0.0
4.181690688248991e-06
0.0
4.1816906887740825e-06
0.0
0.0
1.4572834215496518e-08
0.0
3.237383607408146e-08
9.326564476373147e-08
0.0
0.0
0.010341843458070208
2.323506456980533e-06
9.922941788465453e-09
0.0
-1.7897972431886e-05
1.864697330341293e-07
0.0
1.7912606313048976e-05
5.958856537584105e-10
5.0461506666462166e-05
1.0680065192424456e-07
0.0
1.3492951692283233e-06
1.3048579125748023e-05
5.6092077112550494e-08
0.00034315052221781735
5.733422679465029e-06
0.0
-4.467496154020743e-10
0.0
2.7990952554527767e-07
1.486522949334778e-08
0.0
3.3338616647597964e-09
2.703356383048101e-07
9.574348864887974e-09
9.574118460585714e-09
0.0009276069626082713
0.00038520251355120467
1.1258702507933039e-08
0.0
0.0
0.0
9.802193645973978e-09
0.0
-9.77250641520655e-11
-9.772506537941624e-11
0.0
0.06973706304440319
0.06973706304440339
2.4978349791974616e-07
9.569642641864555e-09
2.0852560146519745e-10
0.0
0.0
0.0
2.8761316307672626e-07
0.0
1.40015640645824e-08
0.0
2.280540129574564e-05
2.280540129574563e-05
0.0
0.0
1.9358400590512893e-08
9.788757944110627e-09
7.834449972907208e-09
7.834449956328307e-09
0.0
7.834449989487559e-09
7.834449835630272e-09
0.0
1.410883483179609e-07
4.7047744318131037e-07
8.650967140589134e-07
0.0
7.516281683778563e-08
0.0
3.285801231203313e-07
0.0
0.0
0.0
0.0
4.1553719214199576e-05
-2.2258164038327795e-05
0.0
0.0
1.309437046053788e-10
7.768054998932404e-11
0.0
7.768405311470143e-11
7.768662969403335e-11
0.0
0.0
0.0
6.569746863269332e-16
4.976859613812665e-10
9.863277785331722e-09
4.976860634859786e-10
0.0
0.0
9.794829989368448e-09
5.540279028517276e-16
0.0
6.728710102744585e-16
2.4740300803542018e-15
2.0196944059543524e-15
0.0
0.0
0.0
2.0796016703381818e-11
8.499810784575465e-07
0.0
0.0
0.0
0.0
2.0010055869438145e-16
-0.060779535913600746
0.060779559145961184
0.0
7.057771730111659e-10
0.0
0.0
2.079515957334969e-11
0.0
0.0
-9.908355187677543e-09
0.0
0.0
1.1401097485678831e-10
0.0
0.0
8.29443691912115e-09
0.0
0.0
0.0
1.2675957036316521e-08
3.361159017778448e-09
0.0
0.0
0.0
1.4504723568594456e-06
1.4409613688997602e-06
9.510987673956817e-09
0.0
0.0
0.0
0.0
2.994101739919462e-06
0.0
2.079140421851798e-11
2.0793470636362023e-11
3.639965373518737e-07
2.811941486706507e-09
3.366271368078865e-07
9.916233177198041e-09
0.010910828040505567
0.0
0.0
-0.020159056302897937
1.9640486651683045e-10
0.0
9.55732987884011e-09
1.375722237886767e-09
0.0
0.0
0.0
0.0
0.0
1.9847640808062783e-05
6.06901794953847e-09
0.0
0.0
0.0
0.0
0.0
0.0
-1.8613873604129302e-10
0.0
0.0
0.0
0.0
0.0
0.0
0.0
0.0
9.079078718578556e-09
9.088731680926644e-10
-1.243205966340935e-09
4.0520323381035227e-07
0.0
6.103460785243045e-05
0.0
0.0
2.8317277411815667e-08
9.938705768114685e-09
9.827465756350813e-09
4.625085128786357e-10
3.2787824684688634e-07
5.608174367870126e-08
0.0
0.0
5.564645941097502e-10
1.4780132412209826e-08
0.0
0.0
4.319620214386728e-08
-0.07896033260747437
0.07896040531234394
9.935987281014082e-09
1.3279801274256435e-08
-1.327980126728743e-08
0.0
2.076824228370776e-05
2.0793968712467896e-05
3.710934668410782e-09
5.0744661412296655e-09
0.0
0.0
4.187963747860629e-12
0.0
1.4729458863152721e-06
1.3279801288158322e-08
0.0
9.82736467821301e-09
0.0
0.0
0.0008839766526348436
0.0
4.1291522554489006e-07
1.3384144694641322e-06
2.8798133955994013e-07
1.6272930866723893e-06
2.879813395606212e-07
1.0761670538139548e-08
0.0
4.9878465732527e-10
0.0
0.0
0.0
2.58020326979327e-10
0.0
8.629751547178455e-09
8.6297509580285e-09
0.0
0.0
3.3436874260052776e-09
9.51098480401483e-09
9.881793494576512e-09
2.0090645744932887e-08
2.958293538058951e-08
0.0
0.0
8.235303272503239e-09
0.0
8.235303375387972e-09
3.63848301829634e-09
3.6384832924341026e-09
-1.924599570282627e-08
3.24198780533949e-16
-3.1795223668200565e-08
-3.543370649422995e-08
1.001965399279752e-13
0.0
1.8124824825420374e-08
9.917717390079316e-09
9.952896456251969e-09
5.859790839940757e-10
0.0
0.0
-9.085152579899058e-09
2.751344835638621e-07
5.228262605778044e-07
2.7512610163669343e-07
1.812482308395707e-08
1.8124822448977107e-08
2.751344835465092e-07
2.753193355918824e-07
2.0892319074295267e-10
1.71397082504825e-10
1.1622759966643426e-08
9.917718469989577e-09
-5.917315783865763e-08
0.0
9.940114584120207e-09
9.940115672080451e-09
2.096959657136426e-08
2.096959559374832e-08
2.471456745035955e-10
9.904931966772428e-09
9.90493305473919e-09
2.0969593829585353e-08
9.608871475084007e-09
4.9599943916632095e-08
0.0
2.7513449089273036e-07
0.0
2.0969592280634527e-08
2.095279497479992e-08
2.560683819704937e-07
9.412819374353274e-10
9.41279109759557e-10
5.510141113572263e-07
5.527949779439496e-10
2.0961193174723098e-08
2.096959073671657e-08
0.0
0.0
0.0
0.0003854179206220778
1.1258702627601162e-08
15.45057344892861
-15.450573622006944
-1.7307833566349018e-07
7.736521704080498e-07
-2.3095210982371054e-08
-2.3095210900161425e-08
7.54023300492643e-07
0.0
0.0
0.0
9.71978906250115e-08
4.125242985990551e-10
0.0
0.0
2.4633563542360965e-16
0.0
8.958438838199527e-09
9.060079231987261e-09
-1.7412824959706086e-08
0.0
2.242337163654708e-08
7.540232985992771e-07
1.3742664911270562e-07
6.056862016523809e-10
-1.1785691860836605e-07
6.102977475060213e-10
0.0003561172253578759
2.91667979776698e-08
1.9956438976223654e-08
9.978857509424855e-09
-5.5227436435894076e-09
0.00013866246449012465
0.0
1.2559069587075747e-08
7.724635962041884e-09
0.0
0.0
3.866647435208714e-09
-5.522743641675113e-09
9.879075458530451e-08
6.424506381943266e-09
1.1457844525109739e-07
0.0
-6.648148191353877e-12
