0
0.0
0.0
0.0
0.0
1.942929222705311e-08
3.977770203384515e-09
0.0
0.0
0.0
0.0
0.0
0.0
0.0
0.0
0.0
0.0
0.0
9.256782083837865e-09
0.0
9.704785776578804e-09
0.0
0.0
0.0
0.0
5.144323512353469e-08
0.0
0.0
0.0
9.920343965614771e-09
0.0
0.0
0.0
0.0
0.0
0.0
4.66769316927681e-05
0.0
0.0
1.102521161589099e-08
0.0
0.0
0.0
0.0
0.0
0.0
1.8909871173142674e-08
0.0
0.0
0.0
0.0
0.0
0.0
0.0
0.0
0.0
0.0
0.0
0.0
0.0
0.0
0.0
2.0190022638846386e-09
1.3209471294906075e-16
0.0
9.87297215013768e-09
0.0
0.0
0.0
0.0
0.0
0.0
0.0
0.0
1.0155076779483352e-10
8.480716650940446e-12
8.971114548675978e-10
6.174940900757293e-21
0.0
0.0
0.0
1.773123645472082e-08
0.0
5.748846805416733e-22
0.0
0.0005255502348979523
4.89913665191466e-13
8.945588254853179e-11
0.0
9.875573375241169e-09
0.0
0.0
8.635568907335924e-09
0.0
9.66251932735557e-09
-5.90884306330108e-10
0.0
0.0
0.0
0.0
0.0
0.0
0.0
0.0
0.0
0.0
0.0
0.0
0.0
0.0
0.0
0.0
0.0
9.644230647681588e-09
0.0
2.132866244506393e-21
0.0
0.0
0.0
0.0
0.0
0.0
0.0
0.0
0.0
0.0
0.0
4.942709474537897e-09
-3.9530182238678435e-08
9.813411403991335e-09
9.68381775687475e-09
3.944027600540635e-09
0.0
0.0
1.5843556634093665e-09
4.286029314583818e-09
0.0
9.75337547155109e-09
1.6065417436909257e-06
2.219918915908248e-09
0.0
0.0
0.0
0.0
7.069599621827504e-21
1.3830161055728953e-08
0.0
0.0
0.0
0.0
0.0
0.0
2.941418774313487e-08
0.0
0.0
9.79457663176109e-09
0.0
0.0
0.0
0.0
0.0
0.0
0.0
0.0
-0.00010140425654919367
0.0
0.0
2.918115824407108e-08
0.0
0.0
0.0
0.0
1.6485671516761153e-08
1.92111524679818e-08
0.0
1.2687586226040589e-07
0.0
0.0
0.0
0.0
0.0
0.0
0.0
1.4318079314499094e-09
0.0
4.646774870744746e-05
0.0
0.0005190466840355734
2.9605289470571353e-08
7.01076010378653e-08
0.0
0.0
0.0
0.0
3.1470550357483185e-18
0.0
0.0
0.0
0.0
0.0
0.0
0.0
1.368483088295724e-09
1.9936716547572106e-08
0.0
2.3144214934263456e-09
0.0
9.002684693891418e-09
2.2851326450235053e-07
1.0164985432430926e-07
0.0
8.429596720501535e-09
1.9095569892829857e-08
0.0
9.709007248270858e-09
2.8243238014283642e-08
0.0
9.603619654907095e-09
0.0
0.0
0.0
0.0
0.0
0.0
8.2490982912663e-09
0.0
0.0
0.0
0.0
4.409161632416409e-19
5.950151678031441e-09
0.0
0.0
0.0
0.0
0.0
8.927454934984496e-09
1.3487623344576871e-11
0.0
2.6668664021914368e-12
5.342936052902739e-09
0.0
0.0
5.958516388397323e-11
2.440334511086186e-06
6.298890120430556e-12
0.0
0.0
0.0
0.0
0.0
0.0
-0.0005267058020005655
0.0
0.0
0.0
0.0
0.0
0.0
0.0
0.0
0.0
0.0
5.929748700117532e-07
8.77993323916404e-09
0.0
0.0
0.0
0.0
0.0
0.0
0.0
0.0
0.0
0.0
7.697208502820679e-09
0.0
0.0
4.727854485982749e-11
0.0
6.84676816448945e-24
0.0
0.0
6.295455713110309e-09
9.341240365787527e-09
0.0
2.9057799885672572e-08
9.194836189724124e-12
-9.341237893823514e-09
1.42237890397275e-16
8.902478630077804e-09
-9.935849180223649e-09
0.0
0.0
0.0
6.172695365919776e-09
9.365712703018515e-09
9.832867496367888e-09
9.867773449765429e-09
8.9024786292602e-09
0.0
0.0
0.0
1.0560439375857752e-08
0.0
9.78610421734239e-09
0.0
0.0
0.0
0.0
0.0
0.0
3.44861509957767e-20
1.0852972166797148e-14
0.0
3.7553887121446254e-08
0.0
0.0
0.0
0.0
0.0
0.0
0.0
1.340797116366457e-07
2.6422482040942868e-08
0.0
0.0
0.0
0.0
0.0
0.0
0.0
0.0
0.0
0.0
0.0
0.0
0.0
0.0
0.0
9.844164594596805e-09
9.844164698951264e-09
8.174667081834726e-10
9.881955559398747e-09
6.967311617192868e-09
9.989677108223206e-09
9.242751282003442e-10
9.977812885097223e-09
9.234831359976812e-10
9.029430453571953e-10
9.919720128235427e-09
9.919719920535672e-09
9.969889856539688e-09
9.977813126323405e-09
9.991830625617754e-09
9.991016083936758e-09
-9.256782085916449e-09
0.0
0.0
0.0
0.0
0.0
0.0
0.0
0.0
0.0
5.122204644920295e-08
7.789639495554883e-10
0.0
0.0
1.3882809876828217e-07
0.0
4.383548345605935e-09
0.0
7.752566416459282e-10
0.0
0.0
1.2865990286115098e-07
0.0
0.0
2.949958161475095e-10
4.32742409794235e-09
0.0
0.0
1.3606832587864847e-08
0.0
0.0
0.0
0.0
0.0
0.0
0.0
0.0
0.0
0.0
1.7637756152340858e-08
8.867070484906436e-08
-9.704785776647878e-09
5.144323529927786e-08
9.24103744001247e-10
9.976188655117652e-09
9.232144317520633e-10
0.0
0.0
0.0
5.602917231106655e-09
0.0
0.0
0.0
0.0
0.0
0.0
0.0
0.0
9.957499517914576e-09
9.912984636958565e-09
-5.144323514871471e-08
5.1443235174636526e-08
2.3220379562563076e-16
1.9936293133534785e-08
1.9954002025802015e-08
1.998348499312605e-08
1.9981755819139935e-08
-9.718411148297751e-09
-7.556465849528059e-10
0.0
-6.090387177932677e-10
0.0
-9.578885434074993e-09
0.0
-9.493098278062946e-09
0.0
-7.355575774703229e-10
-9.797439232165718e-09
-9.797211930617777e-09
0.0
0.0
0.0
0.0
0.0
0.0
0.0
0.0
0.0
0.0
0.0
1.9956022475263176e-08
0.0
9.981924170478912e-09
9.966402814143294e-09
9.704785776583224e-09
-8.547780420184385e-10
0.0
1.2781472582871547e-08
0.0
1.0211896416281898e-08
9.988644469709207e-09
3.713265397841856e-08
5.699734857882726e-10
5.699734362172788e-10
0.0
8.254645389518008e-10
0.0
-9.966461238762603e-09
0.0
0.00011073315686392053
3.7249675240798316e-08
0.0
0.0
0.0
3.778501026364642e-09
0.0
5.4148133177702926e-05
4.179797521841833e-06
0.0
6.967312167587106e-09
3.022366040975633e-09
2.7286658021458584e-18
1.953060690106868e-06
8.281357382673019e-08
0.0
8.951841265154208e-10
9.61901673473542e-09
-1.5633883345507124e-07
-1.2846711226104437e-07
-1.1861403272908286e-07
-1.1785549395591335e-07
-1.003539696806691e-07
-1.0441323567865132e-07
-5.557800230313655e-08
0.0
9.619016730887187e-09
5.620805102263624e-10
-1.6546833276717838e-08
6.465002721969121e-09
0.0
6.02300445190723e-16
0.0
0.0
0.0003091459622473174
1.102521161526961e-08
0.0
-1.9311377503866082e-09
1.9952638193898677e-08
8.992052674620324e-10
2.821638378195174e-08
0.0
2.9902627267903634e-08
8.835956633874002e-10
3.0515240697488547e-09
3.051523794388211e-09
0.0
-7.077626833225163e-06
0.0
2.8195591570490486e-08
0.0
9.950745603502775e-09
8.843311266613743e-10
9.959247559278866e-09
9.959247524519519e-09
9.965015915310665e-09
8.982043893062855e-10
9.96501612587132e-09
1.4671983457330447e-07
1.1899044326300204e-07
1.091447817436283e-07
1.273313831403098e-07
1.098158998180665e-07
9.332206146222324e-08
3.4886405640351825e-08
4.797803109053071e-10
-1.3385481345551398e-07
9.940800048254776e-09
1.890987101161703e-08
-2.531308496145357e-14
2.5399783697520265e-14
0.00015550093187797784
0.00015550093185282704
-9.940799633434937e-09
0.0
0.0
0.00011071109740692213
0.0
8.946862380996635e-09
0.0
0.0
5.782865375166303e-14
0.0
9.760315481668284e-09
0.0
-0.0028732636810410474
0.002826586749348281
-4.667693169276722e-05
1.239730110457535e-07
0.0
0.0
0.0
9.203627979196411e-10
9.203621910745752e-10
0.00016158879159149282
8.989254966437765e-08
7.382912414435672e-10
0.0
1.7602541830097e-08
0.0
0.0
0.00031479263730495907
-0.00031475267230391736
9.990735426890912e-09
0.0
0.0
9.977211612990524e-09
9.980035233886304e-09
0.0
1.947315545676178e-08
2.0088230304764746e-10
-9.16546885554938e-09
0.0
0.0
1.1621040496737202e-07
7.82470642157968e-09
0.0
0.0
0.0
0.0
0.0
1.3474034955965005e-08
0.0
2.9171965529095173e-08
3.461043728741451e-08
0.0
0.0
2.6422481987441094e-08
0.0
9.175345566264508e-10
4.63716669998469e-09
1.5694234973612635e-09
4.0452203600751394e-08
2.349494027932687e-09
1.0491729368040163e-08
0.0
0.0
0.0
0.0
1.9429266380357756e-08
-8.715275574356154e-09
1.144457090254721e-09
-1.1444576996158529e-09
0.00015378770468502142
9.87707864455456e-09
8.127269633484166e-10
0.0
7.043249342243002e-09
-9.152653512232945e-09
9.965393179493104e-09
1.1507521453452525e-08
-5.932270341190565e-08
0.0
5.976097572566996e-08
0.0
0.0
0.0
0.0
-0.004491582677855727
0.004491606280138495
9.90733207688224e-09
-1.6485672767730633e-08
9.664587632463896e-09
1.9956063220502357e-08
2.7525642410691085e-05
7.4111854738544144e-06
9.911564482909548e-09
9.855900447092905e-09
9.191634268452863e-09
9.191634403583025e-09
2.5956608226443904e-07
2.595660818031968e-07
9.973198451275738e-09
9.061594832931047e-10
9.19163453875932e-09
9.191634133363913e-09
1.4766966769726775e-10
9.857737688547298e-09
0.0
0.0
0.0
1.5399531352602632e-08
0.0
3.769304020760198e-08
0.0
0.0
4.5838765238986136e-10
2.8035890801207364e-09
6.648544382078872e-08
1.9915762138945393e-08
9.96501633134832e-09
-8.079464969256508e-10
6.716159021964421e-12
0.0
5.6679397469184233e-08
3.003296723366271e-08
9.975801388122456e-09
9.232534750466122e-10
9.988587120401612e-09
1.8236343841600477e-08
0.0
0.0
4.17979752147763e-06
0.0
0.0
0.0
1.520289024354067e-15
3.4968813382387106e-16
0.0
1.8181012466748141e-09
5.0230912548328314e-08
0.0
1.8684494861512614e-08
0.0
5.2531963607108405e-09
6.69148715680231e-09
0.0
0.00011066086649798322
0.0
0.0
0.0
0.0
-1.8032992633865152e-16
0.0
0.0
4.1082090540951367e-07
0.0
0.0
7.826601729203255e-07
7.925331450693735e-07
7.826601729175157e-07
7.826601729192361e-07
7.826601729196918e-07
0.0
0.0
0.0
0.0
0.0
-2.019002253069986e-09
-1.3438276458187318e-09
2.507865390744905e-08
0.0
9.403260622844328e-09
0.0
0.0
0.0
5.265254324438532e-09
0.0
9.986523306329716e-09
2.876750801334022e-08
9.556280883392233e-09
9.556280772204564e-09
9.556280795874374e-09
0.0
1.1965908686465785e-08
0.0
0.0
0.0
2.712628611311721e-09
0.0
8.739657842168139e-10
0.0
2.3843977465208555e-19
0.0
0.0
-3.810424739545008e-08
0.0
1.1665606512237502e-08
0.0
0.0
0.0
1.0299338659432543e-07
0.0
0.0
0.0
1.691978362477497e-06
3.4535927076600197e-06
-5.094667357649537e-06
9.901202037358833e-09
2.025368211988058e-19
0.0
-3.4661248695376e-05
0.0
0.0
0.0
-0.00017943256578080338
9.848634061446197e-09
9.848633793316675e-09
1.5764803492725053e-08
3.4463489695293966e-09
0.0
0.0
0.0
2.0094181764417545e-10
0.0
9.711466800819342e-09
9.87279760474253e-09
8.086678157080528e-10
0.0
1.8252728281633195e-08
9.855900727937175e-09
7.921467933700295e-10
8.396827849567508e-09
0.0
0.0
0.0
0.0
0.007564639516320308
-1.0155432050851232e-10
0.0
0.0
-0.007564639414768205
-8.480396940235835e-12
0.0
0.0
0.0
0.0
-9.968140839285936e-09
5.14432353971728e-08
-1.0954667049236719e-08
0.0
0.0
0.0
1.4380335532318727e-05
-6.3527471044072525e-21
1.4370580996090684e-05
0.0
4.2150679915860176e-08
0.0
1.3788769737956256e-08
0.0
0.0
0.0
0.0
0.0
2.1065816451660865e-09
5.1935412450300804e-14
5.194037667259392e-14
5.03859652548849e-14
5.0493467698253707e-14
3.003296669675637e-08
9.898315502275746e-09
0.0
3.740952360382373e-08
1.9723249239388197e-10
1.9211152461778012e-08
5.109757689761754e-09
0.0
3.5879086644821595e-11
9.980039647185929e-09
9.980039425243597e-09
1.1667828506843402e-16
1.6955761481514318e-08
1.62968968381971e-08
0.0
-8.526571071383688e-09
0.0
0.0
0.0
0.0
0.0
3.04721776722063e-09
0.0
0.0
-5.777209003778776e-10
0.0
-6.571087905161842e-10
-9.952374737482936e-09
0.0
-7.307295458130393e-10
-9.903766767837066e-09
0.0
-1.0155210383091265e-10
0.0
9.091234011635593e-10
0.0
0.0
-0.0005255594040553264
-0.0005231050356526293
0.0
0.00013611410307097803
-4.899134483510315e-13
0.0001361042548653413
0.0
0.0
0.0
0.0
2.408357173099414e-07
0.0
0.0
4.4469422823195693e-07
4.4469422823419506e-07
4.446942282348544e-07
4.545698016089695e-07
4.446942282337286e-07
0.0
0.0
3.3680954134162712e-09
0.0
0.0
1.839360801620739e-08
0.0
-9.758015281232887e-09
0.0
0.0
0.0
-2.845378395437614e-09
-8.635568907382847e-09
0.0
4.578133890090851e-09
0.0
4.578451729350079e-09
8.63558678158052e-09
0.00015556501922924808
7.187543721101265e-08
9.948976835019817e-09
8.826115578720261e-10
0.0
0.0
0.0
1.995554295583004e-09
1.1456353761662859e-08
0.0
0.0
0.0
0.0
0.0
9.648688487670209e-09
0.0
9.436563544694911e-09
0.0
0.0
8.902478629175373e-09
8.902478631014898e-09
9.904670446181802e-09
9.904670257030273e-09
9.904670067895516e-09
9.798462164951306e-09
5.63130130010216e-08
9.79846190019203e-09
9.798461636685574e-09
0.0
1.42271530376131e-16
0.0
0.0
0.0
3.270326778388313e-07
5.185696384995563e-10
3.273343168289925e-07
0.0006883832003515797
0.00036297238050155434
1.0563129134092076e-06
0.0
6.826787977214136e-08
0.0
1.5317116844476987e-08
1.5317116844476987e-08
9.038455455154961e-10
0.0
8.803542796012934e-10
-2.2851326447515696e-07
-2.1898837798366023e-07
0.0
0.0
-1.0446597091713639e-08
1.9983432207956187e-08
9.991360774375211e-09
0.0
0.0
1.2168943723939376e-09
4.073650155994478e-08
0.0
0.0
0.0
0.0
8.592345741315547e-10
9.99207008410205e-09
9.919720335991054e-09
1.3514835609202665e-09
-9.903651686932191e-09
0.0
0.0
0.0
3.412516855066401e-08
3.2386311315050086e-08
0.0
3.749125904701287e-10
0.0
0.0
0.0
0.0
0.0
9.980040003987097e-09
0.0
1.9583254048149542e-09
0.0
1.0062432030440716e-08
1.9954065698026245e-08
9.973431300876884e-09
2.814194614042841e-09
4.899341881649584e-09
8.165789768874479e-10
3.028160272614071e-09
2.5418148641756786e-08
0.0
4.899342020243339e-09
-7.375164515557864e-10
9.991566617801283e-09
1.9982668047431282e-08
9.235655664999011e-10
1.0727740261202017e-08
0.0
0.0
0.00010052326902607401
8.054168208810404e-09
2.1266459827586688e-10
-5.46597586061694e-09
0.0
0.0
2.2986363146661094e-16
9.957499864488845e-09
0.0
0.0
-9.875358283477657e-09
0.0
0.0
1.3381034339617992e-11
1.3391277711575004e-11
1.3383299400123662e-11
0.0
-1.3411987449460372e-15
0.0
0.0
8.819775341351287e-09
8.968756759007174e-10
9.9459616181939e-09
0.0
0.0
1.9429292182502346e-08
0.0
0.0
-6.602791230436722e-16
0.0
0.0
9.990325214601157e-09
1.998066122526676e-08
9.228215153744641e-10
0.0
0.0
1.6090022589798684e-08
2.0763496790164208e-10
0.0
6.820369443351061e-12
9.86187966809663e-09
0.0
0.0
0.0
-9.644230647702819e-09
0.0
9.644232323770957e-09
0.0
0.0
1.1785662789864053e-16
9.704785775373941e-09
8.759734446101187e-06
8.75973444610119e-06
0.0
8.768936589022038e-09
8.328344219466139e-08
6.273984147902572e-09
0.0
0.0
9.99054778862157e-09
0.0
1.9557563433731372e-08
9.847426059623695e-09
9.84742580447534e-09
0.0
0.0
9.959664426517634e-09
8.944177217923294e-10
1.0842021724855044e-17
0.0
3.018114114183845e-08
1.992684304596821e-08
9.965722125456454e-09
0.0
2.1074740618659593e-09
0.0
0.0
0.0
0.0
8.430095880976174e-09
0.0
0.0
1.2445190279531486e-09
0.0
0.0
1.5415135476572668e-08
0.0
1.2609477816815586e-09
0.0
1.718018493688262e-10
0.0
1.0393589043956584e-11
0.0
0.0
0.0
1.7242499210938638e-09
0.0
0.0
0.0
0.0
0.0
0.0
0.0
0.0
0.0
0.0
0.0
0.0
-1.3723122033292108e-07
-1.1899043730062804e-07
-1.0914477576670132e-07
-1.178555059482827e-07
-1.0981589377515727e-07
-1.0441324776316874e-07
-5.557801442263304e-08
-2.9634462699523398e-09
1.5557622871304843e-08
0.0
0.0
0.0
0.0
0.0
0.0
0.0
0.0002003591746761938
0.0
0.0
5.583859563361628e-09
0.0
7.445731520018456e-08
2.374610133913619e-08
7.771102620186365e-10
3.679483306541768e-09
0.0
9.664587646233264e-09
9.664587639359366e-09
0.00010052492407594464
0.0
9.941993057077092e-09
9.941992916429054e-09
0.0
0.0
2.538571973802924e-08
0.0
4.119307002038697e-08
0.0
5.412857940475972e-05
0.0
0.0
0.0
0.0
0.0
0.0
0.0
9.371796965457322e-08
4.480564530473628e-06
9.787587428314648e-09
8.950039462701027e-09
0.0
2.7828586282965204e-08
4.55316872053289e-09
2.1991524281061337e-08
1.2030113041503892e-08
0.0
9.620164684693328e-08
0.0
1.0702789681582405e-09
0.0
0.0
4.345806101532611e-09
6.297714024807736e-10
9.688740859733688e-09
0.0
6.167678771322904e-07
6.173332938053055e-07
0.0
9.831697307845222e-09
9.831697466166757e-09
7.686285449015274e-10
0.0
2.4628928847476923e-06
0.0
0.0
0.0
3.6794830947288643e-09
9.855900467352573e-09
0.0
0.0
7.105632134742499e-10
1.1997122952126306e-06
0.0
0.0
0.0
0.0
0.0
0.0
0.0
0.0
3.309442671104708e-09
0.0
0.0
0.0
0.0
0.0
0.0
6.880137777907806e-08
0.0
-1.213892610256275e-06
0.0
1.500969610680691e-08
0.0
0.0
0.0
0.0
0.0
0.0
2.4536363666449406e-10
0.0
2.3525965252393114e-08
3.419899146289831e-08
3.8485020835598734e-08
2.9151289703774573e-08
3.419899149234411e-08
2.915128974803704e-08
1.9885700001470324e-08
0.0
0.0
1.718606859229483e-09
1.7186068596572962e-09
1.7186068544807178e-09
0.0
1.718606849329426e-09
3.0342687853176735e-07
8.060220705702019e-08
0.0
1.6117584681790283e-07
9.929105427709185e-09
0.0
0.0
0.0
0.0
0.0
0.0
0.0
0.0
2.876694172204196e-06
0.0
0.0
-1.59690202382989e-06
4.0501439155818605e-06
1.2577522632580797e-07
0.00020465046842059798
7.5667815721407e-09
1.990166696025364e-08
8.950160250964941e-10
1.9901666903679554e-08
9.939930641209792e-09
8.738175564250731e-10
9.449255123153422e-09
3.9736439551856624e-10
0.0
7.566781380699592e-09
0.0
4.04602166941503e-06
0.0
7.686279304422566e-10
9.831697149118024e-09
0.00015578677528049496
1.7907444136896603e-08
0.0
9.903115414408407e-09
7.891066640550274e-09
1.7088058744694052e-08
0.0
0.0
0.0
-1.3830161056259307e-08
-9.966498300967037e-09
1.1675663021094565e-08
0.0
1.349519423041855e-08
0.0
0.0
3.4770741941845824e-09
0.0
0.0
0.0
0.0
9.014502453627157e-10
8.066479238648912e-09
0.0
0.0
8.814248523065893e-08
0.0
8.942299840811631e-10
0.0
9.04909454730566e-10
9.71628949290371e-09
9.966102609837435e-09
0.0
9.951832776150353e-09
0.0
0.0
0.0
4.64624023328152e-07
3.507085377085129e-07
0.0
9.932902954851747e-09
9.932902944598254e-09
1.959939451081873e-08
9.623160387908086e-09
0.0
0.0
7.873413600540533e-09
4.899341756166055e-09
7.873413502267049e-09
7.873413409745805e-09
4.8993416477076355e-09
0.0
-7.325633354972527e-10
-9.794576631737196e-09
1.0231894927659275e-08
1.887611487991026e-10
9.912599527067665e-09
0.0
6.9782641137127755e-09
0.0
7.526117447136105e-09
0.0
1.5162568830588482e-07
0.0
0.0
-2.941418774272676e-08
9.948773959063496e-09
9.948773726608899e-09
9.281879324793652e-09
2.3510016874619145e-10
0.00020443649618136607
0.0
0.0
5.9570404165043556e-15
0.0
0.0
0.0
2.0918751878528624e-08
0.0
0.0
1.4318079357316936e-09
3.216753090896916e-07
-5.32795638250924e-10
0.0
0.0
0.0
-1.0817965989153022e-16
4.0654518905780535e-06
-6.817147611316182e-08
3.9274956843843843e-07
-1.1102230246251565e-16
1.0812590287722575e-06
1.0908073260346152e-06
4.934462496417174e-10
4.7893357633093325e-06
3.8837901348569844e-07
0.0
9.480198203711786e-09
9.48019817701806e-09
9.480198182032495e-09
5.176173180515452e-06
0.0
0.0
0.0
8.257097126199945e-10
-9.31168019226809e-09
-2.9181158239907808e-08
1.9575933303168013e-07
0.00010014497571868278
1.971132447411199e-09
1.1771112694084797e-05
8.963314385510876e-05
4.370555031416136e-09
5.1761731796747565e-06
9.581391062613081e-07
0.0
1.9229822624767823e-08
9.000707337064341e-10
0.0
0.0
-1.7706324029324622e-08
0.0
1.869874051165881e-06
-3.49380908680852e-06
7.372196238577849e-07
0.0
0.0
6.880093230684555e-10
0.0
0.0
0.0
0.0
5.336602332782492e-08
0.0
8.93508595483077e-10
9.742848233697398e-08
-7.296269556569827e-09
-1.648567224377638e-08
3.885850458907388e-05
0.0
0.0
-1.921115246796153e-08
1.1675663560969825e-08
8.388096178399342e-10
0.0
7.493802897345713e-08
9.95169304106067e-09
-1.2687586221879656e-07
-1.268758622395387e-07
0.0
0.0
0.0
0.0
0.0
0.0
1.391175744047679e-08
0.0
0.0
0.0
0.0
7.844516211750347e-09
9.84268620426998e-09
4.2104612320061114e-08
0.0
4.135959588130508e-06
0.0
0.0
2.9411245395052066e-07
-2.6544197237222707e-07
0.0
6.412773864253575e-10
0.0
0.0
0.0
0.0
8.481166692872878e-08
0.0
9.234134282049251e-10
1.4803744934114979e-06
1.110248025968733e-06
0.0
1.4055342778539792e-15
0.0
1.8343776311241406e-08
5.071121398362422e-08
1.3905674831954178e-08
0.0
1.467106887690814e-08
4.7073408316248226e-08
0.0
9.716289725200433e-09
2.4981307969985287e-10
2.06520564328137e-10
0.0
1.6403035986606384e-07
3.996309463390127e-08
9.228786693480692e-10
1.3498385111739317e-08
1.3498384250491132e-08
9.990543993216444e-09
-1.930148989530596e-08
0.0
2.0134650658010033e-08
0.0
0.0
9.099665729146861e-10
0.0
0.0
0.0
7.446192023219943e-12
0.0
0.0
0.0
0.0
0.0
0.0
2.4196422392754867e-08
9.98760317071773e-09
-5.052356875556431e-09
-2.6398077922755906e-10
0.0
1.9869478043430447e-08
-2.9605289469936125e-08
-0.0005190564529104267
-0.0005198740668352993
0.0
7.010760088058776e-08
-6.069271666523231e-08
0.0
7.851377574784079e-09
-1.467198226700792e-07
-1.2846711822697525e-07
-1.0914476978651742e-07
-1.2733137113667386e-07
-1.0981588774830863e-07
-1.0441324171906689e-07
-5.55780083611704e-08
0.0
1.995602831220784e-08
3.5877620173300477e-11
9.957499400201043e-09
9.957499282477439e-09
0.0
2.9252197767198192e-08
0.0
2.9519720623832714e-08
9.97087264504317e-09
0.0
0.0
0.0
0.0
0.0
0.0
0.0
0.0
5.722302233625766e-07
1.1413132199190834e-08
4.5934143719501796e-08
1.9744618555888943e-08
0.0
9.868077253231489e-09
0.0
0.0
0.0
0.0
0.0
8.447054816622623e-09
0.0
1.985894648804791e-08
9.957499985550498e-09
0.0
2.1057663568748032e-13
0.0
9.78709256224297e-09
2.981644647964817e-08
0.0
1.9858946369437068e-08
8.47624590513713e-10
9.912984405557879e-09
-3.4634572633801245e-07
3.654045643306541e-07
0.0
2.820059482287751e-08
0.0
0.0
0.0
2.298946506451239e-07
9.85310347851806e-09
4.500309148999877e-06
1.340393457892091e-07
0.0
0.0
3.403787957351889e-08
0.0
9.184135735170421e-10
9.184140513144554e-10
-4.6467370683929096e-05
0.0
0.0
5.273908779372497e-09
0.0
5.2739091834667744e-09
5.273909556788795e-09
0.00015552007523078387
-1.0906232600028438e-06
1.0947924366125841e-06
0.0
0.0
0.0
-4.87134837177963e-07
4.789108816563383e-07
7.50997976498215e-10
7.509979299092757e-10
0.0
0.0
0.0
9.892378041828805e-09
6.506594877787346e-19
3.1437099671683026e-08
-2.7272062235443205e-08
4.165037436145748e-09
8.715274972136058e-09
0.0
9.989108701091492e-09
0.002059089935094359
0.0020590885666112524
-1.3684830973086483e-09
0.0
2.9070350933566005e-07
6.527144487709285e-09
-1.0708610751896001e-08
5.4082570443478405e-09
5.4082570443478405e-09
9.221194810623506e-10
9.025323160025952e-10
1.186631958687975e-08
0.0
4.5192732471858663e-10
0.0
0.0
0.0
0.0
8.80815881865389e-09
8.808158745599092e-09
9.888756118646425e-09
-9.89237783467165e-09
0.0
0.0
0.0
0.0
0.0
9.556281228529236e-09
7.371006727316959e-08
5.531599416077062e-10
7.80713861165856e-08
-3.8081589018055064e-09
0.0
0.0
-1.0164985429832142e-07
-1.0164985431135895e-07
1.8909870689008198e-08
1.9822954889283824e-08
0.0
1.0763208805851264e-08
9.128199541588106e-10
9.980048754333962e-09
9.977904588556828e-09
9.977904960036888e-09
0.0
5.231765228633384e-08
3.072116319455591e-08
8.195097889935887e-08
0.0
-9.881955587154323e-09
0.0
9.945326415894016e-09
1.0186067193903829e-08
3.9270644212327245e-06
0.0
0.0
1.1520481125273913e-17
0.0
1.3222789614544123e-09
0.0
4.135959587288686e-06
0.0
0.0
0.0
0.0
0.0
0.0
9.354645727269368e-09
1.947518311504286e-08
9.708997537785437e-09
0.0
-9.709007254361714e-09
0.0
1.7489657798882763e-09
1.3859633409039427e-08
0.0
1.5588406082251635e-08
4.7550398888664605e-09
0.0
0.0
9.119987739476306e-10
4.6749012075315105e-09
0.0
0.0
1.3313061300812956e-08
3.0579200264531253e-09
0.0
3.869027216957457e-09
3.041386694616743e-09
0.0
0.0
0.0
1.2580207821145278e-11
0.0
0.0
0.0
0.0
0.0
0.0
0.0
0.0
1.6328326893538413e-09
0.0
3.9593713874587435e-09
9.83986111925921e-09
0.0
5.65151816242657e-09
8.660871608856698e-09
0.0
9.809254200585437e-09
0.0
0.0
9.661286107228088e-09
0.0
0.0
4.8142840235208365e-09
0.0
5.713803681296767e-08
0.0
1.0154957706383161e-08
0.0
1.5073245188717544e-09
1.658735028904959e-09
0.0
1.3518085692300838e-08
2.348648075489857e-08
0.0
1.0344616967317824e-08
3.2214798962800794e-08
-1.0333205423730223e-08
0.0
3.9845817362880855e-17
0.0
1.959667248918451e-05
1.9614913307590545e-05
-1.8952770808414466e-08
9.925111635929146e-09
9.925111527551681e-09
9.925111419143914e-09
9.658458793274267e-09
1.3319180805609924e-07
0.0
0.0
0.0
-9.603619654727225e-09
5.124068056088898e-08
-1.8344700758454735e-16
1.3012112729978316e-08
9.989746139049766e-09
9.985972007237162e-09
9.985971538224868e-09
9.967974970092018e-09
9.967974685891385e-09
9.980351328419406e-09
9.980350940229138e-09
9.960810550185246e-09
0.0
9.96081005494525e-09
7.97690050787125e-06
0.0
7.966260332164923e-06
9.78833181522476e-09
1.1670797633439652e-08
2.5427368413223022e-09
9.954054944527166e-09
8.875482812379686e-10
0.0
9.94614011916022e-09
9.946140095773784e-09
9.946140277398594e-09
0.0
-8.249098291266885e-09
1.2089927345424834e-08
1.2089927594910888e-08
1.2089927217221016e-08
0.0
4.384342368270095e-16
1.6634849619988794e-08
0.0
1.0475189599134804e-08
0.0
1.0475190119114894e-08
0.0
0.0
0.0
6.327955213964322e-10
2.568693728894198e-08
9.964727036802302e-10
1.04819194514199e-08
0.00016020820392594762
0.0
0.0
9.39738832344581e-09
7.857882460545095e-09
2.1055865605332043e-09
2.1060961979929397e-09
6.604881742976833e-06
6.594969143840659e-06
9.9125987418347e-09
9.871560678150449e-09
9.87152893954478e-09
2.107043169910852e-09
0.0
0.0
0.0
0.0
0.0
0.0
8.163816156002617e-10
8.163815605520888e-10
5.7360942908620186e-11
0.0
0.0
0.0
0.0
0.0
0.0
-4.555885645629587e-06
0.0
4.565543452629168e-06
0.0
0.0
5.752635046176799e-17
2.9722232914517035e-09
2.3330299578055297e-06
2.333029957805639e-06
9.970613644031836e-09
2.5680888161663594e-08
0.0
0.0
0.0
0.0
0.0
5.993068828956832e-11
4.9913725525656016e-08
3.007286615750181e-08
0.0
0.0
0.0
0.0
9.169778350207598e-09
0.0
1.0481919989263775e-08
2.562884807330298e-08
1.835982882267215e-08
7.634347862163406e-08
0.0
0.0
0.0
0.0
0.0032099748288865635
0.0011979924586078402
0.0
9.658458661523171e-09
6.003695727226068e-10
1.3757505023596356e-10
0.0020119823567911004
-1.3487623344576871e-11
0.0
0.0
0.0
0.0
0.0
0.0
0.0
0.0
0.0
8.768936834244383e-09
-4.34845958368297e-06
0.0
0.0
1.0475189085722509e-08
0.0
0.0
5.144323522574771e-08
0.0
0.0
0.0
4.0672168017700724e-06
4.0672168015458594e-06
0.0
1.9429292213030638e-08
2.0169679934444082e-16
9.972439685978509e-09
9.054222327253586e-10
0.0
0.0
0.0
0.0
0.0
0.0
0.0006888119553995005
0.0002029987756983137
0.0
1.5185956839488784e-06
6.447539419977714e-08
0.0
0.0
0.0
0.0
6.448433940571368e-08
0.0
0.00013234560631294188
0.0
0.0
2.1231764719371471e-07
1.9681537199927315e-06
0.0
0.0
1.1311535839668061e-07
0.0
-8.23520633971294e-09
0.0
0.0
-8.983020328458269e-09
0.0
-2.440334511084885e-06
-2.338568945352428e-06
0.0
0.0
2.3657937603410758e-05
-6.298890012010339e-12
2.3659136248804826e-05
0.0
0.0
1.0081071342268356e-08
0.0
8.988151032254157e-10
9.080184378218814e-09
9.97899685657006e-09
0.0
-9.625983172096555e-09
0.0
0.0
-3.053350766811545e-08
9.957647956193583e-09
2.931953557667545e-08
0.0
0.0
2.9965500554082934e-08
0.0
9.966653167158522e-09
0.0
2.4301808653778982e-08
-9.324451556366742e-09
0.0
9.958129603393191e-09
8.915097211345489e-10
0.0
0.0
9.988632653707758e-09
2.1625362096623904e-07
9.989109303111317e-09
0.0
9.990325754954432e-09
9.961120854034807e-09
0.0
5.98669777486052e-08
0.0
9.980634225181682e-09
9.06995966715743e-09
9.976246722895446e-09
1.4672737971362995e-06
9.959664473962993e-09
6.426270249584354e-10
9.992070757125644e-09
0.0
9.990779899925699e-09
0.0
9.991567253378288e-09
1.0129356776532019e-07
9.990944395456076e-09
7.026498080956489e-06
0.0
0.0
0.0
0.0
0.0
0.0
0.0
0.0
0.0
0.0
0.0
0.0
0.0
0.0
2.2547106799929608e-09
0.0
0.0
0.0
0.0
0.0
0.0
6.879939150318808e-08
0.0
0.0
0.0
0.0
0.0
0.0
0.0
0.0
0.0
0.0
0.0
0.0005267058020005646
0.000526375185462391
0.0
2.0696486941205497e-10
0.0
9.972710294842863e-09
9.974188056402077e-09
0.0
5.370339117908004e-11
0.0
0.0
0.0
0.0
-2.1712657782835265e-09
2.4765792486544854e-11
1.5818964957438934e-11
0.0
3.3803219221252975e-09
0.0
0.0
9.745215381046274e-09
0.0
2.98164464778618e-08
3.1430876430722435e-11
3.3912986828987974e-09
0.0
0.0
0.0
0.0
2.659773622106724e-08
0.0
9.122163100149674e-10
1.4518089731740725e-10
0.0
9.818468123278835e-09
3.977770157641592e-09
4.901424631846e-17
1.9956045826153672e-08
1.9956039990737373e-08
1.4654633593568386e-08
0.0
0.0
0.0
0.0
9.312180240085305e-09
0.0
0.0
0.0
1.9956063135317947e-08
9.087897381786191e-10
1.9956057502246285e-08
1.995606333959271e-08
8.768936333240293e-09
9.395432301668074e-12
0.0
5.207890479575835e-10
0.0
9.379811114881287e-09
0.0
4.945742366442634e-08
0.0
4.862896991398763e-10
0.0
0.0
0.0
1.449380853141518e-09
8.338191114496166e-10
7.706409235605875e-09
9.808097701772007e-09
0.0
1.7602542600524656e-08
0.0
0.00020498518921267315
7.425857255883073e-09
0.0
0.0
0.0
0.0
0.0
4.165078766166565e-08
0.0
3.6379108765604276e-09
0.0
1.195332582022028e-07
9.980159731851352e-09
9.129280380892985e-10
0.0
0.0
0.0
6.08918519291709e-07
6.97826461178667e-09
6.26925000631837e-07
0.0
0.0
0.0
0.0
0.0
0.0
0.0
2.0118434624544517e-09
7.507655754783286e-09
4.047727693213658e-06
0.00010026427868115292
-0.00020443649618329118
3.6026594146084413e-07
3.5813836806949545e-17
-0.0002003788444774994
3.1057776310368133e-11
0.0
0.0
0.0
0.0
0.0
0.0
0.0
3.857104481090056e-09
0.0
8.410419845112115e-09
0.0
0.0
0.0
3.5082497339227916e-09
0.0
5.5159970962854035e-09
0.0
4.6389452242683394e-09
0.0
1.1936110258676812e-08
0.0
0.0
1.4355950787244102e-09
0.0
0.0
0.0
0.0
4.714191836643372e-09
0.0
0.0
8.031339075129354e-10
1.1613328056755886e-18
6.214990941458059e-09
6.214991188357999e-09
9.970613625334906e-09
-1.319060481284537e-07
-5.929748700117291e-07
2.866684203540047e-09
0.0
0.0
0.0
0.0
0.0
0.0
0.0
0.0
0.0
5.1222043433903563e-08
0.0
0.0
0.0
1.388280985481928e-07
0.0
0.0
2.9499268018379786e-10
1.4185162329387914e-08
0.0
0.0
1.3606832534987747e-08
1.7489655021273996e-09
1.3859633243521938e-08
0.0
1.5588405955251346e-08
4.7550396196785635e-09
0.0
0.0
9.119991592426607e-10
4.674901442664994e-09
0.0
0.0
1.3313061717245516e-08
3.0579197266620172e-09
0.0
3.8690282870348634e-09
3.041387873894293e-09
0.0
0.0
0.0
1.2580594227405837e-11
0.0
-2.0918748377604657e-08
0.0
0.0
7.874644892566433e-08
0.0
0.0
-8.779933238968083e-09
5.144323529144522e-08
-1.8270573745499053e-08
0.0
6.6445125265253286e-06
0.0
0.0003091359486747776
9.911564470099603e-09
-9.911564476496396e-09
9.848847634972108e-09
9.84884762362647e-09
0.0
0.0
0.0
3.5604610954036936e-07
0.0
0.0
1.737752198641997e-08
-0.00016354223552141403
-3.4379901954970093e-06
7.384961041850117e-08
0.0
1.4976964304313038e-08
0.0
0.0
8.680342164385896e-09
9.945961507432494e-09
9.945961387813895e-09
9.945961271153742e-09
0.0
9.90737891417131e-09
9.907378920081047e-09
-8.78022237045268e-09
0.0
0.0
0.0
1.1444583090001412e-09
0.0
0.0
-9.859737915007827e-09
1.4445718855247468e-08
9.975800933280585e-09
9.975800478905015e-09
0.0
0.0
-0.000248621382456141
0.000248641143080879
9.961610682492756e-09
-3.218537868287126e-06
9.96173614109568e-09
8.950159070944525e-10
-9.953963988942183e-09
7.35911785339488e-09
0.0
5.152614435673019e-08
0.0
1.2369581750743098e-08
0.0
0.0
4.047727693342154e-06
8.474886061133822e-10
4.0477276936089055e-06
9.912844655714036e-09
7.35911904168519e-09
0.0
5.152614273026525e-08
0.0
1.2369582774668143e-08
0.0
0.0
0.00030913594867477197
7.0776268332282805e-06
9.929846887721282e-09
0.0
-2.8996477775301843e-08
8.281357356749593e-08
3.786037251809863e-09
3.519212151036612e-08
9.98168059318516e-09
-6.79793004921774e-08
2.9916402803707547e-08
-2.2537761432241124e-08
3.06513417418382e-09
6.297470161098148e-08
9.560325559259276e-09
-1.4723015388014987e-08
0.0
0.0
9.805671321520392e-09
9.805436998393937e-09
2.526253091168568e-07
0.0
5.961192384986921e-11
5.960894751688951e-11
2.603228127083635e-07
0.0
0.0
0.0
-8.636081135156268e-08
5.144323527604768e-08
9.445416379594285e-09
9.44541637265539e-09
9.707790746219485e-09
0.0
0.0
-4.72785444284975e-11
0.0
0.0
3.290628325646755e-06
3.290628325538719e-06
0.0
9.900216170847902e-09
9.900216063045978e-09
0.0
0.0
0.0
5.495575629623395e-07
0.0
2.7366596883917314e-08
1.9956051664458963e-08
-9.319858308478647e-09
0.0
0.0
1.9429292137953353e-08
1.9722043748217816e-08
9.821827466355987e-09
9.91967307774344e-09
9.919673236599728e-09
8.541256142026508e-10
9.91967291903539e-09
9.919673393984885e-09
0.0
1.3885495500578112e-08
0.0
2.242343971708001e-09
0.0
0.0
1.5502518724443935e-08
0.0
0.0
0.0
0.0
0.0
1.2444637736183725e-06
-2.4589502989336154e-07
0.0
0.0
3.6306582687420567e-09
4.430006136716357e-09
0.0
4.430006520991768e-09
4.430006889464091e-09
0.0
0.0
2.008813870138011e-10
3.071210550020047e-16
0.0
0.0
0.0
7.038814849652673e-09
0.0
9.903651582035631e-09
0.0
0.0
0.0
0.0
0.0
0.0
-9.341240365787527e-09
0.0
1.3402876495855203e-11
-9.915307175138721e-09
-4.747060202210145e-09
0.0
0.0
0.0
0.0
0.0
0.0
-2.9057799845770213e-08
4.345806961710061e-09
0.0
0.0
1.3401834220377151e-11
0.0
0.0
-9.944768648504815e-09
0.0
0.0
0.0
-9.194836298603848e-12
2.9263006821482766e-10
9.341237893851028e-09
-1.4224732503009818e-16
0.0
-8.902478629280175e-09
1.9571769851273135e-08
9.935849180247366e-09
0.0
0.0
0.0
0.0
0.0
9.822757669752935e-09
0.0
0.0
0.0
0.0
1.962417644203299e-06
0.0
1.3399010479301113e-11
1.3400543009721177e-11
0.0
7.900193531852983e-08
7.131680724701509e-08
9.603227751339228e-09
0.0003605925479197642
0.0
0.0
-0.00015382201279805528
8.632942013380708e-10
0.0
9.929105169421735e-09
0.0
0.0
0.0
0.0
-8.465333120185009e-09
-1.5399531248571968e-08
8.689900978525563e-09
0.0
-3.163559831831705e-10
-9.832867496229805e-09
-9.832867496303074e-09
0.0
0.0
0.0
-8.036841211179731e-10
-8.902478629217495e-09
0.0
0.0
0.0
0.0
0.0
0.0
0.0
5.927100508650423e-09
4.063446844076309e-09
6.9782650768956955e-09
0.0
0.0
2.876694172090865e-06
0.0
5.37444346867263e-09
5.37444346867263e-09
8.844760286904712e-10
9.92001841147306e-09
8.54566742461003e-10
3.4670990256394617e-05
3.2649144123019356e-08
0.0
0.0
8.640151276102904e-10
0.0
0.0
6.589697814271959e-09
0.0
0.0
6.280141950584836e-10
9.936804731884531e-09
1.0560439375878915e-08
-1.477802647014631e-09
0.0
6.262889263517195e-07
6.476838590660505e-07
0.0
1.9116177858381902e-08
7.997346377541709e-09
0.0
9.786104211272767e-09
-9.786104217348323e-09
1.476623916925347e-06
3.617387416372663e-09
0.0
9.919910224043978e-09
0.0
0.0
0.00010190885427920938
5.801911577181847e-15
0.0
0.0
1.4457258818961335e-07
1.4207845419704767e-07
1.4457258839689533e-07
1.6721092939983753e-08
0.0
9.923499176903161e-09
-8.440463518757414e-09
0.0
0.0
1.7767067262247367e-10
0.0
9.877119566681358e-09
8.127671722262166e-10
-2.5878821050673764e-07
0.0
8.902477975506265e-09
9.936427222911051e-09
9.966080403197838e-09
-9.32445443015302e-09
0.0
0.0
0.0
9.920343964388832e-09
0.0
9.920343965615587e-09
9.935346761255197e-09
9.935348543876898e-09
-1.4976964035180393e-08
5.941103828860613e-17
-2.7618540595754988e-08
-3.755388723949982e-08
1.075537714897253e-13
0.0
0.0
9.976765403316731e-09
9.986592944830676e-09
9.986592761025617e-09
0.0
0.0
0.0
7.706406076600227e-09
0.0
7.700299852341565e-09
0.0
0.0
7.706406383939367e-09
7.840884521588e-09
1.5170317401846183e-10
1.7347713995174797e-09
1.116327785798069e-08
9.976765288015983e-09
-1.1756710648334875e-09
0.0
9.97623412570537e-09
9.976234010547133e-09
1.892820699051914e-08
1.8928206756252676e-08
9.118402770827798e-10
9.974266608905621e-09
9.071983390807984e-10
9.710313332306177e-09
9.979040960486362e-09
1.1578171047874817e-09
2.555883125498216e-07
7.70640857587527e-09
0.0
1.89282056049958e-08
1.891598225144112e-08
0.0
2.7087901652363702e-08
2.7087901189863483e-08
-1.7382480041616255e-08
9.974077579927667e-09
1.8922093627322274e-08
1.8928204748911074e-08
0.0
0.0
0.0
0.0
5.1443235312434235e-08
0.01165773806058929
-0.011657872140300896
-1.340797116222269e-07
3.97776995725377e-09
-2.6422481980148405e-08
-2.6422481997456676e-08
2.4959288288924576e-07
1.6330166866372255e-07
0.0
2.0473447709480543e-07
-1.0551689657614917e-07
8.816474975591605e-10
0.0
8.737998601071606e-08
6.932459563884274e-17
0.0
1.9615648324631944e-08
9.863777093233658e-09
5.97608608981479e-08
0.0
2.9385598877648166e-08
2.4959288240267335e-07
0.0
9.164227081651739e-10
1.9308123689541464e-08
9.9886320543475e-09
0.0
2.6133268391047414e-08
1.074805348645401e-08
9.98791355794526e-09
0.0
3.646309941504598e-08
2.1424148113453567e-09
1.9829317542112866e-08
9.904205797784784e-09
9.904205689305681e-09
0.0
1.1613369119552165e-08
0.0
0.0
3.874189153459515e-08
3.862292397970755e-08
0.0
0.0
