0
0.0
0.0
0.0
0.0
1.8654194994631e-08
2.062232671900338e-07
0.0
0.0
0.0
0.0
0.0
1.3087785556919048e-08
0.0
0.0
0.0
0.0
0.0
9.914011683734237e-09
0.0
8.949684538510394e-09
0.0
0.0
0.0
0.0
2.0251712995198788e-07
0.0
0.0
0.0
8.995669679077996e-09
0.0
0.0
0.0
0.0
0.0
0.0
5.386084399833405e-05
0.0
0.0
3.959666378515094e-09
5.932080471023844e-09
0.0
0.0
0.0
0.0
0.0
7.1531178556097585e-09
0.0
0.0
0.0
0.0
0.0
0.0
0.0
4.2448326958014196e-11
0.0
0.0
0.0
9.816147144277738e-09
0.0
0.0
0.0
7.821620627239357e-09
0.0
0.0
9.15194899156628e-09
0.0
6.482836107767447e-10
0.0
0.0
0.0
0.0
1.1908056536798461e-08
0.0
1.0155244120667664e-10
7.022693437021204e-13
9.936123794657896e-09
0.0
2.8651304275272083e-08
1.9387324731156846e-08
0.0
0.0
0.0
0.0
0.0
0.00010146555420172941
0.0
1.871231567398286e-09
1.645678174585543e-10
7.566032342104745e-10
0.0
0.0
4.295125150262678e-09
0.0
5.776413212042082e-09
-5.762589461166812e-09
0.0
0.0
0.0
0.0
0.0
0.0
0.0
9.81327687010422e-09
0.0
0.0
2.3846773952324127e-09
0.0
0.0
2.6761628785315184e-05
0.0
0.0
9.870099094715353e-09
0.0
0.0
0.0
0.0
0.0
0.0
0.0
0.0
4.087753859225124e-09
0.0
0.0
0.0
0.0
0.0
0.0
0.0
0.0
2.3409482120980534e-09
9.650687234873461e-09
0.0
9.850876978995617e-09
0.0
0.0
0.0
9.287139006019284e-09
1.1482350341235087e-07
0.0
8.355993303420547e-09
0.0
8.16355825210063e-09
0.0
0.0
1.5172388338254445e-08
0.0
0.0
0.0
0.0
0.0
5.652060340341344e-09
5.7995187709114114e-08
0.0
0.0
2.3990660214387653e-10
4.117931379928425e-09
6.301075905169249e-09
0.0
3.537432183273272e-09
0.0
0.0
2.3179374489350445e-15
9.856952413752998e-09
-4.899156532436541e-05
8.95360029650792e-09
0.0
0.0
1.980057020272609e-08
0.0
0.0
0.0
0.0
0.0
0.0
1.8836125832638778e-08
0.0
0.0
2.9528751568006844e-07
0.0
0.0
0.0
0.0
0.0
0.0
5.729207069682732e-05
0.0
9.56137964138971e-05
2.7898937494877637e-08
2.3878610399887586e-08
0.0
0.0
0.0
0.0
0.0
0.0
0.0
3.145564100635989e-08
0.0
3.5272156388802213e-10
0.0
0.0
1.92237805736994e-09
0.0
0.0
0.0
3.808171559452518e-09
1.5958530751085264e-08
4.225315470330059e-06
0.0
0.0
2.8201859424144934e-08
1.2010428282145823e-08
0.0
9.51892403951506e-09
0.0
0.0
0.0
9.951657730817718e-08
0.0
0.0
0.0
6.62860820149449e-09
0.0
9.89256251959181e-09
0.0
0.0
0.0
0.0
0.0
4.473617491638667e-09
0.0
0.0
1.6925073589318515e-10
1.5222532455981814e-19
9.844503330474462e-09
9.588446907594285e-09
0.0
9.786562271647324e-09
2.6430238386359754e-12
9.329091265513518e-09
0.0
0.0
7.049099334160653e-11
2.4091147167530783e-06
6.298910791422601e-12
0.0
0.0
0.0
0.0
0.0
1.5940109186954286e-11
-0.00010210110107987883
0.0
0.0
0.0
8.791543796890104e-09
8.624189865839662e-09
0.0
0.0
0.0
0.0
0.0
3.756539844318949e-07
0.0
0.0
0.0
0.0
9.380548629745764e-09
0.0
0.0
0.0
0.0
0.0
0.0
9.877966846133848e-09
4.937498084528278e-10
6.51893286073613e-07
4.4223993917613335e-12
8.803957829912923e-09
0.0
2.5759327631998995e-10
0.0
0.0
-5.37353395206798e-10
0.0
0.0
7.074417398606163e-11
5.373531273144088e-10
0.0
1.7225705800821085e-09
3.8823525123909963e-10
0.0
0.0
0.0
0.0
0.0
9.633321334761606e-09
9.769613101512988e-09
1.7225705801248067e-09
0.0
0.0
0.0
1.0375737453961667e-08
0.0
9.852800401804609e-09
0.0
0.0
0.0
0.0
0.0
0.0
0.0
-1.4548556586876926e-14
0.0
3.596152606632798e-08
0.0
0.0
0.0
0.0
0.0
0.0
0.0
0.0
2.476914541862932e-08
0.0
0.0
0.0
0.0
0.0
9.377793137486442e-09
0.0
6.648850307128251e-12
0.0
0.0
0.0
0.0
0.0
0.0
0.0
0.0
5.042171458352965e-09
9.632949217648363e-09
9.632949253969136e-09
5.868657016173308e-09
9.964768744137589e-09
9.969202509108087e-09
7.489219263986418e-10
7.585990284070742e-10
9.937855649484002e-09
9.561176380767657e-09
9.56117655968175e-09
9.937855413767486e-09
9.956782819637157e-09
9.969201998375543e-09
9.966671610462019e-09
-9.914011683704883e-09
0.0
0.0
0.0
0.0
0.0
0.0
0.0
8.93732789471512e-09
4.1231560312762476e-08
0.0
2.953435641201487e-09
0.0
0.0
0.0
0.0
0.0
0.0
0.0
0.0
0.0
0.0
0.0
0.0
0.0
0.0
0.0
7.035598076500715e-10
0.0
0.0
0.0
0.0
0.0
0.0
0.0
0.0
1.9861448441493466e-08
0.0
0.0
1.86243176336094e-08
4.519544074388809e-09
0.0
2.0251712992841802e-07
7.55687719351281e-10
9.962612304380671e-09
9.960967786913386e-09
0.0
0.0
0.0
6.486239754677293e-09
0.0
1.1768824947619785e-08
3.411163470298673e-10
0.0
0.0
0.0
0.0
0.0
9.943311237833746e-09
9.948526258749327e-09
-1.929545658354958e-07
2.0251712994165887e-07
0.0
1.9838273139272578e-08
1.991939481057897e-08
1.9932898015507282e-08
1.9927639714605393e-08
-9.46838679618552e-09
-6.186486752656181e-10
0.0
-8.559571940721777e-09
0.0
1.1768834768700887e-08
3.4112656660623145e-10
-7.915354957637201e-09
0.0
-5.396029792856591e-09
-5.396066503842003e-09
-5.396103181163328e-09
0.0
0.0
0.0
0.0
0.0
1.1768844600742156e-08
3.411367791208031e-10
0.0
0.0
0.0
0.0
1.9898565168088158e-08
0.0
7.468720538975494e-10
6.93765938096915e-10
8.949684532661062e-09
-8.995669677908102e-09
1.5858157038654992e-16
0.0
0.0
9.942033246944308e-09
7.653392254701543e-10
0.0
8.486582519411437e-09
8.486582528735576e-09
0.0
9.394424701812074e-09
0.0
-7.261685537430571e-10
3.7325280827652584e-08
0.0
7.319752336569637e-09
0.0
0.0
0.0
0.0
0.0
3.749414342576226e-09
0.0
0.0
5.86865681371912e-09
4.0961115262585275e-09
0.0
4.3404995667694346e-08
3.1494415917103815e-08
0.0
6.258176926387575e-10
9.390441135015368e-09
-7.003240986607219e-08
-6.102073458980201e-08
-1.0195721617151131e-07
-1.0667247123141806e-07
-1.1664969296378556e-07
-1.0108338127745537e-07
-8.617752991490086e-08
3.4786212786165616e-09
9.390441148629525e-09
1.9522588016383554e-10
4.806438804773328e-07
9.549237496852018e-09
3.5036176012430534e-10
0.0
0.0
0.0
1.6673450010125883e-08
3.959666415011077e-09
-5.932080465144889e-09
0.0
1.9485923374095528e-08
3.3562130175128893e-10
2.6730661724842533e-08
0.0
2.8122293586434413e-08
0.0
0.0
0.0
0.0
-5.381763764159686e-05
0.0
2.672748877770196e-08
0.0
8.62965701373273e-09
0.0
9.956165209697222e-09
9.956165267554269e-09
9.913579856238647e-09
9.913579975365136e-09
9.913579737258682e-09
6.064196330073796e-08
7.050157751651784e-08
9.244463846759387e-08
1.066724642054789e-07
1.1664968690983102e-07
1.1001964157742426e-07
4.535369142959348e-08
1.8437644789832258e-09
-8.797888995104586e-08
0.0
7.1531179965621e-09
9.894954864156369e-14
0.0
3.996272926725525e-08
3.996282819246355e-08
3.013909254318473e-10
9.174708606681235e-09
0.0
0.0
0.0
0.0
0.0
0.0
0.0
0.0
4.969976214951233e-10
0.0
-5.38531818986554e-05
0.0
-5.386084399833756e-05
0.0
0.0
0.0
1.266559591415403e-07
9.953772548115369e-09
7.459761048906388e-10
-4.783628891488973e-08
-7.263874184378689e-08
6.485811652068029e-10
0.0
9.810119535894753e-09
6.651139928931229e-08
0.0
0.0
4.7919630929982304e-08
7.579278690133213e-10
0.0
0.0
9.935195592222461e-09
9.93542952196155e-09
0.0
0.0
0.0
6.101941518732446e-08
-2.1404200330546463e-10
6.101941571341511e-08
1.1008301862098276e-07
1.0333496496410455e-08
0.0
0.0
1.0912710504142933e-08
0.0
0.0
0.0
0.0
3.5116600302177774e-08
1.5607193014278792e-08
0.0
0.0
2.476914542058499e-08
0.0
9.95176413422661e-09
9.039442695733883e-09
3.3220939745449365e-08
0.0
1.8952938856825662e-08
1.3971390151227292e-08
0.0
0.0
9.814104561249766e-09
0.0
1.8654294813633224e-08
-9.918750376591845e-09
0.0
2.140388664917392e-10
0.0
7.015610255827197e-10
9.908384600845814e-09
0.0
0.0
-2.643413990940902e-09
7.156189354753709e-10
2.4631941280064962e-08
-5.9433495629862033e-08
0.0
-4.514776500030848e-05
4.5271629291654885e-05
3.7461078931450814e-17
0.0
0.019284410279430664
-0.01935686764698243
7.247158854761337e-05
4.545879583569071e-09
0.0
0.0
1.0566296683191826e-08
0.0
0.0
9.230322827014247e-09
2.04843300715419e-09
0.0
-6.113226153388553e-10
2.5529088018477253e-07
2.552908805006631e-07
8.342252036950062e-09
8.342252364690827e-09
-9.816147894525784e-09
0.0
-9.816147144284986e-09
5.929409284805251e-09
0.0
0.0
0.0
0.0
3.240067967632591e-08
0.0
4.168098374552637e-08
0.0
6.979312546755452e-08
0.0
0.0
9.22183510958192e-09
9.913579623477598e-09
-9.509835190889748e-09
0.0
0.0
0.0
0.0
9.920791333365456e-09
7.541365995719612e-10
9.972775494304642e-09
1.6771323630310967e-08
0.0
0.0
0.0
0.0
0.0
0.0
0.0
4.0555867948976294e-17
1.852551672396822e-08
0.0
0.0
0.0
3.319380540574527e-09
8.736941930527318e-09
3.6833173073212396e-09
0.0
0.0
1.4850855965062353e-09
0.0
0.0
0.0
0.0
1.1308228659023811e-16
0.0
-7.821620646513382e-09
3.487275701914369e-09
8.85682641561765e-09
0.0
5.23441099262014e-09
1.438635998482441e-08
5.234411016589434e-09
5.2344109931020055e-09
5.234411003911572e-09
1.499733131361362e-18
1.5190455519053684e-18
0.0
-6.0739049094354406e-09
0.0
0.0
0.0
2.455366582912899e-08
0.0
3.023665695535204e-07
-9.915175652741581e-09
0.0
8.78271135787108e-17
0.0
2.7263985745176216e-07
9.954341733662859e-09
3.9037127523566806e-08
0.0
0.0
-6.482836129634005e-10
1.2070349519864499e-09
0.0
0.0
0.0
1.0259445668106215e-16
0.0
2.5796053429987033e-08
9.857030609599325e-09
0.0
0.0
0.0
0.0
-2.9616522876668942e-08
0.0
0.0
1.842926572824902e-08
0.0
0.0
5.645274692156477e-08
5.790727212920906e-17
0.0
5.7692617502606395e-08
0.0
0.0
-1.589665158614417e-08
6.50846849235638e-10
0.0
0.0
9.291957801067438e-09
0.0
1.0029171848278421e-08
0.0
0.00014917483825675174
0.0
-4.2448327405159025e-11
0.0
0.0
0.0
0.0
0.0
0.0
0.0
9.350770079643831e-09
9.509743429463265e-09
3.1176313749366626e-10
0.0
0.0
2.048433004775719e-09
0.0
-1.1908056536034895e-08
-2.663832435735268e-09
9.505257826081123e-15
5.21735360627616e-15
1.2863667965005822e-14
0.0
0.0
1.3087785494108364e-08
0.0
8.460837662522202e-09
-7.02102005006866e-13
0.0
0.0
0.0
0.0
-1.1507033859679792e-09
2.0251713001640185e-07
-2.161330302438702e-07
0.0
1.9264799802865112e-15
0.0
0.0
1.3552527156068805e-19
0.0
0.0
0.0
0.0
0.0
0.0
0.0
0.0
9.522168229714942e-16
2.803096641402756e-15
0.0
0.0
0.0
0.0
0.0
0.0
-2.865130427944697e-08
0.0
0.0
-1.9387324730893286e-08
0.0
9.031133908789775e-09
0.0
0.0
9.959338212236649e-09
7.514225919357597e-10
0.0
0.0
1.3140191283478496e-07
1.4130608948525905e-07
9.904176667822385e-09
0.0
7.489765363261537e-09
0.0
0.0
0.0
0.0
0.0
0.0
7.489765612694047e-09
-8.438359632193752e-09
-3.1527470608153085e-10
-6.105199146472055e-09
0.0
-9.873694608725496e-09
-9.763723418741016e-09
0.0
0.0
5.7220874904203713e-08
9.951664881047151e-09
1.1203700540031217e-07
1.2156340734423147e-07
-0.00010145577639466969
-0.0001007677686490488
0.0
2.1225411151733508e-07
-4.899152101795617e-13
2.0252188766578932e-07
1.6456714592170668e-10
1.645675938598211e-10
0.0
0.0
1.4710934298166474e-08
0.0
0.0
0.0
0.0
0.0
0.0
0.0
3.763762437098955e-15
0.0
3.488573822913277e-09
0.0
0.0
1.411260416251229e-08
0.0
-9.817486619338213e-09
0.0
0.0
8.72682724634309e-09
3.169235191805241e-06
-4.295124256259442e-09
0.0
-3.1779948097825924e-06
2.319377673763038e-15
3.1919493046456682e-06
0.0
3.9006233324312153e-10
7.104327117084942e-08
9.9040887253839e-09
6.973579138821774e-10
0.0
0.0
5.20786536679775e-10
0.0
3.1367052755160944e-08
1.634850040500152e-09
0.0
0.0
0.0
0.0
5.76258946029945e-09
0.0
9.909455728792348e-09
0.0
0.0
1.7225705801290026e-09
0.0
3.737554590722039e-09
3.737554670997996e-09
0.0
1.916729474112231e-09
1.2368723670290524e-08
1.9167297218544073e-09
0.0
0.0
0.0
0.0
1.8844518282921802e-16
0.0
0.0
4.145485702251651e-10
0.0
9.03082801441468e-06
1.537282251965371e-05
0.00017513459162534254
0.0
3.918307821826023e-09
3.508898672578142e-08
17.50639619600617
-17.50639615617629
9.958819047822337e-09
-4.2695039782943e-08
0.0
-4.215613996912502e-06
-4.215613996903367e-06
0.0
6.317844784599213e-08
-1.921467002520853e-07
1.9950596565555056e-08
7.668171993500418e-10
0.0
0.0
0.0
0.0
0.0
0.0
0.0
2.927472427912232e-08
9.868252332477512e-09
7.672678019337698e-10
9.561176201278133e-09
7.678924471156403e-10
-9.808379129727651e-09
0.0
-1.3087785525513619e-08
0.0
2.332847950297353e-08
0.0
0.0
7.0739994424977415e-09
0.0
0.0
0.0
0.0
0.0
9.959338047837503e-09
-6.08514971515612e-10
7.56027337009533e-10
0.0
1.1068434964439772e-08
1.9935286436305253e-08
9.97124305526772e-09
0.0
0.0
1.494684915986363e-10
9.34358568294158e-09
8.825789467600596e-09
0.0
0.0
-1.4141295289382856e-08
7.521852235847121e-10
1.9918275035710388e-08
7.502636226964851e-10
1.0566307837130259e-08
0.0
0.0
5.565478683859074e-06
-2.676162878531693e-05
-2.6761628785319097e-05
-6.336910296724853e-10
0.0
0.0
0.0
9.943311050157921e-09
0.0
0.0
-9.92275239267013e-09
0.0
9.477736365427405e-16
0.0
0.0
0.0
0.0
1.9065695203157595e-15
9.360090517153329e-09
0.0
0.0
9.926305929996992e-09
9.930324945402675e-09
0.0
0.0
1.865419505986195e-08
0.0
0.0
0.0
0.0
0.0
9.96519844420618e-09
1.9933197693769198e-08
7.599014464999161e-10
1.9415069873198848e-08
0.0
0.0
0.0
2.4675966395912863e-09
0.0
9.218880903991633e-09
1.971701031637466e-08
0.0
0.0
6.641018454237302e-10
1.0787811616230769e-17
-9.87009909470904e-09
0.0
0.0
0.0
8.94968461004949e-09
0.0
0.0
0.0
0.0
2.722566967782106e-07
8.995905626597256e-09
0.0
0.0
9.983151587755566e-09
0.0
9.196722260362103e-09
8.849698482522322e-09
8.849698630592623e-09
9.696710981771387e-09
-1.1317894560271485e-09
6.572824672062625e-10
7.530482305809254e-10
-1.6695358203561161e-16
0.0002492526260548201
2.2716980015897668e-08
1.991558523369551e-08
7.467715612612768e-10
0.0
0.0
0.0
2.477305702677697e-13
1.3906803627763428e-09
9.349856329962702e-09
0.0
0.0
0.0
0.0
0.0
0.0
1.6037687752796863e-08
0.0
0.0
1.4922616783655154e-08
0.0
0.0
1.0052405011764712e-08
1.8523338009938481e-09
0.0
9.982066763349938e-10
0.0
3.963238712034301e-09
0.0
1.6729478714199295e-10
0.0
1.8619021675359196e-09
0.0
0.0
0.0
0.0
0.0
0.0
0.0
-5.117526044395484e-08
-6.102072994201426e-08
-1.0195721150338399e-07
-1.066724665496819e-07
-1.1664968724289793e-07
-1.010833765564875e-07
-7.667892973779397e-08
-3.478616764432396e-09
1.1830646029826381e-06
1.1742388135263056e-06
0.0
0.0
0.0
0.0
0.0
0.0
4.984425687320788e-05
0.0
8.5603163351666e-09
0.0
0.0
1.1272869736790962e-07
3.230374288146348e-10
9.928163374750554e-09
6.983094630654233e-09
0.0
4.996547863823919e-09
0.0
3.2336949985483775e-05
0.0
9.83974948834415e-09
6.34410712301055e-10
1.5809284474306478e-10
0.0
0.0
0.0
0.0
0.0
0.0
0.0
0.0
0.0
0.0
0.0
0.0
0.0
0.0
1.1936978169468004e-08
5.446644027129321e-09
0.0
0.0
1.3904544326594862e-08
0.0
4.140274732754494e-08
2.146903952500488e-08
0.0
0.0
0.0
0.0
4.304955785358179e-07
0.0
0.0
0.0
0.0
-7.228117092518806e-09
-9.000688085472608e-09
-9.107181682399546e-09
0.0
-8.163558254739578e-09
0.0
-8.163558226895573e-09
0.0
7.172814487735337e-07
0.0
8.247178989102786e-09
0.0
6.98309462175989e-09
2.048433001293429e-09
1.8339957004503886e-09
0.0
0.0
5.071321658921315e-08
0.0
3.3105849876303526e-09
9.935948076201045e-09
9.935948124456975e-09
0.0
0.0
0.0
2.7278296875496964e-09
0.0
2.1155274669272856e-09
0.0
0.0
0.0
9.012671368333992e-10
0.0
2.0255034511566535e-06
0.0
-7.786197100262404e-08
2.766369541369874e-08
0.0
0.0
3.2970257884231686e-08
3.2970257871245645e-08
3.297025785946066e-08
4.282113483875844e-08
3.297025785975713e-08
1.883758201382347e-08
0.0
0.0
9.80677920402894e-09
1.6612675565281702e-09
5.749021414638001e-09
9.806779215258574e-09
5.749021412851422e-09
1.7246601678770945e-08
0.0
1.0703929710967831e-08
3.638107892824441e-08
3.6381078927867484e-08
3.6381078941351964e-08
2.7093939922342082e-08
3.6381078954308676e-08
1.700575231789737e-08
2.030480896768063e-06
0.0
4.060913189011163e-06
9.91414986705485e-09
0.0
1.553964906088172e-08
0.0
0.0
0.0
0.0
0.0
0.0
0.09255921294433948
0.0
1.7876344751633247e-05
-1.0530150298581853e-07
1.8698690091891295e-05
0.000137314356989607
5.064346887590505e-05
0.0
-2.568505309564475e-09
0.0
0.0
0.0
-8.355993302047423e-09
3.087404424227022e-10
9.506643507472827e-09
1.9568963896840453e-08
0.0
6.131638826586915e-10
0.0
0.0
-8.163558252625384e-09
-8.163558253113275e-09
3.506388467249614e-07
1.9504898417059388e-08
0.0
4.969649496928075e-10
0.0
0.0
0.0
0.0
0.0
-5.883893010416223e-09
-7.164156336991073e-10
0.0
1.841301690330476e-08
0.0
3.790794059662279e-08
2.5105079843146518e-09
2.7665559873611633e-08
1.0652010670669426e-08
0.0
0.0
9.925878810847046e-09
9.93441881449314e-09
9.877021819485821e-09
0.0
0.0
1.1496570672866405e-07
2.8871596918813238e-08
7.201796258137134e-10
0.0
9.943384525860224e-09
9.856807251673847e-09
5.793745587803315e-10
1.9723145711175762e-08
9.930809429458363e-09
0.0
0.0
0.0
2.5217012851477607e-07
4.923236785004134e-05
0.0
0.0
0.0
1.6875193254413617e-08
0.0
0.0
0.0
0.0
0.0
0.0
-6.301075904698982e-09
0.0
0.0
0.0
-2.399066041480866e-10
-2.572265306310939e-08
1.5712043238237352e-09
3.9387610538679185e-09
0.0
9.730132122164281e-10
0.0
0.0
0.0
8.951830383387844e-08
0.0
0.0
-4.853281948497719e-08
9.925825978450224e-09
7.186276831605253e-10
9.839572382922752e-09
9.839572467226414e-09
4.9865831949316266e-05
-1.2293456712813644e-10
0.0
-2.3186443390658476e-15
8.231525385639134e-09
1.805778718010265e-15
0.0
1.8786689074534682e-07
4.1476847320710764e-08
0.0
-6.512400067761843e-10
1.12474698986535e-07
4.689606896430133e-09
4.689606688353527e-09
4.689607099765838e-09
4.689607381719346e-09
1.9678269430611905e-17
-5.135626504615409e-08
0.0
0.0
3.0911620377098437e-17
0.0
-8.699561990800188e-09
0.0
1.0332309372238118e-05
7.0553484577050356e-09
6.9233017589129964e-09
7.16320839646249e-09
0.0
7.163208419417638e-09
1.0337823117647493e-05
0.0
0.0
0.0
-1.9800570202809713e-08
-1.8593137663183712e-10
9.666537102021033e-09
0.0
4.445406572463502e-05
4.551096829581506e-06
-0.001572768591863189
0.001621760157187557
0.0
1.0337823118118388e-05
0.0
8.111242377257039e-17
1.9716067646169974e-08
7.103989996145717e-10
9.730131832393909e-10
0.0
-9.60578407062225e-09
0.0
0.0
-4.4876322495015015e-05
0.0
0.0
0.0
5.808967518811103e-09
0.0
0.0
0.0
0.0
-1.5781542909163566e-07
2.1485604244279957e-07
6.28079546728502e-10
0.0
0.0
0.0
0.0
0.0
1.935834264147279e-08
9.452906509665364e-09
0.0
9.839782791950703e-09
0.0
1.5146980642229668e-08
9.86424965511044e-09
-9.512282956019174e-09
-1.883612583496294e-08
0.0
0.0
0.0
1.678440025365045e-08
2.5957647600707545e-07
0.0
-2.8762542038504244e-07
0.0
-2.952875156683743e-07
0.0
0.0
0.0
9.444224441521622e-09
3.989852808174412e-09
0.0
5.6504650342949694e-06
0.0
7.181375079148386e-17
1.3654529824386566e-06
-1.3741493088834692e-06
2.7929867878871566e-08
9.572055936887727e-09
2.714037840502264e-15
0.0
0.0
0.0
8.080864013455094e-08
0.0
9.960144659558468e-09
4.8048246470837824e-05
0.0
8.97362917104779e-16
0.0
9.925878686196647e-09
8.539878570506948e-12
1.1240565995766048e-07
0.0
1.972314556003324e-08
0.0
8.286059237856514e-09
0.0
9.856807123573911e-09
0.0
0.0
9.590295556514287e-08
0.0
3.984695707878117e-08
9.959172111995152e-09
0.0
0.0
9.9831520184346e-09
8.601834756309338e-08
0.0
2.0117327402312968e-08
0.0
0.0
7.431515701846846e-10
0.0
0.0
0.0
3.2617274600684805e-08
2.2867173014924378e-08
0.0
6.512399654678203e-10
0.0
0.0
5.522701773717123e-08
0.0
9.914463837525165e-09
1.9242238130786835e-08
0.0
-3.5374321912264684e-09
0.0
-2.7898937493527175e-08
-9.563323375176222e-05
-9.561387602453848e-05
0.0
2.3878610587368598e-08
-1.4519871371247775e-08
9.59788612351015e-09
0.0
-6.06419661153268e-08
-6.102073227317322e-08
-1.0195721384179124e-07
-1.1619539232400139e-07
-1.071264646910288e-07
-1.1060244589720242e-07
-8.617752755289866e-08
0.0
1.0566310103471127e-08
0.0
9.943311306270797e-09
7.357382274025095e-10
-1.630692155613067e-08
2.823173327320858e-08
0.0
2.9158844096416063e-08
9.952692606038178e-09
0.0
0.0
0.0
0.0
0.0
0.0
0.0
1.269902560372263e-13
4.7151132122985664e-06
1.797621662310603e-07
0.0
-1.2346332017396409e-08
0.0
9.45297473170603e-09
0.0
0.0
0.0
0.0
0.0
6.332909047884081e-09
7.837089336286822e-09
1.9878851084510417e-08
9.943310982979275e-09
0.0
0.0
0.0
9.88675393463756e-09
2.9822162048665616e-08
0.0
1.9878851144048912e-08
9.94852632289463e-09
9.94852638724203e-09
-3.1778180571623293e-05
3.1787773623453546e-05
0.0
2.922874819748089e-08
0.0
0.0
0.0
2.332100142239978e-07
-3.145564100383617e-08
0.0
0.0
0.0
0.0
1.7000465939262526e-08
3.6438232938115055e-07
9.920286978221202e-09
9.920286814235624e-09
-5.728254281468781e-05
3.102582207221942e-10
0.0
9.656106192295141e-09
0.0
9.656105580589854e-09
9.656104967496301e-09
-1.571135670654321e-07
-1.7965131085702279e-09
0.0
0.0
2.0662579886523552e-07
9.609930994537482e-09
-7.452483168903347e-05
7.451605552309632e-05
0.0
-3.5272156371477003e-10
0.0
0.0
0.0
9.602427582244832e-09
0.0
0.0
4.419987147106168e-09
0.0
9.91875078213428e-09
0.0
7.508962051537682e-10
0.0006522048446914203
0.0006522029223133552
0.0
0.0
7.896923082068089e-09
0.0
6.101929177866269e-11
0.7411944423801045
-0.741194422471958
9.949346892147368e-09
0.0
0.0
1.932030489054046e-08
-9.992545492736879e-09
-9.992545395298331e-09
1.932030458339853e-08
8.24717898332378e-09
0.0
1.576400434330232e-08
1.5764004345534722e-08
8.142418905787707e-09
-4.0234646557618184e-10
0.0
0.0
0.0
0.0
0.0
0.0
0.0
2.1424479214626504e-05
2.14183999366797e-05
0.0
1.082176341609529e-08
0.0
7.850236016793133e-09
0.0
7.1531182777185395e-09
0.0
1.976686525076774e-08
1.4681313300972268e-08
9.950628319043385e-09
9.95062814880167e-09
7.547341863986307e-10
9.962722030186967e-09
4.4845223500088765e-09
0.0
3.459466313973113e-08
0.0
4.484522327324967e-09
-9.632949292404103e-09
1.644831418312374e-07
6.810053125320662e-10
1.5460365263356146e-07
2.8119459837182536e-08
1.404934998439853e-06
1.9320305066230897e-08
0.0
0.0
-9.127622065582422e-09
-2.820185942263055e-08
5.650465034427047e-06
0.0
0.0
0.0
0.0
0.0
0.0
2.2701708525608483e-09
1.6830060476254937e-08
9.518890907536384e-09
0.0
-3.2073989371680115e-10
0.0
1.751678962339393e-08
4.785148579007036e-11
3.0337365777342927e-09
2.3078287962388193e-08
0.0
0.0
0.0
0.0
0.0
5.646787181756528e-09
0.0
3.218644647916391e-08
2.6720694022759706e-11
0.0
0.0
0.0
0.0
0.0
0.0
4.935204095854863e-10
1.3682774254385946e-08
0.0
0.0
0.0
0.0
0.0
0.0
0.0
9.885188902092786e-09
0.0
8.560979445487133e-09
0.0
9.704455548234705e-09
8.697967449134359e-09
9.662104870456064e-09
0.0
9.73725667954172e-09
0.0
9.646271243134779e-09
0.0
0.0
0.0
8.784564673251005e-09
6.087847862332882e-08
0.0
2.2242364056906147e-08
0.0
0.0
0.0
8.144830932995829e-10
0.0
6.993290340557146e-09
0.0
1.5674670352645836e-08
1.7986396878590914e-08
1.0387276662464072e-08
-9.196722096360042e-09
1.3087785471894867e-08
0.0
0.0
3.064905522753756e-06
3.061549614796575e-06
0.0
9.37189901104463e-09
9.37189905292774e-09
1.7711736345373086e-10
-9.786562269431499e-09
8.528089051630695e-08
0.0
7.467195668439874e-09
7.46719566420728e-09
0.0
0.0
7.402390332644782e-17
1.4048946268906817e-08
9.952834944352157e-09
9.954317443579702e-09
9.95431760035263e-09
0.0
0.0
9.698567206291232e-09
9.698567318697274e-09
9.766779568387665e-09
6.67323633621676e-17
9.766779697386347e-09
5.388308174964557e-07
8.885222153601103e-09
6.472326170088979e-07
-9.000597351090256e-08
2.2934374168188694e-07
0.0
9.20651383745221e-09
9.20651384368385e-09
-9.320711971812248e-09
6.50820585346258e-09
0.0
6.508205836749377e-09
0.0
-9.892562519587395e-09
7.37013303345702e-08
6.421645231506197e-08
7.370133039378116e-08
-3.879412417391939e-10
3.641180186164864e-18
8.891446128200258e-10
8.377254001346893e-09
8.630685282251207e-09
0.0
8.630685232161641e-09
0.0
8.392558570738541e-09
0.0
9.663117765991243e-10
0.0
1.799116094387063e-08
8.637414063007429e-09
4.372388027548801e-05
6.08575531207498e-08
0.0
0.0
0.0
0.0
0.0
0.0
0.0
0.0
9.509879921791673e-09
3.1190878571741837e-10
0.0
0.0
7.464517077508314e-19
7.453889935837843e-19
0.0
0.0
0.0
1.7443686850917278e-09
0.0
1.4849854446473374e-10
1.4849855340618584e-10
0.0
0.0
1.0829801867234314e-16
0.0
-4.473617660994897e-09
9.726882040785186e-09
0.0
0.0
0.0
5.627458896720998e-06
0.0
7.370133027614564e-08
-9.327775380221781e-09
0.0
0.0
0.0
1.892005381074116e-08
0.0
2.401894339704647e-09
0.0
0.0
8.941966755561946e-09
3.2941878673154096e-08
2.969880069110072e-08
0.0
0.0
0.0
0.0
6.737320375497381e-09
1.850629629082702e-09
8.637414042610975e-09
9.989574968681861e-08
2.1230937309482754e-08
0.0
5.490300651682928e-08
0.0
-9.588446743514188e-09
5.4903004221204845e-08
0.0004566030083764307
0.00045661258516763566
0.0
0.0
-5.823849323960096e-10
9.320711929426823e-09
0.0
-1.3487667878181106e-11
0.0
0.0
0.0
0.0
0.0
0.0
0.0
0.0
0.0
0.0
-4.351120854694142e-05
0.0
0.0
8.630685437424682e-09
0.0
0.0
2.025171299311699e-07
0.0
-9.3290912655294e-09
0.0
0.0
0.0
0.0
1.8654195014299156e-08
0.0
9.966047010139074e-09
7.57987831122634e-10
0.0
-7.04909915703357e-11
0.0
0.0
0.0
0.0
0.0001467919339659219
5.049797298988489e-05
1.6698866995926066e-08
0.0
0.0
0.0
0.0
0.0
0.0
0.0
0.0
3.077241418090477e-08
0.0
0.0
0.0
7.377621359343976e-05
1.0842021724855044e-19
0.0
7.814357860273387e-08
-5.0505010002052306e-08
-1.0818518119641431e-08
-3.366657130832694e-08
-1.9647968224899246e-08
-2.4091278061772265e-09
-1.0304354702839191e-08
-2.4187973967984555e-06
-2.3470244313493146e-06
0.0
0.0
0.0
-6.298910774481942e-12
0.0
0.0
0.0
9.898918570521657e-09
8.945441330352604e-09
1.912652340297584e-08
0.0
7.358217177574286e-10
0.0
-9.904204158961091e-09
0.0
0.0
-3.0427405947764506e-08
9.949290280530931e-09
0.0
0.0
0.0
6.251420550317607e-08
2.2870965769008844e-08
7.570379860141797e-10
2.252446017375561e-08
0.0
5.6780864280564775e-08
6.625597291402505e-08
9.956699527420795e-09
7.488399913510372e-10
0.0002492537565457979
0.0
9.853612803126641e-09
0.0
9.958800099468632e-09
0.0
9.965195886850773e-09
9.960999461762081e-09
0.0
5.958975936034984e-08
0.0
9.964043485391084e-09
0.0
9.951664575546788e-09
0.0
9.863128875923868e-09
1.8223237498276703e-07
9.975528508691099e-09
0.0
9.962111073606587e-09
4.3070229493020705e-09
9.960119303000817e-09
0.0
9.960144976861427e-09
0.0
0.0
2.446369846742396e-16
9.29028651747358e-16
0.0
9.856952413859087e-09
0.0
0.0
0.0
0.0
0.0
0.0
0.0
0.0
0.0
0.0
0.0
0.0
0.0
0.0
0.0
0.0
6.965549303817059e-08
1.593992491582513e-11
1.593955563164744e-11
3.1870058990993096e-12
7.437103201907466e-12
1.168796948670654e-11
4.2502594000042015e-12
2.124980532341455e-11
1.275053128114179e-11
8.500458654451443e-12
1.700028068483636e-11
0.0
0.00010210110107987825
0.00010205764049336756
0.0
8.763142504957039e-11
-9.915175328348291e-09
9.759159334192585e-09
9.943636723173628e-09
-8.791543798514212e-09
0.0
0.0
0.0
0.0
0.0
1.3906802998129957e-09
0.0
0.0
1.9320304978688653e-08
9.928428902241682e-09
0.0
0.0
9.888511292498582e-09
0.0
2.982216205453873e-08
0.0
9.880014710280293e-09
0.0
0.0
0.0
0.0
0.0
0.0
-8.624189874219934e-09
7.699821668586363e-09
0.0
0.0
2.0622326720555705e-07
4.526827124260305e-18
1.989855606941774e-08
1.9898558333960163e-08
1.4889745747505014e-08
1.0615783862903905e-06
1.4145037044281786e-10
0.0
0.0
1.0324748316902584e-08
0.0
0.0
0.0
1.9898549450680122e-08
7.373576814299398e-10
1.9898551544183944e-08
1.989854928569894e-08
0.0
0.0
0.0
0.0
0.0
6.54647771447698e-09
0.0
0.0
0.0
0.0
1.031338605629919e-09
0.0
0.0
0.0
0.0
6.236505895497606e-09
0.0
0.0
9.810119062285161e-09
0.0
5.157729411831117e-05
1.0366489677249892e-08
0.0
1.390680021565156e-09
0.0
0.0
3.2882388979479374e-08
0.0
0.0
1.646195028766326e-08
0.0
0.0
9.953583283065059e-09
9.953583446342933e-09
1.3906803384004286e-09
0.0
0.0
0.0
9.730131431322913e-10
0.0
8.344878105567634e-07
0.0
0.0
0.0
0.0
0.0
7.044946059954655e-10
4.620936169479925e-09
9.84701263467857e-09
6.276900723740236e-09
0.0
-4.987559615011669e-05
4.92323678500299e-05
5.0887438020663074e-17
-4.9863636561675584e-05
1.7982154495252982e-08
0.0
0.0
0.0
0.0
0.0
0.0
0.0
0.0
0.0
0.0
0.0
4.311827703765361e-10
0.0
4.364641306404108e-10
0.0
8.839806752006954e-10
0.0
9.28936537407571e-09
0.0
1.4412490224286006e-08
0.0
0.0
0.0
0.0
0.0
0.0
0.0
4.589745580039035e-09
0.0
0.0
7.636831141424882e-09
0.0
3.984602467638557e-09
0.0
0.0
-1.8052196316996685e-07
-3.660541590972236e-07
0.0
0.0
0.0
0.0
0.0
0.0
0.0
0.0
8.93732795772438e-09
4.123156071785777e-08
0.0
0.0
0.0
0.0
0.0
0.0
0.0
0.0
1.769573007186877e-09
0.0
7.035598899027108e-10
0.0
1.751678978838768e-08
4.785156747188158e-11
3.033737733274502e-09
2.3078288275030932e-08
0.0
0.0
0.0
0.0
0.0
5.6467881742094725e-09
0.0
3.2186446398733816e-08
2.6720803845346346e-11
0.0
0.0
0.0
0.0
0.0
0.0
4.935204976634826e-10
1.3682774295090815e-08
-1.8786689436740383e-07
0.0
0.0
0.0
0.0
9.514737770449767e-09
3.166489913735247e-10
2.025171300126837e-07
0.0
0.0
0.0
0.0
0.0
3.8894586941131765e-11
-9.230323172459975e-09
9.48036731909127e-09
2.830677050783067e-10
0.0
4.427534566633222e-07
0.0
6.885191332717125e-07
0.0
2.2851625611661584e-08
1.6824834075452504e-08
-9.931658813708196e-06
8.701205189331095e-08
2.6267549631750055e-07
0.0
1.66679655943918e-08
0.0
0.0
8.556409222271377e-09
9.930324996257049e-09
9.930325006735075e-09
7.230304497461184e-10
0.0
0.0
-9.380548629398444e-09
-9.941845143033971e-09
0.0
0.0
0.0
0.0
0.0
0.0
-5.023346244487604e-10
1.0857916071345558e-06
9.920791582143725e-09
7.137015308835665e-10
3.8525288108993555e-17
0.0
-6.52116935668371e-07
6.814218195872394e-07
9.934653203239548e-09
-7.64733540803942e-09
5.78748784292169e-09
0.0
-9.931740877790456e-09
9.114846739319974e-09
4.279205099699622e-08
4.3609010004266465e-09
8.519823865391997e-09
2.574077550811517e-08
0.0
0.0
6.276900698834842e-09
9.885249157431941e-09
6.276900586752548e-09
9.885249044936389e-09
9.114846848773623e-09
4.27920507604848e-08
4.360903085767915e-09
8.519824229706125e-09
2.574077530322154e-08
0.0
0.0
7.333347453443353e-09
5.381763764156249e-05
9.867000500295757e-09
0.0
-2.935160029417155e-07
3.149441601684398e-08
0.0
3.2187187980182e-07
9.895948725399673e-09
-2.8686049828932636e-08
1.3900452330883103e-07
2.1467688952891972e-08
7.996770068956552e-09
0.0
7.34547165560321e-08
0.0
4.527139065612332e-05
3.7335794942145233e-07
0.0
8.975391447103807e-09
0.0
0.0
-4.93740850816009e-10
0.0
7.40438185452175e-11
-9.87796677266728e-09
0.0
0.0
8.993190907429771e-08
2.0251713026976235e-07
-6.422649854411263e-07
-6.518932860744009e-07
0.0
8.490995845325851e-09
0.0
-4.422399620986062e-12
-4.422399885260341e-12
0.0
0.0
0.0
0.0
0.0
-8.803957828821402e-09
0.0
0.0
0.0
0.0
0.0
7.73123112969371e-09
1.9898553806801163e-08
0.0
0.0
0.0
1.865419512509435e-08
0.0
-2.575932804733949e-10
1.0838699920218131e-09
1.0838699841577876e-09
1.0838700042942617e-09
1.083869999784937e-09
1.0838700110563375e-09
5.627825219118407e-08
1.2556408503007172e-07
0.0
0.0
0.0
0.0
0.0
0.0
0.0
1.6388003760024497e-08
0.0
2.0767989931987765e-08
3.214251527264271e-05
-1.590592758980193e-05
0.0
0.0
1.3176463494181243e-10
0.0
0.0
0.0
0.0
0.0
0.0
0.0
0.0
9.145632685723129e-09
9.145632683530366e-09
0.0
0.0
0.0
6.03724436347409e-10
4.188087865195415e-17
2.778637008337673e-16
6.522866481867531e-17
0.0
0.0
9.74051749250971e-09
5.373533951839422e-10
9.740517492252363e-09
0.0
-9.94299279765071e-09
-1.0252200750989371e-08
0.0
0.0
7.328515111778291e-17
9.42265352228287e-17
-3.164344252193895e-07
3.345645902777977e-07
8.445426736026769e-09
0.0
0.0
0.0
0.0
0.0
0.0
-9.860997105676228e-09
0.0
0.0
0.0
-7.074417391955343e-11
-5.373531273047543e-10
0.0
0.0
8.673617379884035e-17
-1.7225705800996693e-09
9.422598973787206e-09
-3.8823525123909963e-10
0.0
1.400749175799693e-16
1.4007492058933706e-16
0.0
0.0
9.326995818043082e-09
0.0
0.0
0.0
0.0
4.877434993643986e-08
0.0
0.0
0.0
0.0
4.1917086700482526e-05
4.176590402112038e-05
9.829151297459197e-09
0.00018829194156323053
0.0
0.0
2.5053825681224217e-08
9.914149917470596e-09
0.0
9.914149894489948e-09
1.8339956969155863e-09
0.0
0.0
0.0
-9.003757131066607e-09
9.838508096594607e-09
1.6085007241083485e-05
0.0
9.69671106176704e-09
-9.633321335159864e-09
-9.633321335078548e-09
9.696711021569708e-09
0.0
0.0
-9.76961309073765e-09
-1.7225705801267744e-09
0.0
0.0
0.0
0.0
0.0
0.0
0.0
8.032666856833784e-09
1.9504847758547807e-09
9.730131377808267e-10
2.3266336146447144e-05
0.0
0.09255921294433947
0.0
0.0
2.7831762992701218e-08
7.03199482624683e-10
9.723296192129491e-09
5.20472707759597e-10
0.0
3.414010913274557e-08
0.0
0.0
6.610704305915001e-10
0.0
7.159603321462235e-17
0.0
6.282662190907148e-09
7.649340938912329e-09
1.5341610040635996e-08
5.235253635970915e-10
1.0375736107783194e-08
-1.0375735826073651e-08
0.0
1.6066257719879473e-05
1.6074627055296995e-05
9.816246349644524e-09
1.9684532550318428e-08
0.0
0.0
6.471780866032634e-10
-6.471780796541352e-10
1.7753992425313193e-09
1.159201649782161e-09
0.0
9.723337388868358e-09
0.0
0.0
1.956139409085965e-08
0.0
9.52932429715137e-09
1.1883378718698321e-07
0.0
9.198208236549119e-08
0.0
0.0
1.9575815123034235e-08
9.794784359669698e-09
7.696726513810662e-08
0.0
7.499203831662296e-08
0.0
4.557843693388531e-17
6.516338206704325e-10
9.857355060677309e-09
-3.17811508357659e-05
0.0
0.0
9.599269983323814e-09
9.927868804530673e-09
0.0
0.0
1.4548105602441918e-14
0.0
0.0
0.0
8.99566967642957e-09
6.847044116972031e-09
0.0
-1.666796833887929e-08
0.0
-2.911448178120131e-08
-2.655040196812834e-08
0.0
0.0
0.0
9.891746874241322e-09
9.951770089385934e-09
9.951770354856904e-09
0.0
0.0
-7.522908150592311e-09
6.236520349502371e-09
0.0
6.240750089528604e-09
0.0
0.0
6.236518375781927e-09
6.143032516816421e-09
0.0
0.0
0.0
9.891747104035474e-09
2.573540737807467e-08
1.2752497880148478e-11
9.937844859700812e-09
9.937845057018512e-09
7.140380452763225e-09
7.140378837660487e-09
9.948102012297122e-09
9.939587696679369e-09
7.320944936718776e-10
0.0
9.94810177648496e-09
-1.6353708857954562e-08
4.906761272721418e-08
6.236508093149347e-09
0.0
7.140376467070712e-09
7.148870947202513e-09
8.453773258270718e-09
3.591706599651917e-09
3.5917086655352818e-09
-1.6732487225355544e-08
9.920708296930629e-09
7.1446237839439185e-09
7.140376813818487e-09
0.0
0.0
0.0
0.0
2.0251713009861886e-07
2.611689286969021e-06
-2.592117359490864e-06
6.803088550993767e-10
2.062232673293598e-07
-1.5405341793293522e-08
-2.4769145419770416e-08
2.4694862879134114e-07
0.0
0.0
0.0
9.742262530379464e-08
7.285443808169933e-10
0.0
1.7860262602198418e-08
0.0
0.0
8.286942641843846e-09
3.943133791644269e-10
-7.596298873399025e-11
1.4546795730979916e-14
1.5552851794307842e-08
2.469486291288073e-07
1.1178457106018778e-06
9.919834176308484e-09
-1.1079258767916593e-06
6.479732284273904e-10
0.0
8.679974853417278e-09
1.1031290330498119e-08
7.035835984958011e-10
-9.377793139118051e-09
-8.459979069282836e-09
0.0
1.620113552860898e-08
6.8292365597471105e-09
0.0
0.0
0.0
-9.377793137844113e-09
0.0
2.3795665033953275e-08
2.3825475896735182e-08
0.0
-6.648850320680778e-12
