0
0.0
1.6160633766866798e-07
0.0
0.0
1.8555426490901912e-05
3.000083060358327e-08
0.0
4.711180844156237e-06
3.813518946110967e-05
0.0
0.0
1.721342265304355e-06
0.0
0.0
0.0
2.378725447250056e-09
0.0
0.0
0.0
0.0
0.0
0.0
0.0
0.0
3.0075741859748545e-06
0.0
0.0
0.0
0.0
0.0
2.726174353799769e-07
0.0
0.0
0.0
0.0
0.0
0.0
0.0
1.943578610475624e-08
0.0
0.0
0.0
0.0
0.0
0.0
2.255623051828011e-08
4.197445099025956e-06
0.0
0.0
0.0
1.0263015911445605e-17
0.0
0.0
1.9668103621613763e-09
0.0
1.4025995156282677e-08
0.0
0.0
0.0
0.0
0.0
0.0
0.0
3.765983377690788e-09
0.0
0.0
5.58349679517037e-09
0.0
1.3112918047057466e-16
0.0
0.0
0.0
0.0
-1.493407496602756e-08
0.0
9.742739948137569e-09
8.374119599706849e-18
0.0
0.0
0.0
0.0
-2.4475270402824953e-08
3.019083065286123e-18
0.0
0.07131643898311152
-1.175544777081046e-10
9.717417892931566e-08
0.0
0.0
9.870929301031107e-09
2.8165732448112037e-09
0.0
2.7105196936268436e-09
2.49664624237476e-09
-5.422507304992417e-09
7.699562004574963e-10
1.909457599618859e-09
0.0
2.0255324570298e-09
1.4157263696004564e-08
0.0
0.0
0.0
0.0
0.0
0.0
0.0
0.0
0.0
0.0
0.0
4.782185597467453e-09
0.0
1.934572482773482e-10
1.4784476597750403e-20
0.0
0.0
0.0
4.435418223844088e-09
0.0
4.336850369886183e-09
0.0
0.0
0.0
0.0
0.0
0.0011453879663196886
-0.0011454998759941049
8.855360293519162e-09
5.4969014209704136e-09
0.0
9.692086324734515e-09
0.0
9.804035400153797e-09
0.0
0.0
9.626040419707405e-09
0.0004363364134043673
4.8078432723937715e-09
0.0
0.0
0.0
0.0
4.856497860195183e-18
0.0
0.0
0.0
0.0
2.78247297186382e-09
0.0
0.0
2.816196691541404e-09
7.037787241820317e-09
2.812450306214044e-10
0.0
6.083133368065897e-09
5.64140159012246e-09
5.683533168963215e-09
0.0
0.0
0.0
2.1185376953871432e-10
1.938568833121012e-09
-0.012159549144311055
0.0
3.2622516817272226e-09
2.7828032784504852e-08
0.0
0.0
1.1023987786230447e-07
1.3502144927154956e-06
1.6123709892625825e-08
8.641222074256027e-09
0.00012061131555786639
0.0
0.0
2.8214137720368436e-06
8.584970217932826e-05
0.0
0.0
0.0
0.0
0.0
0.0
0.0018250374775394818
3.512227211129744e-09
0.07088338521390831
0.0
1.2277073606361261e-06
0.0
0.0
0.0
0.0
3.2839016361813976e-17
1.5469355702209204e-05
0.0
0.0
0.0
4.6477340776185605e-06
1.7226602154588335e-08
0.0
2.604158061059225e-09
7.086609957305197e-09
0.0
0.0
-9.178484785283408e-07
0.0
2.0188522352863334e-08
0.0
0.0
6.7758121343803645e-09
8.03751949846017e-09
0.0
8.890484663123537e-09
0.0
0.0
6.751950154994678e-09
0.0
0.0
0.0
0.0
0.0
0.0
7.649759415094896e-09
0.0
3.4757776684897716e-09
0.0
0.0
0.0
9.747507327765871e-09
9.799382521147048e-09
9.4848709947341e-09
-4.079211301402197e-08
5.012215581475402e-18
0.0
9.81086559117317e-09
-3.2492565041558966e-09
4.221253935875858e-09
1.229734446701201e-09
5.788513829182035e-10
4.76535228604186e-09
0.0
1.976894629019604e-09
-0.00016363118477227823
-1.5188329516606022e-09
0.0
0.0
0.0
0.0
3.031444046153207e-18
2.2151763870086392e-10
-0.07121860985043682
1.6625647180123407e-21
0.0
0.0
0.0
0.0
0.0
0.0
2.813338917931026e-10
1.4057734587702482e-06
7.406188653935564e-08
-7.204898195788817e-06
8.515240433260457e-09
3.7300310510650884e-10
0.0
8.575857273049929e-09
2.9639292835246055e-10
8.765872531887406e-08
0.0
0.0
9.103977611982326e-09
0.0
3.2695671534426317e-09
7.00273597269e-09
0.0
0.0
0.0
0.0
2.994969592197854e-18
6.700108986509991e-09
0.0
7.758968317233138e-09
0.0
0.0
1.4587496853660466e-05
0.0
0.0
0.0
0.0
-2.6485308764808563e-06
2.7268063504353856e-07
0.0
8.930244758075087e-09
1.7617152451435787e-09
6.9285944340040435e-09
1.3226289572450656e-09
5.793005581663904e-09
0.0
0.0
0.0
0.0
2.1367192901248443e-06
0.0
0.0
3.7626980350670135e-09
0.0
0.0
7.699720721532642e-10
0.0
0.0
3.029453287115892e-18
0.0
1.934572482773485e-10
0.0
0.0
0.0
0.0
0.0
0.0
0.0
0.0
0.0
1.8893133893815987e-05
4.4415006200031105e-09
0.0
0.0
0.0
0.0
9.860439103086894e-09
7.224202424137094e-09
-1.6034748155044918e-09
0.0003362947968606874
5.3539602504583385e-05
0.00036911686059138137
0.00018626656404068973
2.489648508736989e-05
0.00014355508553344216
1.306874512257158e-08
-3.813518946117447e-05
-3.813518946126092e-05
0.0
0.0
0.0
9.859356512108695e-09
4.901824624684313e-10
9.843873287833344e-09
4.4110244355248877e-10
0.0
6.507017978796333e-09
0.0
0.0
9.843865350432426e-09
9.948314979393285e-09
9.89867453023123e-09
0.0
0.00023682765859536534
8.09132120780499e-05
1.9149287264090495e-05
5.400481139338038e-06
8.809578398155057e-05
2.956236715352116e-07
3.6269450305234617e-05
0.00015601289543187356
1.5213936388859225e-05
8.623727032998248e-06
4.224317784713793e-05
0.0002491270124265869
1.1714428311467292e-05
2.9113562636391533e-06
7.916847301030196e-05
1.5094029023885749e-05
8.495089763085309e-06
2.7272785793354856e-07
6.945942034910712e-08
1.1717744830688849e-05
2.9014478526819257e-06
0.0002660604182247573
0.00026886861589321817
0.00010544099345720475
1.2656030425083125e-05
1.5549459240476622e-06
0.00012026526911258683
1.4812369238015016e-07
0.00020652171723318293
0.00026888575107018566
1.3035528062543787e-07
1.140137163140893e-05
1.5720499961755934e-06
0.00012027179539251528
1.672795155191029e-07
0.0
0.0
0.0
0.0
0.000283178586137309
0.0
3.0075741941346033e-06
4.275673174103153e-10
4.940309748659519e-11
4.3460484351250654e-10
1.9876164071459846e-06
4.875108165158555e-08
2.006576722592094e-06
0.0
2.006590343138771e-06
0.0
1.2459428902644712e-06
0.0
2.954185065843995e-07
1.1122008774720293e-06
1.1122148077953088e-06
1.112228688956793e-06
5.671338178109433e-09
1.945326464991854e-09
-3.007574186856626e-06
3.0075741884005816e-06
0.0
6.79394685707559e-09
1.934620973830371e-08
1.98332990368578e-08
1.979077696762076e-08
1.987612958106208e-06
4.874765784546216e-08
2.0065732986953695e-06
6.550496951324674e-07
2.0065869505037185e-06
-7.564892416318236e-09
1.2459395466191863e-06
-2.7947980496210707e-09
2.9541519700999936e-07
1.1121973866323742e-06
1.112211329852759e-06
1.1122252233047403e-06
1.987609509024259e-06
4.874423401729792e-08
2.006569868531541e-06
6.647483871270338e-07
2.0065835516015693e-06
0.0
1.2459361878427625e-06
0.0
2.954118885852101e-07
1.112207851884158e-06
1.112221757626599e-06
2.0742772607823406e-09
4.6829799905952126e-05
4.2754918298406647e-10
0.0
0.0
0.0
1.0220114255207347e-16
0.0
0.0
8.194959155785961e-10
4.6003089011428673e-10
-4.640549128615055e-06
0.0
0.0
1.616063379873557e-07
-2.726174443938838e-07
2.7261745355419835e-07
4.3903926042832345e-07
0.0007656497511925151
0.0007998754087719432
0.0022355729529024383
0.008810601654874115
7.492886762090318e-05
0.002007912432425319
0.002384352854298051
3.530644851608404e-07
0.00016464193190989844
0.00011013450595115451
1.709186206925619e-08
0.0
1.8965263078969606e-08
0.0
0.0009648409228308224
1.2322130674056016e-05
0.6144799436684574
7.169324789362817e-11
2.6417105968981543e-09
9.016652422625185e-07
9.20455097690176e-07
9.304589174916283e-07
5.6663791643193906e-08
-3.1983750747150395e-10
-7.008175213719589e-07
-2.2694531150169173e-10
3.136027831581405e-07
0.0
0.0
-0.004390686916375409
0.0
0.0
3.3038580490828587e-14
2.8493061669936607e-14
1.1571058043926985e-05
5.8478110411161275
1.9435786080399984e-08
9.693352978489561e-09
-9.912966715456097e-09
1.7620836204490426e-08
0.0
0.000326051044809164
1.6973782734578137e-08
2.386933321191781e-08
0.0
3.14461430446259e-05
3.1446143045635175e-05
1.3833145722076072e-06
0.011865829213729029
4.1035979436709024e-06
0.0003260498421296143
1.7032825349265186e-08
7.262719193916657e-09
0.0
8.478207291325152e-09
8.478207835265345e-09
4.818809288080654e-09
0.0
4.818808834307805e-09
-9.0494249759248e-07
-9.21090641185611e-07
-9.31094400563777e-07
-5.7299260949709996e-08
0.0
-7.055510671712117e-08
-2.6307500333635353e-07
0.0
-1.297646919876539e-09
3.1455788266909025e-05
2.255623400668229e-08
0.0
1.593534619118021e-14
0.011772851592800962
0.011772851592783976
-3.1455788268832006e-05
0.00021686504983046935
0.00020994437621117107
8.03511203052455e-05
0.0005686982275820931
0.0004913291909116503
0.0005930133847621273
2.9397967468055226e-05
0.0
2.9961801637482178e-05
-4.197445099185885e-06
4.197445099417557e-06
-3.0432041316931863e-05
3.045162081290882e-05
9.790216424822995e-09
0.0014213312230881771
3.1439514056859127e-09
3.143974659250093e-09
4.5367805550730556e-07
9.844826716189303e-09
9.844832918101863e-09
0.018660899210839688
0.029326418150482425
-0.00011800465964661907
2.72617555632865e-07
0.00014056900102901005
0.0007030049065646116
0.000648096876676213
0.0
4.830643485220776e-08
4.3716135426435277e-10
3.503082234178951e-14
1.5574595129241887e-14
9.74062754217138e-09
9.740628940662133e-09
2.575233973464282e-06
3.010966222128623e-08
2.6991230444722995e-06
0.0024430934680712826
1.5798541805615157e-05
0.0024430934680780302
0.0006521465186406543
2.3402294919955093e-06
4.6820296243854564e-05
0.0002615775986679807
0.00026392593696864187
0.0
0.0
0.0
0.00012649063989801857
1.531225224385834e-05
1.5294702109279247e-05
4.915151305593076e-05
4.2043528392595234e-07
1.88931338950973e-05
4.682072493581643e-05
4.209106378451683e-10
0.00040240371698240104
0.00012550258119193764
0.00012457681054830555
7.237167624115085e-05
0.0004571983091569357
0.000993417537685108
3.6356597276697964e-05
-3.143635323427784e-05
1.0262190419023545e-17
1.8555426528818085e-05
3.171336223215665e-05
1.5798541822686917e-05
-1.5798541817642205e-05
0.009615166689819389
0.0
7.49210929387596e-09
0.00025345276600356417
0.00018427835029104938
0.00039533641101334167
3.6339876242425463e-10
0.0002048029908080278
0.0002959374227018306
0.00021780395728261359
-0.0010440623365286505
0.0012696641359299001
1.7102991545639824e-16
0.00025230367649336214
4.6076438273220176e-05
-0.00029853265417314947
1.3851341086453852e-07
-1.402599542926079e-08
-6.617097285961594e-09
0.0
5.913155418075757e-10
8.279794374656073e-05
0.006033750168065944
9.583435563041036e-10
6.113333739462335e-09
9.36306252823228e-09
9.363062355223929e-09
1.3950643266490578e-05
1.3950643269005434e-05
9.79205924298113e-09
9.792062902688623e-09
0.0
9.363062617925035e-09
0.0
3.659181095126241e-09
0.0
0.0
0.0
0.0
0.00027689946461785406
0.0
1.5321865971743062e-05
7.869409586432433e-08
0.0
0.0
0.0
1.208152733071964e-08
4.818808555109812e-09
0.0
0.0
0.0
7.545737808691837e-06
9.716518821477781e-05
9.068639666179203e-09
4.673746455097637e-10
4.506032467931518e-10
0.00032604136392302583
2.6045124406343545e-07
2.604513099285572e-07
0.0001101345059518367
0.0
0.01276546386889163
0.012765463868904594
0.0
3.3008513882017205e-14
5.3131445687714575e-05
0.00012550587977977134
7.150479297765598e-05
7.158848225653614e-05
0.0003851956397468872
0.0005719388127598199
2.688686945836807e-05
0.0001637336040246657
8.443849631293427e-05
8.846327209040614e-06
0.0004971097451400778
0.0001061335509795733
2.1074571815540774e-05
2.511097822845685e-06
0.0
2.097346078715614e-09
2.0305169020539755e-09
0.00041329588886489173
1.1295370287864555e-06
2.023061960502366e-08
0.0008288913130265484
0.0008288875470431215
0.0008288913130265062
0.0008288913130265145
0.0008288913130265286
7.989177308887814e-17
7.989157678171001e-17
5.46944198588991e-05
0.003394982964810336
0.003449675354152321
2.0305169220829165e-09
-1.3149403455063106e-05
5.743730442084623e-06
1.3139525199915261e-05
0.005339912433259839
3.14713863310747e-05
3.147138633389557e-05
1.2653853643092226e-15
0.00012543500571700315
0.005465327674479568
4.288072590976593e-10
-2.3380517613564576e-05
0.0
0.0
0.0
0.0019145235403762427
0.0018944930625589792
0.0021328374595154216
0.0016773028698150692
2.392109233853744e-16
0.0010938707003925877
-0.0029883540318268098
9.731125153453809e-09
1.3113238309622325e-16
0.0
4.83750048034878e-10
6.573452157271518e-06
2.3390302500217452e-05
0.0
0.0
2.3830383963190487e-09
1.9792914387401857e-08
0.0003670181569400127
-0.0028896058179680995
2.076817266826345e-16
0.0007766102232362146
0.00039023775011865733
0.0023773182072955893
5.100479330234617
-5.102129003045377
0.0
8.969214426192636e-17
1.1207182197409242e-05
-0.00026620504162933967
7.440655138082764e-07
0.0001678678773118559
1.5914820459948313e-05
0.17061971494407557
0.0
0.0
2.65019523119029e-09
5.991026792041519e-09
0.0
0.0
1.656399064286039e-10
2.6989146723639294e-06
1.0962179540112192e-09
0.0
6.848329995688393e-10
0.0
0.0
1.5300752032976474e-08
6.11334189610956e-09
0.0
0.0
0.0
0.0
0.0
0.0
8.01933572918479
2.4475297457897545e-08
1.7213422812830436e-06
0.0
-8.019335753660071
0.0
4.1551855533979313e-14
4.1539411290279474e-14
0.0
0.0
-3.113754348994834e-10
3.0075742024987538e-06
-1.488769671258508e-05
5.2902534374965036e-05
2.0863779404522142e-14
0.00027583004176037795
0.001050780058419886
0.0
0.0013266101001802554
3.5349904263378474e-05
0.0
0.0006278020411448217
6.835959641759699e-08
0.0006986068419519438
0.0003658953858288874
0.0
1.04464648786725e-14
3.1181203609275234e-14
0.0
4.0153475145572567e-13
4.0141449426574794e-13
4.0486266471341185e-13
4.0470241322415044e-13
9.716518822828319e-05
4.2652312227815346e-10
2.791292635410932e-08
0.0
0.0
8.641222038756951e-09
2.897758470872794e-06
3.152163594897021e-06
6.627204765423506e-10
9.680842553305223e-09
2.2577446958449864e-10
0.0
0.001509613954738903
3.9275850231014974e-07
3.9317794560104287e-07
0.0
0.0
6.99624587862787e-05
4.859728905224964e-06
1.831517524698239e-05
0.00014188298129396446
0.00011994183080957455
1.64351387465466e-06
1.408345048196466e-05
6.996245925907351e-05
4.8597293794929285e-06
1.831517572154039e-05
0.00014188295443315604
0.00011994181007952924
1.643514622111768e-06
1.4083440165955253e-05
1.2237635199110676e-08
2.4475270401130888e-08
4.600051985185293e-07
0.0
0.0005553660298312107
0.0005553660298312136
-0.07131643898311152
-0.07127451523744172
2.4072164287167847e-05
0.0
1.175544777384919e-10
2.406294853666317e-05
0.0
0.0
1.0510688973649677e-07
8.744314029730388e-08
0.00014146075764701453
0.0
1.479784092274358e-08
0.00028293369015810777
0.00028293369015812317
0.00028293369015812875
0.00028292381922880673
0.0002829336901580878
4.151287491863731e-14
0.0
0.0
7.644988459747746e-08
0.0
0.0
0.0
0.0
0.0
2.1810159108373956e-09
0.0001369479485504057
-0.00013695442074102004
0.0
0.00035337407944326603
-0.00035336845466282796
2.1185251984526313e-10
0.0
0.0
0.013282482838818594
4.4774592389352304e-07
0.0
0.0
0.0
7.165337634442695e-05
-7.16533763422109e-05
7.707374368173376e-07
2.6266689166644754e-07
3.0599316910726593e-07
0.0018845873208402045
0.0
3.7757920879908745e-09
0.00021052865234821814
5.422507301711859e-09
0.00021053157820932777
0.0
-6.272438282626538e-09
0.0
0.0
0.0
0.0
0.0
0.0
9.60940735248877e-09
0.0031560295071589094
9.609420550227709e-09
1.5520588986666334e-10
0.0031574507570399256
0.0
1.0344760834639178e-06
6.645587625306747e-15
1.1797052675712744e-05
2.2199240351400145e-05
0.0
1.040421322330385e-05
0.0005056355706673101
0.00022034770833890025
0.14167019699710473
0.0015925515548040915
0.0
0.0003466285320241513
4.800303664075262
-4.800303649919654
-1.4157271603855204e-08
0.00120308303654701
0.00014268741833382625
-1.0662553375835228e-08
-1.0662553235799802e-08
7.797650060986617e-05
0.0007156702513545975
0.00010942884565107931
1.9816226772792405e-08
9.911634180070905e-09
0.0015560967738290628
0.0016827231488734376
0.0006718356682345836
0.0003010100724423657
0.00013476190918006143
0.0001435476912045103
0.0003754371754764412
0.00026831480370182695
0.0
4.4696124565099413e-10
6.507017734428431e-09
3.3284661870515227e-06
3.430371225995703e-06
8.83199341918845e-09
-1.7213422727457701e-06
0.00024169903426498178
4.939768170643818e-06
0.0007515512404212213
0.00018588552375349798
0.0010679691703323053
0.0003675217507096863
1.4150549589664866e-05
0.00028811081310880685
4.194600312925942e-09
0.0
9.68084175177731e-09
3.9940533157114215e-10
0.0
2.1916923171364905e-08
0.0002908409148170034
1.7973788822608363e-08
0.0
9.787815732550969e-09
0.0
0.0
0.0
3.8036321325001765e-10
3.138232794482295e-06
0.0
1.5947637513152225e-05
4.769174294627522e-10
1.9818673554466168e-08
4.263717955128036e-10
0.0
4.103597913696357e-06
1.3833145108334525e-06
0.0
0.0
0.0
-9.251600810744614e-09
8.447982041500351e-05
8.448907201559475e-05
0.0
5.6713367377401806e-09
3.4303712856467653e-06
3.4303712911687857e-06
2.245972358362776e-06
3.143865929206314e-09
1.8938984994980733e-14
0.0
0.0
0.0
3.143973775589291e-09
0.0
3.5568412393355383e-06
2.9924518231779968e-06
2.4159088994879087e-08
-6.573452154399161e-06
0.0
2.097358537868588e-09
3.1439241926837907e-09
1.8555426490936193e-05
0.0
0.0
0.0
3.138232790389007e-06
3.144987481745231e-06
4.376198070763588e-10
1.9652439476949112e-08
3.0133511239446567e-10
0.0
6.047816063514061e-09
2.693567515511553e-09
0.0
0.0
0.0
9.757008156732992e-09
0.0
0.0
1.442199251502875e-08
0.0
0.0
0.0
3.1440305475625437e-09
3.1440453227945523e-09
0.0
0.0
-8.451829076955184e-09
0.0
0.0
0.0
0.0010759402506062884
2.3819728480601865e-09
0.0
0.0
9.952718684174018e-09
0.0
-0.00011821896934958759
1.925981668851032e-09
0.0
0.0
8.726886101549452e-05
5.190215828880282e-11
0.0
0.0
9.145872420503381e-06
0.00028864889035796126
1.0153868584575345e-08
0.0
4.0650243770943744e-08
0.0
0.0
0.0
8.589590788633355e-09
0.0
0.0
5.8472955567277757e-08
0.0
2.0160889417493176e-06
0.0
6.614480812844216e-09
0.0
2.0161025304937378e-06
0.0
2.1965243461481358e-09
0.0
1.2554747917776006e-06
0.0
6.89044272819617e-09
0.0
3.049372209360696e-07
0.0
1.1217872637747563e-06
0.0
1.1218011810741287e-06
0.0
1.1218150492141954e-06
0.0
4.435417001699067e-09
4.435414519126427e-09
4.258192907450781e-09
4.3172578709649e-09
4.37633178948699e-09
1.7150919609171038e-08
9.0473064940505e-07
9.208787933780854e-07
9.308825771074322e-07
5.708743787066761e-08
1.0380796135883719e-10
-7.003940604996886e-07
1.9644822660952466e-10
-3.131794580914758e-07
7.403218579990887e-08
7.365182284525657e-08
9.513199220060969e-08
9.51314654306491e-08
0.0
0.0
0.0
0.0
0.0
2.815994013626867e-05
2.8172829520800862e-05
0.0
0.0
0.0003681125340775365
0.0
0.0
9.817426134377939e-09
3.607849506215691e-10
0.0
1.545847894135477e-09
-0.0011191200291133432
8.965791309907369e-05
6.176970345761664e-09
0.0
2.853771284848382e-07
0.0014151006935556709
0.00043012529189467646
0.0005426361211508634
0.0015937150980987525
0.007791031891344174
0.0001637622166730008
6.768739993650433e-08
0.0007179979657802341
0.00045404975964302545
0.00013242984357590595
0.00010779662053016544
0.0005779414903484644
0.0021185416212687993
3.922629558197632e-05
0.0004270875300484502
8.842645725516431e-07
9.856478522217282e-09
0.0007172966208975457
0.0004539787658607192
0.00013320036928247557
0.00010721973108035052
0.0005782039455765802
0.0021185483842338744
3.953207708916293e-05
0.0
9.622140296827102e-09
0.0
2.0722775268748073e-05
0.0
0.0
0.0
0.0
-0.0125105544393765
0.01233323349366957
0.01252613136761567
0.0
2.104145042241345e-09
0.0
7.509220430508294e-08
2.3301583638556293e-05
5.482636831323321e-06
3.418309359975398e-09
0.0
9.817415219893879e-09
6.113332922284685e-09
0.0
0.00021673342174112427
0.0002139594904245432
0.0031084905507886163
-0.0011453879663196886
0.001471276995273413
0.0
0.0
0.0
0.0
0.0
2.020565262311387e-05
0.0
0.0
4.038935149100343e-05
4.0389351490988024e-05
4.038935149100914e-05
4.037965940466324e-05
4.038935149096822e-05
8.226224196878035e-06
1.2288999038163597e-05
-4.884367799107281e-05
1.6370799799632014e-05
0.0
1.4796013928599718e-08
3.275377073826507e-05
3.2753770738280445e-05
3.2753770738286096e-05
3.2743966702864894e-05
3.2753770738245154e-05
1.588129592682073e-07
6.276902171480511e-07
0.0
1.5552467444794555e-06
1.545995815189695e-06
1.5503326656494456e-06
1.5552467445373131e-06
1.550332665750908e-06
3.948061564681909e-06
0.0
0.0
7.872191830341437e-06
7.872191830356872e-06
7.872191830362594e-06
7.862565789921658e-06
7.872191830321671e-06
1.528316925751211e-05
2.121037459486755e-06
0.0
4.222490023557651e-06
0.0
0.0
0.0035646388837434558
4.9900489823657654e-08
0.0
1.772794061487073e-14
1.048607255588827e-09
1.5137980831334464e-06
2.2472621096044904e-07
6.8025223837925335
0.0
0.00011775379049392406
-0.0004363364134043455
0.0005828744243681065
0.06700307023600696
0.049119717566600274
0.0
0.0
0.0
1.5576434843688286e-09
1.0166755215689686e-09
0.0
0.0
0.0
3.1186911597194298e-09
0.0
0.0
0.0007798715480059806
0.0006244571993763483
0.0
0.0
0.014624267122081161
9.454531498485937e-10
4.821413907633462e-09
0.0
0.003752072060167753
0.0037520720601677583
0.0006526919905512672
1.645528963321797e-08
1.221995345282184e-07
0.0
6.091266660069683e-07
0.0
6.089634342398379e-09
0.00034927227141289907
0.0
5.30720176893109e-05
7.831941702259832e-07
7.20026695953619e-05
0.00042147872511216696
9.469728005283532e-06
0.0
0.0
-0.0013307575216338187
2.6435780560817347e-05
4.465695662179629e-06
5.6679900901107645e-05
0.0
9.310868613533771e-10
0.0
0.0
9.59716859578706e-10
-2.7824729973835946e-09
0.0
2.748388992106639e-10
0.0008072783184260639
0.0020103356085658434
0.002010345253793623
0.002931334912824653
0.03809114724803138
0.0007633087096670364
6.347546178282474e-09
0.0
6.744326711238465e-09
0.0
0.0
1.1295805232481215e-09
0.0
0.0
0.0
0.0
0.0
0.0
0.0
0.0
0.0
0.0
3.5839980762245865e-09
1.0510741744019496e-07
0.0
0.0
0.0
0.0
0.0010027097767933877
0.0
0.0
0.0
9.061663310533446e-09
0.0
8.982911493053774e-10
0.0
0.010528421203051197
-7.445855617662362e-05
9.024869853913549e-05
0.0
6.562286845393262e-09
1.3140753834440005e-14
0.0
0.00014325966812831333
4.933711089223655e-05
0.0006937679028439265
0.0
0.0029318704247812363
6.302778258495895e-06
6.302778257272891e-06
6.3027782597880075e-06
6.3027782613346405e-06
0.0
0.00011485153911611895
0.004083274753051774
6.743729117994873
0.0
3.024974130539146e-05
3.0255341160904514e-05
5.5998555191714815e-09
0.0008406713475485948
1.5036627777017277
0.0
0.0
0.0
0.0
1.5045034476036059
1.0510760769449016e-07
1.0510724242646308e-07
1.0510708265352666e-07
9.759044401367808e-09
0.0
-2.7828032783286108e-08
0.00012625202333283033
0.012003106020022747
0.0
0.010128244393028396
0.0020313047512825902
5.240066340293145
1.5045034476036125
0.017613208484281922
3.101750235150867e-16
0.0
0.0
0.0
0.0020103452537941963
0.6144799341435444
9.712547324545152e-05
0.0009462064889868741
-0.013678065063796374
4.129748113238792e-05
1.1609426342633847e-08
1.5790142365134146e-05
-0.0002049041859670188
0.001595369586485981
6.091266664546371e-07
6.09126666703545e-07
0.0004896649815570105
-2.3539522892562683
1.73907974680502
-1.1023987835964198e-07
0.00024561059325067737
-6.617097209934394e-09
-6.617097238936389e-09
0.0003755441409564572
0.0
0.0
0.0
0.0
0.0
0.001207297163024553
0.0
-2.8214137721277336e-06
5.297997986500325e-10
0.0
0.0011191078302510095
0.00024542410687127854
1.8140772986401652e-07
1.1282958827290884e-06
0.0002335644792473008
0.00023261224019758357
-2.478470897256889
2.47838504755471
-8.584970217937657e-05
3.949659383833439e-05
1.722381368955419e-05
0.0003236131720240352
-0.00012061131555790824
-0.00025061889009269544
0.00010480324768359776
1.339730855242081e-07
0.00023437023168109794
1.369213795008349e-16
10.605454098813333
-12.439233740399894
1.8337782913720684
-1.3502144929140568e-06
1.9701327208998405e-14
4.204352258072782e-07
4.2043514529883083e-07
4.204351774365061e-07
0.00551489838637754
0.00892534531761578
4.3653099796886374e-10
0.03811668463496157
2.5611038753347115e-05
6.5802052358908864e-15
0.0
0.0
1.5447362067632853e-08
0.0003681184390645778
0.0
0.0
1.9084674351736388e-08
0.00016603462199246842
5.350323554841348e-07
9.597167842711903e-10
0.0
0.0
0.0005672485143071143
0.00048137811614602484
3.9491925539634255e-08
9.807104144466376e-09
2.844372063836855e-07
2.8443722965278233e-07
4.945580309126188e-10
0.0005672389414016995
0.0
9.715530430755993e-05
9.711678616786286e-05
0.0
9.923764180850767e-09
9.712547323166986e-05
3.144108234095251e-09
2.0973679816529036e-09
0.000768138272731184
0.0014619061755817195
0.0026317821281695653
1.938568813816626e-09
0.00018975965961755384
0.0007775967727182455
0.00025885294274276076
0.0015552382193023133
9.859428856234584e-09
-0.0015552283598795845
0.0
2.998583069970277e-09
1.9549414678077973e-08
0.0
-0.07088340405087834
-0.07910287457233367
7.099059828290335e-08
1.22770737361153e-06
-1.227707367090277e-06
0.0
0.0
9.045188011900745e-07
9.206669455428043e-07
9.209583538454498e-07
5.6875614765604376e-08
-1.0801476466731907e-10
-7.006057909262828e-07
0.0
-3.037149337562631e-07
0.0
6.626962709054846e-10
0.0
5.671338794083019e-09
8.027022478535288e-05
1.855485295911255e-05
0.0
2.8024683095891408e-08
9.87554955145964e-09
0.0
1.0510914550246781e-07
1.0510840006405922e-07
1.051101138164644e-07
1.0510958158725891e-07
1.0510872471083972e-07
1.0510693812162137e-07
0.0
0.001005488011740147
0.0001432521775350701
0.0018607568290584127
1.6929008565477483e-08
3.77577488872965e-09
0.0
0.0
1.591482043033807e-05
1.5914820431052065e-05
3.8505446262714525e-16
0.0002135719796264688
-0.00022904133532972932
-1.5469355702579333e-05
0.0
5.6713362052531615e-09
7.614083297239383e-08
0.0
0.0
9.201201508496184e-09
0.0
3.1439511516019027e-09
0.0
0.0
0.0
-6.302869594888904
6.302856843109223
1.275177968037611e-05
-1.995993120704831e-05
1.8934656282471224e-05
1.034476123604631e-06
1.591482043175826e-05
0.0017668135884747278
9.15643067373443e-09
0.0004271044590559846
0.0001285842591142068
0.0
0.0
9.614597820062233e-09
0.00043505017865732426
9.86227305091213e-09
9.862266919694634e-09
-0.0018250148647780406
0.0
7.894795526682302e-09
7.969372164926713e-09
0.0
7.969349044927576e-09
7.969325120165091e-09
0.010585975576235349
-4.144411123878149
4.14441111402734
0.0
0.0011868760165481384
1.311284948867628e-08
-9.428860320993204e-05
9.894132539220403e-05
-4.647734077624259e-06
-4.647734077620655e-06
1.5914820432889032e-05
1.5914820432361815e-05
2.604511360803144e-07
-1.3833144660553923e-06
2.2445886942648942e-14
5.745392830479303e-05
-5.7471154969002046e-05
-7.714125054643428e-09
-3.1713362225859604e-05
0.0037630640743515956
4.726084432153577e-10
4.040404506984633
4.040404504380371
0.0
0.0
0.0008437329342664058
0.0010147484861205787
0.0
0.007695222244086228
-0.0076951991700002645
4.4833541365605016e-10
-5.480420249525644e-10
0.0
2.1252045590007294e-06
-2.1252046031074168e-06
-2.125204647238782e-06
2.1252046913412494e-06
3.4183155479442337e-09
0.0
8.170144751150868e-08
8.170100694174635e-08
-4.103597928697966e-06
1.3833145415306086e-06
0.0
1.1217570319414357e-06
4.390392763535051e-07
4.3903926548100383e-07
4.390392602962943e-07
0.0
4.98378963326386e-05
0.0019644413185619224
0.002013361366416603
9.178484785266095e-07
6.848498326040502e-08
3.317829282552953e-07
9.313334381911426e-09
9.313334598130138e-09
2.2556240941993385e-08
6.768442564355522e-09
0.0
0.00020479344894479035
8.8441480862242e-11
9.541864101186073e-09
1.9674213106633366e-10
9.651465195242114e-09
3.814353264908132e-05
3.762411271787579e-07
0.0002048126422723805
3.909545773601252e-07
3.814353264892578e-05
0.0
0.0005961817704852451
0.0
0.0005961885389277908
0.0001241772677385887
0.0004363565906348628
2.125204427752883e-06
4.3635111905232953e-14
0.00130716239159865
-0.00130716916752217
0.0
1.3397309978812791e-07
0.0
0.0
0.0
0.0
0.0
0.0
0.0
4.341342080385429e-09
8.89060401205721e-09
0.0
0.0
1.669667473182708e-07
2.9189385990169983e-05
4.450366664979849e-05
0.0
2.3037010383148385e-05
0.00011968272328922713
0.0009931390611391806
8.235238449905316e-09
0.0
0.0
0.0
0.0
2.3917221727444438e-08
0.0
0.0
6.956504869518759e-09
0.0
3.8672589098268765e-09
4.149036938002951e-07
1.5228727207373182e-09
0.0
9.784909238749495e-08
0.00023682765847715632
8.091321195946611e-05
1.9149287145411194e-05
5.400480953728576e-06
8.809578379624511e-05
2.9562348465064707e-07
3.6269450118273154e-05
0.0
7.4376942378709484e-09
0.0
8.148832042982854e-09
8.327729366319176e-09
1.1260051378388661e-09
9.555818436372127e-09
9.630944346929415e-09
0.0
9.22399024923419e-09
0.0
0.0
0.0
0.0
7.685405289296619e-05
1.1246955191772134e-07
1.3786078541624846e-07
4.196230097125402e-05
0.0002490492250913049
0.0
3.524053040376968e-10
5.952906992889892e-05
0.0
0.00010530141406753266
1.2628068832477945e-06
0.0
0.0
0.0
0.00011821896934976414
1.7213423302699004e-06
1.1743630325007454e-14
0.00178179772262316
0.0016818342975801425
0.003465348476843653
0.0
9.492626306674978e-09
9.49262632320406e-09
3.9794311880359265e-11
0.0
0.0
0.0
0.0
0.0
-6.751950169021253e-09
0.000623730570853964
0.0
2.5541750285581844e-08
6.57648783621681e-09
9.573926315078518e-09
9.573926830758868e-09
8.68372925190945e-09
8.68372950408534e-09
8.543186388099333e-09
8.543186744494501e-09
8.402086870681947e-09
2.8997461500841726e-16
8.402087310264285e-09
0.0005551986645452465
3.389535227351722e-05
0.0005890876582733474
6.358545733345378e-09
0.00019259677904678483
-4.9478475178617296e-09
6.177716581821499e-09
0.0
0.0
0.0
0.0
0.0
0.0
-7.649759417380903e-09
3.936087473829688e-08
2.9786215935074358e-08
3.936087597429939e-08
1.1572188748542461e-05
1.0538367030829912e-14
7.44024881441899e-05
8.705068283711992e-05
7.82936113930183e-08
3.518186603120431e-05
7.829354306764673e-08
1.5139765047506467e-06
3.0504144562627095e-05
0.0
3.52602167840231e-05
1.0165002444744517e-05
2.899016810348394e-05
7.829978517914524e-08
0.013976845399779739
7.004430673620197e-05
2.0628818974856976e-05
0.0009506769293576336
0.0018455760965934841
0.0
0.0
0.00016345776653064483
0.0001634541825324957
0.0
6.789029528770966e-10
0.0
0.0
1.8990023690677037e-05
4.1442416061680244e-17
0.0
0.0
1.3777839759871874e-10
1.0448604591309612e-06
0.0
-3.213280927513825e-11
0.0
-3.4293791681585963e-10
0.0
0.0
3.5496616471131446e-14
0.0
-2.9166182332715446e-10
-0.0006596406176115662
4.0792113012341454e-08
4.335506773719471e-05
0.0006163263419873806
0.00016288112941882697
2.276400209817889e-17
3.936087376218549e-08
0.0007630803084259766
0.0007630803084259816
9.869082995606047e-09
1.0164996817199846e-05
0.0
0.0
0.0
8.70563819521803e-05
8.705638190753338e-05
0.0
4.323668153525726e-08
1.1324704844804485e-07
0.0003042574085612791
4.1967734621422673e-05
0.00017596444904063668
6.577115211581858e-05
1.0155258483644713e-05
8.705016742655991e-05
7.829971722560564e-08
-0.0003042404944567632
-4.196027863116058e-05
-0.0001759734288568733
4.453470472612734e-08
0.0
-3.5428897744073263e-10
4.432285679653489e-08
0.00018245895563450527
0.0001319011256008695
0.0
0.0
0.0
0.0
5.056107929013509e-05
3.2492565024821595e-09
0.0
1.6696581918811825e-07
1.6696537492733463e-07
1.0510809071090821e-07
0.0
-1.2297344471306468e-09
0.0
0.0
0.0
0.0
-0.001615767499961676
0.0
0.00016304190981635653
7.829368031652884e-08
0.0
0.0
3.0075741908365407e-06
0.0
-5.788527789149685e-10
2.7261747173863523e-07
0.00011269258231712265
0.00011269258244374358
1.0448584389923276e-06
1.855542649090434e-05
0.0
0.0
0.0
0.0
0.0
0.0
0.0006565305235430226
4.834365544619189e-05
0.013332711132515784
0.00019086254696523933
0.04855590288814234
7.600843497325095e-06
7.0110740607934226e-06
2.0783944829995996e-06
2.575233980030884e-06
2.9700695926660405e-05
0.06721846069519825
0.00017649042084180987
2.0762927101624566e-06
0.00032694481104114035
4.406097528651583e-05
0.00022736491576953646
0.0
0.00037402581618433686
6.955657270587023
0.0
0.03784172900748395
0.0035406737635267065
0.0024885368132827124
8.739106068362439e-05
0.0004715378737605605
3.6619827515672627e-09
0.0001755189603272669
0.00018577158799977343
0.00016363118477227823
0.00205815488818889
1.4557768078304999e-08
0.00016423152503141088
0.0049374999926083745
1.5188329516224857e-09
0.00505671117852987
4.5021857942866545e-05
0.0003321716573155358
9.957674554215512e-05
0.00022479803214897598
1.5911490162674805e-08
0.0
8.474471418736294e-11
0.00022736689270946994
0.00032694481107404074
5.319377259748624e-15
3.1497941368854143e-09
0.0
0.0
2.908152876609674e-08
0.0
0.0
0.0
0.0
2.1391458676971773e-10
0.0
0.0
0.0001509322163694196
0.00015093221636942262
0.0
0.0
6.943694100879141e-06
0.00010690569664004568
9.900832448898479e-09
0.000484531016903171
9.930540840253604e-09
0.0002881108130892295
9.895151828822745e-09
6.615502575098183e-09
3.131183594935365e-05
5.484902349256378e-08
0.0002908229410362196
9.204970026489836e-09
0.0019391563824890479
8.966677884562932e-09
2.1176356712568303e-06
9.504876592116362e-09
4.1530451624226606e-05
9.904600268388057e-09
0.0027723552265110315
9.925247244398248e-09
0.00034219551141200394
9.934898811466939e-09
0.00065297016906597
9.89405068918754e-09
0.0001662731124918332
0.00011800465965302694
6.5375071132836885e-15
6.367895006982249e-15
0.0003971160222023254
1.9385688089543375e-09
0.0013182853187453363
0.000358143148931615
0.0002881108130957006
0.0026317821281567986
0.00034647016147806435
0.000433510359378121
0.00016193479084947895
0.00015095929728179756
0.0006584911293142348
8.714582095770512e-05
0.0
7.440655009363687e-07
0.00011325857750443021
0.00040933440362163104
0.0
0.0
2.276129611114888e-08
2.2151650712028344e-10
2.2151421988397662e-10
4.4293401305823105e-11
1.0335812889064925e-10
1.624318184833645e-10
5.906907157684711e-11
2.953212264552182e-10
1.7720489002166697e-10
1.18137487396668e-10
2.362639050979889e-10
0.0
0.07121860985043682
0.07120332797358897
0.001267382162726505
0.0
3.147138633601172e-05
9.563918620649423e-09
9.918169582503387e-09
1.6778718276435548e-10
4.4405997453583133e-10
4.549298664045555e-09
0.0
0.0
0.0
8.589590583150891e-09
0.0
0.0
2.125204500552026e-06
0.0
8.850951679705308e-09
6.581939196862632e-06
0.0
9.59621926275528e-09
0.0
7.055947552463687e-10
0.0
4.214143068571686e-09
0.0
0.0
0.0
0.0
0.0049449414413994
4.154939346078579e-10
8.487056144488774e-09
0.0
-6.581939202361144e-06
3.00008310010871e-08
4.333522743442083e-17
1.226873803894051e-09
1.4387259381475137e-09
0.0020092176023605436
0.0005092571990875167
0.0005323493833689551
0.00017409675303844578
0.0003699444713889488
7.28210753826193e-05
0.00011273246512300461
0.0011353462575905385
2.2216836919108863e-05
0.0
8.72646241725783e-10
8.031699058659066e-10
5.913182430050215e-10
0.0
0.0012198019772046095
0.00033629479709694704
0.0016291835466058279
5.353960274158484e-05
0.0003027188078803411
0.00036911686082854414
0.00011474350877271484
0.00018626656441174746
0.00010986542446313016
2.4895787920658255e-05
0.0
0.00014355508590704422
0.0003754241071050435
2.260110964516172e-08
0.0003261619952696156
0.0
2.7089619475204924e-06
0.0001405690010225768
0.0001897596596111807
0.013720225994063275
3.035399615969949e-09
8.285432520185662e-09
8.589590337201394e-09
4.966490449372795e-07
0.00015600948352920276
1.5204509323766048e-05
8.6146051450233e-06
4.2453434362469775e-05
0.00024925061350663104
1.1708368310414762e-05
2.8922350348459554e-06
0.0
0.0
8.58959067697239e-09
6.975371723837822e-10
0.0
1.5584854774008795e-05
0.0
0.012333233493669823
0.00039994326314800793
0.00024187050494084287
0.0002737293765530437
0.0001237682874269579
0.00015353970015356556
0.00012150699704805352
0.00012191646231955776
1.4336336544873148e-05
-0.0006526919905514811
0.010774023092049485
-0.027733254600321403
-0.010528421203051086
0.03809114724803122
0.0
1.777821267978652e-07
-0.001525002960114093
9.415933023028064e-05
0.0
0.0
1.4141167839011591e-06
0.0
0.0
0.0
3.5348788298582146e-05
9.415932999379385e-05
4.843626075599199e-06
0.0
0.00012363793273947058
0.0
0.00014213827594078686
1.414116412612576e-06
0.00011993490675925119
0.0
1.6446678612752466e-06
0.0
1.4169036916199269e-05
0.0
0.00012950811876532396
4.834949164550858e-06
0.00012362968317436963
0.0001435523930959573
0.00011992613366431077
1.6357402715168946e-06
1.416208611556679e-05
7.40618878805527e-08
7.406188698642512e-08
-2.2769025482646983e-06
1.0450888695662328e-14
-1.4057734899868002e-06
-1.3960493090020611e-06
9.86908288590573e-09
0.0004229130432915236
7.2048981957853475e-06
0.0007939796921977152
0.00023682765871359024
8.091321219664478e-05
1.914928738279589e-05
5.400481324974277e-06
8.809578416687065e-05
2.9562385842909775e-07
3.626945049221396e-05
0.00015601289555033853
1.5213936507697742e-05
8.623727151932256e-06
4.223951885200949e-05
0.00024912701261216443
1.171442849861059e-05
2.9113564508801714e-06
0.00026606041834310585
0.00026886861601192036
0.00010544099357602103
1.2659689699197756e-05
1.5549461094882537e-06
0.00012026526929958236
1.481238794683883e-07
2.918938610838229e-05
4.450366676838283e-05
0.0
2.3037010568756394e-05
0.0001196827234745383
0.0009931390613260637
8.23542540810328e-09
0.0
0.0
0.0
0.0
2.391740727225796e-08
0.0
0.0
6.956623220659195e-09
0.0
3.867377699747789e-09
4.1490387954922625e-07
1.523058170585157e-09
0.0
9.784927948118823e-08
-0.0001432596681547156
2.097330542892977e-09
0.0
0.00028317018664704175
0.0
0.0
0.0
3.007574198355981e-06
-0.0030530809814925263
1.1194042643827357e-06
0.0014512911900915395
0.0006192635744539183
5.8478110486508434
0.0
0.0
0.0
0.0
3.045633327797601e-07
0.003478160432578278
0.0
6.981232796408486e-09
0.0
0.0007681303526156624
9.668033597754307e-05
-1.5678736371034034
-0.0105718413413598
0.001075940250606602
0.0
6.20855880199602e-07
2.276902569054827e-06
0.0
7.869321630547562e-08
0.0
0.0
0.0
0.016208890372564316
0.0
0.0
1.579014236396427e-05
1.579014235858444e-05
2.6045119705888656e-07
1.591482044641388e-05
1.5798541812310366e-05
1.5914820453153774e-05
1.5790142361064624e-05
1.5914820439651665e-05
0.0005081391928828145
9.068640569151778e-09
0.0
3.652978623538011e-16
0.0008848344551456884
-0.0009776581162148634
9.273600234320087e-05
-8.765872472338287e-08
-0.007040524820906668
5.409855512918311e-10
0.0
3.1521636103216608e-06
7.68410107554276e-05
1.1048053717090722e-07
1.195156193801532e-07
4.226477031061062e-05
0.00024943619396679967
0.0
0.0
0.010774023092049416
0.0
0.010774023092049244
0.0
7.684101099195575e-05
1.1048077445099319e-07
1.195158568127347e-07
4.226477068198732e-05
0.00024943619433752834
0.0
0.0
5.847811048650844
-0.011865829213729029
9.689975084131099e-09
0.0
-0.0003949808646366536
1.2322130674873918e-05
6.619242375603216e-06
0.0003883714281280786
3.4934895918047366e-10
-2.8554008290724542e-08
-0.0006741199835100912
0.0005809659484608404
0.00045547390758356843
4.7400656129364674e-05
0.0010038007168768682
6.186780981619426e-05
0.0014874648236308174
0.00043504690908080425
0.0
0.0
0.0008242207688200639
4.99380291810202e-07
0.0
2.7312518778357218e-09
0.0008242277715629199
0.0
0.0
0.0003947603633287128
0.0
3.0075742102573905e-06
0.0
0.0
0.0
2.3819728575173143e-09
6.754714449953144e-09
6.75470675277417e-09
6.754699052526819e-09
3.1498091655686674e-09
0.011262037867995506
0.011262037867995725
0.0002368731757917781
8.971545096926734e-09
0.0
1.048695699694582e-09
4.194595032300201e-09
2.0972830408093043e-09
0.0024183857119244798
2.0305168903428413e-09
0.0
0.0
0.0007622917797283345
0.0007622917797283376
1.0510781318912032e-07
1.855542649097047e-05
2.271436082035166e-09
-6.700109000707007e-09
0.0
8.691894212661783e-09
0.0
8.691894701927522e-09
0.0
2.814440919033682e-08
7.631459794604544e-05
6.999286743478587e-08
0.00045552024338645937
1.3975534204609516e-07
3.2691786659523095e-05
0.0
1.2924367545085408e-08
0.0002534215625816276
0.0
0.00025814035781480596
1.5071345939876633e-08
0.024666687997504794
-0.013449553403595896
1.0426651286117731e-14
0.0
0.0
2.144035618738134e-09
0.0
2.1440119130700655e-09
2.1439881961720356e-09
4.20435129269712e-07
1.1207182194876283e-05
2.6991230554873616e-06
5.801594735364521e-15
0.0
0.0
-7.758968578741587e-09
0.0
3.430371246234486e-06
-3.420624577848788e-06
2.5276659755987236e-16
4.303402896117134e-14
1.484842013341922e-14
6.799668359187926e-16
5.181938202463592e-16
2.7466844556507558e-09
0.0
2.746684448365252e-09
0.0
8.447982041541594e-05
0.003161648202139734
0.00011822089533104212
0.006730415946643673
1.1807233497434308e-16
2.444393555081456e-16
-6.324158536995529
6.324143959479373
-1.4587496853788998e-05
2.6163964298276513e-09
1.1207182189866837e-05
1.1207182191129214e-05
0.0
1.048579438884844e-09
1.0485418204459108e-09
3.1449874704075897e-06
3.152163625372691e-06
1.0344761138299784e-06
7.176166322825059e-09
0.0
0.0
0.0
0.0
0.0
0.0
2.655527565537078e-06
2.648530876479989e-06
1.1207182192792599e-05
9.406597122858507e-15
9.406597142299815e-15
0.00011497801884890602
0.00011525069950212006
-2.726806440555743e-07
2.726174721675694e-07
0.0
0.0
0.0003258496627953728
0.0006389912600346054
0.0
0.0
0.0
6.327418333799135e-05
0.0037166478133316403
0.0037795245412869266
0.0
0.1278899245551138
0.0
0.0
-0.009599444504354793
0.0
0.0
0.0
0.0
0.0
2.710338458533346e-06
0.0
2.0065664258826863e-06
0.0
1.4681262127784222e-06
0.0
0.0
0.0
0.0
0.0
0.0
0.0
0.0
0.0
0.00019317623121963614
1.7091846758973522e-08
1.709182962076597e-08
1.0510772948303306e-07
1.0510776365731102e-07
1.221995403067793e-07
1.6696628216426627e-07
4.97635933351842e-09
4.97635933351842e-09
0.0
0.0018741336088293039
3.430371276447813e-06
6.8025223837925965
0.0
7.775016318125654
-7.7750163011948406
7.425940275973496e-09
9.448456510781994e-09
0.0
0.0002662050416289071
1.5588096177945284e-05
7.954066251365964e-07
1.3773435750066299e-06
9.689977415905885e-09
1.8934656280424765e-05
1.1877729689332228e-15
0.00013598112822284358
0.00033164031687413995
-2.5996609929962164
2.599856671229042
0.0
2.1367192943702166e-06
-2.136719291899447e-06
0.0
0.012335122055012034
0.012331554797496922
7.451848159853342e-09
3.989360425645453e-09
0.0
0.0
-3.7626980303829345e-09
0.0
0.0
2.1367192986053572e-06
2.242828555452471e-06
9.44834558706957e-09
0.00019317727995190362
0.0
-0.0015833858045521954
0.0
2.0153250837181575e-07
0.0006398777475424843
0.0003623788907074403
0.0010022664367457244
0.0003623788907071898
1.9592086876315957e-08
0.0
3.3721340689526934e-10
0.00026428496149288666
0.0
0.0002645496903797174
2.673332363930518e-07
4.4356547723789205e-14
9.433278175427384e-09
9.433366819441094e-09
-6.302623986428324
0.0
0.0
9.816795274342651e-09
9.87500508842024e-09
0.0005099370446922996
0.0005099370446923026
0.0
0.0
0.0
0.0
0.0
9.620074594500326e-09
9.620126518094727e-09
-6.111559598922439e-07
2.6056692123774044e-14
1.914164617641964e-08
9.521623624947532e-09
1.1812835157476373e-13
3.339339700181761e-07
0.00020490418595691488
9.742433106642121e-09
9.878807438754722e-09
4.214624894581357e-10
1.7032837664929855e-08
7.521348340589463e-09
3.33934223445821e-07
0.0003261619953963239
0.0006526919905508495
0.00032616205429150604
0.00020490418596651142
0.00020490418597554475
0.00032616199538763364
0.0003261606959343126
0.0
2.752729393170931e-08
4.059312549686026e-08
2.8665400404179997e-10
0.0
1.772199567208187e-10
7.0255706511150775e-09
0.0
2.2379054333944628e-08
2.2379049955546332e-08
3.340370312421306e-10
9.649826737850115e-09
9.649834448004213e-09
2.2379049277374422e-08
9.790370299850665e-09
0.0
1.3920642433315891e-05
0.0003261619953001931
3.339340954866697e-07
2.237904878507044e-08
2.2497174404594746e-08
0.00012126680116183086
0.0
0.0
0.0022116215949070555
0.0
2.24381114156518e-08
2.237905200477677e-08
1.0486153625653725e-09
7.614082951999594e-08
7.509221074237278e-08
0.0009307255049802378
3.007574203404551e-06
8.265256873007223
-8.265256869123425
0.0
3.0000831880483894e-08
-1.889313389421086e-05
-1.8893133894637968e-05
1.3940851213432394e-05
0.0006446323203061173
0.0009792880330722188
10.862653778986369
-10.862653721784916
-4.441508340733161e-09
1.6696697992234478e-07
-0.0005260355509513204
1.4829935163735573e-14
9.639342758823046e-05
-9.638356632879597e-05
4.0413555806198234e-10
-0.0005240556747536651
0.0
0.0
1.3940851218317346e-05
0.001518701547232124
9.809786689141795e-09
-0.0015186917374515009
4.4323581038742137e-10
0.002637404811753691
4.5057682188286e-05
1.9795370629141495e-08
4.3701285793278264e-10
-4.032953650951994e-10
0.0017711078462044289
0.0
2.268423863917349e-09
0.0
0.0
0.0
0.0
-9.860439103094777e-09
0.00032249473681297646
0.0004239922880569401
0.0005944011212112047
0.0001520875071335235
1.6034748144126663e-09
