0
0.0
0.0
0.0
0.0
1.6806166918389552e-08
1.0878748463738007e-08
0.0
0.0
0.0
0.0
0.0
0.0
0.0
0.0
0.0
0.0
8.206761321057287e-09
5.239906954173318e-09
0.0
0.0
0.0
0.0
0.0
7.312937045510801e-10
5.629158343046e-08
8.216017606035174e-09
0.0
0.0
9.820820983463003e-09
1.6556164244328268e-07
0.0
1.9292644195177875e-09
0.0
0.0
1.9181637604844314e-09
0.0009252748398477029
9.332067497711614e-09
5.3230935963882325e-09
5.358737392070834e-10
4.5626950441112405e-09
3.575463091107898e-10
5.2343924006790434e-09
9.43647882190787e-09
0.0
2.8054376164091928e-09
1.567220860753417e-08
0.00017386126655298472
0.0
0.0
0.0
0.0
0.0
4.2333047964197565e-05
0.0
0.0
1.4154908699209372e-08
0.0
5.336319582211829e-09
2.7359928398152935e-06
0.0
0.0
5.799610209175311e-10
0.0
0.0
9.869687230103972e-09
0.0
0.0
6.4683056759188e-08
1.6648830427644437e-19
3.3842294189047545e-05
0.0
0.0
9.59587778495577e-09
1.0152001185233586e-10
5.200694479412404e-18
4.4722708219904925e-10
2.327903490386839e-20
0.0
0.0
5.954320799851622e-09
4.619657960576522e-06
1.015200076781575e-10
7.300791391121453e-22
0.0
0.005724367300210739
4.897588798729924e-13
0.0
0.0
9.440034789097993e-09
0.0
0.0
2.604722342838375e-09
0.0
0.0
2.7119139215289723e-09
8.394514353103959e-09
8.952498295874787e-09
8.519144335247828e-09
0.0
0.0
0.0
0.0
9.757553766978168e-09
0.0
0.0
8.17930329611335e-09
0.0
0.0
3.3841375072155944e-07
0.0
0.0
8.873409302890402e-09
0.0
2.8522925374914148e-09
7.302512209779829e-22
0.0
0.0
0.0
2.8505083054526292e-09
0.0
5.613586527683005e-09
0.0
9.485022762996223e-09
0.0
0.0
2.262525812282407e-10
-0.00011129317050162513
0.00011123305135331241
9.89210071528037e-09
8.666916486653772e-09
9.906503466169907e-09
0.0
9.655088217724056e-09
0.0
0.0
9.071226922207859e-09
0.0
4.046768601909746e-07
1.4101184394110154e-08
0.0
1.830394441661014e-08
0.0
1.9251693397652386e-08
2.730800638996742e-20
1.6582729836929022e-08
0.0
0.0
0.0
0.0
0.0
0.0
3.044012226006397e-09
7.221791294459237e-09
7.993822233796423e-09
7.738413680264456e-09
9.019074806711242e-09
2.5808109551182893e-10
0.0
2.6052299782887453e-09
0.0
3.773861027861606e-09
3.395207100599171e-17
0.0
-0.0015146703570189102
0.0
6.081134602595861e-10
0.0
2.324318762947579e-09
0.0
1.0360654008157093e-05
0.0
0.0
1.9476361459974507e-08
0.0
8.29607851109919e-10
0.0
0.0
7.997397825221322e-07
0.0
0.0
0.0
0.0
3.880424943802128e-09
0.0
0.0012649883509627466
0.0
0.006390403828087446
4.064973611351142e-10
5.175421405504825e-08
0.0
0.0
2.6347265279773218e-08
6.10702504353716e-09
1.1989804350673349e-20
1.2955821852918204e-06
0.0
2.923289644000084e-07
0.0
4.829592239821561e-06
3.765590437807519e-09
0.0
0.0
1.7470885832093425e-08
0.0
8.743695954456069e-09
3.806955309153259e-09
1.6085365250922425e-08
0.0
2.545478836444804e-09
0.0
2.3992126315595974e-08
8.725990631814698e-09
0.0
9.694814962718974e-09
6.091968530222615e-08
5.958008780971744e-09
9.507458432081738e-09
7.429856203125515e-08
0.0
0.0
0.0
0.0
0.0
9.170019333216422e-09
0.0
7.332870108783629e-11
0.0
0.0
0.0
0.0
6.040837697932134e-10
6.040837697932134e-10
1.6919668124242351e-10
0.0
0.0
9.817219406706216e-09
0.0
0.0
2.6601356831514598e-12
9.612886471182674e-09
1.1355695740041653e-08
7.697835424647081e-18
2.7510932387670546e-10
-0.00026318646489584957
6.296899147465178e-12
0.0
2.0438881540650868e-09
0.0
0.0
1.367777703324303e-20
0.0
-0.0059646239548172275
1.4386327266483494e-24
0.0
0.0
8.81914873122798e-09
0.0
9.913630266302265e-09
8.296322346332119e-10
6.562031084439707e-09
0.0
0.0
4.413380882278828e-07
0.0
9.197784642848363e-09
0.0
9.021407662955072e-10
0.0
6.157869740332221e-10
9.214540224471231e-09
0.0
9.077942737524906e-09
0.0
0.0
9.635097486540944e-09
0.0
6.075059888299119e-09
8.613361957383328e-10
0.0
0.0
0.0
4.649809471588573e-10
0.0
0.0
1.2901088772448202e-09
2.7460679147898155e-05
0.0
0.0
8.857798750369778e-19
0.0
-5.915254181702162e-08
0.0
1.8991114787315332e-05
2.1517092055118696e-09
9.356020410627111e-09
8.709356312234382e-09
9.615614989785967e-09
9.73990836375399e-09
0.0
0.0
0.0
0.0
2.2901504678132013e-06
0.0
5.41418871246548e-09
0.0
3.442171017623212e-10
0.0
8.394514348914868e-09
0.0
5.0142499545593125e-09
0.0
0.0
0.0
1.71701136169698e-08
0.0
0.0
0.0
0.0
0.0
0.0
0.0
6.216279471542576e-09
3.413856115350395e-08
0.0
0.0
8.382267374647103e-10
0.0
0.0
8.57956709768257e-09
2.7958077539658833e-09
6.646726903949702e-12
8.092831351853779e-07
6.016605334528798e-07
4.323851594768165e-06
2.324256595047843e-09
3.947215849351109e-06
6.219584628550057e-07
1.5731597043310603e-08
5.38524041881355e-12
5.3852405729735466e-12
1.627953870245044e-10
1.6279538705937443e-10
7.021917609300515e-09
9.894630035085514e-09
5.711376839184279e-10
5.164445473147821e-10
9.920766827861043e-09
2.805933787159615e-10
0.0
0.0
9.666842516316008e-09
9.906075683484185e-09
9.961535472202633e-09
9.920766830636e-09
0.0
9.040509523979445e-09
2.699262563054996e-07
1.0526548750704172e-06
0.0
2.1067640358993296e-06
6.100372276570042e-07
0.0
6.730022201178493e-07
5.123088368656666e-08
1.7495811063353054e-08
7.758117070800629e-08
3.496468651563955e-07
1.4840008900365848e-09
2.3302068421508424e-08
6.804327391566375e-07
5.262124211564039e-08
2.1827161824714945e-08
0.0
0.0
8.503368082853431e-09
2.3952484791664472e-08
1.086724533162606e-07
1.0138253802799049e-06
5.9120516091821525e-06
7.194497135223454e-08
0.0
4.533944127280036e-07
2.649900982574804e-06
0.0
4.5057140703953565e-07
0.0
6.526262512760224e-08
0.0
0.0
2.4748513399595503e-06
0.0
0.0
0.0
1.917060015163903e-08
4.02734836763407e-05
0.0
5.62915834310186e-08
9.956795388177397e-09
4.950192573573662e-10
5.38779589515004e-10
7.881369071378788e-08
1.5586052159881545e-06
9.778569817178803e-08
1.3233698740474545e-06
9.778570120950893e-08
5.3331606280608394e-08
2.0346823169675276e-07
0.0
8.696586854301173e-07
7.12349185670666e-08
7.123492160421389e-08
7.12349246419916e-08
0.0
0.0
-5.629158343055305e-08
5.629158343064816e-08
1.0094386107218989e-19
1.8372331782370542e-08
1.9790423977979777e-08
1.991833057151229e-08
1.9849491416822944e-08
7.881368995437234e-08
1.5586052152286554e-06
9.778569741233065e-08
1.3117561133224945e-06
9.778570045016193e-08
5.333160552143789e-08
2.0346823093752907e-07
-9.564706485057188e-09
8.696586846710197e-07
7.123491780795061e-08
6.166179757828569e-08
7.123492388259986e-08
7.881368919485673e-08
1.5586052144691138e-06
9.778569665277159e-08
1.311756112563065e-06
9.778569969070798e-08
5.333160476213818e-08
2.0346823017819738e-07
0.0
8.696586839118127e-07
7.123492008554418e-08
7.123492312307407e-08
0.0
4.254650969755777e-08
0.0
0.0
0.0
-4.323809553653714e-10
0.0
0.0
4.2650248920317385e-08
0.0
9.919360369550767e-09
-4.976211388107784e-06
-1.559406912766578e-07
-1.6556164244324232e-07
0.0
9.536918514856227e-09
0.0
-6.937112982143001e-09
3.203118654805992e-07
3.625234195281205e-05
2.7134305494856352e-06
4.531116143456228e-05
2.043644671051116e-08
8.19311739052933e-06
0.0
1.5679579128930618e-06
2.1123377332035574e-07
1.2481938566919733e-05
1.1442958920397934e-08
7.021917584833711e-09
2.8727124013465128e-09
3.8246143600830365e-20
7.206381729663954e-05
1.795829770993301e-05
0.009187953159889144
1.2790260538568947e-10
0.0
2.3240488881796917e-07
2.1412962181686923e-07
-7.819934244937543e-08
-1.0429203936047904e-07
-1.6916268111202143e-06
-1.4432485371460024e-06
-2.640719093125257e-07
8.689003464110385e-07
0.0
0.0
-0.0006543445020323309
0.0
0.0
2.377285158677331e-15
1.041149994440591e-17
3.088625985021682e-05
7.797260909171178e-05
5.358737397196733e-10
0.0
0.0
4.577960906174571e-09
0.0
1.3590519066343349e-05
1.1450397123003152e-08
4.220414412501259e-09
0.0
3.622520183932607e-05
3.622520183932505e-05
0.0
-2.0812765554143645e-08
0.0
1.3604072658714695e-05
1.1446678243377002e-08
0.0
-5.3606734882583746e-11
7.599271892464537e-09
7.599272092033496e-09
0.0
0.0
0.0
-2.2307282142135232e-07
-2.141296219174832e-07
7.819934234702675e-08
1.0429203925758825e-07
1.6916268110178656e-06
1.5539453144348611e-06
9.24837023715333e-07
0.0
-2.637784659476072e-05
1.7894525361853462e-05
1.567220846518597e-08
0.0
7.738228160596693e-15
0.0015423534270991301
0.0015423534270913863
-1.789452536185218e-05
1.3731218947251402e-07
8.235805119524699e-07
2.859200314919023e-05
2.663693120812216e-06
4.0530009429956205e-05
4.173477472621548e-06
0.0
7.269052585566653e-16
1.0680270486092122e-08
-0.00017386126655298445
0.00017386126655298398
-4.6412869009675
4.640361626127652
-0.0009252748398477029
1.8929943246964526e-07
0.0
0.0
2.696981685097192e-07
9.924832672388707e-09
9.924832669854173e-09
0.0
0.0006813685019739779
-2.207223176610819e-09
0.0
2.340760189887683e-07
4.642675962631882e-06
0.0
11.362023026455724
-11.36202298662913
9.95114701561149e-09
3.660940886716923e-18
1.9733170818465417e-17
9.803086658416765e-09
9.803086664210188e-09
1.0351087768665954e-08
2.3941585165858306e-09
4.939739590324329e-08
2.0686228436733733e-06
2.5035934978108465e-06
2.0686228436697065e-06
2.718061590101465e-05
7.943718737865542e-07
0.0
1.2386978479576373e-05
1.3190911147630939e-05
0.0
2.2965999131593816e-08
0.0
1.7199200806930968e-06
4.005043389809369e-07
3.8213315572931507e-07
8.089905692052936e-07
0.0
3.4138560756783033e-08
2.3429085769110087e-08
5.663949823197126e-10
1.126711675019324e-07
8.042051507903065e-07
6.961492924210512e-06
5.60298477724616e-08
2.4464478267882404e-06
4.019924909745384e-06
4.4969236098843036e-07
-3.622520183932561e-05
0.0
1.6806158819647544e-08
3.7973086623680624e-06
2.5035934978018087e-06
-2.5035934978056423e-06
0.0010199735360277328
-4.2323263896015684e-05
-4.232326389601579e-05
5.927347594801716e-08
1.0413696451467628e-05
3.231574894047755e-06
4.861518369025547e-10
4.2610445177027417e-07
3.0967385356920436e-05
3.101671286035245e-05
-4.741660816343085e-05
1.6470834089869414e-05
0.0
0.0
0.0
-0.6647141982297526
0.6647142021617181
-1.4154908698421143e-08
0.0
9.264759031971306e-11
0.0
1.0277879543487606e-05
0.0006446439768137017
2.116101307132871e-09
0.0
0.0
0.0
1.2761794920660852e-09
1.2761794909478109e-09
-2.735992839814499e-06
-2.7359928398149106e-06
0.0
0.0
-5.336319582207151e-09
5.951243571626762e-09
0.0
0.0
0.0
0.0
1.2788334151350661e-05
0.0
4.0135567203093186e-07
0.0
6.326554837481919e-08
6.3029241863840886e-09
0.0
-2.8246198737983883e-09
0.0
-7.659173146083578e-09
3.2062585902276488e-12
0.0
3.552462488491981e-07
4.0529013521365327e-07
0.0
9.957119633799069e-09
9.92961905331869e-09
1.3596473387036427e-05
0.0
0.0
1.2481938566916542e-05
0.0
2.4951599116120455e-07
2.4951599115672734e-07
3.811168291923195e-18
0.0
1.0346414511092791e-07
8.131523483346075e-07
6.798714216576133e-06
6.242608743376653e-08
2.437534707530959e-06
4.029774605789196e-06
2.7064656492044325e-09
3.384804436116727e-08
1.0428163617323485e-08
2.1793288932613603e-05
2.6012670333777794e-06
3.8092474722424626e-05
1.437028668316733e-07
0.0
0.0
0.0
0.0
6.645852654804192e-07
0.0
2.935192730223255e-08
1.3788433759804143e-06
1.3887130632105146e-06
1.378843375980386e-06
1.3788433759804107e-06
1.3788433759803847e-06
5.300810219913983e-19
5.297822974529504e-19
1.361596548158124e-08
2.977538207570387e-05
2.978957800220649e-05
0.0
-4.102480577472534e-09
3.003608015493447e-08
0.0
0.0
-4.694226240359312e-10
0.0
0.0
2.7601353949092394e-06
2.7434939954227855e-06
5.597005212793491e-10
0.0
2.7300261990209006e-09
2.730026199661347e-09
0.0
1.2425602184289005e-06
1.3908890451862464e-05
0.0
1.5221146023216709e-05
0.0
0.0
-1.3963981022854398e-05
-5.511618707693868e-08
1.6641484756626282e-19
0.0
0.0
2.1750205307929737e-06
1.903695583116427e-09
0.0
0.0
0.0
1.996369129477457e-08
3.4580779518767144e-08
-4.066333517642462e-05
0.0
3.344214650426108e-06
0.0
1.6107757192975e-06
0.0
-2.4870743393634598e-05
-3.384229418904677e-05
1.2032799185529646e-19
0.0
-2.44610596824812e-08
0.0
2.280829587391319e-08
1.2937151645432367e-06
0.0002500280229882357
7.611261179300217e-09
0.0
2.8810108158337288e-08
0.0
0.0
0.0
0.0
4.939739663570033e-08
8.968783292055103e-09
0.0
7.659137895104216e-09
0.0
0.0
0.0
0.0
-2.106560261852659e-10
0.0
0.0
0.0
0.0
0.0
0.051863200722414626
-1.0152001185233586e-10
0.0
0.0
-0.05186320062089462
0.0
0.0
0.0
0.0
0.0
-4.4722709280062296e-10
5.6291583430615524e-08
2.1734843887039057e-06
0.0
2.1976889416098815e-18
1.4874689244740426e-05
0.0
0.0
1.4872293899237493e-05
0.0
1.6840465557002486e-05
8.535393174056165e-07
2.0342758334241194e-07
6.644096375284816e-07
2.849970269233425e-06
1.357019778024084e-06
1.2301717835543545e-18
4.144373006451464e-18
1.2462509370697422e-09
1.5474084132511033e-14
1.547495171604779e-14
1.547525214396011e-14
1.5475160592404845e-14
4.052901351780783e-07
3.8112248311997954e-10
0.0
3.227293222970256e-08
2.0132344094059525e-10
1.9476361459770597e-08
0.0
0.0
2.002993415797236e-11
0.0
0.0
0.0
0.00019256778274513863
4.612508185829991e-06
0.0
-4.619657960576462e-06
0.0
8.263691546598424e-07
5.424746234578934e-07
0.0
0.0
8.855099657306718e-08
0.0
7.21770685774455e-10
8.263691546600148e-07
5.424746234588202e-07
-3.782935490683967e-09
-2.0175576271501752e-09
8.852810769099728e-08
-7.88705037683881e-09
7.099764157657285e-10
0.0
-1.015200076781575e-10
0.0
9.932537476525782e-09
0.0005003303813732219
0.000500330381373222
-0.005724357455089986
-0.0057184736401314495
1.4306760787010921e-09
0.0
0.0
0.0
0.0
0.0
0.0
0.0
2.8871601366383856e-07
0.0
0.0
5.386864888762708e-07
5.386864888762698e-07
5.386864888762995e-07
5.481265236653937e-07
5.386864888762956e-07
5.3031872411714694e-18
0.0
4.521574125674126e-09
0.0
3.382710778154774e-17
2.3457158085773633e-09
0.0
0.0
-3.4084605797513046e-17
0.0
6.870155528489156e-07
0.0
0.0
0.0
-6.660968116777576e-07
3.389203002086554e-17
6.88191768150339e-07
0.0
0.0017395606520062687
0.0
9.862639887676057e-09
4.73613678658365e-10
2.590063987718821e-10
5.25608101685043e-08
-5.256081016840038e-08
-1.1069677739126158e-07
-6.51084958731877e-07
8.751268393915367e-07
0.0
6.745226014899333e-10
0.0
4.366280298586804e-05
0.0
4.3662789162352446e-05
9.711662107170016e-09
2.9907699335411886e-09
4.102729364032412e-18
0.0
0.0
0.0
0.0
0.0
0.0
1.4459866868591978e-05
0.0
-8.51914433470252e-09
1.4402297238748338e-05
8.873717043745462e-19
0.0
0.0
0.0
1.120420041422335e-06
0.0
1.1164004727335816e-06
0.001991348920251551
0.006528069410648286
0.003348876812060014
5.819215293715234e-08
0.0
0.0
0.08962335277331121
-0.08962331312187559
9.928474158003256e-09
3.20963621575146e-05
1.3577919817143753e-07
0.0
0.0
0.0
4.1061037482764603e-07
6.161277920063019e-08
1.9887718378694328e-08
5.555925326796011e-10
7.999479738916595e-07
5.923439516598946e-07
6.164762135313999e-06
1.1047880592563818e-05
1.0846048979366196e-05
1.0670407557477786e-05
1.7882603361405295e-05
6.012278018527715e-06
3.4184141083988663e-10
5.518175927626741e-10
0.0
4.048905466640995e-08
2.5900909706930153e-08
0.0
8.970523308556472e-09
9.211300569089535e-07
1.7926704356247316e-05
6.750474762969387e-06
2.6691280050161036e-07
1.098997174586741e-06
3.287355626571117e-06
1.8180025885279642e-06
4.565120878833515e-09
0.0
0.0
0.0
-3.7000768503371296e-10
4.999188786432453e-10
0.0
2.3187560682819796e-08
1.9791535372774184e-08
5.126407123233841e-10
0.0
0.0
0.0
0.0
0.0
0.0
0.0
3.000502372604852e-09
5.242275679920734e-10
1.9836005142730142e-08
5.321845162734806e-10
0.0
0.0
0.0
1.1539551715853843e-08
-3.384137507214935e-07
-3.3841375072141047e-07
9.574982236561445e-09
6.623034264182986e-10
0.0
0.0
0.0
2.5900909847359904e-08
2.590090986992071e-08
2.2699129105762912e-06
0.0
9.772057579275497e-18
6.396843965034615e-12
6.405308096544197e-12
6.401192510513408e-12
-1.5573185888637445e-11
0.0
6.020210443627993e-07
1.5827658047609458e-06
0.0
-2.1750205307941722e-06
0.0
0.0
0.0
1.6806166856027307e-08
0.0
0.0
0.0
0.0
0.0
5.097511853836409e-10
1.9820678908644012e-08
5.315473753279322e-10
0.0
1.9220020808414928e-08
0.0
1.2150796956525037e-10
0.0
3.23873327641199e-12
0.0
0.0
9.330073183377991e-09
1.868931073696207e-08
0.0
0.0
0.0
0.0
0.0
1.2514349441259367e-19
0.0
3.906307927367906e-06
3.906307927367908e-06
0.0
0.0
1.3712212193415051e-07
9.597258639879583e-09
0.0
0.0
9.823560397867209e-09
0.0
5.240606159667921e-09
0.0
0.0
0.0
3.3662753257633626e-09
4.823871344970392e-10
4.5789542728413506e-10
0.0
3.673035064690567e-06
-2.2368629485683942e-06
1.9581091548473657e-08
9.734389294635548e-09
0.0
1.2467537512212718e-09
0.0
0.0
-1.2606881995601223e-09
0.0
0.0
1.568333205859835e-06
0.0
1.0755362151224127e-07
0.0
1.333103110611913e-06
0.0
1.0755362454932743e-07
0.0
6.16527655391805e-08
0.0
2.1326246273566318e-07
0.0
2.616896665594687e-10
0.0
8.794273795910379e-07
0.0
8.10598006170651e-08
0.0
8.10281887352493e-08
0.0
7.626522473916267e-08
0.0
2.850508431547086e-09
2.8505086836880185e-09
2.861670119775732e-09
2.8579501039011476e-09
2.8542296082734777e-09
1.1439239437094007e-08
2.2307282138839257e-07
2.1412962188452345e-07
-6.86203447119328e-08
-1.0429203929180838e-07
-1.6916268110508254e-06
-1.4432485370774809e-06
-2.6407190924519677e-07
-8.592105323941723e-07
0.0
0.0
0.0
0.0
0.0
0.0
0.0
0.0
0.0005761864697171326
2.2076695450953953e-10
0.0
7.773299868561293e-09
0.0
3.982139226709621e-07
0.0
0.0
0.0
-1.01428840735426e-10
9.264759082442479e-11
9.264759057344352e-11
-2.3630146964840107e-06
5.470455385283764e-06
9.222827319597837e-09
0.0
0.0
0.0
0.0
4.303846443264082e-07
6.300013560686804e-08
1.668686479065495e-06
1.847835818858696e-07
1.5775772181292325e-06
5.20128486581033e-07
0.0
7.074415728301989e-06
2.82749522505128e-08
3.060219196556755e-06
6.982660007545196e-06
2.362458718548437e-06
1.3912424942925508e-05
1.727354831605333e-08
0.0
7.685067604186308e-07
1.2808538705610412e-06
6.9637189508766844e-06
8.421162952126052e-08
2.3994540820187035e-06
6.976433514429334e-06
3.2375855579061683e-06
1.3628979304716768e-05
0.0
7.821787945016061e-07
0.0
-9.839139281098142e-09
0.0
0.0
-4.5044181944193695e-10
0.0006068505594406942
0.0008619825461107927
1.4999392312228937e-05
0.0
6.785988732843999e-10
0.0
0.0
1.1248617907966033e-06
4.774652534262557e-06
0.0
0.0
0.0
0.0
0.0
8.027372743706866e-09
0.0007738314320777512
0.0007847864225858797
0.00011129317050431385
0.0
0.0
0.0
0.0
0.0
0.0
3.7116485495158903e-07
0.0
0.0
7.03583466600979e-07
7.0358346660098e-07
7.035834666010086e-07
7.134899700671748e-07
7.035834666010048e-07
5.311315843516088e-09
0.0
-0.00012225850415603645
3.9469015867377424e-08
0.0
0.0
4.018322166698571e-08
4.0183221666984405e-08
4.018322166701265e-08
4.983830988473182e-08
4.01832216670077e-08
3.454257911560827e-06
1.6655097653783282e-07
0.0
7.2302797038878555e-06
7.2249710326862706e-06
7.230584619294989e-06
7.230279703969012e-06
7.230584619376135e-06
5.647856092262429e-07
0.0
0.0
1.0912426772075575e-06
1.0912426772075565e-06
1.0912426772075863e-06
1.1003139041297906e-06
1.0912426772075827e-06
3.056223716445162e-05
0.0
2.0958188430331613e-08
3.0811564906287843e-08
0.0
0.0
3.4677917700242546e-05
0.0
0.0
0.0
0.0
8.495606641840933e-08
0.0
11.821367192543457
0.0
0.0502364361459222
-4.0467686091005817e-07
0.050242740337107294
0.0
1.9103894735437e-05
0.0
0.0
0.0
4.697347150039198e-09
3.143267219050222e-09
0.0
-8.84100313062256e-09
-8.841003130558157e-09
0.0
0.0
-4.6668948470493575e-09
6.532999835716001e-06
0.0
6.785988437840729e-10
0.0
0.0014753537220892027
0.0
0.0
-1.925169339765144e-08
0.00166637511734908
0.0016663751173490798
2.7189082218125656e-05
0.0
1.0312730115189807e-08
-7.13025270252066e-09
-6.152961804382277e-09
1.8755862620141744e-08
0.0
9.207022391509386e-09
0.0
1.6277870763489556e-07
0.0
8.913119257943704e-09
0.0
4.469858953399704e-07
0.0
9.889954229592816e-09
-2.5919173583877422e-06
0.0
0.0
0.0
0.0
5.200553706366046e-10
0.0
9.9273109350768e-09
0.0
0.0
1.6406286730395925e-08
1.0234834666789581e-10
0.0
5.125047008911843e-05
3.2919793611642387e-05
0.0
9.529949524163666e-05
0.0
9.897356824464612e-09
9.89735682370126e-09
0.0
0.0
0.0
0.0
0.0
0.0
0.0
-2.5808109552975626e-10
0.0
-9.019074806708872e-09
0.0
0.0
0.0
0.0
9.53276800104961e-09
0.0
4.45519331635596e-09
0.0
-2.6052299782264917e-09
0.0
1.289907201227006e-07
0.0
1.3253642444131723e-08
0.0
0.0
0.0
3.506561671974292e-09
3.506561823296995e-09
0.0029753155945259624
2.2502490298904806e-06
2.3380185213139203e-07
0.0
0.0
0.0
0.0
1.8545463435496385e-05
3.374785509848705e-08
1.181639313525735e-06
0.0
0.0
5.661295589086532e-10
5.661295606652302e-10
5.661295572830225e-10
5.661295549107801e-10
0.0
1.4886799199412174e-05
8.573980951303694e-07
1.9590961242107223
0.0
3.808734709072105e-05
3.8095106857205397e-05
0.0
13.523978137811431
1.9590961307810466
0.0
0.0
0.0
0.0
15.483074267051355
0.0
0.0
0.0
0.0
0.0
4.6247235452697615e-09
1.8022701325661436e-05
0.0012899560468309344
0.0001686297897511757
-8.344534557926924
8.346049228283944
0.0
15.483074267051355
6.189789252695772e-06
0.0
1.8421933499092872e-08
0.0
0.0
3.2919793611642136e-05
0.009187943647996022
3.6607893255921623e-07
5.409544156409358e-05
-0.002498706237584525
0.0
0.0
2.493770433665382e-06
-3.9854396867863016e-07
0.0
0.0
0.0
2.1644046236504005e-06
-0.4965357724773263
0.48733568962484597
-1.0360654008156581e-05
0.0
0.0
0.0
1.2510046945125712e-05
0.0
0.0
-1.0007062901155815e-08
1.8755862620816025e-08
0.0
3.222831524090457e-06
0.0
3.0306067359813064e-10
0.0
0.0
2.7129679989211774e-06
0.0
0.0
0.0
2.570952816962677e-06
0.0
-7.262438919705755
7.262438119965972
-7.997397825222287e-07
0.0
1.7721108417330966e-06
0.0
0.0
-1.6866879149185427e-06
6.2424116772610035e-06
2.2116884046158597e-06
4.223426282812742e-06
0.0
7.889718350164196
-14.677302690592974
6.787584349378889
8.950109921392708e-09
0.0
0.0
0.0
0.0
0.0
0.0
5.121692819013852e-10
0.0001284141371182237
3.3099952974940825e-05
0.0
2.818957649880733e-18
0.0
1.3810410636553223e-08
4.07331888488095e-07
0.0
1.6406286730595103e-08
0.0
7.24123330745577e-06
2.571645168827381e-07
0.0
1.4509508270296885e-08
1.208306291731122e-10
0.0
2.2794974825164019e-07
3.968635199002606e-08
5.450869232036813e-10
7.995523966727686e-06
7.995523966655859e-06
4.3508178538844293e-10
-1.9474330119860495e-08
0.0
3.9552130663556816e-07
3.5632641033707937e-07
0.0
4.0497541994762933e-10
3.6607893259360593e-07
0.0
0.0
3.12211981277394e-10
1.181951525507434e-06
0.0
0.0
7.958461903503939e-07
7.774699807152487e-08
1.599693307270772e-05
0.0002547203335838939
9.80343652213532e-09
-0.00025471053014737024
8.885316593598702e-09
0.0
4.2605930482483865e-09
0.0
-0.006390420727640844
-0.006432271031466152
0.0
5.17542140225019e-08
-5.175421403881974e-08
0.0
0.0
2.230728213536981e-07
2.141296218515637e-07
-7.819934241468096e-08
-1.0429203932578457e-07
-1.6916268110855198e-06
-1.4335422270370976e-06
-2.640719092791323e-07
-8.689003463770487e-07
0.0
2.0026331820767506e-11
0.0
0.0
3.337108882071893e-05
2.444470222069968e-08
0.0
0.0
0.0
0.0
0.0
0.0
0.0
0.0
0.0
0.0
0.0
2.1409322919282505e-05
1.8813431325309326e-05
0.0001710666479820482
-1.3921308269117079e-05
0.0
9.120593185624182e-09
0.0
1.293715164552687e-06
1.2937151645522885e-06
0.0
1.992695216353405e-06
-3.2882774016444608e-06
-1.2955821852915752e-06
0.0
0.0
0.0
3.911541091514415e-14
0.0
9.658961033654086e-09
0.0
0.0
0.0
0.0
0.0
-0.4522422454104884
0.4522420672444994
1.7816598989031643e-07
2.3997214299020797e-08
0.0
0.0
1.2937151645522275e-06
2.3353343393002237e-06
-2.9232896440014787e-07
0.0
0.00014012184318939365
0.0
1.829366318469084e-08
0.0
9.386064448128096e-06
9.723643374383471e-09
3.365800112457476e-10
-0.0012649811630720854
1.8785316761450664e-09
0.0
9.931376154712757e-09
0.0
9.931376271490172e-09
9.931376391261775e-09
0.0011445910988056585
-4.868669489925635
4.868669499507043
9.574985158774686e-09
0.00039776232828574203
1.1517410472364463e-08
3.2762231728116116e-06
1.5438712115603185e-06
-4.829592239821645e-06
-4.829592239821597e-06
1.293715164552968e-06
1.2937151645526964e-06
0.0
1.959940492887724e-09
0.0
2.341425958097195e-06
-2.345191548534906e-06
0.0
-3.7973086623691013e-06
2.9907682682520504e-07
9.953779134264096e-09
4.856001992198002e-05
4.8556315512804015e-05
0.0
5.190949695956876e-09
0.0
0.0
-8.012825059608465e-09
0.00010627756767899463
-0.00010625766781835466
9.946081277183357e-09
1.1552585298574324e-09
2.278749822298663e-09
1.511340791223086e-08
-1.511340791057747e-08
-1.5113407908842746e-08
1.511340790706146e-08
0.0
0.0
1.5890902264656167e-08
1.589090226331683e-08
3.25472655077208e-09
-1.959940489418277e-09
5.6045987918062176e-08
1.518892913061989e-08
0.0
0.0
0.0
2.730026198468575e-09
2.933065556195729e-08
0.00034623878966971
0.000346271927280581
-3.806955309153259e-09
6.0547829576027105e-06
0.0
0.0
0.0
1.5672208180444213e-08
0.0
1.88203448469933e-08
4.2803371618977173e-07
0.0
0.0
0.0
0.0
9.59513036609494e-09
6.0387622199800704e-06
4.241862880098414e-07
6.0485231453086565e-06
9.595130366399132e-09
-1.6279538709449525e-10
6.056751480269593e-06
0.0
6.047112147040642e-06
2.0033808388084557e-05
8.08950476885087e-09
1.5113407914352477e-08
0.0
6.758997997757107e-07
-6.998919260899528e-07
-1.4502625209318903e-08
2.2116884045791086e-06
0.0
0.0
0.0
0.0
0.0
0.0
0.0
1.8871428400614415e-08
9.694785282958564e-09
0.0
-3.08163956669727e-10
0.0
0.0
0.0
8.119668083509646e-09
0.0
0.0
2.964615274368915e-06
0.0
2.9479167412187078e-09
0.0
0.0
0.0
0.0
0.0
0.0
0.0
0.0
0.0
0.0
0.0
0.0
2.949145404596461e-07
9.04050952357484e-09
2.699262563049253e-07
1.0526548750698883e-06
0.0
2.10676403589865e-06
6.100372276562421e-07
0.0
0.0
8.019428904244346e-09
0.0
0.0
0.0
0.0
8.541929399382528e-09
6.488511176694706e-09
0.0
9.44980033424477e-09
9.524037097094813e-09
9.51754810863715e-09
8.4285386310319e-09
0.0
0.0
0.0
5.11844957271342e-09
8.820595769626274e-08
3.688988879206337e-07
1.4091714372875954e-09
0.0
1.1158722545621822e-07
5.712734021434836e-07
5.910454146799617e-06
0.0
0.0
4.5438867961895943e-07
1.8359157201181394e-07
-5.2406061607250184e-09
0.0
1.2264831347393667e-17
0.0
0.00012816215724034078
0.0001282044268639596
-5.1356795578406016e-08
0.0
0.0
0.0
0.0
2.6433892581919637e-05
0.0
0.0
0.0
-1.2353276430006225e-10
0.0003969544062905903
0.0
1.274413111098734e-08
9.871418734057223e-09
9.891243119921653e-09
9.891243140915551e-09
8.972011375376444e-09
8.972011384958819e-09
9.273301581232989e-09
9.273301590845129e-09
8.608983802984179e-09
1.0095677755844449e-17
8.608983822667696e-09
0.0
0.0
5.5980771341684885e-08
-6.47227665100147e-08
1.8579211290589066e-05
0.0
9.55618103709353e-09
9.556181623793236e-09
3.602257440092031e-11
0.0
0.0
0.0
0.0
-9.170019333280821e-09
9.600679658069455e-07
9.55429446445947e-07
9.600679658068066e-07
3.0893919283000136e-05
0.0
1.4825626600093162e-06
5.2466906717553465e-06
0.0
1.5012395464265057e-06
0.0
7.875273213954316e-08
6.909338073984521e-08
6.120365698756099e-08
1.4977861282410772e-06
0.0
0.0
0.0
0.0018767286309782638
2.4069008817832616e-08
3.072970920598226e-08
1.3009302782947127e-07
5.8095518507850695e-05
1.2456627862706333e-09
1.245967524814446e-09
7.383694742004926e-08
6.430417951129661e-08
1.4846931486327374e-10
7.659168923124514e-09
0.0
1.2465130148062666e-09
0.0
4.601828135029244e-20
4.0657581468206416e-20
0.0
0.0
0.0
0.0
0.0
0.0
0.0
0.0
0.0
0.0
3.8319746404386447e-10
0.0
-1.8327743288897936e-05
-1.6919668124242351e-10
1.8337353061725818e-05
0.0
0.0
0.0
9.600679658071132e-07
1.1833133917892123e-05
1.183313391789223e-05
8.152327257503084e-09
0.0
1.0670497142468758e-06
0.0
0.0
5.175748051613901e-06
5.175748050673207e-06
7.094261920221107e-08
4.790260467251953e-08
2.9199627896224247e-08
0.0
2.3771467559573283e-08
0.0
4.998835776732291e-07
1.128759951476436e-06
5.1663822919715294e-06
0.0
1.0005055155727313e-07
0.0
0.0
9.750086630100136e-07
0.0
-4.2883003915453454e-10
9.750086629760558e-07
0.00022525465341034692
0.00022526389300120045
2.6796788981290154e-07
2.911408433400534e-09
0.0
0.0
0.0
-1.348336032262103e-11
0.0
0.0
0.0
0.0
0.0
-2.6601356827279433e-12
0.0
0.0
0.0
0.0
-6.277521141418341e-05
0.0
6.794752511667218e-06
0.0
0.0
0.0
5.6291583430847876e-08
0.0
-9.61288647109964e-09
0.0
1.261567326926033e-05
1.2615673274929406e-05
0.0
1.6806166897618336e-08
0.0
-1.9478974621738428e-09
-1.1355695741114354e-08
1.8330676477475273e-05
-2.7510932704285455e-10
0.0
1.6388288432228015e-05
5.865489344344736e-08
0.008341261014536376
0.001983073239254759
1.920366316677368e-05
3.9039357998463176e-08
0.0
5.022627691240881e-06
1.0351087766792546e-08
0.0
0.0
0.0
5.0226366268445915e-06
1.6210231781418093e-05
7.460277106516727e-06
0.0
0.0005860900095675818
0.0008332673884461786
20.367133763449512
0.0
0.0006844733324687679
2.7354460142993437e-05
3.209499899816618e-05
1.3679004971594265e-08
3.604742771716029e-08
-1.8442490721403857e-08
1.3867015137471878e-07
6.959184073804118e-08
0.0002631864648958149
0.000277087498605999
0.0
3.4361554244852076e-07
0.0001385359880641159
-6.296899147465178e-12
0.00013887994054315352
0.0
1.8836219062789502e-07
1.6229258921119198e-05
0.0
1.953079308934986e-08
0.0
9.825498189803411e-09
0.0
1.6210231781486645e-05
4.86152034521888e-17
0.0
5.606900570984132e-09
0.0
0.0
7.58326120449798e-09
0.0
0.0
2.850239303060992e-08
0.0
0.0
0.0
0.0010873284904379223
0.001087328490437922
0.0
0.0
1.3934034638902806e-06
0.00014762968039532578
9.927440056503354e-09
0.0001415238891737086
9.95377913927173e-09
4.565120879212011e-09
9.899288049994746e-09
9.846698618032503e-09
0.0002485958480080593
4.419564526630356e-08
3.3960253093770407e-09
9.889317087589363e-09
2.6638237729889663e-10
9.932537478068123e-09
8.259079302090826e-06
9.871537581967149e-09
0.0
9.941945302752407e-09
5.0959192478679e-06
9.957119637412697e-09
3.253630281791857e-08
9.913968195405768e-09
1.6218262250422895e-05
9.901740216512277e-09
2.1872670042628575e-08
2.20722317542044e-09
0.0
0.0
0.0
0.0
1.5277938627902624e-09
3.553680518992433e-08
4.56512087877757e-09
0.0
2.1267327982153916e-08
1.391752234831226e-07
3.1897695805695394e-08
5.6881954078729997e-08
0.0
3.875733970488476e-09
3.083952104728097e-08
0.0
0.0
0.0
0.0
9.792599382302183e-09
0.0
0.0
0.0
0.0
0.0
0.0
0.0
0.0
0.0
0.0
0.0
0.0
0.005964623954816339
0.005934060636632377
7.095519500696037e-07
0.0
-4.694226275053781e-10
3.3382111267990688e-09
4.982190411421469e-09
0.0
2.912838080479949e-11
0.0
0.0
0.0
0.0
-1.260688153279936e-09
1.4126483033851272e-11
8.69063822411702e-12
1.5113407913631662e-08
8.620581892245813e-09
0.0
2.165106900535083e-06
9.782875771373922e-09
0.0
0.0
1.731707723200878e-11
2.046853436562292e-09
0.0
0.0
0.0
0.0
1.7904910182477903e-05
0.0
5.256375451627025e-10
0.0
-5.238943251515339e-10
-2.155388565497847e-06
1.0878748464067698e-08
0.0
0.0
0.0
5.1244996146978875e-05
7.401073495173451e-07
0.0
3.1962688499795197e-07
5.388409073414776e-06
0.0
5.959076139080435e-06
4.2044980152619045e-06
4.441147526905129e-09
0.0
-8.296322346560553e-10
0.0
0.0
0.0
0.0
8.092831351852178e-07
0.0
6.01660533453038e-07
1.840910540545648e-06
4.323851594768195e-06
1.1045556335968857e-05
2.3242565953463875e-09
6.898833130015135e-06
3.948824166590862e-06
1.004844909462288e-05
6.219584628554281e-07
1.786687176436216e-05
2.2076610581278674e-08
1.3585997869315435e-05
4.026813235693819e-08
9.129263550120486e-09
2.340760189916662e-07
7.958461903525262e-07
0.0030905022171240364
5.354727968586847e-09
3.2442383819072615e-09
0.0
5.2643252737549395e-06
6.759501368583817e-07
4.294162825380338e-08
1.202626257618333e-08
6.795156613276085e-08
3.425710977817529e-07
0.0
1.4364914419710398e-08
0.0
0.0
-1.2606881841703806e-09
0.0
0.0
0.0006218589602781368
4.455193315280631e-09
0.0008619825461107999
1.6982878519450007e-08
9.343658088978768e-07
1.5560900777423474e-06
5.908380919279847e-06
6.913925940578743e-08
8.215647211054651e-08
4.462911229165081e-07
2.8990286345016116e-06
-2.718908221833972e-05
0.0023991101075231413
0.0012159319450477102
-0.0029753155945259624
9.530929240198284e-05
0.0
-0.0005761858926273069
-1.598450436133772e-08
0.0
0.0
0.0
0.0
0.0
0.0
4.646547020260624e-08
9.43769092215201e-07
0.0
1.1055186707037832e-06
0.0
5.916233257233007e-06
0.0
3.819591983772286e-09
0.0
9.190687772719585e-08
0.0
4.557139284410522e-07
0.0
4.2415444112698963e-07
4.646547020134669e-08
9.347189216507173e-07
1.095918413103022e-06
5.906736344808969e-06
0.0
8.29193524290104e-08
4.4692191104447095e-07
4.706199113311128e-07
0.0
0.0
9.728797946070844e-09
5.1248565947442705e-19
6.077735616025941e-09
0.0
8.152327257766814e-09
9.934667369548325e-06
-4.413380882278828e-07
2.951429680522882e-07
9.040509524278532e-09
2.6992625630602676e-07
1.0526548750708897e-06
0.0
2.1067640358999843e-06
6.100372276577544e-07
0.0
6.730022201176724e-07
5.1230883686503835e-08
1.7495811063209982e-08
7.16299271363817e-08
3.49646865156372e-07
1.4840008901152377e-09
2.3302068422468705e-08
1.0867245331672756e-07
1.0138253802805819e-06
5.912051609182814e-06
7.789621492463966e-08
0.0
4.5339441272885235e-07
2.6499009825757293e-06
0.0
0.0
8.119668083937171e-09
0.0
0.0
2.9646152743695923e-06
0.0
2.947916741117739e-09
0.0
0.0
0.0
0.0
0.0
0.0
0.0
0.0
0.0
0.0
0.0
0.0
2.949145404605713e-07
-1.8545463435491066e-05
0.0
0.0
4.0263660690446245e-05
0.0
1.7423479281525146e-10
0.0
5.629158343032938e-08
-3.4685724892661966e-05
0.0
2.1101209150287922e-07
1.2858335037531922e-07
7.17930766622743e-05
0.0
0.0
0.0
0.0
0.0
0.0
0.0
0.00022465435408158455
6.186614112760849e-06
0.0
1.5588319383659663e-07
-15.483874460718877
-6.786133836415104e-06
1.37122121935708e-07
0.0
4.624041726914787e-10
0.0
9.157576029993502e-09
0.0
0.0
0.0
0.0
0.000502718801013876
6.887788183761127e-09
0.0
2.4937704336657623e-06
2.4937704336752203e-06
0.0
1.2937151645478649e-06
2.50359349780762e-06
1.2937151645450117e-06
2.49377043367264e-06
1.2937151645504227e-06
7.346334073769144e-07
0.0
-9.214540224445592e-09
0.0
1.660625819800343e-07
-0.01232666153542678
0.01232649485705783
-6.157869732908594e-10
-5.474756468649977e-06
1.5540799533933927e-09
0.0
-8.806137022712712e-09
0.0
0.0
0.0
6.875012514793071e-08
3.5166818462503774e-07
0.0
0.0
0.002399110107523141
0.0
0.0023991101075231413
0.0
0.0
0.0
0.0
6.875012514775768e-08
3.516681846247894e-07
0.0
0.0
7.179307666238126e-05
3.0323066280146804e-08
9.627203479603767e-09
0.0
-2.2809935478406915e-08
1.7958297709932366e-05
4.157402532938648e-08
0.0
9.945639030438727e-09
3.1205577009907597e-07
-3.954534815672783e-07
1.602058472460989e-05
4.4291909643960105e-08
0.0001417469891302045
4.3499617461594453e-07
0.00014765925878859872
4.748857899135184e-05
9.387096672168743e-06
0.0
1.0324069409058612e-09
7.205753129080746e-06
5.274185118985024e-06
4.712343102168544e-10
9.860036050281825e-09
7.215388411453379e-06
-2.4930701029191117e-10
0.0
5.3654393021705386e-08
0.000248513390783548
5.6291583428224615e-08
0.0
0.0
4.671381660377637e-09
0.0
-8.613361962895075e-10
-8.613361968654899e-10
-8.613361974042029e-10
0.0
0.0005610481607094322
0.0005610481607094324
1.4023380539888222e-05
9.928314327465702e-09
9.928314170792873e-09
0.0
0.0
0.0
1.4010128424341075e-05
0.0
0.0
0.0
9.445449113937505e-05
9.445449113937506e-05
0.0
1.680616679366555e-08
1.9831917692120976e-08
9.903603363668669e-09
0.0
0.0
0.0
0.0
0.0
1.1866632432446652e-08
0.0
2.903851207265274e-08
4.008413270700077e-09
1.2303619513884516e-08
0.0
0.0
0.0
0.0
0.0
0.0
1.8154753603819937e-08
8.495868045239191e-05
-4.3452635249155196e-05
3.349989327874831e-17
0.0
1.900874957720902e-10
0.0
0.0
0.0
0.0
0.0
0.0
4.939739589936842e-08
1.9345377943429108e-18
2.7306404041474804e-10
9.659203121003728e-09
2.730640412120195e-10
0.0
2.5900909748591968e-08
-2.5900909783257986e-08
0.0
0.0
0.0
1.192766649191572e-18
8.997985526478488e-19
2.884879024376809e-09
0.0
2.884879024357542e-09
6.419880694186689e-12
0.0
0.000188254244816869
0.0
0.000837736544112503
0.0
0.0
-0.5662689766549216
0.5662414999775003
-2.7450902747154604e-05
0.0
0.0
0.0
6.416527788752122e-12
0.0
0.0
-9.836673586782751e-09
0.0
0.0
1.0305388952637866e-09
0.0
0.0
0.0
0.0
0.0
0.0
6.900153672539705e-08
5.915254181702162e-08
0.0
0.0
0.0
1.936423558224933e-07
1.8417284453619857e-07
9.469511251044172e-09
0.0
0.0
0.0
0.0
7.207342352430631e-05
0.0
6.409224542532622e-12
6.412975718768472e-12
2.2202885808479178e-05
1.9656497206812132e-07
4.1407330957598687e-05
-1.8981345343727637e-05
0.0014898156367357165
0.0
0.0
-0.0010251703090709409
0.0
0.0
0.0
0.0
0.0
0.0
0.0
9.778569589327717e-08
0.0
-0.0008195136550934734
0.0
0.0
-2.3010635169090505e-10
-2.301063516917681e-10
0.0
0.0
0.0
-3.5261315218957976e-10
8.394514353091614e-09
1.1863009023052022e-09
1.1442959052443063e-08
1.144295915407284e-08
0.0
0.0
1.0312730072462578e-08
0.0
4.911780198949076e-09
4.9117801989490784e-09
0.0
0.00048051572809935293
2.5900909818236446e-08
11.82136719254346
0.0
7.14135485361578e-05
-7.138404333889503e-05
9.840981172902082e-09
9.818644241678555e-09
4.30273052081286e-10
3.398083607530256e-08
2.321890322011002e-08
5.8724578619951925e-09
0.0
2.415268121220096e-10
0.0
0.0
1.974276657104999e-06
6.01495410818927e-06
3.6264845710148874e-06
4.3321695348137287e-07
9.396869935326645e-09
2.290150467813175e-06
-2.2901504678131903e-06
0.0
4.246437009153281e-05
4.247912704239895e-05
0.0
0.0
9.330073183410792e-09
1.4703519747946233e-08
0.0
-5.414188712486202e-09
5.9886413530307965e-06
2.280430541796986e-06
2.2699284904168544e-06
9.818605445167908e-09
1.1819207433537378e-09
0.0
0.0014662470764728597
0.0
6.486319714658653e-08
0.0
1.1330317559748936e-07
1.1786174612419796e-07
1.1330317559513888e-07
7.031191924992968e-09
0.0
0.0
0.0013303886074532974
0.0
0.0013303943919827465
0.0
1.1234346649527105e-17
1.9211917178657556e-09
1.921191740086818e-09
-0.45224226352483843
4.1742585429158e-18
-8.394514348923682e-09
1.0407909635996975e-09
0.0
-9.163629930818845e-09
0.0
0.0
0.0
9.820820989769885e-09
0.0
9.820820983461534e-09
4.1673726543252115e-09
0.0
-4.6240416790716e-10
1.952076122372912e-18
-1.3002740970013513e-08
-1.7170113620580092e-08
3.882222176716808e-14
0.0
4.082056642091814e-07
5.098568784403711e-09
9.812353469395448e-09
9.812353597834708e-09
1.1446678626574522e-08
2.0378557495836326e-09
0.0
1.3585997870928397e-05
2.7189082217911654e-05
1.358599415048195e-05
4.08205664422143e-07
4.0820566463436327e-07
1.3585997870716326e-05
1.3586079708982033e-05
9.189666604686454e-11
2.116688432144112e-08
2.7055643260461142e-08
0.0
0.0
0.0
3.62494943368005e-09
0.0
1.5683369079908288e-08
1.5683368861517016e-08
0.0
9.22798006191666e-09
0.0
1.5683368430832582e-08
6.584911811489763e-09
0.0
0.0
1.3585997869568911e-05
0.0
1.568336793515605e-08
1.5675928035633426e-08
1.3187484159480392e-05
0.0
0.0
1.3612489544640588e-05
9.84688170368661e-09
1.5679647725147992e-08
1.5683367225979205e-08
0.0
0.0
0.0
0.00024620331932317875
5.629158342968942e-08
12.079586063512439
-12.079586069728718
0.0
1.087874846375971e-08
-3.413856042300267e-08
-3.413856075541906e-08
2.7372690193050157e-06
0.0
2.1452698158819724e-07
3.291785889533078e-06
-3.2193411136915984e-06
9.876799173609476e-09
0.0
1.8055934525307293e-08
0.0
6.006572290110945e-07
-5.908141832504073e-07
4.5429373966432323e-10
-1.264652836662286e-10
0.0
0.0
2.737269019304186e-06
7.883369105569514e-05
0.0
-7.883452928243132e-05
5.375128323775564e-10
0.00014732447253312344
0.0
1.0346996471937248e-08
5.011902552067434e-10
-8.579567097781807e-09
0.0001655983443059702
0.0
0.0
0.0
0.0
0.0
6.76527239327347e-10
0.0
1.0544956322586771e-07
0.0005072910728539531
0.0005073853436526162
1.1172117835903629e-08
-6.646726903949702e-12
