0
0.0
0.0
0.0
0.0
1.7366436677751475e-08
6.588302060001988e-08
0.0
0.0
0.0
0.0
0.0
0.0
0.0
0.0
0.0
0.0
0.0
9.688349646569525e-09
0.0
5.302088092903104e-10
0.0
0.0
0.0
0.0
1.9510819174465216e-07
0.0
0.0
0.0
0.0
0.0
0.0
0.0
0.0
0.0
0.0
2.103463865657258e-06
3.130976837912205e-09
0.0
2.922514167971744e-09
7.047266303870534e-09
0.0
0.0
0.0
0.0
0.0
0.0
0.0
0.0
0.0
0.0
2.0398539639710892e-18
0.0
0.0
0.0
0.0
0.0
0.0
0.0
0.0
0.0
0.0
9.530597576748777e-09
4.790417394994863e-16
8.262468290602581e-10
0.0
0.0
0.0
0.0
0.0
0.0
0.0
8.120412942448352e-09
1.2152981657343994e-09
1.0155570424864001e-10
9.399779011042854e-12
6.792721263390518e-10
0.0
0.0
0.0
0.0
0.0
0.0
0.0
0.0
0.004677443970082074
0.0
1.9268898911557028e-08
0.0
9.14856064207106e-09
0.0
0.0
4.557327139650022e-09
0.0
1.0264706017369584e-08
-1.0250870167807823e-08
0.0
0.0
0.0
0.0
0.0
0.0
0.0
0.0
0.0
0.0
0.0
0.0
0.0
0.0
0.0
0.0
8.973009335583776e-09
0.0
0.0
0.0
0.0
0.0
0.0
0.0
0.0
0.0
0.0
1.5954999080231441e-09
0.0
0.0
1.86394362221133e-09
0.0
-1.749615332778318e-08
0.0
7.4445480164230015e-09
8.859466211661197e-09
0.0
8.87790407205127e-09
0.0
6.686776747611694e-09
2.613466186832343e-10
0.0
9.293419767668528e-08
0.0
0.0
0.0
0.0
0.0
0.0
0.0
0.0
0.0
0.0
0.0
0.0
0.0
0.0
0.0
1.8029721232844388e-08
9.110080650196447e-09
0.0
0.0
0.0
0.0
0.0
0.0
3.5882673462704556e-13
7.8515853392953e-09
-0.0007781817769999133
0.0
5.531523356944084e-10
1.043291712892358e-08
0.0
0.0
0.0
0.0
0.0
1.932069159882624e-08
0.0
8.222547690716616e-09
0.0
0.0
0.0
0.0
0.0
0.0
0.0
0.0
0.0
1.9532272751200576e-08
1.2331460929904879e-09
0.004670198910672682
2.4514967622025364e-09
7.140766803558e-08
0.0
0.0
0.0
0.0
0.0
0.0
0.0
3.3132937144540977e-07
0.0
0.0
0.0
0.0
2.0576404832229736e-09
1.923519853916034e-08
0.0
0.0
3.8082939158418615e-09
1.620174173836792e-08
0.0
9.532112121213482e-09
0.0
1.6388486150790245e-08
1.2234176707183796e-08
0.0
9.905535541525997e-09
3.540042423538306e-08
0.0
0.0
0.0
0.0
0.0
0.0
0.0
0.0
0.0
0.0
0.0
0.0
0.0
1.6224111395345714e-18
0.0
1.4883805525103928e-10
3.762161660531104e-09
0.0
2.2661489617078877e-20
0.0
9.828689528819045e-09
1.3488101318492743e-11
0.0
2.6952273353138094e-12
0.0
2.438306649876887e-08
2.303929616531697e-19
6.512328599090646e-11
2.6611290033230458e-06
6.299112273455698e-12
0.0
0.0
0.0
0.0
6.025377356333842e-20
8.48795409849076e-13
-0.004676807918750928
3.3020702648696905e-21
0.0
0.0
5.110375468177775e-09
0.0
0.0
0.0
0.0
0.0
0.0
5.396105868058291e-07
0.0
8.08495905604611e-09
0.0
0.0
9.262366631698165e-09
0.0
0.0
0.0
0.0
0.0
0.0
9.709882010993129e-09
0.0
0.0
0.0
6.12689391781176e-09
3.211903011480597e-19
0.0
0.0
0.0
-6.106855958082163e-09
0.0
0.0
8.630392373561478e-11
6.1068594022807565e-09
2.5325690110555782e-18
6.430520630524267e-11
-1.0841394009744251e-10
0.0
0.0
0.0
5.620397085179448e-09
8.473140147924212e-09
0.0
9.733460424104139e-09
6.430520385744432e-11
0.0
0.0
0.0
1.0509445670217605e-08
0.0
9.90377675622715e-09
0.0
0.0
0.0
0.0
0.0
0.0
0.0
0.0
8.003552291925597e-09
3.0112463331730505e-08
0.0
0.0
0.0
0.0
0.0
0.0
0.0
0.0
0.0
0.0
6.547312191932415e-10
0.0
0.0
0.0
0.0
0.0
6.649063999988316e-12
9.054982915418631e-08
0.0
0.0
0.0
0.0
0.0
1.203489414087253e-11
9.90840686721425e-09
9.908406870792118e-09
9.92041751347937e-09
9.920420040998579e-09
1.983595582372214e-08
9.990910268349574e-09
9.991431922378065e-09
6.853563407089612e-10
7.047563155352332e-10
6.475908097821531e-10
9.936263911090067e-09
6.513892898204821e-10
9.932395593283741e-09
9.970854811708259e-09
9.991432554424971e-09
9.99060997487666e-09
-4.0804357022225655e-10
0.0
0.0
5.836634826505787e-08
0.0
3.96826075978333e-08
0.0
0.0
0.0
0.0
0.0
1.1228738300687036e-10
1.357143395641653e-08
0.0
1.545142735777361e-09
0.0
9.125426664887506e-09
0.0
0.0
0.0
0.0
0.0
3.540459401549694e-09
3.044201617025623e-08
0.0
4.124617506944464e-08
0.0
1.3979897593957196e-08
0.0
0.0
7.862769168117142e-09
0.0
0.0
0.0
7.925615543957275e-11
0.0
0.0
0.0
4.4950583952547854e-08
0.0
9.584382894214105e-09
0.0
1.9510819174227936e-07
7.056242077777727e-10
6.882140584138111e-10
9.9905580419355e-09
0.0
0.0
0.0
5.114087710296802e-09
0.0
0.0
0.0
0.0
0.0
0.0
0.0
0.0
9.938369436237049e-09
9.843175730054263e-09
-1.9510819174432322e-07
1.9510819174398893e-07
0.0
1.9884093202953724e-08
1.9944619665251096e-08
1.9982926383266676e-08
1.998116852736848e-08
-9.856056760800279e-09
-9.683677173718055e-09
0.0
-6.24086339557006e-10
0.0
-9.737768063462974e-09
0.0
-5.699106506302639e-10
0.0
-9.7147094698085e-09
-9.712649094175373e-09
-9.710565508267398e-09
0.0
0.0
0.0
0.0
0.0
0.0
0.0
0.0
0.0
0.0
0.0
1.9826133012465014e-08
2.4900428874673448e-08
7.006889402643716e-10
6.665441534972278e-10
5.302088099194183e-10
0.0
1.7954938822574343e-18
0.0
1.130343909907935e-08
0.0
7.046179628066345e-10
2.8971363188682848e-08
1.88196364601773e-10
1.8819636734177822e-10
0.0
9.863534153699811e-09
0.0
-6.65742312652087e-10
5.613266770781617e-07
8.338188009787766e-07
2.173200717324592e-05
7.408009864590487e-08
0.0
0.0
3.2162330065086694e-06
0.0
1.292292184146004e-08
1.3350628062452416e-08
0.0
1.9835955841694408e-08
0.0
1.1831020026112648e-17
4.101016080462163e-06
3.7384675723976423e-08
3.418266418949335e-10
9.96268523866812e-09
0.0
2.200533632116847e-07
2.075881078249242e-07
-1.2373983084186524e-07
-1.3860761405607921e-07
-1.2961298717553e-07
-1.0970830014583877e-07
-4.534003494575959e-08
1.2056413549710858e-09
0.0
0.0
3.819874704489787e-07
9.836628372950074e-09
5.535689601523737e-10
1.6491020434456892e-16
0.0
0.0
0.20177484315027974
2.922514260250718e-09
0.0
0.0
1.990857953343043e-08
9.93172185074706e-09
2.6856118790272112e-08
0.0
2.98338467202771e-08
9.925267163078373e-09
0.0
0.0
0.0
-2.0973196236317515e-07
0.0
2.685365652007934e-08
0.0
9.943730596675407e-09
9.943730573024273e-09
9.977145092401046e-09
9.977145056601533e-09
9.948096083030307e-09
9.948096063466149e-09
9.94809610262936e-09
-2.169234607869372e-07
-2.0758918228711227e-07
1.2373875625786707e-07
1.386065392964403e-07
1.296119122567302e-07
9.90876724393905e-08
3.278563043610221e-08
8.7026466762119e-11
-1.4289730120942232e-07
0.0
0.0
0.0
1.190347030522415e-12
6.587263450583455e-05
6.58824115262191e-05
5.868323882387652e-10
3.2080859764656832e-06
6.121458836951133e-07
3.6778094686837004e-08
2.1721250147152247e-05
0.0
0.0
0.0
1.4443412761853063e-13
1.3857147919659957e-07
9.822037182992676e-09
0.0
-2.0839693189782707e-06
0.0
-2.103463865655173e-06
9.6227740616332e-08
0.0
0.0
2.9340576017969086e-09
9.989254597534409e-09
9.989254101112115e-09
-6.376548050337366e-05
-0.00013841882002576622
3.1190480267086865e-10
0.0
8.143430135347061e-10
0.0
0.0
2.5195532875034553e-06
-2.4795873380083098e-06
7.053876910610608e-10
0.0
0.0
9.97965573462086e-09
9.982786167864788e-09
3.0137767855574345e-09
2.3754999899357004e-05
0.0
-9.775700027248035e-09
-3.806165105313397e-11
0.0
1.1341505786122085e-07
0.0
3.610521927723861e-09
3.6163295024012394e-08
9.729893314142222e-09
0.0
0.0
2.0694027317273212e-08
3.938116841922406e-08
0.0
1.6983951093453136e-09
0.0
0.0
0.0
5.448221935207135e-09
9.981651272020271e-09
3.7492673113961e-08
1.4767213784643969e-09
3.7089433063717634e-08
2.8766095837617248e-08
4.2086468022095775e-08
0.0
0.0
0.0
2.0352069005967642e-18
1.7365242109919358e-08
-9.863727345321704e-09
0.0
3.806344128776118e-11
6.200456003155512e-05
6.479418754898719e-10
6.479418693326814e-10
0.0
0.0
5.469496717298503e-09
6.961076257692905e-10
2.102580018111585e-08
-5.4059622895796106e-08
0.0
1.333630592625923e-07
0.0
0.0
0.0
26.13329585966535
-26.133295830513624
0.0
9.946529575373614e-09
5.387648202722715e-10
9.232155081325029e-09
1.9823625122233467e-08
0.0
0.0
9.885782875095253e-09
0.0
1.4561796808817456e-09
0.0
2.5843354566969396e-07
2.5843354553246404e-07
9.976320675272009e-09
9.976320486454812e-09
0.0
1.4561796796905276e-09
0.0
6.065000306779102e-09
0.0
0.0
0.0
1.956081497370855e-08
2.6570019917063674e-08
0.0
0.0
6.845026018416727e-08
0.0
5.086817689353609e-09
0.0
1.050123820017433e-08
9.948096114440107e-09
-9.896048959456838e-09
0.0
0.0
0.0
3.0216365175022674e-08
9.979088915061326e-09
7.058956715392083e-10
7.030308201527895e-10
1.6876510901207287e-08
0.0
0.0
1.3350628002017238e-08
0.0
0.0
0.0
3.5227014078059384e-15
0.0
4.69100220162498e-08
1.1026191656053703e-08
4.646475788694113e-08
3.7515825344236304e-08
0.0
7.193422131767053e-09
4.416993458678636e-09
3.1611759551371707e-06
6.011196925561903e-07
0.0
2.1683734321724177e-05
9.408306105315634e-10
0.0
0.0
0.0
0.0
-9.530597576681632e-09
0.0
0.0
8.814301883318403e-09
0.0
0.0
0.0
0.0
0.0
0.0
0.0
0.0
0.0
1.4280862474429713e-09
-2.53291562998463e-10
-8.021633326935854e-09
0.0
0.0
-4.928326761085567e-09
-6.515235068068041e-10
0.0
0.0
1.5035030330926407e-08
0.0
6.990244426505714e-10
3.966694323703779e-08
9.938357515304048e-09
9.938357012531026e-09
6.534445513982236e-10
4.43813806785168e-09
0.0
0.0
0.0
0.0
0.0
2.8406396201203707e-08
6.841959680055201e-10
0.0
3.2526065174565133e-18
0.0
0.0
-3.019903072872287e-08
0.0
1.8332925795218157e-08
0.0
0.0
0.0
1.28392905918151e-07
0.0
0.0
5.9497977486962646e-08
0.0
0.0002865733391323623
-0.0002866132359757856
9.938962721356328e-09
0.0
1.7704324734066074e-08
-2.056431759897578e-07
0.0
0.0
0.0
0.0
1.38623749434135e-10
0.0
0.0
2.8808098075090867e-08
0.0
0.0
0.0
0.0
7.900828962786399e-09
0.0
9.904724430104631e-09
6.217335679896226e-10
0.0
0.0
0.0
0.0
-8.120412940469901e-09
0.0
0.0
0.0
0.0
3.1234669219450326e-09
0.0
0.0
0.0
0.0
-9.399471276282512e-12
0.0
0.0
0.0
0.0
-9.969359751564109e-09
1.9510819173572062e-07
-7.589596891927064e-08
0.0
0.0
0.0
0.0002916395629790816
5.421010862427522e-20
0.0002916297010147849
2.1945292264745934e-09
0.0
0.0
0.0
0.0
0.0
0.0
0.0
0.0
0.0
2.3799544683755575e-12
2.380018792630621e-12
2.382722485539775e-12
2.382638414731795e-12
3.021636421362513e-08
9.959709501572434e-09
0.0
3.894471799790241e-08
9.442005785186248e-11
1.9320691597142567e-08
0.0
0.0
8.38031080250425e-12
9.979607548440328e-09
9.979608250887395e-09
2.910862998830066e-17
0.0
2.7451429915776378e-08
3.7368074780086426e-08
9.916644861400665e-09
0.0
0.0
0.0
1.175413702548044e-08
0.0
3.371071907665356e-08
0.0
0.0
-9.464249708587835e-09
-9.582308594172084e-09
2.440321516823376e-09
-9.895186905444137e-09
3.368782149563282e-08
-9.690922323781718e-09
0.0
0.0
-1.0155570427574506e-10
0.0
6.846786696279821e-10
2.356701542428351e-08
3.301640930663033e-08
-0.004677443970082074
-0.0021175023123983705
0.0
6.118427685592863e-07
0.0
6.019919315418037e-07
0.0
0.0
0.0
9.623156970887549e-09
0.0
0.0
8.724876763363445e-09
0.0
0.0
0.0
7.767953168420151e-10
0.0
0.0
0.0
2.534540322830225e-09
0.0
0.0
4.0417619934779416e-09
4.556968608016021e-09
0.0
-3.585269339306243e-13
0.0
0.0
0.00011412410079003621
-4.557327099464353e-09
0.0
-0.00011409547852281267
3.5864421102915815e-13
0.00011411967235609368
0.0
6.584278079504614e-05
0.0
9.958976882090027e-09
6.736923900963267e-10
5.141316225632824e-10
0.0
9.264392813448583e-09
1.3266794427570978e-09
2.205101392888792e-08
1.1175396066984318e-09
0.0
0.0
0.0
0.0
1.0250870167787494e-08
0.0
9.849618503005306e-09
0.0
0.0
6.430520485025366e-11
0.0
9.610693142582512e-09
9.610693147382881e-09
9.610693152168216e-09
9.907030622806506e-09
5.162326735017812e-08
9.907029943607169e-09
6.22684394972554e-10
0.0
2.7938890632036827e-18
0.0
0.0
0.0
0.0
5.871208577068281e-10
0.0
0.0
5.091100910382969e-06
0.009348238019595664
4.0029618909823466e-08
0.0
0.0
8.470481236373916e-08
-3.5338156656335336e-08
9.97232532006325e-09
2.318949754882437e-09
-1.66097860699973e-08
4.823362377215068e-10
4.823362320248929e-10
0.0
1.2747639873950804e-08
-1.9342675511963524e-09
1.9983323322635513e-08
7.058065801822666e-10
8.135895719064113e-08
0.0
4.052072281338387e-09
0.0
0.0
0.0
0.0
7.872056186908691e-08
8.6360763544835e-10
9.991643457824884e-09
9.936263920704394e-09
9.232791851428645e-10
-6.34774743485958e-10
0.0
7.917035650813978e-09
0.0
0.0
0.0
1.9726970148807055e-08
2.5156057943167748e-08
0.0
0.0
0.0
0.0
0.0
9.979608090667856e-09
0.0
9.976746064704889e-09
0.0
3.615487337197207e-08
1.9953241814230902e-08
6.908957115701364e-10
9.782317798184762e-09
8.42833844192959e-09
9.92931825896968e-09
6.445692848462464e-10
4.8304074889748704e-08
0.0
8.428338957311432e-09
-1.2907464421939603e-10
9.990567504357395e-09
1.9980497725442414e-08
7.040883361569699e-10
1.0435259230166803e-08
0.0
0.0
0.0
3.0914588299023456e-10
9.587543472349726e-09
-1.720059475778771e-10
0.0
0.0
5.820176983396055e-17
9.93836952356732e-09
0.0
0.0
-9.929973972049814e-09
0.0
0.0
0.0
0.0
0.0
0.0
0.0
8.703458178314571e-09
0.0
0.0
6.86345979200057e-10
9.944409786567534e-09
0.0
0.0
1.7366436401005837e-08
0.0
0.0
-1.8907537211246273e-15
0.0
0.0
7.038344719726868e-10
1.997988798856159e-08
7.043701549443296e-10
1.9354499098113434e-08
0.0
0.0
0.0
8.984546349783753e-09
4.591548919775644e-12
0.0
1.820387973837058e-08
9.819051304991236e-09
0.0
0.0
0.0
-8.97300933555556e-09
0.0
0.0
0.0
0.0
7.308880901745894e-07
7.308880901745598e-07
0.0
0.0
1.0344057933005085e-07
9.559272675549103e-09
0.0
0.0
9.99197631183711e-09
0.0
1.9481738327954234e-08
9.905024334105594e-09
6.207158812827039e-10
0.0
-1.0204264286415438e-08
6.737394258521872e-10
6.740202702593411e-10
0.0
0.0
5.640911737714305e-08
1.9919777632693934e-08
6.75155209670632e-10
0.0
0.0
0.0
8.468515090567857e-15
-9.50459225212974e-11
8.633738110096011e-09
0.0
0.0
0.0
0.0
0.0
1.028308573404567e-08
0.0
9.61041417381532e-10
0.0
5.1462364302093556e-11
0.0
2.168077201660996e-10
0.0
0.0
0.0
0.0
0.0
1.2706802683200579e-11
0.0
1.4900479063572435e-10
0.0
7.300601985760153e-11
0.0
0.0
0.0
0.0
0.0
0.0
0.0
2.1692310265619615e-07
2.0758882413214608e-07
-1.1417948605121575e-07
-1.3860689755061436e-07
-1.2004956214828087e-07
-1.0970758343095688e-07
-5.4837002769419805e-08
-1.2049245006699044e-09
4.367114312651145e-08
0.0
0.0
0.0
0.0
0.0
0.0
0.0
6.643330189736208e-05
0.0
0.0
4.982951790541824e-09
0.0
1.6514714415871145e-08
0.0
0.0
0.0
-1.595499907586478e-09
9.232155060406703e-09
0.0
-1.2111012199697829e-07
0.0
9.925071537946203e-09
6.403996904969152e-10
0.0
0.0
0.0
7.700254560273863e-07
0.0
0.0
0.0
0.0
3.420961421112024e-08
0.0
0.0
0.0
0.0
0.0
0.0
1.0050134549639673e-05
9.758840650684725e-09
3.358667921009004e-10
5.411286796852543e-08
3.453282176555646e-08
9.489843062948506e-10
2.1775791752490626e-08
1.2296439415696701e-08
0.0
0.0
7.7344531387961e-06
0.0
0.0
0.0
6.772976205923764e-09
0.0
0.0
6.772975237168794e-09
0.00028303567055686617
0.0002481608587915629
0.0
5.188157155279159e-10
9.801223461193784e-09
5.188162241218935e-10
0.0
0.002258248174135694
0.0003016856161722387
9.318105913697325e-09
8.636918773403624e-09
0.0
0.0
0.0
0.0
0.0
3.969257826425384e-09
2.027661056927825e-09
4.061888189380671e-08
9.945892637809492e-09
9.945892596264789e-09
0.0
0.0
0.0
1.0816825346711424e-08
0.0
0.0
0.0
0.0
0.0
4.3681214253009085e-09
0.0
2.3328966730568768e-08
0.0
5.505938270849303e-09
3.251294961128664e-08
0.0
0.0
2.643822410593667e-08
2.6438224133993806e-08
2.6438224157629956e-08
3.531612822634678e-08
2.6438224154825056e-08
0.0
6.228155380844669e-09
0.0
0.0
0.0
0.0
0.0
0.0
1.39027536514618e-08
0.0
0.0
0.0
0.0
0.0
0.0
0.0
0.0
0.0
3.433346330031043e-08
4.886329654698686e-08
9.96643461004273e-09
0.0
4.1093274910457996e-06
0.0
0.0
0.0
0.0
0.0
0.0
3.4759895954494424e-09
0.0
2.0614036223423924e-06
-8.339456360492104e-08
0.0025620881281279563
0.0003016993833817455
0.0006618496061229497
0.0
1.04050118630172e-08
6.080826360845972e-10
1.9794970213351178e-08
9.902813090758938e-09
9.902813081054743e-09
2.0551239652989382e-10
9.481876633464156e-09
1.1868931897663097e-08
0.0
0.0
0.0024880825351177296
0.0
5.188157002100737e-10
5.18815707860315e-10
6.613608528063808e-05
0.0
1.8741600924508237e-08
6.443787050458353e-10
1.7665636349673687e-08
2.7093536888033093e-08
0.0
1.968665036360637e-08
0.0
4.341559921780413e-10
-6.75395220562075e-10
0.0
1.459421947166403e-08
0.0
0.0
0.0
0.0
5.1723804800925136e-08
0.0
0.0
0.0
6.66964645402784e-10
2.758623912201691e-08
0.0
0.0
0.0
0.0
6.845309969377554e-10
0.0
9.972897726227576e-09
0.0
9.957787211283247e-09
0.0
6.862393862588543e-10
0.0
0.0
0.0
5.473652970585347e-07
4.9156811327225084e-05
0.0
9.949462540979954e-09
9.949463475322773e-09
0.0
-8.652089083409854e-09
5.6044453800030425e-11
0.0
9.718693114762162e-09
8.428338434298008e-09
9.718693108413364e-09
9.71869310208021e-09
8.42833842699359e-09
0.0
-9.110080650167858e-09
0.0
7.0227800129349264e-09
5.604444459401257e-11
9.888933430975286e-09
0.0
9.699895098763e-09
4.193723443393524e-10
5.58961591339722e-10
5.589615850936453e-10
1.0349770724748286e-07
0.0
0.0
0.0
9.939673974132178e-09
6.547379554172093e-10
9.942556198056037e-09
9.94255618390642e-09
0.0013103202261859892
-1.7013465289372753e-10
0.0
0.0
9.303107779047583e-09
0.0
0.0
0.0
0.0
7.046062717391877e-07
-7.851585345936289e-09
4.041756806248363e-07
0.0
0.0
0.0
0.0
-8.267041565201971e-18
0.0012439792038860878
-4.527533636541903e-08
8.017281557657455e-05
-1.0652286344670081e-17
0.0006948911295875342
0.0006949008144504897
4.0462239073570513e-10
2.925537979525439e-06
0.0
0.0
0.0
-5.531523364354918e-10
0.0
2.9141253894963734e-06
0.0
0.0
0.0
5.15015749067098e-10
5.864305341038311e-11
-1.1393879047103836e-09
0.0
5.560882540919447e-07
8.274434208340211e-05
0.0006832067463591329
9.498484615843497e-05
8.018268651230355e-05
2.914125387979408e-06
2.824479648278401e-07
0.0
1.9498685259361178e-08
6.906519091916165e-10
9.69989560146902e-09
0.0
-3.4182694418489574e-10
0.0
4.0626835785621415e-06
-0.0012433107096946588
0.0
0.0
0.0
9.490280276005657e-09
0.0
0.0
0.0
0.0
-2.9235914661418505e-09
4.236101970735074e-08
9.96596622891352e-09
0.0
9.82154697336062e-09
9.821547034103047e-09
1.7577979959931458e-07
0.0
0.0
-9.933883935673961e-09
0.0
9.880416373898773e-09
0.0
7.151403861530057e-08
9.923367187540146e-09
0.0
0.0
1.0426997951055521e-07
0.0
0.0
0.0012440713924032425
0.0
5.916248391280419e-09
-6.787459395296027e-06
6.805664259217458e-06
0.0
1.893548099083334e-08
9.975246252003191e-09
0.0
9.775193213554375e-09
-1.3725219120746743e-08
0.0
3.1325268433661536e-07
1.615127586103942e-08
0.0
0.03672672300904729
-0.03672670457872735
0.0
5.475760645223549e-10
0.0
0.0
0.0
0.0
8.422985323298871e-08
0.0
9.990112848154864e-09
0.0007440913363684743
0.0006949201192983118
0.0
2.7938745929585255e-15
0.0
1.96850130946904e-08
2.480025014980807e-08
0.0
0.0
1.9703084069637108e-08
9.150858145757403e-08
0.0
0.0
1.9316015657710758e-08
0.0
0.0
3.505405200048954e-08
3.996135204547724e-08
7.04226311523715e-10
6.898746587529327e-09
6.89874532379586e-09
7.060964760867734e-10
-1.9011349623038187e-08
0.0
2.0256655656580342e-08
0.0
0.0
6.984525947191819e-10
0.0
0.0
0.0
0.0
7.041161210520092e-07
0.0
0.0
0.0
0.0
2.0723659220279456e-08
1.6806817870420723e-06
7.021522674905349e-10
-1.6706938288083744e-06
9.332065001863279e-09
9.842121846139439e-09
1.9764982122631236e-08
-2.4514967833511037e-09
-0.004670228075720928
-0.005365735631641166
0.0
7.140766736506161e-08
-6.188807952754588e-08
-1.2331460938095826e-09
-1.0495512721256145e-08
2.1692274452395077e-07
2.075884659794025e-07
-1.2373947266588586e-07
-1.3860725580142064e-07
-1.200499202727758e-07
-1.0970794179013255e-07
-5.4837361172788146e-08
-1.2052829277166277e-09
1.9825774834661934e-08
8.379952880793452e-12
9.938369407167316e-09
6.534567054090341e-10
-9.593589483589127e-09
2.7178186286698967e-08
0.0
2.8973133696371574e-08
9.950114642053023e-09
0.0
0.0
0.0
0.0
0.0
0.0
0.0
7.165789707585589e-15
0.0
0.0
8.307906224487203e-05
-8.065782510140369e-06
0.0
9.801961953457455e-09
0.0
0.0
0.0
0.0
0.0
1.77953035254252e-08
7.957963287473502e-09
1.978758557191024e-08
9.938369549851343e-09
0.0
0.0
0.0
6.58163100143433e-10
2.9725955158503558e-08
0.0
1.978758554568497e-08
9.843175701059435e-09
5.599960960559427e-10
-0.00011226787803408911
0.0001122776921953439
0.0
2.03092893266429e-08
0.0
0.0
0.0
2.1713693793350236e-07
-3.313293713939902e-07
1.984352039549553e-06
4.2016675672145213e-07
0.0
9.115110326114846e-09
0.0
0.0
7.011138511526847e-10
9.986900856425937e-09
-1.0177130135627525e-08
0.0
9.346437179562065e-11
9.819872010931395e-09
0.0
9.819873864472713e-09
9.819875780109388e-09
6.58751971069566e-05
0.0
0.0
0.0
0.0
9.812308715180658e-09
-3.927771572521726e-08
0.0
9.840630391269185e-09
9.84063039410124e-09
0.0
0.0
0.0
9.957902764466588e-09
0.0
0.0
1.3376338486512096e-08
4.2303582858949085e-09
9.863726457034865e-09
1.0858003462595445e-08
7.04536508714351e-10
0.0
-1.0294744612338036e-08
0.0
9.358227525856005e-09
5.8346357403312385e-08
0.0
-9.84897080960167e-09
0.0
2.8217122860496602e-08
9.989633457271469e-09
0.0
0.0
7.506645715746066e-09
0.0
-7.506645062493877e-09
7.50664466724835e-09
9.3181058711207e-09
4.496168401608132e-11
1.6007209281489833e-08
1.6007209279307754e-08
6.487676960229643e-10
-9.957936653915995e-09
0.0
0.0
0.0
0.0
0.0
9.938358009719949e-09
0.0
0.0
0.0
-3.8082939163297524e-09
0.0
2.0091794288398015e-08
-9.53211211178473e-09
-9.5321121169889e-09
0.0
1.9641936370339673e-08
0.0
1.1040692598590407e-08
9.985107542986432e-09
9.985107562699884e-09
9.98406578119648e-09
9.984065800909796e-09
0.0
0.0
3.1009866001676835e-08
1.9908526921240856e-08
-9.725512227883515e-09
-9.920420056478106e-09
0.0
6.437099157689121e-10
1.8380976590159698e-09
3.662285253679813e-07
0.0
7.506646071771885e-09
0.0
0.0
-6.551144995838726e-09
-7.023998867249025e-09
3.1325268336181655e-07
0.0
0.0
0.0
0.0
0.0
0.0
2.4691503788681476e-09
1.963800898914887e-08
9.906375562761968e-09
0.0
-9.905535571307593e-09
0.0
4.360895929408477e-08
0.0
0.0
0.0
0.0
0.0
0.0
0.0
1.375333861679219e-08
0.0
0.0
0.0
3.907817995428613e-09
0.0
0.0
0.0
0.0
0.0
0.0
0.0
1.8629814775536384e-08
0.0
0.0
5.836634922502644e-08
0.0
3.968260761583793e-08
0.0
0.0
5.9855132948009144e-09
0.0
9.520647124452683e-09
6.592550024538678e-10
0.0
8.210351611768191e-09
9.739986320515021e-09
0.0
9.758314155681815e-09
0.0
0.0
9.872424813294712e-09
0.0
0.0
2.3552530485210985e-09
0.0
0.0
6.641141210925426e-09
3.312725742442252e-08
0.0
0.0
1.8691187649712465e-08
1.2820933512575688e-08
1.073419613450855e-08
5.172959605091366e-08
0.0
2.2110998861608708e-08
7.822668792844683e-09
-1.0093848230840277e-08
0.0
0.0
2.935846917073444e-07
5.4938778063936616e-08
3.7600685833909913e-07
-2.5943841415051864e-08
9.80816573483144e-09
9.808165734683374e-09
9.808165734453977e-09
5.64229406292648e-10
1.3500407813914396e-07
0.0
9.56574285717105e-09
9.565742852266064e-09
2.877619857382478e-10
2.2195798705459068e-07
0.0
1.447410758744187e-10
9.989786598552457e-09
9.987509352972968e-09
9.987509343206314e-09
9.960432376354829e-09
9.960432375866068e-09
9.982243333049862e-09
9.982243331718592e-09
9.96361891965271e-09
0.0
9.96361842820184e-09
0.0
9.750458765552153e-09
0.0
5.924728000116032e-10
0.0
2.0179301860993974e-08
9.837901147629348e-09
5.548185723203506e-10
-9.430626826846387e-09
9.890839502731015e-09
6.06789000328044e-10
9.890840004632341e-09
9.888346498862574e-09
6.043413907323665e-10
0.0
-6.496901272718715e-09
0.0
5.940588316405426e-10
4.802468910718538e-18
3.7766335738559294e-08
0.0
0.0
1.4987562290943665e-09
0.0
0.0
2.545431871933083e-08
0.0
0.0
1.1497058928835136e-09
3.526284367313223e-08
0.0
4.5208940344782423e-07
0.0
0.0
0.0
6.620170273617971e-05
0.0
0.0
1.8892990637708738e-07
1.7904097293579573e-07
9.888933451187437e-09
9.888568116526043e-09
9.888541806789928e-09
0.0
0.0
0.0
0.0
0.0
0.0
0.0
0.0
0.0
0.0
0.0
0.0
0.0
0.0
8.535074510050488e-10
0.0
1.9478007429185595e-08
0.0
0.0
0.0
2.9639666690255755e-07
4.882538952821893e-16
-6.496901285461479e-09
1.3187093515729673e-06
1.3187093515729264e-06
9.277409657504624e-09
1.1436564699385735e-09
0.0
0.0
9.817961502797493e-10
0.0
0.0
1.0569110729610297e-09
4.991088204077195e-08
1.0840070984647136e-07
0.0
0.0
0.0
2.5710213522465034e-08
0.0
0.0
0.0
3.2842912095254516e-08
2.5040394421499987e-08
2.900559023326886e-09
0.0
0.0
-9.828689900154286e-09
0.0
1.5201586080619123e-08
2.4164105171889356e-08
0.0
9.847487537267817e-09
5.642289011905283e-10
1.881394165057041e-08
0.0
-1.3488101316691971e-11
0.0
0.0
0.0
0.0
0.0
0.0
0.0
0.0
0.0
0.0
-2.6001298252446806e-07
0.0
7.95206511995813e-09
0.0
0.0
0.0
1.9510819174331864e-07
8.636918780058926e-09
8.63691878780215e-09
0.0
0.0024880801619637793
0.0024880801619643154
0.0
1.736643658552708e-08
4.3708384313848015e-17
-1.4967349756387114e-08
-1.4967349756350953e-08
3.4126157243990736e-09
0.0
0.0
0.0
0.0
0.005370514517073489
0.0
0.000661900459255311
0.0
0.0
0.0
3.013775273414633e-09
0.0
0.0
0.0
0.0
0.0
0.002166110399700986
0.0
0.05765827261592641
1.6152675194971076e-06
4.757587286993319e-08
-2.439454888092385e-19
-0.00013850521039771024
6.197900771082177e-08
-4.6396424775692365e-09
-2.0168218679101832e-08
1.5604797852660467e-09
0.0
0.0
-9.056238721937525e-09
-2.661129003267426e-06
-2.687109479981853e-06
0.0
0.0
1.9315405007775307e-05
-6.299113249237653e-12
1.931578468372298e-05
0.0
4.955776317813702e-09
8.964820998544998e-09
0.0
1.2113789421576931e-08
0.0
6.915201355259841e-10
0.0
-9.883346320060764e-09
0.0
0.0
2.946447175133926e-08
6.120362909341775e-10
0.0
0.0
0.0
0.0
2.7464425471521808e-08
9.936872011155878e-09
0.0
0.0
2.5102591148882386e-07
2.510259114888373e-07
9.338950890168212e-09
6.539213818923739e-11
0.0
5.42389067086757e-06
9.987490790226796e-09
4.7420398104694546e-07
9.99038616063489e-09
0.0
9.989671327037894e-09
9.959311001236911e-09
2.2280811002613395e-07
5.980902547728802e-08
1.6201631497466192e-08
9.976746256039092e-09
0.0
9.970164725593478e-09
0.0
9.959025061069414e-09
0.0
9.991644004796461e-09
2.3804479226263752e-05
9.991770248549654e-09
0.0
9.990568037967255e-09
0.0
9.990113358715927e-09
0.0
0.0
0.0
0.0
0.0
7.851585352580892e-09
0.0
0.0
0.0
0.0
0.0
0.0
0.0
0.0
0.0
0.0
0.0
0.0
2.3804651329698966e-09
0.0
0.0
0.0
0.0
8.487593231933646e-13
8.486887744860742e-13
1.698235256058112e-13
3.9610598671612724e-13
6.223976101228607e-13
2.2641406559041206e-13
1.1318869717399907e-12
6.792342559672539e-13
4.528290921075131e-13
9.055751696317506e-13
0.0
0.004676817754542725
0.0046768217062052985
0.0
1.1208943571522432e-09
-9.936400610296992e-09
9.938291604560187e-09
9.952550869284257e-09
0.0
5.493553515408196e-12
0.0
0.0
0.0
0.0
-9.504492347473523e-11
1.1091718596626511e-11
9.03207123743159e-12
7.506645920865697e-09
8.707642040158255e-09
0.0
0.0
9.804765960545175e-09
0.0
2.9725955140148615e-08
8.540756173666898e-12
0.0
8.120647912432881e-09
0.0
0.0
0.0
1.0041715750040697e-08
0.0
9.975827341125146e-09
3.613690788463987e-10
0.0
9.610493401090991e-09
6.588302056913248e-08
0.0
1.982470016369476e-08
1.9825058428672925e-08
2.267071167584663e-08
0.0
1.3474691882045658e-07
0.0
2.7100505450901062e-08
0.0
0.0
0.0
0.0
1.043347919095793e-08
9.898784014694684e-09
1.9823983589059978e-08
1.982362529711171e-08
0.0
0.0
9.05498286370644e-08
2.880647100334374e-11
0.0
1.3737896867251334e-08
0.0
1.1599957300259004e-09
0.0
7.475573470088946e-11
0.0
0.0
0.0
0.0
1.4765405108238456e-09
6.333626247849006e-09
0.0
0.0
8.143440175870507e-10
0.0
0.0
1.672975166168575e-08
0.0
0.0
0.0
0.0
3.902597494215332e-09
0.0
0.0
0.0
0.0
0.0
9.924840256740153e-09
6.401721922256279e-10
-9.504542240763435e-11
0.0
0.0
0.00028303493782203665
9.699896104182762e-09
0.0002481608587905653
7.193865086041228e-05
0.0
0.0
2.97891832816359e-09
3.108752035270581e-08
3.0743317663275685e-08
4.594987652118746e-09
1.0976509612599086e-08
9.892327896068864e-09
0.0012438690768969778
-4.854631035731972e-05
-0.001310330048077346
4.91665841373902e-05
5.443611032603843e-16
-6.645287595252736e-05
0.0
0.0
1.6094330489836094e-08
0.0
0.0
0.0
0.0
0.0
3.418983163387325e-09
0.0
0.0
1.609433162742711e-08
1.2850917567865013e-08
0.0
4.085462413974949e-08
0.0
4.056593242655118e-08
0.0
4.515724508633036e-09
0.0
1.8781216203661555e-08
0.0
0.0
6.735373823934225e-09
3.233924452237138e-09
3.1752028114392456e-08
3.100695618310668e-08
0.0
8.983759123234346e-09
0.0
0.0
0.0
1.4547007112976917e-17
0.0
0.0
9.277410423131073e-09
-1.3185989895196534e-08
-5.39610586740514e-07
3.40671290131419e-08
0.0
0.0
5.8366347297511643e-08
0.0
3.9682607582902586e-08
0.0
0.0
0.0
0.0
0.0
0.0
1.357143377618669e-08
0.0
1.5451435367743095e-09
3.5404586174215677e-09
3.044201550307285e-08
0.0
4.731117549402041e-08
0.0
1.3979895860864694e-08
0.0
4.360895885257427e-08
0.0
0.0
0.0
0.0
0.0
0.0
0.0
1.3753337977421727e-08
0.0
0.0
0.0
3.9078163880511034e-09
0.0
0.0
0.0
0.0
0.0
0.0
0.0
1.862981580800189e-08
5.131013193475787e-09
0.0
0.0
0.0
0.0
9.720766788136839e-09
4.3951355089431853e-10
1.951081917428395e-07
-4.138339299883144e-06
0.0
0.0
0.0
0.15208203429846093
6.018241655916138e-10
-6.018243217269755e-10
0.0
0.0
0.0
6.552509559993019e-05
0.0
0.0
0.04969280705099481
0.0
0.0
-6.747566332153165e-05
-0.0002366417468252298
1.0344057880216917e-07
0.0
7.725173627048983e-09
0.0
0.0
8.689466978331485e-09
9.944409757541704e-09
9.944409728405296e-09
6.593879021623848e-10
0.0
0.0
0.0
-9.884955513850269e-09
0.0
0.0
0.0
0.0
0.0
0.0
-9.82567651259582e-09
1.4372154440714345e-08
9.979088894904468e-09
6.934424957585791e-10
0.0
0.0
-0.1115078617484016
0.11150788087046684
9.942561215898554e-09
-0.00023697086013916262
9.892157103239844e-09
9.892156871416091e-09
-6.750823825274068e-10
0.0
0.0
0.0
0.0
3.9362290213270545e-09
4.44364709779069e-09
0.0
0.0012438690768974757
6.535046295609041e-10
0.0012438690768979746
9.938418313147254e-09
0.0
0.0
0.0
0.0
3.936228390585295e-09
4.443644198649525e-09
0.0
0.15208203429846026
2.1932688909487297e-07
9.95591209224516e-09
0.0
0.0
3.7384675711565465e-08
0.0
2.8073838387962707e-08
6.893389931496158e-10
2.376196187365628e-05
0.0
-1.162189125313148e-08
1.2778685883540683e-08
5.417076312543543e-07
2.432874715211199e-08
5.452700795013845e-06
0.0
0.0
0.0
2.8585250294930128e-09
0.0
0.0
6.941901607368517e-09
6.941906350671359e-09
8.392500032502181e-10
-4.2917215323890064e-10
0.0
2.1152136447880338e-07
3.6206418081434973e-07
1.9510819173894237e-07
1.4883499428342081e-10
9.4240721892902e-09
1.2960045700247345e-09
0.0
0.0
8.745247906914722e-13
8.745249499336662e-13
0.0
0.00026675818236101233
0.0002667581823600072
0.0
0.0
-6.126893902048447e-09
0.0
0.0
0.0
2.6875625111480436e-08
0.0
9.44970632861543e-09
1.9824341876417684e-08
1.951376257516499e-07
1.9513762575165288e-07
0.0
1.736643612426319e-08
3.601039916707577e-09
9.727933824308418e-09
9.935139740019854e-09
9.935139747822925e-09
6.502854396839938e-10
9.935139732223927e-09
9.935140258136355e-09
2.6624587431477557e-09
0.0
0.0
2.846701719673222e-09
8.51410322219794e-09
1.1044110887740705e-08
1.2479886534919268e-08
0.0
0.0
0.0
0.0
0.0
0.0004962962908392748
-0.00024780501426193064
0.0
0.0
0.0
8.140657128637932e-11
0.0
8.140850051680964e-11
8.141039127640073e-11
0.0
1.770432474666303e-08
0.0
4.1735149499292295e-17
5.861147271980159e-10
9.869780721321526e-09
9.869780709403399e-09
0.0
0.0
9.919353374928871e-09
0.0
0.0
0.0
0.0
0.0
6.10685595818655e-09
6.106855958095715e-09
6.106855958057442e-09
0.0
-9.781526669774788e-09
-1.971599770424215e-08
0.0
0.0
0.0
0.0
-3.891076379491611e-06
3.940357571317814e-06
9.926756083800115e-09
6.772977175019286e-09
1.7704324790620604e-08
1.7704324778321332e-08
0.0
3.0375710285405095e-13
0.0
-9.874086666361581e-09
0.0
0.0
0.0
-8.630392391408351e-11
-6.106859402063916e-09
0.0
0.0
0.0
-6.430520699263198e-11
8.376552182033755e-09
1.0841394013132383e-10
1.7704324762992236e-08
0.0
0.0
4.0843879281411355e-10
0.0
5.137927434334056e-10
0.0
0.0
0.0
4.1080060655254406e-06
0.0
0.0
0.0
0.0
4.399198404956539e-08
6.4341234831845485e-09
0.0
5.895779537927576e-10
0.0010297016508007124
0.0
0.0
-0.04975484298479046
6.810152514571655e-10
0.0
9.966434107371437e-09
0.0
0.0
0.0
0.0
-8.827668029291053e-09
-1.0172398097031248e-08
0.0
6.739673130232332e-09
-8.473140147846614e-09
6.739673134793962e-09
6.739673139279849e-09
0.0
0.0
0.0
-4.523099886762648e-10
0.0
0.0
0.0
0.0
0.0
0.0
0.0
0.0
3.171835278083122e-10
9.674792726162653e-09
4.1937432907861145e-10
0.0
0.0
3.4759895948523355e-09
0.0
24.597967998363245
-24.59796797844852
9.955706037350717e-09
9.842412204383977e-09
9.842408425822336e-09
2.0564317599944425e-07
0.0
3.36288692147592e-08
0.0
9.955911950621432e-09
0.0
0.0
0.0
0.0
-0.0037995387674425495
0.003799558779162953
9.93509444255792e-09
1.0509445611218152e-08
-1.0509445643030076e-08
0.0
0.00024814822305669183
0.0002481679526696438
0.0
1.7710154591665024e-08
9.235199418398876e-09
0.0
6.194909702700796e-10
-6.19490967417283e-10
0.0
1.0509445552009259e-08
0.0
9.842415986252922e-09
0.0
0.0
0.0005309301941271408
0.0
0.0
1.444344556010442e-07
0.0
1.1548032918121521e-07
0.0
0.0
1.978537732886282e-08
6.558975094818397e-10
0.0
0.0
0.0
8.564815535316515e-10
0.0
9.91471660409259e-09
9.914716604073956e-09
-0.00011227764979989354
0.0
0.0
9.633471830412414e-09
9.920269807463962e-09
4.4768899777353904e-07
4.476889977734998e-07
0.0
0.0
0.0
0.0
0.0
9.8218790013018e-09
5.390905324825104e-10
-7.725173548599196e-09
3.643340334726236e-17
-1.0897446834879081e-08
-2.0672867375945343e-08
0.0
0.0
0.0
9.969780514513127e-09
9.976857528254437e-09
6.912509501670774e-10
0.0
-7.524276015001275e-09
0.0
6.3336189890001894e-09
0.0
6.3338500740441965e-09
0.0
0.0
6.333619996294343e-09
6.328659171950633e-09
0.0
4.3850292991670814e-10
0.0
9.969780339138412e-09
-7.022109068702678e-09
6.782568101491466e-13
9.960370416389792e-09
6.75060610477942e-10
0.0
0.0
6.821893507087949e-10
9.971689353348527e-09
9.971689084696533e-09
0.0
9.967629980927696e-09
7.022780501394396e-09
1.9255052525437293e-07
6.33362517585884e-09
0.0
0.0
0.0
2.5285690263062535e-08
0.0
0.0
-3.0372053247407216e-08
9.962697552568303e-09
0.0
0.0
2.685258588218225e-12
0.0
0.0
2.2583069997409128e-07
1.951081917402572e-07
8.436944419858675e-11
8.436944419858675e-11
1.670801918982594e-10
6.588302050766114e-08
0.0
1.8430019449856925e-09
2.484572246681745e-07
0.0
0.0
0.0012635259851244895
-0.0012634363439179774
9.948087853484111e-09
0.0
7.687524394839329e-09
0.0
0.0
0.0
-6.547310150688669e-10
-3.11712596923544e-14
0.0
2.8363753132537236e-08
2.4845722438517153e-07
0.0
9.984969185985896e-09
9.731010330481395e-09
9.987490324028271e-09
5.412952152558617e-06
0.0
1.0584572755229464e-08
7.024026444764826e-10
0.0
8.307872054032865e-05
1.0517304994663424e-09
1.8425394620155372e-08
8.617228885176304e-09
8.617228884990648e-09
0.0
5.906425450857355e-09
0.0
0.0
3.025374768258763e-08
3.2319349927243826e-08
0.0
-6.649063999988316e-12
