0
9.436211579820963e-09
8.68729421375299e-09
0.0
0.0
2.3168886918747885e-06
6.529043241289526e-09
0.0
0.0
3.4586849537339696e-07
0.0
7.207345431673051e-09
8.228306290469668e-08
0.0
0.0
0.0
0.0
0.0
0.0
0.0
0.0
0.0
0.0
0.0
0.0
1.3030565215153673e-05
0.0
0.0
0.0
0.0
0.0
2.017930348534428e-07
0.0
0.0
0.0
0.0
4.202138900232962e-06
0.0
1.697094668475119e-09
7.922576828105266e-09
1.5509412296600301e-09
2.9058823596731038e-08
0.0
9.834185130273662e-09
8.274681343956638e-09
6.2172441369359276e-09
1.138380475987249e-07
0.0
0.0
0.0
0.0
1.1719565677696306e-20
0.0
0.0
0.0
0.0
0.0
0.0
0.0
0.0
0.0
4.26389009133225e-07
0.0
0.0
0.0
9.572326333593766e-09
0.0
4.986543086701299e-09
0.0
1.216268556736086e-19
0.0
0.0
0.0
8.439478934172814e-09
1.013942667891024e-10
7.988586751403129e-14
5.190909058450959e-10
9.589050266545474e-20
0.0
0.0
9.668944440116303e-09
0.0
1.013944483929663e-10
1.599024557019951e-23
0.0
0.10038322839507641
4.891552258553847e-13
3.860546808658027e-08
4.040106711883484e-08
9.529559609748497e-09
0.0
8.676618218494097e-09
0.0
0.0
0.0
8.564044695911147e-11
7.362115450040648e-09
0.0
0.0
0.0
0.0
0.0
0.0
0.0
0.0
0.0
0.0
0.0
0.0
0.0
0.0
0.0
0.0
9.090175861252081e-10
3.224978742810805e-09
3.0089656439653824e-21
5.031228826650751e-09
0.0
0.0
7.805824833507618e-09
0.0
0.0
0.0
0.0
0.0
9.182718604792855e-09
0.0
-3.972856851387058e-07
3.488429507812374e-07
0.0
9.255040495146081e-09
9.840394565082798e-09
0.0
9.556154747183106e-09
0.0
3.2417198099947243e-09
0.0
7.759587191213195e-10
0.0
1.3881497286277115e-08
0.0
2.314427055069818e-09
0.0
0.0
0.0
1.965266812769762e-08
1.2476263541559797e-08
0.0
0.0
4.631413084189992e-09
0.0
5.248087647194078e-09
0.0
9.808785962288469e-09
1.3438228672322402e-09
0.0
0.0
6.135647845790924e-11
0.0
0.0
9.684378112013998e-09
3.0176805372099874e-09
5.355564907320036e-16
0.0
-0.016775848887547073
0.0
0.0
0.0
1.9202428414654477e-08
0.0
0.0
0.0
0.0
0.0
4.66769281201122e-07
0.0
0.0
0.0
0.0
0.0
0.0
0.0
0.0
9.041253022438134e-09
0.0
7.324124639247531e-06
2.7636797721305365e-08
0.10041173385981672
2.904438325183164e-09
4.374319741361517e-06
7.947954155243583e-09
0.0
0.0
9.485545780457241e-09
1.1768716678001979e-20
3.513519252332087e-08
0.0
0.0
0.0
0.0
0.0
0.0
1.8472091014127916e-07
0.0
0.0
6.601898879052193e-09
3.80226284138474e-09
0.0
0.0
0.0
8.270487293301707e-09
4.1937846076663905e-08
0.0
0.0
9.876946857249006e-09
0.0
5.961256581358155e-10
0.0
0.0
8.13326190610231e-09
0.0
0.0
5.81103830707164e-09
2.915844731548775e-09
9.359468610430552e-09
7.729634216544596e-09
0.0
0.0
0.0
0.0
9.228824628665504e-09
9.876197816660434e-09
7.2500504278688075e-09
1.6898812872038343e-10
8.835593015267253e-20
2.982633149480194e-09
9.837866023478353e-09
1.3466740990706683e-11
9.397733829988568e-09
2.6633832163650787e-12
6.9187489317626056e-09
0.0
2.42861286636753e-17
1.6683243118961518e-10
-1.0380342696514333e-08
6.289137366135211e-12
0.0
0.0
0.0
0.0
0.0
0.0
-0.10036527372562976
1.5629484553044087e-23
9.122284525935163e-09
0.0
0.0
0.0
0.0
1.0816326114735834e-08
0.0
2.5549575721095634e-09
0.0
-5.592828604482998e-07
1.91068076040753e-09
0.0
0.0
0.0
0.0
0.0
0.0
8.686123250880922e-09
0.0
0.0
0.0
0.0
7.913917542352654e-09
0.0
2.4032192697713844e-05
5.651281110639367e-09
0.0
1.1903244394950536e-09
0.0
9.638698125317144e-09
-3.541689130720029e-10
0.0
0.0
0.0
3.54169776293427e-10
8.538790773451378e-17
0.0
-4.575376777293978e-06
2.0186036190178904e-07
0.0
9.262186032181508e-09
0.0
0.0
0.0
9.13105456608187e-09
0.0
9.440272506285866e-09
0.0
0.0
0.0
0.0
8.437056905515271e-09
0.0
1.4826891900884925e-09
0.0
7.362115447490491e-09
0.0
9.725736890293379e-09
2.621790469694273e-20
0.0
3.2249787428108056e-09
0.0
0.0
0.0
0.0
0.0
0.0
0.0
0.0
0.0
0.0
0.0
0.0
0.0
0.0
0.0
5.506702100447758e-09
0.0
6.638533910004749e-12
0.00014803776482950356
1.0293261670060707e-05
4.679445174246063e-05
4.6687610166973156e-05
7.63684811334582e-05
3.407791647696033e-05
0.00011435385548308817
-3.4586849537350945e-07
-3.4586849537362804e-07
8.756163420633317e-09
0.0
0.0
0.0
5.352332118729128e-10
4.815456880444683e-10
9.925819834105806e-09
3.102629191890773e-10
9.786578961596059e-09
3.973874082368357e-10
9.69820106887225e-09
9.871931874118005e-09
9.926373470052949e-09
9.925820244269009e-09
4.602931605243736e-10
1.9083293939822417e-06
2.55080607377401e-07
1.044183848396551e-07
4.910926329250255e-09
5.7971086986388535e-05
2.1932267121203557e-06
1.8081943577560196e-07
9.855009351904027e-07
7.768378268839096e-06
1.322505586132951e-07
1.5111415017886081e-06
5.356264060913437e-05
1.1980245566348664e-05
5.7888930472955074e-08
0.0
9.389591427372071e-07
1.3147589747996617e-07
0.0
2.9923900813039113e-05
1.1393733240068947e-05
5.249587718666367e-08
3.189231260110521e-05
9.875556073145238e-07
1.2728175488688277e-07
2.41306012041625e-06
4.1230459135241237e-05
3.927438069733086e-06
2.011626112310765e-06
3.18264525849865e-05
4.750001113092813e-07
3.5675661046439934e-08
2.4313516422585096e-06
4.123131317039277e-05
0.0
2.0134911801865197e-06
4.536958707820438e-08
0.0
0.0
0.0
0.00015697455060724775
0.0
1.3030565215153107e-05
5.636776424880651e-10
5.335787607420199e-10
9.956302802294358e-09
2.0197155774703307e-06
3.242080693607223e-05
8.792452411150474e-07
0.0
8.79245241420626e-07
2.6586444223718024e-06
5.48145247317985e-07
5.402914151523764e-07
1.992439028557055e-06
1.3358714977817951e-06
1.3358714979689492e-06
1.335871498207363e-06
9.857850883400292e-09
9.934162393874849e-09
-1.3030565215153607e-05
1.3030565215153517e-05
2.9206791890704185e-18
1.9597090482488e-08
1.979662759044518e-08
1.9881588271913938e-08
1.9882123458187632e-08
2.0197155773970556e-06
3.242080693599352e-05
8.792452410393385e-07
7.438735232887538e-07
8.792452413438352e-07
2.6586444222921406e-06
5.481452472399181e-07
5.402914150717255e-07
1.9924390284778705e-06
1.335871497745375e-06
1.3358714979189558e-06
1.3358714981445512e-06
2.0197155773238495e-06
3.2420806935914895e-05
8.792452409638674e-07
7.535587516329418e-07
8.79245241267282e-07
2.6586444222124497e-06
5.481452471621862e-07
5.402914149910187e-07
1.9924390283988457e-06
1.3358714978689487e-06
1.3358714980817325e-06
0.0
7.069313185863283e-07
5.80033750278505e-10
9.89888925005958e-09
0.0
0.0
0.0
0.0
3.3938899146156813e-08
5.538107193025169e-07
5.866435474234338e-10
-2.1364576692523712e-08
2.5461252127125487e-10
2.546125198398303e-10
8.687294326346695e-09
-2.0179303485359687e-07
2.0179303485375318e-07
5.901664882617275e-07
0.00037018218215732236
6.627977091638296e-05
0.001166833122435555
0.0002217365740565473
1.26023681004453e-07
5.202020004576209e-05
0.0
9.122574952145991e-05
6.722152401997483e-07
0.0
3.130176328802511e-08
0.0
0.0
0.0
9.36570042145984e-05
5.0157449588314434e-05
0.05502789460786214
5.518363671387231e-10
7.2231853992411825e-09
-2.131037527552948e-07
-2.0488786709772777e-07
-1.9656528607060741e-07
-8.804258975203538e-07
-3.2151668592087304e-05
-6.731739360041344e-07
-3.2071693087672675e-06
2.533813153078791e-06
0.0
0.0
0.0005225898165479191
0.0
0.0
2.4774464554831987e-16
0.0
0.00010202204934684472
2.320633932492632
7.922576830790705e-09
0.0
0.0
1.924715858068023e-08
2.943694836879813e-11
6.1953399768602475e-06
3.131602260490148e-08
0.0
-1.9551325982212906e-08
0.00010495237727324339
0.00010495237727315882
0.0
0.00011121448406243122
1.6919599834284062e-08
6.196734239902721e-06
3.130889344129788e-08
0.0
-4.4432555794293983e-10
0.0
0.0
0.0
0.0
0.0
2.0588056578313418e-07
2.0488786550416742e-07
1.9656528316147615e-07
8.804258952339883e-07
3.2151668590380336e-05
3.5179967028398096e-07
4.655465234178983e-06
5.311691366590636e-07
-5.531572062303006e-05
0.00010495098866916291
1.1383804750482273e-07
0.0
2.9085831702210906e-16
0.05630460209011891
0.056304602090118616
-0.00010495098866900032
9.115957253059834e-06
0.0002539584587469524
3.094181761061571e-05
0.0010524560995299936
5.517758694136686e-07
2.1484908920308802e-05
1.0638803497400098e-06
0.0
2.7103907805500983e-06
9.217605231840614e-09
0.0
-5.198511146079409
5.198506943940509
-4.202138900232162e-06
1.5211892688938048e-07
0.0
0.0
7.64177071502184e-07
9.954493630908996e-09
5.629663746981127e-10
0.01759382030559542
1.6263847907514007e-06
-9.688408199058381e-05
2.0179303419540098e-07
1.609232679287368e-05
4.63064960019098e-05
0.0
11.193440235297933
-11.193440195499413
5.694517905965383e-10
0.0
0.0
9.857162611583884e-09
9.85718787184395e-09
3.251118535270353e-06
0.001615015734050978
4.566288480501591e-06
2.243710724220723e-06
8.00168618681138e-05
2.2437107238072756e-06
1.235654217828137e-05
1.470274700187317e-07
6.630206216262661e-07
1.5678146917147023e-08
1.7227359505827792e-07
0.0
5.777711189983839e-07
0.0
5.872629306925397e-08
5.236415467988934e-06
5.218332594421777e-06
9.529153062875052e-07
8.339608729921116e-07
0.0
8.144027316084241e-07
5.708061703372142e-10
1.5742660254737706e-05
7.575509850238145e-06
1.7574329001646177e-07
4.6778130569458435e-05
0.0001099559756548608
2.6250628117997045e-05
1.0639366170361556e-06
-0.0001049523772733261
1.1710772960370806e-20
2.3168886917327525e-06
8.005013234030182e-05
8.001686186728572e-05
-8.00168618675344e-05
0.0
5.21075249733478e-10
5.210752472394245e-10
0.0003894242405697397
3.543969471759608e-07
0.0003957007031087365
5.532716133229095e-10
4.470583273476355e-08
4.9419426927925665e-05
4.9464561443572615e-05
-5.3305401379155626e-05
3.993617781803643e-06
0.0
0.0
8.282775788176956e-05
-8.279359497562747e-05
0.0
9.91184126012781e-09
0.0
0.0
0.0
0.0
2.7189717236883796e-07
7.922893553914334e-10
0.0
5.889063637765517e-09
5.8890636372695235e-09
8.027177744478249e-05
8.027177744445138e-05
9.925576228971405e-09
5.344470454203088e-10
0.0
5.889063637916155e-09
0.0
0.0
9.448783525543655e-09
0.0
0.0
3.363929636257422e-09
5.261400176335712e-06
0.0
5.245722029498143e-06
0.0
6.493671109217747e-09
0.0
0.0
-1.605142913504377e-08
0.0
-7.482063116708518e-09
8.168754147530383e-12
9.436068079933197e-09
4.53854026796401e-09
3.061028918786309e-05
9.963800078044952e-09
5.643147003053583e-10
-4.1672514391822724e-07
6.20500892116507e-06
1.7954719201841036e-07
1.7954719251367664e-07
0.0
0.0
5.6057460761577874e-05
5.605746076076297e-05
8.133906700713857e-16
2.1707686715229976e-16
9.125392000477981e-06
6.558538465069331e-06
1.3760518077699988e-08
6.061072576955922e-07
1.5954687575738623e-07
2.142567369517803e-05
1.0732908740455806e-06
0.0
0.0002473999202819275
3.0928057092580446e-05
0.0010518499922723434
3.9222899370019435e-07
5.92352251773437e-08
0.0
-8.109832250191573e-17
0.0
0.0
4.713969604122085e-06
2.2161739176768536e-06
0.0
1.3842025777868364e-05
1.3851598104202045e-05
1.384202577787092e-05
1.3842025777868449e-05
1.3842025777869584e-05
1.7278889076378965e-19
1.7286497694702155e-19
0.00011134236578330419
-2.54021295536885e-06
0.00010879601031949714
0.0
-5.674008847538154e-10
0.0
0.0
0.0004783974369966725
1.1167498240267915e-05
1.116749823993703e-05
0.0
0.0
0.0004783695322607678
9.973682163467133e-09
-7.966476854763191e-05
0.0
0.0
0.0
0.0002512919990572912
1.975218090346671e-05
4.187941934164782e-05
0.00022915007437536447
0.0
0.00018250496809946013
-0.00020224720743723277
5.502163959317646e-10
1.2153499174939828e-19
0.0
0.0
1.2817712881367184e-05
7.966476854755211e-05
1.8669888416762906e-08
0.0
0.0
0.0
2.3101450571197567e-07
-0.00018609464322838498
0.0
0.00029162210470080804
1.3603060017961898e-06
6.769369076262602e-05
8.11267528213761
-8.113016196142432
9.91574180496922e-09
7.428842092078087e-20
1.1202204279199839e-05
-5.551843321610151e-06
9.03009409608478e-08
0.0006242686470046422
3.32704704684453e-08
0.16137741607065093
9.83336622618792e-09
4.435180434177023e-10
0.0
6.194118303550786e-09
0.0
0.0
0.0
4.566288481237611e-06
9.79976766698626e-09
0.0
7.482023656637867e-09
0.0
0.0
9.926981587721794e-10
0.0
0.0
4.8117358753539434e-11
4.811735683894999e-11
0.0
0.0
0.0
0.0015045346530936712
-1.013942667891024e-10
8.228306296005119e-08
0.0
-0.0015045345516995212
0.0
0.0
0.0
0.0
0.0
-5.191302778351287e-10
1.3030565215072935e-05
-0.00021874083549894383
0.00024271951757670596
0.0
0.0005517024587803537
0.0005021559898300976
0.0
0.0010538584486104513
0.0
0.0
1.0259592330814908e-05
4.875562003329032e-05
0.0
2.1536815628809147e-05
1.924021717480389e-05
0.0
0.0
2.470758206244356e-09
4.164397514763902e-16
4.97287499511288e-16
4.1593227159226926e-16
4.952946078885011e-16
3.0610289187659496e-05
5.302165143572304e-10
0.0
1.5111472237489877e-08
8.862247473471075e-09
0.0
0.0
1.6049799860433985e-07
4.234316977538997e-11
0.0
-2.814251442987231e-10
5.50116217988829e-19
0.0
0.0005875171982583422
0.0005875271171360391
5.278412737484164e-10
0.0
0.00011672922195185125
7.464214195559495e-08
3.119009782781501e-05
3.2127605180543407e-06
2.7163890550197475e-06
0.0
0.0001031385137857336
0.00011672922195167094
7.464214135666225e-08
3.1190097827642245e-05
3.2127311270294654e-06
2.7163661930802187e-06
0.0
0.00010313850200525503
0.0
-1.0139487391521394e-10
2.1236269290047587e-06
5.345284979274376e-10
-8.462701254498793e-09
0.0
-0.10038322839507641
-0.10036862955123182
1.6721358432520875e-05
0.0008242194912880117
-4.891552258553847e-13
0.0008409408492313774
4.040106881899653e-08
4.040106768557298e-08
2.084902260512668e-07
4.647204763856352e-08
1.9613819954160098e-05
5.175810566979263e-06
0.0
4.9564723752292054e-05
4.95647237522907e-05
4.956472375228947e-05
4.957425331189931e-05
4.956472375228957e-05
0.0
0.0
5.3501381728859726e-09
0.0
0.0
0.0
0.0
0.0
0.0
8.676615164356081e-09
0.00027035059806862944
-0.00027035039161035
8.67661518678879e-09
0.0
8.230140124965146e-09
5.340141493254312e-16
0.0
0.0
0.056304562697031185
2.124185938647217e-06
9.95277527851872e-09
5.612717864091656e-10
0.0
0.00046031095537995875
-0.0004603109553799693
3.213742630436107e-07
-1.4482959271224644e-06
2.0026440147058612e-06
0.0008679364525959736
2.3641143789053883e-09
6.391328800992702e-09
0.0028778746665935346
-9.47026543778612e-09
0.0028778746527856123
0.0
0.0
2.476345177382233e-18
0.0
-7.362115450077763e-09
9.783936507320355e-09
9.783936423426102e-09
3.947821797490988e-10
8.184944954485905e-09
0.0
8.184944875236083e-09
0.0
1.91113616255096e-07
8.51933293448769e-17
2.2747446074829092e-07
0.0
1.3165378663348143e-06
2.8039105139556627e-06
4.1919283327280293e-10
1.4775639522571433e-06
0.004517260011779244
3.694845142586696e-05
0.17162621315341042
0.0007460620434080525
0.0
0.0008219322815316982
10.564841821167356
-10.564841781522796
9.92227258406099e-09
-0.0003489424803495055
0.0
9.796844269637991e-09
4.0750838617048074e-10
0.0
0.0
0.0
1.991844742471238e-08
5.595720363843847e-10
0.00029752153879914357
0.0006227399383734877
4.6785889285373666e-05
4.6679525820081776e-05
0.00037077388911168333
3.407014061222395e-05
0.000432783933568665
6.820986885729007e-06
9.707306670297955e-09
5.756911416514854e-10
9.786579124601756e-09
7.31243003258258e-08
4.278518056684277e-08
9.850378811338544e-09
-8.228306293180041e-08
0.00011776275007681792
7.390462893228431e-06
4.152403142393275e-05
5.3850198452302186e-05
2.631668418476598e-05
2.788161570504472e-05
0.00012327711762461567
1.3038177915730203e-06
0.0
0.0
0.0
9.093901664328417e-09
5.227002674689233e-10
1.5602037831001995e-06
0.00011826260784546096
1.983772212100515e-08
5.329490454728063e-10
9.900886435575244e-09
9.616119702489293e-09
0.0
8.02262523080799e-09
9.26337822022255e-09
2.418284463117113e-05
2.2936120631305667e-10
-0.00024633376096013133
5.481697781363973e-10
1.9888633546739133e-08
9.949142370756768e-09
0.0
1.6919599809782605e-08
0.0
1.962901436975277e-05
0.0
0.0
-9.814420297727362e-09
4.10732446530424e-06
4.117138885682149e-06
1.0397935102609073e-18
9.857850884987248e-09
4.2785180888580846e-08
4.278518087254375e-08
-9.759098397346504e-09
0.0
0.0
1.6335831255222806e-11
1.6348035716106202e-11
1.63427394601681e-11
-1.5585391928174845e-11
0.0
5.402898562411407e-06
5.424220102845896e-07
6.872392309004199e-06
-1.2817712881534461e-05
9.90335796738903e-09
0.0
0.0
2.316888691868974e-06
0.0
0.0
0.0
2.418284463117146e-05
1.5065193346120768e-07
5.391274633915587e-10
1.986761222556234e-08
5.459995330304158e-10
1.6098969339435802e-08
0.0
0.0
2.440809761745454e-10
0.0
8.178246517363156e-12
8.344912280325373e-09
7.471850916299585e-09
0.0
0.0
0.0
0.0
0.0
0.0
0.0
1.4906641196225098e-18
0.0
0.00014454618997162858
0.00014454618997162855
0.0
1.8991582513627707e-09
0.0004099401284310938
8.280435288714213e-09
0.0
0.0
9.983570152343399e-09
0.0
-1.4700375755882008e-06
9.924617709872536e-09
5.335019921009471e-10
9.867253457436386e-09
4.6882602255679615e-06
0.0
4.4036360916601166e-10
0.0
0.0003607226930951514
0.00013230489084962277
1.9695551342130735e-08
4.7508919213433e-10
1.4012843938330155e-05
2.471215222387464e-09
5.566036832180949e-09
0.0
-6.3415388606963925e-09
1.1447956645301388e-06
0.0
3.2430495557956805e-05
0.0
8.889573009793792e-07
0.0
0.0
0.0
8.889573012860291e-07
0.0
2.6683446903169416e-06
0.0
5.494920698563714e-07
0.0
5.417317573649412e-07
0.0
2.0021286488304663e-06
0.0
1.3455997384316607e-06
0.0
1.3455997386316259e-06
0.0
1.3455997388828489e-06
0.0
7.805825085885838e-09
7.805825590587892e-09
7.82722451205256e-09
7.820091962604784e-09
7.812958924957083e-09
3.1294631781623516e-08
-2.058805663087554e-07
-1.9525596567268028e-07
-1.9656528495691494e-07
-8.804258958012429e-07
-3.2151668590949325e-05
-6.634927287476655e-07
-3.2071693076268087e-06
-2.533813151936184e-06
0.0009044347271271969
0.0009044254637489758
1.9865442233433983e-07
1.9865442291513484e-07
0.0
0.0
0.0
0.0
0.028194732796097077
1.3691081552106132e-06
1.3811515131112004e-06
0.0
0.0
3.365186323329511e-05
7.214767258883585e-10
1.3529121900074058e-11
9.64042696094427e-09
9.640426960376526e-09
0.0
0.0
7.1361561427932165e-09
0.000367411931271836
0.0
-9.182718585520888e-09
5.9945412922280044e-05
0.0
0.00010476718943173993
3.533132723826863e-05
2.3545222031927697e-05
0.0
0.0
3.1280336599133215e-05
2.886699062126386e-05
1.1831976467819475e-05
0.0
9.235219226311684e-05
0.0002108994464435699
5.662876988310221e-05
2.017073841054105e-06
1.634522249343089e-05
6.937209937566568e-07
9.093901710218783e-09
6.034548527506919e-05
8.976606830322998e-06
3.1211326633692493e-07
9.447384434364539e-05
0.00020945115051587747
5.7159939019188564e-05
4.0197178551887205e-06
1.6363289232964137e-05
9.860380641115005e-09
0.0
1.2540624027266532e-08
0.0
0.0
0.0
0.0
-2.4663694971476404e-08
0.010197259201542228
4.710978660334033e-07
0.0
8.72169701441138e-09
0.0
0.0
1.451085448932764e-05
9.738439676626857e-08
0.0
0.0
9.640426961466393e-09
0.0
9.791274605418332e-09
0.0
0.0
7.737192461348358e-05
3.9728568523855756e-07
0.0
9.96443182068965e-09
9.964431814344628e-09
0.0
0.0
0.0
5.219385246607155e-06
1.1926813768336016e-07
0.0
1.0657733940240451e-05
1.0657733940241842e-05
1.06577339402392e-05
1.0667574334804387e-05
1.0657733940239306e-05
8.29583808266205e-06
0.0
-7.780148910185858e-05
1.3333201939923866e-06
0.0
0.0
2.627679640716999e-06
2.6276796407156083e-06
2.627679640714364e-06
2.6372357954616603e-06
2.6276796407144754e-06
6.0327359336944805e-09
0.0
1.9185189104021622e-07
3.789206272250827e-07
3.8216234703527307e-07
3.725663666555818e-07
3.7892062722517715e-07
3.7256636665452693e-07
0.0
1.8415577680807486e-07
0.0
3.309414204477649e-07
3.3094142044719807e-07
3.309414204473448e-07
3.301654617291826e-07
3.3094142044802287e-07
1.944825887452447e-05
8.302427147992093e-06
5.0427709507101656e-11
1.6604955151924505e-05
0.0
0.0
0.0
0.0
1.5230969181244235e-07
5.2916604480356854e-17
0.0
7.620684967208262e-06
5.696522576447394e-08
5.309205533355312e-05
0.0
0.0011305537752793375
8.81114249617898e-09
0.001145153203022933
2.6433372361553077e-08
0.08454477475034809
0.0
0.0
-8.686123291066963e-09
0.0
1.6580401069193762e-09
0.0
0.0
0.0
0.0
0.0
-4.447957829063164e-09
0.0
5.174705140458168e-06
0.0
0.0
0.05639854241400377
4.641107393123128e-09
5.248448677189436e-09
4.989253841832407e-10
0.00029787216030350574
0.00029787216030350574
1.3706013025002806e-05
0.0
2.3979198536172765e-07
-1.0181501870171073e-08
-9.317213258470703e-09
0.0
1.9251221455438097e-08
6.61726825421406e-06
1.0169713851230443e-06
1.6198277189499277e-07
4.617202331171616e-05
0.00010979642877905823
4.824954422771124e-06
0.0
0.0
-3.0554963256650976e-09
-4.002116851697674e-05
0.0
2.1251513023391775e-07
1.9784914054802248e-05
7.575787120918711e-08
0.0
2.981144740862651e-06
0.0
6.5581444457631e-10
0.0
0.0
3.2664962677135467e-11
0.00015447188055944027
0.000614416560085281
0.00061441517148079
1.1085190600094367e-06
0.0005251947725535816
0.0012244601720409751
0.0
0.0
8.33202150126845e-09
0.0
-9.808785962281408e-09
9.902615496292935e-09
0.0
9.616119701503826e-09
0.0
0.0
9.616119700517818e-09
2.293612027444185e-10
5.118038800419344e-10
5.118038775869773e-10
0.0
0.0
2.6823174538424864e-10
2.0849022215174518e-07
4.598636050702119e-09
0.0
0.0
0.0
0.00011744165369860789
1.0244066258375116e-09
2.3754965495723676e-10
0.0
0.0
0.0
0.0
-2.9663770772517536e-10
0.016197507886068774
-7.449225493311867e-05
0.00015451855286782772
0.0
0.0
0.0
1.796976247140054e-06
0.00029537033555596104
0.0
0.0
0.0
2.470691965215502e-06
4.343550706750038e-05
4.3435507067665634e-05
4.343550706733668e-05
4.343550706709205e-05
0.0
7.123078736507736e-07
0.0002517427594354141
8.892880314700609
0.0
0.016540382846792694
0.016540392194464022
9.347671329259372e-09
0.0009294521052761661
3.656263079547758e-05
1.98052309950559e-08
9.902615496292935e-09
5.118038800419344e-10
5.118038775869773e-10
0.0009660131967774088
2.0849022123028543e-07
2.0849022308729484e-07
2.084902240369324e-07
-9.733599558053178e-09
0.0
8.999689297079531e-11
7.718199503554164e-05
7.732795060864393e-05
8.096150127934834e-05
-6.895526650065118
6.912302498952665
8.892843752069814
0.0009660131967770015
0.018018104723005916
0.0
0.0
5.498109637878981e-10
0.0
0.0006144151714807084
0.05502788466465396
3.0570427676588555e-05
5.410435034872465e-08
-0.00023087713587665305
0.00031465157491767027
1.1647745625044408e-08
8.00262979344648e-05
-1.425544225979597e-08
0.01615485590952089
0.0
0.0
0.001442454259819746
-1.4438889595495805
1.3874492425704117
9.929658903965751e-09
0.028099690368508463
0.0
0.0
0.0
0.0
1.3191873036313448e-08
0.0
0.0
9.803616879021024e-09
0.0
0.00010374682315660987
9.476647156520852e-09
4.0112553340483125e-10
4.011255322037088e-10
1.9609117913704887e-05
0.0
0.028099735719506094
0.0
0.0020695608348604826
6.653398059770497e-07
1.8183547112471388e-08
0.0
9.578835716536794e-09
0.0005623446752398968
0.00012992673782762307
0.001377957722950863
-4.6676928120134754e-07
-0.0002565989887745884
0.0003990235235815813
2.2229592310741466e-05
0.01068365203629083
0.0
8.196178934557166
-14.77757281913011
6.581393894471035
9.898088598747634e-09
0.0
8.339608725265559e-07
8.339608724549175e-07
8.339608724832891e-07
0.00023172280860828877
0.00023332923232387759
5.624051432138016e-10
0.016161185667515916
0.016540406538349112
0.0
8.159266136943748e-16
0.0
0.0
3.365114175648861e-05
0.0
0.0
1.3757830591000214e-08
7.566969326500106e-06
0.0
6.558144438490482e-10
0.0
2.427782041144106e-10
0.0
0.0002509762944641482
3.979322105981897e-08
5.65608971521406e-10
0.00072393438577963
0.0007239343857793432
5.916442887927154e-10
0.012231355643396566
0.012231362417302334
3.060036790127466e-05
3.056482654916702e-05
0.0
9.970853607718135e-09
3.057042767679251e-05
0.0
0.0
7.645947876546924e-08
7.315729295779737e-08
1.2888362941405832e-08
-9.041253020564133e-09
4.054111498124632e-08
1.6679601437739968e-06
0.007436206117930623
0.0005271403730645198
9.948433781854966e-09
-0.0005271304246303261
0.0
0.0
0.0
0.0
-0.10041172599896164
-0.11814440023500472
0.0
4.374319741361176e-06
-4.37431974136137e-06
-2.763679772131624e-08
-1.3091260069029822e-08
-2.058805668326419e-07
-2.0488786657412588e-07
-1.8693537043443843e-07
-8.804258963684974e-07
-3.215166859152005e-05
-6.73173935434603e-07
-3.2071693081975328e-06
-2.5338131525074435e-06
0.0
4.234035525208767e-11
4.676609432097356e-10
4.676609425957409e-10
0.0004247682127273382
2.3243157381420835e-06
0.0
8.14059864008667e-10
0.0
0.0
2.0849021666741204e-07
2.084902184135282e-07
2.084902151228994e-07
2.0849021585170213e-07
2.0849021749701834e-07
2.084902250006559e-07
0.0
0.002651412865366175
0.0006465274056391806
7.637657550368677e-05
-1.6354966654099173e-05
0.0
9.804611418084831e-09
0.0
3.327047207079548e-08
3.3270472018301686e-08
0.0
0.0
-2.6698540436461988e-08
-3.5135192497060385e-08
1.9837520363760865e-08
9.857850887027401e-09
0.0
4.523806834148087e-16
0.0
4.1597306781726164e-10
2.9695371252610525e-08
0.0
1.9837520361765758e-08
5.429151824498775e-10
5.429151818798022e-10
-0.028099871407508914
0.02809987508157293
0.0
-7.962198336684476e-05
7.940431433612424e-05
2.2747446046062122e-07
3.327047193864798e-08
0.0
8.322578841472115e-09
0.0
0.005069009423049205
0.0
0.0
0.0
9.688625355581243e-08
9.951913357652314e-09
9.951913687021076e-09
-7.335343827463703e-06
1.137809561102566e-09
5.358857149687563e-10
9.938939044235413e-09
0.0
9.93893924311727e-09
9.93893944025553e-09
9.364586960367016e-05
-3.496655663982567
3.496655654184508
0.0
0.05621095622051494
3.1513836470981256e-08
-0.0025950369544888146
0.0025950518618369704
4.702144281585387e-09
4.702144280182701e-09
3.327047185865473e-08
3.3270471912372236e-08
1.7954719164778533e-07
3.7790366394359094e-10
7.360059685882264e-19
0.0004937313639836508
-0.000493727315643841
4.048339809689379e-09
-8.005013234063142e-05
0.0003118871651460353
9.965212855187676e-09
0.0002543314488068423
0.00025414672789736414
-1.7509400983499248e-07
0.0
0.0
5.98711998180654e-06
0.0
8.95004539700774
-8.950045377096876
5.542452695406805e-10
9.536486906351594e-09
1.176105856406384e-08
3.3070067315215466e-08
-3.307006735640827e-08
-2.355170618053618e-08
3.307006743178954e-08
0.0
0.0
0.0
0.0
-1.6919599818421283e-08
-9.766816126688393e-09
2.9068859104152576e-08
1.3068026386037443e-06
5.901664882965929e-07
5.901664882731935e-07
5.901664882613174e-07
0.0
2.527251398334877e-05
0.0020486214294132
0.002073897745659391
-3.80226284184722e-09
3.853505823026748e-05
0.0
3.8355918035857e-10
3.8355917916476946e-10
1.1383804731697171e-07
0.0
0.0
3.474418365777939e-08
9.961648894663e-09
9.961648985837454e-09
9.961649618855841e-09
9.96164971018166e-09
3.547968543692419e-07
3.849691188195622e-05
5.4667482536222887e-08
3.851588415164068e-05
3.451404905555594e-07
0.0
0.00011777479287697351
-8.270487293279838e-09
0.00011776744049416267
0.000413626971688553
0.010298461187997193
3.307006720607609e-08
0.0
0.0
-3.3500061924300866e-08
-3.24007919347782e-08
2.222959231045479e-05
0.0
7.94795399350712e-09
0.0
0.0
0.0
0.0
0.0
0.0
9.876914860477455e-09
0.0
-4.864912053124908e-10
1.9083813352105532e-07
1.27916627975343e-05
0.0
0.0
4.4891401742639516e-05
2.83652448648196e-05
1.7707127861648215e-05
0.0
0.0
0.0
0.0
1.1753431968642081e-07
0.0
0.0
0.0
0.0
0.0
0.0
2.6302280547791726e-07
0.0
1.8362546873051527e-06
8.951707274601458e-07
1.9083293940263932e-06
2.5508060742173205e-07
1.0441838488183592e-07
4.9109263744450555e-09
5.797108698643224e-05
2.193226712166729e-06
1.8081943582035743e-07
0.0
6.122983827785317e-10
9.841539795736303e-09
9.542568754149984e-09
0.0
1.6966823153096877e-10
1.6402916646631197e-09
7.62812196693707e-09
0.0
0.0
0.0
5.897245465077748e-09
0.0
0.0
1.0013782399966905e-06
6.828806827843955e-06
0.0
1.5112522350332669e-06
2.364463704181942e-05
5.863426581751461e-07
3.752761745445215e-09
5.823189419572195e-08
5.131677945683877e-07
1.0144763380932045e-07
0.0
0.0
3.93698327265661e-06
0.0
1.4700375755060183e-06
8.228306323247102e-08
4.129226644753235e-17
0.0
0.0008621792792973045
0.0008622434398801296
9.432418644842724e-09
0.0
0.0
0.0
-1.4188213467042473e-11
5.534478948210125e-05
0.0
9.855708058200178e-09
9.85570805555148e-09
9.855708053493895e-09
9.185348452641866e-05
0.0
0.0
4.6502493684092594e-10
5.868200528501686e-09
5.86820052850968e-09
0.0
0.0
0.0
0.0
0.0
4.615583546461307e-19
0.0
0.00039047813455361086
2.6393818669303308e-05
0.0004168620501733521
5.122319380383167e-10
0.0002953681399071192
-1.109735592769211e-08
0.0
0.0
0.0
5.991745268085078e-09
0.0
5.991745268668191e-09
0.0
0.0
2.3339094900892704e-07
2.3339094901648607e-07
2.3339094900506955e-07
0.00010202953171612166
0.0
6.120207257005863e-07
6.227214185293939e-08
0.0
3.922039415993402e-07
0.0
2.655076598373494e-06
2.645380345178807e-06
0.0
3.894275361011644e-07
2.2965777081866668e-07
0.0
0.0
0.0021734022396058816
0.0
4.3288832709333436e-05
0.042085525101911235
0.00012279645749043157
2.469887803247396e-09
2.4703747951627982e-09
0.0002525674299207976
0.00025256716168905205
2.682317701285797e-10
7.482062077672763e-09
0.0
2.4710382704917875e-09
2.519882503842738e-06
4.7184346019085764e-20
0.0
0.0
4.98941775867306e-08
2.298852811628634e-07
0.0
0.0
0.0
-4.857525729909193e-10
0.0
4.001797961057019e-08
1.0694791407256532e-16
0.0
-9.22882462985053e-09
-0.00025529111703391966
0.0
0.0
0.00025529968872484745
0.01074473266995589
8.925541473394639e-19
2.3339094901270491e-07
0.0007949603614518555
0.0007949603614518554
0.0
2.2965173090873874e-07
1.737052444905941e-07
0.0
2.5837750062282486e-07
6.221899031486005e-08
6.221899024150182e-08
5.315163195810373e-11
0.0
0.0
1.7332505202153502e-07
0.0007685804573800243
0.0
2.8611563570347163e-06
1.3534808699436985e-07
3.206099183301737e-07
0.0
-1.5808338467822734e-07
-0.0007685964536776396
-8.381238967956764e-10
0.0
0.0
-9.837867409601131e-09
0.0
6.200046982249956e-07
5.643429074322094e-07
0.0003511570700832197
0.0
-9.397733830008009e-09
0.0
5.564832405179631e-08
-1.3466740990706683e-11
0.0
1.9083813437762678e-07
1.9083813485388485e-07
2.0849021934393062e-07
0.0
-2.6633832159415622e-12
0.0
0.0
0.0
1.8991583051081358e-09
0.012065399660951721
0.0
3.3168413719351324e-06
0.0
0.0
0.0
1.3030565215153373e-05
0.0
0.0
2.0179303485407555e-07
4.804879096893416e-07
4.90157255762032e-07
2.2988305483432722e-07
2.3168886918728496e-06
0.0
4.3935801612487813e-10
9.829147270813644e-09
1.3886044092820198e-09
0.0
0.0
1.130460401530213e-05
0.000352986746878435
0.0
0.003989555218264015
3.9463513817228306e-05
0.003338866086481784
0.08309872020014247
0.00048444961418023187
3.2511185348631454e-06
8.095866087077694e-06
1.0018711924582116e-06
8.820141481147934e-06
0.00048444962310579246
1.338194195184503e-05
1.3329166032520376e-05
1.3387776007279977e-05
0.0009661750558389117
8.384273250024763e-05
13.636517367000627
0.0
0.0009632028157797734
0.0010174006853864125
0.00019941153775268963
4.928052209179272e-06
1.9966517443165686e-06
2.9557948529286354e-08
2.7724598500659698e-05
2.2545734565553846e-05
9.831477089048883e-10
1.9836207880818968e-05
0.0
3.756426516276402e-05
0.00448348410199371
-6.289137366135211e-12
0.004410185621367622
0.00011086273949971455
1.1737351048812028e-06
3.808582676783671e-09
1.0146678416467039e-05
1.9618088650062733e-08
0.0
9.76400249541598e-09
1.3387942865612203e-05
1.338194195144531e-05
0.0
0.0
-2.9738380812323976e-08
9.935418287959912e-09
2.549633634830802e-08
0.0
0.0
2.7695319360490178e-08
0.0
4.979964389629855e-10
2.311000038070749e-08
0.0
-8.462696923111114e-09
0.0
4.558745041535743e-10
9.84589781171447e-09
0.0003747452805478076
7.978458625015987e-05
9.939119592936919e-09
0.005072728909052031
9.965213184239116e-09
1.3038177925526383e-06
9.930322082178204e-09
9.830167134486056e-09
0.007104578642407846
5.871643517642742e-08
0.00011824277012309402
9.913664928875582e-09
0.0015679452866180078
9.92565873726304e-09
0.00019403369336640737
0.0
2.4555914422504156e-05
9.967395409196132e-09
0.0016350720878319158
9.955860728944243e-09
0.00025173384040164115
9.939490764602708e-09
0.007437065065551687
9.953924584451855e-09
0.00021366418031050607
9.6884081990257e-05
0.0
0.0
2.1865298964560876e-05
0.0
0.000576084465083298
5.400079441098789e-06
1.3038177922243116e-06
1.2888363593803323e-08
0.0
0.00011823692164191761
5.986659616859154e-07
2.4554704186904906e-05
1.2469375846115681e-05
4.688769054930246e-06
5.896321011786387e-06
9.030094161264495e-08
0.0
0.0
0.0
0.0
6.897014856517316e-08
0.0
0.0
0.0
0.0
0.0
0.0
0.0
0.0
0.0
0.0
0.0
0.10036527372562976
0.10034582019820298
2.2514055723634005e-06
2.243868825630219e-07
1.1157739351978061e-05
0.0
9.719534069552278e-09
9.860380595781335e-09
6.386486761160353e-11
1.9250148067654614e-08
0.0
0.0
0.0
-6.341538838626949e-09
2.8979307537975853e-11
1.8580695154606602e-11
3.307006726521575e-08
0.0
8.286842479834395e-09
1.2827639913731006e-05
4.929523468801743e-10
0.0
2.9695371251700434e-08
3.714641909389387e-11
0.0
6.669878730840583e-09
0.0
0.0
0.0
9.379342660434702e-05
0.00016517546463922663
9.936174548587492e-09
9.927031699641939e-09
5.358826045951663e-10
-1.2827639913566558e-05
6.529043213295215e-09
3.609178399364932e-18
0.0
0.0
0.0006144408119221133
0.0
4.6008535068895086e-05
1.0469917529602311e-05
1.5705755939535608e-05
8.837116231760773e-05
0.00015999828911555838
5.398374451891458e-05
1.1380891650498654e-05
0.0
-1.081632611482728e-08
0.0
0.0
1.899158195779114e-09
0.0001494837739695479
0.0001480377648294115
0.0006124466767033347
1.0293261669968465e-05
0.0
4.679445174237238e-05
0.0
4.668761016687909e-05
0.00029440540797813394
7.637834631954981e-05
0.0
3.4077916476863874e-05
0.00031843007808548363
0.00011434436765883964
6.630859486585342e-06
4.576049516988134e-06
0.0
1.6092326793282923e-05
4.054111539087544e-08
0.05560138820323117
0.0
0.0
0.0
0.0002788528468872948
9.762178262034342e-07
7.758590360522547e-06
1.2257061970873935e-07
1.627899727984063e-06
5.354290542773281e-05
1.1970938494917233e-05
5.7692349270798194e-08
9.354395816979812e-09
9.354395774150125e-09
-6.341538853018039e-09
0.0
9.487824155402773e-09
4.415366709521978e-07
4.5986360496231664e-09
0.010197259201542231
0.00017394392772617667
0.00014765978684354937
1.0636573371633802e-06
3.13182352906627e-05
4.899028645146692e-06
4.394857569860765e-05
3.841091646923879e-06
0.00010605461959592711
-1.370601302494532e-05
0.016102501045827358
0.0
-0.016197507886068774
0.0005252045929157779
1.0443618929753963e-18
-9.498727932198178e-05
-0.00088645072588653
9.540887491789857e-07
0.0
0.0
9.897071781659602e-07
0.0
1.9171276409828197e-06
0.0
0.00011583333425833664
9.540887492687452e-07
5.886572256275912e-07
0.0
3.12825596293988e-05
0.0
2.4676200279535056e-06
9.897071782578064e-07
2.717218212611608e-06
0.0
3.850467181189736e-06
1.917127641077008e-06
0.00010404110557421341
0.0
0.00011678742300742595
5.792227737735827e-07
3.127334437155675e-05
3.4573272060276884e-06
2.707799656173559e-06
5.767594822078416e-06
0.00010403175346521747
0.0
0.0
1.0916069949004625e-09
0.0
0.0
0.0
0.0
2.7566394102312992e-05
5.592828604475408e-07
0.0005573867265942899
1.908329393938087e-06
2.5508060733303706e-07
1.0441838479755326e-07
4.910926284073181e-09
5.7971086986344856e-05
2.193226712073995e-06
1.8081943573094974e-07
9.855009350657404e-07
7.768378268714265e-06
1.322505584898727e-07
1.5205902852120292e-06
5.3562640609010154e-05
1.1980245566221754e-05
5.788893034941056e-08
3.1892312601061314e-05
9.875556072705562e-07
1.2728175484505594e-07
2.403611336845784e-06
4.123045913519784e-05
3.9274380696870485e-06
2.0116261122664895e-06
1.2791662797488585e-05
0.0
0.0
4.489140174259279e-05
2.836524486477435e-05
1.770712786160029e-05
0.0
0.0
0.0
0.0
1.1753431956109328e-07
0.0
0.0
0.0
0.0
0.0
0.0
2.6302280543302865e-07
0.0
1.836254687259103e-06
8.95170727415747e-07
-0.00029537033555432953
0.0
0.0
0.00015698398667623203
0.0
0.0
0.0
1.3030565215070332e-05
0.0001112129863243762
0.0
0.026952795609394595
0.0
2.3204562335368655
0.0
0.0
9.834915435440229e-09
4.450456492378596e-10
0.0
0.0422833704188368
0.0
7.232273665552644e-05
0.00017768832856138292
1.873435726312771e-06
1.9615378127769284e-08
-7.622102316309528e-09
-0.00024543748454207914
0.00040994012843109445
0.0
0.0
0.0
0.0
8.557752303247716e-09
9.90335796694494e-09
5.125360768656148e-10
5.125360763546741e-10
0.014157702649511716
5.060841412830153e-09
0.0
8.002629793454549e-05
8.002629793511883e-05
1.7954719181215334e-07
3.3270471202937964e-08
8.00168618677817e-05
3.327047084762184e-08
8.002629793487352e-05
3.32704715305665e-08
1.719913538886258e-08
9.9637999117899e-09
9.963799745341118e-09
0.0
7.505253608033569e-06
-8.968715726687784e-06
1.4831533209604895e-06
9.937018961240865e-09
0.00018235251789190302
0.0
0.0
1.6049799885474447e-07
9.844670086110335e-07
6.819631217614364e-06
0.0
1.6372512134952967e-06
2.3618368017274193e-05
5.772052546730211e-07
5.1469851026606495e-09
0.01610250104582736
3.507704970070115e-10
0.01610250104582744
9.739293467303418e-09
9.84467008438728e-07
6.81963121744191e-06
0.0
1.6372512133208916e-06
2.361836801710281e-05
5.772052544962532e-07
5.14698493000465e-09
2.320456233536866
-0.00011120468442865225
9.907201808825409e-09
0.0
-0.00031323190853215746
5.0157449588233986e-05
0.0
0.00031325035047268744
5.474753018379731e-10
0.0015886630454072727
2.4584777646193337e-05
0.007186119498618699
0.00025174463102109403
0.005066921919019745
1.3050368965818144e-06
7.98114969018852e-05
5.3462984792915825e-05
1.0169184119170246e-07
4.8056230568200875e-09
4.805607479157954e-09
0.0001166737688371564
0.00027884493292714183
0.0
0.0
0.00011666432330304642
6.131540412436046e-11
9.445554287370477e-09
1.2969164217938598e-05
0.007743243375565966
1.303056521482494e-05
3.581951203137432e-10
3.581951191189876e-10
0.0
8.280435288022235e-09
-2.4032192697714403e-05
-2.4032192697712174e-05
-2.4032192697710574e-05
0.0
0.021910206630804816
0.021910206630804816
0.00026041383647796684
0.0
0.0
0.0
0.0
0.0
0.0002603901634879753
6.142508437968182e-09
0.0
-1.4619292261139338e-09
0.0002168305836797533
0.0002168305836797534
2.0849022032291756e-07
2.31688869186316e-06
0.0
0.0
0.0
1.4944092518550542e-09
0.0
1.4944092523316437e-09
0.0
2.2534897184293117e-05
1.2047616040556824e-08
0.0002483323925278414
0.0
2.7733418394650902e-05
0.0
3.366719669084022e-08
0.0
3.3122785814028173e-06
3.3938042993439573e-06
9.207200154159038e-05
1.2423082206541028e-05
0.010490521190861933
-0.005670074327980938
0.0
0.0
0.0
0.0
0.0
0.0
0.0
8.33960872440823e-07
1.1202204279529856e-05
4.566288480092689e-06
8.290332310273348e-17
-9.63869812588801e-09
0.0
-9.638698125317956e-09
0.0
4.2785180676617945e-08
-4.278518071592057e-08
0.0
0.0
0.0
0.0
0.0
9.74274070257356e-09
3.541689131821637e-10
9.742740702313057e-09
1.635988980592687e-11
4.107324465124629e-06
1.7226986551601798e-07
1.4799621933802333e-06
0.01588209808120582
0.0
0.0
-0.46570803473406586
0.4657080678679578
9.636767879899464e-09
0.0
1.1202204279865224e-05
1.1202204279779326e-05
1.6358430596524224e-11
0.0
0.0
1.5065193333281546e-07
1.6049799910476954e-07
2.274744605442803e-07
9.846065900572783e-09
4.560404547091497e-10
-3.5416977629263246e-10
0.0
-8.537414481965544e-17
0.0
0.0
4.583984399943751e-06
4.575376777293978e-06
1.1202204279694996e-05
0.0
0.0
7.250063078344844e-05
7.27024911453505e-05
-2.0186036190153467e-07
2.0179303422607355e-07
0.0
0.0
0.0
9.366662473367277e-05
0.0
1.6352241359546695e-11
1.6355880656037463e-11
0.0
0.0015393792102083052
0.0009518237119614161
9.922078166810797e-09
0.14085655355790824
0.0
0.0
-0.000166202396247863
0.0
0.0
0.0
9.79127460321774e-09
4.020170865941749e-10
4.554629001173668e-06
0.0
8.792452408887025e-07
0.0
-0.004940326212271667
9.89051447958593e-09
4.769325837914192e-10
4.99870503129873e-10
9.890514474206104e-09
9.86725345475302e-09
0.0
0.0
0.0
0.0
9.400667132776414e-05
3.1301764202018684e-08
3.130176467694295e-08
2.0849022051104617e-07
2.0849022040990461e-07
2.397919853033322e-07
1.9083813394491442e-07
9.678234418751535e-09
3.053357334923579e-10
0.0
0.015784168940233306
4.2785180836006286e-08
5.3092055333371185e-05
2.825491440079482e-06
12.07015895422387
-12.0701589539009
5.3541989745502235e-09
0.0
-9.440272717242768e-09
5.551843321692675e-06
7.36692445122253e-05
5.545218837749665e-06
2.1462006647515573e-07
9.907201726551694e-09
7.940431433620605e-05
0.0
0.00015687253686729155
0.002030148057298836
-0.005105175652109986
0.006978470948313133
9.868569712582897e-09
0.0
8.91171506565889e-09
9.436213058126201e-09
0.005257766950143003
0.005232756486178252
8.344912281042569e-09
1.821978126836838e-08
0.0
0.0
0.0
0.0
0.00019404292805120572
-8.91171506804244e-09
0.0
0.0
9.400666701735707e-05
9.436069434456144e-09
-0.0005478872189279441
0.0
0.00030607627044453934
2.3887079495108708e-05
9.259729335986522e-05
0.00011649389762757536
9.259729335986488e-05
8.042083410738212e-09
0.0
0.0
0.00018444390314838738
0.0
0.00018444833191627014
1.8914967823192751e-07
1.534514015036253e-18
4.05488062387151e-09
4.0548806252868226e-09
-1.5161363527900897e-07
2.5607057594892314e-18
-7.362115447519723e-09
8.683099964860106e-09
0.0
-8.462705471719983e-09
0.0
0.0
-5.968424539315453e-15
0.0
9.436211602769252e-09
0.0
9.363089695413406e-09
9.363088696683968e-09
8.184058897589552e-09
0.0
1.4906065354502703e-08
5.54297465278587e-09
7.075248906428142e-14
3.816762664672484e-07
1.425544259964468e-08
9.473518063664106e-09
9.83394460358487e-09
4.440882371230114e-10
3.1308893753811196e-08
3.130889355098179e-08
3.8167626590203743e-07
6.630859485162757e-06
1.3706013025058465e-05
6.63085235805059e-06
1.4255442343125241e-08
1.4255442108937034e-08
6.630859485376403e-06
6.631016416972979e-06
1.77217910385146e-10
0.0
1.4502565635953313e-07
8.884480464082341e-11
5.800774574444683e-09
0.0
9.675844369293335e-09
9.675844209866948e-09
1.1385943617210802e-07
1.1385943616604345e-07
5.279533725994579e-10
9.892774644872846e-09
5.020991786943e-10
1.1385943599079113e-07
9.918991521640597e-09
0.0
8.026524840187377e-05
6.630859486336718e-06
3.8167626618038024e-07
1.1385943584013767e-07
1.1384517684610571e-07
6.07285994877788e-06
5.437440948741149e-07
5.437440947027264e-07
0.000893135590250043
5.302910992533839e-10
1.1385230625671782e-07
1.1385943552285457e-07
0.0
0.0
0.0
0.007864669219748427
1.3030565214988925e-05
11.556321686810625
-11.556321676937335
4.828863244900579e-10
6.5290430749581606e-09
8.947845659806322e-09
8.947845706033992e-09
8.026185186789283e-05
1.7459319536687368e-08
0.00010746803834128136
10.785492227433926
-10.785492139246516
9.873885911819671e-09
1.9083813330929123e-07
0.0
0.0
4.390672908427154e-06
-4.380952361889971e-06
3.322899745621366e-10
-1.804963112306268e-08
0.0
1.6096529781935516e-09
8.026185186756329e-05
0.0033649582286237804
5.262384448306703e-10
-0.00336494831137103
5.478037965271834e-10
1.2137650640794731e-06
0.0
1.98878590806906e-08
5.572913696376957e-10
0.0
-0.00029102609358211634
0.0
6.5961960617276216e-09
7.192321720111854e-09
7.192321720183095e-09
0.0
0.0
0.0
0.0
0.0005686793074218655
0.0005686800738267712
0.0
0.0
