0
1.281838957369729e-08
5.453908702056629e-08
0.0
9.993791381801239e-09
2.104782272230145e-06
8.690786517774139e-06
0.0
1.3429321676664734e-05
0.0
0.0
5.79696641565569e-09
9.668919120230502e-07
6.514429727511688e-09
6.873553068204379e-09
0.0
0.0
1.4097794614638346e-09
2.8725854658174603e-09
0.0
0.0
1.987725198612457e-09
2.4204271248371418e-09
0.0
1.2736680961443586e-09
1.4906506620612011e-07
0.0
0.0
0.0
0.0
5.118805214183888e-10
4.038736143225697e-07
0.0
0.0
0.0
0.0
4.619548474659272e-06
0.0
0.0
0.0
2.7220137027606286e-09
8.818997418075405e-10
5.36938079893375e-09
4.78781485751925e-10
4.8977146000402095e-09
1.5649965151036885e-09
6.18447556239773e-08
4.543021727985616e-07
0.00032462678697106265
0.00023421052005415997
4.574268362788071e-09
1.2805600087091408e-17
0.0
0.0
0.0
0.0
8.45847152512026e-09
0.0
6.12714939583542e-09
0.0001879938332621552
6.444771109737641e-09
0.0
0.0
0.0
9.663669084598349e-09
0.0
0.0
7.707283079090333e-09
0.0
1.7580466338357975e-16
1.3395901933850595e-08
9.966749507066507e-09
0.0
8.351733138572273e-09
-6.986853551460201e-08
0.0
0.0
1.5046496816125287e-17
0.0
6.224939478869673e-12
0.0
0.0
-6.986853936950994e-08
3.271011994722038e-18
0.0
0.03741212414443015
-3.355823937630943e-10
8.820071459943358e-10
0.0
0.0
5.879384171294355e-09
0.0
1.5226219895181953e-10
2.0893051982344105e-09
0.0
-3.1610478390116208e-09
7.36837028500026e-10
9.224562271189651e-09
0.0
8.585396801061128e-07
0.00023448886642685448
2.3361056910293557e-09
6.975173840038506e-09
0.0
6.629294918455929e-09
1.9180670980644396e-09
0.0
7.085508825344487e-09
2.492459472495274e-09
0.0
8.383944777631717e-09
0.0
9.526923446994669e-09
0.0
1.422150987431578e-09
3.2710281371082146e-18
9.37160471027638e-09
6.809136398255129e-09
2.12332597231075e-09
8.087192590304967e-08
0.0
7.109663497941881e-07
0.0
9.027375778665642e-09
0.0
0.0
0.0
-0.6323466048961786
0.6323464062366968
7.575963816669017e-09
8.15142566383386e-09
4.394387641494356e-10
0.0
0.0
9.287975698634585e-09
0.0
6.3864706370690035e-09
0.0
0.0002955266362652287
0.0
0.0
0.0
0.0
0.0
4.291588415274619e-18
4.2104714011704077e-10
0.0
0.0
0.0
0.0
0.0
0.0
0.0
2.4282835503047326e-09
0.0
3.5330198738038665e-09
3.5328987209024898e-09
3.7790717033105267e-10
1.3265953077199942e-09
0.0
2.557983113152585e-09
0.0
0.0
4.358346900778637e-09
-0.010347388611559788
2.609341325775459e-05
5.910466987888026e-09
0.0
0.0
0.0
0.0
3.768739898617879e-07
0.0
2.7445393690741496e-09
7.786478886191115e-08
0.0
0.0
3.299562965899904e-09
0.0
8.787792625751538e-09
1.1198456879982163e-08
0.0
0.0
0.0
0.0014242074858342574
-0.6155296571372997
1.8759114496843e-08
0.3867054405481847
0.0
0.0001150335893107359
0.0
0.0
0.0
0.0
3.3173722263222216e-17
0.0012166912965475504
0.0
0.0
3.082009683143684e-05
7.320016431137656e-06
0.0
0.0
0.0
0.0
1.1981347966697975e-06
0.0
-2.6201440126334685e-06
3.862082492320636e-07
0.0
0.0
0.0
5.1216449202474016e-08
5.458794327345926e-09
0.0
9.833128897218273e-09
0.0
6.6618778065084095e-09
3.916722807936686e-09
0.0
7.3927783726549e-09
0.0
0.0
4.95938908311346e-09
2.9795345366394484e-09
2.7256859724773244e-09
0.0
0.0
0.0
9.993788583062518e-09
0.0
9.67913427951936e-09
9.772407146929083e-09
9.67459722537483e-09
-1.1644756159088034e-07
6.457054493264802e-18
7.379306099702933e-09
9.623868334254709e-09
-9.275531035563025e-09
0.0
7.403304554811922e-10
9.159625117907203e-09
3.4439196267804435e-09
0.0
4.933271439273535e-09
-0.01673061195546216
-4.335743881466386e-09
4.475820299371245e-09
4.348039914633603e-09
5.202230973689133e-10
1.665872320808277e-08
3.3392555695746246e-18
4.391149009177197e-10
-0.20397554638628446
2.469400334099705e-21
0.0
0.0
0.0
0.0
9.289157673168203e-09
0.0
2.4599949644261856e-09
1.0874434456712742e-07
0.0
-1.4212388244897595e-05
8.690677522852788e-09
0.0
0.0
5.856239588410937e-09
0.0
0.0
0.0
9.21459080861792e-09
0.0
0.0
9.840639840562055e-09
9.788621924834191e-09
8.933326513105783e-09
0.0
3.0037319798026025e-06
2.642403443618104e-09
3.2964331724039447e-18
0.0
0.0
0.0
0.0
0.0
6.448961210544845e-08
5.607072056559151e-09
0.0
0.0
0.0
-0.00011975506748705851
4.0391591834834293e-07
0.0
5.9331511343680296e-09
9.126194995858157e-09
2.211139856823501e-09
0.0
8.09511454874655e-09
0.0
9.824994585409484e-09
3.202978961920813e-09
0.0
7.002567562014559e-07
1.5402438616498657e-05
0.0
4.744660028671366e-09
9.61720341093082e-10
1.2553545247671406e-05
7.368372533831097e-10
0.0
0.0
3.2465291909220034e-18
0.0
1.4221509874315783e-09
4.2071403082293045e-05
4.152364744427477e-09
0.0
5.211201875463105e-09
0.0
8.568446164417714e-09
8.555593538459283e-09
0.0
1.8049818397890357e-09
0.0005628845559196982
8.840281774088037e-05
0.0
4.1868279554520015e-06
9.367015055420168e-09
4.772743205603864e-08
1.5445772443582287e-09
0.0
-4.577364944644573e-09
0.00013328914853944483
6.970979922804386e-05
7.54725914698927e-05
0.00028930338405838707
9.829621376141031e-05
1.9933135451547616e-05
0.00023819575804270464
2.083958056111685e-09
2.0839579074489323e-09
0.0
0.0
0.0
0.0
0.0
0.0
0.0
1.18928357331281e-10
0.0
0.0
9.575188029259326e-09
0.0
0.0
2.4461010810657915e-09
0.0
9.72703401628362e-06
7.3728012464060545e-06
7.797258990966698e-07
4.808746991047997e-07
7.900041627073978e-05
0.000143949963426669
1.5425882965418946e-05
0.00012681036556529436
3.3815739297171863e-06
1.671669448973095e-05
0.00025585646423654097
1.2006946959790526e-05
1.6880780639842852e-06
3.039730029788343e-05
0.00012676621298702415
3.4006058666196334e-06
1.6717501116375252e-05
0.0002558480179771792
3.9986966340931373e-07
1.690985993637036e-06
3.0397515672741084e-05
9.504717644845964e-05
4.727677864784559e-05
6.360326304436228e-06
5.63848276935561e-05
0.0001447532070986211
0.000191896968680584
8.374624566265535e-06
9.497320541234066e-05
4.7276225670440254e-05
1.497284403531519e-07
5.639181294155767e-05
1.618668082626282e-08
0.00019191103392545634
0.0
0.0
0.0
0.0
2.651386152075392e-09
2.9163324302302943e-07
0.0
1.4906506668847263e-07
0.0
0.0
0.0
1.19460867456168e-05
2.3339922447334505e-05
2.4661868336076942e-06
1.285451426820876e-06
2.4661867776186606e-06
1.070647174305461e-06
0.00024378058148156624
9.726690960887473e-08
1.0837447918857788e-06
6.88464101797206e-06
6.884641110980654e-06
6.884641174246713e-06
0.0
7.984108971047136e-10
-1.4906506627950043e-07
1.4906506635746815e-07
4.260188573618741e-17
1.931314803470572e-08
0.0
0.0
1.0383974867763927e-08
1.1946086737921686e-05
2.3339922441106587e-05
2.466186836332118e-06
4.302141616055553e-06
2.4661867985112818e-06
1.070647204612333e-06
0.00024378058151186592
9.726694033071622e-08
1.083744822581191e-06
6.8846409894020565e-06
6.8846410898462795e-06
6.884641160547977e-06
1.1946086730049616e-05
2.333992243480634e-05
2.466186834587975e-06
4.302141611563957e-06
2.466186814935333e-06
1.07064723485161e-06
0.00024378058154208903
9.726697098195697e-08
1.083744853310542e-06
6.884641068432229e-06
6.884641146569557e-06
1.2372972065920258e-09
6.699517637908486e-05
1.6403600877125644e-10
2.7980151821093076e-10
0.0
0.0
9.937354413057753e-17
0.0
4.077864608290863e-09
0.0
2.796804758857237e-10
-7.3133614156783426e-06
0.0
0.0
5.453908740581198e-08
-4.0387361992535277e-07
4.038736257878112e-07
1.6345456381406049e-06
0.00045845645124109336
0.0005387369474228619
0.0012660778135418754
0.0006839131724089866
0.00013974620565920687
0.0007429823455271719
1.1285830506551004e-06
1.3856238657607402e-05
0.0001051367882651319
5.480532444474647e-07
3.221996310215408e-07
0.0
0.0
0.0
0.0007278704456371242
0.0007170500987057268
4.69731504771167
3.722913077773521e-10
9.823946624641796e-10
-2.894190845315059e-08
-2.9680025813785815e-08
-2.0032716590602517e-08
-5.081630975978593e-06
-1.8932179451292518e-05
0.0
-0.00024118741811304453
1.2010843002742714e-06
0.0
0.0
0.0003025399127576663
0.0
0.0
1.5265925568048145e-15
1.763377787559481e-15
0.0003315696785982295
12.74419669227604
0.0
-2.7220137042055208e-09
0.0
0.0
0.0
0.00013430189642624893
3.2196546766298686e-07
0.0
0.0
0.000791819574084942
0.0007918195740860614
3.890359629622492e-06
-2.2686583525939814
1.178626018861268e-05
0.00013428842421920394
3.2208254874092345e-07
0.0
0.0
0.0
0.0
0.0
0.0
0.0
2.795966398856653e-08
2.9680176984528406e-08
1.0505635462139437e-08
5.0718751226696065e-06
1.8932179676146507e-05
0.00024130539166619322
4.90681006392029e-07
1.071454567925839e-07
-1.491811303131856e-05
0.0007298464519197236
6.184475851585035e-08
0.0
1.3562553130598506e-14
0.01165347998022967
0.011653479980214279
-0.0007298464519210311
9.539649478467257e-06
0.0002229224252093081
7.5178119849394e-05
0.0008699127737479564
0.000687308502959642
0.0004677194541859365
0.00010033280284659446
8.134016790987176e-14
2.271642863481047
-4.543021729267505e-07
4.543021730579437e-07
-4.2891604916524475
4.289155872103973
-4.619548474764142e-06
0.00021754163353690867
8.978988984404201e-09
8.97899533171554e-09
0.00011316171542195902
-0.0003246267869712539
-0.0003246267869711264
-0.5043988926112899
-0.281444421693549
-0.0002479839697071437
4.038736821500082e-07
0.0001237993062680764
0.0003335477316294582
4.479435674586514e-05
0.01293363626885583
-0.013167861735836697
-0.00023421052005431154
2.2280820014203588e-15
9.576314258916983e-16
0.0
0.0
0.00011967582538709738
0.0003903823663060085
0.00012477317020899835
0.002417442296677331
0.002223129886022508
0.002417442296678476
0.00026859066233245616
2.0594466710809403e-05
6.698147770700472e-05
2.000325278181875e-05
4.0605271367253e-05
0.0
0.0
0.0
3.3318734649019944e-05
2.672065345624894e-05
2.670665335857019e-05
8.756941575027877e-05
5.048047143762994e-07
0.0005628845559199256
6.698139731713454e-05
3.5941674880059316e-10
9.937380271396098e-06
0.0001670082207708006
4.419040802162488e-05
0.00033728193125048844
0.00023906358458900836
0.00014410618454551065
2.5094807635914696e-05
-0.0007918195740837606
1.2804346444725091e-17
2.1047822920426823e-06
0.0034410928718134684
0.0022231298860243367
-0.002223129886023998
0.010232430031158387
0.0
0.0
6.451480918240822e-06
7.425632758908668e-05
6.685246461811997e-05
3.471948234722164e-10
7.701908484456668e-05
1.530764902119095e-05
1.6333039636009044e-06
-1.8325239921068714e-05
2.1546185132151953e-06
1.362962954981075e-16
1.4822296076401999e-05
12.266872283390994
-13.203131700885537
0.936244586739995
-8.45847174432239e-09
0.0
0.0
0.0
0.0008964891449542557
8.979786957873859e-05
8.791055573694668e-09
0.0
0.0
0.0
9.765014824021876e-06
9.765014824116693e-06
-0.00018799383326220355
-0.00018799383326217165
0.0
0.0
0.0
1.818955115590002e-09
0.0
0.0
0.0
3.807141403254108e-11
4.673091010473956e-05
0.0
2.6727657349430744e-05
0.0
0.0
0.0
0.0
0.0
0.0
9.993791369545969e-09
0.0
1.2818377044097302e-08
0.00022798948758552981
0.00017751697761417645
9.598006063706838e-09
0.0
0.0
0.0001342933219346022
1.3316428410801869e-05
1.331642841368773e-05
5.480532448925521e-07
9.993806102629191e-09
6.350696438935331e-08
6.350696526899407e-08
0.0
3.0934463176548735e-14
9.402691948615748e-06
0.00011864987154949346
4.3463724345475365e-05
0.0002992141151613504
0.00023880884386695908
1.2852210964331118e-05
9.692467791197381e-06
1.3695750413095243e-07
0.0001042725535979673
3.17143954421626e-05
0.0005706986585243533
0.00044849965903031165
0.000454867243158931
9.064033499283198e-05
0.0
5.986999480965615e-09
0.0
8.692984811501076e-06
0.0
1.121450785842327e-06
1.9610021226822404e-05
1.9600357557711204e-05
1.9610021226795865e-05
1.9610021226779385e-05
1.96100212268111e-05
4.457188259741677e-18
4.457183024287948e-18
0.0005072093399805976
0.0
0.0005072076912616359
0.0
-0.0005628501617072371
3.439421400506931e-08
0.0005628403432105897
0.0002197641715695146
0.0005737575034025196
0.0005737575034046497
7.042962290903521e-16
6.170163131121612e-05
0.00028144649821612225
3.096793025447954e-11
-0.00031088760500262366
0.0
0.0
0.0
0.00016667569052932935
7.392117372431853e-07
0.0001673284056172402
3.3128918022726415e-06
4.802501096338952e-16
0.00036885349590710215
-0.00036958336792997147
0.0
1.7579434674320343e-16
-1.7580338226852454e-16
8.548513340999337e-09
0.00034361588296587063
0.00031088760500347715
6.465135234175501e-08
0.0
0.0
0.0
0.001511537729802349
-0.007386894965256907
4.1660223350266873e-16
0.00024026198320713203
0.0018490018656132756
0.0020331760027127574
0.0
-0.004121705376419982
-1.3395902712598983e-08
1.2395160531936443e-16
6.921770357585881e-06
-0.0006362830135472073
1.4563171933589625e-05
0.00016159098477175552
0.0012179629857936721
0.1347578148524755
7.878038406090635e-09
0.0
5.3496810295238115e-09
0.0
0.0
5.39049314618942e-10
1.088350085978955e-09
0.00012477317028933578
0.0
3.4169727878063318e-09
0.0
-5.059995576290022e-10
9.993695442689146e-09
0.0
0.0
0.0
0.0
0.0
0.0
0.0
0.0
11.02492758441271
6.986853551164756e-08
9.668919326264156e-07
0.0
-11.024927654281244
0.0
2.6966556900938515e-15
2.6838972467809334e-15
4.57286796079437e-09
4.572867893176007e-09
0.0
1.4906506714599894e-07
-0.022544596093935557
0.02345327869378965
1.0030134130056256e-14
0.0003182401980551716
0.00040095697012308354
0.0
0.0007191971681782402
4.5211409581052705e-06
0.00022372504131985517
3.103038249090696e-05
0.00019342137467175019
0.00010406652896163437
5.494665815527504e-05
3.0128764149181757e-05
5.0792257111515384e-15
1.4923995391361192e-14
0.0
1.5132165968301053e-13
1.5028870499075966e-13
1.5198717624875705e-13
1.5073675389246542e-13
0.00017751697761510547
0.0
4.216592778596827e-09
3.1414959832625755e-09
0.0
2.7445391981327137e-09
4.65349801864586e-05
6.197976954550058e-05
2.2272534857787838e-09
8.574438707688232e-09
0.0
0.0
0.0006918368774560686
0.0006388261777428562
0.0006388298331423631
0.0
0.0
8.55402781028698e-05
5.261088394218316e-05
5.8246531393576e-05
0.00013112668526406385
4.508010524096979e-05
0.00010545453479813062
4.014269510279278e-05
8.554027820589994e-05
5.2610884190106446e-05
5.8246531641085414e-05
0.00013112666703413823
4.508009111650945e-05
0.00010545453504933521
4.0142687946712376e-05
3.493426968031227e-08
6.986853936654194e-08
5.55545186006769e-07
0.0
0.0005514271971479858
0.000551427197147989
-0.037412124144430126
-0.03678417748655821
0.0001031404763114565
0.00012329726356761654
3.3558239080726695e-10
0.00022643807546145794
0.0
0.0
1.26200716758651e-07
0.0
0.0006480652276264963
0.0
0.0
0.0012960956105652298
0.0012960956105652498
0.0012960956105652695
0.001296089731181054
0.00129609561056523
1.9832751305400317e-14
0.0
0.0
6.030330508666553e-09
0.0
1.3811891199152313e-10
0.0
0.0
0.0
0.0
0.00015854986075985759
6.025876386505648
0.0
7.992402008520598e-05
-6.026114860386297
0.0
6.026034936518669
0.0
0.012345328354216726
7.360075134638831e-07
0.0
0.0
1.4339867335682486e-11
2.404731481571969e-05
-2.404731481525303e-05
-0.00024130456380636893
0.00024069673744209078
1.0939391800180283e-06
0.0004478349640711176
1.4517013280260658e-09
4.517353327620648e-09
5.550343950812969e-05
3.161047838837132e-09
5.55124073612776e-05
0.0
0.0
0.0
0.0
0.0
0.0
0.0
-9.224562271589049e-09
8.143757223680514e-09
0.00013189277465946056
8.143757908427614e-09
0.0
0.00013652159806923367
0.0
2.5185724130994977e-06
4.2251266185357967e-16
0.00013559897434899053
0.0002786949931165451
-8.488289334230817e-07
0.0001439545584488445
9.193783857078101e-07
6.401591129091128e-05
0.09062860815094738
0.00013540769484434668
1.8255163354071484e-07
2.7076862178584494e-05
6.163155329850833
-6.163389820575079
-0.0002344888664270927
0.0009824451501131647
0.00031809285389563754
0.0
0.0
1.3154007264762134e-05
0.0002620366679323214
-9.461858866789761e-05
0.0
0.0
0.0010009582449375983
6.970181392579155e-05
0.00023354374631622769
0.0004913422654520802
0.00011410214318501534
9.936580539549378e-05
0.00032744720025099127
9.357817658965291e-05
2.3912774669366173e-13
0.0
0.0
5.580816946351016e-06
5.937100209006153e-06
0.0
-9.668919218169428e-07
9.016177285471066e-05
0.0002763496819980024
9.546889138136004e-05
0.0003396457804730337
0.00030647558644361726
0.000160369797840562
7.925251218192427e-05
3.0557933040075925e-05
1.1973921680500182e-08
9.993743437174057e-09
8.574438160623593e-09
1.9313800171771394e-11
0.0
4.3341290856358655e-05
3.169412258878103e-05
0.0
0.0
9.823827207186277e-09
0.0
0.0
9.415810550087583e-09
9.316604875285484e-09
6.498910860478185e-05
0.0
-0.00013925663967357337
0.0
0.0
0.0
0.0
1.1786260170381702e-05
3.890359609562592e-06
0.0
0.0
0.0
2.1174993442368594e-06
5.563601094813116e-05
5.351851160400195e-05
0.0
0.0
5.93710028582057e-06
5.937100292762381e-06
1.6472281796436027e-05
8.978938770583847e-09
1.4812741958074877e-14
0.0
0.0
0.0
8.979020134524036e-09
0.0
6.861993440555165e-05
0.00027262756270347594
2.3683858553854467e-06
-0.0003436158829651353
0.0
5.987007606682644e-09
8.97897799507861e-09
2.1047822719197705e-06
0.0
0.0
0.0
6.498910860430313e-05
6.198537662227377e-05
0.0
0.0
0.0
0.0
0.0
9.241198444622052e-09
0.0
0.0
0.0
4.729429922980435e-09
1.9401813925342722e-08
0.0
0.0
7.12354291836955e-11
0.0
-7.123550448342064e-11
8.979064430568749e-09
8.979074407152925e-09
4.2827402769876825e-17
0.0
0.00022394783609041216
0.0002239478360904154
7.73563755252722e-09
1.6426570201140706e-08
0.0006409102036904321
0.0
4.624632389751786e-09
0.0
9.81004026030935e-09
0.0
-6.946571109443453e-06
6.388374403201383e-09
0.0
0.0
0.00017657321385256496
0.0
0.0
0.0
9.245306032196172e-05
5.8535377173230644e-05
0.0
0.0
4.331348995101349e-05
0.0
3.4403333461511265e-08
0.0
3.155594395805165e-08
9.488499359716685e-06
0.0
2.3348946507547182e-05
0.0
2.475336531668948e-06
0.0
1.2945049466779813e-06
0.0
7.066701591125458e-07
1.759516593213965e-06
1.0797523801962938e-06
0.0
0.0002437885273936709
0.0
2.4764788672441367e-08
7.250209027810632e-08
3.0875291412656424e-07
7.749918471667813e-07
6.893588524489289e-06
0.0
6.89358861005839e-06
0.0
6.8935886658862965e-06
0.0
8.087192634635141e-08
8.087192718111502e-08
8.052062944780616e-08
8.063772196387219e-08
8.075482121155524e-08
3.223167162963562e-07
-2.795961390709978e-08
-2.9680126579535726e-08
-2.0032818008608455e-08
-5.081631123182891e-06
-1.893217960117436e-05
0.0
-0.00024118741833665126
-1.1913640280561571e-06
0.00010637025624799018
0.00010636093964331855
1.1625026640858624e-07
1.1625021418345597e-07
0.0
0.0
9.993699556157026e-09
0.0
0.004139367826709531
1.854533698255395e-05
1.7651999661567108e-05
1.902213484664567e-07
9.993770947210116e-09
1.1648962991213113e-05
2.1662498673611573e-08
0.0
0.0
0.0
0.0
0.0
-0.0011473641415428951
0.00010655377068520372
6.098043322944857e-10
0.0
0.0
3.8395533995372684e-08
2.027557714186576e-05
0.00017732734099428578
2.1788672534717348e-05
0.0
0.00010006897951615298
1.3860022528662461e-05
0.00021284749096205717
0.00037723083018694246
0.00033957292384058363
0.0009853479781615755
4.923083644904114e-07
0.00033778413247618594
5.5683593060835096e-05
0.00028114760531725263
5.071278751916861e-06
9.474348922843916e-09
0.00023177884315150958
0.0003773488038517016
9.82683601456897e-05
0.0009846375749796399
0.00024118904591841485
0.00033789127804535545
5.677753235311813e-05
0.0001687266016282993
9.680718093551907e-09
0.00020277651196330568
9.779664770855368e-06
0.0
0.0
0.0
0.0
0.0007407282942920729
0.00719081078258739
0.0034974552547816853
0.0
1.7458399598260043e-09
0.0
0.0
5.978386735246137e-05
5.322447308824256e-06
1.1920225396349937e-09
0.0
0.0
0.0
0.0
4.562261577146599e-05
0.0030199291970838017
0.005084177875061568
0.6323466048961786
0.0003691959106109154
0.0
0.0
0.0
0.0
0.0
1.8582543283213253e-05
0.0
0.0
3.712810169880191e-05
3.712810169877146e-05
3.7128101698842484e-05
3.712854113756428e-05
3.712810169881353e-05
6.55728511699406e-05
0.0001308854681664378
-0.6338651495796084
1.0899846079453917e-07
0.0
0.0
1.7956520808118694e-07
1.7956520809726042e-07
1.7956520810690683e-07
1.702772323822794e-07
1.7956520806139138e-07
7.655699476274663e-05
5.618404143898211e-06
0.0
0.00016452332626646694
0.00016451547728646055
0.0001652264436368713
0.00016452332626704203
0.0001652264436375048
6.352552407452885e-07
0.0
0.0
1.2325720449795683e-06
1.232572045019781e-06
1.2325720450797166e-06
1.238958515693736e-06
1.2325720450603513e-06
0.1584990087619436
1.0473497186552849e-07
0.0
1.9054971405417063e-07
0.0
0.0
0.003264585638167998
1.0852546024938656e-06
0.0
1.1173024341886775e-14
2.9934333800203154e-09
8.847557369431831e-07
4.6524540429932705e-06
7.597800375000399
0.0
0.0009139897865023948
-0.0002955266362652104
0.0012746227374288623
0.001276517508387561
0.06846183531217903
1.6971637966539388e-08
0.0
-9.214602406814763e-09
0.0
8.59823908921322e-10
0.0
0.0
0.0
0.0
1.6971638107514522e-08
7.699221524215538e-09
0.00010102907443037155
0.0004557878207891495
0.0
0.0
0.018514673421312633
1.9422715480386626e-08
0.0
2.9267117436537297e-10
0.00020613927305747375
0.00020613927305747804
0.0002714671328039852
2.650438672730502e-09
4.4840058948082676e-07
0.0
-6.551308413674847e-09
1.9121796668958026e-08
0.0
5.346883484962585e-07
4.835834928331722e-05
7.266837380551598e-07
3.80678161515464e-05
2.5474078455908706e-07
0.00013125397364401484
1.5402339907439752e-05
0.0
0.0
-0.0013335338339318793
6.339807156658657e-06
8.56892633904335e-06
0.00016938358509522054
0.0
0.0
0.0
2.693206421965934e-10
0.0
0.0
0.0
3.047899460856334e-11
0.0007454311598843182
0.0013794823870799838
0.001317509264919508
0.004435048859377514
0.005090294894107556
9.94575204050577e-05
9.657210543185915e-09
1.999876890672405e-10
0.0
0.0
0.0
0.0
0.0
0.0
0.0
0.0
0.0
0.0
0.0
0.0
0.0
0.0
9.494331369859691e-09
1.2620087541498783e-07
0.0
0.0
0.0
0.0
0.0006565003274696189
0.0
0.0
0.0
1.3437835849634587e-09
0.0
0.0
0.0
0.008033726760801552
0.002190726110784953
3.241659361733473e-05
4.973799150320701e-14
1.0171046539619692e-08
8.68471331124843e-16
7.655288968514178e-05
0.00017533911667904178
8.294265245440937e-05
1.0361213584093995e-05
0.0
0.004437926544048922
1.5394919944538375e-06
1.539491992471781e-06
1.539491996496074e-06
1.5394919985909103e-06
0.0
0.003691586992393258
0.0018772787231160501
9.821451552123344
0.0
0.0003194863878142058
0.00029339297455646
-2.6093413257751295e-05
6.587305216232991
0.24355814263739223
0.0
0.0
0.0
0.0
6.830863357902555
1.2620092206580293e-07
1.2620083057767033e-07
1.262007875538543e-07
3.742536975393372e-09
0.0
0.0
0.0007655105642277211
0.008460623979454652
0.0008017722550627938
-7.249281926203521
7.25962931481508
9.577893409485952
6.830863357902555
0.03639680684465366
5.030881472608996e-16
2.8611334989563776e-09
1.8027409927435028e-10
0.0
0.0013175092649204928
4.69731503788015
0.00017748451527094527
9.27102342002496e-06
-0.012561064923107629
0.00015393617283472453
6.776129619443466e-09
0.0022231427044027722
-7.73628128192521e-05
5.186081287675814e-05
0.0
0.0
0.00028714647708580847
-5.500543590926594
0.8031189370435611
9.819855713110283e-09
0.0
0.0
0.0
0.0004915968558821585
0.0
0.0
0.0
1.9121796797289844e-08
1.3818121627598125e-10
0.0005072866599412038
2.9840031160593503e-05
-3.2995631166184765e-09
0.0
0.0
0.0011473511995641673
0.0
0.0
0.0016045634338167083
8.070853508003955e-06
0.0002805789818994223
-4.193210874509823
4.193210881583493
7.073669499084933e-09
2.27238596391714e-05
0.00015325422063592784
0.00011268899984656674
-7.786478897462013e-08
-0.0005329376923494286
0.00029041378369613614
0.0011841512901470033
0.005567216037591623
6.329289688927414e-17
6.222147692881774
-14.124432648250494
7.9022845784947275
-3.7687398992973484e-07
1.2673481941544909e-15
5.048047070505794e-07
5.048046975448686e-07
5.048047012975635e-07
0.00044188572357601344
0.0020035378553501745
0.0
0.00527001049778867
0.0002860724462449698
4.695374670883468e-16
0.0
0.0
7.364313665416544e-09
1.162730049298969e-05
1.3850084045389457e-08
0.0
1.7602033919511285e-08
0.00015937598988363989
1.4823409080404839e-05
0.0
1.0047284701043836e-08
0.0
2.2296414873458733e-07
9.308676701937283e-06
0.0
-1.7251283182728181e-09
0.001916025747039849
0.0019160257470476232
3.510588582640549e-10
2.1808971089991303e-07
0.0
0.00017751387821965804
0.00017747592610479796
0.0
2.8330471013237494e-10
0.00017748451526918636
8.979104759587645e-09
5.987011879013628e-09
1.0975377595255159e-05
2.1336591179885644e-05
0.00013342321997105724
0.0
0.0002094683172316713
7.425993171342465e-07
9.179302968810722e-07
0.00024801025176054655
-0.0014242074858342901
-0.0016722177375949028
0.0
0.0
0.0
0.0
-0.3867054600823874
-0.07426533666728874
5.076333221117516e-06
0.000115033589311287
-0.00011503358931093102
-9.237333878237112e-09
-3.79743275519888e-09
-2.795956382736775e-08
-2.9680076175410408e-08
-2.0032767275996984e-08
-5.0816310495594916e-06
-1.8932179526204084e-05
0.0
-0.00024118741822482404
-1.2010844123885823e-06
0.0
2.2272499939208695e-09
0.0
0.0
0.026007969033849887
2.0899970661919746e-06
0.0
2.941830826020899e-08
9.893584354839458e-09
0.0
1.2620126211815679e-07
1.2620109985041247e-07
1.2620145127943916e-07
1.2620135088611516e-07
1.2620117517159406e-07
1.2620074634354345e-07
0.0
0.0008103225492996852
0.001323724208384204
0.0022432929153673913
-0.00016871695411658063
3.718046322032631e-10
0.0
0.0
0.0012179629857906153
0.0012179629857907957
6.450202059324238e-17
0.0007238571124481708
-0.001940548408995801
-0.001216691296547577
0.0
0.0
0.0
0.0
0.0
3.1228828013615822e-09
0.0
8.979001524914979e-09
0.0
0.0
0.0
-8.119878436038897
8.119047293494877
0.000831142544021219
-0.00030495050470895693
0.00030243505515437536
2.518572435913518e-06
0.0012179629857910152
0.00021781119566113933
9.647512498385357e-09
0.00011243065119986621
0.00017697224702223685
0.0
0.0
5.87844455683048e-10
1.50933025794279e-07
-3.082009683148967e-05
-3.0820096831595286e-05
0.615529681188856
1.847797750459419e-08
3.180888322524585e-09
1.4276712381615345e-08
7.3821553149135886e-09
1.4276706607221997e-08
1.4276699348741063e-08
0.010974917005801622
-9.555233348252926
9.555235465409021
2.1174993449854655e-06
0.0006785629744117488
5.621370680505566e-08
-3.946994613406818e-05
4.6791051667071784e-05
-7.320016431139777e-06
-7.320016431138581e-06
0.001217962985791354
0.0012179629857911767
1.331642840791105e-05
-3.8903595905573005e-06
9.561835458157002e-15
4.160649794802566e-05
-4.1597022143190996e-05
2.074651519276071e-11
-0.003441092871813151
0.0018535636108914365
0.0
9.557136973246713
9.557136973379787
0.0
4.402254179550469e-09
1.2856652039607688e-05
0.0007748642353170769
0.0
2.3846882050309747e-05
-2.5034075744309883e-05
-1.1981347968928363e-06
7.0209986700717105e-09
0.0
6.098794523972764e-06
-6.098794559226961e-06
-6.089034630980512e-06
6.0987946211402625e-06
1.1920192707715075e-09
0.0
6.474891702191874e-07
6.474891479421021e-07
-1.1786260179530439e-05
3.890359619629531e-06
5.414896502168928e-06
1.4697444583834436e-06
1.6345456535592619e-06
1.6345456430924122e-06
1.6345456380270584e-06
0.0
4.302450678413278e-05
0.0009441299314464069
0.000984534294217915
2.6201440126308664e-06
0.0004357059842454757
0.0
0.0
0.0
6.184476424775613e-08
1.530525097683666e-08
0.0
7.700940218477658e-05
2.2514304719502186e-10
9.682661043871895e-09
0.0
1.157529005937722e-09
7.252699014796138e-09
0.00043568239009190437
7.70202423723595e-05
0.00043569473527541876
7.252698909055302e-09
0.0
0.00031126068422675327
0.0
0.00031127598947801354
0.006879732472364202
5.930208080606142e-06
6.098794427796281e-06
3.0540279156430084e-14
0.0005053635207652005
-0.0005054147373032406
-4.162400887928343e-08
0.0011841512901490047
0.0
0.0
0.0
0.0
0.0
0.0
0.0
6.363213893650331e-09
9.833171238222232e-09
0.0
-3.7388132488130027e-10
7.541724940889755e-07
1.0999220408012365e-07
0.00015962166216901041
3.721870400725769e-05
0.00032170333539074215
2.7279613853374316e-06
1.8761560403963825e-07
6.884471078610402e-07
0.0
3.97941396101504e-08
0.0
0.0
0.0
0.0
0.0
0.0
0.0
0.0
1.4239871614906544e-05
0.0
0.0
6.060693757681926e-07
9.727033990577097e-06
7.372801184396246e-06
7.797258371856587e-07
4.808746366969309e-07
7.900041620815855e-05
0.00014394996336383604
1.5425882902696712e-05
0.0
0.0
5.507240391289769e-09
9.736800904091585e-09
6.787906400218896e-10
5.174610194495201e-09
8.212029160177671e-09
9.15681547623658e-09
9.694578983556303e-09
0.0
0.0
0.0
0.0
0.0
5.3309290152496454e-08
0.0
0.0
0.0
1.160639844229436e-05
0.0
0.0
6.48141944847165e-08
0.0
6.216104856828341e-06
2.7512867476870025e-09
0.00014473769895824022
0.0
8.392587125090074e-06
6.946571109464324e-06
9.668919841707044e-07
1.521391413590235e-14
0.0003586395444281009
0.00025446318975958453
0.0006140688698107636
0.0
0.0
0.0
0.0
0.0
2.0333009502037178e-05
9.993707224827473e-09
0.0
0.0
0.0
0.0006796642819915067
0.0
6.10315362694473e-10
4.433068827773506e-09
8.58686834106019e-11
8.586868869368032e-11
0.0
0.0
0.0
0.0
0.0
1.0301318717400019e-16
0.0
3.058929564395665e-07
0.0
2.864787627150754e-07
2.8864544293496046e-10
0.0002582817691351158
0.0
1.2229065001862182e-09
0.0
0.0
8.218929616115893e-10
0.0
8.218928960238507e-10
0.0
0.0
0.00015062702446192605
0.00015062702445971536
0.00015062702446324395
0.00033155968503544584
1.364327677925474e-16
5.8403787223035683e-05
8.935716034049945e-06
0.0
1.8592513854817778e-06
0.0
1.3970945700035299e-09
0.0
0.0
1.8508167996510704e-06
5.6364847836517834e-05
0.0
0.0
0.01924061252319395
8.581100569157384e-06
2.9144454800564753e-05
4.4087988047063566e-08
3.968256357629886e-09
0.0
0.0
0.00022199750374977007
0.00022198800941809695
3.9032890111870233e-11
-9.993788570951378e-09
-9.993788556224337e-09
0.0
2.576182246629288e-06
5.1840590795983235e-17
0.0
3.4420080140209116e-07
1.0751423676337602e-09
2.5429814895415307e-06
0.0
-2.1717182211818482e-10
0.0
-3.138523478907379e-10
3.345261703327825e-07
0.0
2.240330884503546e-14
0.0
-2.216561141158452e-10
-6.592841862924121e-05
1.16447561587953e-07
6.489645297615373e-05
1.148413214669501e-06
0.007186499580630701
3.774958078633999e-17
0.00015062702446076758
3.7784736691745266e-07
3.875321869182627e-07
0.0
5.6364844092892795e-05
0.0
5.812169917307647e-10
2.939975418937511e-08
8.945380110422731e-06
8.945380056752059e-06
0.0
0.0
0.0
0.0003111885387266694
0.00027605994128528994
9.923399006141754e-06
1.853279265077876e-06
5.631843805236383e-05
8.974788199841896e-06
0.0
-0.0003111938112131629
-0.00027606529964089156
-9.927393743226552e-06
6.906338115413787e-07
0.0
-1.6703534567856618e-10
6.9063386202505e-07
0.0014386348431859345
0.0003108535388822142
0.0011483850917051882
8.023592271355604e-10
0.0
0.0
0.001127790579834747
9.27553103260688e-09
0.0
7.541723460911091e-07
7.541722962887774e-07
1.262010263506409e-07
0.0
-7.403304567623295e-10
0.0
0.0
0.0
1.6426590215348317e-08
-8.402887953284151e-05
0.0
6.73330089970697e-05
0.0
0.0
0.0
1.4906506652156757e-07
0.0
0.0
4.038736372658038e-07
0.005277124723101774
0.005277124723191803
2.5429801412303365e-06
2.104782272126176e-06
0.0
0.0
0.0
6.197312216149783e-05
0.0
0.0
6.527407895004797e-05
8.823258260078032e-06
0.00823172174744156
0.0007930436543730598
0.06798881293693515
3.668494069396135e-06
0.0001553485278499262
6.040200856129954e-05
0.00011967582538761089
3.117430686771282e-07
6.6483174925156735e-06
3.55756357299576e-05
6.0396008432654886e-05
0.00014346992990206506
0.002538202643986726
0.00011966035144370072
0.00044760933217212793
0.0015550044067432958
7.656006227653651
0.0
-0.2769029157725411
0.001507204318060465
0.0009905859603260977
0.0001770216144533946
0.00025004716670545075
-1.8177982264735125e-08
0.00034538892594330897
6.168623405266194e-05
0.01673061195546216
0.01673133403912508
1.2904024588705068e-08
0.00041418113358561215
0.0016049665129900404
4.335743878509394e-09
0.0012257780240599661
0.0007933739582595589
4.151055218508787e-05
2.376959155602494e-05
0.0
0.0
0.0
0.0
0.00011966528473646425
0.0001434699299157918
4.3546862669777683e-16
3.998692983469195e-08
0.0
0.0
0.0
0.0
0.0
0.0
0.0
-7.147171357270661e-09
0.0
0.0
0.000626598029520946
0.0006265980295209493
0.0
0.0
0.0001193032473695809
0.00030402688421595826
0.0
0.000578372342091019
1.1546352059745301e-09
3.055793303847684e-05
0.0
0.0
0.0005963722493154012
0.0
3.170266995168559e-05
0.0
0.00039715783290240653
7.436159827553769e-09
0.0002466734451421176
0.0
0.00015123079045695667
0.0
0.0014937482069542743
0.0
0.00033726996769427363
0.0
1.0497600514584314e-09
0.0
0.0007185501739197539
0.0002479839697075314
5.542783422113155e-16
3.591726717888366e-16
0.0002535958336888505
4.358346898212983e-09
3.5436882262085e-05
0.0001980133280211044
3.0557933038958574e-05
0.0001334232199703301
1.2990064416730194e-05
0.0003497955238480568
3.725327700050463e-06
5.6612201789540656e-05
0.00017857962819086784
0.0001762219779327668
0.0001294771770786113
1.4563171932767945e-05
6.264030484625457e-05
0.001035284550093365
0.0
0.0
0.0
4.3911454186762375e-10
4.3911377192710463e-10
8.780997465172714e-11
2.0490409797899304e-10
3.220053953100876e-10
1.1708943096773346e-10
5.854425906194516e-10
3.5126748199564696e-10
2.3417859522233013e-10
4.683552678496983e-10
0.0
0.20397554638628446
0.04547654147693636
0.0
0.000149919294677891
0.0005737575034059127
9.884132660917045e-09
9.89534772875839e-09
2.2324478504858938e-10
1.798746585852698e-09
3.469980139704497e-09
9.993681214850523e-09
9.993662860624044e-09
9.993644424552293e-09
3.155594383190473e-08
0.0
0.0
6.098794480182203e-06
0.0
8.734706203352777e-09
0.0003436065938054418
0.0
8.567406913850981e-09
0.0
2.3123902307573543e-09
0.0
8.025277525377736e-09
9.993753272974649e-09
9.99373558533919e-09
9.993717815383564e-09
0.0001560988116961173
0.00014754752669571687
9.86318465963365e-09
0.0
0.0
-0.00034360659380616634
8.690786517777627e-06
5.2020738321779795e-17
1.2374973346221902e-09
1.2374475693177125e-09
0.001376534559850213
0.00032948828266954913
5.7585896811438627e-05
0.00018409337907304148
5.522449035380963e-05
0.0004803609092583243
0.00013495074061876572
5.861618006082248e-05
0.00021416681739536793
0.0
3.697641003687458e-09
1.2375967652307411e-09
1.237646324454943e-09
1.6426548007954715e-08
0.0008676690964495281
0.000133289148590843
0.0
6.970979935188818e-05
0.0001580711549699391
7.547259159352762e-05
0.00020203888151830378
0.0002893033841830266
1.5805929548414382e-05
9.830246795365214e-05
7.943267006939717e-05
1.9933135577031427e-05
8.925144233351846e-05
0.00023819518217411604
0.00013465731126068072
0.00012465321714068465
1.1995306769569965e-07
0.00012379930626768348
0.0002094683172313419
0.014182174177159751
3.1442932167962746e-08
0.0
3.155594361151133e-08
2.5081452308000992e-05
0.0001268010136657601
3.421368323098106e-06
1.6707792043164068e-05
0.0002564730764099332
1.2273933827382265e-05
1.6812536493152311e-06
3.0388194480093956e-05
0.0
0.0
3.155594387488572e-08
0.0
5.759938505417818e-10
0.004238166577436008
0.0
0.0071908107825876194
0.0005977766526295906
0.000140345467555077
9.988884137993209e-05
6.46065616397495e-05
0.00020173544661814135
0.00018983251950880866
0.00029731918233609467
4.913226278196177e-05
-0.0002714671328041252
0.0038943399918454167
0.002799811133989763
-0.00803372676080144
0.005090298991187157
0.0
-0.004139378092239576
-0.0012541286244983788
4.0233568739385915e-05
0.0
0.0
1.5871162331027555e-08
0.0
2.4722800202551698e-08
0.0
4.537226227166967e-05
4.0233568687772484e-05
5.261261601926794e-05
0.0
6.44568335087645e-05
0.0
0.00014534359818223452
1.5871037471164322e-08
0.00018981630542716602
0.0
0.00010540814872489079
2.4722674504687394e-08
4.9141999666150114e-05
0.0
8.560583106264863e-05
5.2603877846763804e-05
6.44482175908428e-05
0.00014535946946940662
0.00018980780167567374
0.00010543287165076967
4.913309980982326e-05
0.0
0.0
-2.595597661313436e-06
5.180151521996974e-15
-9.911181904279042e-08
-9.911181227140687e-08
0.0
0.0006124815097612382
1.4212388244897595e-05
0.0003962557755722595
9.727034042168642e-06
7.372801308422381e-06
7.797259610177081e-07
4.808747615327217e-07
7.90004163333853e-05
0.00014394996348952307
1.5425883028161546e-05
0.00012681036559153113
3.381573993504146e-06
1.6716694552426048e-05
0.00025585464536115527
1.200694702345909e-05
1.6880781279346176e-06
3.0397300362008025e-05
9.504717647464482e-05
4.727677870998281e-05
6.3603263665040575e-06
5.638664668011272e-05
0.00014475320716139772
0.00019189696874357136
8.374624629157059e-06
1.0999222986928848e-07
0.0001596216622310286
3.721870406916884e-05
0.0003217033354531546
2.7279614478412617e-06
1.8761566687623976e-07
6.884471705853452e-07
0.0
3.979420392185897e-08
0.0
0.0
0.0
0.0
0.0
0.0
0.0
0.0
1.4239871677466795e-05
0.0
0.0
6.060694386393518e-07
-0.00017533911668077902
5.986987414803675e-09
9.993788538881273e-09
3.0445161677641686e-07
7.735839411371201e-09
0.0
0.0
1.4906506694524493e-07
-0.003179690409134579
1.364506922957454e-07
0.0001523537963760188
0.00042402679820858276
2.8722835343008506
0.0
0.0
8.304969578894722e-09
0.0
0.0
0.0
7.735770131000508e-09
3.280249341152753e-06
9.871913140879164
8.752826727991349e-05
-0.0006739026296213244
-9.124511041718876
-3.0777420756914644
0.000640910203690741
7.73580721858163e-09
4.393938251306841e-05
2.5955976715554066e-06
0.0
6.024876070669008e-09
0.0
0.0
0.0
0.004647021589135903
5.471066056240406e-09
0.0
0.002223142704402598
0.0022231427044017292
1.3316428409327557e-05
0.0012179629857924483
0.0022231298860236636
0.0012179629857930168
0.002223142704402036
0.0012179629857918986
0.0003265404554407983
9.598007286432172e-09
1.414791800832501e-10
5.896234114042889e-16
0.0008670544029434524
-0.007411033666452571
0.006543989108695495
9.84518743002339e-09
-3.0747861008261888
0.0
0.0
6.19797695468596e-05
3.4800730337903083e-08
2.076258211409554e-08
0.0
8.649360732163204e-07
1.2601255555323341e-05
0.0
0.0
0.0038943399918454132
0.0
0.003894339991845318
7.003160323788251e-09
3.480078189856632e-08
2.076270690281516e-08
0.0
8.649362065721234e-07
1.2601255680804547e-05
0.0
0.0
2.872283534300851
2.268658352593981
8.687965297799076e-09
7.735728994956157e-09
-7.222650805729159e-05
0.0007170500987067782
3.4461253205114056e-05
3.777514273097921e-05
4.2801313766151924e-10
0.00066363901806086
-0.0001108151887554073
0.0010259673208766118
0.0003999006945718463
6.996108109038247e-06
0.0002925890639445249
0.0002850819250529189
3.7780818311053075e-06
1.4109238303881146e-07
-3.8130701493420573e-10
0.0
0.00011648602736669311
2.5072518979078848e-05
0.0
0.0
0.00011649581599149679
-9.788621927520993e-09
0.0
6.582824627969512e-05
0.00026881730776872736
1.490650676246988e-07
0.0
0.0
4.624632416545241e-09
0.0
-3.0037319802793016e-06
-3.0037319808143605e-06
-3.0037319814077833e-06
3.998693833211276e-08
3.079992577371332
3.079992577371332
0.00038212091141354604
0.0
0.0
2.993522033631637e-09
1.1973916098020714e-08
5.986944597597241e-09
0.0005307995726977047
1.7336014049667195e-09
0.0
0.0
0.00021197094514441688
0.00021197094514442013
1.262009705301116e-07
2.1047822716093956e-06
0.0
0.0
0.0
1.3488731808314797e-09
0.0
1.348873542990129e-09
1.348872867508837e-09
0.00015627971968624167
2.510303485459321e-08
0.00038920824805464593
9.555832482879549e-08
2.7304884598215484e-05
0.0
0.0
0.0
2.5835136707913774e-05
1.096912538000476e-05
4.8110547979531114e-05
0.0
0.0018510133369724416
-0.0034173506412562907
6.857270587757867e-16
0.0
6.582627571641127e-10
0.0
0.0
0.0
0.0
5.048046956973584e-07
6.921770355448143e-06
0.00012477317020952758
0.0
0.0
8.023592271355575e-10
0.0
0.0
5.937100233726029e-06
-5.937100253373441e-06
2.653648713525174e-16
6.672829798787673e-15
2.863590642585467e-15
8.453065174126066e-16
6.051275610438568e-16
0.0
0.0
0.0
0.0
5.563601094814226e-05
0.00013697590024255076
6.952959483754442e-06
8.97437528026329e-06
6.554595527086666e-17
1.982284792974445e-16
-0.2461199386062935
0.24611989872187545
-6.448961218317848e-08
0.0
6.921770349674039e-06
6.92177035147823e-06
0.0
2.9936090242865605e-09
2.993475243912569e-09
6.198537662145676e-05
6.197976954801609e-05
2.51857242771587e-06
0.0
0.0
0.0
1.656709112975816e-09
0.0
0.0
0.0
0.00011976452637710693
0.00011975506748705938
6.921770353388453e-06
6.065446904465778e-15
6.0654469040920406e-15
0.000862816255468333
0.0008632201713981501
-4.039159239526553e-07
4.0387362361756695e-07
0.0
0.0
0.000373440444725112
0.00035443000091022576
0.0
0.0
0.0
0.0007916499579760766
6.058460791625119e-05
0.00021339479600101496
1.4486991757086927e-10
0.08152952815304668
0.0
0.0
-9.882129504071258
0.0
0.0
0.0
0.0
0.0
0.00012473060218550503
0.0
2.4661868279681925e-06
-3.8071524479131114e-11
-0.006233050832497644
3.3530948172143395e-10
0.0
0.0
0.0
0.0
0.0
0.0
0.0
0.0
2.0985953422378134e-07
3.221996292389927e-07
3.221996277787612e-07
1.2620096285014373e-07
1.2620096577796015e-07
4.4840058959599825e-07
7.541724173104509e-07
4.905020111718646e-09
4.905020111718647e-09
0.0
0.00020898958197241882
5.93710027294395e-06
7.597800375000444
0.00011912452490575523
11.726580510217369
-11.726595922027592
-1.540243861684387e-05
0.0
-3.6583944329374706e-10
0.0006362830135468828
0.0
0.00014523421091021271
0.0001538096543083965
0.0
0.0003024350551534324
4.282569520169582e-16
0.0001982515318312684
0.001021988796347166
-0.3058816144436201
0.30670535719312075
-3.2029797650758745e-09
7.002567565325699e-07
-7.002567563653653e-07
1.2818387603329101e-08
0.0009582647547858036
0.0008927392855408965
4.729429933494121e-09
1.0456131943582862e-09
0.0
0.0
0.0
0.0
0.00023056137815991322
7.002567568509286e-07
1.6463302902666943e-05
0.0
2.1285289540247887e-07
1.2818371992369888e-08
-0.00040424989028842173
4.586321625946473e-14
0.0008168968930451376
0.0006286873488811776
2.7238985143293072e-05
0.0006559329767956148
2.7238985143151614e-05
5.681050589883866e-09
0.0
0.0
1.7984504658913518e-05
0.0
3.130798377329544e-05
1.3323346039270454e-05
6.905190335944301e-16
-1.255354524924115e-05
-1.2553545248275298e-05
-8.119878454962763
0.0
0.0
9.857845612734795e-09
9.83645378983476e-09
0.00016968113612390835
0.0001696811361239116
0.0
0.0
0.0
1.2818389445287799e-08
0.0
0.0
0.0
-4.393938251143767e-05
8.723578515237138e-16
-4.2075555449601136e-05
-4.2071403082872125e-05
1.1309276822269818e-14
1.508345071245639e-06
7.73628128158952e-05
0.0
6.23085113336495e-11
0.0
3.220825486998517e-07
3.2208254923867744e-07
1.5083451224082991e-06
0.00013465731134914703
0.00027146713280370375
0.0001346574283143694
7.736281281831414e-05
7.73628128197402e-05
0.00013465731134807294
0.0001346547352665623
0.0
3.319398398347413e-07
3.859178567366126e-07
0.0
0.0
3.512689492920717e-10
0.0
0.0
6.149345366427121e-08
6.149345594271641e-08
0.0
3.071485820477371e-09
0.0
6.14934611894167e-08
0.0
0.0
1.0742283060617714e-06
0.00013465731128844524
1.5083450939325274e-06
6.149346699164732e-08
6.172766519081513e-08
5.7302866846920316e-05
0.0
0.0
0.0007149521292340519
0.0
6.161056904225726e-08
6.149347579272315e-08
2.9937403920987594e-09
0.0
0.0
0.0003998970420258292
1.4906506721796069e-07
8.926922406275255
-8.926922408080236
0.0
8.690786517845596e-06
-0.0005628845559197381
-0.000562884555919814
0.0001977588480863803
7.195921961937121e-05
0.00030261011637932304
9.56293904148644
-9.563027434786832
-8.840281774114212e-05
7.541725325135772e-07
-1.2017311822987153e-05
9.008534483890278e-15
2.2852184313990876e-05
-2.2843025604424052e-05
0.0
-6.346272881430082e-06
0.0
0.0
0.00019775884808641785
0.0007108692178300167
-4.177295867717979e-06
-0.000715056045785604
0.0
0.00032057790870461454
1.888786471552404e-05
-4.749564866497254e-08
-3.81391887593629e-08
0.0
0.0021367450778335536
0.0
0.0
4.8834915265814185e-09
0.0
0.0
0.0
0.0
0.00042384428670066315
5.125269799078447e-05
0.00038043410103255263
9.466746102383077e-05
4.577364941688428e-09
