0
0.0
0.0
0.0
0.0
3.721174336770807e-08
2.685760356701752e-07
0.0
0.0
1.0670954395438829e-08
0.0
0.0
2.039149620524877e-08
0.0
0.0
0.0
0.0
0.0
0.0
0.0
0.0
0.0
0.0
0.0
6.7618698074446175e-09
2.946119841060033e-08
1.7741192070140309e-09
0.0
0.0
0.0
1.0805103838658023e-06
0.0
0.0
0.0
0.0
0.0
1.0106351463418038e-06
0.0
4.53115711128372e-06
1.9702583168719557e-08
0.0
0.0
0.0
0.0
0.0
0.0
1.9570039036814648e-08
4.529529972980274e-08
0.0
0.0
0.0
4.65864475046602e-17
0.0
0.0
0.0
0.0
0.0
0.0
9.679423213120995e-09
0.0
0.0
0.0
9.485682808716106e-09
0.0
0.0
9.72603542772695e-09
0.0
0.0
0.0
2.0705602050212797e-17
0.0
0.0
0.0
9.412012553445803e-09
1.0155169695609534e-10
8.886818139546374e-12
9.95819660705357e-09
6.118450326324763e-19
0.0
5.425857873877435e-09
0.0
0.0
0.0
1.5793502250510906e-21
0.0
0.00011798476075600335
0.0
0.0
0.0
0.0
2.314493024537638e-09
0.0
7.646018746247583e-10
0.0
3.950118473784803e-08
-3.948734559472422e-08
4.2799178922173864e-09
0.0
0.0
0.0
0.0
0.0
0.0
9.426016668661692e-09
0.0
0.0
7.46659644717086e-09
0.0
0.0
7.986874007993755e-07
0.0
0.0
9.876793744261311e-09
0.0
9.608458501459634e-09
6.433872846167121e-19
0.0
0.0
0.0
0.0
0.0
3.5865392264364617e-09
5.688448133679202e-08
1.650748988203367e-09
0.0
0.0
0.0
7.469463316435638e-09
-1.2584865905637302e-09
0.0
9.222266535883719e-09
0.0
4.047982742202445e-09
2.3985070336272135e-09
0.0
0.0
9.359392717545804e-09
0.0
0.0
0.0
0.0
0.0
0.0
0.0
3.787967786470205e-20
1.769920028233769e-10
0.0
0.0
0.0
0.0
0.0
0.0
2.168930408873375e-09
9.822286402866949e-09
0.0
0.0
0.0
0.0
9.151454308607122e-09
0.0
0.0
0.0
3.1653430243581557e-15
5.868690281727859e-09
-2.2406747249634554e-05
0.0
6.370947522306496e-10
3.878611399609719e-08
0.0
0.0
0.0
0.0
0.0
4.032613088714114e-09
0.0
3.036858916800275e-09
0.0
0.0
3.1014380687720445e-09
0.0
0.0
0.0
0.0
0.0
0.0
2.4811456258335817e-06
0.0
0.0001151241115786017
0.0
9.039921317339175e-08
7.951547643169445e-11
0.0
1.7077335451282087e-08
0.0
2.1272038922977078e-18
0.0
0.0
3.9071404039887525e-08
0.0
0.0
0.0
0.0
1.95106162692331e-09
1.985438304077326e-08
0.0
7.242499171301909e-09
3.808143577400621e-09
1.2931793511617502e-08
0.0
3.4322106924952816e-07
1.912364315906565e-08
8.820509859258628e-09
1.0321053120274767e-08
0.0
3.5142937614697775e-11
2.6674603973524184e-08
0.0
0.0
0.0
0.0
0.0
0.0
0.0
0.0
0.0
0.0
0.0
0.0
0.0
0.0
2.2111525295129975e-09
1.4970447520164051e-10
4.3559579139390537e-11
0.0
1.580727430314355e-19
0.0
9.896452082670705e-09
0.0
0.0
2.7124363952829578e-12
3.6105292583885777e-09
2.4803549900393042e-08
1.734723475976807e-18
2.8643838876969037e-11
2.1512974863617816e-08
6.2988642079986334e-12
0.0
0.0
0.0
0.0
6.288324778753889e-19
0.0
-0.000117324582577645
2.5882540113519195e-19
0.0
0.0
2.0555486178261305e-09
0.0
0.0
0.0
0.0
3.571994285308354e-09
0.0
5.860980208518805e-07
0.0
9.455899854318062e-09
9.743543111089753e-09
0.0
0.0
0.0
0.0
0.0
0.0
0.0
5.934032279652993e-09
0.0
0.0
0.0
0.0
0.0
1.084833077892364e-18
1.940471965753799e-08
9.125602096813706e-09
0.0
0.0
9.67309260515644e-09
1.863145237868489e-06
7.218251920308896e-11
0.0
2.449938919870069e-15
0.0
-1.2379183301202016e-08
0.0
0.0
0.0
0.0
0.0
0.0
9.681914148542379e-09
0.0
0.0
0.0
0.0
1.5623076351092813e-07
0.0
9.869455080331367e-09
0.0
0.0
0.0
4.279917846061454e-09
9.89119313597516e-09
0.0
4.6618908154738844e-20
0.0
6.78536675690993e-10
1.137913775488167e-08
9.785767431143222e-09
0.0
0.0
0.0
0.0
0.0
0.0
1.8640023043620907e-08
2.4639999228595555e-08
0.0
6.2729367713755835e-09
0.0
0.0
0.0
9.880414488118025e-09
9.317452389256813e-09
6.6488021414467385e-12
0.0
0.0
0.0
0.0
0.0
0.0
0.0
-1.4297717483313303e-09
-1.0670954468194969e-08
9.879114829577235e-09
9.879114754333604e-09
1.9789773188750768e-08
9.967839041125783e-09
7.616584800596111e-10
9.973339300034176e-09
7.598824064756883e-10
9.945442299935203e-09
9.48087147439909e-09
2.637118137149586e-10
9.945442456113449e-09
9.973340151669895e-09
9.989619904122832e-09
9.987806832012819e-09
9.831523920932755e-09
0.0
0.0
4.377874569320302e-08
0.0
0.0
0.0
0.0
0.0
3.8231635846506325e-08
3.117022893730218e-10
0.0
6.943789596914601e-08
0.0
0.0
0.0
3.4703061974340404e-08
0.0
0.0
0.0
0.0
0.0
0.0
0.0
0.0
0.0
3.107193676565133e-08
1.7169163946435333e-08
0.0
0.0
0.0
0.0
0.0
0.0
0.0
0.0
0.0
0.0
4.851667707123467e-08
0.0
3.089338680545977e-10
9.608458746094423e-09
2.9461199946834573e-08
9.988954808106982e-09
7.373441292827438e-10
9.988036044171201e-09
0.0
0.0
0.0
5.294385826404962e-09
0.0
2.7749835645333737e-09
3.6768884840939823e-09
0.0
0.0
0.0
0.0
0.0
0.0
0.0
-2.0061898729583605e-08
2.9461198883165078e-08
0.0
1.9849695680677865e-08
1.9938136121285867e-08
1.9978577574623496e-08
1.9975845742760518e-08
-6.47169798525799e-10
-4.082320072243704e-10
0.0
-9.89361126357835e-09
0.0
2.774812372929869e-09
3.6767171908100135e-09
-8.704938380239374e-09
0.0
-6.813025657641258e-09
0.0
-6.811655369413211e-09
0.0
0.0
0.0
0.0
0.0
2.774641155623406e-09
3.6765458539246734e-09
0.0
0.0
0.0
0.0
1.9783695242000846e-08
0.0
9.981390071096081e-09
9.904253119721938e-09
0.0
0.0
0.0
4.094031390237439e-08
0.0
9.7170115771913e-09
7.562200939838102e-10
-1.0419121851526876e-06
-1.080510383875174e-06
-1.0805103838676389e-06
0.0
9.260949371654942e-09
0.0
-5.415245354424343e-10
0.0
6.439320829704647e-08
0.0
9.197574209793233e-05
9.869578023402509e-09
8.677281513719227e-08
4.124888616991882e-09
0.0
0.0
5.553970041447222e-06
0.0
1.9789773121042164e-08
0.0
1.5540487256744904e-17
4.130302401688611e-06
6.451817139185873e-08
1.139019864564118e-08
7.038487759270563e-10
9.66556383741531e-09
-7.941105103353996e-09
0.0
-3.394965663676941e-08
-4.236908265323105e-08
-3.8226563941739144e-08
-4.746580307987236e-08
-2.7032764882777475e-08
0.0
4.5459653313489826e-10
4.4438517343703475e-10
-3.2142146011437944e-06
-4.5311571112948275e-06
-4.531157111314736e-06
1.9457432104384577e-15
0.0
0.0
1.9663711480999895e-07
1.9702583168846844e-08
9.802460287922088e-09
-1.035720226611635e-08
1.990793460959009e-08
7.097667086535539e-10
2.701441176395644e-08
0.0
2.9813692155832634e-08
6.795206068586941e-10
0.0
0.0
0.0
0.0
0.0
2.698637524277151e-08
0.0
9.913765787524368e-09
9.91376514457705e-09
9.937057675515032e-09
9.937057227629048e-09
9.931929582709755e-09
7.051528841386872e-10
9.931930127812785e-09
0.0
4.2687962886756026e-09
4.334018765595783e-08
3.292826548514409e-08
3.8226554453053583e-08
4.562024980003798e-08
0.0
-3.4705087018708036e-09
-8.903500060419778e-08
0.0
1.9570038732740692e-08
-7.041756411881159e-13
7.039938033472283e-13
2.541592316819644e-05
2.5406170337434916e-05
9.179124591691403e-09
8.878801272094733e-10
0.0
0.0
2.4291849738164663e-09
9.168188967857408e-05
3.6228455420969275e-08
1.185718798399752e-08
1.7092814944969387e-13
0.0
-4.5295299521547205e-08
4.52952993131428e-08
-1.0075595248619378e-06
6.577548991788039e-09
-1.0009822501640125e-06
0.0
0.0
0.0
1.292248099176638e-07
9.98835796511095e-09
9.988355028898343e-09
2.515721781418207e-10
2.2088268413676513e-10
7.990526684764632e-09
0.0
0.0
0.0
5.195327494816475e-09
0.0004896216794817652
-0.000489581722077175
9.98967117360472e-09
0.0
0.0
9.972248008981781e-09
9.975200063980228e-09
0.0
1.0708467757367276e-07
1.1852547323567767e-08
-4.277420307095484e-10
3.8056840147567363e-10
0.0
1.1362527945628165e-07
0.0
0.0
1.5324872032170644e-08
1.6292263591427477e-08
2.1375140925325592e-08
0.0
0.0
1.0875114065098034e-08
0.0
1.8597562944265408e-09
1.1396478771428628e-08
0.0
2.4639999204363e-08
0.0
9.969871757720507e-09
7.823771484477561e-09
0.0
2.834603954662352e-08
3.861034073802132e-09
3.327381234499105e-07
1.625943312090229e-08
0.0
8.221728613765392e-09
4.6586351498285046e-17
3.721103864567704e-08
-1.735049891968961e-10
3.805605796717749e-10
0.0
2.151520048986176e-05
8.888735519204518e-10
7.021962278686097e-10
0.0
2.4062361850973047e-08
-2.7227407758088906e-08
7.367643469456162e-10
2.0748143947065326e-08
-4.685697183536529e-08
3.474599223447936e-09
0.0
8.400929930470234e-08
0.0
0.0
8.539916351965746e-07
-8.419880986122717e-07
1.723977190800558e-08
9.9074543316073e-09
5.125304655619426e-10
4.5814266147622094e-09
1.0437692799044534e-08
0.0
0.0
0.0
0.0
0.0
-9.679423305626947e-09
2.587254938786605e-07
2.5872549175081116e-07
9.974484158798868e-09
9.97448195594061e-09
-4.579476682057457e-10
0.0
-9.679423213117396e-09
0.0
2.2944566035334304e-10
1.9611967877652275e-08
1.9611967836189218e-08
1.6633613575855684e-08
5.487449596322416e-09
1.6538858788342318e-10
0.0
0.0
6.353047211639334e-08
1.4820256588725143e-08
0.0
1.9845697058146552e-08
9.931930745727759e-09
-6.147888674705322e-10
1.2149938895676485e-11
0.0
0.0
3.000789598606134e-08
9.967185599130505e-09
7.612010384139117e-10
9.976835708248128e-09
1.7049317237513095e-08
0.0
0.0
5.553970040131188e-06
0.0
1.5139005644075958e-08
1.513899992171632e-08
5.677529887134774e-15
7.824789500212927e-16
0.0
0.0
3.0451584237258546e-09
0.0
3.4260397392921137e-07
0.0
8.733505206748098e-09
5.8084152914673655e-09
0.0
0.0
5.5347205960990186e-09
9.13392857046034e-05
4.554952369080092e-08
3.123682160685503e-09
0.0
0.0
-9.485682808891074e-09
0.0
3.0245271772655475e-08
0.0
3.6206258766707367e-08
4.593229418975735e-08
3.620625869973766e-08
3.6206258762080714e-08
3.6206258734391816e-08
1.3377556269613102e-16
1.3381365833060967e-16
0.0
-1.0691738125840353e-08
0.0
-9.485682808674234e-09
-8.02128814758607e-11
2.4559784937585392e-08
0.0
1.2615331194999803e-06
-7.103725947281545e-10
0.0
0.0
0.0
1.2333640870614761e-06
7.499539003574049e-10
3.945340093337922e-08
9.934999405757072e-09
9.934999501650312e-09
9.934999479403826e-09
9.346059307103693e-10
0.0
0.0
0.0
0.0
0.0
1.6024714423810514e-08
7.055920988158142e-10
2.0722809370704455e-17
-2.065405138584886e-17
0.0
0.0
-3.94534014711706e-08
0.0
0.0
1.700340599189369e-08
0.0
0.0
1.2602373870142043e-07
0.0
0.0
2.1752545241299337e-07
0.0
0.0
-1.8572959229433417e-07
9.939237185022098e-09
1.7238291400954402e-17
0.0
-1.957584229436769e-08
0.0
8.271501383681272e-08
0.0
0.00020827030464762146
2.0848424098112835e-09
0.0
1.3410169675590033e-08
0.0
0.0
0.0
0.0
1.185272388218568e-08
0.0
9.799251439479226e-09
9.841394153364929e-09
6.167699490347941e-10
0.0
0.0
0.0
-1.9638374252296605e-10
3.418735352831181e-09
3.418735350396067e-09
0.0
0.0
0.0
0.0
-1.0155169694254281e-10
2.039149622591239e-08
0.0
2.7994343554968264e-09
0.0
0.0
0.0
0.0
0.0
-9.962653067190736e-09
2.9461200598480475e-08
-2.786952558071508e-07
0.0
0.0
0.0
2.0380906141235904e-07
-6.118224857136218e-19
1.9437711588059386e-07
1.3947292116794347e-06
0.0
3.544496664335871e-08
0.0
0.0
0.0
0.0
0.0
0.0
3.18675828727199e-09
1.4072604004667474e-12
1.4077907649546098e-12
1.4085220156822483e-12
1.4090030564783355e-12
3.0007894654762734e-08
6.653952369041002e-10
0.0
2.35335753228331e-08
-5.425857872522785e-09
4.032613073919315e-09
8.453186340330719e-09
0.0
6.23732091697496e-11
9.965101665230285e-09
9.965100501576425e-09
0.0
0.0
4.018395599632316e-05
4.019390695455578e-05
7.237911039637056e-10
0.0
0.0
0.0
0.0
0.0
0.0
0.0
4.334936399457624e-09
-2.7628887951363507e-09
0.0
0.0
0.0
-8.543551536043225e-09
-9.879240162047331e-09
0.0
0.0
-1.0155169576347295e-10
0.0
7.144904834173204e-10
2.2641931989351595e-08
2.2641931989353808e-08
-0.00011798476075600305
-0.00011267894662656073
0.0
5.541888171463738e-07
0.0
5.443224260024454e-07
0.0
0.0
0.0
0.0
0.0
0.0
1.5402903509176867e-08
0.0
0.0
0.0
0.0
0.0
0.0
0.0
0.0
7.144415258365016e-09
3.1717385879162507e-15
1.0284183898932588e-08
7.645987092941319e-10
-3.0158369302072717e-10
0.0
0.0
0.0
9.437438854419003e-10
0.0
0.0
1.8679258286620135e-08
3.1678982331947636e-15
0.0
0.0
2.537612696958507e-05
0.0
9.825298071369288e-09
6.007342139163051e-10
0.0
0.0
9.600084360743464e-09
1.8455438180291217e-09
3.3517662773396655e-08
0.0
0.0
0.0
0.0
0.0
3.005412737720465e-08
0.0
9.581067445711021e-09
-2.9920117292168286e-08
5.175501261363013e-17
0.0
0.0
9.905515932398032e-09
9.90551528111803e-09
6.792833398233635e-10
9.69673781013526e-09
7.110088625647336e-08
9.696737097282425e-09
9.69673638227201e-09
0.0
2.4532666903132653e-15
0.0
0.0
0.0
0.0
9.471287379489608e-09
0.0
2.5601732066314993e-07
0.0
0.00023440332847918298
4.9139541219464726e-08
0.0
0.0
0.0001176027781106799
-0.00011756296241254821
7.092356239197718e-10
1.7379682183779502e-06
-1.3662216431098343e-08
5.577499154423469e-10
9.781391140271901e-09
0.0
0.0
-1.4423767254522293e-07
1.9980054060300482e-08
9.989529908133177e-09
0.0
9.018304822411454e-10
0.0
1.5908462298019362e-06
0.0
1.4288837799496512e-09
0.0
0.0
9.90929466607171e-09
7.625415178823842e-10
9.480872867527313e-09
2.0504581686139482e-08
-6.04051543451241e-10
9.831523682938328e-09
-2.0391496215576145e-08
1.4020876131338877e-06
0.0
2.975117460433217e-08
0.0
3.2299352395374796e-07
1.8015313663207498e-08
0.0
0.0
0.0
0.0
9.965102710730764e-09
-9.426016668698418e-09
7.452541962072531e-10
0.0
3.37078533497117e-08
1.9936982401135553e-08
9.964110277973712e-09
0.0
9.406847878443363e-09
3.1797353374109006e-10
9.53635202888647e-09
1.63116204037903e-08
0.0
1.9133428728326006e-10
0.0
7.604150666361619e-10
1.9977251939460965e-08
7.609546842065093e-10
1.978368918686968e-08
0.0
0.0
1.2641478405497475e-05
-7.986874007756523e-07
-7.986874007517592e-07
-1.937814146760489e-10
0.0
0.0
0.0
0.0
0.0
0.0
1.358243378505182e-07
0.0
0.0
2.2891670731473805e-11
2.2900360419519644e-11
2.2897846230685267e-11
-1.5265904859673718e-11
-5.970022043453975e-15
0.0
0.0
3.7038585857676595e-09
7.438925051315604e-10
5.936809789806017e-09
0.0
0.0
3.721174319458663e-08
0.0
0.0
-2.8275992658421956e-15
0.0
0.0
9.98880267388813e-09
1.9976858054978995e-08
9.988051028614331e-09
1.953481567295123e-08
0.0
0.0
3.176326742713607e-10
0.0
1.496972777575208e-11
9.82246791645132e-09
1.9028588700246547e-08
0.0
0.0
6.511573821211002e-10
-1.22514845490862e-17
-6.511574003668128e-10
0.0
0.0
0.0
-9.608458501064732e-09
4.8529972959258364e-08
5.800228826371109e-08
0.0
0.0
1.2110365973546677e-06
9.756438071710546e-09
0.0
0.0
9.988199147041755e-09
0.0
-4.801480463691046e-09
0.0
-4.5175245728055214e-10
9.450745431001746e-09
-1.1008994034758167e-09
9.939728704851493e-09
9.918133295037804e-09
0.0
0.0
4.407927946256641e-08
1.9770131400661933e-08
6.268773167079901e-10
1.3590552269330106e-07
3.1880320879295146e-09
0.0
0.0
0.0
4.331277405952212e-09
0.0
1.5871940931782648e-10
0.0
5.50113165170762e-09
0.0
1.4152229752595256e-08
0.0
0.0
3.2748166506199456e-09
1.2201406635889956e-08
0.0
1.3525182348547904e-08
0.0
0.0
1.0067222793392703e-09
0.0
0.0
2.8529581604948617e-09
0.0
2.275503835620858e-09
0.0
2.9383262440855298e-09
0.0
0.0
0.0
0.0
0.0
0.0
0.0
0.0
-4.268799472592195e-09
-3.389698455047608e-08
-4.2369076337970234e-08
-4.767964213524918e-08
-3.801316971732669e-08
-2.7032758625703377e-08
0.0
1.5444019136562011e-06
1.5280902934212912e-06
0.0
0.0
0.0
0.0
0.0
0.0
1.75156089822295e-05
0.0
0.0
1.1795757879184436e-08
0.0
7.617357621523866e-08
0.0
-5.688448128581112e-08
0.0
-1.6507489863190237e-09
4.581426704479939e-09
4.58142665991923e-09
1.3168225157718133e-05
0.0
9.793506841121047e-09
5.696107819855311e-10
0.0
0.0
3.667572599096475e-08
9.40991838981615e-09
0.0
0.0
0.0
0.0
0.0
0.0
0.0
0.0
5.123774662697211e-07
1.432863424267882e-09
0.0
9.721949081314103e-07
0.0
0.0
0.0
0.0
0.0
0.0
5.458951259110317e-07
0.0
0.0
0.0
0.0
0.0
0.0
5.889386914836298e-09
9.499913431376596e-09
9.499913366378676e-09
0.0
-4.9947258721621196e-08
-9.79975727134633e-09
3.916024278378413e-08
3.4481749472067575e-09
3.4481748893478154e-09
3.448175078801796e-09
0.0
5.324910120176907e-06
0.0
0.0
0.0
0.0
0.0
9.79057011646944e-09
0.0
0.0
0.0
0.0
7.691573393748991e-09
9.97193744668646e-09
9.971937784865819e-09
0.0
0.0
0.0
0.0
9.089324553769271e-09
0.0
0.0
0.0
0.0
0.0
0.0
1.635633807068714e-07
0.0
0.0
1.4143977827011924e-08
0.0
0.0
0.0
0.0
0.0
0.0
0.0
4.263793513488869e-09
0.0
0.0
1.9451786603886966e-09
0.0
0.0
1.9451786598177054e-09
0.0
7.697389973268669e-09
0.0
0.0
0.0
0.0
0.0
0.0
0.0
0.0
1.2737041492178345e-07
3.4768879416399236e-08
3.242785909301042e-07
9.85934213118966e-09
0.0
0.0
0.0
0.0
0.0
0.0
6.183626009969008e-09
0.0
1.1404860173424935e-06
-1.6338926739356552e-16
0.0
9.576120344575482e-09
5.298495163955585e-06
1.164712574831244e-06
0.00016150252645244097
0.0
1.979664909556927e-08
9.927934412820148e-09
1.9796649307997746e-08
9.868715014457571e-09
6.432466075670374e-10
0.0
9.114193749324914e-09
1.0139772892794257e-08
0.0
9.235478547078255e-09
5.2925242787109485e-06
0.0
0.0
3.4481750050760485e-09
2.5606435602025196e-05
1.8091618570657245e-08
0.0
9.913250938230547e-09
8.85652164374568e-06
8.8565216437457e-06
0.0
9.729426927057188e-09
0.0
-1.7699207138961726e-10
-7.242143548210405e-10
0.0
1.552350694535864e-08
1.2744306770872757e-08
0.0
2.530088108101284e-08
6.966569957551964e-09
0.0
2.5580501773447968e-08
0.0
0.0
9.458471082746112e-09
-1.4155923632834802e-07
0.0
0.0
0.0
0.0
6.324912400470585e-10
1.4627976581286783e-07
9.778215547592145e-09
0.0
7.036383527650422e-10
0.0
9.926429895244104e-09
0.0
0.0
0.0
1.798751274085048e-07
2.157738484806413e-05
0.0
9.132396898558334e-09
0.0
1.9668947389143084e-08
9.763881200148855e-09
-5.97786406976093e-10
9.642518252316971e-09
9.382783990365714e-09
9.406847971556558e-09
9.382784067076127e-09
9.382784142058102e-09
9.406848075908264e-09
9.406848178010463e-09
9.642519671615446e-09
4.218355642329585e-10
-9.757336264234602e-09
0.0
1.6885766720687678e-09
0.0
0.0
-9.151454308844445e-09
0.0
7.250829813372445e-09
1.4039712497065271e-09
0.0
8.216535278871624e-09
0.0
9.933191850223801e-09
9.933191231037043e-09
9.866199942204111e-09
6.407829890543502e-10
2.4906609594574938e-05
-1.4619880924128559e-09
0.0
0.0
0.0
0.0
1.2680252231694217e-09
0.0
6.644279320958905e-06
1.8483446929459204e-10
0.0
3.663510641170691e-08
-9.614130477440382e-09
0.0
0.0
0.0
0.0
5.439401982986164e-06
7.57119730555617e-06
3.892457413256636e-07
9.540979117872439e-18
1.051043422996679e-06
1.0608248104798917e-06
9.781387517874066e-09
0.0
5.502330562435827e-09
9.005423288763255e-09
0.0
-6.370948377076749e-10
-6.370947953221462e-10
0.0
0.0
0.0
0.0
6.574595733084368e-10
-9.632729165141657e-09
-3.8786113995895044e-08
0.0
1.8608854875923213e-07
2.1160120018956864e-05
-3.742494222195953e-08
2.2453623543030052e-05
3.8374341074716157e-07
0.0
3.9581331075249447e-07
0.0
6.203451621028014e-09
7.247237645248645e-10
-9.151454447486797e-09
0.0
0.0
0.0
4.0654677608335594e-06
-6.540457826463073e-06
0.0
3.748460248422446e-09
0.0
9.726255056452353e-09
4.474048287876459e-07
0.0
0.0
0.0
3.6282399955162267e-08
0.0
9.953203119333898e-09
0.0
9.735194788328128e-09
9.73519480751173e-09
5.532917686107363e-06
0.0
5.860610242410955e-09
0.0
0.0
5.317785243081046e-10
0.0
1.741814425771287e-07
9.891407698123245e-09
-3.0368590350771107e-09
-3.0368589751139543e-09
2.7194064850742145e-07
0.0
1.5157154551044197e-08
0.0
1.678529111757887e-08
0.0
6.02558523020956e-09
0.0
-3.101438106334342e-09
0.0
1.4765944480303472e-08
0.0
4.751684026175866e-11
-4.5598735026202754e-08
0.0
1.3401910298921397e-05
0.0
0.0
2.1169252771011112e-08
0.0
0.0
0.0
0.0
0.0
0.0
0.0
1.2801085433738317e-08
0.0
7.60588641107445e-10
2.0049175499590464e-05
0.0
0.0
5.741208376114817e-15
0.0
1.921955654232737e-08
8.602317390753005e-08
4.703488287902718e-08
0.0
1.9722417269031905e-08
2.1967865495215525e-07
5.828141455016362e-08
0.0
1.937520772593293e-08
3.1600655167821594e-10
1.1242479221170054e-07
2.9900283617630475e-07
3.9952339959721157e-08
9.987963526126437e-09
0.0
0.0
7.602657066032524e-10
1.02474600733747e-07
0.0
2.01165602335742e-08
0.0
0.0
7.494889740751294e-10
0.0
0.0
0.0
0.0
0.0
0.0
0.0
1.4414292987196375e-07
6.253684092689316e-08
5.056686815896485e-07
0.0
7.557538952412207e-10
9.112380608499689e-09
-1.8972538779068147e-08
7.25082971951823e-09
1.9813575218193756e-08
4.293254640685973e-10
-0.0001151221805959328
-0.00011729535240374194
0.0
9.039921312887668e-08
-9.039921315125766e-08
0.0
9.264270449896702e-09
0.0
-4.268802644593998e-09
-4.334019397846247e-08
-3.292827178834964e-08
-4.767964529258143e-08
-4.746579991056391e-08
-2.7032761739885246e-08
0.0
1.9783692201833375e-08
6.236881320379744e-11
0.0
-6.761869808790408e-09
-9.21674083294256e-09
4.6924626925065816e-08
0.0
0.0
9.547558486138187e-09
2.1001190258645326e-13
0.0
0.0
0.0
0.0
0.0
0.0
0.0
2.1278940942373332e-05
0.00013532551267559354
0.0
-2.9562929847737882e-08
0.0
1.5450116588073927e-09
-2.1277467635028025e-18
0.0
0.0
0.0
0.0
2.279828311007846e-09
7.901576902491752e-09
4.162690381223873e-09
0.0
0.0
8.097123086479187e-13
0.0
9.920203317441076e-09
0.0
0.0
4.1626904831620136e-09
0.0
0.0
-0.00021884088263998853
0.00011340593398766868
0.00010543494865228546
2.962471674652315e-08
0.0
0.0
0.0
1.569750710041532e-07
-2.963934470297567e-08
9.426319782823521e-07
0.0
0.0
3.34378245372428e-08
0.0
0.0
9.985822305819906e-09
9.985824530982235e-09
-2.4731883797184036e-06
0.0
2.2266601800719505e-09
0.0
3.8300808200633796e-11
0.0
0.0
2.5425775675558813e-05
-1.283434176670888e-09
0.0
0.0
0.0
0.0
-3.830963729210498e-07
3.346179271726868e-07
9.818087457619251e-09
9.818087488085332e-09
0.0
0.0
0.0
9.691685645425024e-09
0.0
0.0
1.377587735562364e-08
3.964368056053047e-09
9.388607894493192e-09
0.0
7.599591459042193e-10
0.0
0.0
-1.9510616457668794e-09
9.444825291908099e-09
9.750830578635713e-09
0.0
-1.9854383040816638e-08
0.0
2.8078784919838718e-08
7.659478769655799e-09
5.175424855878007e-10
1.2606400716801004e-08
0.0
0.0
0.0
0.0
0.0
0.0
1.2737268322372082e-08
1.2737268324838659e-08
6.413648677510384e-10
-4.69946533448206e-10
0.0
2.4254338341031685e-09
0.0
0.0
0.0
9.934999153515986e-09
0.0
3.587334545440303e-06
3.5826444053640783e-06
-3.80814357825443e-09
6.120114292287108e-08
1.5153864727738993e-06
-3.3362037712975336e-07
-3.4322106928861423e-07
1.957003812111146e-08
0.0
0.0
1.0775493150478952e-08
9.972644662977967e-09
9.972647730468542e-09
7.42493157647015e-10
9.970054894669142e-09
0.0
1.9156069976687857e-06
3.071820190790671e-08
1.919808685105248e-06
-8.941013313756721e-09
-9.879114675620526e-09
1.0943142124189229e-08
-1.9123643113516664e-08
0.0
1.3438144785493655e-05
0.0
0.0
0.0
0.0
-4.2915045454932385e-10
0.0
1.340191029702432e-05
0.0
7.951547547424246e-11
0.0
0.0
0.0
0.0
2.3905730400714393e-09
8.799937896773125e-09
3.5108635854560145e-11
0.0
-3.5142816066056903e-11
0.0
7.461810982036334e-10
0.0
0.0
1.0259707236077168e-08
0.0
0.0
1.551967976377841e-08
1.738307330521104e-08
0.0
0.0
1.317495368318307e-08
0.0
1.575809303207032e-08
0.0
0.0
4.797522723734255e-09
0.0
0.0
2.3522260768825222e-07
0.0
0.0
0.0
0.0
4.377874577119745e-08
0.0
0.0
0.0
0.0
9.636978980392061e-09
2.4533906453929946e-10
9.690428984081786e-09
8.216566655553987e-09
9.75802945468439e-09
7.039906431539697e-09
4.369327504358888e-09
0.0
0.0
0.0
0.0
0.0
0.0
0.0
0.0
3.2832353081374034e-09
5.164674625788846e-10
0.0
6.942656429134651e-08
0.0
0.0
1.212137363656941e-08
2.6174032051018117e-09
1.0417312107840063e-08
7.837616498616328e-09
5.0747912793204636e-08
3.4044512817078105e-08
4.5693328185995e-09
4.801480026073168e-09
2.0391497063393183e-08
2.64761544629638e-17
0.0
6.7681926588491525e-09
4.5374151180764386e-08
-2.6674604036902008e-08
3.800828309626982e-09
3.800828319694147e-09
0.0
1.488472766896442e-09
8.931441519321789e-08
0.0
9.864394641864517e-09
9.864394783977153e-09
9.864394923646139e-09
0.0
0.0
1.3701680688294563e-10
9.95895108295175e-09
9.951271135355807e-09
9.951271183596912e-09
9.755202114380957e-09
9.755202143933353e-09
9.954758292036469e-09
9.954758324296155e-09
9.88390707023686e-09
1.4518931332207473e-16
9.883907242418285e-09
0.0
8.818625255556192e-09
0.0
9.876487291199387e-09
6.634813674072007e-06
1.321887563078264e-08
9.06554582684668e-09
9.065545918118811e-09
6.330922322681431e-10
9.803249736916067e-09
5.791488868747667e-10
9.803249596742019e-09
3.7148122766229927e-09
0.0
0.0
-1.5594450949865598e-09
0.0
0.0
0.0
1.2359344683642802e-08
0.0
0.0
0.0
0.0
9.909158399678527e-10
0.0
0.0
0.0
3.16741702139444e-08
0.0
0.0
3.1364955733780474e-05
0.0
0.0
5.827801052895115e-08
0.0
3.1853157283944694e-09
3.1860584609663134e-09
0.0
0.0
1.6885766933841153e-09
9.83811127973789e-09
9.838006451157177e-09
3.187415852206055e-09
1.271030950988971e-08
3.484004334508862e-18
3.469446951953614e-18
0.0
0.0
0.0
0.0
-4.355982241577294e-11
0.0
0.0
0.0
0.0
0.0
0.0
0.0
9.73083484525891e-09
0.0
0.0
0.0
9.764770011498828e-06
0.0
-1.5594448823626553e-09
3.880551340737977e-06
3.880551340738136e-06
9.924001172899525e-09
3.166811251237937e-08
0.0
0.0
0.0
0.0
0.0
5.404851015505073e-10
4.9588021197978735e-08
3.061496425353499e-08
0.0
0.0
0.0
0.0
2.287109523766841e-08
0.0
0.0
1.031126224541911e-07
4.445114170189201e-08
0.0
1.779328713833039e-08
0.0
-6.704083198153814e-10
1.779328410101675e-08
0.0002784506676343619
0.0002784603286284602
0.00013533497831097222
1.4884728834177607e-09
0.0
0.0
0.0
-1.3486101124726702e-11
0.0
0.0
0.0
0.0
0.0
-2.7124364469519676e-12
0.0
0.0
0.0
0.0
-5.769557699153438e-06
0.0
3.510086377482165e-09
0.0
0.0
0.0
2.946119935691802e-08
0.0
-3.6105292646154523e-09
0.0
5.301381650968754e-06
5.301381649190085e-06
0.0
3.721174331397251e-08
5.548565255974091e-16
-1.5426166367341757e-08
-2.4803549901475375e-08
9.573965493139037e-10
0.0
0.0
0.0
0.0
3.9623855061982546e-05
0.0
0.0001610199635862542
0.0
3.4229675245555535e-07
1.0800581968129606e-07
0.0
0.0
0.0
1.273010049258772e-07
1.0801477428869931e-07
0.0
1.943283437753118e-08
0.0
0.0
0.00017584894153871677
0.0
-1.782157321023048e-18
1.0606625938730724e-06
-2.9894053759719127e-08
1.9118398802697723e-06
-2.016249212033472e-08
-2.1861277064172684e-08
1.5548428497491606e-07
-3.624789652397105e-08
-1.5655850002299285e-07
-2.1512974587559615e-08
-3.3712477300339885e-08
0.0
0.0
4.213760845504635e-07
-6.2988646461264254e-12
2.7697181492473444e-07
1.3455153767311097e-07
0.0
1.0124511989494819e-08
0.0
6.683752907713918e-09
3.2502900692651295e-09
7.072181477339425e-10
0.0
-3.6826303584282183e-10
0.0
0.0
2.0326578988147917e-08
9.940052881490802e-09
0.0
0.0
0.0
0.0
2.157369948879495e-08
9.960317947808536e-09
0.0
0.0
7.730842529945177e-08
8.681639021122397e-08
9.92042459291298e-09
9.92042458776302e-09
0.0
0.0
9.986002485180803e-09
0.0
9.987884404964943e-09
0.0
9.98880482990538e-09
9.918133346452396e-09
0.0
5.9026025251812407e-08
1.3770870112618466e-08
9.972871286113219e-09
0.0
9.941463553736538e-09
1.2664464023588967e-07
9.939728591913346e-09
1.3478857933421804e-07
9.990521239659376e-09
1.3833431252447438e-09
9.98915288187133e-09
0.0
9.98835049245898e-09
0.0
9.988527730271215e-09
0.0
0.0
0.0
0.0
0.0
5.868690263762052e-09
1.6065340332007592e-07
0.0
0.0
0.0
0.0
0.0
0.0
0.0
0.0
0.0
0.0
0.0
8.236889981276174e-07
0.0
0.0
0.0
0.0
0.0
0.0
0.0
0.0
0.0
0.0
0.0
0.0
0.0
0.0
0.0
0.00011732458257764574
0.00011733694128485898
3.3840070183649804e-07
0.0
-7.103757172749369e-10
5.233919761057113e-09
9.91755863631143e-09
0.0
9.173969213865557e-11
0.0
0.0
0.0
0.0
0.0
4.514222891295821e-11
3.0760619144485196e-11
0.0
0.0
9.717123985838815e-09
0.0
0.0
9.736677748219675e-09
0.0
5.588421561926965e-11
8.84844666454007e-09
0.0
0.0
0.0
0.0
1.0717683696708296e-08
0.0
9.959542780768604e-09
9.822318907655559e-09
6.079579699199629e-10
1.4916126320208e-10
2.6857603565548196e-07
0.0
1.978368312831868e-08
1.978368615966739e-08
1.64034571887719e-08
0.0
0.0
0.0
2.455045576182526e-08
0.0
0.0
0.0
0.0
1.0437692856294594e-08
9.926004606116865e-09
1.9783676977385845e-08
1.9783673890790847e-08
0.0
0.0
0.0
2.663514492811022e-09
0.0
2.124809561311183e-10
0.0
1.6002760143165002e-06
0.0
0.0
0.0
4.097307636219446e-09
0.0
0.0
0.0
6.536226071367489e-09
2.1651815083146595e-08
0.0
0.0
1.4414293279310973e-07
3.373706200287239e-05
1.422313314433162e-08
0.0
0.0
0.0
7.848901738966273e-09
3.496601074431263e-08
0.0
2.655682731450858e-09
5.597363706375015e-08
6.343389889876518e-09
0.0
9.857669490121177e-09
9.857669058074457e-09
-3.2339542415521505e-09
0.0
8.105881629249754e-10
0.0
0.0
0.0
0.0
0.0
0.0
0.0
0.0
2.670796627110095e-07
0.0
0.0
9.81534913112661e-09
7.406632795738663e-06
6.493152677410614e-08
-2.491636127705289e-05
2.1587133279167076e-05
0.0
-1.749070830360938e-05
1.3826476007169983e-07
0.0
0.0
0.0
0.0
0.0
6.606334327594399e-09
0.0
0.0
0.0
7.619578168105832e-09
0.0
2.4192090928831267e-10
0.0
9.497601220377233e-12
0.0
2.769546354576741e-07
0.0
6.264866820507077e-10
6.606333984905253e-09
1.7149765838672811e-10
0.0
0.0
0.0
0.0
0.0
2.67565027432566e-07
7.232821380341459e-09
0.0
0.0
0.0
8.020407378925889e-11
7.265692452158285e-16
0.0
0.0
9.924000606836276e-09
2.428995354467967e-08
-5.957270969002564e-07
0.0
0.0
0.0
4.3778745617122866e-08
0.0
0.0
0.0
0.0
0.0
3.823163537175482e-08
3.117016635396011e-10
0.0
6.943789546723593e-08
0.0
0.0
0.0
0.0
0.0
0.0
3.1071936840145876e-08
1.7169164157400734e-08
0.0
7.461810970586619e-10
0.0
0.0
1.0259707349557158e-08
0.0
0.0
1.551968042347073e-08
1.7383073091205e-08
0.0
0.0
1.3174953613648e-08
0.0
1.5758092954418928e-08
0.0
0.0
4.7975227392514086e-09
0.0
0.0
2.3522260776516143e-07
0.0
0.0
2.488252056718166e-10
0.0
0.0
0.0
0.0
7.726128969650926e-09
0.0
2.9461199982812675e-08
9.917226564892193e-07
0.0
0.0
0.0
2.254070977003025e-07
-9.743543111174948e-09
9.743543111229158e-09
0.0
-9.455899854793337e-09
0.0
0.0
0.0
0.0
0.0
0.0
-7.986622727735171e-07
-9.56292374053435e-05
-9.322825392337703e-05
1.2110365974855528e-06
0.0
8.533385641958568e-09
0.0
0.0
8.712239093834208e-09
5.936809855912091e-09
5.936809892732311e-09
5.936809928368681e-09
0.0
9.863562757817254e-09
9.863562866775023e-09
-9.537593825825752e-09
0.0
0.0
0.0
3.8056597159163715e-10
0.0
0.0
-9.769183340535212e-09
1.4464674165696012e-08
9.967184404126946e-09
9.260338312807848e-10
0.0
0.0
-0.00014933613886621358
0.00014935565131738004
7.358033404820176e-10
-9.245632585141376e-05
9.927934532100296e-09
9.927934649725523e-09
-6.535772364505605e-10
1.7150566699548566e-08
2.6294825567323474e-10
3.3243350831918693e-09
1.0765577549896082e-08
6.508413547411034e-08
1.6141232405282045e-08
4.879145188911614e-10
7.406632795496546e-06
6.233846369075249e-10
7.406632795891746e-06
9.848431190945315e-09
1.7150566323361217e-08
2.6294777877447277e-10
3.324334393318361e-09
1.076557747075805e-08
6.508413507968369e-08
1.614123228308215e-08
4.879153521945731e-10
2.254070978400765e-07
5.201650505203719e-09
9.905994856083277e-09
0.0
-1.271595248018266e-06
6.451817074568915e-08
0.0
1.3008244038916148e-06
9.688675501326244e-09
4.739463754788176e-08
1.5135485746560385e-07
-2.6850263005181927e-07
8.363133009549664e-07
-5.619977195691229e-09
4.039534928779176e-09
2.020814012833875e-08
8.154957441751313e-08
0.0
-5.934048477817288e-09
0.0
0.0
0.0
0.0
7.653149032183616e-09
0.0
0.0
1.5104652593118091e-09
4.566297816067516e-06
-1.4824491559230907e-08
2.9461199804397013e-08
0.0
8.143241303493198e-09
0.0
9.783880616907947e-09
3.651538977873098e-11
3.651538980583603e-11
0.0
0.0
9.2997320857884e-05
9.299732085805734e-05
0.0
9.540112508369553e-09
9.540112601812145e-09
0.0
0.0
0.0
0.0
0.0
0.0
1.0437698824811311e-08
-9.401795942470814e-09
0.0
0.0
3.721174302146531e-08
0.0
-1.0061574961692139e-08
-9.125602158686498e-09
0.0
-9.125602162818325e-09
0.0
-9.125602353746327e-09
0.0
0.0
0.0
0.0
0.0
0.0
1.0959202700213984e-08
1.445250822443321e-07
1.3680290117735263e-07
8.351818519159467e-07
1.6616338931922943e-08
0.0
1.2840664947357285e-05
-7.198836682549225e-06
0.0
0.0
0.0
7.7936206537725e-10
0.0
7.793627838351057e-10
7.793635940238128e-10
0.0
0.0
1.1852544367024555e-08
5.024596613970631e-16
5.83315092531673e-10
9.80750540481325e-09
9.80750540318081e-09
0.0
0.0
9.82868897381195e-09
0.0
0.0
0.0
0.0
0.0
2.714052508233315e-09
0.0
2.7140525096394183e-09
2.2915455741046108e-11
-9.907118494710746e-09
3.570984144537749e-08
0.0
0.0
0.0
0.0
-1.891632059652145e-05
1.7082746207875716e-05
-1.8631452375186693e-06
5.889388790755025e-09
0.0
0.0
2.2911551150654736e-11
0.0
0.0
-5.828992828365776e-10
0.0
0.0
0.0
-7.218252037755057e-11
0.0
0.0
0.0
-2.4424906541753444e-15
0.0
3.161431113880332e-08
2.173863496276931e-08
0.0
0.0
0.0
0.0
0.0
9.193524054145804e-09
0.0
0.0
0.0
0.0
4.136871408811932e-06
0.0
2.2902450961013407e-11
2.2907236514447497e-11
4.02172656489215e-05
0.0
0.0
9.924419814418223e-09
0.0001883545700732167
0.0
0.0
-2.153608502908355e-05
9.859342247459622e-09
0.0
9.859342248421041e-09
9.79057012547411e-09
9.790570130985797e-09
0.0
0.0
0.0
-7.313996389406413e-09
6.415611999810895e-06
9.88723736848505e-09
2.34254467687264e-10
6.613845182239999e-10
9.887237695238582e-09
9.450745567643386e-09
0.0
0.0
-4.603851137995019e-10
4.279917887543144e-09
0.0
0.0
0.0
0.0
0.0
0.0
0.0
9.693147195138708e-09
2.95051936176196e-10
0.0
3.7303809409146565e-05
0.0
1.140486016482451e-06
0.0
2.4093264137922568e-05
-2.4071059171856007e-05
7.14851520450703e-10
9.911376293434273e-09
9.911406800083372e-09
1.9575842873010345e-08
0.0
3.4228963643259366e-08
0.0
9.905994371138538e-09
0.0
0.0
0.0
9.34945487901205e-06
0.0
9.376224465235846e-06
9.848904344855747e-09
1.562307635052601e-07
-1.5623076350668175e-07
0.0
6.406845898225847e-06
6.428607288491877e-06
9.429978861014475e-09
1.8436297718138725e-08
0.0
0.0
9.869455183894615e-09
-9.869455031008556e-09
0.0
1.4667855280425382e-07
1.3583959647966538e-07
9.911345767217507e-09
0.0
0.0
2.621609642201045e-06
0.0
0.0
0.0
1.9454176225335765e-08
0.0
1.9454176207778595e-08
0.0
1.956642997939777e-08
9.705914942622468e-09
-3.908926654583311e-10
0.0
0.0
0.0
0.0
9.82141214734525e-09
5.969298374743985e-10
-0.0002188417685291496
4.61150355384842e-17
0.0
0.0
9.879374877504273e-09
0.0
0.0
0.0
-4.013434549976491e-14
-6.785366173014257e-10
0.0
0.0
0.0
-9.785768639858361e-09
-8.533383777376002e-09
5.382696299567666e-16
-1.1809220767506143e-08
-1.1379138328198092e-08
2.7296881245568747e-14
0.0
0.0
9.9001229761851e-09
9.971294259532558e-09
7.437094291386704e-10
0.0
-7.64693471546659e-09
0.0
6.536198316654101e-09
0.0
6.527328861278333e-09
0.0
0.0
6.536199142667033e-09
6.7322455860749885e-09
2.2161747474044272e-10
2.0774041058064724e-09
1.177162061376634e-08
9.900122869231903e-09
9.730599087771907e-09
0.0
9.905066297038902e-09
9.905066203656429e-09
1.959676273736547e-08
1.959676230584614e-08
7.036021917087163e-10
9.906419067265974e-09
9.906418934517783e-09
1.959676149902289e-08
9.930345853601058e-09
-5.342029795447147e-10
0.0
6.536217224549724e-09
0.0
1.959676140245059e-08
1.9578945986890602e-08
2.59452255397631e-08
0.0
0.0
1.196700485997515e-07
1.971308165710651e-10
1.9587853501718442e-08
1.959676072581227e-08
0.0
0.0
0.0
0.0
2.9461200100827502e-08
12.553657285872573
-12.553657304512598
-1.8640022865501482e-08
2.6857603492634387e-07
-1.52634907439252e-08
-1.5263490735890915e-08
2.4875100539034846e-07
1.2189766442345962e-08
1.3197365372179936e-07
0.0
9.684576585643201e-08
6.416284415654327e-10
0.0
8.792537468111229e-09
0.0
0.0
-4.503703016425775e-09
-6.2729367616108644e-09
0.0
0.0
4.418374952140713e-09
2.4875100316886527e-07
0.0
9.984434017735154e-09
1.9386233063301006e-08
9.986000333713982e-09
0.0
0.0
1.062474905125883e-08
9.986106699856005e-09
-6.54702998375519e-10
-6.413708708119352e-09
0.0
0.0
0.0
-1.0395184556662744e-10
0.0
0.0
-6.547029971478225e-10
0.0
6.219751008424862e-08
6.237829934617318e-08
0.0
-6.648802147852425e-12
