0
0.0
0.0
0.0
0.0
1.0473972445858395e-08
2.681219265910649e-07
0.0
0.0
0.0
0.0
0.0
3.061102170369089e-08
0.0
0.0
0.0
0.0
0.0
9.865195463085729e-09
0.0
0.0
0.0
0.0
0.0
0.0
2.0515407471078178e-07
0.0
0.0
0.0
9.52195921845289e-09
0.0
0.0
0.0
0.0
0.0
0.0
3.587046519692148e-05
0.0
0.0
1.949945268421018e-08
0.0
0.0
0.0
0.0
0.0
0.0
4.534286983002702e-09
0.0
0.0
0.0
0.0
1.948988614863313e-20
0.0
0.0
0.0
0.0
0.0
0.0
0.0
0.0
0.0
0.0
0.0
0.0
5.452139637756585e-09
0.0
0.0
0.0
0.0
6.495730823060092e-19
0.0
0.0
0.0
0.0
1.0155338844700969e-10
7.300400060459537e-12
7.889118304323595e-10
0.0
0.0
0.0
0.0
0.0
1.0155106361939628e-10
0.0
0.0
0.0008905741729489352
4.89908606710705e-13
1.243526747461476e-08
0.0
7.754514409116761e-09
0.0
0.0
2.7643588812988176e-10
0.0
2.0657277325883942e-09
0.0
9.380545280774623e-10
3.3100784266745763e-10
0.0
0.0
0.0
0.0
0.0
0.0
0.0
0.0
0.0
0.0
0.0
0.0
0.0
0.0
4.164191239375596e-09
0.0
7.348093630819934e-09
0.0
0.0
0.0
0.0
0.0
0.0
0.0
0.0
8.771798214227188e-09
2.0651161704572416e-09
0.0
0.0
9.588014453532153e-08
-1.3498656414867582e-07
0.0
9.653391509556387e-09
9.33146074798453e-09
0.0
9.555741260478677e-09
0.0
6.879484305106013e-10
9.520447284795931e-09
0.0
3.757608179007556e-07
0.0
0.0
0.0
0.0
0.0
4.834339835131158e-20
0.0
0.0
0.0
0.0
0.0
0.0
0.0
0.0
0.0
0.0
0.0
4.466922467229767e-10
0.0
4.442069169914202e-09
0.0
0.0
0.0
0.0
9.607632851043439e-09
-0.00015800173394815297
1.3211700325539582e-08
0.0
0.0
0.0
0.0
0.0
0.0
0.0
1.902549611550015e-08
0.0
0.0
0.0
0.0
0.0
0.0
0.0
0.0
0.0
0.0
0.0
3.3963962472170566e-05
3.587592010408951e-08
0.0008832833437321575
1.2110804010471078e-08
6.927741449656818e-08
0.0
0.0
0.0
0.0
0.0
0.0
0.0
0.0
0.0
2.741915193156486e-09
0.0
0.0
1.4192151117964176e-09
1.990778569066933e-08
0.0
0.0
3.808120041526308e-09
1.600425652689378e-08
0.0
0.0
0.0
2.087718552623922e-08
1.1906515813484498e-08
0.0
8.629137254168773e-09
0.0
0.0
0.0
0.0
0.0
0.0
0.0
0.0
0.0
0.0
0.0
0.0
0.0
0.0
0.0
7.1796544062168466e-09
0.0
0.0
1.692484399699358e-10
2.4747103578672206e-20
0.0
9.71650395690703e-09
0.0
0.0
2.6497020333746514e-12
9.453104624510065e-09
0.0
0.0
6.732489640135927e-11
2.535562630079694e-06
6.298825444382835e-12
0.0
0.0
0.0
0.0
0.0
3.079607575068722e-11
-0.0008908708472823434
0.0
0.0
0.0
0.0
0.0
0.0
0.0
0.0
0.0
0.0
6.343425792768032e-07
0.0
9.70702843866431e-09
0.0
0.0
0.0
0.0
0.0
0.0
0.0
0.0
7.749249250413495e-10
9.896936742530675e-09
0.0
0.0
2.19229779229211e-11
0.0
0.0
1.9605847066658457e-08
0.0
9.295774827539035e-09
0.0
0.0
0.0
3.478795996610817e-11
0.0
0.0
0.0
-2.2036759622534488e-08
0.0
0.0
0.0
8.438652407130739e-09
0.0
0.0
9.833953198271453e-09
0.0
0.0
0.0
0.0
1.0628474945054614e-08
0.0
9.650527625944467e-09
0.0
0.0
0.0
9.380544585467248e-10
0.0
0.0
0.0
0.0
0.0
4.1924732732383385e-08
0.0
0.0
0.0
0.0
0.0
0.0
0.0
0.0
0.0
0.0
0.0
0.0
0.0
0.0
0.0
0.0
6.648760155717609e-12
0.0
0.0
8.231036807086685e-08
2.5159617333956055e-09
0.0
0.0
3.31100122214177e-08
9.844519619633951e-09
9.844519646691572e-09
9.701238369420428e-09
9.701238385642803e-09
1.9476842653745414e-08
9.988005134578899e-09
9.990691461205328e-09
9.979453620360805e-09
6.481036971293753e-10
9.969401304488201e-09
9.633607326578745e-09
2.97776292408918e-10
9.969402078725974e-09
9.979453075794325e-09
9.990690615165244e-09
9.989658918121e-09
-5.256052494011136e-10
0.0
0.0
0.0
0.0
0.0
4.6325832964403074e-08
1.8636632611005273e-08
6.590907818295307e-09
0.0
0.0
0.0
0.0
0.0
9.17722497022673e-09
0.0
0.0
0.0
0.0
0.0
0.0
0.0
0.0
0.0
1.1523921631037905e-08
3.219665045062866e-09
0.0
0.0
0.0
0.0
2.340432696660555e-10
0.0
2.7677632463843457e-09
0.0
0.0
6.512931417814042e-09
4.8014480791066605e-08
0.0
0.0
0.0
3.6232941101800217e-06
7.348093630310873e-09
2.0515407470844233e-07
6.491776852389975e-10
9.980166444623854e-09
9.989898138816312e-09
0.0
0.0
0.0
1.899573385267657e-08
0.0
6.909369938119309e-09
3.451923286962145e-09
0.0
0.0
8.293435179227726e-09
8.293436348610675e-09
8.293437546879332e-09
9.905898142629441e-09
8.010365983939527e-09
-1.9554197991075166e-07
2.0515407470946242e-07
0.0
1.994173593931935e-08
1.9959618969289026e-08
1.998144057020456e-08
1.997955621889707e-08
-8.941180669225397e-09
-9.128690059510142e-09
0.0
3.1382277336684805e-09
0.0
0.0
3.451922763782212e-09
-5.704090433604654e-09
0.0
8.293434899932795e-09
8.293436056856134e-09
8.293437249559839e-09
0.0
0.0
0.0
3.138227231711018e-09
0.0
6.909368937535282e-09
3.451922246046496e-09
0.0
0.0
8.29343576729803e-09
8.293436954602773e-09
1.98968665753161e-08
1.9647741747967896e-09
6.352207711268052e-10
9.972334236163505e-09
0.0
-1.879888868701489e-10
2.1270973231056122e-16
0.0
4.38812271958372e-10
0.0
6.4250481371931e-10
-3.196555260450481e-08
9.708743687686719e-09
3.71678049016727e-10
0.0
9.706598409103036e-09
0.0
-9.968050163500913e-09
0.0
0.0
0.0
0.0
0.0
6.306340381028784e-07
0.0
0.0
0.0
0.0
0.0
1.9476842628396663e-08
0.0
0.0
5.155705231150699e-05
1.0173855111370948e-07
0.0
6.008282188486885e-10
9.235757280035163e-09
-1.852661363072486e-07
-1.7188577941529282e-07
-1.5353780428545337e-07
-1.3512025291623823e-07
-1.3617344374587686e-07
-1.2877114952472568e-07
-8.522485194298324e-08
5.7071788001896925e-09
9.235757282426046e-09
0.0
-3.279479473848281e-05
9.752264147527462e-09
9.752264149497872e-09
0.0
0.0
0.0
0.1647562532138491
1.9499452684183015e-08
9.537003097838392e-09
-1.0068454108890677e-08
1.992806454944886e-08
9.945885007722408e-09
9.555284837615541e-08
0.0
2.985270108853298e-08
9.9246367001927e-09
1.3153000610497947e-07
1.3153000630098075e-07
0.0
-2.525952553017631e-06
0.0
9.55522431818246e-08
0.0
9.809319521102568e-09
4.706241520095711e-10
9.966339237429288e-09
9.966339357093652e-09
9.934978585542467e-09
5.942818029805963e-10
9.934978414556606e-09
1.8563975915340813e-07
1.7188578242395385e-07
1.6313749310291337e-07
1.3512025570252183e-07
1.361734464216946e-07
1.1741764556658506e-07
5.0569165854340986e-08
4.2033304910164306e-09
-2.2758853069149455e-08
5.591329303205877e-08
4.534287290183913e-09
0.0
0.0
0.00012888339352543077
0.00012888339387762127
-4.638369214208998e-08
4.087040329749986e-09
5.037592238026339e-08
4.107402848608104e-09
2.124484080098559e-08
1.5662650940160762e-08
6.08220355591955e-07
0.0
4.858523141526297e-16
0.0
9.7828920273241e-09
0.0
-0.011545327602005884
0.011509457136809011
-3.58704651969243e-05
6.242882955879449e-10
0.0
0.0
2.121802858991095e-07
9.987535412114461e-09
9.987536256361729e-09
0.0
-0.0016036072766378862
9.809181703304638e-09
0.0
0.0
4.122878365397357e-08
0.0
0.0018553368580052076
-0.0018552968954889046
9.989910967340415e-09
0.0
0.0
9.976647689329836e-09
9.979079879934126e-09
0.0
2.567820187229901e-08
1.2184418366182452e-08
8.647575197237578e-08
0.0
8.64757528442877e-08
2.5066903368871857e-07
8.08306715602679e-09
0.0
2.261779539727597e-08
4.0564192930893577e-08
0.0
0.0
0.0
0.0
7.223648056987788e-08
5.303526299906322e-08
0.0
0.0
0.0
0.0
6.322721934819414e-10
4.180689855143066e-09
0.0
3.967722836057168e-09
2.3315573570614508e-09
1.5665135722292263e-08
2.6335962985540724e-08
0.0
-1.315300059156941e-07
1.9479962129754302e-20
1.047432451601501e-08
-9.751354431070981e-09
7.760664489420247e-11
-7.760574104051727e-11
5.125831058714785e-05
5.666494501024943e-10
9.906902548561776e-09
0.0
0.0
7.644246101498782e-08
9.964816591236797e-09
1.1376528024682945e-08
-5.019394642051193e-08
0.0
-1.7532024262703945e-08
1.8161673832665805e-07
2.374357241439025e-16
0.0
3.3702617869710716e-07
-3.3970999150999724e-05
3.3663427432220836e-05
5.908633384316992e-10
3.949652484250272e-10
0.0
1.989687389261814e-08
3.712918865182294e-07
3.256897366954216e-05
9.129005124695175e-09
4.613615566042439e-09
1.7104827009046973e-09
0.0
2.584609678562186e-07
2.5846096840173403e-07
9.971095938165835e-09
6.29831282563387e-10
1.7104826900167904e-09
1.7104827033691245e-09
0.0
0.0
9.662146550244882e-09
0.0
0.0
1.0864271157046269e-08
1.0470033123532481e-07
0.0
8.20825360088931e-08
0.0
8.751970629716283e-08
0.0
0.0
1.03118752487918e-08
9.934978250350994e-09
-9.863194128707294e-09
0.0
0.0
0.0
3.004748872261676e-08
9.946545515373155e-09
6.495868448658469e-10
6.448965174132537e-10
8.558590406939178e-08
0.0
0.0
0.0
0.0
0.0
0.0
0.0
0.0
1.3886979716960514e-08
6.662537972780137e-09
1.3767955653668914e-08
1.1351712303289815e-08
2.5307885481008405e-08
3.596233194411287e-08
1.8718688268733081e-10
0.0
4.371338463452768e-08
0.0
9.893128732231022e-09
0.0
5.722580239378628e-07
0.0
2.1098574276567916e-16
0.0
0.0
1.6399951878209668e-08
0.0
0.0
0.0
0.0
0.0
0.0
0.0
3.4424853039023228e-18
3.442595476442512e-18
0.0
0.0
0.0
2.9922636297903895e-09
0.0
0.0
0.0
2.1835434339993547e-07
-9.943082435691624e-09
0.0
3.2411914506113616e-16
2.645454754312523e-05
2.6652952496451136e-05
6.344758108100269e-10
2.9602321444414648e-08
9.893556877374041e-09
9.893556886124823e-09
5.535154592247425e-10
0.0
9.287879416431258e-09
0.0
0.0
1.1948840747662998e-16
0.0
1.0489548533457047e-08
6.197368799530554e-10
6.490010508845934e-19
0.0
0.0
0.0
-3.9102677401592345e-08
0.0
0.0
0.0
1.845762611753778e-08
0.0
3.133648772083074e-08
1.0492948504923761e-16
0.0
0.00020658086714896376
1.1446673578677322e-05
8.529552945826387e-07
-0.00021885269590882217
5.615366563860992e-10
0.0
1.9297195866629855e-08
-2.4556965477588732e-08
0.0
0.0
0.0
3.008066175394545e-06
5.074995959214074e-09
0.0
0.0
2.873910585938624e-08
0.0
0.0
0.0
1.2184417141906226e-08
9.309889648816754e-09
0.0
9.863414615749456e-09
9.863458138627008e-09
0.0
1.375398074244823e-08
4.6136154913491895e-09
0.0
9.14036514532146e-09
0.0
5.214669537385219e-15
3.0175989374261162e-15
6.5911870288393405e-15
10.782511844673913
0.0
3.0611021615644006e-08
0.0
-10.782511844572358
0.0
0.0
0.0
0.0
0.0
-9.969142994618261e-09
2.0515407487452037e-07
-2.7823030019150097e-07
0.0
1.6745221744201297e-15
0.0
9.132954277000183e-05
0.0
9.132153945860226e-05
0.0
0.0
0.0
0.0
0.0
0.0
0.0
8.310434994233395e-16
2.3434520135363016e-15
0.0
0.0
0.0
0.0
0.0
3.004748928717034e-08
5.980501676459264e-10
0.0
3.693492912760443e-08
9.206853088564951e-09
1.902549611825879e-08
9.67427359636797e-09
0.0
0.0
9.966943914209573e-09
6.25744193980121e-10
0.0
0.0
6.113836512191267e-05
6.114831911358737e-05
9.953991698090229e-09
0.0
1.0662180340015508e-08
2.7009700598106397e-08
5.673682610537128e-08
6.440308476762042e-09
0.0
1.0586967933208005e-08
2.4701528160971333e-08
1.0662179468533609e-08
2.700969970338002e-08
5.6736825014509556e-08
6.410872851647691e-09
-9.530565235110397e-09
1.0586966777159396e-08
2.4689727902104972e-08
0.0
-1.0155106361939628e-10
0.0
6.383316011389347e-10
-9.077745703679925e-09
0.0
-0.0008905741729489355
-0.0008904489062793175
7.97367099374251e-06
0.0002885912100583681
-4.89908607663617e-13
0.000296564880562202
0.0
0.0
0.0
2.4476407347434393e-09
2.801634092508549e-07
7.686985563004686e-09
0.0
5.562829022380964e-07
5.56282902233949e-07
5.562829022327924e-07
5.640374166443056e-07
5.5628290223505e-07
3.1910809025067203e-15
0.0
0.0
8.147903871292054e-10
-1.0364972768961422e-15
2.432069012417104e-10
2.764355829746462e-10
0.0
0.0
0.0
1.1197271235172363e-05
11.84227190007635
0.0
0.0
-11.842283088318
0.0
11.842283097624021
0.0
0.00012884362738969037
0.0
9.956084733770825e-09
6.150558727592147e-10
3.3231872086475373e-11
0.0
9.055462704178358e-09
1.7682924146856193e-09
3.465568854894252e-08
1.5038506169789013e-09
0.0
0.0
0.0
0.0
2.05190255502571e-09
0.0
9.66548775147247e-09
0.0
7.119025112904448e-17
0.0
0.0
0.0
0.0
0.0
9.236565404229236e-09
5.051417364536454e-08
9.23656571069751e-09
0.0
0.0
0.0
0.0
1.954007573363421e-16
0.0
0.0
0.0
0.0
0.0
1.9509856994614122e-06
0.0017783925139973544
4.6297070282636726e-08
0.0
4.090442171799879e-06
4.723349318027222e-06
-4.683434078482884e-06
9.975889469669609e-09
-3.8424964361037686e-09
-9.533066668964557e-10
0.0
0.0
0.0
0.0
0.0
1.9978758899266017e-08
9.98964706962202e-09
4.6341073240970624e-07
0.0
8.57659395320156e-08
0.0
3.1551395729948454e-07
0.0
5.04949491167517e-08
1.52699205474824e-07
5.500552606368586e-10
6.47566022063467e-10
9.633606977678658e-09
8.068263842448623e-10
-9.85841503651488e-09
0.0
-3.0611021659685596e-08
0.0
0.0
4.927735737925414e-08
4.477036329547937e-09
0.0
0.0
0.0
0.0
0.0
0.0
9.966943603549733e-09
0.0
9.974726822292723e-09
1.5181148031719656e-08
1.09791086199312e-08
1.9949550422146092e-08
9.974824388778863e-09
9.770513521412434e-09
0.0
5.689131663988206e-10
5.689131773646685e-10
6.040579728822466e-08
0.0
0.0
-1.778758435574783e-10
6.48029140043363e-10
1.9978686391073013e-08
9.98910110183715e-09
1.0463571797860525e-08
0.0
0.0
1.8811455769118388e-08
0.0
0.0
-9.865636855112762e-09
0.0
0.0
2.5793979118909743e-20
9.905898141287494e-09
0.0
0.0
-9.803168290697419e-09
0.0
8.33528643327858e-16
0.0
0.0
0.0
-1.578877328357875e-11
0.0
9.66405824167939e-09
0.0
0.0
9.937665666065465e-09
9.575366001238795e-09
0.0
0.0
1.0473972543828527e-08
0.0
0.0
0.0
0.0
0.0
9.988495887932984e-09
1.9975585794495206e-08
6.455753839008245e-10
1.971527477186116e-08
0.0
0.0
0.0
0.0
0.0
0.0
1.3560285140615875e-08
8.554145958840658e-09
0.0
0.0
0.0
-4.164191239362314e-09
0.0
0.0
0.0
0.0
7.755090028038842e-05
7.755090028038842e-05
0.0
0.0
6.311944480558606e-08
5.142185028263127e-09
0.0
0.0
9.98913300531293e-09
0.0
1.9671461963803767e-08
9.87606491758109e-09
5.363016944071075e-10
9.760941152179276e-09
-1.0380005665980643e-08
6.164181032431062e-10
6.346691881041357e-10
0.0
5.80535029297045e-09
2.1302416191697464e-08
1.994388507198657e-08
6.266596878921967e-10
0.0
0.0
0.0
3.78336152570131e-13
2.967868980630929e-09
5.108360026821876e-09
0.0
7.163435462774464e-10
0.0
5.2111575719546085e-09
0.0
2.881394238174993e-08
0.0
5.165826466874659e-09
0.0
1.6753009533443385e-08
0.0
1.3281437885707719e-08
0.0
0.0
3.660222158229359e-09
1.8899167984536698e-10
0.0
1.753990902980556e-08
0.0
1.8133402499814674e-08
0.0
1.8125001748677178e-08
0.0
0.0
0.0
0.0
0.0
0.0
0.0
-1.8563975811515136e-07
-1.7188578142236788e-07
-1.6313749213840711e-07
-1.4471313930740158e-07
-1.3617344553004673e-07
-1.2877115124383665e-07
-8.522485358403165e-08
-5.7071803468040916e-09
5.147261972365297e-08
0.0
0.0
0.0
0.0
0.0
0.0
0.0
0.00016238616510758666
0.0
0.0
1.2813505775899222e-08
0.0
0.0
0.0
1.0509122461144216e-09
0.0
0.0
0.0
-2.0651161336537882e-09
-2.099062863725541e-08
0.0
9.934112505121768e-09
5.934292244882922e-10
0.0
0.0
0.0
0.0
0.0
0.0
0.0
0.0
0.0
0.0
0.0
0.0
0.0
0.0
0.0
6.718269585559625e-09
0.0
3.729066238110332e-09
0.0
3.185149285360932e-08
0.0
3.4928195702555576e-08
2.491626068308605e-08
0.0
0.0
0.0
9.818845591706234e-09
0.0
0.0
0.0
0.0
0.0
0.0
-1.4084642294270866e-06
4.532104378830737e-06
1.401217204976508e-06
0.0
4.943865028881593e-09
0.0
0.0
1.3314841824333632e-07
1.8995276777531764e-09
9.743934023693277e-09
0.0
0.0
4.613615535096565e-09
0.0
0.0
5.020700597529115e-07
0.0021688584902737475
-1.0545393090379733e-07
0.002166367389932258
9.97198291895902e-09
9.971982977942451e-09
0.0
0.0
0.0
1.3741852115763398e-08
0.0
0.0
0.0
0.0
0.0
1.1170638424271444e-09
0.0
0.0
0.0
-1.8930970451571423e-06
0.0
9.733875690846614e-09
0.0
0.0
0.0
0.0
1.8995647428915836e-09
0.0
7.326796611730473e-07
2.8849317657717614e-09
0.0
1.472550636694412e-06
1.4732385851271695e-06
1.4660465233091907e-06
1.4725506366965833e-06
1.4660465233049832e-06
0.0
0.0
1.810556586663529e-08
0.0
0.0
0.0
7.21124147408336e-09
0.0
4.7335470007743834e-07
0.0
8.241593525300947e-11
0.0
9.93831193194986e-09
0.0
2.017719052178199e-07
0.0
0.0
0.0
0.0
0.0
0.0
6.930490953297664e-05
0.0
0.0002533553993610734
-3.7576081790129e-07
0.00025386620812489633
2.798418950967952e-07
0.00013601610890528386
0.0
1.0342319645169786e-08
5.622148467926723e-10
1.9774918171326794e-08
9.872521538850506e-09
5.328144684190933e-10
5.034146815654203e-10
5.034146936118282e-10
1.1202750472774853e-08
0.0
9.665170297239699e-09
5.160093292678651e-07
0.0
4.943865010301543e-09
0.0
0.00012922784411411196
1.4118882353122645e-08
0.0
5.864789518383741e-10
-9.077746157201694e-09
0.0
1.2624234071825084e-07
1.9901632527731186e-08
0.0
5.824554157882555e-10
-9.947832191672945e-09
1.9657778514493687e-08
0.0
0.0
0.0
0.0
0.0
0.0
0.0
0.0
0.0
4.797976471325798e-10
8.312411717802115e-08
0.0
0.0
0.0
0.0
5.800658743698743e-10
0.0
6.090510466931674e-10
0.0
9.930482765957427e-09
0.0
6.077271751163752e-10
1.0297450899270988e-07
1.2823234880724532e-07
5.2615636649558124e-08
5.6992314608178924e-05
0.00046387789263558585
0.0
9.955920439313659e-09
9.955918756077153e-09
1.9901975593369685e-08
5.811712855213329e-10
9.679310950840014e-09
9.887849775773537e-09
8.181874743911172e-09
0.0
8.18187475119848e-09
0.0
0.0
0.0
5.478990057552438e-10
9.887849814534805e-09
4.937991773728727e-08
9.6793108969959e-09
9.840630833737291e-09
0.0
0.0
-4.44206916990755e-09
0.0
0.0
0.0
0.0
6.72397467544033e-08
2.384666979563065e-10
9.955818540331467e-09
6.147935112463893e-10
9.711969696363722e-09
3.7485154252374065e-10
0.0001624137081256416
-1.9426757771889847e-09
0.0
0.0
9.72814525348385e-09
1.653715900061964e-15
0.0
0.0001020499058564972
9.153294432409786e-08
0.0
-2.722315335121098e-10
5.684822012732858e-05
-9.368742729336634e-09
0.0
0.0
0.0
0.0
1.923276554682829e-07
1.8801840367019003e-08
8.796878359232252
0.0
3.6656386414814937e-06
3.6427048859072884e-06
-1.3211700334215778e-08
0.031069575724671162
0.0008864090132170785
1.9618860728694292e-08
9.731010973870716e-09
9.731010993226314e-09
3.935823281105808e-10
0.031955983196305424
0.0
0.0
0.0
9.928094330370965e-09
2.9789678761857168e-08
9.885666606509994e-09
0.0
8.662275567943091e-05
6.777184509989943e-05
3.054698559104395e-05
0.00012746454724368823
8.795991950219035
0.03195598319630627
5.6875414772359864e-05
1.773251087199501e-16
0.0
9.96294602373382e-09
0.0
5.2615636831636286e-08
-1.8310203964144733e-08
0.0
5.145474087374501e-05
2.0463268191015806e-07
1.0785608780049563e-07
1.969932445867077e-08
0.0
3.5095011089646504e-10
0.0
0.0
0.0
0.0
8.393730870063132e-08
0.0
5.917505457644097e-10
0.0
9.732416798684251e-09
9.73241680444577e-09
1.8989090650109604e-08
0.0
0.0
-1.9025496115544584e-08
1.9657778507360793e-08
9.942552522826734e-09
0.0
9.889155671660561e-08
4.902562345552048e-10
9.176497094662316e-09
0.0
4.279141530065951e-08
3.8562196783936227e-08
0.0
3.01638343429844e-07
0.001511563962420721
0.0
-2.095655266509997e-07
2.2862337434635987e-07
1.0968686472300255e-10
0.0015056812884554902
0.0
5.900182184301904e-06
6.835306240683187e-09
-1.1536119989081963e-07
1.9546317526275548e-07
0.0
0.0
8.024747424935491e-17
0.00016411398709152646
-10.723054272678972
10.72289016853227
9.840387667637684e-09
2.4816474826422514e-15
0.0
0.0
0.0
7.231408710841505e-08
0.0
6.488131417105495e-10
0.0004675462195826776
3.6593937695617194e-06
8.25757224498216e-16
0.0
0.0
1.800002331431976e-08
8.233795265962508e-09
0.0
0.0
1.8524174614729877e-08
0.0
0.0
0.0
1.9749946252834144e-08
0.0
0.0
1.3821926910683015e-07
3.995839824931412e-08
9.98846323455431e-09
2.012186100727752e-07
2.0121861082823004e-07
6.475868249768957e-10
-1.982795585185604e-08
0.0
2.0108682345016967e-08
0.0
0.0
6.358218507155226e-10
0.0
0.0
0.0
0.0
0.0
0.0
9.60763284457277e-09
0.0
2.196140891366936e-09
1.3176584156045208e-08
6.350728318209549e-05
6.440601353641007e-10
-6.349729763103076e-05
2.9789678749632788e-08
0.0
1.9904012167563837e-08
-2.740542104311124e-09
-0.0008833129900636082
-0.0008868373320880529
0.0
6.927741462708508e-08
-6.927741456191905e-08
-3.5875920104469494e-08
-1.6544401604050225e-08
-1.8563975707867886e-07
-1.6228319866767716e-07
-1.6313749117390086e-07
-1.4471313837949583e-07
-1.361734446401336e-07
-1.2877115038522984e-07
-7.566494454158951e-08
0.0
1.046357075828697e-08
0.0
9.905900100193321e-09
5.656626316640437e-10
-1.8931531897692366e-08
2.0460285147843553e-08
0.0
2.9759668742451245e-08
9.938873713539982e-09
0.0
0.0
0.0
0.0
0.0
0.0
0.0
1.9160978397036957e-13
1.41958120246818e-06
0.0001020409084077939
6.643845451817497e-05
1.8344533002888352e-08
0.0
9.808617022092645e-09
0.0
0.0
0.0
0.0
2.2760205184037776e-09
0.0
7.961366082934272e-09
1.758573196931076e-08
9.905898129460995e-09
0.0
0.0
0.0
4.978237298482104e-10
2.7491630091185274e-08
0.0
1.7585731981433362e-08
8.010365988358678e-09
0.0
-2.262843068834286e-05
2.2636977190094597e-05
0.0
1.9770586767863384e-08
0.0
0.0
0.0
2.2543102689554304e-07
0.0
2.506280265367638e-08
0.0
0.0
0.0
0.0
0.0
9.984261825218764e-09
9.984261163788523e-09
-3.396357649528502e-05
0.0
1.7368906209978855e-09
7.78527766476691e-09
0.0
7.785277744709103e-09
7.785277873867038e-09
0.00010259497048067945
-1.5259775665299458e-09
0.0
0.0
2.628842339690157e-05
6.618267259921993e-09
-0.0015751673873872385
0.0015751893464087303
0.0
0.0
0.0
0.0
0.0
9.818965356067633e-09
0.0
0.0
1.3908271148285848e-08
0.0
4.1359586118892806e-10
0.0
6.485907708697037e-10
0.033454463473364726
0.03345446205414962
-1.4192151103442857e-09
9.819463473966357e-09
0.0
1.2916445664211991e-06
-1.0474426611361485e-08
3.254040414263195e-05
-3.2520424888701066e-05
9.989100672686213e-09
0.0
6.447210908713219e-09
1.1995751351838357e-08
-1.19957512152713e-08
-1.1995751081697592e-08
1.1995750944616157e-08
9.743934001980919e-09
4.0629517890653823e-10
1.5809732882709817e-08
1.580973288221262e-08
9.86387318352433e-09
-9.818965617089306e-09
0.0
1.627199591443474e-08
0.0
0.0
0.0
9.893556833298612e-09
0.0
1.838137618539759e-05
1.837552990440803e-05
0.0
0.0
4.1807898563720127e-08
3.8373202546981005e-10
3.8373202667466665e-10
4.534287903891634e-09
0.0
1.855872777554123e-08
1.0842764281614735e-08
6.308474677510665e-10
9.972128339455952e-09
9.973585808549816e-09
9.973585188025461e-09
0.0
1.5081774039265995e-08
3.0788476667336976e-08
3.2085596678507124e-08
-7.280485243391697e-09
-9.701238401987151e-09
3.0120534209837994e-07
5.778564289781709e-10
2.925649040315826e-07
7.916207277659256e-08
0.0
1.1995751645215494e-08
2.675036012231733e-18
4.4492393927923755e-08
-5.5828265554265575e-08
-1.1438489166788644e-08
0.0
0.0
0.0
0.0
0.0
0.0
0.0
1.988091333799948e-09
1.756679013826359e-08
8.629108342930406e-09
0.0
0.0
0.0
1.4444138284411233e-08
3.3058993897418946e-08
6.667174004377919e-09
0.0
8.475712998367224e-09
0.0
0.0
0.0
4.692067073398651e-10
0.0
1.3018562329144369e-08
0.0
0.0
0.0
0.0
0.0
0.0
0.0
1.365275323674289e-08
0.0
0.0
0.0
0.0
0.0
0.0
0.0
4.632583325307572e-08
1.8636633244184162e-08
9.692511747020784e-09
0.0
0.0
0.0
0.0
9.464641873829245e-09
5.146542274152676e-09
0.0
7.805235442218645e-10
9.748219617084937e-09
9.537154596031958e-09
9.218651997658524e-09
0.0
0.0
0.0
0.0
9.412719964461032e-09
8.201873979745392e-09
1.4121523486482009e-08
0.0
5.777896475425643e-09
1.0230792846702307e-08
0.0
1.1624782048705706e-08
0.0
0.0
1.0257308622199252e-08
0.0
-1.9671461811070174e-08
3.061102109322878e-08
0.0
0.0
0.00017101397651716135
0.0001710314825550993
0.0
8.760692708550336e-09
8.76069271264425e-09
0.0
0.0
2.426325479820453e-08
0.0
9.659097615091285e-09
9.659097627963668e-09
3.2284591390629763e-10
2.6308867568684576e-05
8.429671891074797e-18
4.996286920644363e-10
9.988466260627308e-09
9.98525093181471e-09
9.985250950765052e-09
9.975667392503998e-09
9.97566740248348e-09
9.976627471563621e-09
9.976627484766646e-09
9.956461878456973e-09
1.2090514807299894e-17
9.956461897304493e-09
1.4721227484602253e-05
0.0
1.4701995073540497e-05
9.818743020029164e-09
0.00010214143880412929
1.8999780239793053e-08
9.949333440764801e-09
9.94933344698672e-09
-3.013079951242054e-08
9.91723778644836e-09
5.768211034235128e-10
9.917237767325441e-09
8.604275135128093e-09
0.0
1.0705461169916848e-09
1.07054607137689e-09
1.07054613968153e-09
9.578821706033112e-10
0.0
0.0
0.0
0.0
5.8100231495164115e-09
0.0
6.348008643515541e-08
5.816450797074971e-08
1.0497746728503514e-09
0.0
0.0
0.0
0.0
0.00012844067169107132
0.0
3.5178892521224767e-09
0.0
2.7578679631137097e-05
0.0
0.0
5.6712416179677704e-05
5.6702575548786975e-05
5.014331213563405e-10
9.86295381066588e-09
9.86295450456713e-09
0.0
0.0
6.51383946520972e-19
0.0
0.0
0.0
0.0
3.866072682166189e-09
0.0
6.832826290402374e-11
0.0
0.0
0.0
0.0
0.0
-7.179654394878082e-09
-2.2147764864922943e-06
-1.692484399699358e-10
2.224343617546136e-06
0.0
0.0
0.0
0.0
1.991974367208894e-06
1.9919743672089436e-06
9.977302921152684e-09
0.0
6.465305632380674e-08
6.45818226602685e-09
0.0
0.0
0.0
0.0
4.991401701599198e-08
3.007866202006101e-08
0.0
0.0
0.0
0.0
6.130029177275336e-08
0.0
0.0
1.2729541327924963e-07
2.091520734924003e-08
0.0
1.319132634918313e-09
0.0
-3.793113597192295e-10
1.3191336824347696e-09
0.0020608155395736762
0.0020608247815059426
0.0
6.3568545456316305e-09
0.0
3.963232345890716e-08
0.0
-1.348748495972208e-11
0.0
0.0
0.0
0.0
0.0
-2.6497020316805855e-12
0.0
0.0
0.0
0.0
-4.473326326856483e-07
0.0
4.1936349333171345e-08
0.0
0.0
0.0
2.0515407470806122e-07
0.0
-9.453104624444764e-09
0.0
5.088857808322801e-07
5.185413136446493e-07
0.0
1.047397247799488e-08
0.0
4.463000265822483e-10
4.4630011551379134e-10
7.56167123378256e-08
-6.732570057010889e-11
0.0
0.0
0.0
5.395033751394434e-06
5.368898720216262e-07
0.00013015114378871323
6.010414503941354e-08
0.0
0.0
0.0
0.0
0.0
0.0
0.0
0.0
0.0
0.0
2.1884945184355455e-09
5.149250501319929e-05
5.966521540678358
0.0
-0.0015994898570739402
7.456381663719049e-08
-2.8546946504587334e-08
-2.0355356011375752e-08
-8.850756154123078e-10
-1.523564245820225e-08
1.4632968780203728e-08
-9.951212862416292e-09
-2.535562630967547e-06
-2.425907251747917e-06
0.0
0.0
0.0003157251577216126
-6.2988253935608585e-12
0.0003157300232181885
0.0
0.0
9.93521114836273e-09
0.0
2.330919705250567e-09
7.636504558992073e-09
6.26210727262347e-10
0.0
-9.888104095939765e-09
0.0
0.0
-2.959373114363306e-08
4.87833060375016e-10
0.0
3.261048610468021e-08
2.600078493396652e-08
0.0
0.0
5.855827282515412e-10
0.0
2.3965089536910798e-08
1.9577601675116554e-07
2.053881714353228e-07
2.6312636495882837e-10
2.6312635340578633e-10
5.663366458795965e-09
0.0
9.987612731434923e-09
1.2616300343314525e-06
9.990153910926993e-09
0.0
9.988495220240675e-09
9.976011114317029e-09
1.4683521105732044e-07
5.985159567894119e-08
0.0
9.97472656757965e-09
4.087665349699629e-06
9.979731654947818e-09
0.0
9.957469258711928e-09
0.0
9.989112677381463e-09
2.2530996372927061e-07
9.991165617071156e-09
0.0
9.989583169285351e-09
1.1294564641926928e-07
9.990379632333283e-09
0.0
0.0
6.184369236256249e-16
6.601203942434805e-16
0.0
9.607632851121158e-09
0.0
0.0
0.0
0.0
0.0
0.0
0.0
0.0
0.0
0.0
0.0
0.0
0.0
0.0
0.0
0.0
6.860136730554805e-08
3.07956268131722e-11
3.0794728295054303e-11
6.161316266553673e-12
1.4372092747408848e-11
2.258326995953778e-11
8.215344950473336e-12
4.106773932671276e-11
2.464459217931373e-11
1.643056879444732e-11
3.285688544989177e-11
0.0
0.0008908610254066008
0.0008903858982103964
6.668132890321713e-08
3.294378750523321e-10
-9.94308122122256e-09
9.90739730337663e-09
9.954129013784307e-09
9.818845492069348e-09
0.0
0.0
0.0
0.0
0.0
2.96786894280752e-09
0.0
0.0
1.1995751491221914e-08
9.645940678916697e-09
0.0
0.0
9.632962889647021e-09
0.0
2.749163009479486e-08
0.0
0.0
1.1996953846119518e-10
0.0
0.0
0.0
7.582497642215893e-08
0.0
6.273768119457424e-10
9.928048406819944e-09
5.874612001043331e-10
9.617981649827356e-12
2.681219265923248e-07
0.0
1.98968707638217e-08
1.9896869716251617e-08
1.524912075520605e-07
6.029932902032886e-08
8.408383501489735e-10
0.0
2.7104069528698426e-08
0.0
5.7399611501492015e-09
1.6531380397467153e-08
2.8679347739655834e-08
1.0463576989802343e-08
6.188455373295644e-10
1.989687284447327e-08
1.9896873885243552e-08
0.0
4.6551315900523277e-07
0.0
0.0
0.0
3.4555709778584754e-09
8.231036757697934e-08
0.0
2.5159612214176913e-09
3.253148338699884e-07
0.0
0.0
0.0
1.7384935680927615e-08
4.291302388668659e-08
7.5029605848545e-08
8.699829850743344e-09
3.484587657228799e-09
0.0
0.0
0.00018976243690816045
2.0526301280986056e-08
0.0
2.967868515917966e-09
0.0
0.0
0.0
0.0
3.787291971894686e-09
0.0
0.0
0.0
9.93693842304574e-09
5.962105585786957e-10
2.9678689633921146e-09
0.0
0.0
0.0
0.0
4.53210437884174e-06
0.0
0.0
1.8798527470109486e-08
4.349658644876861e-08
1.5922865653042368e-08
4.0024378444756766e-09
1.5619205374938488e-09
2.1461655515008208e-08
-1.262423408969482e-07
5.6568950139995375e-08
-0.0003755302097333394
-0.00016240522274558976
0.0004638778926355783
0.0
-0.00016239468817391808
2.2945818457667869e-07
2.130974790964241e-09
0.0
1.554754041989731e-08
0.0
0.0
0.0
0.0
0.0
2.1309752359543584e-09
1.8564483084332832e-08
0.0
5.3345664770606057e-08
1.554754099485344e-08
1.3098041610040569e-08
0.0
1.3819606230115738e-08
0.0
1.1450046572662715e-08
0.0
1.4925139562603185e-08
0.0
1.9419531544699456e-09
9.166759354292218e-09
6.889320458812444e-08
3.6294878007946523e-09
5.206542402010725e-09
1.7142660953793274e-09
7.971152448511322e-09
0.0
0.0
9.788717765177313e-09
0.0
6.136538763571418e-09
0.0
9.977302911799423e-09
8.587534590376311e-08
-6.343425792768032e-07
0.0
0.0
0.0
0.0
0.0
0.0
4.6325832676224604e-08
1.8636631974497253e-08
6.590907715844612e-09
0.0
0.0
1.2081719129257887e-09
0.0
0.0
9.177224466750761e-09
0.0
0.0
1.152392133622347e-08
0.0
0.0
0.0
0.0
1.4444138073299312e-08
3.3058993679129014e-08
6.6671737523463195e-09
0.0
8.475712763087924e-09
0.0
0.0
0.0
4.692065801130581e-10
0.0
1.301856216018576e-08
0.0
0.0
0.0
0.0
0.0
0.0
0.0
1.3652752940129725e-08
0.0
0.0
-0.0001020499058598112
0.0
0.0
3.6134260808241886e-06
0.0
4.857707208804427e-09
0.0
2.051540748887105e-07
-2.442621505685527e-07
0.0
0.0
0.0
1.4945407696414104e-08
0.0
-9.129005121180471e-09
0.0
-3.699908034873809e-10
0.0
1.7008541238482383e-06
0.0
8.081315333037871e-07
0.1647562388464647
0.0
2.0303891300676655e-08
-0.0319564120842072
-0.0016035068939769391
6.311944481017864e-08
0.0
1.9462992231709897e-08
0.0
0.0
8.544587995605098e-09
9.575366002310354e-09
2.405013719043269e-10
2.4050137543829015e-10
0.0
9.869486833987565e-09
5.298282232121988e-10
-9.790288009112191e-09
0.0
0.0
0.0
7.760483719887923e-11
0.0
0.0
-9.828956755702362e-09
8.455818795390537e-08
9.946545844057456e-09
9.946546172096525e-09
7.748751489184427e-17
0.0
-0.0005014161917328927
0.0005014431937013078
9.95459714658864e-09
-0.001603974923773066
9.90239639645139e-09
5.622146146509223e-10
-9.921509593058264e-09
0.0
0.0
0.0
1.0603700919396842e-08
0.0
0.0
0.0
5.656895013541766e-08
5.924475525164922e-10
5.656894997160719e-08
9.933114948798717e-09
0.0
0.0
0.0
1.0603700489507345e-08
0.0
0.0
0.0
1.4945407695659322e-08
2.5162411099219963e-06
9.954420984051527e-09
0.0
-2.2851183465475619e-07
1.0173855128549797e-07
0.0
2.578442966884956e-07
6.242789072239936e-10
2.331490429032185e-07
1.4237473141252583e-08
4.781306369425049e-09
6.058684428721789e-10
0.0
6.866618784993417e-09
1.0239685389847615e-08
1.7143969127786635e-07
0.0
0.0
0.0
1.3385437157048181e-08
0.0
0.0
7.697711255842266e-09
2.328203029029673e-08
-9.896936662562306e-09
0.0
7.467721738486299e-05
3.023563876226041e-07
2.0515407541477644e-07
9.803204150057469e-09
4.6460701366413857e-10
0.0
5.142185030388786e-09
0.0
-2.1922977864498316e-11
0.0
0.0
0.0016040770816305133
0.0016040770816305222
4.906939534643262e-07
9.919896347035899e-09
5.794376063234457e-10
0.0
0.0
0.0
4.32909056469859e-07
2.9922636225348228e-09
2.1137110793979728e-08
1.9896871804146602e-08
5.186610337843333e-05
5.1866103378433324e-05
0.0
1.0473972641798567e-08
0.0
-1.9605847067366566e-08
0.0
2.3587191798351524e-09
0.0
2.358719165909219e-09
0.0
0.0
1.1144224051162344e-10
0.0
0.0
1.74902769861617e-08
0.0
0.0
0.0
0.0
0.0
0.0
0.0
0.00031194303913315014
-0.00015561316632428657
0.0
0.0
0.0
8.387505850321974e-10
0.0
8.387506656953587e-10
8.38750795791305e-10
0.0
1.9297195184347913e-08
1.2184419218141035e-08
0.0
-9.295774816564517e-09
0.0
0.0
0.0
0.0
9.85841547534571e-09
3.815941135902535e-17
2.2383795946427738e-15
7.434438919957731e-16
4.963901010593046e-18
1.4922287797828523e-17
1.2984008586345158e-09
1.2984008590510854e-09
1.2984008587375773e-09
0.0
-6.023360642001051e-10
-1.9328144111249723e-08
0.0
0.0
7.236851604818627e-17
9.144778294939412e-17
-0.07794533829126249
0.0779453766336876
9.885135686675713e-09
0.0
1.9297194486964085e-08
1.9297194679784157e-08
0.0
0.0
0.0
-9.886722293404787e-09
0.0
0.0
0.0
-3.478795029820958e-11
0.0
0.0
0.0
0.0
9.380545255496808e-10
3.1683851331315154e-08
1.2592123957135255e-08
1.929719485220053e-08
8.356112086564527e-18
8.356113970759092e-18
1.2797837416594984e-08
3.158666980083685e-09
9.639170435796207e-09
0.0
0.0
0.0
0.0
5.1565186658422204e-05
0.0
0.0
0.0
6.7873001394625825e-06
5.437134616002005e-05
0.0
9.863419485288123e-09
0.0002654429654540527
0.0
0.0
-0.16480751593789833
9.938311944235334e-09
0.0
9.93831194191314e-09
0.0
0.0
0.0
0.0
-4.623119637900972e-09
-1.5098673303222466e-09
0.00015146027521303895
9.886773277241039e-09
4.230264978166046e-10
5.468396093115305e-10
9.88677330824618e-09
9.760941167662529e-09
0.0
0.0
-4.948622949839137e-10
0.0
5.1064832777263466e-08
0.0
0.0
0.0
0.0
0.0
0.0
4.994566517564448e-09
4.99456651756445e-09
0.0
0.00042897687344746124
0.0
6.930490953292418e-05
0.0
0.0
2.8274950381046438e-08
9.948745012656161e-09
9.863391609256723e-09
9.863330303547246e-09
2.4556965308572056e-08
3.166304563313951e-08
0.0
0.0
6.134179230819848e-10
0.0
7.910658701208459e-17
0.0
0.0
-5.936204527477165
5.936204547305501
9.886719167750535e-09
1.0628474944981662e-08
-1.0628474945013596e-08
0.0
0.0001559842215897808
0.00015599927652216956
0.0
1.925241547883684e-08
8.686209306541172e-09
0.0
3.1441704518082567e-10
-3.1441703722326654e-10
0.0
1.0628474944989879e-08
0.0
9.863452938765577e-09
5.106025173379121e-08
0.0
3.209637918253455e-06
1.0305800043108204e-15
0.0
1.2559545308204806e-08
0.0
0.0
0.0
2.0415706837610358e-10
9.682692966968605e-09
5.469151845285158e-10
0.0
0.0
0.0
2.129341564332547e-10
8.580888721361656e-17
9.919242164682503e-09
5.787939416088512e-10
-2.2608733320490717e-05
6.94834759205375e-17
0.0
9.917518176122522e-09
9.843309345424382e-09
7.680564465333062e-07
7.77728162154791e-07
7.274054820895355e-15
7.27456289650874e-15
1.8798888843394665e-10
0.0
9.521959218419727e-09
9.875001690506655e-09
9.875001510516873e-09
-1.9462992584999908e-08
0.0
-3.204973067891517e-08
-4.192473255094486e-08
0.0
0.0
0.0
9.962449587866896e-09
9.982179704602088e-09
9.982180216226396e-09
0.0
0.0
0.0
7.502961192688216e-08
1.2624234054009292e-07
7.503781014935152e-08
0.0
0.0
7.50296114088436e-08
7.484897964260996e-08
0.0
0.0
0.0
9.962449937922502e-09
-4.935530164080065e-08
2.4646311139552698e-11
9.980317771343694e-09
6.389083890476813e-10
4.509668478226686e-09
4.5096676980391025e-09
9.975918213787731e-09
9.978669898900851e-09
9.978670249908422e-09
4.509667464507642e-09
9.975917851047704e-09
4.9379917681329115e-08
0.0
7.502960730056702e-08
0.0
4.509667075398989e-09
4.526080602903326e-09
9.43162392451824e-08
0.0
0.0
1.5693879177117176e-08
9.97206122878454e-09
4.5178736867812234e-09
4.509667235373694e-09
0.0
0.0
0.0
1.1890835699719581e-07
2.0515407506163522e-07
1.383999914661524e-07
-1.1895690299978523e-07
5.176927511181471e-10
2.681219267765777e-07
3.4598573096680622e-09
0.0
2.484898730038925e-07
0.0
0.0
4.0116352427791746e-08
4.0116352427791746e-08
9.959633696717114e-09
0.0
-1.0007662254452043e-08
1.365472618533012e-17
0.0
1.8464844933801166e-08
0.0
-1.7532024252460975e-08
7.272820213084283e-15
2.7622926351982124e-08
2.484898736642758e-07
0.0001283091183149902
9.98229102831561e-09
-0.00012829913602462251
9.987613400571803e-09
0.0
0.0
1.0541184217135725e-08
6.457934153518944e-10
5.045404984304173e-10
6.643835574503463e-05
9.843788846078201e-09
1.7729369525111367e-08
8.968676820750736e-09
0.0
0.0
1.9584385788668343e-08
5.045405075778226e-10
0.0
1.6386015720644434e-06
1.6384744754358985e-06
0.0
-6.648760154023543e-12
