0
0.0
2.5222178179146146e-07
0.0
9.578370143736267e-09
4.075145072280991e-07
9.925980965780817e-07
0.0
0.0
8.566691373794918e-08
1.3385839690382804e-09
0.0
5.805192734354743e-05
0.0
0.0
0.0
0.0
0.0
8.137543430184411e-09
0.0
2.3116500639229673e-10
0.0
0.0
0.0
0.0
3.769566912506353e-05
0.0
0.0
0.0
3.981485955977192e-10
0.0
1.2680824758300201e-05
0.0
0.0
0.0
0.0
0.00010380112602741845
0.0
0.0
1.0440652906913896e-08
0.0
0.0
0.0
0.0
0.0
0.0
1.203461143060539e-08
1.5711848297723575e-07
0.0
0.0
0.0
0.0
0.0
0.0
1.6378181812913179e-09
0.0
0.0
0.0
1.2703828444289427e-09
0.0
0.0
0.0
0.0
2.9844005509689704e-20
3.390593514105345e-09
0.0
0.0
5.720300555485484e-10
0.0
0.0
2.607434259133858e-07
9.578419168768927e-09
0.0
9.311063338733614e-09
1.0079450403661927e-10
3.756270837267247e-18
4.540786830973673e-10
0.0
0.0
5.846216956555885e-09
0.0
1.642819630323256e-06
1.0079346192859613e-10
0.0
0.0
0.06262832451829248
4.862562569698354e-13
1.4484119995824589e-07
0.0
9.730711578091204e-09
0.0
0.0
1.7204065966297645e-10
0.0
5.074697149340251e-09
-5.060956937201716e-09
8.066828475761881e-10
0.0
3.3528287201781324e-10
0.0
0.0
0.0
0.0
5.781293402412255e-09
0.0
0.0
9.284454141527315e-09
0.0
0.0
0.0
0.0
0.0
8.111633326573196e-09
0.0
0.0
0.0
0.0
0.0
0.0
0.0
0.0
9.778940039215688e-09
4.347235862252511e-10
3.456700907232311e-09
7.471094600081396e-10
0.0
0.0
0.0052685746859406635
-0.005268679061808612
8.681603239310457e-09
0.0
0.0
3.841376344344458e-09
0.0
3.841506240729505e-09
0.0
9.831278558059539e-09
0.0
0.0006014458417717321
7.2220554647263655e-09
3.925111624448272e-09
1.6997532364829587e-09
8.668342335535034e-10
0.0
0.0
0.0
0.0
0.0
0.0
0.0
0.0
0.0
1.2618861312367587e-08
8.818176008457422e-09
0.0
4.564264733436162e-09
1.792066403854139e-09
8.447008677249781e-09
5.737110865858001e-10
0.0
0.0
0.0
3.853407224329057e-17
3.5551710143460876e-09
-0.01142647434060401
4.6860323810597756e-05
4.564264733436162e-09
9.805021569613399e-09
0.0
0.0
3.427278510061966e-11
2.2655451309480228e-06
0.0
0.0
0.00038778548546138824
4.323552894938417e-09
0.0
1.797332158954215e-05
0.0006757534218456882
0.0
0.0
0.0
0.0
0.0
0.0
0.006873108688575158
8.749510512708623e-09
0.06004291821895984
2.0857255075498824e-09
1.0218913323407727e-05
0.0
0.0
2.6709884789684034e-08
4.2679700913994005e-09
0.0
3.3521276054910395e-06
5.795117151881951e-07
1.1144978318315235e-05
0.0
3.912544145595622e-06
5.080250302297193e-05
0.0
2.478812411807241e-06
1.0581718885064994e-08
0.0
9.677255265980503e-09
3.779709992581849e-09
1.1077895577906335e-05
3.212774293695382e-10
2.962013976476825e-09
0.0
2.548928765818955e-05
7.495029673842132e-09
0.0
9.76246519132544e-09
9.762755565828496e-08
5.0847092869318836e-09
6.777800230169365e-09
6.141298279188236e-10
0.0
0.0
0.0
0.0
0.0
4.216966084353758e-09
0.0
4.22766544443695e-09
0.0
9.57837059941235e-09
9.729674196683145e-21
9.884190785233449e-09
9.178646542289694e-09
9.841083540653155e-09
1.6798579159107117e-10
0.0
0.0
9.842260266105135e-09
1.3386871038773007e-11
7.442302041056174e-09
2.711660871821726e-12
9.565746735268177e-09
0.0
0.0
5.575027810670988e-10
-0.0002945075746037529
6.251830890951831e-12
0.0
1.8289665225893687e-08
0.0
0.0
3.028894457853226e-20
0.0
-0.06120448802787215
1.7261116748550838e-24
9.658325650270294e-09
0.0
4.942103483696557e-09
0.0
0.0
0.0
0.0
2.651807718541537e-09
1.0447179590688817e-07
-4.0135461168475106e-05
9.914463838495177e-09
9.282418542602782e-09
5.8691240807652914e-09
0.0
0.0
0.0
0.0
1.8674886746983265e-09
0.0
0.0
0.0
3.4000693929874695e-10
0.0
0.0
8.412019042121173e-07
0.0
2.737146951994491e-20
1.3594340563144811e-10
2.6534871103730504e-09
7.442302041056175e-09
0.0
0.0
7.451488799726759e-06
7.236190461943434e-09
0.0
2.013426587563587e-20
0.0
-2.2979858412251232e-05
1.268089175971743e-05
0.0
0.0
9.665857363246017e-09
8.482718319530737e-09
6.120020245179496e-09
9.487522387226418e-09
0.0
0.0
0.0
0.0
2.1486429323909497e-07
0.0
0.0
3.571081514493687e-09
0.0
1.8806467190122097e-08
8.066828382775914e-10
6.606779740508859e-09
0.0
0.0
0.0
0.0
1.2040746558235096e-05
0.0
0.0
0.0
0.0
0.0
0.0
0.0
0.0
3.3488216233049986e-06
0.0
3.754184154269177e-11
0.0
0.0
0.0
2.420576653524147e-09
1.597055120227393e-09
6.5991535170016645e-12
2.92163222566518e-05
0.00010916231456893841
0.00024782721702424585
0.00022075615397787191
0.0001623536383193421
0.0007110936921169991
0.0010614705085659833
-8.56669137379491e-08
-8.566691373794233e-08
0.0
0.0
6.984163686111288e-09
9.806626653579183e-09
5.533454329612382e-10
9.91995128889981e-09
5.359739902787828e-10
5.027014434770878e-10
8.375086123248166e-09
0.0
9.91377586132052e-09
9.919951289201173e-09
9.965086580658042e-09
9.947487026893476e-09
0.0
0.0004198479220617978
0.00015869213200027016
0.0002263803228857031
1.9034319936273747e-05
0.0003892959347955187
7.091975246766767e-05
7.761184768650305e-05
8.39790332884263e-05
0.0004985872142223455
1.7954661755428793e-05
0.00010725262904078224
0.00036551132086299877
0.00010571065922044833
4.897355246199453e-05
6.246576351955534e-05
0.0004979976381537908
1.7954320078367268e-05
8.315695941753133e-05
4.420115951914321e-05
0.00010571097346147113
4.897318793133106e-05
0.0003183802251697316
2.5361284447558457e-05
0.00011445869254918248
4.330254463098704e-05
0.0001542225914286769
6.382324547259095e-05
6.474374036877984e-07
0.0
2.4760104510571218e-05
0.0
4.326014012359502e-05
0.00015423108780928188
6.383972451784623e-05
6.480234484590566e-07
0.0
0.0
0.0
3.264773874468208e-09
0.0003126975448511369
0.0
3.769566912506351e-05
5.436435800777001e-10
5.162726351105083e-10
5.301377778916753e-10
0.0004449255944149278
0.0003779546041147725
6.731809210232232e-05
0.00024642809582197577
6.731809210239335e-05
2.081232258555107e-05
0.00010652012199431059
1.3177500234690765e-06
0.0001228998895484126
9.99734707426203e-06
9.997347074332822e-06
9.997347074403632e-06
9.928995258715208e-09
3.846339956767992e-09
-3.7695669125063535e-05
3.769566912506353e-05
3.843904675993566e-20
1.981067206753967e-08
1.9847477516938572e-08
1.9920343984623562e-08
1.9889061067201827e-08
0.00044492559441491013
0.0003779546041147547
6.731809210230459e-05
0.00029124622804268304
6.731809210237561e-05
2.0812322585533342e-05
0.00010652012199429282
1.317750023451333e-06
0.00012289988954839484
9.99734707424435e-06
9.98758680339959e-06
9.99734707438594e-06
0.0004449255944148924
0.00037795460411473703
6.731809210228684e-05
0.0002912462280426655
6.731809210235784e-05
2.081232258551558e-05
0.00010652012199427504
1.317750023433567e-06
0.00012289988954837703
9.997347074297426e-06
9.997347074368226e-06
2.5127711423029137e-09
4.641398141329261e-06
4.3311576673985484e-10
4.860422460207857e-10
2.3116500573130588e-10
0.0
0.0
0.0
2.138840402687248e-10
3.2091968807274954e-10
4.953807131396195e-10
-3.8967266240226525e-06
0.0
0.0
2.522217823921851e-07
-1.2680824758298922e-05
1.268082475829695e-05
2.254801772277426e-05
0.0010483104511375347
0.0011047848863067757
0.001418246861281596
0.00291303922399439
0.00036120398922051815
0.00017780580826732225
0.002767556054639154
6.647842203139931e-05
0.0004618332081158632
0.0005152653679668498
0.0
6.984163686468576e-09
2.822462967815307e-09
4.6065427839453323e-20
0.0006953677113676857
0.00027730080944670917
7.131983502930695
0.0
2.085570596542689e-09
4.6266564751246006e-05
4.626005737821265e-05
3.511507905996393e-05
-0.0003998278727984951
-0.00040018075589387005
-0.0003136108434176601
-0.0001273264642268311
0.00012421827065474855
0.0
0.0
0.00013273417483453316
0.0
0.0
0.0
0.0
0.0017314002940729115
13.676232034202194
1.0440652906918235e-08
0.0
-1.0229660239603241e-09
1.7321730845561394e-08
0.0
5.738337243338057e-05
0.0
2.693458376643575e-08
2.0579479293716143e-10
0.0016560640477706493
0.0016560640477706493
5.079681840084688e-05
-2.585450436935779
2.5482133189805885e-05
5.738322556496591e-05
0.0
9.32286956697948e-09
0.0
9.760401587007749e-09
9.760401586946074e-09
7.984056931666944e-09
0.0
7.98405693174648e-09
-4.626865032189391e-05
-4.626005737826469e-05
-3.5115079060017707e-05
0.00039982787279844306
0.000400180755893818
0.00035280880034518295
0.00014370572245842907
1.3080916978836155e-06
-0.00019514750628751797
0.0016560731517430217
1.20346113794288e-08
0.0
1.7091343724977726e-17
0.012993887942977358
0.01299388794297733
-0.0016560731517430228
6.99575224418877e-05
0.0003302040928717909
0.0005661074672632595
0.0006336162858837544
0.0014060979554821758
6.124104154516349e-05
0.00028654107047386136
2.664852678696832e-19
2.6108444808229048
-1.5711848297721182e-07
1.5711848297718651e-07
-0.00010379278138117343
0.0
-0.00010380112602741845
3.8835966360823485e-05
0.0
0.0
0.0016934325763489552
9.917067414944368e-09
9.917067414517463e-09
2.4052401025020043
-0.005839176637724819
-2.2901962957214246e-07
1.2680824758280464e-05
0.0001172752954418176
5.371499296408377e-05
1.0411521518548525e-05
1.2933054705502294e-05
-1.2893239764721898e-05
9.941675696612796e-09
0.0
0.0
9.832961475743525e-09
9.832961475507886e-09
3.354222035121774e-05
0.0033428134370666733
0.0013673037593728184
0.0019103465962237963
0.0019498800821353517
0.001910346596223796
0.00011482074677861373
4.61189055455193e-06
4.63134099174019e-06
2.8788671106194975e-05
3.3409500450442864e-05
0.0
0.0
0.0
1.0750973220039063e-05
1.934973305504429e-05
1.933204549835458e-05
9.23506100213948e-06
5.558064496094138e-07
3.348821623304916e-06
4.631919214581039e-06
3.9224773397220757e-10
0.0011482014119443527
0.0006192209440941608
0.0003497787928460543
0.0006099111288867277
0.0008224269658847978
7.088394633219111e-05
0.00018323065481441842
-0.00165606404777065
0.0
4.075145071781535e-07
0.001953230356059937
0.0019498800821353497
-0.00194988008213535
0.009591461746319557
0.0
8.278475566522256e-09
0.000258753476048764
2.6718314408579295e-05
0.00028939813756971263
4.1680070055092303e-10
6.600238461286442e-06
0.0005338362390847787
0.0004958772521773376
0.0
0.0002744063664709042
0.0
0.0
6.874016864065114e-05
-7.763557153130564e-05
8.919954343044866e-06
9.612650693126024e-09
0.0
0.0
0.0
0.0
0.0005408687350812379
0.0
0.0
0.0
0.0
0.0019501173940376917
0.0019501173940376915
9.788139000471542e-09
9.788139000236067e-09
0.0
0.0
0.0
3.6847154603425108e-09
0.0
0.0
0.0
0.0
4.814714552283839e-05
0.0
1.935847441664348e-05
0.0
6.601714180475019e-09
6.601446575141512e-09
3.52405326999339e-08
7.832431746756357e-09
7.984056931826898e-09
9.578370126915559e-09
5.043893039555756e-12
0.0
6.695287579066501e-06
4.110249014325297e-05
4.176512497470273e-09
5.413364070692552e-10
5.382346781913994e-10
5.7373465163378764e-05
2.4965066647875786e-06
2.4965066647625967e-06
0.0005152653679668497
9.578370350952056e-09
2.2178730235852137e-05
2.2178730235850866e-05
1.3067261377348839e-18
0.0
1.564083342157375e-06
0.00031994688403469
0.0002916261332490992
0.0005696728987734756
0.00047533818449611067
2.3885375918718692e-05
0.00016889850133373167
6.839343909973039e-05
1.0257208837100975e-05
0.0002744813340141604
6.394338711027887e-05
0.0009307597709860653
3.7355665626444897e-05
0.00011764256914012981
0.0
0.0
1.47095653886542e-09
0.00018459665885312766
3.6805509984148354e-05
3.527831315130087e-05
0.0005133609639771538
0.0005133575733836397
0.0005133609639771538
0.0005133609639771538
0.0005133609639771538
0.0
0.0
0.0006358952968491206
-1.7619713850864263e-06
0.0006341318545074948
0.0
-8.758266577346708e-08
3.2516364705019906e-06
8.738330300322502e-08
0.00035610408946726193
0.0011507625089322354
0.0011507625089322354
0.0
0.00038842461767467053
0.0007445090468641406
4.480785466558083e-10
-0.00012516088277964368
0.0
0.0
-5.720300555458959e-10
0.0010251715030562658
0.0001576143842368982
5.3270774416935137e-05
0.0011295006756040413
0.0
0.0006084209863214208
-0.0007660256498746674
3.1216506277471707e-10
0.0
0.0
1.154085808346709e-08
3.7687104354758227e-05
0.00012516088277964368
0.0
0.0
0.0
1.907868405748628e-08
0.0014340988389732988
-0.006608179812161399
0.0
0.001978077300523901
0.0006631388784787522
0.000857687757956612
8.474240427774772
-8.477581978070923
-2.6074342591336005e-07
0.0
0.0011474391351867096
-0.00018179051405334924
7.311177045374419e-05
0.0004961397936707567
3.350273924582571e-06
0.1577815621195564
0.0
0.0
3.5970126934979264e-10
0.0
0.0
0.0
0.0
0.001367303759372826
0.0
3.326107901292546e-09
0.0
-1.7183255384537113e-10
9.578369641864302e-09
0.0
0.0
0.0
0.0
0.0
0.0
0.0
0.0
11.630246639022399
-1.0079450403661927e-10
5.8051927343547435e-05
0.0
-11.630246638921605
-3.74049749507499e-18
0.0
0.0
0.0
0.0
-4.5407868357970574e-10
3.769566912506341e-05
0.0004354065880682739
0.0007520504271221415
0.0
0.0004750595778055081
0.001205056301622735
0.0
0.001680115879428243
1.3357656818616654e-05
0.0002055974639558817
0.0006106069326035908
0.0009771498248493942
0.0005020303106678555
0.00011857702094255398
0.0006080370574423273
0.0
0.0
1.7013392290764546e-09
3.3937580724889186e-17
3.394637267988512e-17
3.390338546218081e-17
3.392277837545684e-17
4.110249014324652e-05
1.9180102091506588e-10
0.0
0.0
0.0
0.0
1.2026930127972957e-05
1.4516582582229552e-05
2.824510909250904e-11
9.907270001522107e-09
4.96280487659655e-10
8.833116672061691e-20
0.015329861225290571
0.0013992091493313014
0.0013975663297009782
-1.6331038648526182e-06
0.0
0.00024749723565108004
4.24897277374813e-05
0.00021801478789984093
0.00011058350199060065
1.0284280875729413e-05
0.00028170200901597595
4.734518602777143e-05
0.00024749723565107966
4.2489727737480845e-05
0.0002180147878998403
0.0001105834727420616
1.0284258124657711e-05
0.00028170200901597535
4.734517430451143e-05
0.0
-1.0079346192859613e-10
2.515604563732192e-06
5.171577008715065e-10
6.688743735046101e-05
6.688743735046101e-05
-0.06262832451829248
-0.06262736252532564
4.736593386556248e-05
0.00018076518838096897
-4.862562569698354e-13
0.0002281311217602752
0.0
0.0
1.38951612737547e-07
1.3558445590593145e-07
1.6824037245064377e-05
0.0
0.0
3.361023956725031e-05
3.3610239567250306e-05
3.36102395672503e-05
3.361997027882839e-05
3.36102395672503e-05
0.0
0.0
0.0
1.1219695208571147e-07
0.0
1.539406197251574e-10
0.0
0.0
0.0
0.0
0.00029682153343841953
4.652223508711971
0.0
0.0001108063581382758
-4.652631136603549
3.322434666607453e-17
4.65252033041745
0.0
0.02832540935110474
2.516403919068179e-06
9.845471684077107e-09
4.3529282219551e-10
1.8099757474457183e-11
0.00010518240527293325
-0.00010518240527288795
-3.919795692757406e-05
-1.637925823165e-05
0.00012291017895681337
5.409438867506883e-05
0.0
0.0
0.00013348715554880417
5.060956937201716e-09
0.000133487141808592
3.14508898021618e-09
0.0
9.30504134297831e-18
0.0
0.0
5.9255759464962665e-09
5.925575946455902e-09
0.0
0.0
0.007816070547963907
0.0
0.0
0.00782878007761706
2.0075971242064284e-20
1.2726137794922331e-05
0.0
0.0008491165461882742
0.001897984979476027
0.0
0.001048865079201378
0.00026539516234610805
0.00010697020635034893
0.1165267768356128
4.663470035703856e-05
0.0
0.00031360799106035155
10.06211395567516
-10.062113916005233
9.894024725884396e-09
0.004793224068222028
0.00018057414535444633
0.0
0.0
3.7998414979783234e-05
9.314258089768606e-05
0.00014958091019080216
1.988275721227295e-08
5.266887875846949e-10
0.0005559039470239857
0.0003140326789355395
0.0006170929437140533
0.0003845833257495576
0.00043920275983170567
0.0007244196451613214
0.001680552914592516
4.1996384696196924e-05
0.0
5.332009983962444e-10
8.37508612328872e-09
5.814863305906199e-05
5.813648152220609e-05
0.0
-5.805192734354743e-05
0.0006007407634332171
0.0002492719038908214
0.0009432358233829296
0.0011119108446245429
0.0008335923025859941
0.0004002440870588284
0.0006658926997080339
8.547292682857367e-06
0.0
9.578369892772685e-09
9.907270001756269e-09
0.0
4.984122954408216e-10
1.2973031641632314e-06
3.7184312761011237e-06
1.980008198387878e-08
4.798797111885851e-10
0.0
0.0
0.0
0.0
0.0
1.536502067684223e-05
0.0
1.5164614067500102e-07
5.264628527572525e-10
1.986727866886945e-08
5.181495879380216e-10
0.0
2.5482133189805465e-05
5.079681840084687e-05
0.0011827434319730552
0.0
0.0
0.0
0.00013837833495037842
0.00013838520979023424
1.5535486443307898e-19
9.928995258958513e-09
5.813648152220484e-05
5.8136481522204746e-05
1.9478025453591348e-07
0.0
0.0
1.0087500873227195e-11
1.0090223258752867e-11
1.0088997113232977e-11
-1.5493724389543462e-11
0.0
1.832741529701008e-05
2.4770766086353533e-06
1.6882612449111488e-05
-3.7687104354757264e-05
5.9610510861886895e-09
0.0
0.0
4.075145072138448e-07
0.0
0.0
0.0
1.536502067684461e-05
1.4523818772648603e-05
5.22492102837773e-10
1.9858041719079496e-08
5.130035684524568e-10
0.0
0.0
8.983900704416482e-09
1.670312440422676e-10
1.1220311289187074e-08
5.045877287699065e-12
8.410758880160175e-09
1.6245023246820598e-08
0.0
0.0
0.0
0.0
0.0
0.0
0.0
2.969283222009974e-20
0.0
2.1901752699981193e-05
2.1901752699981193e-05
0.0
9.90303990193869e-09
0.0001233345977225928
5.700471036734567e-09
0.0
0.0
9.942449963257704e-09
0.0
-0.0003797960050964693
1.1899085503408814e-09
0.0
0.0
0.0003348085585151272
4.557924418581287e-10
4.377782039825627e-10
0.0
7.928380670097682e-05
2.290334605311133e-05
1.9636961256955217e-08
3.7953996284801913e-10
1.9360073563970068e-05
1.7020371124337926e-09
0.0
0.0
-9.648113269824272e-09
0.00037761497080136396
0.0
0.0003779622378026933
0.0
6.732622430185542e-05
0.0
0.00024643584723334715
0.0
6.732622430192645e-05
0.0
2.0821116448775518e-05
0.0
0.0001065286646598457
0.0
1.327111555113272e-06
0.0
0.0001229071318012906
0.0
1.0006222626749377e-05
0.0
1.000622262682017e-05
0.0
1.0006222626890986e-05
0.0
0.0
0.0
0.0
0.0
0.0
0.0
4.626865032187656e-05
4.6260057378247343e-05
3.5115079059998625e-05
-0.0003998278727984604
-0.0004001807558938371
-0.00031361084341762635
-0.00012732646422679642
-0.00012421827065471419
0.00017408586169289093
0.00017409273346708854
1.2917914186882727e-07
1.2917914187056432e-07
0.0
0.0
9.578371123723666e-09
0.0
0.0028491532039501277
4.612611165012635e-05
4.473902627542495e-05
1.386934296069031e-06
9.57837069080734e-09
0.00036751044659077866
0.0
0.0
0.0
0.0
0.0
0.0
-0.00023302826079126318
0.0005916269878900027
8.433521334885407e-09
0.0
6.613132022935643e-05
0.000489338988580992
2.5100297010178293e-05
9.154393670866075e-05
0.00015397578896001496
0.0003210481024881395
2.6885528358726973e-05
3.471018020428685e-07
0.0015125297790523015
0.0013758277999488047
0.0004158630694423519
0.0012835723906855108
0.0011490659980898396
0.00023909788143880415
0.0002155710052877821
0.0005191849288184744
0.00043493800975504465
0.0
0.0015990996915284433
0.0016013101360671399
0.0003766651125147607
0.0013030598424891742
0.0011326867398581727
0.0002404059731366706
0.0003384811842445783
0.000508046789554164
0.0
0.0007438975073754238
0.00013071427957259607
0.0
0.0
0.0
0.0
0.0
0.006064245100525764
0.004595401319517862
0.0
0.0
0.0
1.04466517616758e-07
1.2760957873519198e-07
7.470000851693432e-07
0.0
0.0
0.0
0.0
0.0
4.905789611155639e-05
0.0003517515067220277
0.005700698507142387
-0.0052685746859406635
3.1285801988019746e-05
0.0
0.0
7.3280757521945495e-09
7.3280757521041585e-09
7.328075752029513e-09
0.00010650966812503734
0.0
0.0
0.00021298296890833476
0.00021298296890833476
0.00021298296890833476
0.00021297912753199042
0.00021298296890833476
0.0016318129118445132
0.0032053186470209134
0.0032052900306398513
0.0002616183373242332
0.0
5.155279662442988e-08
0.0005233217374117044
0.0005233217374117044
0.0005233217374117044
0.0005233178959054637
0.0005233217374117044
0.00027357180633601853
9.14144244996246e-05
0.0
0.0007313416509486492
0.000731332025302741
0.00073134180424278
0.0007313416509486488
0.0007313418042427795
2.4405262387785094e-05
0.0
0.0
4.877260748579947e-05
4.877260748579947e-05
4.8772607485799464e-05
4.8782438764357524e-05
4.8772607485799464e-05
7.154095146623314e-09
2.8459592085438156e-05
1.1302667528227764e-09
5.6921444720217526e-05
1.029167736006023e-09
0.0
0.0056465952634998165
3.530188393300859e-05
0.0
4.776185903859714e-19
0.0
1.6011858687720805e-05
0.00011212947272812255
0.0097843459726743
0.0
0.0
-0.0006014458417717322
0.0006023123087638068
0.0
0.08535172086414922
0.0
0.0
0.0
0.0
0.0
0.0
0.0
0.0
1.161662839601969e-09
0.0
0.0
0.0006463165446127872
8.066345772593833e-05
0.0
0.0
0.01942563624993228
2.2677261118643644e-09
5.0505070825810694e-09
0.0
0.0005049049981376268
0.0005049049981376269
0.0001371173501312198
1.883198503433379e-08
1.30112696508033e-07
0.0
8.356968189320077e-07
1.7494326459438534e-08
0.0
0.0011466373286021954
0.0002992740600594707
5.8152659596954944e-05
4.023823011325193e-05
0.00034708878138868694
4.6998570413472274e-05
1.4332153480686576e-05
3.582405848464004e-09
0.0
-0.002099738509068717
2.644909869570951e-06
0.0
0.00027561116495447894
7.753105240578333e-09
0.0
0.0
0.0
3.532193180616342e-09
0.0
0.0
0.0
0.001392041817674846
0.0011400808077556964
0.0011400899117280695
0.0029571970471073453
0.015869955955215856
0.0003372473137423538
8.443243286564558e-09
0.0
1.0148107564373844e-08
0.0
0.0
0.0
0.0
0.0
0.0
0.0
0.0
0.0
0.0
0.0
0.0
0.0
3.473820991994218e-09
1.38951612532913e-07
0.0
0.0
0.0
0.0
1.5654706543199062e-05
7.811313415829526e-09
1.1910208039932024e-10
-3.178326216736585e-09
9.642903279706013e-09
2.3543570203526165e-10
4.136265162146005e-09
0.0
0.016698933364450275
0.0016485767084674172
0.00030130209781038873
0.0
0.0
0.0
0.00017406372967260363
0.0008243659406671216
0.00024688746221126416
0.0003739652667394264
0.0
0.002979479871291509
0.00021869748622750827
0.00021869748622750838
0.00021869748622750822
0.0002186974862275081
0.0
0.003322411103105969
0.002246454531037904
9.172908626803434
0.0
5.093171474347881e-05
4.07139093288104e-06
-4.686032381059776e-05
4.329088638148132
0.875394818746719
0.0
0.0
0.0
0.0
5.2044834553630075
1.3895161248773301e-07
1.389516125797679e-07
1.3895161262829765e-07
0.0
0.0
-3.9537743611892466e-10
0.00027383409503613096
0.010218110963943434
0.0008836220258561052
-6.399618865070087
6.41104533941069
8.297513808056713
5.2044834553630075
0.01460833756488644
0.0
0.0
2.6242540441216776e-10
0.0
0.0011400899117280695
7.1319834936924735
4.106324311654963e-05
0.0001993601774706205
-0.019142613110105233
0.00019321934686038653
1.371122648168771e-08
0.001949878806277805
-6.570180526221697e-06
0.002685652076531723
8.356968190982011e-07
8.356968191397245e-07
1.940292468128413e-05
-7.566126107910991
0.4341643178622695
-3.4272785068483136e-11
0.0001676927132235003
0.0
0.0
0.0006950437826532091
5.397171200419994e-09
0.0
0.0
1.7494326459407836e-08
8.9138695531492e-09
4.3611872983912406e-05
0.0015793252636504434
-1.7973321589542125e-05
-4.32355289493435e-09
0.0
0.0014157710830826381
0.00016768137238420378
0.0
0.0008580113771532558
0.0007400796526558564
3.2376584818717795e-05
-0.0006757450770054074
0.0
-0.0006757534218456882
3.3313884143545636e-07
8.232275774247989e-07
9.553675646104103e-05
-0.0003877854854613883
-0.0005807855098346801
0.0009905389187491033
0.00013561893176808082
0.00036989808992278245
0.0
8.497738715070431
-16.488986941357638
7.991245960742076
-2.2655451309479296e-06
0.0
5.5580644960283e-07
5.558064495952523e-07
5.55806449598326e-07
0.0014838339246426243
0.003984967410486559
5.307184686704443e-10
0.01569602989191447
1.6667016569532446e-07
0.0
1.2266574973185194e-18
3.58240584852576e-09
0.0
0.0003675168218764761
0.0
0.0
1.1507345211726577e-08
0.0004334649408784738
1.0662910277367894e-05
3.5321931806820854e-09
0.0
1.6612299601557813e-10
7.421002294833591e-07
1.628874011496422e-05
3.9766143850313906e-08
5.235706196773049e-10
9.505788610238573e-05
9.505788610237719e-05
5.310023111939615e-10
7.325089878169877e-07
0.0
4.1092891478070027e-05
4.105561001512188e-05
0.0
9.761245991189715e-09
4.106324311655601e-05
0.0
0.0
6.898347266891761e-05
0.00044294873940834334
0.00039211981505650565
0.0
0.0006190553024480529
0.0021090879681560618
0.0
0.010136386288114944
9.897547532901671e-09
-0.01013637639056741
0.0
0.0
1.0542933654812586e-08
0.0
-0.06004293533781909
-0.07048319483022647
0.0013443238169676699
1.021891332340148e-05
-1.0209152594399644e-05
0.0
0.0
4.6268650321859214e-05
4.626005737822826e-05
3.511507905998128e-05
-0.00039982787279847776
-0.0004001807558938537
-0.00031361084341764364
-0.00012732646422681376
-0.00012421827065473137
0.0
2.8244556545827558e-11
5.177225458640143e-10
9.928995258564368e-09
0.00443333672890635
3.9790301245538673e-07
0.0
0.0
0.0
0.0
1.389516123235583e-07
1.3895161237731068e-07
1.389516122903912e-07
1.389516123025544e-07
1.3895161234601418e-07
1.3895161267850222e-07
0.0
0.0012951081246739774
0.0010219486179650606
0.0012929211914429902
-0.0005191917678724792
2.601401633725039e-09
0.0
0.0
3.3502739245855477e-06
3.350273924585512e-06
0.0
1.4372116501775177e-05
-1.7724244107266175e-05
-3.3521276054910196e-06
9.807391043067698e-09
9.928995259048524e-09
1.0446210223763778e-07
2.6423397356414176e-14
5.795117151881741e-07
-5.795117151881862e-07
1.973638630215054e-08
0.0
9.807391043008414e-09
0.0
0.0
-8.366473853795272
8.364397086462958
0.0020767673323130354
-6.702440125743933e-05
5.371875174733342e-05
1.272613779491979e-05
3.3502739245854224e-06
5.5718392972625494e-05
-1.1144978318315238e-05
0.0
0.0018470018158188472
0.0
0.0
7.735503552328454e-09
0.0018221591992222746
9.89244019884628e-09
9.892440199240997e-09
-0.006873094714805461
1.7692561871597704e-08
0.0
1.1054470343673707e-08
6.132768404010404e-09
1.1054476286737205e-08
1.1054482224851567e-08
0.010300167493851778
-10.69896358622691
10.698963579362163
0.0
0.0026937204491255724
3.750536530629385e-08
-0.001061084790991436
0.0010649974230009646
-3.912544145595626e-06
-3.912544145595624e-06
3.350273924585241e-06
3.350273924585325e-06
2.4965066648065293e-06
-5.079681840084761e-05
0.0
0.0006007743654719286
-0.0006515768684949006
-5.079271280243194e-05
-0.0019532303560599387
0.0033781191048227626
5.372935210864728e-10
6.287580341878922e-05
6.0387198018557406e-05
-2.4690851792397073e-06
0.0
0.00010752752110580312
0.0001382718958664843
-1.162345094062722e-09
0.005993119607591636
-0.005993099731501004
5.160165110658383e-10
-1.1052827461620113e-08
0.0
2.5480472378071853e-05
-2.548047237807186e-05
-2.5480472378072022e-05
2.5480472378072364e-05
0.0
-2.6932195238813025e-10
1.1077702716754919e-05
1.1077702716755032e-05
-2.5482133189806688e-05
5.079681840084689e-05
5.919316828395725e-06
4.078030245830923e-06
2.254801772277439e-05
2.254801772277436e-05
2.2548017722774266e-05
0.0
0.00010002072621746355
0.0035305550965959768
0.0036305796025234323
-3.77970999290711e-09
3.443946391408138e-05
0.0
0.0
-2.962013976479028e-09
1.2034611277085832e-08
0.0
1.9219345164792314e-08
6.590469606509096e-06
3.596915397902141e-10
9.768854777437328e-09
3.720091156942626e-10
9.78133864596695e-09
9.399770008703539e-08
3.4438066405295154e-05
6.6100197999323814e-06
3.4433207499982434e-05
8.439707463928974e-08
0.0
3.4372281851810466e-07
4.5173023471570256e-11
3.2429236355806824e-07
0.0005439705345841832
1.8929391394216578e-05
2.5480472378071866e-05
0.0
5.221497067998298e-05
-7.770425833817251e-05
-2.5479509217230216e-05
0.00013561893176807427
0.0
0.0
0.0
0.0
0.0
0.0
0.0
1.94324166828726e-08
9.762414588834658e-09
0.0
-3.5338718523465266e-10
1.1204533055181779e-05
0.0003884676189190355
0.0004593440998964331
8.784367080854643e-06
0.0005666992911659072
0.00011184569768527285
0.0
9.510664884662356e-05
0.0
0.0
0.0
4.546517243335012e-08
0.0
0.0
0.0
0.0
2.3667557834915505e-09
1.5848676585342434e-07
0.0
0.0
0.0
1.0520425227097755e-05
0.00041984792206179784
0.00015869213200027027
0.00022638032288570327
1.9034319936273872e-05
0.0003892959347955189
7.091975246766781e-05
7.761184768650323e-05
0.0
0.0
9.554341761665533e-09
9.166336486488027e-09
2.630967592487581e-09
7.368228894117072e-09
0.0
5.689140960726799e-09
9.564320922655602e-09
0.0
0.0
0.0
0.0
8.85811186486466e-09
2.1518958909832065e-05
5.991403894777043e-07
0.0
2.40865032867646e-05
0.00032130753037626326
0.0
9.22264252898329e-09
0.0003183836332414131
5.916156160647208e-07
0.00011447400144495554
5.15708438789817e-08
0.0
0.0
0.0
0.00037979600509646926
5.805192734354421e-05
0.0
0.0006863494303086241
6.0852181863765576e-05
0.0008053511670715954
-8.802481643228638e-08
0.0
0.0
0.0
0.0
0.000201066823115896
9.578371288289037e-09
0.0
0.0
0.0
0.0036316870381676524
0.0
1.2735502631393348e-08
9.913039663230446e-09
3.076724249522325e-09
3.0767242493196723e-09
7.061423322481921e-09
7.061423322354321e-09
9.074076664908765e-09
9.074076664725565e-09
6.934967498615943e-10
0.0
6.934967496626408e-10
0.00018773837480971415
0.0007209448184478821
0.0009086838073874241
0.0
0.001071253402878383
0.0
8.437217878495317e-09
0.0
0.0
0.0
0.0
0.0
0.0
0.0
1.3760172202928104e-06
1.3663066834458141e-06
1.376017220292796e-06
0.0017313907160096242
0.0
2.8576417928509683e-05
1.3399667342644222e-07
0.0
7.169045906763994e-07
0.0
0.0
1.407098273608725e-06
0.0
7.080620146671484e-07
2.6442866264145552e-05
1.416790811153007e-06
0.0
0.026145661578762067
1.1736776508250089e-05
1.1583260449466644e-06
0.00019299378495918603
0.0001315400146305246
1.7005378321136781e-09
1.7009514677516548e-09
0.0017175838681594768
0.0017175803943385564
0.0
-9.578370582587064e-09
-9.578370562958042e-09
1.7017011119350613e-09
1.3350134993117024e-05
0.0
0.0
1.2701985514812974e-10
0.0
1.27455915499377e-05
0.0
-4.309625293935483e-10
0.0
0.0
0.0
0.0
9.002745514979104e-19
0.0
-4.735031346970589e-10
-0.001269283296843523
-1.6798579159107117e-10
0.0007428965445075103
0.0005263865843502212
2.4775387043039815e-05
2.759533533680454e-20
1.3760172202928407e-06
0.0002921048016607718
0.00029210480166077184
9.932864335982057e-09
2.644286025349138e-05
5.889014917554355e-07
0.0
0.0
1.3751475402007315e-07
1.3751475402006087e-07
0.0
3.8931890556199465e-08
2.3052161084303345e-08
0.0002815418979859655
0.00018117994250116057
8.763574793394873e-06
1.5263122565700643e-06
2.7029919352361127e-05
1.2997443489142587e-07
0.0
-0.00028151249988121654
-0.0001811536213882668
-8.728334260694507e-06
1.3995045749294583e-06
0.0
-4.3212373788298323e-10
1.3995045749123313e-06
0.002592874601243956
0.0025928828392653095
0.00019758267729793884
0.0
0.0
0.0
0.0
0.0
0.0
1.120453305518222e-05
1.1204533055182414e-05
1.3895161241005906e-07
0.0
-2.71166087012766e-12
0.0
0.0
0.0
9.903039900816302e-09
-0.0034257678069348693
0.0
2.868593467185442e-05
0.0
0.0
0.0
3.769566912506353e-05
0.0
-9.565746417194987e-09
1.2680824758293696e-05
0.004167472196562758
0.004167472196562726
1.2745589334424209e-05
4.075145072233589e-07
4.0703470355025356e-18
0.0
0.0
0.0
0.0
0.0
0.0005116849683580943
1.9733859894207153e-06
0.01808031001620953
0.0002573658260720955
0.05868714597091328
3.5389634942529634e-05
0.02604320207508318
0.0004593909245111108
3.354222035121704e-05
2.601863216509157e-05
1.0572890968403874e-06
0.0002501836555761422
0.0004593909333832344
0.0004996896648047759
0.0020688590300603116
3.3541884524273524e-05
9.631200080422075e-05
0.0008707424863850437
5.554111110530454
0.0
0.0
0.0002068369264245875
0.004793051816604419
0.00033493867121280356
1.243664628786999e-07
1.8072255232232334e-05
0.00018073825080830777
0.00020576984850826562
0.0002945075746037529
0.0004521623838482647
0.0
4.125944173042776e-05
0.0009315114581351978
-6.251830890951831e-12
0.00040737045369335643
0.0005654004399204383
4.55374786825564e-05
0.0004661571119418215
0.0
1.442440123192932e-09
8.401501508432368e-09
4.3378281589331557e-10
3.35424420268119e-05
0.0004996896648046519
0.0
0.0
0.0
9.61832056517876e-09
0.0
0.0
1.8737292106142683e-08
0.0
0.0
0.0
0.0
2.4684208539584293e-09
0.0003140534110080233
0.0003140534110080233
-8.809697522426668e-09
-8.809697522421647e-09
9.844908451672988e-05
0.0006195181798047069
9.935248082919264e-09
0.00020698406179508135
9.948823906261933e-09
8.547292682859053e-06
9.933827683688474e-09
9.847990251761965e-09
0.0018825124263027202
5.933410729666366e-08
3.6986311941170175e-06
9.90943000748363e-09
0.0003601939753775883
9.928422965648215e-09
0.0005441320712385509
9.866244640831204e-09
9.116915739186234e-05
9.944677565432277e-09
0.005110664932854655
9.952919924511473e-09
4.492090171100787e-07
9.937850736938083e-09
0.0017989906095959194
9.942162373038621e-09
0.001013271691228219
2.386665144366842e-07
0.0
0.0
0.00016808679052126085
3.5551710143614876e-09
0.0
6.008551577845638e-07
8.547292682858535e-06
0.0003921198150565068
0.0006620842526468013
0.00018427277654856303
1.4887525168306681e-05
0.00024075006758266394
0.000439620586379496
0.0003348090643283671
0.0
7.311177045374538e-05
0.0
0.00032587213584994
0.0
0.0
3.3224704116244995e-08
0.0
0.0
0.0
0.0
0.0
0.0
0.0
0.0
0.0
0.0
0.0
0.06120448802787215
0.061204480056725796
0.00018121981256686667
0.0
0.0011507625089322345
0.0
9.806310834211361e-09
0.0
4.195985982745387e-11
0.0
9.5783711899108e-09
9.57837123932321e-09
9.57837127190757e-09
-9.648113266211677e-09
1.956709259480381e-11
1.2306870551235277e-11
2.5480472378071863e-05
0.0
9.065735096865015e-09
3.7696880891245336e-05
0.0
9.853096477794968e-09
1.9736386302148533e-08
2.4615634505453503e-11
0.0
5.6854001764365736e-09
9.578370824243394e-09
9.578370940892903e-09
9.578371040701244e-09
0.0005053203379412473
0.0002818693398616208
9.69513046069953e-09
9.776536487107158e-09
3.672708868618542e-10
-3.769688089124562e-05
9.925980965780654e-07
0.0
2.51277102530609e-09
2.5127710602121395e-09
0.0011400977578221018
0.00041654358272523386
0.0005900346275864045
0.0006847088187281598
0.0002649771190909619
0.0006959062630894515
0.0006532186122860017
0.0005003105723329162
0.001186845521114696
0.0
0.0
2.512770956385666e-09
2.512770923407605e-09
9.903039904203177e-09
0.0005266876247673338
2.9216322256651668e-05
0.00020487036436660095
0.00010916231456893825
0.0003692657266898072
0.00024782721702424563
0.00016382717177168554
0.00022075615397787172
0.0002768491215123634
0.0001623612606809402
1.3325953044322021e-05
0.0007110936921169989
0.0006190824060265325
0.0010614722106093415
5.736297592952848e-05
0.0013665515078293085
7.522515435167238e-07
0.0001172752954418182
0.0006190553024480534
0.022381822929446536
0.0
0.0
0.0
0.00037506654973663297
8.397000064504074e-05
0.0004985788036584818
1.7945489088822497e-05
0.00010729732285306924
0.00036549540474022763
0.0001057016056495637
4.896391989468816e-05
1.456411908831764e-09
0.0
-9.648113268605392e-09
0.0
0.0
0.004595409962099795
0.0
0.006064245100525764
0.00033797317336846546
0.000551197399915044
6.786200435661954e-05
0.00033264153880436495
0.000153851709516785
0.0001645078980641035
0.0003455245813437272
5.852149304904192e-05
-0.00013711735013121956
0.014017455193978626
-0.005196154451210577
-0.016698933364450275
0.015869955955215863
2.5084382930735393e-20
-0.002849159542855806
-0.00048717610805608586
1.4672372361430479e-05
0.0
0.0
2.944362086637344e-08
0.0
0.0
0.0
0.0005512064971276857
1.4672372361430706e-05
4.3101899846047826e-05
0.0
0.0003326472933583752
0.0
0.00011059151269434105
2.9443620866653423e-08
1.0276766153542852e-05
0.0
0.00028168485682588036
0.0
5.7873446869414864e-05
0.0
0.0005658788694891159
4.30932744302496e-05
0.00033263772176888467
0.00011062095631520715
1.0268379062929643e-05
0.00028167643392818295
5.786495954994106e-05
1.0447179567738819e-07
1.0447179583038814e-07
9.731680565561174e-10
0.0
-2.6518081064352828e-09
0.0
9.932864336165086e-09
0.0031992937951423814
4.0135461168475106e-05
0.0009771885664248082
0.0004198479220617977
0.00015869213200027005
0.00022638032288570297
1.9034319936273618e-05
0.00038929593479551856
7.091975246766754e-05
7.761184768650289e-05
8.397903328842615e-05
0.0004985872142223453
1.7954661755428614e-05
0.00010724894432532174
0.00036551132086299856
0.00010571065922044816
4.897355246199432e-05
0.00031838022516973144
2.536128444755831e-05
0.0001144586925491823
4.330622934644727e-05
0.0001542225914286767
6.382324547259078e-05
6.474374036876005e-07
0.0003884676189190354
0.00045934409989643296
8.784367080854499e-06
0.0005666992911659071
0.00011184569768527268
0.0
9.510664884662338e-05
0.0
0.0
0.0
4.546517243317924e-08
0.0
0.0
0.0
0.0
2.366755783342689e-09
1.5848676585324805e-07
0.0
0.0
0.0
1.0520425227097553e-05
-0.0008243659406668158
0.0
9.578370540525317e-09
0.0003126962690464406
0.0
0.0
-5.033804473956897e-10
3.7695669125063446e-05
-0.005597787268138669
5.061851285970538e-06
0.00014759719605298837
0.0
5.563276610522635
0.0
0.0
0.0
0.0
4.1784840937937706e-07
2.5376985465972306e-05
0.0
0.0029718274893450773
8.1129554388311
0.00024304720234152193
-0.0003258576528613124
-7.861780665361419
-0.24727328278492686
0.00012333459772259268
0.0
1.2027903296063784e-05
0.0
0.0
1.1400861391751339e-07
5.961051086162068e-09
0.0
0.0
0.006573894228167925
1.6009948574199654e-09
0.0
0.0019498788062778036
0.0019498788062778066
2.4965066647980983e-06
3.3502739245840163e-06
0.001949880082135351
3.3502739245833404e-06
0.0019498788062778062
3.3405388403400154e-06
0.00041656053279163927
4.17651249730141e-09
0.0
0.0
0.0026926351999050795
-4.309460553997555
4.306767927245946
8.448296245459625e-09
-0.24695560492816426
0.0
0.0
1.4516582582219453e-05
2.150423712548519e-05
5.811655046908528e-07
0.0
2.414006345994236e-05
0.00032129361285520994
0.0
0.0
0.014017455193978626
9.543524708021701e-09
0.014017455193978626
9.543524708076946e-09
2.1504237125484988e-05
5.811655046906197e-07
0.0
2.4140063459942104e-05
0.0003212936128552096
0.0
0.0
5.563276610522635
2.585450436935779
9.727045637580835e-09
0.0
-7.424444473610191e-05
0.00027730080944670917
7.226719709403999e-05
1.9868779737152342e-06
2.230351379125446e-10
0.005007742266951364
-1.953540748610887e-06
0.002108613771474746
4.601965025886359e-07
3.0940363691305944e-08
0.00010170973162226467
0.0006169844935267954
0.0007702903953901091
0.001822165975967519
0.0
6.776748621224859e-09
5.958424898824595e-05
0.00037506975670313007
0.0
3.206970587831928e-09
5.9584589001909235e-05
0.0
0.0
0.0008588053510545246
0.0019056600879202759
3.7695669125063325e-05
0.0
0.0
0.0
5.700471036749987e-09
-8.412019042086939e-07
-8.412019042048717e-07
-8.412019042006509e-07
0.0
0.2569123238920743
0.2569123238920743
9.358692426778596e-05
7.170618773329611e-09
0.0
0.0
0.0
0.0
0.00022638973962121314
1.4709565395035985e-09
0.0
0.0
0.0012700553318039656
0.0012700553318039656
1.3895161244422803e-07
4.075145071995905e-07
7.0346753677346395e-09
0.0
0.0
0.0
0.0
0.0
0.0
5.61816865317818e-05
7.251785681052062e-09
0.0
0.0
1.7312770820134038e-07
0.0
1.8071006988834848e-05
1.2482433972082554e-09
4.352700594518373e-05
4.5746707142021653e-07
4.831306639136805e-06
0.0
0.010348939131238646
-0.005324542760657178
0.0
0.0
4.997105263681452e-10
0.0
0.0
0.0
0.0
5.558064495936871e-07
0.0011474391351867098
0.0013673037593728116
0.0
0.0
0.0
0.0
0.0
5.813648152220508e-05
-5.813648152220435e-05
0.0
0.0
0.0
0.0
0.0
7.657141977640932e-09
0.0
7.65714197763691e-09
1.0092662442266237e-11
0.00013837833495037842
0.007828937196100037
0.00037979719500501964
0.001235530572599618
0.0
0.0
-1.5999404309159955
1.5999330004780656
-7.451488799726742e-06
0.0
0.00114743913518671
0.00114743913518671
1.0092425487251378e-11
0.0
0.0
1.4523818772655874e-05
1.4516582582206097e-05
1.2726137794918554e-05
0.0
0.0
0.0
0.0
0.0
0.0
0.0
2.2989404644610465e-05
2.2979858412251232e-05
0.00114743913518671
0.0
0.0
0.001130116831761317
0.0011427977235210311
-1.2680891759716154e-05
1.2680824758291936e-05
0.0
0.0
0.0003647470501435394
0.0003306206612241462
0.0
1.0091197269463105e-11
1.00919370673742e-11
0.0015189670244792396
0.0005885067983811948
0.0007099118898092856
0.0
0.09834946410117841
0.0
0.0
-8.121327201832086
0.0
0.0
1.02916773585177e-09
0.0
-9.665857363637398e-09
0.0013672525952270805
0.0
6.73180921022691e-05
0.0
-0.0008823798535567418
0.0
0.0
0.0
0.0
0.0
0.0
0.0
-8.219276053934184e-11
0.0
0.0012311270772124119
0.0
0.0
1.389516124292052e-07
1.389516124360243e-07
1.3011269651090203e-07
1.1204533055181999e-05
4.971224981624099e-09
4.97122498162411e-09
0.0
0.0005377424662784238
5.813648152220489e-05
0.009784345972674283
1.6201691988768143e-07
11.989493812613496
-11.989493793050762
9.696489024093386e-09
1.2721062759157292e-09
0.0
0.00018179051405334932
9.424833734093678e-07
2.012099366989749e-06
5.078848258936531e-05
3.184416370057961e-10
5.371875174733348e-05
0.0
0.0002634569456906549
0.0001897078676259274
-2.8533747588041436
2.8533010290759147
9.622789905440377e-09
2.148642932389772e-07
-2.1486429323903716e-07
0.0
0.00518242105341862
0.005166509874405454
8.41075888015961e-09
4.976038784976354e-09
0.0
0.0
-3.571081514493611e-09
0.0
0.0005439367696770936
2.1486429323886436e-07
1.9479574821723333e-07
1.2719323362796628e-09
0.0012311270731731126
0.0
0.005400726763952535
0.0
0.0014411218317757087
8.905282373459834e-08
1.5014041213640028e-05
1.508689544814004e-05
1.5014041213640206e-05
0.0
1.6198589234302336e-08
0.0
0.0008758489336102571
2.552380666158647e-08
0.0008758411040560517
2.470982858151316e-06
0.0
-1.8806467181622065e-08
-1.880646718587417e-08
-8.366306170210576
9.296785363877903e-18
0.0
0.0
4.072964242405594e-09
0.001978305504658537
0.001978305504658534
0.0
0.0
3.9814859463966354e-10
0.0
3.9814859449336755e-10
8.869807581012566e-09
0.0
-1.2027903296086759e-05
0.0
-1.2031876750626568e-05
-1.2040746558224339e-05
1.9336400828581105e-13
2.2409066110363025e-05
6.5701805262220735e-06
9.901638425026047e-09
9.944637687013327e-09
9.944637686655445e-09
0.0
-8.833920024097491e-09
2.240906611036212e-05
5.7362975929525755e-05
0.00013711735013121997
5.73629709426517e-05
6.5701805262217025e-06
6.5701805262213095e-06
5.7362975929526216e-05
5.736308571156349e-05
1.236510444646401e-10
0.0
3.115847673504539e-09
4.907224722587494e-10
0.0
0.0
9.912068960469194e-09
9.912068902641347e-09
1.2049575385188697e-08
1.2049575229364835e-08
4.91095783049903e-10
9.922332014645044e-09
5.111460619937312e-10
1.2049574917190829e-08
9.902016678622457e-09
0.0
0.0019491247959411138
5.736297592952806e-05
2.2409066110362636e-05
1.204957460013486e-08
1.2039598991466793e-08
5.080130562786032e-05
0.0
0.0
0.00014070561585642627
3.424831517774694e-10
1.204458661959324e-08
1.2049574126661601e-08
0.0
1.0446210044407226e-07
1.0446651887939934e-07
0.0019057061226213992
3.7695669125063406e-05
8.533314165342604
-8.533314155625328
3.0880315653856163e-10
9.925980965779832e-07
-3.348821623304971e-06
-3.348821623304944e-06
0.0019501076058986908
1.2312236579254605e-05
1.1263761509828632e-05
9.320155542689713
-9.320155453730363
9.81456840059471e-09
1.1204533055181663e-05
-0.0008081566422770692
0.0
0.0010672309618694506
-0.001067230999411293
0.0
-0.0008081648845053024
0.0
0.0
0.0019501076058986903
0.000314952192695549
9.874064401566932e-09
-0.00031494231863114715
5.238940320214155e-10
0.0008342466704119962
2.5535475908013692e-06
1.0373406716583779e-08
5.1483023918334e-10
0.0
0.0007012931743852517
0.0
0.0
0.0
0.0
1.0166273135996661e-09
0.0
0.0
0.0004336229718031087
0.0002985102152519702
3.886231853878258e-05
0.0006932708619171429
-6.5991535170016645e-12
