0
0.0
0.0
0.0
0.0
1.82006092815978e-08
0.0
0.0
0.0
0.0
0.0
0.0
6.045351832917447e-08
0.0
0.0
0.0
0.0
8.925624094549486e-09
0.0
0.0
0.0
0.0
0.0
0.0
7.140821297656165e-10
5.4466097072725525e-09
9.367576904085227e-09
0.0
0.0
0.0
0.0
0.0
0.0
0.0
0.0
0.0
8.720061552527149e-05
4.1661937312643695e-09
0.0
0.0
0.0
0.0
2.3656093099090537e-09
0.0
0.0
0.0
2.299668571505812e-08
2.4203455003138652e-08
0.0
0.0
0.0
0.0
0.0
0.0
0.0
0.0
0.0
0.0
5.524625797232419e-09
0.0
0.0
0.0
0.0
0.0
9.817194009112298e-09
0.0
0.0
8.8534564608973e-09
0.0
1.7034181239865119e-18
0.0
0.0
1.6994371080605927e-08
0.0
1.015439691831382e-10
4.8932694689660946e-12
9.941236472476439e-09
3.2521702214922134e-20
0.0
0.0
0.0
0.0
1.0154366236747592e-10
7.197372898423146e-20
0.0
0.0007096567073450693
4.898719111258475e-13
0.0
0.0
9.26493302676017e-09
0.0
9.397971415230685e-09
0.0
0.0
3.453244887550096e-09
0.0
0.0
0.0
0.0
0.0
0.0
0.0
0.0
9.378185840459519e-09
0.0
0.0
0.0
0.0
0.0
1.9553444215829354e-07
0.0
0.0
0.0
9.493945903703142e-09
5.883081723864685e-09
6.596577310564897e-20
0.0
0.0
0.0
0.0
0.0
4.146682780738218e-09
0.0
8.86381421283611e-09
0.0
3.5808949798147983e-09
0.0
-1.090702609118921e-05
1.0930662080355091e-05
0.0
7.229874085278162e-09
9.515408763265385e-09
0.0
0.0
8.958737428903697e-09
0.0
0.0
9.583703389569161e-09
0.0
0.0
0.0
0.0
0.0
0.0
2.276525570931541e-21
0.0
0.0
0.0
0.0
0.0
0.0
0.0
9.1342262447235e-09
0.0
0.0
0.0
0.0
0.0
0.0
0.0
0.0
0.0
8.774410415951941e-14
8.675083021570306e-10
-0.0001464049318786742
0.0
7.79140140456394e-09
0.0
1.04194076479185e-09
0.0
0.0
0.0
0.0
1.914629623907433e-08
3.6041132650906355e-07
1.2423092503693715e-08
0.0
3.663985454233446e-07
0.0
0.0
0.0
0.0
0.0
0.0
0.0
7.386003807431435e-05
3.201102051858879e-09
0.0007093491996790004
0.0
7.104646850773749e-08
0.0
0.0
1.513214306975558e-08
9.865716852887205e-09
1.3688306084296452e-19
0.0
0.0
1.1763910054781882e-08
0.0
0.0
0.0
0.0
2.669722143504738e-09
1.968383025813721e-08
0.0
1.943828057596261e-10
3.80783380608124e-09
5.354368658415646e-09
0.0
0.0
1.5133105827080214e-08
2.1034562544256117e-07
0.0
0.0
9.84736506134548e-09
0.0
8.904373180844384e-10
0.0
0.0
0.0
0.0
0.0
0.0
0.0
9.281270211970279e-09
0.0
0.0
0.0
0.0
7.031365680495756e-20
2.7405889064004916e-09
9.708132054376839e-09
0.0
1.6923572537689906e-10
9.45354464615842e-22
0.0
9.581408263051976e-09
1.3486471705029257e-11
0.0
0.0
0.0
0.0
0.0
4.751607136358635e-11
2.0580206570031123e-06
6.298352308719158e-12
0.0
0.0
0.0
0.0
1.3689230652212294e-20
0.0
-0.0007108463672382825
6.816388779742769e-24
0.0
0.0
9.538249554349733e-09
0.0
0.0
1.3888552241994612e-08
0.0
0.0
0.0
3.638182823720497e-09
0.0
9.522797771806502e-09
6.588731922181691e-09
0.0
0.0
0.0
0.0
0.0
0.0
0.0
6.9082735364006355e-09
0.0
0.0
0.0
0.0
9.712358715391639e-09
0.0
0.0
0.0
0.0
8.743689454518725e-09
0.0
0.0
0.0
-8.743686180241717e-09
3.22603061797655e-16
6.252307766864689e-09
-1.4687266432136109e-08
0.0
0.0
0.0
8.826958045241797e-09
0.0
0.0
9.739903448905622e-09
6.2523077663846505e-09
0.0
0.0
0.0
7.482763637361358e-08
0.0
8.117977214378932e-09
0.0
0.0
0.0
0.0
0.0
9.666367580050482e-09
6.847025552237846e-20
1.8061195442876932e-14
8.991637379805832e-09
5.0839111203592305e-08
0.0
0.0
8.320968066420645e-09
5.067697362483825e-09
5.697894196633516e-09
8.588081500775742e-09
0.0
5.2359007302235224e-08
0.0
0.0
0.0
0.0
0.0
0.0
9.78173281307414e-09
0.0
6.648260758644435e-12
3.3151082938239776e-07
3.251983424767742e-10
0.0
0.0
0.0
2.0138820382663785e-08
0.0
8.870874660014895e-09
8.8708746490509e-09
9.736596370859261e-09
9.736596362497352e-09
1.8295336561937553e-08
9.922718161287107e-09
9.9813446149781e-09
9.892291430446676e-09
9.976763408470202e-09
0.0
0.0
0.0
8.400221391231738e-09
9.89229218786396e-09
9.981345946761767e-09
9.976764688529078e-09
5.634070471079951e-10
3.1176277648112196e-07
0.0
7.201128111155251e-09
1.8124845586926726e-07
0.0
5.324073003187232e-07
0.0
0.0
3.8615265745910354e-09
8.896919007510376e-10
8.740648478113957e-10
4.416091189668811e-08
5.765753770699248e-08
9.763540367020914e-09
0.0
0.0
0.0
0.0
2.4792897539637805e-08
0.0
0.0
9.076914211029793e-08
9.980860162340793e-09
0.0
0.0
6.318666216433305e-08
2.358075045364423e-08
2.6230250551882233e-08
0.0
9.955725182549932e-09
0.0
0.0
1.1830692839707136e-08
4.0204901813570044e-08
2.600886246802492e-08
0.0
4.773767736944424e-08
0.0
0.0
6.808307481337915e-07
0.0
5.4466102171449e-09
9.982547927167573e-09
5.795878688726679e-10
9.979891080473969e-09
0.0
4.682235976422429e-08
9.977363412860963e-09
6.193417860576868e-08
9.97750054675401e-09
1.1108092770594452e-07
3.3989353483092584e-07
0.0
1.828450761773592e-07
2.326283814673128e-09
2.3264207003147796e-09
2.3265576609344537e-09
0.0
0.0
-5.446609780725481e-09
5.446609854225805e-09
0.0
1.8189576576126562e-08
1.9814898226039113e-08
1.9963895225945955e-08
1.9956657051868004e-08
-9.238312663473192e-09
3.7305325035967835e-08
9.977329126260287e-09
4.209216277958894e-08
9.97746626863438e-09
1.1108089348071885e-07
3.3989350055297704e-07
-9.69626763418479e-09
1.8284504187485783e-07
2.3262496127247814e-09
2.3263864756104436e-09
2.326523418794829e-09
0.0
4.682229127302292e-08
9.977294834223731e-09
4.2092128540973816e-08
9.977431983921289e-09
1.1108085925079958e-07
3.3989346627367934e-07
0.0
1.8284500757817404e-07
2.3263522462126152e-09
2.3264891719994388e-09
0.0
0.0
9.980879476958852e-09
4.4845114812234084e-10
0.0
0.0
0.0
6.035880532232735e-08
0.0
8.548139391504398e-09
6.408917650453726e-10
-1.7866123114066974e-08
0.0
0.0
0.0
9.46589839045523e-09
0.0
-8.516027797435582e-09
1.3454204034424966e-08
6.378596117770186e-07
1.7805693373259068e-07
3.1441882829927075e-10
0.0
2.6831559124359066e-06
9.983085133231508e-06
1.4909612631237652e-07
0.0
6.07397201773539e-06
0.0
1.8295336579672183e-08
0.0
2.8099642291810153e-18
0.0001094768605371294
5.1994584868326035e-08
12.009874989760345
9.935983378075997e-09
0.0
4.651285473761973e-09
-8.63943863286426e-12
-1.1663881780370431e-08
-2.8925973181818943e-08
-1.0434156969864328e-07
-7.210541093046747e-08
-4.411655451320772e-07
1.8484106787969995e-07
0.0
0.0
8.213525484780659e-07
6.807076697044933e-09
0.0
7.19566629064438e-16
0.0
3.421828705901086e-06
0.012356206926784416
0.0
0.0
7.267435931197156e-09
7.4188597065386684e-09
0.0
6.03205566924644e-08
0.0
1.246068291357063e-08
0.0
2.9825023897392035e-08
2.982502356928062e-08
0.0
-8.57780878832776e-05
1.734448465477966e-07
6.031453488846579e-08
0.0
3.0933026457211197e-09
3.0933025318753574e-09
9.901399921283727e-09
9.90139975021579e-09
9.883873551919337e-09
5.414651948487781e-10
9.88387372384311e-09
-4.853547733193304e-10
8.380870982202185e-12
2.110541654871541e-08
2.8925709987513183e-08
1.0434130652389381e-07
4.2124558916683074e-07
2.995939217606677e-07
-8.280169680658679e-09
-2.7297781481622598e-06
1.3580370662834569e-08
2.299668545724526e-08
0.0
3.266338505729817e-13
0.0001931360080984356
0.00019313600777179783
-1.3580370031000412e-08
3.9278889406963746e-07
0.0
2.5245711334855376e-09
1.5311452207471176e-07
0.0
1.1657976742773387e-06
0.0
0.0
0.0
-2.4203454931859645e-08
2.4203454860304892e-08
-8.718100823151495e-05
0.0
-8.720061552527011e-05
8.610439394607023e-08
0.0
0.0
2.0385224025524457e-08
6.34476674980103e-10
6.344749831210193e-10
0.0
0.0
9.815502391777309e-09
0.0
1.1344622759683123e-07
0.0
0.0
0.000195657149391748
-0.00019561722024263872
9.983048822123647e-09
0.0
0.0
9.948002902441937e-09
9.949624271456863e-09
0.0
2.3314472541720578e-07
4.818861853814469e-09
-9.734363422969627e-09
4.957183283082816e-09
0.0
1.5598037600314703e-07
0.0
0.0
0.0
0.0
5.197466380945563e-08
0.0
0.0
7.805291263952994e-09
1.9477794894411012e-08
6.917071574677186e-08
3.257054197975688e-08
5.619880500991988e-09
0.0
0.0
6.244192065309211e-10
3.9272047456527915e-07
0.0
1.6277036144786497e-07
1.5905322062852748e-07
8.921043092256707e-08
7.489161709380211e-07
9.043557399130491e-08
-2.982502379604828e-08
0.0
1.8200277144296245e-08
-8.326596634411487e-10
4.957179726324016e-09
0.0
2.0096482732656612e-05
9.908699325129368e-09
5.658997118627655e-10
2.2539290075075198e-08
0.0
7.214873390744861e-08
6.179574937861744e-10
2.2196891790205744e-08
-2.6203691700509593e-08
1.4185793513187033e-08
1.1532637422817515e-07
0.0
0.0
1.0918674321661801e-08
0.0
1.643469939402887e-08
0.0
9.855246684425673e-09
0.0
0.0
0.0
0.0
1.851558012589856e-08
0.0
7.166808069838022e-09
0.0
-5.524626220059542e-09
2.6288405000614905e-07
2.6288404870777036e-07
6.019212150519298e-10
9.945293814541165e-09
0.0
0.0
0.0
1.717400052754837e-09
0.0
1.9657446966578575e-10
1.9657446315784705e-10
1.9428413145864023e-08
2.7680630964321675e-08
0.0
2.9315836310714065e-08
0.0
0.0
3.1608656048346515e-08
3.1607468702354323e-08
3.5949868701229957e-09
9.883873891386888e-09
-9.660103734252944e-09
9.455893504509926e-12
0.0
2.0958306644817139e-07
3.796515371317064e-08
9.941469644483871e-09
6.382515707423327e-10
9.969073852880705e-09
5.041313521997979e-08
0.0
0.0
6.073972017114674e-06
0.0
1.9580235622627687e-05
1.9580235620811198e-05
1.3876406462542716e-15
0.0
4.0194225403700087e-07
6.6140560956649724e-09
1.042378446162973e-08
1.626791121541056e-07
2.9387128169106614e-09
0.0
1.5405072764478347e-09
0.0
0.0
0.0
0.0
0.0
1.1756274049592823e-06
0.0
0.0
0.0
0.0
6.540142984254853e-08
2.736315051948759e-08
3.9542578078914375e-09
1.9343767633779598e-07
1.836204823290516e-07
1.9343767633816425e-07
1.9343767633650242e-07
1.9343767633872798e-07
4.266300120231753e-16
4.265765389265118e-16
0.0
6.169444526755129e-09
0.0
0.0
-8.282961891240351e-10
0.0
0.0
1.5314601610761096e-05
-9.873720082861914e-09
0.0
0.0
1.553864788391975e-08
1.5310197458775172e-05
6.308152465764719e-10
3.452171802587056e-08
0.0
0.0
-8.853456460983884e-09
0.0
2.4780530626680184e-07
0.0
2.3616854428829424e-07
0.0
0.0
-2.347299391219481e-07
9.960440785963115e-09
1.7023549247383412e-18
0.0
0.0
0.0
-2.5030846980256984e-08
0.0
0.0
0.0
1.9365307904406575e-08
0.0
1.1797538188323845e-07
0.0
7.062978114727851e-09
0.0
0.0
0.0
2.7781745008551104e-07
9.943033960348418e-09
1.771973313152567e-18
2.285456314342492e-08
-8.471456732514243e-09
0.0
0.0
0.0
0.0004227878512781666
3.096786017015985e-13
0.0
0.0
2.5323124192876904e-08
0.0
0.0
0.0
4.818811103889274e-09
7.503312132583501e-09
0.0
9.660253351604637e-09
3.214602085791886e-10
0.0
0.0
7.1668080828348416e-09
7.166808090671058e-09
-7.577536062442822e-09
-1.699437108051982e-08
0.0
0.0
0.0
0.0
0.0
6.045351837805516e-08
0.0
5.79532510869285e-09
0.0
0.0
0.0
0.0
0.0
-6.00378930984378e-10
5.446610483924774e-09
-5.139804264252398e-09
0.0
0.0
2.5693973372356477e-08
0.0005011025891792843
0.0
0.0005011282831526566
0.0
2.2132257846102732e-10
1.840296472262452e-07
1.4438772247502694e-06
7.416581765237724e-07
0.0
6.192615109276145e-10
0.0
0.0
2.671574719888674e-09
6.531926857406076e-13
6.535085060081666e-13
6.531044652075972e-13
6.534573286294775e-13
3.796515282324101e-08
5.981842959271593e-10
7.305369091084063e-09
0.0
9.290590567700985e-09
1.914629620946086e-08
1.8549227080263908e-08
1.0515913025157235e-09
4.911521210470803e-11
9.907425471431244e-09
5.646455346738581e-10
8.13659548792344e-19
3.011755335375879e-07
1.030365021720059e-08
1.976049754742975e-08
9.456847315165214e-09
0.0
0.0
4.608896127785107e-10
7.534163610309428e-08
4.199855537696762e-08
0.0
0.0
0.0
-9.538432491768e-09
4.608902653919838e-10
7.534163649853881e-08
4.19691237991634e-08
-9.689980330297702e-09
-9.872978213486738e-09
0.0
0.0
-1.0154343457659948e-10
0.0
4.860847395749383e-10
3.738434703051072e-08
4.690148464962659e-08
-0.0007096567073450685
-0.0006937512825164749
0.0
3.4907775554575533e-06
-4.898719112581964e-13
3.485653863536502e-06
0.0
0.0
1.4049808135782747e-09
0.0
0.0
2.224647141195e-08
0.0
1.7935535430021048e-08
1.7935535430789932e-08
1.793553543096268e-08
2.7200468457325237e-08
1.793553543056868e-08
0.0
0.0
3.2471587465076346e-09
0.0
0.0
0.0
-6.336166024987253e-11
-4.698473356962556e-09
0.0
9.397708044591332e-09
0.0
0.06418647712501979
6.327450457865896e-11
0.0
-0.06418646146002811
8.77359666065742e-14
0.06418646136409148
-6.353429776919469e-11
0.00019341774145118518
0.0
9.819008690507103e-09
4.776298505120721e-10
0.0
3.2076010138842086e-08
-3.2076010086099296e-08
-3.395821847803493e-07
1.4162529273818805e-07
1.931209745003313e-07
0.0
0.0
0.0
0.0
3.439413114869074e-09
0.0
9.680522917409367e-09
6.227278030691494e-09
0.0
6.252307765961132e-09
0.0
9.708349518961255e-09
9.708349196832211e-09
3.687508365725232e-10
9.920355489341129e-09
5.122118581484039e-08
9.920355018878402e-09
5.773716927189288e-10
0.0
3.225901941611822e-16
0.0
0.0
0.0
5.163343032511541e-07
4.400753274827719e-10
5.164100192111707e-07
1.6413510169534016e-05
0.0013985132732102059
1.5956727018210111e-07
1.1761675627477491e-08
0.0
9.171363238551219e-07
0.031358992326858404
-0.03135895279534692
9.889012723772773e-09
2.693006788462772e-06
-1.4201959593963028e-10
4.145239342894396e-10
9.75487423848201e-09
0.0
0.0
-2.0559424984733024e-08
1.9964503918416398e-08
9.982687909811105e-09
3.218388123096605e-07
0.0
2.057263106887108e-07
4.250190729741552e-07
1.5925572063572223e-07
6.849861402332005e-07
0.0
6.195370634905323e-08
5.730979840453746e-10
6.37869175686046e-10
0.0
2.541757838641223e-08
-4.993034369640825e-09
9.906166675596122e-09
-6.045351835445856e-08
7.132553988635756e-08
0.0
2.560095610049317e-07
1.4735191762065825e-06
8.348591054803255e-07
4.046334717759747e-08
0.0
0.0
0.0
0.0
9.907425436897947e-09
-4.408641175760593e-11
9.892720181021487e-09
4.931997783909027e-08
1.011946093288821e-08
1.9788201033062782e-08
5.528891846973338e-10
9.421192026373205e-09
9.92974806699848e-09
4.475888758005422e-10
9.788479184971374e-09
2.8824986453676234e-08
0.0
9.929747642190012e-09
0.0
6.377562662061439e-10
1.996263295098601e-08
9.980931740816157e-09
0.0
1.7344484647476027e-07
0.0
1.4814082575174382e-05
-1.9553444215821884e-07
-1.9553444215864024e-07
-9.883848406389006e-09
0.0
8.825726058476775e-09
0.0
0.0
0.0
0.0
5.476737736035153e-08
0.0
0.0
1.8258116896098608e-11
1.8177812181198675e-11
1.8262024401698288e-11
-1.545075178910338e-11
-3.385339968423051e-15
0.0
8.036450222885678e-09
0.0
9.956552156168157e-09
1.5893217213766619e-09
0.0
0.0
1.8200609169852446e-08
0.0
0.0
-4.440892098500626e-16
0.0
0.0
9.978922577147387e-09
1.9958149148838744e-08
6.353207924876141e-10
1.9445021253057684e-08
0.0
0.0
2.649318931348274e-10
1.2249719930289128e-08
1.0766381538636352e-11
0.0
0.0
6.508832214914236e-10
0.0
-9.4939459036944e-09
4.607859233063394e-19
1.578858587029636e-10
0.0
0.0
0.0
0.0
1.4889644932772605e-06
1.498660141889511e-06
0.0
0.0
6.627783594294065e-07
0.0
8.822143377468886e-09
0.0
9.985855701576872e-09
0.0
0.0
9.646318866405336e-09
3.0773194775047424e-10
9.927795421232218e-09
-1.0320342445002337e-08
2.869470606794037e-10
0.0
0.0
0.0
1.724018161232235e-08
1.890898605150693e-08
5.115311681473203e-10
5.2461022417678044e-08
2.672551975572983e-09
0.0
0.0
0.0
0.0
0.0
5.659856384305792e-08
0.0
1.6767423278484766e-08
0.0
6.964689621086706e-08
0.0
6.935313335907816e-09
3.0422214896239923e-09
1.206786240413888e-07
0.0
3.4757190007797334e-07
0.0
0.0
0.0
1.9259149869943435e-07
0.0
1.0021903646565121e-08
0.0
1.2082148155910098e-08
0.0
1.2127081212873974e-08
0.0
0.0
0.0
0.0
0.0
0.0
0.0
4.852670973387596e-10
-9.341945177501754e-09
-2.1105504288945336e-08
-1.9451484859535434e-08
-1.0434139424884644e-07
-8.166349210053658e-08
-4.5081575685705416e-07
-1.8484089250663752e-07
2.302876587057213e-05
2.2999940884538542e-05
0.0
0.0
0.0
0.0
0.0
0.0
3.832062178702679e-05
0.0
0.0
1.4817651864470575e-08
0.0
1.2785311267704943e-07
0.0
0.0
0.0
0.0
0.0
0.0
0.0
1.382908957573434e-07
0.0
0.0
8.305836466315248e-08
9.22005391649542e-06
0.0
0.0
0.0
0.0
6.447907554479257e-10
6.603776159549657e-08
3.3327449673229923e-07
2.1487679103220994e-08
6.152281001783095e-07
0.0
0.0
9.569577179576209e-07
3.1880594524999434e-09
9.71604844890769e-07
0.0
0.0
3.559520480132359e-07
0.0
2.756458276838533e-07
1.0548830819611907e-07
1.4475884848312227e-07
9.486774606010431e-07
1.9630894626590948e-07
2.655999643545316e-09
0.0
0.0
0.0
1.4742279003701316e-08
9.01625830208386e-09
0.0
5.3431696026259996e-09
0.00011959208451495229
1.2208363281806644e-06
0.0
0.0
6.899293094703524e-09
0.0
0.0
2.4780872707327114e-07
1.5666755956421937e-05
0.0
5.726018873494892e-09
0.0
7.166808074289565e-09
0.0
0.0
0.0
0.00011205292863699364
1.0897276106759449e-05
0.00010943417356032073
9.893724127002605e-09
9.893724092688533e-09
0.0
0.0
0.0
0.0
2.1043877033198696e-08
0.0
3.3040505745876043e-09
3.3040505739229337e-09
3.3040505746635486e-09
1.2819459337541122e-08
3.3040505742769446e-09
0.0
0.0
-1.3554737771315217e-05
7.800290719885908e-07
2.8024588620347065e-07
0.0
2.1011193737785914e-06
2.101119373779205e-06
2.1011193737782936e-06
2.0921606363496743e-06
2.1011193737769706e-06
0.0
1.9650462083305706e-08
0.0
1.535268471023538e-08
5.50365679106541e-09
9.650339571994481e-09
1.5352684709678148e-08
9.650339572612139e-09
3.631455513401244e-08
1.044474902778578e-07
1.5415300174702487e-08
3.1235469117188817e-07
3.1235469117230787e-07
3.1235469117154306e-07
3.0277098778231723e-07
3.1235469117056076e-07
3.386238291600988e-06
0.0
1.2745603836271594e-11
0.0
9.66189098867323e-09
0.0
2.239546870670869e-06
0.0
0.0
0.0
0.0
0.0
4.7572240779341155e-07
12.12416136473748
0.0
0.0
2.7183636040935266e-09
1.5904483459539365e-05
4.3715895314012973e-07
0.0011829030738240824
1.973033324666598e-08
1.0261553523386167e-08
9.902225449792733e-09
1.9695636995223574e-08
9.793411607857512e-09
4.5244232847820075e-10
0.0
2.0319159688142463e-09
0.0
1.9730333671148854e-08
4.917606918693113e-10
1.5919002407184157e-05
2.2851405008490583e-08
6.899293105260538e-09
0.0
0.00019330833920566036
1.0455713190718147e-08
0.0
5.870143027588642e-10
-9.233226927875347e-09
0.0
5.0959169762453396e-08
0.0
0.0
0.0
-9.902407628609037e-09
1.9371631274571945e-08
0.0
0.0
0.0
1.523465773098036e-07
0.0
8.627171844969812e-08
7.587459024197417e-07
8.889506700732754e-08
1.9085656594395235e-08
5.137441697569996e-10
-1.5636092381793483e-05
0.0
0.0
0.0
0.0
5.142302800445437e-10
0.0
5.840131409393467e-10
0.0
9.797922212686771e-09
0.0
5.909769165106462e-10
0.00025188158377710253
1.7564243276768709e-06
1.7401796732749837e-06
1.1637129043693824e-07
3.1194791940981664e-05
0.0
2.7115070877556157e-09
0.0
4.096779214303989e-09
4.536842004677523e-10
3.3480457556311926e-10
3.46020649844419e-09
9.92643249992854e-09
9.929748062505712e-09
9.926432497804821e-09
9.9264324954218e-09
9.929748060863266e-09
5.866177450540923e-10
3.4602064952058602e-09
0.0
-7.342330616113071e-10
9.673841255333997e-09
9.762478069052677e-09
1.4049732138949125e-09
9.491659928594938e-09
1.556382552732407e-10
9.501980629860113e-09
1.6578582795824674e-10
1.9960641818674424e-07
0.0
9.17589289380652e-09
-9.134226142122712e-09
9.830537976248477e-09
9.830538147187137e-09
3.10608156879988e-09
3.1060813954512587e-09
0.00026722163762227247
0.0
0.0
-8.774003659034468e-14
0.0
0.0
0.0
0.0
9.559913509552774e-08
0.0
-8.675082564194719e-10
0.0
-5.7886905184022295e-09
0.0
0.0
0.0
0.0
1.0963642934513906e-05
5.828548268870665e-07
0.0005292860290088969
0.0
1.2157744480746457e-07
1.2891439233209817e-07
0.0
1.8511279506247384e-07
0.0005292950299100834
0.0
0.0
0.0
0.0
0.0005294786012353266
1.4049713798978998e-09
1.40497506017358e-09
1.4049769186870195e-09
0.0
0.0
0.0
0.0
6.127027503632407e-06
0.00014015008472338585
0.0001464133065933737
0.0
0.0
0.0005294786012344161
0.0002283941257770203
0.0
0.0
6.120861631911487e-10
9.491659499441963e-09
1.7401796733835267e-06
12.00987497982436
0.0
0.00010942071865828717
-1.6591593982264203e-07
5.6218985396832865e-08
1.944375906593475e-08
0.0
8.280065589769126e-09
0.00022839595425907147
0.0
0.0
0.0
-12.027635783155748
0.01776087049207888
9.944425292778003e-09
0.0
0.0
3.107781784670335e-10
6.09725198649682e-06
0.0
0.0
-1.9146296239419547e-08
1.9371631702849164e-08
2.2944058111952512e-10
4.550324793349025e-08
0.0
-3.663985455384221e-07
-3.0469296389783203e-09
-1.2423092503778557e-08
1.5009462440840019e-05
0.0
0.0
4.990562002314763e-06
0.0
2.3733299034997142e-07
-1.1671057007121655e-05
1.1690700073476101e-05
5.490062971231438e-10
0.0
2.557620584791211e-07
0.0
-3.60411326513123e-07
2.9306068181347497e-07
0.0002367277427339613
4.9950551734710636e-06
2.0704915197547706e-07
0.0
1.1322247964837915e-05
-4.213171501987745e-05
3.081921644408434e-05
9.749387141214571e-09
0.0
5.619879479056505e-09
5.6198806146028265e-09
5.619879819891797e-09
8.426401570277585e-08
0.0
6.352890023933372e-10
8.344331060232412e-06
1.397081695468959e-07
0.0
1.718984450647753e-15
1.9085656172915396e-08
0.0
1.3744219665537013e-07
0.0
0.0
1.971311956447372e-08
1.2899967006316417e-07
0.0
0.0
1.4651445740577669e-08
2.635784378001742e-10
4.3645181468963655e-08
8.025097906375818e-07
3.991591579054656e-08
6.361470881638232e-10
4.401320017686278e-07
4.401319997176766e-07
6.418465405728687e-10
3.385309093559838e-08
0.0
2.8023653156541197e-08
0.0
0.0
6.277398136377445e-10
0.0
0.0
0.0
3.7147889087276386e-10
0.0
0.0
0.0
0.0
0.0
0.0
1.9963237920069828e-07
9.977853249259702e-09
-1.8004561026343676e-07
0.0
1.6578584173943883e-10
0.0
0.0
-0.0007093558186550553
-0.0007056854783422646
0.0
7.104646835428436e-08
-7.104646843226319e-08
0.0
0.0
4.851794261490072e-10
-9.342032871242911e-09
-1.1663794510569448e-08
-2.8925885449046507e-08
-1.0434148197020765e-07
-8.166357981162498e-08
-4.411654574380289e-07
-1.8484098019072928e-07
-8.294662142251455e-09
4.911290827405554e-11
0.0
-7.140821294138183e-10
3.4269569856269777e-06
2.7779298120101013e-08
0.0
0.0
0.0
0.0
1.4049681596622529e-09
1.404968939883858e-09
1.4049668575908667e-09
1.4049674316945081e-09
1.4049684728525625e-09
1.4049787893875921e-09
0.0
0.00010536962257573371
2.9101613383018797e-07
3.519858050280594e-05
-5.023663118376596e-09
0.0
9.872153454383138e-09
-1.3552527156068805e-19
0.0
0.0
0.0
7.92905138816855e-09
-4.0066576229751474e-09
3.922393719719974e-09
0.0
0.0
0.0
7.81160218526058e-14
0.0
9.893891694963929e-09
0.0
0.0
0.0
-3.3658980794982946e-11
-3.365898082393999e-11
-1.4194238382552487e-06
1.43878408454736e-06
0.0
2.9528683370000364e-08
0.0
0.0
0.0
1.55459941293611e-07
-2.3954565682297894e-09
9.571849352679083e-07
0.0
0.0
2.627208389763842e-08
0.0
0.0
6.331869988117966e-10
9.977058154484102e-09
-7.38533124371116e-05
0.0
3.190079855883212e-10
9.644198755731802e-09
0.0
9.644199309922886e-09
9.64419986305125e-09
0.0001293534634957405
-1.4910277457147458e-09
0.0
0.0
6.379234639088585e-05
9.608640492308226e-09
-3.9641549033255256e-05
3.9650437003904155e-05
9.795683385288188e-09
9.795683381181772e-09
0.0
0.0
0.0
4.4931460290626356e-10
1.2964967874812127e-20
8.581784004710796e-09
-4.518402859060144e-09
0.0
0.0
7.716641435624051e-08
6.387286609916245e-10
0.0
-1.1044092998782121e-08
-2.6697221710897043e-09
4.853524283695919e-09
1.0765616215692953e-07
0.0
-1.0249815173736603e-08
0.5399244268123178
-0.5399244068508864
9.97874317945704e-09
-2.613033037157716e-09
0.0
2.0146485879340287e-07
-1.91852746557584e-07
-2.0146485903138871e-07
2.0146485913377986e-07
0.0
0.0
5.159859926593956e-09
5.159859919280376e-09
-1.734448465129379e-07
-9.790232556941558e-09
0.0
1.2032556188694033e-08
0.0
0.0
0.0
0.0
0.0
0.00028179690546527184
0.00028179408393753713
0.0
4.090197877882669e-10
9.048922174929819e-07
9.793538763365104e-09
4.5256738500389463e-10
2.2996684941691995e-08
0.0
0.0
1.2224380897498716e-08
9.972509732377745e-09
9.972510312609636e-09
6.304841574272967e-10
9.974311755921212e-09
0.0
8.709798979657905e-07
3.2171204126245916e-08
8.955076985162686e-07
0.0
-3.965409271589277e-10
2.2615177287320683e-06
-5.730648446069053e-09
2.251717890745645e-06
5.247238315744334e-06
1.5203107660056325e-08
2.0146485841760466e-07
0.0
0.0
-2.0060251306949772e-07
-2.0073126007014446e-07
4.995055172259134e-06
0.0
0.0
0.0
0.0
0.0
0.0
0.0
1.2332113300725227e-09
9.84736804955661e-09
0.0
-5.055351746771344e-10
0.0
0.0
4.213689817650056e-09
1.5893095530568864e-07
0.0
3.594596867901614e-09
1.5662492888059662e-07
9.73403662293448e-08
0.0
0.0
0.0
0.0
2.7961299635304172e-08
0.0
0.0
0.0
0.0
0.0
0.0
0.0
1.9806493055474743e-08
0.0
3.117627760917685e-07
0.0
7.201127801154758e-09
1.8124845546353083e-07
0.0
5.324072999335231e-07
0.0
9.868121420776507e-09
0.0
0.0
2.0879878768195427e-09
0.0
8.756161266045183e-09
0.0
0.0
9.798887136931961e-09
9.883042901040607e-09
0.0
8.890877847437348e-09
0.0
9.85966337191723e-09
0.0
2.338418617260847e-08
2.0464513791326285e-08
7.223349406912118e-09
2.8258891960016545e-08
5.756887928470892e-08
2.9302055533009178e-08
1.1016832086616601e-07
0.0
0.0
9.770878620653655e-10
4.246509112590161e-08
0.0
0.0
-3.9088483561044995e-09
6.045351724158323e-08
3.393333947575939e-17
0.0
6.204066138449014e-05
6.208781703552375e-05
0.0
0.0
0.0
0.0
0.0
2.720071773182624e-06
0.0
9.926318672260906e-09
9.92631866698305e-09
9.92631866144429e-09
6.408110945437644e-05
0.0
1.5051680708262084e-09
9.877786436158983e-09
9.634635702844892e-09
9.634635689430837e-09
9.22769842331721e-09
9.227698416372462e-09
1.9361491848159827e-09
1.936149177958478e-09
4.978347756322139e-09
4.203666487403372e-16
4.978348173183852e-09
1.7948888263773724e-08
0.0
6.731330092513543e-10
5.975036123077339e-10
8.71023293148532e-08
3.615616384298526e-10
9.11652468724686e-09
0.0
0.0
9.865784332715305e-09
9.865784318836834e-09
9.865783922793934e-09
0.0
0.0
1.1238525589202399e-05
1.1238525589229585e-05
1.1238525589189131e-05
3.431487142119098e-06
6.673034693587014e-18
5.2669112592233415e-08
0.0
0.0
6.241165048238662e-08
0.0
0.0
0.0
0.0
5.294935946217071e-08
0.0
0.0
0.0
0.0002553488103351209
0.0
0.0
1.2433852015582515e-07
8.315482929542309e-06
2.670430605245583e-09
2.671023381972306e-09
2.6873412919780266e-05
2.686365044191554e-05
4.220049303321476e-10
9.659934713472839e-09
9.659914239497878e-09
2.6720841385879725e-09
0.0
0.0
0.0
0.0
1.213072593760607e-09
0.0
9.644347313935054e-09
3.057875878879927e-10
0.0
-9.70813204478893e-09
0.0
0.0
0.0
0.0
0.0
-1.6441221299184287e-06
-1.6923572536842874e-10
1.6524990961706358e-06
0.0
0.0
0.0
1.1238525589217388e-05
-9.233182184864238e-09
0.0
9.885911356420745e-09
0.0
1.5016898711800723e-09
0.0
0.0
0.0
0.0
6.925932600816146e-11
4.0598988031364394e-08
2.1579687245325648e-08
0.0
0.0
0.0
4.274110938322239e-08
0.0
0.0
0.0
1.2643915035291302e-08
5.828230611960774e-08
3.953851615196339e-08
1.125476291882313e-05
0.0
-9.581408815981761e-09
1.1254762831144363e-05
0.0007202400480324324
0.0
2.995129360988228e-07
9.243830708717334e-09
0.0
0.0
0.0007202448699021228
0.0
0.0
0.0
0.0
1.4049689920932145e-09
0.0
-2.6826336121845828e-12
0.0
0.0
0.0
0.0
-6.3520358153700114e-06
0.0
2.4706887563253327e-08
0.0
0.0
0.0
5.446610001307307e-09
5.72601887785108e-09
5.726018881540163e-09
0.0
1.59189781595917e-05
1.5918978157430432e-05
0.0
1.820060924529922e-08
2.9448173510471827e-16
9.849383792934208e-09
5.075218640575514e-10
1.624465408710208e-08
0.0
0.0
2.432662293371051e-07
0.0
2.1958984839448727e-05
0.0
0.001182937158522658
0.0
0.0
0.0
0.0
0.0
0.0
0.0
0.0
0.0
5.669163274911767e-05
0.0
4.5526092792088484e-05
0.0012800834921721258
0.01921222756404732
0.0
7.515231626342711e-06
2.0874175275870804e-07
2.6387295019528884e-06
-1.8388331581801337e-08
-1.384452186903697e-08
1.3022168011880136e-08
4.877604604132927e-08
-9.756723312950855e-09
-2.0580206570031123e-06
-1.7309394101825693e-06
0.0
0.0
6.919301276559247e-05
0.0
6.919216749078997e-05
0.0
2.4311949802419243e-07
1.0064428161537024e-08
9.871287200570531e-09
1.9788975432942066e-08
0.0
5.699669093214856e-10
0.0
-9.636704876030307e-09
0.0
0.0
-3.002727042918602e-08
9.93633994875176e-09
0.0
6.888176824548881e-08
0.0
0.0
2.955130967483933e-08
6.031814143707717e-10
1.8857838102098473e-08
0.0
-2.100916620360882e-09
0.0
5.368764729881599e-10
9.879210998309934e-09
0.0
4.106033861577473e-07
9.974728540321775e-09
0.0
9.98268708981078e-09
0.0
9.978923456569739e-09
9.055528213299415e-09
5.756349799734884e-06
0.0
0.0
9.892720115156994e-09
8.800971177183378e-07
9.827600156521258e-09
4.608731041877258e-08
9.62518643757123e-09
1.1041141781105102e-08
9.981814300616177e-09
3.680420182610984e-08
9.982202794494411e-09
0.0
9.98169955413333e-09
1.9437168504886066e-07
9.979193327630211e-09
0.0
0.0
0.0
0.0
7.150731561872204e-07
8.675082106901951e-10
0.0
0.0
0.0
0.0
0.0
0.0
0.0
0.0
0.0
0.0
0.0
0.0
5.035513252855374e-07
1.9683651224790372e-08
0.0
6.881201758633028e-08
0.0
0.0
0.0
0.0
0.0
0.0
0.0
0.0
0.0
0.0
0.0
0.0
0.0007108365478429693
0.0007074702736143967
0.0
0.0
-9.873722254735706e-09
1.415922095727653e-09
9.792228685999891e-09
-2.0144863185018477e-10
7.288334279041445e-11
8.614156664749308e-09
0.0
0.0
0.0
-2.7850542774765508e-09
3.4795568266675894e-11
2.310830018985602e-11
2.0146485862554492e-07
9.823139804066888e-09
0.0
0.0
0.0
9.709387010861206e-09
0.0
4.359808967054383e-11
0.0
8.623115605650098e-09
0.0
0.0
0.0
3.341619888822765e-08
0.0
9.962104716864815e-09
8.61315323405738e-09
0.0
0.0
0.0
1.351314570191309e-17
0.0
0.0
1.7806681351818727e-06
0.0
6.432480064577582e-07
1.8144518950749423e-09
8.120341642940223e-08
1.204967553439113e-07
0.0
7.190440294510167e-07
9.042948762580081e-08
0.0
-4.497232841917453e-09
0.0
0.0
0.0
0.0
3.3151082929831095e-07
0.0
3.251982354964582e-10
2.1531334171009764e-07
0.0
4.339335864213277e-07
0.0
1.5949248408924206e-07
0.0
6.648473197855989e-07
2.0138820313982535e-08
7.478237416727923e-10
0.0
3.990539406259338e-08
0.0
1.4526850904222632e-08
1.1344622893513643e-07
0.0
0.00035140372610262374
1.4289048080917427e-08
0.0
0.0
1.3017109838363212e-07
0.0
0.0
0.0
0.0
8.10569934797374e-08
4.803409028421737e-08
0.0
5.593362518517828e-09
0.0
-2.785230781341514e-09
9.392582258024109e-09
0.0
0.00011956592739652738
9.491659075149923e-09
1.2208363289875304e-06
0.0
0.0
1.0374215939239466e-08
7.247213143160616e-08
3.208489772578399e-08
3.5227446000241193e-09
4.0228040009610576e-08
2.3507042468564793e-08
-4.1435392853698964e-08
0.0002288744161172223
8.026109471609422e-05
-0.000267221637621331
3.1204563775646415e-05
0.0
-3.832769618876268e-05
-7.081967389604982e-08
8.218574954758076e-08
0.0
0.0
0.0
4.5925403918807146e-08
0.0
0.0
0.0
8.21857487600101e-08
4.1849124950296646e-10
0.0
8.077813225770096e-08
0.0
4.073527991491743e-08
0.0
0.0
4.59254031961737e-08
2.313892588276135e-11
0.0
0.0
0.0
8.190633468208018e-08
0.0
7.102273030525073e-08
3.115818365713068e-08
3.757373192319781e-08
0.0
0.0
0.0
0.0
9.869938879213114e-09
1.6873718699280649e-18
6.21803420784836e-09
0.0
9.885908798969431e-09
6.841013555439822e-07
-1.3020831322874127e-08
0.0
3.1176277686959647e-07
0.0
7.201128359344277e-09
1.8124845627378106e-07
0.0
5.32407300681593e-07
0.0
0.0
3.861526640421811e-09
8.896919463421182e-10
0.0
4.4160911919517185e-08
5.765753778749648e-08
9.763540448183955e-09
9.076914250526447e-08
9.980860452191553e-09
0.0
0.0
6.318666250651282e-08
2.3580750837200543e-08
2.6230250806162222e-08
0.0
4.2136900355694704e-09
1.589309554526612e-07
0.0
3.5945970004209918e-09
1.5662492911597522e-07
9.734036635806938e-08
0.0
0.0
0.0
0.0
2.7961299645930174e-08
0.0
0.0
0.0
0.0
0.0
0.0
0.0
1.9806493424023016e-08
0.0
8.496805259383677e-09
0.0
0.0
6.710052884391159e-07
0.0
9.761065805770015e-09
4.205319337487749e-10
5.44661018948762e-09
-1.747120409881468e-06
0.0
0.0
4.520933966444168e-07
0.012355427336510516
-6.588731922653465e-09
6.588731923115945e-09
0.0
-9.522797771795329e-09
0.0
0.0
0.0
4.4751829506342764e-05
7.95701802988727e-07
0.0
-5.165516773544467e-08
-0.000569407861210829
-1.905232184284955e-05
6.627783619705951e-07
0.0
2.841916483682593e-08
0.0
0.0
8.142187583244273e-09
1.5893217268204957e-09
0.0
1.5893217276095883e-09
4.3757074523567004e-09
9.876893089035615e-09
9.876893516979398e-09
-4.868438869287694e-09
0.0
0.0
0.0
4.957181925896363e-09
0.0
0.0
0.0
1.5054954233173218e-08
9.941469019466546e-09
5.981543894348481e-10
0.0
0.0
-8.873737430563656e-08
1.1756788832081928e-07
9.944946649861349e-09
-1.6092583835359935e-05
9.902225512223354e-09
9.902225574557298e-09
0.0
0.0
4.446796626808302e-09
9.571832640192074e-10
0.0
5.562719674073531e-08
5.6701593302709935e-08
4.6669084979723077e-11
0.00022887441611680633
4.776093764781333e-10
0.00022887441611669837
9.818987423703778e-09
0.0
4.4467966806558195e-09
9.571831866457451e-10
0.0
5.562719670488104e-08
5.670159338371468e-08
4.666895182321826e-11
0.01235542733651167
8.57780878860126e-05
9.464782420078414e-09
0.0
-1.5329889796352717e-05
5.199458455808875e-08
0.0
1.5349598989691186e-05
6.026735054148993e-10
9.721069812616487e-09
3.38637646088609e-08
-5.485385368640379e-07
5.189817157166647e-07
0.0
8.398599701479966e-09
4.401480970651992e-07
0.0
0.0
0.0
0.0
0.0
1.377252505534274e-07
0.0
7.554318500630125e-09
0.0
0.0
2.1350974333607655e-09
6.205115671091927e-05
-1.9919298035291857e-06
5.446610114064406e-09
3.7511269000434187e-10
3.751126855344183e-10
0.0
9.475434902311262e-09
0.0
1.2154700908956206e-09
0.0
0.0
1.696113597722076e-05
1.696113597803075e-05
5.870307295892576e-07
0.0
-9.712358716102223e-09
0.0
0.0
0.0
3.049294489422139e-06
5.9506699192628706e-09
-1.4640004735843454e-09
0.0
1.8479862676744232e-05
1.847986267674421e-05
1.4049695582287824e-09
1.820060905810791e-08
0.0
0.0
0.0
7.891911952417198e-09
0.0
7.891911962328885e-09
7.891911568691512e-09
0.0
2.05366426506113e-08
0.0
0.0
2.0898724877667712e-08
2.8019341285765392e-08
2.272076126818501e-08
0.0
0.0
5.087018952858511e-07
0.0
0.0
5.3603657810533485e-06
-2.97305342527825e-06
0.0
0.0
0.0
1.9808546764926834e-10
0.0
1.980860594425199e-10
1.9808659785429968e-10
5.619881012839329e-09
2.2854564375561738e-08
4.818860516435431e-09
3.2074077332784194e-16
0.0
8.315128504367341e-10
0.0
0.0
0.0
4.993034354028314e-09
0.0
0.0
0.0
3.536069483776655e-16
3.438826353675725e-16
0.0
-8.743689454762671e-09
0.0
1.8099531466023836e-11
-1.0581251875130954e-09
4.942676623269648e-09
5.737470072009073e-09
0.00021784819885141906
0.0
0.0
-0.0027798430059816667
0.0027798824154573387
9.877368367661177e-09
1.47422802218897e-08
2.2854565610138884e-08
2.2854565288094046e-08
1.809784928694723e-11
0.0
0.0
-8.50334849582246e-09
1.0515943392395166e-09
0.0
9.554943773369318e-09
2.1786593946244127e-10
8.74368618014685e-09
8.743686180202782e-09
-3.2260435642306184e-16
-3.225908038959058e-16
-6.2523077670045835e-09
0.0
1.468726643256979e-08
2.2854564981864186e-08
0.0
0.0
1.1450536349598529e-05
1.1441137871526381e-05
9.398477238462379e-09
0.0
0.0
0.0
0.0
0.00010948651087611999
0.0
1.809315242417031e-11
1.809572049630631e-11
7.130506184075366e-06
4.772907534218639e-05
5.4820288531322715e-05
9.685846196275105e-09
0.0013766789894205196
0.0
0.0
-9.611294884439063e-06
3.230499594344732e-10
0.0
9.661891408777699e-09
0.0
-8.826958045253301e-09
0.0
2.1800461324489354e-08
9.977260545415527e-09
-1.9428413143743843e-08
1.4398315371807426e-06
9.846651197976741e-09
5.846957236573842e-10
9.846651188752213e-09
5.048326299395871e-10
9.927795411994652e-09
0.0
0.0
-3.997946177080071e-10
-6.252307766171103e-09
4.840338649946926e-07
0.0
0.0
1.4049687989029432e-09
1.4049691757717096e-09
0.0
0.0
7.662390230140112e-09
2.323465465653563e-09
1.5563657576874737e-10
4.4308215403016086e-05
0.0
12.12416136473748
0.0
0.13079630887789123
-0.13079628934266935
9.91003542145139e-09
9.821230656753422e-09
4.798919772630516e-10
1.7894453165222273e-08
2.975412803007945e-08
0.0
0.0
1.2921301985234774e-10
0.0
0.0
1.0895023508501695e-08
2.038208571930497e-05
2.0399598493054126e-05
0.0
9.846554219322974e-09
7.482763637058203e-08
-7.482763637209945e-08
0.0
2.6759822920885412e-06
2.682866633130221e-06
0.0
1.756764655366704e-08
6.508832225305597e-10
0.0
0.0
0.0
0.0
6.527538729186791e-08
5.478282451494292e-08
9.821154129933612e-09
4.84029559689054e-07
0.0
0.00011999704456873531
0.0
1.5309414936395404e-08
1.701796622913652e-07
1.2997708465910644e-08
1.7103544400165856e-07
1.2997708469924695e-08
0.0
1.214192717674086e-08
8.856343826999516e-09
-9.094087326938505e-09
0.0
0.0
2.03653383601583e-09
0.0
9.212575239359055e-09
9.212574949646682e-09
-1.433690226877248e-06
0.0
0.0
9.455835551669198e-09
0.0
1.0291055103418728e-07
1.1248950960188978e-07
0.0
0.0
0.0
0.0
0.0
9.876709731165414e-09
9.876710341943928e-09
-2.841916434126457e-08
9.35751573289395e-17
-4.0962401840058046e-08
-5.0839111385488614e-08
7.60972592300015e-14
0.0
0.0
0.0
9.784469240381845e-09
4.436432376652137e-10
0.0
-9.465319718987564e-09
-9.920990125776574e-09
3.990538660102722e-08
5.0959169601823246e-08
3.989781006613279e-08
0.0
0.0
3.990538602682207e-08
4.007255925614193e-08
1.888235413889065e-10
0.0
1.340216840737603e-08
-8.320968065619883e-09
0.0
0.0
0.0
-5.69789421829732e-09
2.3019466740407992e-08
2.3019465509871253e-08
0.0
0.0
0.0
2.3019463902793776e-08
0.0
0.0
2.680372717610982e-07
3.990538791593286e-08
0.0
2.301946260202305e-08
2.3004277251811306e-08
5.7859486916537445e-08
0.0
0.0
0.0
4.966002563351376e-10
2.3011869264801375e-08
2.3019460933610236e-08
0.0
0.0
0.0
3.609406537275994e-07
5.446610237530281e-09
1.7878758771905652e-07
-2.215273916390575e-07
-4.283310198601551e-08
0.0
6.954885482790812e-09
6.954885656812037e-09
2.5293875227111107e-07
2.3925739224622037e-06
5.387352657776335e-06
2.2350081814936002e-05
-2.2321925038403046e-05
9.747610560352744e-09
0.0
1.832378160315784e-08
0.0
0.0
1.964409852644143e-08
5.583107350127096e-10
8.151331172545628e-11
0.0
0.0
2.5293875093576034e-07
0.0
9.96890239801651e-09
1.2069786755556505e-08
9.974727576185928e-09
3.3322181548814115e-07
0.0
1.0514088291100685e-08
6.310521185282884e-10
-4.4095057694215017e-10
3.5050627716059014e-05
0.0
1.4387878438975657e-09
2.329225198609353e-09
0.0
0.0
0.0
-9.781732757119244e-09
0.0
1.423509743357132e-05
1.4230611375477402e-05
0.0
0.0
