0
0.0
0.0
0.0
0.0
1.0519045985839976e-08
3.124030571853244e-08
0.0
0.0
0.0
0.0
0.0
5.670082620576276e-08
0.0
0.0
0.0
0.0
0.0
0.0
0.0
6.5244405357688415e-09
0.0
0.0
0.0
0.0
7.447967737444374e-09
9.765279154623796e-09
0.0
0.0
0.0
0.0
0.0
0.0
0.0
0.0
0.0
3.204494656370047e-05
0.0
8.64396034507205e-09
1.9482838064422587e-08
0.0
0.0
0.0
0.0
0.0
0.0
1.1338185224895646e-09
0.0
0.0
0.0
0.0
0.0
0.0
0.0
0.0
0.0
0.0
0.0
6.641958695856095e-09
0.0
0.0
0.0
0.0
4.931149116079827e-17
0.0
9.585218393386674e-09
0.0
0.0
0.0
0.0
0.0
0.0
7.647953422478766e-09
1.1086340653662253e-09
1.0154741283963098e-10
1.4694321269069836e-11
1.6352129661499259e-09
0.0
0.0
1.7132603327644693e-08
0.0
0.0
1.0154741224331978e-10
7.744400174092413e-25
0.0
0.001510357019863105
4.898908969458438e-13
0.0
0.0
0.0
1.2798463482165173e-09
0.0
9.854607154402817e-09
0.0
3.771054531617474e-08
-3.7696701936200394e-08
8.310787347217439e-09
0.0
0.0
0.0
0.0
0.0
0.0
9.15970836255099e-09
0.0
0.0
9.678388081188576e-09
0.0
0.0
0.0
0.0
0.0
3.1200832796081484e-09
0.0
0.0
9.48360803429294e-25
0.0
0.0
0.0
0.0
0.0
0.0
2.6022072291781446e-08
9.626694858333959e-09
0.001248633143704151
0.0
1.1377981029832566e-10
-6.903887206277659e-05
6.900101814366622e-05
0.0
8.479680349338517e-09
9.857415139332724e-09
0.0
9.769805639737695e-09
0.0
3.860613815312353e-09
9.059868727530719e-09
0.0
4.6962850427523685e-05
0.0
0.0
0.0
8.197758397964668e-09
0.0
0.0
0.0
0.0
0.0
0.0
0.0
0.0
0.0
0.0
0.0
0.0
9.538254710065737e-09
1.1092943281896468e-09
9.269780925027633e-10
0.0
5.088972781198559e-09
0.0
0.0
6.52574832283654e-15
9.817371127935367e-09
-0.0006844436215610821
3.67830228091724e-10
0.0
0.0
0.0
0.0
0.0
0.0
0.0
0.0
0.0
0.0
0.0
0.0
0.0
0.0
0.0
0.0
0.0
0.0
0.0
7.48926229500147e-06
3.229412391154356e-08
0.0002896985495583877
1.0302652275071218e-08
7.7726519002449e-08
1.92258465470808e-08
0.0
0.0
0.0
0.0
0.0
0.0
2.1723431004300258e-08
0.0
1.1513519071017076e-08
0.0
0.0
1.8601712839671186e-09
1.9881417510173634e-08
0.0
0.0
3.807982969965609e-09
1.495903752677737e-08
3.3840350391204395e-09
0.0
0.0
2.3053805476435777e-08
2.6123022222212584e-09
0.0
7.752311759570216e-09
0.0
0.0
0.0
0.0
0.0
0.0
0.0
0.0
0.0
0.0
0.0
0.0
0.0
0.0
3.29224273608563e-19
2.817132262374484e-09
0.0
1.4080859887453245e-10
1.692423543295891e-10
0.0
0.0
9.629347464910702e-09
1.3486999968985273e-11
0.0
0.0
9.496370575171805e-09
0.0
0.0
3.114888985285639e-11
2.374638516560227e-06
0.0
0.0
0.0
0.0
0.0
9.209945313190094e-21
0.0
-0.0003016046197927835
1.3813302670830525e-20
0.0
5.944549693018251e-09
9.798423114025301e-09
0.0
0.0
1.2101799636434522e-08
0.0
0.0
0.0
6.190263190280001e-07
0.0
3.994065449760854e-09
0.0
0.0
0.0
0.0
0.0
0.0
0.0
0.0
0.0
9.37156437375059e-09
0.0
0.0
9.40269523064115e-11
0.0
0.0
1.962281912151658e-08
0.0
2.62633224911049e-09
0.0
0.0
0.0
1.300029456511849e-10
-8.04453144748373e-09
1.398241964582772e-17
0.0
-1.4383484876371666e-08
0.0
0.0
0.0
0.0
3.4056209261322803e-09
4.332878860256531e-10
9.538996657479754e-09
0.0
0.0
0.0
0.0
1.1947876550509844e-08
0.0
9.21126632630425e-09
0.0
0.0
0.0
8.310787170299217e-09
0.0
8.545644511126813e-09
0.0
0.0
5.941855565420216e-09
3.60049839630362e-08
0.0
0.0
0.0
0.0
0.0
0.0
0.0
1.8544322916573622e-07
0.0
0.0
0.0
0.0
0.0
0.0
0.0
9.348516493812613e-09
6.648521102691103e-12
9.259121677290089e-10
1.5338210933118427e-08
0.0
0.0
4.712631223989259e-08
0.0
0.0
6.918892569984791e-09
6.9188925695256996e-09
8.895224444898622e-09
8.895224444342969e-09
0.0
9.986960345028349e-09
8.135998935802836e-10
9.962027647247851e-09
9.984123422544094e-09
7.726186995035974e-10
9.86704189829662e-09
9.86704179473108e-09
9.945598609167134e-09
9.962027323080007e-09
9.987539722645092e-09
9.984124144106475e-09
9.811403494774246e-09
0.0
0.0
1.7933093757952503e-08
4.840913986176203e-08
0.0
0.0
1.1339684714978161e-08
1.0853836568007425e-09
7.342227382021705e-09
0.0
0.0
0.0
0.0
0.0
0.0
2.4209630241252094e-10
0.0
0.0
0.0
0.0
1.834353716698537e-09
0.0
1.741915867911046e-11
0.0
8.602823863619299e-09
0.0
0.0
0.0
0.0
0.0
0.0
1.258358796638416e-08
0.0
0.0
0.0
9.810694488366943e-09
0.0
1.6973218523787982e-08
0.0
5.13965249099967e-10
0.0
7.44796780550423e-09
8.124372034779706e-10
7.909329934973867e-10
9.983026123751466e-09
0.0
0.0
5.024846751365e-09
9.875565884364233e-09
5.026495157376095e-09
3.3192065776696795e-08
0.0
7.457290383323865e-09
1.3296603848369043e-08
5.76056987274297e-10
5.777028047309499e-10
5.79347382532175e-10
9.799575150142996e-09
0.0
-7.4479677473030376e-09
7.4479677571900784e-09
3.013176367352838e-18
1.9893418409063573e-08
1.992636968299948e-08
1.997388962962366e-08
1.9967150989217517e-08
-9.681983936804528e-09
0.0
5.024434349678668e-09
0.0
5.026083442237899e-09
3.319165413486836e-08
0.0
7.456879225209434e-09
1.3296192199110859e-08
0.0
5.772916151732845e-10
5.789365669533249e-10
0.0
0.0
5.024022046158512e-09
0.0
5.0256717592649905e-09
3.319124249223713e-08
0.0
7.456468018439955e-09
1.3295780556317366e-08
5.768804247675505e-10
5.785257505176474e-10
0.0
2.8511717400644375e-09
9.98258986627601e-09
9.947819790297446e-09
6.524440545037738e-09
0.0
0.0
0.0
2.2997750498398107e-10
3.013403638479645e-11
8.12846327905963e-10
-6.9658626033069856e-09
4.3778329167214647e-10
4.3778329066302247e-10
0.0
9.487101724548787e-09
0.0
-9.935638906771217e-09
0.0
1.6602506318944053e-07
2.4857142111379996e-07
4.5367604256226744e-08
0.0
1.2078159560543531e-08
0.0
0.0
0.0
1.7666899840877622e-07
0.0
0.0
1.92756171442301e-08
1.46253343065934e-18
3.286462340242388e-06
2.938447346529618e-08
7.209635568016872e-08
9.93509637001866e-09
8.788100069451755e-09
-3.779086400339552e-09
-3.7475475434185e-09
-1.612680737109444e-08
-2.3380452819115595e-08
-4.845754366170074e-08
-3.808493000979065e-08
-4.3730693148016e-08
2.471344938799946e-08
8.78810006732753e-09
0.0
-0.0012485620999135914
-8.64396034480977e-09
0.0
0.0
0.0
0.0
0.000321025725409976
1.948283806198573e-08
9.521849943058987e-09
-1.948283806507689e-08
1.9935925458511994e-08
9.96099858891923e-09
5.552748488519474e-08
0.0
2.987916258825858e-08
9.943237090794876e-09
0.0
0.0
0.0
-3.053200492311221e-05
0.0
5.5510614405624255e-08
0.0
9.953332549372718e-09
7.801752825254024e-10
9.956204123028988e-09
9.956204084978263e-09
9.959949369645367e-09
9.959949309745753e-09
9.95994941206176e-09
-5.0090332132752755e-09
3.747527416858576e-09
2.5470929853151818e-08
3.275903334709618e-08
4.8457521210218337e-08
4.2878374767463256e-08
4.348982656038835e-08
1.687462953007743e-08
0.0
0.0
1.1338184304339714e-09
0.0
4.411323275873024e-14
5.5655212237049057e-05
5.5655212193084225e-05
2.1837678963309431e-10
0.0
0.0
1.6796592265234673e-07
1.4119268230810164e-07
0.0
1.5381077742057585e-08
8.475569975556262e-09
4.048098316424921e-13
0.0
0.0
0.0
-0.0008064095263822784
0.0007743645798185786
-3.2044946563700224e-05
0.0
0.0
0.0
1.3985275856675305e-07
9.982531250186596e-09
1.6836755564078387e-09
0.0
-1.038082654503114e-06
5.5824074252086575e-09
0.0
0.0
3.2001244211867835e-07
0.0
0.0
4.792542017710219e-08
9.986253027630121e-09
0.0
0.0
9.955298538453216e-09
9.960186890953003e-09
0.0
0.0
4.504052989995991e-09
0.0
-1.4940086667802888e-10
0.0
1.708036188852141e-07
4.1299850134452456e-08
0.0
0.0
4.1626837823284477e-08
3.3987026593392433e-09
0.0
0.0
6.10120971262513e-08
1.7364614123136954e-08
1.103332226838335e-08
3.7592802517956e-08
0.0
0.0
0.0
7.944340724757929e-10
6.565244719070675e-09
2.9230343342764167e-09
2.4353986985971718e-08
1.442869459679039e-07
2.6091983276434626e-08
1.3996203631723153e-08
7.1409312998268095e-09
9.648382856553006e-09
0.0
1.0518995495771784e-08
-9.82443201617833e-09
0.0
1.4940362550880731e-10
1.5414678003705927e-08
9.827938779200657e-09
6.576827598561092e-10
0.0
0.0
2.1754741210763604e-08
9.975828881776433e-09
4.4246216917773196e-08
1.5065223447842564e-07
2.0097769546008486e-07
-4.33298555116831e-08
2.531824841480766e-07
0.0
0.0
0.0
-2.7642041907025637e-08
5.527170159912786e-08
7.402994787621836e-10
5.800976357089443e-10
-0.0012486331437041513
0.0
0.0
1.6639827224911983e-08
9.409421500930694e-09
0.0
0.0
0.0
2.580444651794595e-07
2.5804446488139553e-07
9.963069196717135e-09
9.963068830405879e-09
-6.6419585936642375e-09
0.0
0.0
9.577221554158413e-09
0.0
0.0
0.0
0.0
0.0
1.743343861352366e-08
0.0
0.0
0.0
3.799030708978731e-08
3.590221732482424e-08
1.9913282090769022e-08
9.959949451793679e-09
-9.82216098342176e-09
3.738093432119324e-11
0.0
0.0
3.009795159217674e-08
9.952398032783487e-09
9.984982161052999e-09
9.982301524144805e-09
4.555441019392454e-08
0.0
0.0
1.7666899833109512e-07
0.0
0.0
0.0
1.8540398890890823e-15
0.0
0.0
1.358813139066192e-11
2.961224703346256e-08
1.5061310016286984e-07
8.335854789271596e-09
2.3837210401208376e-08
1.6728918728965337e-08
0.0
0.0
1.383536770285719e-07
0.0
0.0
0.0
0.0
0.0
0.0
2.411105979963992e-10
0.0
0.0
6.6943260962273235e-09
0.0
4.0010776401216054e-10
0.0
0.0
0.0
0.0
0.0
0.0
3.6978141623800156e-07
3.606126546722707e-07
2.411105979161711e-10
0.0
0.0
0.0
2.0453289147672062e-08
0.0
0.0
0.0
0.0
0.0
8.051623116405445e-10
2.9661295947332297e-08
9.885931066633835e-09
9.885931014434275e-09
9.885931012855844e-09
1.3667163999472446e-08
0.0
0.0
0.0
4.1370715156832914e-18
9.45147373022755e-07
-9.1570288437457e-07
9.957809994057178e-09
0.0
0.0
0.0
0.0
-2.9658654922469887e-08
0.0
0.0
0.0
1.69885925240638e-08
0.0
1.0449288870864424e-07
2.3086728992223476e-17
0.0
1.2989267155654995e-06
0.0
0.0016272313561077804
-0.0016285108878051346
9.900483799351617e-09
0.0
2.9094918038985665e-08
0.0
0.0
0.0
0.0
0.00040811783104752024
1.7527262895943275e-09
0.0
0.0
0.0
0.0
0.0
0.0
4.504459700346057e-09
9.705181232167295e-09
0.0
9.8303761427996e-09
6.614711241371954e-10
0.0
0.0
0.0
0.0
0.0
0.0
0.0
0.0
0.0
4.2589075358574566e-05
-1.0154741251437033e-10
5.6700826215412545e-08
0.0
-4.258897381116244e-05
0.0
0.0
0.0
0.0
0.0
-1.6420887635244622e-09
7.447967843902789e-09
-3.673404464395451e-08
0.0
0.0
0.0
3.238891890390296e-05
0.0
3.237910994132716e-05
0.0
0.0
0.0
0.0
0.0
0.0
0.0
0.0
0.0
9.667579296105864e-09
8.399525360417684e-14
8.41948586247213e-14
8.584821647680592e-14
8.605600876864861e-14
3.009795060614528e-08
7.873865137482121e-10
0.0
1.2007186015886526e-08
-7.851264051845682e-09
0.0
8.465315893441735e-09
0.0
1.7391506719297763e-10
9.973074699227986e-09
9.973074623515626e-09
6.599604045556154e-18
4.6529009808941734e-07
3.4338352190968857e-07
3.5329435163223764e-07
9.910829718511689e-09
0.0
1.0472134112293293e-08
1.5997136933706098e-08
0.0
0.0
0.0
0.0
2.224916376789755e-08
1.0472126046531804e-08
1.5997130201452284e-08
-4.465897059410023e-09
-5.725311380295651e-10
-9.891964415122134e-09
-4.5363422830821323e-10
1.2913445648637321e-08
0.0
0.0
0.0
7.855522771723857e-10
-9.303494489989322e-09
0.0
-0.0015103570198631048
-0.001510361576148922
4.986150639519397e-07
8.99650570525358e-09
-4.898908692055147e-13
5.076110797663238e-07
0.0
0.0
0.0
9.762053202286844e-09
9.34057526080579e-09
0.0
0.0
0.0
0.0
0.0
0.0
0.0
0.0
0.0
0.0
1.527703382111648e-09
6.505429875347524e-15
0.0
9.854199553571696e-09
7.513366699925263e-09
-1.2083887493061218e-12
0.0
3.814099802886903e-06
2.491956122115903e-07
-9.85460697327514e-09
0.0
-4.053311922031957e-06
6.51598965809096e-15
4.082716968766063e-06
6.809709714955808e-10
5.6090725792705735e-05
0.0
9.923036970537698e-09
7.505754890137384e-10
1.6791997544079823e-08
0.0
4.82634499355946e-10
4.629913478442654e-09
0.0
0.0
0.0
0.0
0.0
0.0
3.769670193554987e-08
0.0
9.745788391842261e-09
-1.8607385821117904e-08
1.7722165646103488e-16
0.0
-8.310787347209653e-09
9.902253590675957e-09
9.902253549542219e-09
7.302713440192567e-10
9.917170026528448e-09
5.55422365690933e-08
9.917169430212667e-09
9.917172860696155e-09
0.0
1.390288484100504e-17
0.0
0.0
0.0
0.0
6.434785103929419e-10
0.0
0.0005127431107409115
5.1672728120439914e-05
4.270851535129291e-06
5.846719734437431e-08
0.0
0.0
0.00026463731168387643
-0.0002645974657583495
9.960720169250453e-09
3.901871931805134e-08
-8.857071226751412e-09
0.0
0.0
0.0
0.0
-6.570953004804425e-11
1.9971826201323204e-08
9.986188097716462e-09
0.0
5.594565513008387e-09
0.0
2.8030027393774184e-06
4.028958259089366e-08
4.835973871054727e-07
5.63110930734796e-07
1.1087076699428446e-07
7.60184926786582e-10
8.117408343326667e-10
9.867041976281015e-09
2.0540794786043537e-08
-9.739158205596121e-09
9.811403475797756e-09
-4.725830624283121e-08
0.0
1.8811045103610966e-08
0.0
8.786610589634712e-10
2.5723473422013166e-08
1.0543587918996485e-08
7.76920377398559e-09
0.0
0.0
0.0
9.97307482577424e-09
-9.159708350039552e-09
9.96740837820386e-09
0.0
1.9144952064282014e-08
1.9914831419668227e-08
9.947422998485798e-09
0.0
0.0
9.557436888565571e-09
9.557436886830847e-09
3.652755457856195e-08
0.0
-1.1092942729749172e-09
-2.3167137987295696e-08
9.985839789365984e-09
1.997064018790206e-08
9.984798942513917e-09
-2.3816997714309895e-09
0.0
0.0
3.182673607136089e-05
9.522177735654842e-09
3.592380812934173e-10
-9.48217092374532e-09
0.0
0.0
1.2410361770365156e-17
9.799575169159903e-09
0.0
0.0
0.0
0.0
0.0
7.467349427646133e-11
7.466579178829859e-11
7.467288197628844e-11
0.0
0.0
0.0
9.527886517975622e-09
0.0
9.95187243650638e-09
1.7964644785432803e-09
0.0
0.0
1.0519045170596615e-08
0.0
0.0
0.0
0.0
0.0
8.094535913443718e-10
1.9965637736999448e-08
8.085199503988655e-10
1.8696339020518175e-08
0.0
0.0
9.641353191517918e-10
0.0
3.755621460231819e-11
0.0
0.0
9.86572258329103e-09
1.2713820162830546e-08
3.1200832792508022e-09
0.0
0.0
0.0
0.0
1.9048785318622887e-18
0.0
-9.30349486338855e-09
0.0
0.0
0.0
1.1204902077839299e-07
0.0
9.724644651282573e-09
0.0
9.988455034252073e-09
0.0
1.074251783668022e-08
9.850075456533688e-09
6.793031536210984e-10
0.0
-7.675733130871689e-10
7.679848143366901e-10
9.941542707040666e-09
0.0
0.0
3.7679987907412007e-08
1.9879581627541202e-08
9.938038887267672e-09
0.0
9.672507235375833e-09
0.0
0.0
-7.10924346862517e-10
0.0
0.0
1.5894197651698944e-09
0.0
1.4776240002023006e-08
0.0
1.6773256803471733e-08
0.0
9.787296011175597e-09
0.0
4.2943466844275616e-08
0.0
1.6288243358907366e-09
0.0
1.6964742606519812e-08
0.0
2.3127735692225843e-08
0.0
6.0911354951669424e-09
0.0
0.0
1.0292363622770432e-08
9.694006666366042e-09
0.0
0.0
0.0
0.0
0.0
0.0
0.0
5.009026676728798e-09
-3.747534154524557e-09
-1.612679346168804e-08
-3.275904071967095e-08
-4.845752869797604e-08
-4.7508295851202985e-08
-4.373067771193829e-08
-2.4713433721115438e-08
0.0010865759429532064
0.0010865394153985752
0.0
0.0
0.0
0.0
0.0
0.0
0.0002485967885709219
0.0
0.0
1.238095369514453e-08
0.0
7.581450235025788e-10
0.0
-2.6022072259143658e-08
0.0
-4.612145598625806e-10
-0.0012486331437041513
-0.0012486331437041513
-0.000625060087170462
0.0
9.901757497974582e-09
9.901757545241908e-09
0.0
0.0
0.0
0.0
0.0
0.0
0.0
6.5388094597656334e-09
0.0
0.0
0.0
2.1208536919821426e-07
7.60942786198374e-08
1.3143493116027154e-08
0.0
9.0833467826074e-07
0.0
0.0
0.0
0.0
0.0
2.3086173853866078e-07
7.633511348637754e-08
3.00181146997965e-08
0.0
0.0
0.0
0.0
0.0
-4.4506835754926586e-10
0.0
-1.1377981092596022e-10
-4.4506936055381214e-10
0.00021134559814592335
0.0
3.700920926362919e-07
-8.197759893080415e-09
0.0
0.0
0.0
0.0
1.5014874425924474e-08
7.834152430996001e-09
0.0
0.0
0.0
9.847194641235304e-09
0.0
0.0
2.93115557387974e-07
6.903887206192213e-05
0.0
9.932856363851419e-09
9.93285640469551e-09
0.0
0.0
0.0
1.602020626575572e-07
2.958311627101483e-08
0.0
3.6199651351071157e-07
3.6199651352739436e-07
3.619965135021966e-07
3.7185392864994447e-07
3.6199651351061e-07
0.0
0.0
-6.937114306363785e-05
1.0875142450128947e-08
0.0
0.0
0.0
0.0
0.0
5.199144375758577e-09
0.0
0.0
0.0
1.0862851908344775e-08
0.0
2.3481882459043135e-10
0.0
0.0
0.0
1.5309366634759634e-08
0.0
0.0
0.0
0.0
0.0
2.1044053628300175e-09
0.0
1.7340345983533127e-05
0.0
3.5171082579672315e-09
0.0
9.95629480851421e-09
0.0
0.0005582340210877768
0.0
0.0
0.0
0.0
0.0
0.0
9.844661326381805e-05
3.2526065174565133e-19
0.0
-4.6962850427524085e-05
4.6958584586453504e-05
0.0
4.426835800589676e-07
1.6343616887984198e-08
1.0540818115662713e-08
9.92643998639145e-09
1.9846802784169966e-08
9.920362809016779e-09
7.479630021944902e-10
0.0
0.0
0.0
1.6343616837136724e-08
0.0
4.697485855682273e-05
0.0
0.0
-8.197758916139719e-09
5.586411416516153e-05
1.979107824363484e-08
0.0
7.288579194871724e-10
4.715556044603778e-07
4.7155560446037766e-07
4.1837500059997335e-08
1.977872378971253e-08
0.0
9.823438432567016e-09
-9.927655416708606e-09
1.9142786260900123e-08
0.0
1.2522016092650813e-08
2.9094443118172544e-09
0.0
0.0
1.7756126274524736e-08
0.0
0.0
0.0
9.944027143382606e-09
-0.0006567528636026139
0.0
0.0
0.0
0.0
1.652773713571423e-09
0.0
7.887375470022108e-10
0.0
7.545960956070579e-10
0.0
9.967067289996107e-09
0.0006567348116847815
4.4954048028651417e-07
4.5897048626346854e-07
8.19020014867838e-06
0.0011240229319513708
0.0
9.780973308030345e-09
6.118184989000408e-10
1.981729282384428e-08
6.889121233287428e-10
4.668278057150468e-10
0.0
0.0
0.0
0.0
0.0
0.0
0.0
-9.538254669384447e-09
-9.53825468608116e-09
4.605169707572729e-08
9.632446704411798e-09
9.832374345140886e-09
0.0
2.7583543369643067e-09
2.7583543372577263e-09
0.0
0.0
0.0
0.0
6.530488258303955e-08
6.340013986028126e-09
9.897866880229496e-09
9.897866887209616e-09
9.903744452813995e-09
7.317278206299024e-10
0.0002720273262982739
-9.742261718078933e-11
0.0
0.0
7.818552010919121e-09
0.0
1.9904427005528023e-08
7.585691579313987e-06
0.0
0.0
-6.473621847365631e-10
8.041432418340394e-06
-3.2410971562840674e-09
0.0
0.0
0.0
-1.5712461171567271e-18
2.3510024967615673e-05
0.0
0.4359929835560202
0.0
0.0
-7.713283896413226e-09
0.0
0.0
4.543694616167074e-08
2.247136610787429e-10
9.762968327417602e-09
5.942377523985937e-10
5.94237750890632e-10
3.416109433349047e-08
0.0
0.0
0.0
6.547768266929217e-09
1.6849336608004126e-08
9.687408876314185e-09
1.8177469912872324e-08
1.4877712900846103e-06
0.0006830181248664652
0.0
0.0006844411849635372
0.435992938119074
3.4161093433280504e-08
7.919018496770559e-06
0.0
1.9698190408339453e-08
9.96489623442954e-09
0.0
4.589704861727681e-07
5.2709276179862425e-08
0.0
3.250383867401479e-06
-2.336407453942746e-05
0.0
0.0
0.0
-1.3800193591822704e-08
0.0
0.0
0.0
0.0
-1.599030836772751e-08
0.0
9.932507463336312e-09
0.0
5.800976353875987e-10
9.748486074802332e-09
1.3662458285646012e-07
0.0
1.6783233804915134e-08
7.188576139717843e-09
1.9142786211328307e-08
9.815358610523045e-09
0.0
2.7837505089296423e-07
9.923644138230174e-09
9.176765527162123e-09
9.176765526836862e-09
0.0006568773010640907
0.0
1.9160016821025316e-08
2.343972694928243e-05
9.498430182343832e-07
2.7290795240453917e-05
-4.62190763558714e-08
5.533863653772392e-08
9.119560181449979e-09
0.0
2.818200787736572e-05
8.482996430649188e-08
8.994418922962796e-09
-1.1689521556279558e-07
0.0
8.539587336329581e-08
0.0
0.0
3.672573575474744e-07
-3.390114171165755e-07
0.0
5.720395704151045e-10
0.0
0.0
0.0
0.0
8.136471094948991e-08
0.0
8.106943893580033e-10
3.747389243357437e-05
0.0
0.0
1.8618364474209882e-15
0.0
1.9533235466659335e-08
1.0345935793427623e-08
1.6434281426284442e-08
0.0
1.8947400926195216e-08
0.0
1.0223913102248723e-07
0.0
1.900114152823388e-08
9.59194875231684e-10
1.3938525556639136e-09
9.49262112963938e-08
3.9935308731920745e-08
8.09741679034818e-10
0.0
0.0
8.144930322535068e-10
-8.516484222947625e-09
0.0
2.0137236854928038e-08
0.0
1.0404791790581304e-09
8.038688258927363e-10
0.0
0.0
0.0
3.3822261713169254e-11
0.0
0.0
6.473621847417229e-10
1.040413972640942e-08
0.0
0.0
9.94419302547937e-08
9.981785878412875e-09
-7.997358346078232e-08
1.79401605095395e-08
0.0
1.651011130107046e-08
-1.1216977057306867e-09
-0.0002896963739118519
-0.0002560896329270076
0.0
7.772651846383014e-08
-7.772651873316034e-08
-2.2917381537335634e-08
-2.2378195941707285e-08
0.0
0.0
-2.5470943983748467e-08
-3.275904808530683e-08
-4.8457536178157876e-08
-4.750830345442991e-08
-4.3730685430481975e-08
-2.4713441553608773e-08
0.0
1.7391580523589827e-10
9.799575143541739e-09
6.29983181550589e-10
-8.245320724354044e-09
2.0053770421682153e-08
0.0
0.0
9.543437563273525e-09
5.181140304666554e-12
0.0
0.0
0.0
0.0
0.0
0.0
0.0
0.0006447390159860842
7.577087588107862e-06
3.83777169644362e-05
-3.2542146305056628e-09
9.722116827302003e-09
0.0
0.0
0.0
0.0
0.0
0.0
1.7543333711257593e-08
7.807503191400604e-09
0.0
9.799575176695644e-09
0.0
4.2516970403953256e-13
0.0
9.860662573415394e-09
1.8307605126509366e-09
0.0
0.0
-5.964940607254642e-10
-9.765279154621035e-09
-0.001405603181103119
0.0014056219502186643
0.0
2.9320118372303384e-08
0.0
0.0
0.0
0.0
-2.1723430897603157e-08
8.958586774163437e-07
1.9559598580646933e-07
0.0
0.0
0.0
7.948678959409286e-08
9.97719769524558e-09
8.03495275468685e-10
-7.520689811787995e-06
0.0
0.0
4.138523276504163e-09
0.0
4.138528092339638e-09
4.138532648599706e-09
3.072683202321496e-06
-6.284629124483339e-05
6.284664898271211e-05
0.0
5.2572844065089115e-05
0.0
0.0
0.0
-2.3083718250430842e-09
-1.1513519070967208e-08
0.0
0.0
0.0
9.760809253090823e-09
1.6423187414282488e-18
0.0
1.376955974351026e-08
0.0
9.824431297603012e-09
2.3420095727490163e-07
8.110196638123902e-10
0.0
-9.84046442101998e-09
-1.8601712796042819e-09
9.0739892358549e-09
0.0
0.0
-1.9881417510133476e-08
5.357284131969025e-09
5.357284131969025e-09
8.084511419847612e-10
1.0829048879834602e-08
1.952261993033749e-08
1.4172690881987325e-08
-1.4172690833424983e-08
-4.925830740715438e-09
1.4172690697785707e-08
7.834152406316568e-09
0.0
1.476452080754042e-08
1.476452077864376e-08
9.847957123387818e-09
-9.76080919903318e-09
0.0
1.022502178214475e-08
0.0
0.0
0.0
9.885931121482165e-09
6.805515009840392e-08
0.0
7.106438325154153e-08
0.0
0.0
1.2560598089708457e-07
7.73162296368091e-09
7.731622963054211e-09
1.1338182466498883e-09
0.0
1.9686859450789847e-08
3.4268743375286915e-08
9.977473438215704e-09
9.977473490138443e-09
9.974551084396266e-09
9.974551136240013e-09
0.0
9.789141002381854e-08
5.4220768105691764e-08
1.0830653924088823e-07
0.0
0.0
1.4824154225079562e-08
6.985931837431721e-10
0.0
1.393432558031418e-07
0.0
1.417269090977667e-08
0.0
4.611941711652844e-09
-2.76657471554205e-08
-2.3053805460124255e-08
8.539587233372703e-08
0.0
1.922584655484611e-08
0.0
0.0
0.0
0.0
0.0
1.108640298388021e-08
7.752281788580849e-09
0.0
0.0
0.0
2.5679408649753186e-08
0.0
0.0
7.616398380623178e-08
0.0
0.0
0.0
0.0
4.491320383313976e-09
1.027595424942288e-08
0.0
0.0
0.0
4.563234742853521e-09
0.0
0.0
0.0
2.42926980758033e-08
5.067106719464637e-08
3.17116493591472e-08
2.484138867450633e-10
0.0
0.0
1.7933095185178233e-08
4.840914128012574e-08
0.0
0.0
1.1339685966185717e-08
0.0
9.714250804962706e-09
9.560229285726189e-09
9.741532993982008e-09
4.709947614958576e-09
0.0
0.0
7.514983788017642e-09
0.0
0.0
0.0
0.0
3.517776833094192e-09
9.504822242829438e-09
1.7462451563779425e-08
0.0
0.0
0.0
0.0
7.616183660940691e-09
1.3408899015272735e-11
0.0
1.9366955980122224e-08
1.4402237360729514e-08
5.760774291631396e-09
0.0
0.0
0.0
-1.0742517875264265e-08
5.670082475842899e-08
8.104626953013061e-18
0.0
8.622655541065492e-08
1.2799703641813207e-07
9.548641875589204e-09
7.1170656677459635e-09
7.11706566766628e-09
7.1170656676693475e-09
9.880265118168284e-09
0.0
0.0
9.712900370532406e-09
9.71290036853489e-09
5.453559097489542e-10
5.284620741876195e-05
0.0
2.9261459677198395e-08
9.985842525005511e-09
9.98150539610813e-09
9.98150538990925e-09
9.956701504553988e-09
9.956701501555393e-09
9.963428891353022e-09
9.963428886920808e-09
9.586453096714433e-09
0.0
9.586453042888975e-09
0.0
9.796155112156521e-09
0.0
5.591908363892833e-10
7.578759987382386e-06
2.016071036648296e-08
9.921043761185905e-09
9.921043808312421e-09
-3.298606855979498e-08
9.846916429294526e-09
9.846916427212749e-09
9.846916482055334e-09
9.757565995981902e-09
9.757565995462353e-09
0.0
-1.4384627482211254e-09
0.0
0.0
0.0
5.8419570780217544e-08
0.0
0.0
4.7493395178512787e-08
0.0
0.0
0.0
0.0
3.8799263160784347e-08
1.0889503132345489e-08
1.8163065593022392e-10
0.0
1.8964473579170122e-05
0.0
3.877614250891611e-05
8.848214368211507e-07
5.105772369070984e-05
9.662645460483021e-09
9.665113186596343e-09
1.191928216925643e-10
0.0
9.832374341794958e-09
9.815266305090492e-09
6.45312991700812e-10
9.6700440376637e-09
0.0
0.0
0.0
0.0
0.0
0.0
0.0
-1.4080857660414559e-10
2.658248087344001e-11
0.0
0.0
0.0
0.0
0.0
0.0
-2.941927325014748e-09
-1.6924235439735175e-10
1.2641167356914831e-08
0.0
0.0
5.025999968383599e-17
-1.438462752991615e-09
0.0
0.0
9.954265212922452e-09
1.0883454283931717e-08
0.0
0.0
0.0
0.0
0.0
0.0
4.987443871929004e-08
3.3042646351448654e-08
0.0
0.0
0.0
3.905250393568637e-08
0.0
0.0
0.0
2.277447812169373e-08
6.772125472431865e-08
4.5719841609475854e-08
0.0
0.0
-9.629347519010678e-09
0.0
4.487126133953977e-09
1.2350127526713684e-08
0.0
9.880265068030062e-09
7.087915851183605e-10
3.298606856017839e-08
0.0
-1.34869999825378e-11
0.0
0.0
0.0
0.0
0.0
0.0
0.0
0.0
0.0
0.0
-9.435089421687849e-07
0.0
2.188695132691201e-08
0.0
0.0
0.0
7.447967776851689e-09
0.0
-9.496370575094542e-09
0.0
4.6975948368565655e-05
4.6975948365200766e-05
0.0
1.0519045714514627e-08
4.420025879458729e-17
0.0
6.420249720751059e-09
0.0
-3.1148887180525164e-11
0.0
0.0
7.117295265297671e-06
2.745363164572508e-09
0.0004384294166232783
4.474518418171092e-07
0.0
0.0
1.0678558290223803e-07
0.0
0.0
0.0
0.0
1.06794523997709e-07
0.0
0.0
0.0
1.9835683382064913e-08
1.4705124788191176e-07
0.0893159691803752
0.0
-9.183050764249856e-07
0.0
3.8698831070155197e-08
-1.9901856679587632e-08
0.0
0.0
-2.7812065595423513e-08
0.0
-2.384314146879662e-06
-2.3410858362483435e-06
0.0
3.3478418742368325e-06
2.1535919911171135e-08
0.0
3.3792431025134655e-06
0.0
0.0
6.9916122198686445e-09
0.0
0.0
1.2003645303486289e-08
7.563664769597769e-10
0.0
-9.916745997724102e-09
0.0
0.0
-3.2612122077054634e-08
9.942328190372266e-09
2.9074361044716274e-08
1.0389834654409025e-08
0.0
3.064008935972728e-09
0.0
7.815994237246818e-10
1.506487329964243e-08
0.0
1.5660921764927213e-08
1.5660921764962428e-08
9.87385619479523e-09
9.873856231116043e-09
0.0
2.247865622222128e-07
9.981145559465333e-09
1.4003895514611728e-08
9.984899200090871e-09
0.0
9.983296587279753e-09
9.941542724068205e-09
1.1482441666727754e-06
5.976950410991434e-08
0.0
9.967408400063007e-09
6.974576033600433e-12
9.958835615093716e-09
5.324533953288845e-07
9.940855958597607e-09
0.0
9.985637296907656e-09
3.805487075583676e-07
9.98498296100014e-09
2.3226841783105265e-08
9.985840518170266e-09
0.0
9.984566345242963e-09
0.0
0.0
0.0
0.0
0.0
9.817371127935671e-09
0.0
0.0
0.0
0.0
0.0
0.0
0.0
0.0
0.0
0.0
0.0
0.0
0.0
0.0
0.0
6.238699254189948e-08
0.0
0.0
0.0
0.0
0.0
0.0
0.0
0.0
0.0
0.0
0.0
0.0
0.00030159482660978894
0.00028425360654807115
0.0
0.0
-5.43758273420095e-09
9.41638879963961e-09
0.0
-3.5125418653853217e-09
2.6835083145171726e-10
0.0
0.0
0.0
0.0
-9.88244419630746e-09
1.1686313702991625e-10
7.725371807322925e-11
1.417269090779858e-08
0.0
9.681974856041107e-09
0.0
0.0
9.6336636006734e-09
1.8307605102554838e-09
1.5415499804651576e-10
0.0
8.730262244635556e-09
0.0
0.0
0.0
1.5163006447034767e-08
0.0
9.943800245400865e-09
9.270716758640723e-09
9.270716751379455e-09
6.811556665931029e-10
3.1240305681482616e-08
8.26655804003257e-19
0.0
0.0
4.737722218856184e-07
0.0
7.211977231388465e-09
0.0
6.1120456309476665e-09
1.2504543584355623e-07
4.6721691964951756e-08
0.0
0.0
0.0
-2.886244298104866e-09
0.0
0.0
0.0
0.0
9.259081376014669e-10
0.0
1.5338207465080243e-08
0.0
0.0
2.8122417133815896e-06
0.0
0.0
4.714589641899664e-08
4.864728849250867e-07
0.0
5.66284055880269e-07
1.4536701632910333e-09
3.5072917348885085e-08
1.3711334422259803e-08
0.0
0.0
1.0404140544862897e-08
0.001947110699950762
6.3314283954144215e-09
0.0
0.0
0.0
0.0
1.1833541075880376e-08
4.46782627399029e-09
0.0
0.0
0.0
0.0
9.720067299468158e-09
5.523524547698023e-10
-7.10922905492807e-10
0.0
0.0
0.00021169934662157216
2.7583544383503632e-09
5.02161659000378e-09
1.6938026642587335e-09
3.722502212560838e-09
1.5736792937424588e-08
0.0
1.928506306020571e-08
4.093600284257243e-08
0.0
2.3503208791126224e-08
-4.183749997013642e-08
2.343989917986819e-05
-0.0004775234534904353
-0.0002720273262983746
0.0011240229319514224
5.080089944207413e-17
-0.00024857762855404983
2.2147227294043751e-07
0.0
0.0
0.0
3.7913666295273825e-09
0.0
2.4736926353679783e-08
0.0
8.113650552450447e-09
0.0
2.5372063873736198e-08
0.0
0.0
0.0
6.6444110425965715e-09
3.7913693278728e-09
4.449214915710707e-08
0.0
0.0
2.473692908953654e-08
3.318721391155188e-08
0.0
0.0
1.642355762730311e-08
0.0
1.0435774985102027e-08
3.4742697936448155e-08
1.9610737020461022e-08
2.355182211114601e-08
0.0
0.0
9.56029369216244e-09
0.0
5.90824602005972e-09
5.908246003759842e-09
9.954265217909449e-09
0.0
-6.190263190280001e-07
2.0866278536163173e-07
0.0
0.0
1.793309231668908e-08
4.8409138444871946e-08
0.0
0.0
1.1339683476387285e-08
1.0853815744455891e-09
7.342225643882743e-09
0.0
0.0
0.0
0.0
0.0
0.0
1.741739163684345e-11
0.0
1.818004476931678e-08
0.0
0.0
0.0
2.5679406627352462e-08
0.0
0.0
7.616398240596899e-08
0.0
0.0
0.0
0.0
4.491318703070467e-09
1.0275952933777568e-08
0.0
0.0
0.0
4.563233518867618e-09
0.0
0.0
0.0
2.429269672253967e-08
5.067106510552935e-08
3.171164797531594e-08
2.4841273144847446e-10
-7.585691575529431e-06
0.0
0.0
0.0
0.0
8.067850098411166e-09
0.0
7.447967804270935e-09
-0.0005582448783702131
0.0
0.0
0.0
0.00032102907697240113
9.409421493255707e-09
-2.492707636090448e-10
0.0
0.0
0.0
0.0
0.0
1.2738541292956138e-06
0.0
1.993825030082543e-08
5.839519361157809e-09
-1.5814163390906587e-06
-1.0884658457330108e-06
1.0254312264549574e-07
0.0
1.802561017395191e-08
0.0
0.0
8.705221451828282e-09
1.7964644779685597e-09
1.7964644767941188e-09
0.0
0.0
9.915927970157943e-09
9.915927969515997e-09
-9.898347266834584e-09
0.0
0.0
0.0
0.0
0.0
0.0
-5.083927723762025e-10
1.439838995683531e-08
9.95239783874465e-09
7.79261841142367e-10
0.0
0.0
-0.08651272762179571
0.08651274144338433
9.921782422265543e-09
-1.4926839265887214e-06
9.926439997575066e-09
9.926440008834435e-09
-9.86070149838758e-09
1.7226755202080376e-09
1.1591441441211545e-08
1.4153654137475182e-08
0.0
0.0
7.760112348672442e-10
0.0
2.3439899179919657e-05
7.630739853225239e-10
2.3439899180008094e-05
9.935829634480029e-09
1.722671445790082e-09
1.1591438066625506e-08
1.415365161792033e-08
0.0
0.0
7.760085826665009e-10
0.0
0.0003210290769730649
3.0532004922534384e-05
9.881125847232633e-09
0.0
-3.0818841073940515e-08
2.938447342472337e-08
0.0
6.000181140213392e-08
7.431970384183048e-10
1.1351599302385218e-07
1.068324285722188e-08
-6.669381709823851e-08
4.012523781345297e-08
4.3877799003541607e-08
0.0
2.546255234586476e-07
4.636908617295972e-07
8.901752735278568e-08
3.676968080868102e-10
9.530793424284769e-09
0.0
3.6998640009100014e-09
9.719141047526136e-09
9.719085604673653e-09
0.0
-9.371564774207641e-09
0.0
0.0002164297380161452
1.1472044451655574e-06
7.447967804160963e-09
6.967523840937834e-09
6.967523839135348e-09
9.917520734762746e-09
0.0
-9.40269522924866e-11
-9.402695229409133e-11
-9.402695227122144e-11
0.0
2.590639926016796e-06
2.5906399259120013e-06
4.681789245809374e-08
9.740892399473542e-09
5.726836642298832e-10
0.0
0.0
0.0
0.0
9.401052301033902e-09
7.77497662418316e-09
0.0
0.0
8.95639380054778e-09
0.0
1.0519044355359877e-08
0.0
-1.0318676228624645e-08
9.717664561925687e-09
9.71766456398466e-09
5.500068419262585e-10
9.717664563409467e-09
9.717664614943174e-09
0.0
2.8521764594607705e-10
2.1321038799126e-08
8.06730721955912e-09
0.0
0.0
0.0
1.1783946311573588e-08
0.0
0.0
7.854682912258745e-09
0.0
2.5191399594898125e-05
-1.228270093904223e-05
0.0
0.0
3.4941792520301016e-09
3.6086381351689543e-09
0.0
3.6086420958570087e-09
3.6086465659161028e-09
0.0
2.9094918187059938e-08
4.504052059567493e-09
3.871971356193944e-17
0.0
0.0
0.0
4.649555477192146e-09
0.0
9.739158175943192e-09
0.0
0.0
0.0
0.0
0.0
0.0
0.0
0.0
7.465677085691747e-11
-9.908681595496502e-09
-1.5381934993796437e-08
0.0
0.0
0.0
0.0
-2.5773158107923217e-06
2.625759767011473e-06
9.882086259672485e-09
0.0
2.9094918338394398e-08
2.909491829676279e-08
7.465741825573299e-11
0.0
0.0
-9.730698983097209e-09
0.0
0.0
0.0
0.0
8.044531447232162e-09
8.044531447398413e-09
0.0
0.0
8.310787391607732e-09
2.3963122746594295e-08
5.133823893226774e-09
2.9094918258891624e-08
0.0
0.0
6.879618273114641e-08
5.9376505217166774e-08
9.419676594291104e-09
0.0
0.0
0.0
0.0
3.2948118793855544e-06
0.0
7.465869510051752e-11
7.46580586680595e-11
0.0
3.62536604944819e-07
0.0
9.824372759759115e-09
5.631062993954223e-05
0.0
0.0
-1.503249418390376e-09
9.95629475449033e-09
0.0
9.956294756190185e-09
9.847194607861431e-09
9.84719455976446e-09
0.0
0.0
0.0
0.0
1.2600114356723263e-05
0.0
0.0
0.0
0.0
0.0
0.0
0.0
-3.756453051383004e-10
0.0
0.0
0.0
0.0
0.0
0.0
0.0
0.0
9.635782717546236e-09
3.5267229983824973e-10
2.758354539913747e-09
0.0
0.0
9.844661326213577e-05
0.0
22.287912229636564
-22.287912209776927
7.464159770564131e-10
9.744471615851945e-09
9.74487777521656e-09
0.0
0.0
3.449552139405798e-08
0.0
7.096323791092152e-10
0.0
0.0
0.0
0.0
-0.002068887949490706
0.0020689049417976155
9.775200246611238e-09
1.1947876474139084e-08
-1.1947876512317154e-08
0.0
1.2593412308431867e-05
1.2624655091997283e-05
0.0
0.0
9.602881596589205e-09
1.878973383241613e-08
5.614205334020781e-11
-5.614205419721277e-11
5.403651500923491e-07
1.1947876397689879e-08
0.0
9.744064909729831e-09
0.0
0.0
-0.00041357638203718186
0.0
0.0
0.0
0.0
0.0
0.0
1.6820514235826565e-08
0.0
9.890198221370282e-09
1.1327164963093558e-09
0.0
9.205883163754045e-09
7.521386434695104e-10
0.0
9.81423585092291e-09
6.443002456242142e-10
-0.0014056223550582558
1.7684965321492116e-16
-8.310787169563127e-09
2.9791619050265798e-09
0.0
5.872604843261692e-07
5.872604843261655e-07
0.0
0.0
0.0
0.0
0.0
5.515489532119964e-09
5.515489344648343e-09
-8.735561184625257e-09
0.0
-2.1120348738907046e-08
-3.600498373812667e-08
4.058695005944334e-13
0.0
1.3800193840426312e-08
9.960988118108162e-09
9.974926829802826e-09
8.012755336132319e-10
0.0
-9.435309429974611e-09
-2.768598400059846e-10
3.507291605660026e-08
4.1837500154192025e-08
3.5045745033831055e-08
1.3800193632762338e-08
1.3800193464936667e-08
3.50729162142706e-08
3.567075222367807e-08
6.782520679862689e-10
0.0
0.0
7.876555546053606e-10
-5.5573473211853964e-08
0.0
9.957379571210855e-09
7.841296235826061e-10
1.2153389050557843e-09
1.215338742290167e-09
7.88979459890377e-10
9.955285356271298e-09
7.820833760710777e-10
1.2153384536814707e-09
9.962343032608959e-09
5.549195236653759e-08
2.2680415976277894e-07
3.507291713411525e-08
0.0
1.2153382023580393e-09
1.160991547055624e-09
0.0
3.006081594830766e-08
3.006081574875375e-08
-1.2057890450001274e-09
9.958581192375058e-09
1.1881647440972092e-09
1.2153378259440929e-09
0.0
0.0
0.0
9.774912179704543e-07
7.447967814278581e-09
0.0
-1.7746292257925234e-07
-1.8544322916472754e-07
3.124030556720412e-08
8.754847190078457e-09
8.754847209219708e-09
2.480813953182858e-07
0.0
1.5898022905980976e-07
0.0
9.757205645015226e-08
7.564299711604063e-10
0.0
-2.6895104987545437e-07
0.0
1.2847725104526748e-08
-5.248668323316191e-09
0.0
-2.7570489368086724e-07
0.0
7.654480346294564e-09
2.4808139487921883e-07
0.0
9.975496336546473e-09
1.927898569508823e-08
8.073518368150283e-10
0.0
0.0
1.0650708482002272e-08
8.027609478743214e-10
9.594943728430394e-09
3.837699523721541e-05
9.594943719091469e-09
0.0
0.0
-9.348516493909442e-09
0.0
1.9458585684450786e-08
4.302307876228192e-10
0.0
6.756648969695299e-05
6.756977043563254e-05
0.0
0.0
