0
0.0
8.604409436603618e-09
0.0
0.0
6.860702947078246e-10
0.0
0.0
0.0
0.0
0.0
0.0
2.0599697624613304e-08
0.0
0.0
0.0
0.0
7.749872193175089e-09
0.0
0.0
0.0
0.0
0.0
0.0
5.126582587200419e-09
1.8253119285752633e-07
9.719432819737178e-09
0.0
0.0
5.6534274937438e-10
0.0
0.0
0.0
0.0
0.0
0.0
1.6910569964696973e-05
9.539653131756536e-09
1.2720041395951634e-06
0.0
1.079332082463073e-08
0.0
0.0
0.0
0.0
0.0
6.174625842799046e-09
0.0
0.0
0.0
0.0
0.0
0.0
0.0
3.4734675751449264e-11
0.0
0.0
0.0
8.674222273032918e-09
0.0
0.0
0.0
3.6272769493393418e-09
9.136571605978461e-17
8.073922909407716e-09
0.0
0.0
0.0
0.0
1.3239613593443733e-17
0.0
0.0
1.928159402761614e-09
7.908345160956835e-09
0.0
9.453209527225761e-12
9.95742961072384e-09
0.0
0.0
1.895552480457925e-08
0.0
0.0
0.0
0.0
0.0
0.00012482084899711685
4.899177297849425e-13
0.0
2.5397679662865547e-09
6.619515472354638e-10
0.0
0.0
9.684471420979275e-09
0.0
0.0
0.0
7.213738225711239e-10
0.0
0.0
0.0
0.0
0.0
0.0
9.928128013846266e-09
0.0
0.0
0.0
0.0
0.0
0.0
0.0
0.0
9.867633465648814e-09
0.0
5.850556980603545e-09
0.0
0.0
0.0
0.0
0.0
0.0
2.1731723520326956e-09
0.0
7.242846316345983e-09
8.295196790069375e-09
0.0
0.0
-1.5585232908676971e-06
1.5523121562069039e-06
0.0
2.8374781477438403e-09
9.667571806284065e-09
0.0
9.471594006895877e-09
0.0
0.0
9.609926030493111e-09
0.0
0.0
0.0
0.0
1.2510752135270447e-10
9.361902295426322e-09
0.0
0.0
0.0
0.0
0.0
0.0
0.0
0.0
0.0
3.5794901886749384e-09
0.0
1.7629355713845152e-08
0.0
4.6237698994508795e-09
0.0
0.0
4.357308526781323e-09
0.0
0.0
8.212445123898219e-13
0.0
-2.5261516363955674e-05
0.0
0.0
2.309016074908037e-09
0.0
0.0
0.0
0.0
0.0
0.0
0.0
3.8022880657234844e-08
0.0
0.0
0.0
0.0
0.0
0.0
0.0
5.557438345832782e-09
0.0
1.2859619100906584e-05
0.0
0.00011890389223978559
0.0
7.816811302618434e-08
0.0
2.637716518809648e-08
0.0
6.756809700401944e-09
0.0
0.0
0.0
1.146387163543702e-08
0.0
0.0
0.0
0.0
7.194820284780032e-10
0.0
0.0
0.0
3.808191880003316e-09
0.0
3.016748367384133e-10
0.0
0.0
3.0329227041422064e-07
0.0
0.0
6.235426116813325e-09
2.543382360228096e-08
8.505068603303987e-09
0.0
0.0
0.0
0.0
0.0
0.0
0.0
0.0
0.0
0.0
0.0
0.0
1.2519998406349807e-18
0.0
0.0
7.283674978246786e-09
1.692518764029316e-10
0.0
9.829033289264043e-09
9.836471409169915e-09
0.0
0.0
0.0
0.0
0.0
0.0
6.748425112164261e-11
2.4426411184830243e-06
0.0
0.0
0.0
0.0
0.0
0.0
6.093075495047771e-13
-0.00012266887233844764
5.2023865329092575e-25
9.930942256193644e-09
0.0
9.847831939859212e-09
0.0
0.0
0.0
3.620790500770958e-09
0.0
0.0
3.873263281570097e-07
0.0
9.76044957683946e-09
9.756006255886488e-09
0.0
9.372699357216666e-09
0.0
0.0
0.0
0.0
0.0
9.643304600456142e-09
0.0
0.0
0.0
0.0
7.2005230924504884e-09
1.14070503438993e-20
2.2164332325476506e-09
0.0
0.0
0.0
0.0
0.0
5.800780372427712e-10
0.0
4.4444861811511366e-17
0.0
0.0
0.0
0.0
0.0
0.0
0.0
0.0
9.25180342557427e-09
0.0
0.0
0.0
0.0
3.6566218909618023e-09
0.0
9.894340798752112e-09
0.0
0.0
0.0
7.213738067563211e-10
0.0
6.172531412511419e-09
0.0
1.509903313490213e-14
0.0
4.03575236671086e-08
0.0
0.0
0.0
0.0
0.0
0.0
0.0
0.0
0.0
0.0
0.0
0.0
0.0
0.0
0.0
0.0
6.648885868959509e-12
0.0
0.0
0.0
0.0
0.0
0.0
0.0
9.191093340511942e-09
0.0
1.277531795629283e-09
1.277531791563525e-09
0.0
9.98767092797277e-09
6.282053168387969e-10
5.547498681252238e-10
9.985053993729525e-09
0.0
0.0
0.0
7.66494918650092e-09
9.91222992609229e-09
9.986808808531187e-09
9.98505460007947e-09
9.386760434259081e-09
0.0
3.806595287595633e-08
0.0
5.898165158626136e-08
0.0
0.0
5.924636631658367e-09
0.0
0.0
7.58723935744622e-09
0.0
1.1036013854617988e-08
0.0
0.0
0.0
0.0
7.802835522938527e-09
0.0
0.0
0.0
0.0
0.0
0.0
0.0
0.0
0.0
6.472872807035081e-09
0.0
0.0
0.0
0.0
0.0
0.0
0.0
0.0
0.0
2.7924331479807165e-08
0.0
0.0
0.0
0.0
1.82531192864731e-07
6.287416672960897e-10
9.945168244485103e-09
9.98703670075448e-09
0.0
0.0
5.033069702054541e-09
6.164795982235864e-09
5.034204114784637e-09
8.14791423969086e-09
0.0
9.078944888459615e-09
0.0
1.1324756219492527e-08
1.1325888136633363e-08
1.1327020150760928e-08
0.0
0.0
-1.8253119285872625e-07
1.8253119285994553e-07
1.0581524650679385e-17
1.7487307413302105e-08
1.9857400612191884e-08
1.9974162121150066e-08
1.9972091909490408e-08
-4.525620814731235e-09
0.0
5.032786080735862e-09
0.0
5.033920546475265e-09
8.147630101317167e-09
0.0
0.0
0.0
1.1324473299991486e-08
1.1325605157145604e-08
1.1326737158986501e-08
0.0
0.0
5.032502474090196e-09
0.0
5.033636966071075e-09
8.147345962309833e-09
0.0
9.07837652089412e-09
0.0
1.1325322177036499e-08
1.1326454166510738e-08
3.90480359167775e-10
7.402005739549761e-09
9.979037008357662e-09
9.82235806926135e-09
0.0
-5.653427396362654e-10
2.907671430297837e-15
0.0
7.324820999658206e-09
0.0
9.982624049549287e-09
-2.2978201823925515e-09
0.0
0.0
8.60440947767681e-09
9.333136812656948e-09
0.0
-3.6490523945603696e-10
2.9353860278494068e-08
0.0
4.4456381311260915e-08
9.611908477890935e-07
0.0
1.138334214570103e-07
0.0
0.0
0.0
3.8436448655652855e-07
0.0
0.0
1.2796336706476727e-08
3.590054831033785e-18
2.302247947423896e-07
3.7819597057341236e-08
0.0
5.926862537961387e-10
0.0
3.558171656487931e-08
2.5731396038582762e-08
4.863215364177694e-09
4.774833648258144e-09
2.730930040374842e-09
1.5867712629957786e-09
0.0
-9.156938030638155e-10
-1.879782169424392e-10
-9.539653131412321e-09
-1.0528731962794729e-06
-1.272004141128491e-06
-1.2623102548537771e-06
1.775058521972921e-16
0.0
0.0
0.009478963908408833
0.0
-1.0793320819902779e-08
0.0
1.974621155680852e-08
4.65125857651033e-10
2.7389445214477898e-08
0.0
2.9546074139148057e-08
4.440985023814954e-10
0.0
0.0
0.0
-1.6868766074651376e-05
2.6633118590347593e-07
2.737640970912353e-08
0.0
9.694480153349056e-09
3.40352272073516e-10
9.930964499316737e-09
9.93096444125276e-09
9.938557400541208e-09
5.806796847693654e-10
9.938557451832692e-09
-2.6064251371766795e-08
-1.6260824578623697e-08
-1.4273274407446829e-08
-1.4046829689028833e-08
0.0
-1.6001120632959105e-09
-9.275596848218846e-09
0.0
-1.2330240267802465e-10
9.442595123317313e-11
6.174625919318631e-09
0.0
1.0593074815775302e-12
2.5567710897674282e-05
2.5577479988753566e-05
0.0
0.0
3.5491422762642604e-08
0.0
3.147724575641926e-08
9.725472629482006e-07
8.618282741078957e-08
0.0
0.0
0.0
4.1252124004321903e-10
0.0
-0.4433510254295652
0.44333411485960056
-1.6900808080637876e-05
5.2050518524780645e-08
0.0
0.0
1.1933022631245938e-08
6.267560281693367e-10
9.985335888113798e-09
-2.71622699803218e-08
-5.068598062934679e-06
9.628639336691468e-09
0.0
0.0
3.79268645758746e-07
0.0
1.5239671313912882e-08
1.5239671313912882e-08
6.291396435197543e-10
0.0
0.0
9.972539972149492e-09
9.975688053061774e-09
0.0
0.0
0.0
-5.543299220449494e-10
0.0
0.0
1.1388896760341029e-07
4.5052619540442074e-08
0.0
3.743542646843057e-10
3.490414839004703e-08
0.0
0.0
1.0522825162890295e-08
0.0
0.0
0.0
2.5976246070601638e-08
0.0
0.0
0.0
6.040295458227284e-10
0.0
3.4303488429033668e-09
0.0
3.128152173857462e-08
2.0384259444880496e-08
1.3451334510658556e-08
0.0
9.650103752927627e-09
0.0
6.850061449103665e-10
-8.518228052455882e-10
0.0
3.972741441371497e-10
2.3569161405571723e-05
5.913604574744946e-10
9.94940150445434e-09
0.0
3.8969802057969e-08
-2.8767351517111095e-08
5.971146352791077e-10
1.1776412423321552e-08
-5.943553527925285e-08
0.0
1.297689711407898e-07
1.1212653497929227e-08
0.0
0.0
0.007862520326392003
-0.007862512103152142
1.1431975495434995e-08
4.711072758386195e-10
0.0
0.0
0.0
0.0
0.0
0.0
0.0
0.0
-8.674222173864842e-09
2.5796236986789985e-07
2.5796236960676467e-07
6.20032033749141e-10
9.978510063968863e-09
0.0
0.0
-8.674222273020212e-09
0.0
6.724448331476999e-10
1.475131737559514e-10
1.4751316184637056e-10
3.650320727331742e-10
0.0
6.193721438885197e-10
0.0
0.0
0.0
8.916031176415442e-08
0.0
1.018800269400826e-08
9.938557498468887e-09
-9.840556469418386e-09
0.0
0.0
4.005872314070375e-07
3.0173826829815295e-08
9.972887678004e-09
6.278475864610932e-10
9.976897155799277e-09
1.744544505684101e-08
0.0
0.0
3.843644864503726e-07
0.0
0.0
0.0
2.0100094110148354e-15
0.0
0.0
1.1917828588290315e-08
0.0
4.1152791267246724e-08
3.027633484176723e-08
0.0
4.992460113350245e-10
0.0
2.3573595472300145e-08
0.0
0.0
9.422709289604948e-07
9.601026853223378e-08
0.0
0.0
0.0
-3.62727694755427e-09
0.0
0.0
1.244445862041042e-08
0.0
0.0
0.0
0.0
0.0
0.0
0.0
0.0
0.0
0.0
-3.6272769489637327e-09
0.0
0.0
0.0
2.2257624808334764e-08
-9.904795648827482e-09
0.0
0.0
0.0
0.0
6.101247664295717e-10
2.9934120664742914e-08
9.908203836695724e-09
9.908203737436168e-09
9.908203733073883e-09
1.5693205445356492e-07
0.0
5.619381868177174e-08
7.624837257281108e-08
0.0
0.0
2.8430381159776992e-08
5.866735898308665e-10
1.326695011490128e-17
0.0
0.0
0.0
-3.9445747447664566e-08
0.0
8.149118809863094e-09
0.0
0.0
1.2290795558560705e-07
0.0
0.0
0.0
5.7207067658881206e-11
0.0
0.02053232725890413
-0.020532307467108046
5.672714083257309e-10
1.4546058743073316e-17
2.1039000408694645e-08
-1.3133152213692824e-07
2.7167298903097128e-08
0.0
0.0
-6.575341240599997e-05
0.0
0.0
0.0
0.0
0.0
0.0
0.0
0.0
8.950183023549506e-09
0.0
9.843520269280624e-09
9.843999797496278e-09
0.0
0.0
0.0
0.0
-1.928159402677038e-09
0.0
0.0
0.0
0.0
0.45276724589015366
-1.0155369091231076e-10
2.059969762172687e-08
0.0
-0.45276724578859984
-9.452697955977807e-12
0.0
0.0
0.0
0.0
-9.96217293814522e-09
1.8253119283921744e-07
-3.3849055504659863e-10
0.0
0.0
0.0
1.9343741701486727e-06
1.6263032587282567e-19
1.9245543438003617e-06
0.0
1.6363401257259513e-09
2.4838441642126458e-08
8.958808611597957e-09
0.0
0.0
5.1025258698309484e-09
0.0
0.0
0.0
2.1168792344192604e-12
2.117426097742467e-12
2.1228508392636287e-12
2.1227794986996293e-12
3.017382620804832e-08
9.961726693797255e-09
0.0
0.0
-9.514360087077193e-09
0.0
8.535818530694938e-09
0.0
7.214290511230281e-12
9.944000409164623e-09
5.860405979587818e-10
6.57844059923511e-18
0.0
3.7240758810868774e-07
3.823384124730581e-07
5.730633650760399e-10
0.0
0.0
1.434605030638945e-08
1.0774735345218097e-09
0.0
0.0
0.0
0.0
-4.0851082293952424e-10
4.937789763473317e-09
0.0
0.0
-1.6596120824633916e-10
-7.470499885405403e-09
-6.2795702707249144e-09
0.0
-1.0155298311675695e-10
0.0
9.92055591134628e-09
-1.5066596044617998e-10
0.0
-0.000124820848997117
-0.00010845667266900952
0.0
4.7574631855209355e-08
-4.899177173970856e-13
3.782896469035594e-08
2.539767724664075e-09
2.5397678853277478e-09
0.0
0.0
1.1204986899253103e-08
0.0
0.0
0.0
0.0
0.0
0.0
0.0
0.0
0.0
0.0
7.744375030048506e-09
0.0
1.8750491470534647e-08
3.2968341194650915e-10
0.0
-8.479507650508908e-13
0.0
0.0
8.281237513103727e-05
-9.684471402821113e-09
0.0
-8.278291326115479e-05
8.211931325408788e-13
8.281223229270363e-05
3.280141123052247e-10
2.5538023017838353e-05
0.0
9.941369527871637e-09
5.834493781898272e-10
0.0
0.0
9.22366035003945e-09
0.0
7.684036856456244e-09
-6.766836959206431e-11
8.070805717423168e-09
3.6491350962586885e-11
0.0
0.0
0.0
0.0
9.877567540359924e-09
6.643820086950677e-10
1.6299830636730606e-17
0.0
0.0
9.922116057430146e-09
9.922116016811344e-09
9.922115976491314e-09
9.583261460642245e-09
5.859277181103522e-08
9.583261093568195e-09
9.583260728973208e-09
0.0
4.451260251967738e-17
0.0
0.0
0.0
0.0
5.446307101267296e-10
0.0
0.00021559603866039192
0.0
2.7394852410841936e-05
6.204311066581492e-08
0.0
0.0
0.0
4.808183802386321e-08
9.955951442919041e-09
-6.095183045534955e-08
-3.014403450493688e-09
0.0
0.0
0.0
1.0568456481444444e-08
0.0
1.997701281295026e-08
9.988480639327383e-09
0.0
0.0
0.0
0.0
0.0
0.0
0.0
0.0
9.69656808427928e-09
9.98853057036786e-09
0.0
2.0147182189576717e-08
-9.75514780066078e-09
9.386760446201192e-09
-1.1149458077299462e-08
0.0
0.0
1.903675230990908e-08
0.0
0.0
0.0
0.0
0.0
0.0
0.0
9.94400060506888e-09
-9.928128013713539e-09
6.8867172986849135e-09
1.4846255294275743e-08
1.3118259955071456e-08
1.9864177686184046e-08
9.929116684310778e-09
8.503785504489811e-09
0.0
9.64746866942423e-09
2.94079382719285e-10
2.5426418444132845e-08
0.0
-4.623769789193367e-09
-1.3156437907429347e-11
6.268304741330101e-10
1.997196460418161e-08
9.98655127026866e-09
0.0
2.6633118591384075e-07
0.0
0.0
9.469835215267946e-09
9.469835216338596e-09
-5.931792665628403e-10
0.0
1.3653152825101548e-10
1.215932901075566e-17
0.0
0.0
0.0
-9.920464005830354e-09
0.0
0.0
0.0
0.0
0.0
-1.5071399054304322e-11
0.0
4.0790498145908595e-09
0.0
0.0
5.88465161150672e-10
9.867302014332891e-09
0.0
0.0
6.860690824106878e-10
0.0
0.0
-7.8664923899396215e-16
0.0
0.0
6.268530927190312e-10
1.9971976525429907e-08
9.986540069912334e-09
0.0
0.0
1.061841940626079e-08
0.0
0.0
3.895707323637088e-12
0.0
0.0
9.835825516134466e-09
1.845863165591031e-08
9.867632044802122e-09
0.0
-9.867633468739045e-09
0.0
0.0
5.730777083330479e-18
0.0
0.0
0.0
0.0
0.0
5.989550984119076e-08
0.0
7.256489459616264e-09
0.0
9.990002255444915e-09
0.0
1.9791398719209465e-08
9.916696188639628e-09
5.591486933743732e-10
9.617873276517975e-09
-4.361541459893639e-10
3.892373902263991e-09
9.913562312637708e-09
0.0
0.0
2.3675273733429523e-08
1.9831749548302414e-08
9.918188936808292e-09
0.0
0.0
0.0
1.1862294022995185e-14
0.0
3.0843334002557123e-10
0.0
0.0
0.0
0.0
1.4676140308152416e-08
1.5174515682672487e-08
0.0
1.4770800904821703e-08
0.0
1.7908912975855148e-08
0.0
7.824926647314617e-09
0.0
0.0
1.8543159596148926e-08
4.810564773178026e-10
0.0
2.1168806443917024e-08
0.0
2.009539646572817e-08
0.0
2.111552924744141e-08
0.0
0.0
0.0
0.0
0.0
0.0
0.0
3.556625834011287e-08
2.5733038387654172e-08
4.86484392605023e-09
4.640420959526112e-09
0.0
0.0
0.0
9.173380943749976e-10
1.562005821295605e-08
0.0
9.879873530059944e-09
9.879872369537306e-09
0.0
0.0
0.0
0.0
4.3907314947055264e-05
0.0
0.0
9.554837878804762e-09
0.0
0.0
8.652320798388403e-10
9.589227718819976e-09
0.0
-7.242846322697005e-09
-8.295196789865349e-09
0.0
0.0
0.0
9.938440020003843e-09
9.93843992331472e-09
0.0
0.0
0.0
1.4071106904013752e-08
0.0
0.0
1.554919636472181e-08
1.3885936290555478e-09
0.0
0.0
0.0
0.0
0.0
0.0
0.0
3.534101996282148e-09
0.0
0.0
0.0
0.0
0.0
0.0
0.0
0.0
0.0
0.0
0.0
7.007448100788985e-07
0.0
3.4999202639355433e-09
4.940447184694565e-10
9.850586933087902e-09
3.4999196027327023e-09
6.872187423616067e-07
2.4878346998904804e-05
2.415445929620935e-08
-1.3118290204622583e-11
0.0
-9.361902197696156e-09
0.0
0.0
1.637947459943504e-05
9.940785535256134e-09
3.043845236298953e-09
0.0
0.0
9.945773483402048e-09
0.0
0.0
0.00024256834186166062
1.5488227639865354e-06
0.00024249094162960777
9.977248347172827e-09
9.9772483127948e-09
0.0
0.0
0.0
1.514079099964493e-08
0.0
0.0
0.0
0.0
0.0
6.852370796025467e-10
0.0
5.751044547580489e-07
0.0
-1.6565664537893099e-06
0.0
1.1941436970438608e-08
5.743287149793577e-08
1.199954691580504e-07
1.1999546915740256e-07
1.1999546915600173e-07
1.2946706316308523e-07
1.1999546915618696e-07
1.2071419516330372e-08
0.0
0.0
0.0
0.0
0.0
0.0
0.0
0.0
0.0
1.5782435527829426e-08
0.0
0.0
0.0
2.2071184165121323e-09
0.0
4.116917559117259e-07
5.718260426420911e-07
0.0
1.1431613973259526e-06
9.954458966462318e-09
0.0
1.372800647229693e-08
0.0
6.614094277917752e-08
0.0
0.0
0.0
0.0
0.0
4.87890977618477e-18
0.0
9.413556058246973e-09
1.6357062853125336e-05
0.0
0.0
1.9481212793780018e-08
9.67925146333642e-09
1.5036537769873545e-10
1.9121381609796666e-08
9.619956170590782e-09
2.6700160831615666e-10
-1.25107523299417e-10
0.0
0.0
1.948121269607743e-08
4.154714418358579e-10
1.6534740015092445e-05
1.7256513824300084e-07
-9.36190229542343e-09
-9.361902295403948e-09
2.5883845543833717e-05
1.8610654917411524e-08
0.0
4.948184401635223e-10
2.929512080979314e-08
3.880537775065165e-08
0.0
1.4445207176253821e-08
0.0
0.0
-5.89114495968169e-10
1.9633545310251512e-08
0.0
0.0
0.0
0.0
0.0
0.0
2.3278772868297365e-08
0.0
5.249889290061747e-09
9.919757671391445e-09
1.1044031155730491e-07
0.0
3.927647983113762e-09
0.0
0.0
5.436432646528276e-10
0.0
9.920632405128224e-09
0.0
8.925622352220879e-09
1.8346771874653112e-08
5.817343271742133e-10
0.0
6.9283258240117635e-06
6.93807035353231e-06
1.3220220781042515e-07
1.770507535614127e-06
5.162244210764465e-09
9.846641246439156e-09
4.901592509286002e-10
0.0
-1.762935571101589e-08
0.0
9.842453485055327e-09
4.722340597394878e-09
0.0
4.72234059730129e-09
0.0
0.0
0.0
9.842453481073254e-09
4.86035633450613e-10
1.2396638790062317e-08
4.409560782152946e-09
9.733365005236693e-09
0.0
9.79296519976651e-09
4.3730744615416165e-10
-4.357308526342087e-09
0.0
0.0
0.0
2.2085263904342263e-09
0.0
9.854922838428761e-09
9.854922703945643e-09
9.808744334697861e-09
4.5284356678641877e-10
5.209203105061271e-05
0.0
0.0
-8.212189925470149e-13
9.925714146353654e-09
0.0
0.0
0.0
0.0
0.0
0.0
0.0
-3.5592510172540045e-09
0.0
0.0
0.0
-8.673617379884035e-18
8.303430101496693e-06
-7.143395057413035e-08
0.00020639451928377263
-6.071532165918825e-18
0.0
5.4617151079572324e-11
9.769870215977803e-09
6.267449838214749e-08
0.0002064043239362169
1.9475676259942008e-08
9.633222769066688e-09
9.63322276115175e-09
2.8005834416684816e-10
0.00020646545682325123
0.0
0.0
0.0
7.941779226478397e-09
1.553902522825304e-08
-2.309016077094877e-09
0.0
2.5272399103721105e-05
1.2467655085693295e-08
2.5279695881508246e-05
0.0
0.0
0.00020646545682228881
0.0
0.0
0.0
9.944510053654028e-09
4.3730754411355374e-10
6.938070353392434e-06
-5.637934671628207e-09
0.0
1.860958222271736e-07
-8.049791216949154e-06
0.0
1.97785172401608e-08
0.0
0.0
0.0
0.0
0.0
0.0
-0.0009570680588308963
0.0009571412898473958
5.974635006686844e-10
0.0
4.836403277704368e-09
0.0
5.252246486332724e-07
0.0
1.8928096957606795e-08
0.0
1.9633545228387545e-08
9.849267702704873e-09
0.0
3.328837323562959e-08
9.92324600306493e-09
-3.802288065726179e-08
-2.851433962221937e-08
0.0
0.0
0.0
8.02478597671182e-06
0.00019333866579402108
0.0
-0.0003974253681641856
0.00039744512592871116
5.862970807939807e-10
0.0
0.00019336901308419235
0.0
8.965859548591576e-09
1.1298688556876419e-08
1.424981832182405e-08
0.0
3.9491032267732363e-07
0.0
1.3751526292202972e-06
-1.3768059048402392e-06
1.1434336020366839e-08
9.781062138620767e-09
0.0
0.0
0.0
0.0
0.0
0.0
6.282444575398693e-10
1.7963414512804966e-06
1.6027555138455466e-08
0.0
1.4049584126463488e-15
5.24988936803103e-09
4.669868456944865e-09
0.0
0.0
1.834677199597716e-08
0.0
1.2842659170683294e-09
8.073553355878259e-09
0.0
1.758963787851804e-08
0.0
9.85689205565955e-09
0.0
3.9945838638058286e-08
9.986897909103646e-09
0.0
0.0
6.313504681365544e-10
0.0
0.0
2.0212098893597995e-08
0.0
0.0
6.202184117812982e-10
0.0
0.0
0.0
0.0
0.0
0.0
0.0
0.0
8.360697494365204e-08
1.2247401336713045e-05
0.0
9.98625959485952e-09
1.952322613448486e-08
1.553902522639078e-08
0.0
1.7848041307545433e-08
8.906004866904554e-09
-0.00011888431851455987
-0.00011801448661131502
0.0
7.81681126923896e-08
-7.816811285754621e-08
0.0
0.0
2.6062613195488546e-08
2.5732217213497938e-08
4.864029561421392e-09
1.4045185796189054e-08
0.0
1.587594057653943e-09
1.5899157546073184e-09
9.165159485887517e-10
3.8965932623548014e-10
7.2138473139868604e-12
0.0
-5.126582586396922e-09
-9.738656103763788e-09
1.0465297496557994e-08
0.0
0.0
0.0
0.0
0.0
0.0
0.0
0.0
0.0
0.0
7.219763465407312e-15
0.0
2.304023350328222e-07
5.521104561982323e-07
0.0
0.0
9.323471368726432e-09
0.0
0.0
0.0
0.0
0.0
8.286760285991666e-09
7.94886125237565e-09
1.4786921866022287e-10
0.0
0.0
0.0
0.0
9.909932318132584e-09
0.0
0.0
1.4786920557243672e-10
-3.64915158150418e-10
-3.6491515819568413e-10
-0.11566444952802968
0.11566445928176329
0.0
2.9690599775586776e-08
0.0
0.0
0.0
1.045611858045987e-07
-1.146387160763998e-08
1.838086656829217e-09
7.033800100441233e-09
0.0
7.3266186225371695e-09
0.0
4.619263046748843e-08
9.982783011069104e-09
9.982784376916243e-09
-1.2898826504008467e-05
0.0
4.472548917034065e-10
6.1490520476705504e-09
0.0
6.149052976152635e-09
6.149053813819195e-09
2.3570401859779892e-05
-1.5460948077361536e-09
0.0
0.0
1.9973095591260952e-06
2.8472038947140746e-09
-3.741372403198981e-08
5.747101861004235e-08
8.909627795684449e-09
8.909627791208032e-09
0.0
0.0
0.0
4.213427454847904e-10
0.0
0.0
1.387727728583427e-08
4.049359918559259e-09
1.0213765732486335e-08
2.9057390440926626e-08
9.986002146228964e-09
0.0
0.0
0.0
8.664015293644648e-09
0.0
0.0
9.034104267620358e-10
0.000817097266338144
-0.0008170772947571556
9.985577556883077e-09
6.0726512362635704e-09
6.046574366038773e-09
2.944106686556366e-07
-2.944106686533574e-07
-2.9441066864911887e-07
2.944106686466977e-07
9.940785514139849e-09
9.940785494272243e-09
0.0
0.0
-2.6633118590897926e-07
-9.776750157066208e-09
0.0
2.1033704225137185e-08
0.0
0.0
0.0
9.908203947331044e-09
0.0
8.524331910821651e-07
8.465137444902333e-07
-3.8081918798948955e-09
0.0
3.973286870345681e-09
8.56066379763265e-09
8.560663794813725e-09
6.174626073606595e-09
1.0195706887425576e-08
0.0
1.1256199196085095e-08
6.152566650090308e-10
9.973662409017425e-09
9.97198007501865e-09
9.971980147323107e-09
0.0
0.0
3.1201841942733704e-08
0.0
0.0
0.0
0.0
3.197658613978516e-10
0.0
2.1308512187731294e-07
2.0781755562172654e-07
2.9441066863828865e-07
0.0
0.0
-2.9346434218447304e-07
-2.9365461527772595e-07
0.0
0.0
0.0
2.6377165186685772e-08
0.0
0.0
1.231931130201622e-08
2.178421708987896e-08
0.0
6.235390582590195e-09
0.0
0.0
0.0
0.0
0.0
1.1020702892180453e-08
0.0
1.2098745380335248e-08
1.4811067098998879e-08
0.0
0.0
0.0
0.0
0.0
0.0
0.0
6.473737777114272e-09
1.514009074386073e-08
0.0
1.6910238736690114e-09
0.0
0.0
0.0
0.0
0.0
3.8065954188600234e-08
0.0
5.8981652921346536e-08
0.0
0.0
5.924634483539568e-09
0.0
0.0
0.0
2.7129722034107236e-09
0.0
9.27445151000602e-09
0.0
7.371539252986098e-09
2.6827524318644427e-09
9.483022365680141e-09
0.0
8.315612070881117e-09
0.0
8.116754409236711e-09
1.1147117777029747e-08
0.0
9.267428478892259e-09
0.0
2.9227199253841366e-08
0.0
3.4286453136823907e-09
0.0
0.0
0.0
4.382458557388423e-09
0.0
2.555072150914644e-08
0.0
-1.979139875889804e-08
2.0599696735956592e-08
0.0
0.0
6.651115500382343e-08
1.0266874609512284e-07
-1.5961939558534764e-08
0.0
0.0
0.0
9.170774006281726e-09
0.0
0.0
9.80570489779698e-09
9.805704891228154e-09
4.498509148008727e-10
2.3146276985025486e-06
0.0
2.2783674891132006e-08
9.987338158509746e-09
9.981989652986908e-09
9.981989631409689e-09
9.973630717068976e-09
9.973630705470505e-09
9.977437670326932e-09
9.977437653665939e-09
9.959615055602638e-09
0.0
9.959614947615827e-09
8.784172582274428e-09
0.0
0.0
3.6353685474426995e-10
0.0
2.9474579450450956e-08
9.93988503750481e-09
9.939884804133214e-09
-1.5413917701673913e-08
9.92417377188668e-09
9.924173767223831e-09
9.92417387144226e-09
9.610517513257845e-09
2.5771253093221945e-10
6.5884980687775905e-09
0.0
6.588498035756262e-09
4.188169065028058e-10
0.0
0.0
0.0
0.0
0.0
0.0
0.0
0.0
1.652229842588427e-08
0.0
0.0
6.977242550708739e-09
0.0
2.5617122713896142e-05
0.0
0.0
0.0
2.648973120705222e-06
0.0
0.0
4.164442487986961e-10
0.0
3.786303587655701e-10
9.837991672255063e-09
4.814922435514591e-10
0.0
0.0
0.0
0.0
4.5719527407197735e-08
4.885203068352747e-10
0.0
0.0
0.0
9.58555403321474e-10
0.0
3.843585420373221e-08
1.4470769983818377e-09
0.0
3.854414486417621e-09
3.854411900761079e-09
0.0
-1.6925127965805586e-10
1.6722876594861169e-09
0.0
0.0
9.064315682896501e-17
0.0
2.5659179895303657e-06
2.5659179895304237e-06
0.0
0.0
0.0
2.6359578571155157e-08
1.2004077083413786e-08
9.628964317352479e-09
9.62896483643327e-09
0.0
4.990806731951158e-08
3.00519016068144e-08
1.104895006894378e-08
0.0
3.52602929875819e-07
0.0
0.0
2.164649017855284e-08
0.0
0.0
1.1888607585642001e-07
-3.6226003579023334e-07
2.541472143657649e-08
0.0
-4.801454363079569e-10
2.5413900509456383e-08
0.0
0.0
2.3046387349979855e-07
9.17077390974435e-09
9.17077390763521e-09
1.541391769950127e-08
0.0
0.0
0.0
0.0
0.0
0.0
0.0
-2.6793522370401057e-12
0.0
0.0
0.0
0.0
-1.9670588860173223e-08
0.0
6.5043968262087584e-09
0.0
0.0
0.0
1.8253119286205282e-07
3.0438452301998258e-09
3.043845226921322e-09
0.0
1.63480816073834e-05
1.6348081606859986e-05
0.0
6.860698912188553e-10
5.147690532525462e-17
5.563247203507144e-10
5.563247633163742e-10
0.0
-6.748425147688752e-11
0.0
0.0
3.322469444775965e-07
1.5060749017814378e-06
5.363146755711013e-06
4.1488597123374414e-08
0.0
1.468063531282329e-08
0.0
0.0
0.0
3.310354919743428e-07
0.0
0.0
0.0
4.7352490797790636e-05
0.0
0.0
0.0
8.753724497506752e-08
0.0
-5.136473915629165e-06
-2.2031727111177767e-08
-8.796576767957438e-08
-1.9558068047510638e-08
-9.443945594656898e-10
-1.4623470214695372e-08
1.441387244803527e-08
-8.709722745889935e-09
-2.4329268380481083e-06
-2.3819744262740207e-06
0.0
0.0
6.925578778450203e-08
-6.299849530932988e-12
6.986182279533574e-08
0.0
0.0
8.111026210075018e-09
1.1443789406480813e-08
1.9786331781612595e-08
0.0
9.950654522692011e-09
0.0
-9.91548922967835e-09
0.0
0.0
-3.9698145708417024e-08
5.6874689616924e-10
1.50889314814298e-08
3.1229535354508014e-08
0.0
3.216923587583161e-09
4.692134728124244e-09
6.044967900188051e-10
2.4716608011599146e-08
0.0
0.0
1.4190572917931588e-09
9.926666349773692e-09
9.926666388909526e-09
0.0
2.010673887256443e-08
9.98605536492469e-09
0.0
9.986002834786136e-09
0.0
9.98543586388119e-09
9.913562470163402e-09
0.0
5.9292355219644414e-08
0.0
9.935060897463966e-09
2.977092568073739e-09
9.920556113563561e-09
0.0
3.892373959417477e-09
0.0
9.98853141770135e-09
0.0
9.986445643406838e-09
0.0
9.985412821874684e-09
1.2280172171243416e-05
9.986848302577295e-09
0.0
0.0
0.0
0.0
3.031033172840841e-08
0.0
0.0
0.0
0.0
0.0
0.0
0.0
0.0
0.0
0.0
0.0
0.0
2.7167300740952626e-08
0.0
0.0
0.0
0.0
6.915532715971902e-08
6.092803860345395e-13
6.09227310723559e-13
1.2093439102996843e-13
2.834205473486594e-13
4.461872692064118e-13
1.6160113952093135e-13
8.092782460185003e-13
4.850272277795468e-13
3.2319791883457203e-13
6.470437079631681e-13
0.0
0.0001226786693646184
0.0001222758471220997
1.533849645475788e-08
6.894116125329797e-10
-9.904795930919946e-09
0.0
8.821692207239224e-09
-4.913318326962025e-10
4.291505861952637e-12
1.5762453290622084e-08
0.0
0.0
0.0
-4.279182979098281e-10
9.790279721522977e-12
7.902412981957939e-12
2.94410668651838e-07
9.881638672179538e-09
0.0
0.0
9.88291084729599e-09
0.0
0.0
7.32960167161782e-12
9.721027660670601e-09
0.0
0.0
0.0
0.0
1.994042855407568e-08
0.0
5.832889024529988e-10
2.7238502208764455e-10
0.0
9.674076927447366e-09
0.0
6.2599390220280136e-18
3.8719532091771254e-10
3.880168293400751e-10
6.9526022381192224e-06
0.0
0.0
5.02305959076238e-09
0.0
4.149282352306337e-08
1.2471831252786413e-08
3.349925115334385e-09
0.0
3.847300990989503e-10
0.0
3.855522706737169e-10
3.847307790600431e-10
0.0
1.5529198918160186e-09
0.0
1.9884852261719267e-10
0.0
0.0
0.0
0.0
0.0
1.7937847178797662e-09
0.0
6.75352582640552e-11
0.0
0.0
0.0
6.91464202909071e-09
0.0
1.4172034754218908e-09
0.0
0.0
4.676333915744705e-05
0.0
1.8383377553057753e-08
0.0
1.6017694675611927e-07
0.0
0.0
0.0
0.0
0.0
0.0
0.0
0.0
-3.6207904838858707e-09
-4.279154498191412e-10
0.0
0.0
7.015644485897094e-07
9.792965395032386e-09
2.4878346998712277e-05
0.0
5.50459084599428e-09
5.028756459803983e-09
3.8471997435613945e-09
0.0
0.0
1.6502320798198652e-09
0.0
0.0
8.156370918722902e-06
2.33404836213857e-05
-5.209203105080223e-05
1.7705075357115663e-06
1.0175469320383162e-16
-4.3926911653002776e-05
-2.015884783437224e-07
0.0
0.0
0.0
0.0
0.0
0.0
0.0
1.4302835339665356e-08
0.0
7.480804850764847e-09
0.0
1.3358629456910789e-08
0.0
7.672046806857928e-10
0.0
0.0
0.0
1.1453617376663198e-08
0.0
7.858175425594929e-10
0.0
4.5227506962756285e-09
0.0
3.850431456369954e-09
0.0
0.0
1.8183764200294094e-09
0.0
0.0
0.0
4.1835678484883335e-10
4.3327698056978385e-19
6.121469348779884e-09
0.0
0.0
-1.7779994072820906e-07
-3.7767772823768295e-07
0.0
0.0
3.806595154909033e-08
0.0
5.898165025126797e-08
0.0
0.0
5.924638782058031e-09
0.0
0.0
7.587238734642042e-09
0.0
1.1036013091948271e-08
0.0
0.0
0.0
0.0
0.0
0.0
0.0
6.472871461973265e-09
0.0
0.0
0.0
1.102070232763504e-08
0.0
1.2098744519708467e-08
1.4811065723752002e-08
0.0
0.0
0.0
0.0
0.0
0.0
0.0
6.473739906717644e-09
1.5140089752342016e-08
0.0
1.6910233005784342e-09
0.0
0.0
0.0
0.0
0.0
0.0
0.0
0.0
0.0
9.808906574929652e-09
9.808095303623756e-09
1.8253119283078184e-07
-5.284674019613925e-08
0.0
0.0
0.0
0.009478992769398549
-9.75600755737105e-09
4.009201745258718e-10
0.0
-4.0529437779119597e-10
0.0
0.0
0.0
6.776936889145704e-09
0.0
0.0
9.619899390972676e-09
-0.00021934287141366226
-6.007978718466499e-06
5.035141744821319e-08
0.0
1.8309535659612032e-08
0.0
0.0
6.286554203693245e-09
9.867302004688864e-09
9.867301994145178e-09
9.867301983736837e-09
0.0
0.0
-9.372699356544577e-09
-9.909786768957929e-09
0.0
0.0
0.0
0.0
0.0
0.0
-4.6047689439496284e-10
1.9956191018852887e-08
9.972887590439948e-09
9.972887504098443e-09
0.0
0.0
-0.00806458069708532
0.008064599585722353
5.877407699438268e-10
-5.979926246049346e-06
9.501425419429884e-09
9.501425409937748e-09
-9.867155793245586e-09
0.0
0.0
0.0
0.0
7.488687453443362e-09
0.0
0.0
8.156370918821014e-06
9.902825238647384e-09
8.15637091895385e-06
9.902825369465716e-09
0.0
0.0
0.0
0.0
7.488685923810234e-09
0.0
0.0
0.009478992769398432
1.6859004242976012e-05
9.926559988336555e-09
0.0
-4.194532037319048e-08
3.781959701360282e-08
0.0
6.152787930038899e-08
4.797492337490441e-10
-3.913122477064001e-07
-3.338203368244419e-11
1.2320440314852718e-05
0.0
6.854065627486341e-08
2.2518547027061686e-08
0.0
0.0
3.654933425739998e-08
-2.899809727095243e-10
0.0
0.0
1.6988059031622668e-07
9.703626640926444e-09
9.703635093309975e-09
0.0
0.0
3.630887947846705e-10
1.8511213192817634e-05
1.4870671452604656e-07
1.8253119273693644e-07
3.7995564880934926e-10
9.73471125497588e-09
0.0
9.670140249382752e-09
5.997832218313105e-10
0.0
5.997832212375933e-10
0.0
1.8164411670750248e-05
1.8164411670554644e-05
0.0
0.0
-7.200523087416344e-09
0.0
0.0
0.0
0.0
0.0
0.0
3.8637379580486186e-10
1.4489253024561064e-06
1.4489253024560553e-06
0.0
6.860678701530986e-10
0.0
0.0
8.644387639727968e-09
8.644387641104892e-09
0.0
8.644387637566569e-09
0.0
0.0
8.32724249365097e-10
0.0
0.0
0.0
2.7009287381904977e-08
0.0
0.0
0.0
0.0
0.0
0.0
1.4371667863101477e-06
-3.5921380822932824e-07
0.0
0.0
0.0
8.125138603808814e-11
0.0
8.125224631546729e-11
8.125309394497774e-11
0.0
2.1039000570396193e-08
0.0
8.184000004776271e-17
0.0
7.526452672903616e-09
0.0
0.0
0.0
4.0007427980658174e-10
0.0
0.0
0.0
0.0
0.0
0.0
-1.1417433623736042e-09
0.0
0.0
-4.587241773313905e-10
-1.9684045662968913e-08
0.0
0.0
0.0
0.0
-7.34874038554325e-12
1.1434330250630145e-08
9.931299718799608e-09
1.2894433637793098e-08
2.103900077145959e-08
2.1039000713033983e-08
0.0
0.0
0.0
0.0
0.0
0.0
0.0
-5.800780373621875e-10
1.1417413172565987e-09
1.1417413179691609e-09
-4.445228907190568e-17
-4.4520051707686026e-17
0.0
6.998011593671181e-09
0.0
2.1039000658091135e-08
0.0
0.0
7.675233786145437e-09
0.0
0.0
0.0
0.0
0.0
0.0
2.4010788019773093e-07
0.0
0.0
0.0
0.0001805365920731045
1.899185016992075e-08
0.0001801562181796972
0.0
2.576380181225282e-05
0.0
0.0
-2.3533415869320636e-05
5.963416875884796e-10
0.0
9.954458864724506e-09
9.945773463665983e-09
9.945773445053582e-09
0.0
0.0
0.0
-3.6503207266666594e-10
-2.4146742671682367e-05
9.759742399680857e-09
9.617873258991987e-09
9.75974240313704e-09
4.0459815026326647e-10
9.61787326730197e-09
0.0
0.0
0.0
7.213738232382831e-10
0.0
0.0
0.0
0.0
0.0
0.0
0.0
1.1777431206293728e-10
9.872227939466199e-09
9.792965588190788e-09
1.651807271456508e-05
0.0
0.0
8.913848714652624e-11
0.0001314768188706676
-0.00013146376648620617
0.0
9.508039194971267e-09
9.508036674510553e-09
1.313315221774444e-07
3.358526843036229e-08
0.0
0.0
5.688632760019347e-10
0.0
0.0
0.0
0.0
-1.3931362515430243e-05
1.3962829764353027e-05
5.60270274149422e-10
3.656621907499818e-09
-3.6566218992073636e-09
0.0
7.121727683008129e-07
7.322442795224099e-07
9.707769020681905e-09
0.0
0.0
1.2465834945288465e-08
9.8943407952478e-09
-5.371321446920049e-10
2.7694201007237745e-09
3.656621924201612e-09
0.0
9.508041728353913e-09
0.0
0.0
2.5705404955558668e-05
0.0
1.596682629405238e-08
1.0818538205133259e-08
3.0820148039123845e-09
0.0
3.0820148254219176e-09
0.0
1.9244251424303696e-08
5.624423331421933e-10
-1.0660280502035237e-08
0.0
0.0
1.5035539881229078e-09
0.0
0.0
0.0
-0.11566443999435483
1.5775576076122446e-17
0.0
8.071014045544188e-09
0.0
5.271629643413368e-09
1.46827855416705e-08
0.0
-1.513025815746971e-14
0.0
0.0
5.653427306122626e-10
9.817032099814146e-09
4.61003925463167e-10
-8.872249698557033e-09
1.4607778966653647e-17
-3.0540491627363835e-08
-4.035752369708677e-08
0.0
0.0
0.0
9.889324029294442e-09
9.924993165642718e-09
9.92499286791795e-09
0.0
-7.3269950052479036e-09
-7.280021586866109e-09
6.9146392960685605e-09
0.0
6.9148029938300005e-09
0.0
0.0
6.9146395984280635e-09
6.911080483565217e-09
0.0
0.0
0.0
9.889323865576957e-09
-3.0068957161874633e-09
4.845600442253652e-13
9.788993160482447e-09
4.333965063518693e-10
6.174139199937999e-09
6.174139796807536e-09
9.90626174916364e-09
9.865231953315756e-09
9.86523170898551e-09
6.174140480667313e-09
9.906261994606131e-09
1.2396638870266173e-08
2.6761838921165505e-07
6.9146415274728e-09
0.0
6.17414119918953e-09
6.174464638567038e-09
2.5787861035228816e-08
0.0
0.0
-2.367255233112257e-08
7.2568191528451244e-09
6.174303284152303e-09
6.174142010559227e-09
1.9085310380483036e-12
0.0
0.0
0.0
1.825311928016435e-07
0.0
0.0
0.0
0.0
5.18193620955773e-09
0.0
2.479838589180235e-07
0.0
0.0
9.149890530032982
-9.149890443332978
5.627377446304038e-10
0.0
0.0
0.0
0.0
1.9694683286536297e-08
5.09974006558394e-10
-1.8207468981622753e-08
0.0
1.087288737977322e-08
2.47983858502433e-07
0.0
9.984042688486417e-09
1.952100954147329e-08
6.274633237682233e-10
0.0
3.962676025461424e-08
1.997244575323645e-08
9.986389802755229e-09
3.016257002561395e-10
5.494216774870608e-07
9.655135806969048e-09
9.646833351909421e-10
9.46975193520796e-09
9.469751933565557e-09
0.0
1.9562127681062033e-08
9.655135800243353e-09
0.0
1.7623750221606332e-05
1.7623616396388935e-05
0.0
0.0
