0
0.0
0.0
0.0
0.0
6.60902436042287e-08
3.2831397155773505e-07
0.0
0.0
0.0
0.0
0.0
3.8575083142825375e-08
0.0
0.0
0.0
0.0
0.0
9.729140837025922e-09
0.0
0.0
0.0
0.0
0.0
1.2097980114407484e-09
5.376522155402684e-08
3.505237512257441e-09
0.0
0.0
0.0
0.0
0.0
0.0
0.0
0.0
0.0
0.0002888439078190253
0.0
0.0
1.0910917826198024e-08
0.0
2.887633728561343e-08
0.0
9.511040559516679e-09
0.0
0.0
0.0
7.907158153078137e-07
0.0
0.0
0.0
8.563416023434731e-21
0.0
0.0
0.0
0.0
0.0
0.0
9.743353354580186e-09
0.0
0.0
0.0
0.0
0.0
7.818007075997093e-09
0.0
0.0
0.0
0.0
1.6541395549472733e-19
0.0
0.0
4.20047646914541e-09
3.1058071381753187e-09
1.0154502003254136e-10
1.7431618208270522e-11
8.720063186367523e-10
4.63923061499424e-21
0.0
0.0
0.0
1.3168610431730986e-07
1.0154222254699086e-10
4.405477440336467e-21
0.0
0.014530275911137536
4.89865995553623e-13
6.325938688434791e-10
0.0
9.863919304636083e-09
0.0
0.0
9.28630319309895e-09
0.0
7.65914906260679e-09
-7.645314809403073e-09
3.282846881476529e-10
0.0
0.0
0.0
0.0
0.0
0.0
0.0
0.0
0.0
0.0
0.0
0.0
2.6241752381876438e-09
0.0
0.0
3.3771269401596123e-09
0.0
9.150451998007399e-09
4.2212923734646596e-24
0.0
0.0
0.0
0.0
8.025952476366385e-10
2.501654853868254e-09
0.0
9.271986620113854e-09
2.3734548972082694e-09
0.0
0.0
6.775209082516594e-07
-7.079401349585623e-07
9.767128442722807e-09
9.613123422034958e-09
9.80996996989531e-09
0.0
9.308870197080235e-09
0.0
0.0
0.0
9.2980834999424e-09
0.0005451445412140598
1.973916570969653e-08
0.0
6.497958949752567e-09
0.0
0.0
0.0
0.0
0.0
0.0
0.0
0.0
0.0
0.0
3.757198382750975e-09
4.483163944163088e-09
6.385201139509207e-09
2.5212483286638154e-09
9.660062630349942e-09
2.9769335186025432e-09
9.584946960090196e-09
0.0
9.818348190779172e-09
0.0
9.322367526750722e-16
0.0
-0.002623003248159783
0.0
1.3160049166950315e-09
1.3623307724407302e-08
0.0
0.0
4.786900028385423e-08
0.0
0.0
1.6251396827829342e-08
6.928680929768838e-07
0.0
1.8904411406184393e-08
8.08393378819429e-09
1.6867274205953363e-05
0.0
0.0
0.0
0.0
2.613059306718658e-09
0.0
0.0008761727448319033
0.0
0.014538138807561923
0.0
6.809893327715428e-08
1.034944713239134e-08
0.0
0.0
0.0
8.672970987465452e-21
0.0
0.0
4.655419845694037e-07
0.0
0.0
0.0
0.0
2.1549655205665284e-08
1.9620108430934617e-08
0.0
5.940476946350434e-09
3.80778835809308e-09
1.5391481304028113e-08
0.0
2.1705734153436277e-08
0.0
3.58330758624475e-07
0.0
0.0
8.608835672774014e-09
0.0
9.653218682197092e-09
7.603130661948424e-09
1.1994450544383164e-05
3.762940479810837e-09
0.0
0.0
0.0
0.0
9.80233653587494e-09
0.0
0.0
0.0
0.0
2.4077905609547974e-19
8.965706792115225e-09
0.0
0.0
1.6923370517452074e-10
0.0
0.0
7.54406778099181e-09
1.3486309291543819e-11
9.25446681503292e-09
2.69491612439756e-12
8.943130069623813e-09
1.5526930156407676e-08
-3.3711911300721153e-19
0.0
7.638198962163699e-07
6.298277058312124e-12
0.0
0.0
0.0
0.0
0.0
0.0
-0.01482218886903049
3.574211617105779e-24
0.0
0.0
0.0
0.0
0.0
0.0
0.0
2.2601603380899317e-09
0.0
4.879146536032608e-07
0.0
5.941771183197928e-09
9.548369554940096e-09
5.142578273618068e-09
0.0
0.0
0.0
0.0
9.82353031103072e-09
0.0
0.0
0.0
6.106291524300953e-09
0.0
0.0
0.0
0.0
1.9217768041269807e-08
1.0225053974922322e-09
9.8183127276727e-09
0.0
9.771020857008656e-09
4.562117312732074e-09
1.3060137069234294e-09
8.365430348433733e-09
2.5803490626803787e-16
0.0
-2.8917205461506764e-08
0.0
4.9967117648688105e-09
8.990164777225054e-09
1.5108197767501265e-09
9.606472846300348e-09
9.905595652793828e-09
9.701326605820955e-09
0.0
0.0
0.0
0.0
1.3569789621440243e-07
0.0
9.793727507711893e-09
0.0
0.0
0.0
3.2828469008391167e-10
0.0
0.0
0.0
2.7660653715427808e-14
9.150451998007397e-09
1.382615711280265e-08
0.0
0.0
0.0
0.0
0.0
0.0
0.0
0.0
0.0
0.0
0.0
0.0
0.0
0.0
3.5693467755119124e-09
0.0
6.648181354387828e-12
0.0
1.858404201242572e-08
0.0
0.0
6.349632118428576e-07
0.0
0.0
1.8781643600659634e-10
1.8781643563082437e-10
0.0
0.0
0.0
9.962094673785332e-09
6.399106669858322e-10
6.058303219121157e-10
9.979952820130359e-09
5.804306973267513e-10
9.758118062954495e-09
9.758117548372414e-09
9.923262245922966e-09
9.949066883302317e-09
9.98368807293358e-09
9.979953880332533e-09
-3.8940465962877804e-10
7.175776528516653e-08
1.6609313523207272e-08
3.564026004632743e-10
1.7416113977896086e-09
0.0
5.21230072622625e-07
2.5922380277562674e-07
6.383839166095342e-08
3.134368101259601e-08
1.3718004699497778e-08
3.035850416141383e-07
0.0
1.3736267864160838e-11
5.358777419553682e-08
0.0
1.958770807137251e-08
0.0
3.787842372800408e-09
0.0
0.0
0.0
2.41240988765527e-06
2.744914123988752e-08
0.0
0.0
1.1832599645784241e-07
0.0
0.0
2.4153004634530513e-06
4.693496765047562e-08
1.4101160461389078e-08
0.0
0.0
0.0
0.0
4.741683642284386e-09
4.920426193438547e-09
4.809864973100226e-09
4.9895546217719056e-09
3.6554997264813886e-07
0.0
5.3765221801993545e-08
6.35989022511096e-10
5.799227555579798e-10
9.979671285951611e-09
4.966575705374498e-08
1.0782413434185847e-08
5.630574624601672e-08
7.993345244515894e-09
5.6306136169888794e-08
0.0
3.6840450227293644e-08
2.1470234681988909e-07
1.0124303186356285e-08
3.2572945283729424e-08
3.257333463056469e-08
3.257372414522e-08
0.0
0.0
-5.3765221589077705e-08
5.376522162491077e-08
5.785040771593886e-19
1.969019305305813e-08
1.987181349526146e-08
1.9963392466386823e-08
1.9959626226411862e-08
4.014403215489472e-08
1.0782316051940674e-08
5.6305648788822826e-08
-9.923263369777848e-09
5.6306038678229293e-08
-9.544580669031523e-09
3.684035267693666e-08
2.147022492522742e-07
1.0124205559716704e-08
3.2572847998057e-08
3.25732372790852e-08
3.257362675974213e-08
4.966556223166735e-08
1.0782218669575426e-08
5.6305551345143315e-08
0.0
5.630594119290152e-08
0.0
3.6840255151344846e-08
2.1470215168451867e-07
1.0124107948967693e-08
3.2573139927478344e-08
3.2573529374128374e-08
1.9550913239387124e-08
0.0
6.150705239981965e-10
9.766930637594305e-09
0.0
0.0
0.0
9.812957000221824e-08
0.0
9.711163789104947e-09
6.272033422929432e-10
7.657847384357216e-09
9.305690741689952e-09
9.305690741362362e-09
0.0
9.36674963332256e-09
0.0
-9.900143220628252e-09
1.0967849241274019e-08
1.0286126585839107e-07
9.92301914420409e-07
1.45128618716024e-05
5.746472623563103e-07
0.00019307188420718236
2.196845092371738e-07
2.763371478040247e-06
2.99523927206085e-08
0.00025633213986857154
0.0
0.0
1.9214810212642684e-08
7.943215370620841e-20
5.28168848622286e-06
1.4223578370361973e-06
0.09091503201500527
2.135714573017225e-10
9.588956278844694e-09
3.110876550475178e-07
3.133703313849649e-07
-1.5217164943000217e-07
-1.6806348746418965e-07
-1.7566440170167596e-07
-1.3537368192921562e-07
-5.9417109820811276e-08
2.2470078522926406e-07
2.5151361073670644e-10
9.588956279070297e-09
1.6633142531590102e-05
0.0
9.307785174076104e-09
1.8602093653895435e-15
0.0
4.498624695065191e-06
0.03150885522729015
1.0910917818515263e-08
0.0
-1.0910917822015698e-08
1.9614870425804156e-08
3.877788387101536e-10
1.0984830658524344e-07
0.0
0.0
-1.9402323586722045e-08
3.004052501497047e-06
3.0040525012392077e-06
0.0
-0.0002844403167863163
3.229703133649229e-07
1.098906595375458e-07
0.0
0.0
-1.7489456521007427e-10
9.573172262364246e-09
9.573172070417627e-09
9.904727300835768e-09
9.904727090045105e-09
9.90472751166628e-09
-3.1104155599272996e-07
-3.1337033414057316e-07
1.521716466168499e-07
1.680634845943607e-07
1.7566439880489781e-07
1.0606781103428276e-07
1.5161708382249357e-09
2.148464515740428e-07
-3.972606512760786e-06
1.4630596386150126e-06
0.0
0.0
1.3934672777583938e-14
0.004253308238869158
0.004253308238855252
-1.4630596381001726e-06
1.5522698001779256e-07
3.305247989302795e-08
7.007474807640116e-08
7.129097878957777e-09
1.4384394534337903e-05
0.0001927941725832374
2.985796412770724e-07
9.735981311995573e-14
0.0
-7.907158151800565e-07
7.907158150499875e-07
-0.0002888244560440276
0.0
-0.0002888439078190253
4.65449703160044e-07
0.0
0.0
0.0
9.979819867036973e-09
9.979818741899816e-09
0.0
0.0004576171888026649
7.3344164439742565e-09
0.0
7.869093659307086e-07
4.306241052293168e-07
0.0
0.0
4.8300872634854386e-08
9.981063613427539e-09
0.0
0.0
9.95644615659776e-09
9.962247665295716e-09
0.0
8.415747639964081e-06
2.853638280723562e-08
7.521087878150542e-06
6.106545552157566e-08
7.521087877089296e-06
2.204020070276252e-07
4.0280130477258526e-08
0.0
0.0
4.6915289123211507e-08
0.0
0.0
0.0
0.0
8.073243848938212e-08
6.229741055405833e-08
2.2720920461426402e-08
0.0
0.0
0.0
9.946598170520809e-09
1.138091057337507e-07
3.3586257933325275e-08
7.050946700058424e-08
3.0460199567213764e-07
9.209101975051136e-08
5.01819273821966e-07
2.9405949105565264e-07
-3.0040525016905226e-06
8.561389397499584e-21
6.609022630134395e-08
5.212412608132655e-08
6.106545349913038e-08
-5.1527931167453336e-08
6.532420787106002e-05
0.0
0.0
0.0
5.503177855254462e-08
2.5273676006404636e-08
9.946299250225419e-09
2.873924840495661e-08
0.00021700067967135402
0.00021705000430094877
-0.00021692234303571922
0.0
0.0
0.0
0.0
-2.608982900782418e-05
2.6127348997510892e-05
9.501084820398619e-09
0.0
0.0
1.9550906819702785e-08
0.0
0.0
0.0
0.0
0.0
-9.743353418168433e-09
3.1904572292121464e-07
3.1904572209518584e-07
9.936404342439354e-09
9.936403503268566e-09
-9.743353481897498e-09
0.0
-4.033874242705178e-10
0.0
4.629976582011084e-09
0.0
0.0
0.0
0.0
8.72973273437101e-08
0.0
0.0
1.6905267448976313e-08
1.6895024162549372e-08
1.6887352325644818e-08
0.0
9.904727722625335e-09
-9.728689582244715e-09
6.040018117541959e-12
0.0
0.0
3.132917953047457e-08
9.847858397451989e-09
9.982161932972796e-09
6.104336217055146e-10
1.003174871465147e-07
1.061169481458336e-08
1.0611698534907742e-08
0.00025633213986805595
0.0
0.0
0.0
1.930532733197251e-15
0.0
1.23046124141057e-07
4.2634815767620295e-08
7.891337344811818e-08
0.0
1.0187234747534826e-07
5.11224381549595e-07
3.0192686215586926e-07
3.218085595586207e-08
0.0
0.0
1.5827497962156007e-08
1.4282522187126947e-05
0.00019228294820191168
0.0
0.0
0.0
3.962779734781666e-09
0.0
3.658708856910898e-08
0.0
3.8947691107687874e-08
3.1129684031641366e-08
3.894769110765862e-08
3.8947691107106333e-08
3.894769110795116e-08
6.4072433295439e-17
6.409993101955518e-17
0.0005883612394848018
-0.0005864584028319984
1.8988738730687405e-06
0.0
-1.2383209468415628e-10
0.0
0.0
6.809546390483859e-05
6.925176229428259e-08
6.925176126249518e-08
0.0
7.263570009627546e-08
6.814819528242444e-05
6.143511211369466e-10
3.264159084345741e-08
7.611570473293813e-09
7.611570537095963e-09
0.0
1.364349063386443e-05
3.558448959612487e-10
2.8199781270316623e-08
1.3601019059427543e-05
0.0
0.0
9.529276113840484e-09
5.339793474695042e-10
1.6540017562560845e-19
0.0
0.0
0.0
-2.315597233453152e-08
0.0
0.0
0.0
1.9158363541135156e-08
0.0
-7.5405901645084635e-06
0.0
0.0
0.0
0.0
6.721818934755842e-05
-6.71691756200309e-05
5.492549791915379e-10
1.3112746359936611e-19
1.039956333404118e-07
8.402461212052292e-09
0.0
0.0
0.0
-2.6669216454999756e-05
1.2064729458970948e-09
0.0
8.237870090929105e-09
8.013526736594748e-09
0.0
0.0
0.0
2.8536482165716702e-08
0.0
9.413196046965035e-09
9.730060593523582e-09
3.905318433249082e-10
0.0
0.0
0.0
-3.105807138380212e-09
0.0
0.0
0.0
0.0
0.0
2.4927937357656626e-09
-1.0154502001221257e-10
3.8575083226111504e-08
0.0
-2.3912498647860048e-09
-1.7429080964928567e-11
0.0
0.0
0.0
0.0
-5.924315937303494e-10
5.376522182719493e-08
-2.5915556617598206e-07
0.0
0.0
0.0
0.0005490906878165532
0.0
0.0005490818914320868
1.4221561656214128e-08
5.676723435332242e-09
0.0
0.0
0.0
1.2991683652753354e-11
0.0
0.0
0.0
1.945849006040605e-09
2.7681129419931953e-14
2.7715581857566905e-14
2.744221874913247e-14
2.7693240661673417e-14
3.132917833345153e-08
5.735077563552937e-10
4.877137487960564e-09
0.0
6.338039145598051e-09
1.625139682737346e-08
0.0
0.0
3.279225662085026e-11
9.530819936301064e-09
9.530819523189977e-09
0.0
2.893774314049792e-08
0.00013496844070199813
0.00013483675459768067
-1.220977332724596e-07
0.0
3.8842807095409295e-08
1.937406705867076e-08
2.9091745166023075e-08
0.0
3.8734150927741737e-08
0.0
2.5987808145158915e-07
2.9341606593363777e-08
1.9374066597014153e-08
2.9091744993869475e-08
-6.5567915897082885e-09
3.87112566559977e-08
-1.4995046409902845e-10
2.598662842689947e-07
0.0
-1.0154222254699086e-10
0.0
6.016780244896242e-10
1.5751501393738723e-07
1.67116981428805e-07
-0.014530275911137654
-0.014530303273363465
0.0
5.701680276593475e-05
-4.89865995553623e-13
5.700705334954588e-05
0.0
0.0
0.0
1.0900553945971442e-08
7.107903151510432e-08
0.0
0.0
1.1134192780923182e-07
1.1134192780680082e-07
1.113419278056639e-07
1.2120584711156865e-07
1.1134192780693231e-07
0.0
0.0
0.0
0.0
0.0
0.0
9.286301172473088e-09
6.951817332124814e-09
0.0
0.0
0.0
7.106955407110149e-05
-9.286303193054937e-09
0.0
-7.104029967128111e-05
9.27908807262716e-16
7.106912235610274e-05
0.0
0.004253488396973495
0.0
9.81065374557496e-09
4.696060779826352e-10
1.6363886097909902e-08
4.8722510597804886e-08
-4.872251055517904e-08
1.9830427024953766e-08
4.85441760903621e-08
9.803414335663298e-09
8.051490941896039e-07
0.0
0.0
1.5672408483888037e-07
0.0
1.5671025058766485e-07
9.438163957071582e-09
0.0
0.0
0.0
0.0
9.702332139771327e-09
9.702331882114292e-09
3.6303020778520115e-10
9.823643908214962e-09
4.94097167296359e-08
9.823643171924194e-09
4.823879855536445e-10
0.0
2.5789311780338966e-16
0.0
0.0
0.0
0.0
0.0
0.0
0.0
4.659799882172868e-08
0.02964456958917132
8.73271346646555e-07
0.0
0.0
0.0030133987184881982
-0.0030133589934457916
5.657807498701579e-10
3.0547808661004714e-08
0.0
0.0
0.0
0.0
7.178873146795617e-06
-1.5549920784134388e-05
1.9963606122065808e-08
6.387893412968252e-10
0.0
9.663871821497463e-09
1.9472024058194064e-06
0.0
1.2099280986338114e-06
6.923083446491803e-07
4.135547961230689e-06
3.7831753230234826e-08
9.760606571900053e-09
9.981055983940897e-09
9.758118578179065e-09
2.8013440227586865e-09
-7.940994901575738e-09
0.0
-2.907448353812998e-08
1.0496458879493665e-07
1.1750247436559799e-09
4.345259091626587e-08
2.960110627415123e-07
1.496569811715487e-07
0.0
2.861500383990832e-07
0.0
0.0
0.0
9.530820287198566e-09
4.795933424739567e-10
9.929091479254069e-09
0.0
2.3766022627711682e-08
1.9796962648333635e-08
5.259128710155333e-10
9.692437989415398e-09
0.0
2.5541768130155622e-09
0.0
0.0
0.0
-3.2145042581540347e-10
-3.34985503523921e-07
9.982090857076163e-09
1.996420398224324e-08
6.383591352835261e-10
1.0117817343901927e-08
3.229703133019982e-07
0.0
0.0005919557881048508
0.0
0.0
-9.78289387599553e-09
0.0
0.0
0.0
0.0
0.0
0.0
1.1547771939124808e-07
0.0
0.0
1.205191146602648e-11
1.2061031524451717e-11
1.2057061178043208e-11
-1.559386002486854e-11
0.0
0.0
0.0
0.0
9.934700592783077e-09
0.0
0.0
0.0
6.609024351558714e-08
0.0
0.0
-9.323833751514327e-16
0.0
0.0
9.980803128634488e-09
1.995977619683909e-08
6.352684909214618e-10
1.9461529430307115e-08
0.0
0.0
1.9149662906507073e-10
0.0
6.095640474778081e-12
4.463164499871714e-09
7.0469473404752915e-09
0.0
0.0
0.0
-4.0657581468206416e-20
0.0
0.0
0.0
3.571275839368432e-19
0.0
2.4804168086589584e-05
2.4804168087631465e-05
0.0
0.0
1.6152685125539384e-05
0.0
1.5931736464056522e-09
0.0
9.98138208230204e-09
0.0
-4.3839770182909526e-09
0.0
-4.3060910832553295e-10
0.0
0.0
9.872293453214165e-09
5.671387404761988e-10
2.325391313832753e-16
0.0
3.863053013681566e-08
1.977188126997712e-08
5.202567055587505e-10
1.1058593910268514e-07
1.9466607441579577e-09
0.0
0.0
0.0
0.0
0.0
5.298017883074001e-09
5.484492938962207e-09
6.596475768656736e-08
0.0
3.913098200543501e-09
4.0803444621485855e-09
6.596514742115485e-08
0.0
0.0
0.0
0.0
4.555474104407548e-08
0.0
2.2434619061032002e-07
9.285245531494965e-09
8.391552912000172e-10
0.0
4.164520188690333e-08
8.662553766754414e-10
3.170717662060018e-08
4.168129825876593e-08
0.0
0.0
0.0
0.0
0.0
0.0
0.0
3.2067661315249296e-07
3.1337033322247076e-07
-1.521716475553353e-07
-1.6806348555019335e-07
-1.6605969607213507e-07
-1.2578368660650599e-07
-5.941710770643874e-08
-2.34081101364175e-07
0.0015663327655858475
0.0015663411835438125
0.0
0.0
0.0
0.0
0.0
8.025952270382867e-10
0.000837053581747726
0.0
1.2583405613408012e-08
0.0
0.0
4.584813162451865e-07
0.0
7.278238434030651e-11
0.0
0.0
0.0
0.0
0.0005894869555254411
3.2185159329983752e-06
9.755132798457326e-09
4.1497689139873584e-10
2.7459497573022563e-06
0.0
0.0
0.0
1.4302398767067524e-07
8.265798322084866e-08
0.0
1.742172063360394e-08
2.4602464422653342e-06
8.7601404185922e-08
1.3295103697009117e-07
5.207748203332247e-07
5.738901995307035e-09
2.3929262420009444e-07
2.3493596070587202e-07
1.9566578737510106e-06
2.5700456931165204e-08
9.82080254799384e-09
2.500537158104083e-06
1.3425210434357436e-07
1.6225690372729104e-07
2.9756664601012204e-07
5.428307702406283e-08
4.541390745783352e-07
2.541706081469151e-07
3.1682003643406243e-07
9.808615126642373e-09
1.5935854534929247e-07
0.0
-3.195764474448262e-09
0.0
0.0
0.0
1.1189674290243423e-05
3.9923374014514e-06
3.602135423388883e-08
0.0
1.2822995175722823e-10
0.0
0.0
0.0
0.0
0.0
0.0
0.0
0.0
0.0
0.0
0.0
6.712630141643085e-07
-6.871885100240803e-07
7.874564193517646e-09
0.0
0.0
0.0
0.0
0.0
2.82722718613599e-07
0.0
0.0
5.262801101603694e-07
5.262801101628963e-07
5.262801101591485e-07
5.360900801303249e-07
5.262801101604288e-07
0.0
0.0
0.0
1.298543289566897e-08
0.0
0.0
0.0
0.0
0.0
3.095594089573549e-09
0.0
0.0
0.0
2.743959698481115e-08
6.674744754400203e-09
0.0
2.116352169310394e-10
6.674744757661638e-09
2.1163522016237572e-10
0.0
3.472124667139974e-08
0.0
3.0019902940613976e-08
3.0019902940895946e-08
3.001990294054997e-08
2.0721819440668134e-08
3.001990293989632e-08
0.0
0.0
2.540273209313606e-08
3.144637056179669e-08
0.0
0.0
0.0003719667254638574
0.0
0.0
0.0
0.0
1.966513879086031e-08
0.0
2.895795560486341e-05
0.0
2.682388975140297e-05
-0.0005451445412140599
0.0005719508915065466
0.00019397839316754562
0.025146376718728273
0.0
9.856710780570292e-09
2.402099823305369e-10
1.9288263588094474e-08
9.71080133765267e-09
3.713624880347747e-10
0.0
0.0
0.0
0.0
-1.973916570951681e-08
0.0002561439436136443
0.0
0.0
0.0
0.004261092618578266
1.9538724290792253e-08
0.0
3.648830009530265e-10
3.4908844264521194e-05
3.490884426452117e-05
1.528926446234019e-07
1.0809980971447399e-08
0.0
0.0
-9.805979956528134e-09
0.0
0.0
0.0
0.0
0.0
3.133003952065193e-07
0.0
0.0
0.0
1.912767801333977e-08
5.7068214440349e-10
-3.099590037081157e-06
0.0
0.0
0.0
0.0
9.946451969184995e-09
0.0
9.881538036577689e-09
9.064715916966446e-09
4.653891055966719e-10
1.8183977062748983e-08
0.0
2.8632456285082883e-06
1.5319100348438401e-06
0.0
6.808192080866046e-06
0.0028917188239853397
0.0
9.608178564728355e-09
9.608178628504058e-09
3.283199807654459e-09
0.0
0.0
0.0
0.0
0.0
0.0
0.0
0.0
-3.2145036296961796e-10
0.0
-2.5212483286568034e-09
0.0
0.0
3.1640593283080615e-10
0.0
0.0
-2.475706278519449e-10
6.949427699964872e-10
0.0
1.1981434809829944e-08
0.0
2.105509988918083e-08
-3.757198334679475e-09
9.804326225956424e-09
4.633801342646054e-10
0.0
-4.771782171794954e-10
0.0032133940433675314
-2.4446205355599203e-08
8.51759379643622e-08
0.0
0.0
0.0
3.123935536661389e-07
0.0
0.0
0.0
2.613059336617485e-09
6.74069674004132e-06
-8.16985955226317e-09
0.0
0.0
0.0
0.0
0.00025627709129181093
2.3448138539439167e-06
0.0006612755332355263
2.728504881342915e-19
3.947743418357171e-09
1.1964475256750129e-08
8.01673183824624e-09
0.0045797762136974285
0.0006544463526200522
0.0
0.0
0.0
0.0
0.005234221024870005
0.0
0.0
0.0
0.0
0.0
-4.234726799194472e-09
0.0
0.0026230451518354596
0.0
0.0
0.0026230014364936947
6.829180615474124e-06
0.005234221024869008
2.8101471165083234e-05
0.0
1.9426979822668275e-08
4.044478705411415e-10
-9.584947024610975e-09
0.0
0.09091502246463097
0.0
3.857950133676628e-06
-0.0025993553364859756
0.0
0.0
5.1240543576233045e-08
1.593412714273601e-09
4.578425327779863e-06
0.0
0.0
1.8027225152497265e-09
-0.10614309942742395
0.01522803902147317
-4.786900002673595e-08
3.0177386337832524e-06
0.0
1.3969785923482938e-09
0.0002563332518683713
0.0
0.0
-6.840176981507e-09
0.0
-9.47516636670798e-09
0.0
1.837956747106931e-09
-8.083933828473215e-09
2.250853326694977e-09
0.0
2.471456754647986e-06
3.0355747289358723e-06
0.0
0.0
1.7320819067121646e-05
0.0
-1.866909031456032e-05
1.8018161089228e-06
-1.6857514722014453e-05
1.6372598924119256e-07
0.0
2.841273328875144e-07
-6.928680930135321e-07
3.232357736553011e-07
1.3316671205442889e-07
6.546369405646607e-05
0.00020489515287221076
0.0
0.00010967623936261916
-0.30031506845769584
0.3002054013319026
9.113565216715519e-09
0.0
0.0
0.0
0.0
1.5981618926660667e-05
1.5888795865108985e-05
6.326961603661232e-10
0.0013254069248738716
2.928443247695049e-08
0.0
1.991878851802663e-15
1.912767794955781e-08
0.0
4.6817211469595857e-07
0.0
1.818397725300016e-08
0.0
8.244055166936257e-08
0.0
9.064715875722649e-09
7.416517024161625e-10
1.904663287352521e-10
1.302016193641417e-05
2.0192446095140304e-06
3.9915568846564405e-08
6.358696629288804e-10
0.0
0.0
6.3763876728601e-10
1.3010206611596686e-05
0.0
2.1412948558581397e-08
0.0
6.113582682483445e-09
9.962399064175013e-09
0.0
0.0
0.0
1.2474244516623235e-08
3.1012011197082137e-09
0.0
0.0
0.0
0.0
4.315850331515874e-07
1.43549460717831e-07
9.978766663182922e-09
-1.2398148564805995e-07
-2.1921850704609454e-09
0.0
1.1431122649322193e-08
0.0
-0.014538128825020058
-0.014543405172967906
0.0
6.809893279841213e-08
-6.04302967968559e-08
9.986938930694372e-11
9.851483114137587e-09
3.206766122382937e-07
3.133703323030673e-07
-1.5217164849208598e-07
-1.6806348650711019e-07
-1.756644007252367e-07
-1.2578368762686414e-07
-4.988162900757961e-08
-2.2446133436818728e-07
1.955091232395327e-08
3.278918463236393e-11
0.0
0.0
4.559551134477928e-06
7.577221298182846e-08
0.0
0.0
9.59684187418114e-09
0.0
0.0
0.0
0.0
0.0
0.0
0.0
0.0
1.6535678815452307e-07
7.856011051406346e-07
3.1072383350670498e-06
-7.823620209626938e-07
0.0
9.542042755090115e-09
0.0
0.0
0.0
0.0
5.3141944635638116e-08
-4.6068043847702616e-08
7.073900768969632e-09
0.0
0.0
0.0
8.919611437499168e-14
0.0
8.744351120661608e-09
0.0
0.0
0.0
0.0
-3.5052375122477178e-09
-0.046620328098562425
0.04662033769783006
0.0
1.524219619204171e-08
0.0
0.0
0.0
1.9016940545386615e-06
-4.65541984549061e-07
1.1742958528087584e-06
4.481611977153994e-06
0.0
0.0
3.8701291578655065e-08
0.0
9.974675005668815e-09
9.974675872325822e-09
-0.0008761921655384697
0.0
0.0
9.060408678946923e-09
0.0
9.060410383403834e-09
9.060412252076893e-09
7.045131386265724e-05
0.0
0.0
0.0
0.0041828569249925725
7.118992426331097e-09
-9.448296061100015e-09
0.0
8.014266477177328e-09
8.014266477031268e-09
0.0
0.0
1.061169203733688e-08
0.0
0.0
1.1158149128272684e-09
0.0
0.0
-5.212412689813258e-08
1.4284454927145487e-05
6.352847977509085e-10
5.469246900632026e-05
5.4661137321580814e-05
-1.2105725837502817e-08
0.0
4.1243509655007595e-08
1.507154680388444e-06
-1.9620108430724176e-08
10.447300496460455
-10.447300476504553
9.976913238454504e-09
2.0753756109763866e-10
1.9599590402534165e-09
3.494500980862866e-07
-3.494500981776616e-07
-3.494500982678672e-07
3.4945009835773863e-07
0.0
0.0
1.519697439788769e-08
1.519697440605878e-08
-3.229703133345377e-07
0.0
4.221151023947041e-08
0.0
0.0
0.0
0.0
7.611570410044377e-09
0.0
5.1112983284972163e-05
5.110697888075523e-05
-3.807788358060893e-09
1.7114339828137127e-07
1.2042035351642307e-07
-1.2261018770747943e-08
-1.2261018770632905e-08
0.0
0.0
1.6193222215371077e-08
1.887806810913908e-08
5.19327874091434e-10
9.861179809061794e-09
2.3160435245370418e-10
9.568712121773912e-09
0.0
3.061767488845751e-07
3.830796101348139e-08
3.1326948595158607e-07
-2.6027316852789205e-09
0.0
1.7537001546351604e-05
0.0
1.75276667129119e-05
0.00027047901732900695
0.0
3.4945009782174195e-07
0.0
0.0
-3.3992855073271424e-07
-3.4869058623778247e-07
6.546369405502018e-05
0.0
1.0349447210847427e-08
0.0
0.0
0.0
0.0
0.0
1.7536170992720573e-08
8.608813871255919e-09
0.0
0.0
0.0
0.0
4.085271150311567e-08
4.6971913628866305e-08
0.0
0.0
0.0
0.0
0.0
0.0
0.0
1.6659365877096007e-08
0.0
0.0
0.0
0.0
0.0
2.699773709646911e-08
0.0
0.0
0.0
0.0
7.175776532004036e-08
1.660931360842485e-08
3.564027114972208e-10
1.7416116149563542e-09
0.0
5.212300728478549e-07
2.592238029852362e-07
0.0
9.846422847891172e-09
9.707783261362645e-09
0.0
0.0
0.0
0.0
1.566062436381184e-09
0.0
0.0
6.43016613665904e-10
9.835058427831243e-09
9.388804018769995e-09
6.46851152229803e-09
7.508864171554252e-08
1.9095502441704194e-09
8.033810942492727e-09
3.004402166052224e-07
1.1887396623258295e-08
1.9078594526095993e-08
6.997729119279313e-08
0.0
0.0
0.0
4.570712852591544e-09
1.18287227625589e-07
0.0
0.0
4.383976760254224e-09
3.857508273165454e-08
5.873869354777026e-17
4.889666505075271e-08
0.0
7.108520056877633e-08
9.721236020968771e-09
0.0
0.0
-3.147184244161103e-10
0.0
4.014817925739846e-06
0.0
0.0
0.0
0.0
0.004159937438380308
1.6263032587282567e-19
2.9161613816846694e-08
9.946803604384683e-09
8.054010979708211e-09
8.054010979973422e-09
9.635903653522907e-09
9.635903653755853e-09
7.291896444844566e-09
7.2918964451917316e-09
0.0
6.403015705036171e-17
0.0
5.236655599767905e-06
2.8073924487969917e-08
1.7259180068639353e-05
-1.1994450544384333e-05
0.0
2.597662515049417e-10
9.729663613753832e-09
3.89919038355282e-10
0.0
9.67001674607889e-09
3.312417794631288e-10
9.67001668284968e-09
0.0
-4.614224674547565e-10
1.8827833604081054e-07
1.786698886536933e-07
1.882783360412622e-07
4.508347687167541e-06
1.2571724697842574e-18
2.940309494895346e-08
4.469397187629183e-08
0.0
3.4055131914715414e-08
0.0
0.0
0.0
1.9552041498045998e-08
2.762847507904314e-08
0.0
5.383170417264185e-10
0.0
0.007791871642279374
0.0
0.0
0.0002443552928478528
0.0008465669559337148
1.9449307778867884e-09
1.9454034569033257e-09
0.0
0.0
0.0
9.72744066265812e-09
9.727397559896536e-09
1.9462681105517574e-09
4.2414078638051414e-08
3.425610774440627e-20
0.0
0.0
0.0
0.0
1.820707422450452e-09
0.0
1.5944345370737732e-10
0.0
0.0
0.0
0.0
0.0
-8.965706735470391e-09
-1.1979059333670425e-07
0.0
1.2936092253218926e-07
0.0
1.4323359625293363e-05
0.0
1.7866988865400636e-07
2.8525860154126476e-07
2.8525860154144946e-07
9.813741255624238e-09
0.0
0.0
0.0
1.2462905855224408e-08
1.5292445132508284e-08
1.5292445978091862e-08
2.9401528045881772e-08
4.489070935434398e-08
2.569493057406901e-08
0.0
0.0
0.0
2.8511647600867002e-08
0.0
2.7768799026615933e-08
0.0
5.4380915744621765e-08
4.642732878608482e-08
2.640262540993003e-08
2.0484469847956448e-07
0.0
0.0
2.0484469756530862e-07
0.0002639374382173157
0.0002639468335604963
7.904288982831226e-07
0.0
-9.254466815030197e-09
0.0
0.0
-1.3486310758604883e-11
0.0
0.0
0.0
0.0
0.0
-2.694916121009428e-12
0.0
0.0
0.0
0.0
-0.0004737407191248606
0.0
4.8149023217747945e-08
0.0
0.0
0.0
5.376522169580687e-08
0.0
0.0
0.0
0.0002561602426656075
0.0002561700487717228
0.0
6.609024357470195e-08
0.0
-1.552693014385178e-08
-1.5526930131220824e-08
1.5409928638486307e-06
0.0
2.3952397626210545e-10
0.00020529164037296228
0.0
5.056024726271667e-05
0.00019391894406966032
0.025146076624668647
0.0
0.0
1.007171794607374e-07
0.0
0.0
0.0
0.0
1.0072612731511704e-07
2.481354916587957e-07
0.002378558567159286
0.0
0.1917850056010478
0.0008711592701432858
0.0035450744714398933
0.0
0.0004682145060099785
9.379375608836786e-07
3.912286591217784e-08
-1.2443882926047381e-08
5.0196671771233736e-08
1.3016448234851822e-07
-4.28191023046573e-09
-1.946581463219382e-07
-7.734920569602011e-07
-7.918134871052939e-07
0.0
1.9909436125283733e-08
0.00032050524077547926
0.0
0.00032053389776335055
0.0
0.00020503646687393135
2.672964225494846e-07
0.0
3.851878127992414e-09
5.795489812703826e-09
3.089600091021235e-10
0.0
2.481354872384007e-07
0.0
0.0
1.078817100915887e-08
5.287797194802319e-10
4.399574406794119e-10
0.0
0.0
0.0
1.1836956597572833e-08
5.567222526123949e-10
0.0
0.0
0.0001788759675784169
0.0001788759675784156
0.0
0.0
0.0
1.0285072375196782e-07
9.972042167188602e-09
2.1285591530409207e-07
9.978988766971617e-09
0.0
9.980803931531813e-09
9.909757916901576e-09
6.744395380193826e-07
5.1162537512626776e-08
3.969059551757669e-09
9.929091842989397e-09
8.142355909020784e-07
9.944848552189135e-09
1.0664834320450817e-07
9.872293400422433e-09
1.5543306601679568e-05
9.981057045136085e-09
8.256990333364041e-07
9.98216299439365e-09
3.2919148704266737e-07
9.982091917098769e-09
0.0
9.976359412342094e-09
0.0
0.0
0.0
0.0
0.0
0.0
0.0
0.0
0.0
0.0
0.0
7.790909000914046e-11
0.0
0.0
0.0
0.0
0.0
0.0
5.3127287857340834e-08
1.9989779856553125e-06
0.0
4.031051811766485e-09
0.0
0.0
0.0
0.0
0.0
0.0
0.0
0.0
0.0
0.0
0.0
0.0
0.014822198719193658
0.014822201237808122
0.0
0.0
6.925176165850644e-08
1.438842813167786e-10
8.624116299379946e-09
4.676005944692384e-10
4.8956451949346385e-11
0.0
0.0
0.0
0.0
0.0
2.266058250999736e-11
1.4392440412495369e-11
3.494500979679737e-07
7.97956503734483e-09
0.0
0.0
0.0
8.552982281580292e-09
0.0
2.8670284669140792e-11
8.488502096332884e-09
0.0
0.0
0.0
0.0
1.4037233232525577e-06
0.0
9.915444609581887e-09
1.8545086347610813e-09
0.0
0.0
3.2831397154489207e-07
4.792968004084161e-20
1.9550909575176854e-08
1.9550910492148667e-08
1.555937980989364e-06
0.0
1.6540564704168664e-08
5.667199921195544e-08
8.57486132231731e-09
0.0
5.677538588289832e-07
5.035382212056386e-07
0.0
1.0117812778816551e-08
4.488883567738051e-10
1.955090774033013e-08
1.9550906822659145e-08
0.0
0.0
0.0
0.0
1.8584041696254024e-08
1.956864114125278e-06
0.0
0.0
0.0
5.749648860818736e-07
6.242593135554915e-07
7.002807517555439e-07
0.0
4.144811370280986e-06
6.378920595205491e-10
8.982149855440101e-08
0.0
3.8293511987214437e-08
7.869093669920244e-07
0.0
0.009026244354568412
1.4392905058750266e-09
0.0
0.0
1.5816583831204565e-07
5.4813881817322554e-08
2.48009987983612e-08
1.1578432463616201e-08
3.194671792799873e-07
0.0
0.0
3.3922923087231063e-08
9.76130842432885e-09
4.210527962350188e-10
-2.062243519181106e-09
1.070389758594154e-08
0.0
1.1235524338385563e-05
0.0
4.002062441840386e-06
0.0002890842830502944
2.4061455141503275e-06
4.610222415542895e-08
6.04441502892239e-08
0.0
1.5681735477645354e-07
0.0
2.5081906673162743e-07
-1.5289264443106e-07
0.00237937611992808
-0.00026832231231311454
-0.003213403879426674
0.002891718823985271
0.0
-0.0008370633342274674
1.2883207684379668e-07
3.539990698030026e-08
0.0
0.0
0.0
0.0
0.0
0.0
0.0
3.5399906766541586e-08
0.0
0.0
4.6342989743883876e-08
0.0
0.0
0.0
1.6656929346220014e-07
0.0
0.0
0.0
2.605800690495559e-07
0.0
2.6244958105366893e-08
0.0
3.667087690975884e-08
0.0
1.5684460728824412e-07
0.0
2.508238646921577e-07
0.0
0.0
1.3917006622642114e-09
0.0
-2.26016033448936e-09
0.0
9.813740871782404e-09
5.627838795610463e-07
-4.782609586460666e-07
0.0
7.175776524528526e-08
1.6609313426549805e-08
3.5640250050058293e-10
1.7416111815733557e-09
0.0
5.212300723961472e-07
2.592238026163644e-07
6.383839161283192e-08
3.134368086720792e-08
1.371800457810499e-08
3.082150180469767e-07
0.0
1.373591140923531e-11
5.358777387621761e-08
2.4124098878041095e-06
2.744914116899758e-08
0.0
0.0
1.1832599628140217e-07
0.0
0.0
0.0
4.0852711398158986e-08
4.697191352995165e-08
0.0
0.0
0.0
0.0
0.0
0.0
0.0
1.6659365710325874e-08
0.0
0.0
0.0
0.0
0.0
2.699773717660713e-08
0.0
0.0
0.0
0.0
4.827797068476976e-09
0.0
0.0
3.55725243388815e-07
0.0
8.334280302758279e-09
0.0
5.376522168563109e-08
-0.0003718098461422475
0.0
0.0
0.0
0.03150888002706864
-2.1160034559230437e-10
9.548369556827696e-09
0.0
0.0
0.0
5.79941389911635e-08
0.0
0.003056962123107727
0.0
3.248677990505247e-07
-2.051347496505513e-06
-0.005707985230220203
-3.5656653372614766e-05
1.615268512560343e-05
0.0
0.0
0.0
0.0
8.721793798545235e-09
0.0
0.0
0.0
0.0
9.848274740209213e-09
5.066282077743054e-10
5.12405437507607e-08
5.1240545273411766e-08
1.0611693247542159e-08
0.0
6.106545470520368e-08
0.0
5.124054460937587e-08
0.0
1.5644335815983666e-08
9.847857863204918e-09
5.062173665222461e-10
0.0
0.0
-0.006692425567719836
0.0066924451622240085
9.822748797780768e-09
-1.3003029929237186e-05
9.577462482521175e-09
2.402102093848511e-10
-9.042745413578857e-09
6.449806938030821e-08
5.213290450380234e-09
1.560202162301075e-08
3.153770792523883e-07
2.455767691455162e-09
0.0
4.3794398343821396e-08
0.002379376119928016
-4.82277648884462e-10
0.00237937611992821
0.0
6.449806942544079e-08
5.2132902126690105e-09
1.560202150550783e-08
3.1537707900308654e-07
2.4557675115442283e-09
0.0
4.379439797595812e-08
0.031508880027068614
0.0002844403167855298
9.775879600962692e-09
0.0
-6.811331343650382e-05
1.4223578367785642e-06
3.6448235144629223e-06
6.447826423245065e-05
4.3384527439411677e-10
-1.2669227118842867e-08
8.384397062131062e-06
6.810284847699131e-10
4.022829800060868e-07
-8.501366686227557e-07
7.191676657201034e-06
-6.588647068329526e-06
0.00021704863243972257
0.0
0.0
5.588729304513567e-09
0.0
1.5205946545247665e-07
-6.106300673451774e-09
0.0
0.0
2.5750123569203863e-09
2.574999191215467e-09
0.0006789406583835464
3.7945933020516916e-07
5.3765221336646356e-08
0.0
0.0
1.5931736464433113e-09
0.0
0.0
1.498249347503533e-09
1.4982493172542924e-09
0.0
2.8585238448430036e-05
2.8585238448557586e-05
3.073003108954232e-07
9.319445938400006e-09
9.31944600107709e-09
0.0
0.0
0.0
7.187039704791191e-06
3.962779735017856e-09
1.9444740591983978e-09
1.0117814609161224e-08
2.0137783639443904e-05
2.0137783639443884e-05
0.0
6.609024342694641e-08
0.0
-9.786634257474317e-09
0.0
0.0
0.0
0.0
0.0
2.4231435695820845e-06
1.2932119067233143e-05
4.0099578467606783e-07
0.0
5.7782842014555386e-09
0.0
6.474178411904907e-08
6.542269832345538e-08
1.8037812239246662e-07
0.0
0.0
0.0
0.0008730816536968583
-0.00045233518917037197
0.0
0.0
5.418938470930616e-10
0.0
0.0
0.0
0.0
0.0
1.0399563437211536e-07
2.8536381744872347e-08
2.5870349910038806e-16
-9.818312791537713e-09
0.0
-9.818312727672647e-09
0.0
0.0
7.940994676061686e-09
0.0
0.0
0.0
0.0
0.0
8.365425964940027e-09
8.36542568549703e-09
8.365425961907212e-09
1.2077016290316416e-11
-9.786440781183164e-09
7.818787634995134e-07
0.0
0.0
0.0
0.0
-0.061144453107568
0.06114442905266541
0.0
0.0
1.0399563540332554e-07
1.0399563514551162e-07
1.2073187344873348e-11
0.0
0.0
-7.736730240509061e-09
0.0
0.0
0.0
-1.306013736664547e-09
0.0
0.0
-2.5804011705155006e-16
0.0
0.0
4.808668261043026e-08
2.8917205461814413e-08
1.0399563488774725e-07
0.0
0.0
0.0
0.0
9.299328306207236e-09
0.0
0.0
0.0
1.7292649376607273e-06
3.5524235485616366e-06
0.0
1.2064737607560401e-11
1.2069094423258917e-11
0.00013490353101616335
0.0
7.21779488690907e-08
0.0
0.029593805513518655
0.0
0.0
-6.504115053829196e-05
0.0
0.0
0.0
0.0
0.0
0.0
0.0
5.630545391621688e-08
2.2819907075088963e-09
0.00043253418707933644
0.0
-2.687408471515652e-10
-5.630421864976849e-10
-5.630421864976772e-10
0.0
0.0
0.0
-3.620415220481816e-10
0.0
1.8765004593095537e-06
0.0
0.0
0.0
0.0
0.0
0.0
5.872687062389496e-09
4.108695019823117e-09
-2.4757088024021676e-10
2.272599014228235e-08
0.0
2.8957955605700538e-05
0.0
17.694717015142732
-17.69471699544769
9.822748839986725e-09
9.820342859064092e-09
9.82038334565406e-09
0.0
3.528338586168015e-08
0.0
0.0
4.353895639807252e-10
0.0
0.0
7.546939233635048e-09
1.158699426540628e-08
-0.004687996396545241
0.00468801991777696
9.705296832905955e-09
1.356978962034616e-07
-1.2610776299396732e-07
0.0
0.00043653248195049676
0.0004365475468735766
4.463164499890923e-09
0.0
0.0
1.955984870863775e-08
9.793727507615097e-09
-4.52951292125331e-10
0.0
1.3569789619252066e-07
1.1549331306431177e-07
9.820302339338429e-09
1.8764960808292689e-06
0.0
0.0005896946520262958
0.0
2.8670423857270704e-06
3.4370141140179524e-08
0.0
1.642759323240636e-08
0.0
0.0
9.756270167944164e-09
1.170250998962759e-10
0.00212189034304738
0.0
0.0021218886335147937
1.9840123949009822e-08
1.474505480387738e-16
4.763461289963863e-10
9.817502898045568e-09
-0.04661731419718273
0.0
0.0
9.436363002501585e-09
9.839783444110137e-09
-9.322456611196312e-09
0.0
0.0
-2.7660667373834082e-14
0.0
0.0
0.0
9.790565977522171e-09
4.498404656529171e-10
8.506910365317557e-09
0.0
-4.035591075874163e-09
-1.3826157083136808e-08
3.9616277806499596e-14
0.0
0.0
9.898204896476632e-09
9.887382218080364e-09
5.451159498043328e-10
0.0
0.0
-8.9582555141271e-09
8.982149571687157e-08
1.5289264483045725e-07
8.981584212343976e-08
0.0
0.0
8.982149578884887e-08
8.994627376285933e-08
1.4064533013624875e-10
0.0
0.0
9.898204790154843e-09
0.0
0.0
9.66840096259136e-09
9.668400812162109e-09
0.0
0.0
7.97105878969518e-09
9.705386157347617e-09
3.660350133802894e-10
-6.275656425519222e-10
7.971058886736738e-09
0.0
0.0
8.982149769075027e-08
0.0
0.0
0.0
1.0119998230729825e-07
0.0
0.0
9.79678399540897e-07
0.0
0.0
0.0
0.0
0.0
0.0
5.115431729926442e-07
5.376522160467949e-08
15.599756319457105
-15.599756317754693
0.0
3.283139712606977e-07
9.009020831857867e-09
9.009020993593726e-09
3.0910931691358247e-07
1.5507011717912298e-07
1.0937142361919489e-06
8.60570448435441
-8.605704403821612
9.680068263667169e-09
0.0
1.36464339663684e-08
0.0
0.0
1.0889241218937278e-08
9.79302591536807e-09
-4.487770613379775e-09
0.0
0.0
3.091093160608893e-07
3.0550981461715594e-05
9.970663133582071e-09
-3.054101079771589e-05
6.284464734637629e-10
1.7160567307109837e-06
6.711446226939482e-06
1.994843399103982e-08
6.327282569553505e-10
0.0
-1.0228743308957067e-07
0.0
0.0
2.3342724876014886e-11
2.3342724874884056e-11
0.0
5.988400649147878e-09
0.0
0.0
8.544334082380567e-07
3.629138923523971e-08
8.088626942619405e-07
-6.648181354387828e-12
