0
0.0
0.0
0.0
0.0
1.7455274472661783e-08
2.680237339988766e-07
0.0
0.0
0.0
0.0
0.0
0.0
0.0
0.0
0.0
0.0
9.065382790824691e-09
9.884156495059395e-09
0.0
0.0
0.0
0.0
0.0
6.983752288295641e-09
0.0
9.846124732876362e-09
0.0
0.0
0.0
8.249157228395636e-05
0.0
0.0
0.0
0.0
0.0
4.4408401463018186e-07
9.89338430388018e-09
1.216612897459576e-08
1.9791095072353037e-08
0.0
0.0
0.0
0.0
0.0
0.0
0.0
1.0015212821092086e-07
0.0
0.0
0.0
0.0
0.0
0.0
0.0
0.0
0.0
0.0
7.01332336076957e-09
0.0
0.0
0.0
9.849951433868695e-09
3.123679713315609e-15
0.0
9.275423316553454e-09
0.0
0.0
0.0
1.6539843036164862e-16
0.0
0.0
1.714792183176903e-08
0.0
0.0
9.612005208278676e-12
9.941176531986639e-09
0.0
0.0
0.0
0.0
2.152168331515473e-06
1.0155372376363658e-10
0.0
0.0
0.002243755250672175
0.0
2.103332171122298e-08
0.0
0.0
1.0070157927772154e-09
5.356802900402095e-09
0.0
0.0
0.0
9.340194301798652e-09
0.0
0.0
0.0
0.0
0.0
0.0
0.0
0.0
0.0
0.0
0.0
0.0
0.0
2.179353653603782e-07
0.0
0.0
9.062107025661367e-09
0.0
9.70403685608295e-09
0.0
0.0
0.0
0.0
0.0
0.0
0.0
0.0
8.51334715829784e-09
0.0
0.0
9.943545306204404e-09
-3.231374230183182e-08
0.0
0.0
8.758398063091457e-09
8.597302996942067e-09
0.0
8.908897378237026e-09
0.0
6.9863015250997855e-09
7.489712553235144e-10
0.0
0.0
0.0
0.0
0.0
9.61607238382115e-09
0.0
0.0
0.0
0.0
0.0
0.0
0.0
0.0
0.0
1.2524740506147313e-08
9.68880445049113e-09
0.0
9.564018796461735e-09
0.0
0.0
0.0
1.9667425402832412e-08
0.0
0.0
1.040368148959881e-12
0.0
-0.0004598044332199386
2.569868186864345e-06
0.0
3.0033166316351256e-08
0.0
0.0
0.0
0.0
2.871811053255147e-07
1.97503307574633e-08
0.0
1.9137831427047312e-08
0.0
0.0
0.0
0.0
0.0
0.0
0.0
8.581998400305382e-09
0.0
9.074035238740084e-05
0.0
0.002325477869571883
0.0
9.065129778059448e-08
0.0
0.0
0.0
0.0
6.881451494974761e-20
0.0
0.0
1.2747042223107602e-08
0.0
0.0
0.0
0.0
1.230231443876738e-08
1.9585261241366995e-08
0.0
0.0
3.808219600776042e-09
1.6210022292395417e-08
2.7641736388784654e-07
0.0
0.0
2.7357894827830527e-08
1.2078688919964798e-08
0.0
3.795356816165699e-11
1.6145351527177755e-08
0.0
0.0
0.0
0.0
0.0
0.0
0.0
0.0
0.0
0.0
0.0
0.0
0.0
2.4033076600482354e-19
7.643997852172796e-09
0.0
1.0290765829535339e-11
0.0
1.9499718831121485e-22
0.0
9.731774976983693e-09
0.0
0.0
2.7174793956698164e-12
0.0
2.2543966558737997e-08
-1.8973538018496328e-19
1.4038520187700522e-10
1.891113124599924e-06
6.298989640872628e-12
0.0
0.0
0.0
0.0
0.0
4.2518571998098995e-12
-0.002331601005212046
9.018934612078227e-21
0.0
0.0
9.225165976603552e-09
0.0
0.0
0.0
0.0
0.0
0.0
5.946362036820296e-07
0.0
0.0
0.0
0.0
0.0
0.0
0.0
7.005945832083915e-09
0.0
0.0
0.0
9.93478017412892e-09
0.0
8.115918861930291e-08
0.0
0.0
0.0
1.9778533537368354e-08
0.0
0.0
8.78829210793075e-09
0.0
1.045453448349512e-08
4.208804958981925e-09
0.0
8.154870083466536e-18
8.855449935795409e-09
0.0
0.0
0.0
0.0
2.973852101872927e-09
9.544439737407912e-09
9.912001777110612e-09
9.738805010528573e-09
8.855449935796011e-09
0.0
0.0
0.0
1.0667313325140157e-08
0.0
9.664752110632139e-09
0.0
0.0
0.0
0.0
0.0
0.0
1.1013771426815029e-20
0.0
8.07975072637361e-09
1.440237237329113e-08
0.0
0.0
0.0
0.0
0.0
0.0
0.0
1.7815861320858398e-07
0.0
0.0
0.0
0.0
0.0
0.0
9.84064633612008e-09
0.0
6.648934597070898e-12
0.0
0.0
0.0
0.0
0.0
6.230778151190341e-09
0.0
9.877540309295645e-10
9.877540319789142e-10
9.039993003576819e-10
9.806095792525612e-09
1.684050496819737e-08
9.97543133107199e-09
9.98256946484373e-09
9.930820780450328e-09
9.978236529124271e-09
9.810046458817116e-09
0.0
-9.065382790713348e-09
9.810046603043546e-09
9.93082105502347e-09
9.98257079275068e-09
9.978237577870971e-09
-9.884156604300642e-09
0.0
0.0
0.0
2.226214859537156e-08
0.0
0.0
0.0
0.0
0.0
0.0
0.0
0.0
0.0
0.0
0.0
0.0
0.0
0.0
0.0
0.0
0.0
0.0
0.0
0.0
2.7116097141592354e-08
0.0
0.0
0.0
0.0
0.0
0.0
4.265700825306122e-08
0.0
0.0
0.0
0.0
0.0
0.0
4.7493035031556896e-08
0.0
8.056801336695013e-10
0.0
1.0728385661030525e-09
9.92610083017098e-09
1.0733794289506166e-09
0.0
0.0
2.432979136618079e-09
6.989344680756766e-09
2.4334471974540275e-09
3.424459896351535e-08
1.109961941975387e-08
0.0
3.724507328180094e-08
0.0
0.0
0.0
0.0
0.0
4.06934072810089e-09
0.0
1.084299465643857e-18
1.967751599269622e-08
1.9856924309903375e-08
1.9963788055584467e-08
1.9960015264866067e-08
-6.688292513139932e-09
-9.523467014993514e-09
2.4328620870697758e-09
-8.303700872180366e-09
2.4333302469696503e-09
3.424448166244702e-08
1.1099502569583065e-08
-4.491049310217932e-09
3.72449565878132e-08
-9.760166716499263e-09
-9.759646017563905e-09
-9.759088401869835e-09
0.0
0.0
2.4327450726474785e-09
0.0
2.433213302565941e-09
3.4244364361446854e-08
1.1099385748547223e-08
0.0
3.724483987383209e-08
0.0
0.0
1.964017965452303e-08
0.0
9.967744561169278e-09
9.86746924555755e-09
0.0
0.0
1.9393567036475526e-14
5.175212046599164e-08
0.0
1.002620703515051e-08
9.982815965200748e-09
-8.246368634334914e-05
-8.249157228395641e-05
-8.249157228395641e-05
0.0
9.831539872148798e-09
0.0
-9.956743381167588e-09
0.0
0.0
0.0
0.0
0.0
0.0
8.351150058320327e-07
0.0
1.950266371045202e-06
0.00011440938106685297
0.0
1.684050497409307e-08
0.0
6.546564927084479e-20
4.065344390307894e-08
3.638492178393751e-08
5.009159823577681e-08
1.0607071014023597e-09
0.0
-1.100025244227254e-07
-1.279417612680303e-07
-1.4068464136994573e-07
-1.4357459294067203e-07
-1.3327285474659321e-07
-1.2415676429837486e-07
-1.2034294757461786e-07
5.317167529847623e-08
-9.881359574658268e-10
-9.893384303959717e-09
4.6506470144561177e-07
-1.2166128963097232e-08
-3.191357446706535e-09
1.0398640064379356e-16
0.0
0.0
5.611863311769586e-08
1.9791095073069528e-08
9.88208927882317e-09
-1.0813472352240933e-08
1.979568675735595e-08
9.862868128869377e-09
2.692875239306379e-08
0.0
2.90937556221157e-08
9.298068830203505e-09
0.0
0.0
0.0
-6.729619984417923e-07
0.0
2.6911734234429938e-08
0.0
9.888386750107135e-09
9.833176806104623e-10
9.9461808709217e-09
9.946180809581819e-09
9.895271345310437e-09
9.895271309810771e-09
9.895271380520538e-09
1.1047993637506759e-07
1.1851852563411633e-07
1.3125108948785423e-07
1.5301074709201338e-07
1.427016826754642e-07
1.2287380121754968e-07
1.1474376141691858e-07
0.0
4.790848359519095e-09
0.0
0.0
-3.372163659420835e-13
3.372178647221181e-13
0.0005121362743356107
0.0005121460587195216
8.338445076777612e-09
8.518264984135987e-07
0.0
0.0
5.406765173434204e-08
0.0
4.218468434661922e-09
2.1452656302789804e-08
0.0
2.596235364409663e-07
-9.076030994623793e-08
1.0015212820584569e-07
-4.2505796676715594e-07
0.0
-4.4408401462994046e-07
1.0232508283953596e-07
0.0
0.0
2.100228175495656e-08
9.979275258108943e-09
9.979274076892699e-09
0.0
6.141644428634893e-06
7.58572350146206e-10
0.0
0.0
0.0
0.0
0.00399049623996237
-0.003990456307927381
1.074815615635537e-09
0.0
0.0
9.956554477897105e-09
9.959739266901649e-09
0.0
0.0
0.0
-9.292330793719827e-09
0.0
0.0
1.1268110944881542e-07
1.8422551031070133e-09
0.0
0.0
5.869756479175967e-09
0.0
0.0
0.0
0.0
3.224918083559016e-08
2.062482811151161e-08
0.0
0.0
0.0
0.0
1.0671422366940756e-09
1.1730773136024122e-08
9.709428784617906e-10
0.0
0.0
0.0
9.970882908647145e-10
2.137122255074307e-08
2.7802489225730367e-10
0.0
1.7454935514593862e-08
-9.57536380795463e-09
2.5639406588298074e-11
-2.5643522028051535e-11
5.690505335976312e-05
9.276856707237805e-10
9.830673947087108e-09
0.0
0.0
0.0
1.0651692856375358e-09
2.0817803713301872e-08
2.154650321163374e-08
8.110426033242082e-08
0.0
7.326957076591241e-07
0.0
0.0
6.459550762240988e-07
-6.071286917564222e-07
0.0
9.931255196674363e-09
-2.8718110532520045e-07
9.606174295831736e-10
1.9632899951604887e-08
0.0
0.0
9.756855001057791e-09
9.097909420050854e-09
0.0
0.0
2.580903097163668e-07
2.580903093184783e-07
9.930152477209686e-09
9.930151981187192e-09
-7.013317114123313e-09
0.0
0.0
3.78263894476223e-09
0.0
0.0
0.0
0.0
0.0
3.6244730634136356e-08
0.0
0.0
0.0
8.855348828361451e-08
0.0
1.9783661322331746e-08
9.895271414919806e-09
-8.699711377765194e-10
0.0
0.0
0.0
3.680827435856867e-08
9.969412267262255e-09
9.984978431641471e-09
1.0599217798442308e-09
1.696555017962305e-08
1.526725533195861e-09
1.5267257420619501e-09
0.00011440938106683886
0.0
0.0
0.0
2.0960625679179046e-14
0.0
2.1628591786233915e-08
0.0
0.0
7.201219071079936e-09
0.0
1.0856234964049225e-08
3.125530115607622e-08
8.301979095616102e-07
0.0
0.0
4.686643810249044e-08
3.1353243351992774e-10
0.0
0.0
-7.101524229780054e-18
0.0
-9.849951433866296e-09
1.522757746541858e-08
0.0
0.0
0.0
1.0335890096385567e-09
0.0
0.0
0.0
0.0
0.0
0.0
0.0
0.0
-9.462660683660116e-10
0.0
0.0
0.0
1.0926282279281497e-08
-1.0392227921971169e-09
0.0
0.0
0.0
0.0
9.979030722302544e-09
3.003104896627924e-08
4.902636582761247e-09
4.902633459056491e-09
0.0
0.0
4.0134243270041165e-09
0.0
0.0
0.0
0.0
1.5245019586778916e-08
9.769445195227872e-09
1.6534987908696705e-16
-1.653747126219296e-16
0.0
0.0
-3.928584440160594e-08
0.0
0.0
1.3889343802988134e-08
0.0
1.1391884920491982e-07
0.0
0.0
0.0
3.582374399553872e-09
0.0
5.718366298894608e-07
-5.328020752549435e-07
9.286887354329589e-10
1.6554196438934054e-16
2.08008079009058e-08
-3.573601631077374e-08
0.0
0.0
0.0
0.0001648445369758629
2.756496385612537e-11
2.756454575226011e-11
0.0
2.9219041693245104e-08
0.0
0.0
0.0
0.0
9.851426712668468e-09
0.0
9.771792220815652e-09
8.711037081701908e-10
0.0
0.0
9.097909389958963e-09
9.09790941142633e-09
-1.7147921761093084e-08
-8.073304868434647e-09
0.0
0.0
0.0
0.0
-1.0155372253713288e-10
0.0
0.0
8.017096178548552e-09
0.0
0.0
0.0
0.0
0.0
-1.0388828570117647e-09
0.0
-2.778956258223098e-07
0.0
0.0
0.0
6.940175540016899e-08
0.0
5.9502377518648805e-08
0.0
0.0
0.0
0.0
0.0
0.0
1.4470618665035021e-07
0.0
0.0
0.0
6.684669382912489e-13
6.711397136708068e-13
6.680639918919572e-13
6.680835425803465e-13
3.680827345478002e-08
1.0447318260054367e-09
0.0
3.954862973527657e-08
9.79625536245976e-09
1.9750330705083302e-08
0.0
0.0
0.0
9.96319950205221e-09
9.963199407026359e-09
9.120806861686355e-19
0.0
2.211730264075679e-06
5.9561932561611966e-08
-2.152168331514786e-06
0.0
0.0
0.0
0.0
1.2173059566346671e-08
0.0
0.0
0.0
-9.785437908647714e-09
-4.140322473755731e-09
-8.179702687954955e-10
3.1694278532893913e-09
-5.816722578113267e-10
-1.2704415390790008e-09
0.0
0.0
-1.0155372257101419e-10
0.0
1.0363512495917256e-09
-1.624332842178307e-10
0.0
-0.0022437454433364462
-0.002129462956327049
0.0
2.4089598528707373e-05
0.0
2.4079777567552895e-05
0.0
0.0
0.0
1.1037232827891969e-08
0.0
0.0
1.5350740397180597e-08
0.0
0.0
0.0
0.0
0.0
0.0
0.0
0.0
6.226558708355774e-09
0.0
0.0
-5.354721497805026e-09
4.259561592334649e-09
0.0
5.353681511148777e-09
0.0
1.2708466848730302e-08
0.0
0.0
0.0
1.040266111786957e-12
0.0
0.0
0.0005142881274194436
0.0
9.887915997082928e-09
9.887915930375905e-09
4.259561561345655e-09
0.0
9.40541512836797e-09
1.2798370802410324e-09
0.0
4.7695132977324515e-08
0.0
2.3315880558678216e-09
0.0
0.0
-4.556717928160058e-10
0.0
9.895626032900786e-09
1.011793202896543e-08
1.1525943982820017e-16
8.8554499357996e-09
0.0
7.248453718032101e-09
7.2484537126330634e-09
7.248453707750253e-09
9.691032380791406e-09
7.128716649446589e-08
9.691031826181048e-09
7.93155414738026e-10
0.0
6.503718972422905e-18
0.0
0.0
0.0
0.0
9.259169431452041e-10
0.0
5.967808783654084e-07
0.0
0.004661130341934673
0.0
0.0
4.8434616523251566e-08
5.5608328877241006e-05
-5.556869469147685e-05
9.307706759492209e-10
1.9006551578134093e-07
-4.1576300905371624e-08
-2.7641736388629885e-07
-2.764173638870578e-07
0.0
0.0
-4.342738368218191e-08
1.9967823795157315e-08
9.983412870701036e-09
0.0
0.0
0.0
0.0
0.0
0.0
1.369705239343354e-06
3.4973402529628646e-08
9.932038403506162e-10
1.0759180966800541e-09
0.0
8.10021846829235e-10
-9.099404180744745e-10
0.0
0.0
1.0169558590327187e-09
0.0
0.0
0.0
0.0
7.2308584408651375e-09
1.6582313921900335e-07
0.0
0.0
0.0
9.963202719619794e-09
9.963265840578905e-10
1.0366396224333853e-09
2.0051277452205375e-08
6.08706664433844e-08
1.9852079885511907e-08
1.0026085470945693e-09
9.834921137584099e-09
9.720519145010431e-09
9.758370848330462e-09
8.5801574594764e-10
0.0
0.0
8.215574249553509e-10
-5.141072748071629e-09
1.0711646321538687e-09
1.9959569219569713e-08
9.980086630376195e-09
1.0528723682949148e-08
0.0
0.0
2.645119893460753e-05
-2.1793536536034256e-07
-2.0846151714155874e-07
1.7845796672008585e-11
0.0
0.0
1.7987479050699115e-18
0.0
0.0
0.0
-9.699468683094237e-09
0.0
0.0
0.0
0.0
0.0
0.0
-2.002955093449721e-15
9.166672784890974e-09
0.0
0.0
9.828439943414952e-09
7.425155438612384e-09
0.0
0.0
1.745527416968222e-08
0.0
0.0
0.0
0.0
0.0
1.0739400590079701e-09
1.9961721276970467e-08
9.9793614331844e-09
1.969354844829648e-08
0.0
0.0
0.0
8.475503870536849e-09
0.0
0.0
0.0
9.795655458307324e-09
1.8755566132028154e-08
1.8872178345725632e-10
1.5585406229479126e-19
-1.887217831554859e-10
0.0
0.0
5.183462261966854e-19
-9.704036856082558e-09
2.1646622286532365e-06
2.1646622286533567e-06
0.0
0.0
3.0906219176847794e-07
4.667675158281437e-09
0.0
0.0
9.990142552107544e-09
0.0
-1.9795587166975166e-08
9.715496717275805e-09
9.715496709222782e-09
0.0
-1.0390903231165954e-08
9.920870896063666e-09
9.922456561581826e-09
-1.734723475976807e-18
0.0
8.256777306314689e-08
1.980803309707982e-08
9.885576386303653e-09
0.0
0.0
0.0
8.365029315751862e-14
0.0
0.0
0.0
0.0
0.0
0.0
1.2202941584302588e-08
0.0
9.025821695987243e-09
1.210986925610579e-08
0.0
0.0
4.407084994295601e-08
0.0
2.079051572318849e-08
5.08464396782898e-09
0.0
0.0
4.690842688173031e-08
0.0
5.032162639560768e-11
0.0
0.0
0.0
0.0
0.0
0.0
0.0
0.0
0.0
0.0
-1.104809752811818e-07
-1.279396806078961e-07
-1.3125212954726678e-07
-1.5301178839406942e-07
-1.4270272435988954e-07
-1.2415468031660857e-07
-1.2034086294826496e-07
-4.386455721345165e-08
0.0001189513799639685
0.00011896096446146477
0.0
0.0
0.0
0.0
0.0
0.0
0.0003921125915936893
0.0
0.0
8.089520371773683e-09
0.0
8.90221825243964e-08
7.967491225164118e-08
9.779572381941881e-09
0.0
0.0
9.60617368461033e-10
9.60617399008218e-10
2.667704552312302e-05
0.0
9.55688198946061e-09
9.556885172123941e-09
0.0
0.0
0.0
0.0
0.0
0.0
1.937960534132411e-06
0.0
0.0
0.0
0.0
0.0
0.0
0.0
0.0
0.0
3.1082256261660293e-09
9.90188134554756e-09
8.638397967102867e-09
0.0
0.0
6.10966795408899e-08
0.0
0.0
3.865526019371893e-08
0.0
0.0
0.0
0.0
-9.76289352006411e-09
-1.03650480278545e-09
-9.943545288375322e-09
-8.623737317663361e-10
-1.1148695685298698e-08
0.00010847606696531148
0.0
-7.209872840721137e-10
0.0
-9.616069253370885e-09
0.0
0.00011430654040578621
0.0
9.930866544456261e-09
1.8065080090022577e-10
0.0
9.097909368439292e-09
0.0
0.0
6.710730392266135e-06
6.658850966463998e-06
4.157846549706929e-08
3.5927451013221387e-09
9.526764956506773e-11
9.52677017352123e-11
0.0
0.0
0.0
2.1380886732371723e-08
0.0
0.0
3.6062782838060655e-09
3.6062783341012796e-09
3.6062782548908302e-09
1.2203581274331191e-08
3.6062782764838842e-09
8.984798121407547e-07
0.0
0.0
1.086466277172099e-08
0.0
0.0
0.0
0.0
0.0
0.0
0.0
0.0
1.009772434180479e-08
0.0
1.2315933450369078e-09
8.217894877278999e-09
0.0
1.2315933523909696e-09
0.0
0.0
5.37646796845353e-09
1.1997134952978214e-10
0.0
0.0
0.0
0.0
0.0
0.0
8.71159983855713e-07
3.248502310977071e-08
1.8072900142680605e-06
9.48777515265249e-09
0.0
1.5665989564865099e-06
0.0
0.0
0.0
0.0
0.0
0.0
2.7097492685212046e-07
0.0
0.0
4.723475807971028e-09
0.00011428291769895131
0.0
0.0037049406140116565
0.0
-2.4013205914821464e-10
-7.005945809601677e-09
0.0
6.765810580420291e-09
0.0
0.0
0.0
1.9172524927029855e-08
0.0
8.998053642534614e-10
0.0001143146137857005
0.0
-9.61607238381831e-09
-9.616072383787817e-09
0.0005125007127885148
0.0
1.8623411592458812e-08
9.741994537459941e-09
-1.624332842178313e-10
0.0
0.0
1.9490684074420077e-08
0.0
9.706941670797333e-09
-1.0406183753460427e-09
0.0
1.787258294280233e-08
0.0
2.7302469862938365e-09
5.037277403613452e-10
0.0
1.567504523842719e-09
0.0
0.0
0.0
9.954072730737184e-09
-1.8324737590443702e-07
0.0
0.0
6.986946127162324e-09
0.0
9.962136098690122e-09
0.0
9.956952402932328e-09
0.0
8.993995235548434e-10
0.0
9.949432554418915e-09
0.0006006747780300422
0.0
0.0
1.3237534572104685e-07
0.0004829199799004723
0.0
9.885427607446178e-09
9.885430720370589e-09
1.223461250228237e-08
0.0
-7.910110247488968e-10
0.0
9.893934188961847e-09
9.7205191438391e-09
9.893934188885745e-09
9.88666121123867e-10
9.720519142900962e-09
8.215544130950286e-10
-9.564018796435862e-09
-6.708912095299746e-10
0.0
0.0
9.817825807437435e-09
0.0
9.796675484726193e-09
9.796675483099528e-09
-1.966742540284198e-08
-1.0557679752389874e-08
2.214146863876004e-07
0.0
9.787794886510384e-09
-1.2524740506661067e-08
9.809856346691479e-09
9.809859439200742e-09
9.855611670579428e-09
9.517220024111454e-10
0.0005065597386147443
3.6059382042819e-11
0.0
-1.0403171379902432e-12
9.915416559668884e-09
0.0
0.0
0.0
1.072033958238853e-08
0.0
0.0
0.0
-7.320256933527632e-10
0.0
0.0
0.0
0.0
0.0001142833433322077
1.0149755682442715e-07
2.060681378226557e-06
0.0
8.5041698077306e-05
8.246208125732865e-05
-2.569868186697022e-06
0.001557838769234485
5.467581912411777e-07
0.0
8.858672001466869e-09
8.858672004286028e-09
0.0
0.001558383985803065
0.0
0.0
0.0
0.0
-5.511549075536502e-09
-2.0829046479717343e-08
0.0
0.0003746720570173329
1.203375290805359e-07
0.00020355479238119565
0.00025625942370895724
1.5139231869859608e-06
0.0015583839857941464
4.779289664055635e-06
0.0
0.0
1.0498329226785538e-09
8.949247096467388e-10
0.0
3.086444579921027e-08
0.0
3.9274229709278814e-09
-0.00010994086235064855
0.0
1.910740415335929e-08
0.0
9.664211231676188e-09
4.8617894928246325e-06
0.0
0.0
0.0
-2.3959837970522056e-06
2.4312166601908204e-06
1.0537590448278884e-09
0.0
-2.871811053254173e-07
-2.776829478052103e-07
0.000114463268414004
0.0
0.0
-1.9750330757450565e-08
0.0
7.317552341034413e-10
0.0
1.410136530799494e-07
9.943008740437081e-09
-1.9137831426839455e-08
-1.0034884313829331e-08
0.0
0.0
0.0
0.0
6.328569247219397e-07
0.0
1.645636258165717e-08
0.0
9.762738262773796e-09
0.0
6.632045089495275e-07
0.0
9.43280382979721e-10
-4.203762799925154e-08
0.0006004196229344491
1.5395951072725834e-07
0.00011816321471525214
0.0
5.554050826629674e-06
-5.524926780157336e-06
0.0
9.806752646057681e-09
0.0
0.0
0.0
0.0
8.22404248121505e-08
0.0
1.0712075638838648e-09
0.00036394913380050054
0.0
0.0
1.454192087101688e-14
0.0
1.985658371775621e-08
9.347270211354641e-09
6.989533971574989e-08
0.0
1.9745863838178746e-08
0.0
4.379874222813327e-08
0.0
1.9538656109347172e-08
0.0
3.21618735512719e-08
1.826714845540348e-07
3.991950496107627e-08
1.0716295003761922e-09
0.0
0.0
1.0814451792940874e-09
1.307679900785112e-08
0.0
2.6856196820037523e-08
0.0
0.0
9.981612273161043e-09
0.0
0.0
0.0
0.0
0.0
0.0
-8.581998400238668e-09
0.0
0.0
7.83998721527551e-09
0.0
9.97492308626744e-09
1.9378374655886288e-08
-1.4540437151495727e-08
-1.9667425403546712e-08
1.5492729166022866e-08
7.938590907101954e-09
-0.0023254976711517303
-0.0024111945931373814
0.0
9.065129723176795e-08
-9.065129750629073e-08
9.784111106372895e-09
1.0606730622814332e-08
-1.1048201407191573e-07
-1.1852060459955475e-07
-1.4068360343344466e-07
-1.530128296958256e-07
-1.427037660441637e-07
-1.1473894223423049e-07
-1.1092862974789496e-07
-5.3170632671804656e-08
1.9639139897200574e-08
0.0
-6.983752288112783e-09
0.0
-1.2430653839601291e-08
2.722956348211681e-08
0.0
2.9762606455837064e-08
9.967702500428966e-09
0.0
0.0
0.0
0.0
0.0
0.0
0.0
5.082003899566172e-14
0.0
0.0
4.972473246151573e-07
-2.862811218553446e-09
0.0
9.233373591696585e-09
0.0
0.0
0.0
0.0
0.0
1.7487478097679776e-08
7.733365781081858e-09
0.0
0.0
0.0
0.0
0.0
9.904761043028759e-09
0.0
0.0
0.0
-9.425775783638033e-10
-9.425775783652784e-10
-1.2104152533032996e-07
1.401217749315984e-07
0.0
2.027325225272774e-08
0.0
0.0
0.0
2.517158004776035e-08
-1.2747042115314293e-08
0.0
0.0
3.930341564542364e-08
0.0
0.0
0.0
1.062864500328036e-09
9.97087660700724e-09
-9.074019723978588e-05
1.2648585785097077e-10
0.0
4.945247090005722e-09
0.0
4.945247057335077e-09
4.945247348761689e-09
5.671555498016401e-05
-5.8337923852873116e-05
5.834767301308154e-05
1.7845933993237395e-11
0.00045542076397176795
0.0
-0.0012594252196578282
0.0012593776401684032
9.860746603583201e-09
9.566717832621526e-10
0.0
0.0
1.526731649865097e-09
9.875504448052241e-09
0.0
0.0
1.3995258528465282e-08
0.0
9.575359666410752e-09
2.0066528758501054e-07
9.97469777022815e-09
0.00021821787083667397
0.0002182055685222106
-1.2302314451005658e-08
9.737328817037598e-09
0.0
1.277219353931863e-07
-1.0476552113153094e-08
0.0
2.7357875048394085e-08
9.97505085085712e-09
-8.523765678357902e-09
0.0
1.847622664558732e-08
-1.847622589433334e-08
-9.382182204718317e-09
1.8476224177366226e-08
9.930866613227667e-09
1.024277863333068e-09
1.6015493472380024e-08
1.6015493452719833e-08
9.604704829564584e-09
-9.708982590980217e-10
0.0
0.0
0.0
0.0
0.0
4.902639707288082e-09
0.0
0.0
0.0
0.0
1.0992490265234546e-07
0.0
9.448754667573667e-09
5.600183887661143e-10
0.0
0.0
9.949579136214099e-09
1.0842234641437241e-08
9.975569029456108e-09
9.97556905062082e-09
9.976232307346835e-09
9.976232328507336e-09
0.0
8.254105377327834e-08
3.079403606293977e-08
9.244952150294292e-08
-7.263938888142262e-10
-9.039993020462666e-10
0.0
0.0
-1.9355054038661113e-08
0.00011800417417033479
5.3737830221577334e-08
1.847622772116357e-08
0.0
0.0
-8.578325952710748e-09
-2.7357894721554213e-08
1.5395950981303696e-07
0.0
0.0
0.0
0.0
0.0
0.0
2.1917009948833516e-09
9.235524114738262e-09
3.791585788784309e-11
0.0
-3.795339433357303e-11
0.0
0.0
0.0
1.3502364084710607e-10
0.0
0.0
0.0
0.0
0.0
1.713144326992453e-08
0.0
0.0
1.4903613539189203e-08
1.7140521683003453e-08
2.219766388472143e-08
2.0759127459503305e-08
0.0
7.99001656645957e-09
6.1333104349227225e-09
0.0
0.0
1.2780590298991009e-08
0.0
0.0
0.0
2.226215386526027e-08
0.0
0.0
0.0
9.736827676316717e-09
9.815787648532382e-09
9.774042617227028e-09
7.611496435642808e-09
0.0
0.0
0.0
0.0
0.0
0.0
0.0
9.65914634983422e-09
9.848682152953824e-09
9.047339870153756e-09
0.0
0.0
0.0
0.0
6.032016606854258e-09
1.9615089513983367e-08
8.756024049732737e-09
9.49439424423798e-09
1.0549031502032228e-08
1.3141825794529299e-08
0.0
0.0
0.0
0.0
1.9795587160971397e-08
0.0
0.0
0.0
8.525273419268072e-08
8.267192663806556e-08
-7.086980156281536e-09
9.405235903000577e-09
9.405235902464968e-09
5.181808080911527e-10
9.896631722461358e-09
0.0
0.0
9.870852255343252e-09
9.870852254550515e-09
9.664134419762232e-10
0.00045544714251328377
0.0
3.1124044050119666e-09
9.977478030828665e-09
9.972858518488448e-09
9.972858513623566e-09
9.90514972184402e-09
9.905149718875249e-09
9.950410684725372e-09
9.950410680438171e-09
9.864581761290174e-09
0.0
9.864578635059406e-09
1.0981490275217158e-08
0.0
0.0
9.172147973643754e-09
2.0154821479831074e-09
2.970681149764556e-08
9.911137643925859e-09
9.911140757060122e-09
9.569380270829653e-09
9.927905280262313e-09
9.927905279230771e-09
9.927908403745596e-09
9.867730110907264e-09
9.634036933369003e-10
6.169952366970669e-08
6.169952367371205e-08
6.169952366260819e-08
-3.494364179116487e-11
0.0
0.0
0.0
0.0
0.0
0.0
2.286254442977568e-08
2.013873917757074e-08
1.2722726309198213e-10
0.0
2.6349368873426335e-09
0.0
0.0
0.0006400066649518976
0.0
0.0
0.00016696720414211986
0.0002756238433540432
0.0
0.0
2.373572853686317e-06
2.363755027879862e-06
9.817825805472663e-09
8.691046378511296e-10
8.690379144331272e-10
0.0
0.0
0.0
-2.405573570202213e-19
0.0
0.0
0.0
0.0
-1.0290764117584783e-11
4.482396270661819e-09
4.4823954885536785e-09
0.0
0.0
0.0
0.0
-7.643997786062643e-09
1.0124364380078475e-08
-1.692528721342068e-10
0.0
0.0
3.9804412238109555e-06
3.1208955837087758e-15
6.169952367187336e-08
6.930025730514605e-08
6.930025730513295e-08
9.78393392300928e-09
2.6288871496459215e-09
1.7536774828346124e-08
5.4763595314308736e-11
4.482815874310482e-09
0.0
0.0
7.24629257769712e-11
4.978132832937761e-08
3.011676299399249e-08
0.0
2.3048117131877256e-08
0.0
0.0
1.5816123803335123e-08
0.0
0.0
2.0842091450677278e-08
7.608622265894752e-08
-8.308012404407663e-10
4.220141185719707e-08
0.0
-8.32396179460618e-10
4.220037219532758e-08
1.0782007591660935e-07
7.262949824888432e-09
0.0
9.89662860510312e-09
9.896628606897995e-09
0.0
1.0054363825360471e-07
0.0
0.0
0.0
0.0
0.0
0.0
-2.7174793448478396e-12
0.0
0.0
0.0
0.0
-0.00011462230296288567
0.0
3.6596484386995666e-09
0.0
0.0
0.0
0.0
1.806508512325209e-10
0.0
0.0
0.00011431265598564093
0.00011431265598403848
0.0
1.745527437174493e-08
8.116599785379954e-18
-2.254396655762024e-08
-2.254396655649877e-08
0.0
0.0
0.0
3.387283497383544e-06
0.0
6.794209658367554e-07
0.0
0.0037049997559295907
0.00024349082003856075
0.0
0.0
0.0
0.0
0.0
0.0
0.0
0.0
0.0
0.0
0.0
6.794765420660251e-06
0.0012811942749307325
0.0
6.259857803468769e-06
1.6962168812891335e-07
1.3035735680743538e-07
-2.024424841217537e-08
-2.4226181045523484e-08
-8.877504035352221e-09
-9.90224212956553e-10
-1.3215623611070577e-09
-1.8911131245997816e-06
-1.8860841671650608e-06
0.0
0.0
0.029158097938883222
-6.298989623084936e-12
0.02915809802192047
0.0
3.3875429846141296e-06
9.779235237477965e-09
0.0
2.5126031412079353e-09
7.417016322519683e-09
1.0230589414698998e-09
0.0
-1.0047006927950288e-09
0.0
0.0
2.984643536852805e-08
9.818597324073863e-09
0.0
0.0
0.0
0.0
2.8879565278969704e-08
9.699857466232864e-10
0.0
0.0
-9.403561998495109e-09
0.0
0.0
5.295242977280436e-09
0.0
1.912389407824572e-07
9.971543846023673e-09
0.0
9.974698925207411e-09
0.0
9.982358840254958e-09
9.922456638284668e-09
1.479485175437721e-08
5.907789180129972e-08
4.10185864807878e-08
9.943685177869817e-09
0.0
9.943386355955934e-09
0.0
9.920870981489227e-09
3.355940074595772e-08
9.984409668627414e-09
6.737204392431921e-10
9.984979759092036e-09
0.0
9.979481589579651e-09
0.0
9.979526140985274e-09
0.0
0.0
0.0
0.0
0.0
0.0
0.0
0.0
0.0
0.0
0.0
0.0
0.0
0.0
0.0
0.0
0.0
0.0
1.3678661340890832e-07
0.0
0.0
0.0
0.0
4.251800879316295e-12
4.251688481128855e-12
8.504792564181361e-13
1.984208460517182e-12
3.1179498738617732e-12
1.1339529925816938e-12
5.669414871330062e-12
3.4018067044744535e-12
2.2678918561791775e-12
4.5356378103853594e-12
0.0
0.0023316108130747
0.002331617475490446
0.0
0.0
-9.946363607737929e-09
9.962800961298589e-09
9.964987485325112e-09
-9.225166019977138e-09
0.0
0.0
0.0
0.0
0.0
0.0
0.0
0.0
1.8476227254494694e-08
9.812265269690558e-09
0.0
0.0
9.792242502838739e-09
0.0
0.0
0.0
9.823578933317558e-09
0.0
0.0
0.0
0.0
1.1580386314553402e-08
5.075094226290662e-09
1.0644001364075717e-09
8.221848740957941e-11
8.221848896150519e-11
1.036252807720134e-09
2.6802373390487876e-07
0.0
1.963602034584234e-08
1.963706027277684e-08
1.4431605757699613e-08
0.0
0.0
0.0
0.0
0.0
0.0
0.0
0.0
1.9632899574004376e-08
9.78770251688064e-09
1.9633940358922763e-08
1.9632900329376166e-08
0.0
0.0
0.0
0.0
0.0
3.1026019194072117e-10
0.0
7.047974090828984e-11
0.0
0.0
0.0
0.0
6.23077318597513e-09
1.3796394706217585e-06
0.0
6.441866337479057e-09
1.839673133833006e-09
0.0
0.0
0.0
0.001084505971936062
9.754068823281661e-09
0.0
3.621458117151056e-10
0.0
0.0
7.792851198766572e-09
0.0
0.0
9.480627969262975e-09
1.707853944929924e-08
3.0195311627194804e-09
9.845196679289303e-09
9.845196299885255e-09
3.621880573234648e-10
0.0
0.0
0.0
9.796681732859417e-09
0.00010847606695906634
0.0
0.0
0.0
0.0
5.4821762313786727e-08
0.0
0.0
8.057735115283507e-09
9.845823384672589e-09
0.00011441767286818634
-0.00010829456062616994
-0.00050655973862099
0.00048291997990359544
3.1232026398515035e-15
-0.00039213222196641205
-9.521686254927199e-08
1.110327914399622e-08
0.0
1.6735275521915833e-09
0.0
0.0
0.0
0.0
0.0
1.1103284555674246e-08
3.0180509827998535e-11
0.0
0.0
1.6735365317688336e-09
1.2107677557720099e-08
0.0
0.0
0.0
0.0
0.0
1.7731479252655845e-08
0.0
1.073121532893839e-08
0.0
1.6409228845024878e-09
2.6005366329495762e-09
0.0
0.0
8.731640303194525e-09
0.0
0.0
9.009432708155119e-10
0.0
6.150649852279533e-09
6.15064985232019e-09
9.783933948993923e-09
7.815355164575815e-09
-5.946362036778757e-07
0.0
0.0
0.0
0.0
2.226214352264846e-08
0.0
0.0
0.0
0.0
0.0
0.0
0.0
0.0
0.0
0.0
0.0
0.0
0.0
3.089873309216857e-08
0.0
0.0
0.0
0.0
0.0
1.3501932448441564e-10
0.0
0.0
0.0
0.0
0.0
1.713143942099362e-08
0.0
0.0
1.4903610346593816e-08
1.714051769433749e-08
2.219766050083987e-08
2.0759124663827477e-08
0.0
7.990012004509044e-09
6.13330676037245e-09
0.0
0.0
1.2780586969295384e-08
8.704860557416996e-09
0.0
0.0
0.0
0.0
9.755574724538296e-09
9.754564140018176e-09
0.0
-1.4158751040984224e-06
0.0
0.0
0.0
3.6529842592520954e-08
9.75685496285017e-09
-9.756854989413123e-09
9.785649963540934e-09
9.785649950078135e-09
0.0
0.0
0.0
1.0987877705563592e-05
0.0
0.0
-1.2665371233973116e-07
-0.0015648451618286495
4.7744895272988334e-08
3.0906218857195284e-07
0.0
0.0
0.0
0.0
8.718090135968271e-09
7.425155437361146e-09
0.0
0.0
0.0
9.932988653981977e-09
1.026324173804806e-09
-9.832805700086059e-09
0.0
1.5267285783536604e-09
0.0
2.5647627957175445e-11
0.0
0.0
-9.601028715111593e-09
1.444361680602154e-08
9.969411974177023e-09
9.969411681278774e-09
0.0
0.0
-1.6827063160813893e-06
1.702438132745204e-06
9.960695857697249e-09
-7.349038130355454e-08
0.0
0.0
-8.423008215061902e-09
1.1782054381046603e-10
1.7306883111642496e-08
0.0
0.0
9.719514642994666e-09
2.6906895368272386e-08
1.238532841482762e-08
0.00011441767287130911
9.854914466617994e-09
0.00011441767287443773
9.854914476949784e-09
1.1781804552430372e-10
1.73068755477525e-08
0.0
0.0
9.719508671566566e-09
2.6906887709748608e-08
1.238532203609856e-08
4.5810969143227586e-08
6.824554071751913e-07
9.930035999184733e-09
0.0
-1.5772941795118215e-08
3.6384921776008284e-08
0.0
4.471491573692585e-08
9.974450598804196e-09
-5.201472461253964e-08
6.339794003272156e-08
-1.5237535628851396e-07
1.520060425760782e-07
0.0
4.231189340954747e-10
2.1595070224660626e-07
8.233559263286181e-07
2.350325129237409e-10
6.629575213480858e-10
9.55583379550873e-09
3.3590696932943504e-08
0.0
0.0
1.2013765513311845e-11
4.352541614209204e-08
-1.0280518366642239e-09
0.0
1.8468104099837568e-06
6.005913116772411e-08
0.0
-8.115918603834871e-08
-7.179382202612842e-08
0.0
9.631085756964145e-09
0.0
5.6687796423128545e-09
0.0
0.0
0.0
0.0
0.0
9.905454919025756e-09
9.905454914621294e-09
0.0
0.0
0.0
0.0
0.0
5.184481293682995e-09
1.0525643243025143e-08
-1.6243328421782973e-10
0.0
0.0
1.745527386671057e-08
0.0
-1.0667396588666014e-08
9.718437511087774e-09
9.71843751198987e-09
9.718437509170091e-09
9.718437510188139e-09
9.718437610217734e-09
3.3030662440569356e-08
1.578313879768402e-10
0.0
0.0
0.0
5.9592596319194844e-08
0.0
0.0
0.0
1.506053604641836e-07
1.0659458637575141e-08
0.0
0.00024270197731660512
-0.00012123760271725926
0.0
0.0
4.9129912476515635e-09
0.0
0.0
0.0
0.0
0.0
2.080080792627025e-08
0.0
1.954261747473599e-17
1.0273643765647906e-09
9.934064178190449e-09
9.934064177600371e-09
0.0
0.0
9.099405455250499e-10
1.0642880871175975e-16
0.0
0.0
0.0
0.0
0.0
-8.788292110532836e-09
0.0
0.0
-9.848427875544828e-09
8.111648882471915e-08
2.951108389025316e-08
0.0
0.0
4.992535969820419e-17
-4.920932399525878e-07
5.207808624034038e-07
-1.529990180248734e-09
0.0
2.0800807956564283e-08
2.0800807948338985e-08
0.0
0.0
0.0
-4.214206294339893e-09
0.0
0.0
0.0
-4.208804961258793e-09
0.0
8.788287009188762e-09
-6.938893903907228e-18
0.0
-8.855449935796597e-09
9.467036410132651e-09
0.0
2.0800807940063307e-08
0.0
0.0
8.116275364465171e-08
7.139864096341393e-08
9.764112600917085e-09
0.0
0.0
0.0
5.032005436302985e-08
0.0
0.0
0.0
0.0
8.075603511470201e-09
4.2165349765274286e-08
0.0
9.796272354536993e-09
0.004217373129520028
0.0
0.0
-5.686227127089322e-05
9.487772026795654e-09
0.0
9.487772028291334e-09
0.0
0.0
0.0
0.0
2.4326279433550487e-09
9.773491210784968e-09
1.2881855908499065e-05
0.0
-6.520526302966307e-10
-9.912001777109868e-09
-9.912001777191183e-09
0.0
0.0
0.0
-9.73880500982488e-09
-8.855449935797656e-09
0.0
0.0
0.0
0.0
0.0
0.0
0.0
1.67953478348443e-10
9.822188539289639e-09
1.2749792271102966e-09
0.0
0.0
2.7097492605104085e-07
0.0
4.029406466805094e-06
-3.999909898525002e-06
9.920783788008522e-09
9.853784566066061e-09
9.853746095337193e-09
4.501422816754421e-08
3.3820425451562344e-08
0.0
0.0
9.930036015681765e-09
0.0
0.0
0.0
1.9402901129839053e-08
-0.0012832645738188077
0.001283313684140856
9.929968847188775e-09
1.0667313320592605e-08
-1.7358602277471205e-09
0.0
0.0001213389136518649
0.00012135768647325583
0.0
1.9516864997109396e-08
9.76355373859136e-09
0.0
9.664752111002107e-09
-9.664752110622636e-09
5.073454409671792e-09
1.7358602201174627e-09
0.0
9.853823050741677e-09
0.0
0.0
0.00013075838301928051
0.0
0.0
2.6206229181988274e-07
0.0
2.329350718770872e-07
0.0
0.0
1.9603936307190187e-08
1.6114378301193769e-09
-8.90524270991122e-09
0.0
0.0
1.1446148463557165e-08
2.4242796010428767e-18
7.584512371421993e-10
7.58451242372261e-10
-1.3154231648186533e-07
1.1508869178346406e-16
0.0
9.94569698285494e-09
9.944170812199995e-09
-9.403562229511487e-09
0.0
0.0
-4.198097219246938e-14
-8.079750726548013e-09
0.0
0.0
1.9554802438550705e-09
0.0
1.3006492020559146e-10
1.6530805458029308e-18
-1.2446892135031806e-08
-1.44023723771744e-08
0.0
0.0
0.0
9.90900579209921e-09
9.932818589634253e-09
1.0972603535424948e-09
0.0
0.0
0.0
6.441820107840525e-09
0.0
6.4429990292364745e-09
0.0
0.0
6.44182670289432e-09
6.416933889376928e-09
0.0
1.6739153931067168e-09
0.0
9.909005393993198e-09
-1.256306586538969e-10
3.395456906460016e-12
9.786523081014136e-09
8.85139054216409e-10
0.0
0.0
9.801028222084646e-09
9.78374239915964e-09
8.824597868085283e-10
0.0
9.801028369663434e-09
0.0
0.0
6.4418598369059136e-09
0.0
0.0
0.0
2.3334951735707365e-08
0.0
0.0
-4.612381517660852e-08
9.605534968614588e-10
0.0
0.0
0.0
0.0
0.0
0.0
0.0
0.0
-1.5926013287258014e-07
-1.6870395634395745e-07
2.680237337104121e-07
4.9616447605756e-09
4.9616447617140125e-09
2.4816015634605886e-07
3.39352307837011e-08
0.0
7.147583519698684e-08
7.492395488750692e-09
0.0
0.0
-6.945000901731335e-07
0.0
0.0
1.9753949143108684e-08
9.906761957789246e-09
-7.127489778121056e-07
0.0
2.4056553530902882e-08
2.4816015574855706e-07
1.5905035086390763e-08
1.0602554640751858e-09
-5.936863635685324e-09
1.0635081744214476e-09
0.0
0.0
1.993920445969987e-08
1.0597626037005026e-09
-9.372971901324574e-10
4.975948630557244e-07
0.0
1.9153910700196386e-08
9.748674796656103e-09
9.748674796128225e-09
0.0
0.0
-9.840646336158314e-09
0.0
8.832560579541761e-08
8.776323651293058e-08
0.0
-6.648931405450753e-12
