0
0.0
2.9208320043395313e-09
0.0
0.0
6.859679379557818e-09
0.0
0.0
0.0
1.5830773901005926e-09
1.9428668084892297e-08
0.0
5.685799831164241e-08
0.0
0.0
0.0
0.0
0.0
0.0
0.0
9.799313800008642e-09
0.0
0.0
0.0
0.0
2.055133275864327e-07
0.0
0.0
0.0
7.456271132417812e-09
0.0
0.0
0.0
0.0
0.0
0.0
0.0
0.0
0.0
1.9788097476126265e-08
0.0
0.0
0.0
0.0
0.0
0.0
1.1799608943868026e-10
0.0
0.0
0.0
0.0
2.0994807987619116e-21
0.0
0.0
0.0
0.0
0.0
0.0
0.0
0.0
0.0
0.0
9.74842118140491e-09
9.833000380351807e-17
0.0
9.879268586367087e-09
0.0
0.0
0.0
0.0
0.0
0.0
0.0
0.0
1.0155106595043095e-10
8.59748564514912e-12
7.279444259432513e-10
0.0
0.0
1.4324447159123538e-08
0.0
0.0
1.0155076779483352e-10
0.0
0.0
0.0013236551616853092
0.0
2.166100349938942e-08
0.0
9.591808609588804e-09
0.0
0.0
7.8047023792337e-09
0.0
3.9803856703282295e-08
-3.9790028227154606e-08
9.580724556507483e-09
0.0
0.0
0.0
0.0
0.0
0.0
0.0
0.0
0.0
0.0
0.0
0.0
0.0
0.0
0.0
9.871082582308073e-09
0.0
0.0
0.0
0.0
0.0
0.0
0.0
0.0
0.0
0.0
0.0
1.971220509398563e-08
0.0
0.0
3.2294100655860802e-06
-3.2383952303967215e-06
0.0
6.973125938851102e-09
9.723372091098516e-09
0.0
0.0
9.738243919032393e-09
3.945173370407746e-09
0.0
9.858995841609274e-09
8.49279772761152e-06
9.546613050124028e-09
0.0
2.6883925010666267e-09
0.0
0.0
9.393932701822594e-19
0.0
0.0
0.0
0.0
0.0
0.0
0.0
0.0
0.0
0.0
0.0
0.0
0.0
9.846706972973023e-09
0.0
0.0
0.0
4.676716511123331e-15
0.0
-0.00021980443948386468
0.0
0.0
0.0
0.0
0.0
0.0
0.0
0.0
0.0
1.2898800721703942e-07
0.0
0.0
0.0
1.8470063239491346e-08
0.0
0.0
0.0
0.0
5.167275567989318e-09
0.0
8.933605136661469e-06
3.939827291129047e-08
0.00131377160133303
2.723104938383103e-08
8.542687410608916e-08
0.0
0.0
0.0
0.0
0.0
0.0
0.0
0.0
0.0
2.5543524294131636e-07
0.0
0.0
1.2284002467802637e-09
1.978432113713405e-08
0.0
5.262927954681135e-09
3.808119981461508e-09
1.5295976609850867e-08
0.0
1.0037785894147775e-08
0.0
8.064033532236088e-09
1.0239735046842564e-08
0.0
2.8738314064377554e-09
0.0
0.0
0.0
0.0
0.0
0.0
0.0
0.0
0.0
0.0
0.0
0.0
0.0
0.0
1.1544967373779763e-18
9.401556839069487e-09
0.0
2.2289724545312743e-09
1.6924844381207725e-10
0.0
0.0
9.834448471735586e-09
1.3487485271430205e-11
9.805297838612533e-09
2.6641709222776744e-12
9.649822714771715e-09
0.0
0.0
4.9390696896681974e-11
2.8982430158526085e-06
0.0
0.0
0.0
0.0
0.0
6.372270364760485e-21
0.0
-0.0013267762424877816
2.6743705660744698e-24
0.0
0.0
0.0
0.0
0.0
0.0
0.0
0.0
0.0
6.013135571694195e-07
0.0
6.774553833135003e-09
0.0
0.0
0.0
0.0
0.0
0.0
0.0
0.0
0.0
0.0
8.78172859822823e-09
0.0
2.1586390005292198e-10
0.0
0.0
6.330941888522783e-09
0.0
6.97022832090352e-09
-9.564404018509286e-09
0.0
0.0
7.004467955008066e-12
9.564404917800778e-09
2.360930357156529e-17
0.0
-1.6279468062225383e-10
0.0
0.0
0.0
0.0
0.0
0.0
9.834835270796018e-09
0.0
0.0
0.0
0.0
1.0504835399363957e-08
0.0
9.911062833202547e-09
0.0
0.0
0.0
9.580725228743434e-09
0.0
0.0
0.0
3.3887552052663805e-15
0.0
3.9532558901388215e-08
0.0
0.0
0.0
0.0
0.0
0.0
0.0
0.0
0.0
0.0
8.283124055682791e-09
0.0
0.0
0.0
0.0
0.0
6.648760318347935e-12
0.0
0.0
4.105425958575198e-06
0.0
0.0
0.0
1.0318575134853177e-09
-1.5830773866650708e-09
-1.5830773831583544e-09
-1.9428668084943423e-08
-1.9428668084726583e-08
0.0
9.990246120035905e-09
9.993916112777e-09
7.454217347502567e-10
7.515376643039693e-10
9.97987376820473e-09
9.889048693745559e-09
9.88904864045832e-09
9.979873981344756e-09
9.987466758968174e-09
9.993916588494366e-09
9.993706391122215e-09
3.9985571751962073e-10
2.2565754552897477e-08
0.0
0.0
0.0
0.0
2.0694592478570955e-08
0.0
1.3381238889694929e-08
2.1236097877473436e-08
2.0651750126887582e-08
0.0
1.6373365681772189e-09
0.0
4.203888275149952e-09
4.576830830543958e-09
0.0
1.3467485070523682e-08
0.0
0.0
3.49858541765981e-09
0.0
9.104017624925477e-09
0.0
0.0
0.0
0.0
0.0
0.0
0.0
0.0
8.601415987325261e-09
0.0
1.0326528301135963e-08
0.0
0.0
4.930860878679253e-08
0.0
0.0
0.0
1.2317685826339824e-09
-5.610485562996321e-10
2.055133275642595e-07
9.993508154901645e-09
7.431218641653487e-10
7.511294962916572e-10
1.5215694355174602e-09
0.0
2.1207345116179003e-08
2.1516251816544886e-08
2.120976706221602e-08
0.0
0.0
2.4755773171426866e-08
0.0
0.0
0.0
0.0
9.974954940406706e-09
9.974561242499167e-09
-1.9593798939119976e-07
2.0551332757980556e-07
0.0
1.9958224027363824e-08
1.9972587173441216e-08
1.9987425212881593e-08
1.9986996370244538e-08
1.5209647820173776e-09
-9.746961322581148e-09
2.1206739852390833e-08
2.2415952150023344e-09
2.120916140681582e-08
-8.520943868030317e-10
0.0
2.475516680533474e-08
0.0
-9.504645293034741e-09
-9.502223968466757e-09
-9.499792445093538e-09
1.5203601284700214e-09
0.0
2.1206134648364706e-08
2.2409874083152465e-09
2.120855580162432e-08
0.0
0.0
2.4754558299209062e-08
0.0
0.0
0.0
1.99542483121056e-08
0.0
9.988172126787053e-09
7.364856766280675e-10
9.799313774917705e-09
0.0
0.0
6.020830331562215e-08
0.0
4.854854137005283e-08
9.992234652242795e-09
-2.85614023029946e-07
1.8739378195304472e-10
9.417643461948066e-09
2.9208317448832095e-09
9.790809341350367e-09
0.0
-9.970703326488888e-09
3.7695059021935584e-05
0.0
1.721013222499527e-07
0.0
1.4267583274313784e-07
0.0
3.697594536684077e-08
5.63867132061367e-10
1.3912058751881975e-08
0.0
0.0
0.0
1.4503121121004317e-08
1.1440579319860935e-18
6.61252843330621e-08
6.693648908919152e-08
1.0063885543803851e-06
9.957904535606552e-09
9.916985654806321e-09
-1.8620960474384664e-07
-1.712328355880314e-07
-1.6155354043209426e-07
-1.6565172994461504e-07
-1.6568363588250837e-07
-1.5775984387204553e-07
-5.8108133563712555e-08
4.030249556308263e-08
9.916985547040765e-09
6.763437156073256e-10
3.1739421795808596e-07
5.36215191789726e-10
5.362152071113415e-10
0.0
0.0
0.0
1.4091180000963051e-05
1.978809747619233e-08
5.647752127944001e-10
-1.9788097476168597e-08
1.9951602437256587e-08
7.209537623145966e-10
3.0614214573540945e-08
0.0
2.9908770409624e-08
9.95716796963256e-09
1.8507407604684803e-08
1.8507407561592117e-08
0.0
1.1692457536799856e-07
0.0
3.0607602088624625e-08
0.0
9.94620661099834e-09
7.049813460597243e-10
9.97491043298141e-09
9.974910401406154e-09
9.97309234474506e-09
7.313324574164037e-10
9.973092357945884e-09
1.858649074103257e-07
1.7123281840711324e-07
1.6155352121349775e-07
1.5609018747473164e-07
1.6568361203654885e-07
1.1985851933578534e-07
4.704101058108836e-08
3.473620748730018e-08
-4.482217795244393e-09
2.822178347171982e-08
1.1799635727886082e-10
2.558508960248673e-13
0.0
2.30307181521967e-05
2.3030718408066815e-05
-1.8818470584507702e-08
0.0
3.7433571530411036e-05
0.0
1.7240306667781645e-07
2.5664236965749932e-08
1.498242866502053e-08
1.3818038869405926e-07
5.990327738717065e-13
0.0
9.903498677924817e-09
0.0
-1.5010957586580204e-07
1.5972674067114012e-07
5.808761111003591e-11
9.539427097434544e-08
0.0
0.0
1.2976063554175245e-07
9.992292656225542e-09
7.501520110433044e-10
0.0
0.00022132749144054825
9.790888554797556e-09
0.0
0.0
0.0
0.0
0.0
4.810976911447627e-08
7.51254142766295e-10
0.0
0.0
9.983406796118149e-09
9.986270920732077e-09
0.0
0.0
0.0
8.354283217861095e-08
8.658720986672204e-08
9.306275637073415e-08
1.2103140779329401e-07
0.0
0.0
9.541133605015099e-10
0.0
0.0
2.8680075649053882e-08
0.0
1.2436277412027569e-08
2.5621194313402414e-09
0.0
1.7116458356537313e-08
0.0
0.0
3.624223678494714e-08
9.98462920633995e-09
2.196571651344145e-08
3.9836457443939666e-08
0.0
0.0
0.0
1.3963986055404709e-08
9.102343928767714e-09
-1.8507407741866384e-08
2.09350067495728e-21
6.859932718608945e-09
6.720168046647415e-08
8.658720864614042e-08
-7.707303262004204e-08
0.0
9.958036080296752e-09
7.165753052072965e-10
0.0
0.0
1.0262631572924829e-08
9.98014039055447e-09
3.3340006699855707e-08
-5.99421199967698e-08
0.0
0.0
5.45795355288719e-08
0.0
0.0
0.7672437786942954
-0.7672437540853234
0.0
6.928107106837098e-10
2.410924817467828e-10
-1.9712205064754094e-08
1.9954215315847e-08
0.0
0.0
9.789002630364313e-09
4.963267539519987e-09
9.747162337897354e-09
9.747162437422074e-09
3.4514370088174103e-07
3.4514370076547406e-07
9.985926534999447e-09
9.985926386301119e-09
9.747162538036036e-09
9.747162336338238e-09
5.099642174900577e-10
0.0
9.37643213764983e-09
0.0
0.0
1.9191279677280377e-08
0.0
1.1720249399953387e-08
0.0
0.0
0.0
8.870686407899281e-08
0.0
1.9919298210879788e-08
9.973092361428737e-09
-6.743271029110624e-10
3.778199815006313e-11
0.0
0.0
5.7106728919005697e-08
9.979244979655706e-09
9.993456395740452e-09
9.99053751664285e-09
2.0632691524712298e-08
0.0
0.0
0.0
0.0
0.0
0.0
1.2857112094111916e-15
0.0
0.0
0.0
0.0
2.642308185914169e-09
6.267891579771594e-10
2.3664507004190383e-08
1.8607196653659655e-08
0.0
3.7443186737051393e-05
0.0
1.6976076422842194e-07
2.503745341071548e-08
0.0
1.19573197985782e-07
0.0
0.0
-9.748421219563097e-09
3.8164483299414703e-07
4.3243481260850675e-08
0.0
8.332464374688763e-07
8.431257060960764e-07
8.332464375908936e-07
8.332464375097042e-07
8.332464375094544e-07
0.0
0.0
0.0
2.2451453543012675e-07
2.2456059126570563e-07
-9.74842118139918e-09
-1.6321697616903828e-10
0.0
0.0
1.66286419030854e-05
-5.284519230932754e-10
0.0
0.0
2.263168236746945e-07
1.683498768793813e-05
7.443856386576437e-10
2.9631934901284794e-08
9.912449156777213e-09
9.912449056453952e-09
6.718981556390413e-10
5.8246859892256566e-09
0.0
0.0
0.0
0.0
0.0
2.092495481933558e-08
9.966430040759963e-09
0.0
0.0
0.0
0.0
-3.907231880119315e-08
0.0
0.0
0.0
1.9409547229588096e-08
0.0
-6.208713572547465e-08
0.0
0.0
0.0
3.23148988086276e-07
0.0
-2.9592371930675654e-07
9.949707624253861e-09
0.0
2.5348178018009042e-08
9.746094548155476e-09
0.0
0.0
0.0
0.0005874006480224354
8.957190589194755e-10
8.957190223367849e-10
0.0
0.0
0.0
0.0
0.0
0.0
9.147786168048536e-09
0.0
9.928722257054487e-09
9.930449421102772e-09
0.0
1.4632066215045124e-08
4.9632665156724216e-09
4.9632663627066035e-09
4.332195550407594e-10
9.668796950579317e-09
0.0
0.0
0.0
0.0002528896724782217
0.0
5.685799831478021e-08
0.0
-0.00025288957092715577
0.0
0.0
0.0
0.0
0.0
-7.323960779141974e-10
2.0551332751406325e-07
0.0
0.0
0.0
0.0
8.99780128824816e-06
0.0
8.988027325051312e-06
0.0
0.0
0.0
0.0
3.1047123463160874e-08
0.0
0.0
0.0
0.0
9.880957839391142e-09
0.0
0.0
0.0
0.0
5.7106728731064895e-08
9.971959924470752e-09
0.0
1.4342316157921688e-08
-5.017210766641315e-09
0.0
9.577938434783739e-09
0.0
1.7481824849320124e-10
9.98152327812733e-09
9.981523252681687e-09
4.62632020083464e-17
0.0
2.2876951117543488e-06
2.2976310763936267e-06
6.949435969473427e-10
0.0
0.0
0.0
5.337539271128907e-08
0.0
1.7774361847102047e-08
2.5980063593245076e-08
3.014949661660261e-09
-9.569848913315582e-09
-9.424831850938023e-09
5.337537649265366e-08
0.0
1.7751445501143666e-08
2.59800400844736e-08
0.0
0.0
0.0
0.0
9.98276189563183e-09
0.0
4.387256097006414e-09
-0.0013236551616853092
-0.0013236819915066565
0.0
3.1053501399072096e-07
0.0
3.0137419950925266e-07
0.0
0.0
0.0
1.1632900833513537e-08
4.144797391624716e-08
0.0
0.0
4.615071401894941e-08
4.6150713931801025e-08
4.6150713891886365e-08
5.574252254880093e-08
4.6150713939087964e-08
0.0
0.0
0.0
8.510287974462535e-09
0.0
0.0
7.804697698884921e-09
0.0
0.0
0.0
1.2046509568156778e-07
-1.3640491171326252e-07
0.0
2.8456490438695404e-10
1.5655232385349948e-08
4.6728812772877014e-15
0.0
7.804688299719448e-09
2.2992049554345713e-05
0.0
9.9726075115121e-09
9.9726074202742e-09
7.910059167410639e-09
0.0
0.0
2.8464183625206676e-08
1.1198403717093337e-08
5.56625658118995e-09
1.2821148160524963e-08
0.0
2.673367246502131e-09
2.4789304357572565e-07
3.979002822750697e-08
2.4787921509994653e-07
0.0
-3.30280582924156e-08
0.0
0.0
-3.469907661713579e-10
9.939416770506972e-09
9.939416739476704e-09
8.445910708028313e-10
9.846012343140531e-09
6.618457306624596e-08
9.846012306274176e-09
6.067987659117104e-10
0.0
2.3613406059934183e-17
0.0
0.0
0.0
0.0
9.85612625444953e-09
0.0
0.002618962561455237
0.0
3.4114959579394384e-05
0.0
0.0
2.1862132256902709e-07
1.5276099905104394e-08
1.5276099905104394e-08
9.983294340981238e-09
1.0901615205179127e-07
-1.0263066645924829e-07
0.0
0.0
0.0
0.0
0.0
1.998723741375022e-08
9.993503313938945e-09
9.900040885450835e-05
0.0
4.1569941594261125e-06
5.675255688375569e-06
0.0
0.0
0.0
4.17789039525495e-08
7.026701429784713e-10
7.515644517422078e-10
9.889048747070323e-09
2.02729354257101e-08
-6.009534340808959e-10
9.634723387013833e-09
-4.738023657601942e-08
0.0
3.105342285555853e-08
2.1055539206127074e-08
0.0
2.229334294823195e-08
2.150962956824034e-09
0.0
0.0
0.0
0.0
9.981523402911603e-09
6.628723913856024e-10
7.441721545452685e-10
0.0
1.1277143191147705e-07
1.9970261064706187e-08
9.984069021670098e-09
9.936245736478997e-09
1.1414920247681187e-09
6.545430221670972e-10
6.545430129038047e-10
5.544494627563967e-08
0.0
1.1414921340751857e-09
0.0
9.993595366089827e-09
1.9986491973054323e-08
9.9928958746014e-09
1.9954238927866186e-08
0.0
0.0
0.0
5.462164628099344e-10
9.784172774139057e-09
-6.856927228856144e-10
0.0
2.7152629978487014e-11
9.226145152871091e-17
9.974955078730643e-09
0.0
0.0
-9.957946520209975e-09
0.0
0.0
7.607566798031722e-11
7.607046979463966e-11
7.607539129159308e-11
-1.5741364911354332e-11
-7.104505785754389e-16
9.590123744473686e-09
0.0
0.0
9.975844651490256e-09
9.978377191483293e-09
0.0
0.0
6.85967931653177e-09
0.0
0.0
-6.38378239159465e-16
0.0
0.0
7.511077053157863e-10
1.9985981754932595e-08
7.505650305868759e-10
1.9859677441081674e-08
0.0
0.0
9.846437010002445e-10
0.0
3.675642680054868e-11
6.88312358424137e-09
7.189199294204075e-09
0.0
2.6818832881043905e-09
9.871082588472357e-09
3.821812658011403e-18
-6.313628030079427e-10
0.0
0.0
0.0
9.799315137115627e-09
1.6572199867883166e-05
1.657219986788319e-05
0.0
0.0
1.807164855530184e-07
9.851993538238802e-09
0.0
0.0
9.994025968998033e-09
0.0
-3.953140239459918e-08
9.926470497892946e-09
6.856390461156833e-10
9.648722203190932e-09
-5.343866398753354e-10
7.303806431993941e-10
9.982293784133916e-09
5.724587470723463e-17
0.0
1.2364556318919868e-07
1.995394054971382e-08
7.299152934583754e-10
0.0
9.886023105774094e-09
0.0
0.0
-9.945183867187887e-09
0.0
0.0
0.0
0.0
0.0
2.9066495848946387e-08
3.122318320315716e-08
0.0
3.0992219199863516e-08
0.0
9.011776280983447e-09
0.0
0.0
2.9455401751647762e-09
3.4537779633716336e-08
0.0
0.0
1.7470473802366626e-09
3.3430338883133827e-10
0.0
1.58910514148227e-10
0.0
3.0753722208077984e-10
0.0
0.0
0.0
0.0
0.0
0.0
0.0
-1.762959080158065e-07
-1.712328241862903e-07
-1.6155352767360798e-07
-1.6565171583797587e-07
-1.5612208617438907e-07
-1.57759826641991e-07
-5.810811512671608e-08
-4.030247398295996e-08
4.9272583052272266e-08
0.0
0.0
0.0
0.0
0.0
0.0
0.0
1.3626699800856187e-05
0.0
1.1536782667585508e-08
0.0
0.0
6.26715013859225e-08
1.0812519125421424e-08
9.859490785325657e-09
9.592737438738528e-09
9.592738017122349e-09
-1.0356065694905561e-08
-1.0356065685231907e-08
-1.6052973625412838e-08
0.0
9.954985257863437e-09
9.954985157717942e-09
0.0
0.0
2.144860791924008e-07
4.7850346109838606e-08
0.0
0.0
0.0
9.935176764064132e-09
0.0
0.0
0.0
0.0
0.0
0.0
0.0
0.0
1.3892131533905166e-08
9.903241808449444e-09
0.0
5.050440847000798e-08
2.805484203349427e-08
0.0
1.0991578945268595e-08
2.5004168676188325e-08
0.0
0.0
9.793915843822616e-09
0.0
0.0
0.0
9.501390205862714e-09
2.6934002288559037e-10
-1.4843258216843246e-10
-0.00020041021445929032
0.0
0.00020039281950785207
5.319081896695714e-10
9.769565783565754e-09
5.319082884924041e-10
0.0
0.0
0.0
0.0
0.0
9.592736858489422e-09
4.963266708708771e-09
9.913364453926963e-09
0.0
4.345206955342448e-07
0.0001233557235222853
-3.2294100654679564e-06
0.00011974006776750571
9.981218797640842e-09
9.981218840477644e-09
0.0
0.0
0.0
1.8511207771052377e-08
0.0
0.0
0.0
0.0
0.0
7.758105818806568e-09
0.0
0.0
0.0
3.330798314937766e-08
0.0
0.0
1.9842178060339587e-08
7.83554955277739e-10
7.835549477047316e-10
7.835551431779027e-10
0.0
7.835553461660221e-10
1.725384769895571e-08
0.0
0.0
2.7453930069596027e-09
6.690566411364068e-09
0.0
2.7453930411797966e-09
0.0
5.907276604712285e-07
5.74074805108941e-07
0.0
2.310584031145159e-06
2.3105840311161982e-06
2.3105840311455674e-06
2.300725035303557e-06
2.3105840312038645e-06
0.0
0.0
0.0
0.0
9.897464521574343e-09
0.0
0.005403278961520922
0.0
0.0
0.0
0.0
5.854395232978523e-07
4.016806575031159e-09
0.0001590934224137113
0.0
0.0
-8.492797727613261e-06
8.468245192451411e-06
9.341650173117926e-06
0.0
0.0
1.992709048616835e-08
9.963912361854455e-09
1.992709039578491e-08
9.963176066504909e-09
9.963176074683899e-09
0.0
-2.68839249950234e-09
0.0
0.0
-9.54661304983272e-09
0.0
0.0
9.769565780183331e-09
6.793081561756598e-10
2.3474618738472675e-05
1.6645929689067427e-08
0.0
9.94165255460965e-09
1.1515211279809756e-05
1.1515211279809768e-05
0.0
1.9687903319698136e-08
0.0
4.699453729245188e-10
-9.963722972253447e-09
0.0
1.4152514206838526e-08
3.102941458537714e-08
4.945165323605888e-08
0.0
0.0
0.0
0.0
0.0
0.0
9.83067251341947e-09
-9.754707558200237e-09
0.0
0.0
0.0
0.0
7.100046535322469e-10
0.0
6.661354421016143e-10
9.251766341451042e-09
9.813727547955593e-09
3.155638042004514e-09
7.072639323480673e-10
3.159215936920842e-07
0.0
3.8934048831663636e-10
1.3952453286552643e-07
0.0012618091064157432
0.0
9.830033496725548e-09
5.911435943662777e-10
1.7939414935630657e-08
0.0
9.851248132739247e-09
9.937082129242479e-09
9.737202877055753e-09
1.1414920151692851e-09
9.737202868107499e-09
9.737202859193953e-09
1.1414920070900822e-09
0.0
6.960387829015133e-10
6.960387645525789e-10
4.734178682320099e-08
9.851248134978852e-09
9.949324072771821e-09
0.0
0.0
-9.846706973013972e-09
2.2304082520071118e-10
2.2304081647649576e-10
0.0
0.0
3.723596566903901e-08
0.0
9.926943263754954e-09
9.926943132093635e-09
9.773016267170017e-09
9.773016234823628e-09
1.357863189928013e-05
-3.3807231888968354e-08
1.1042160228115064e-07
-3.552713678800501e-15
0.0
0.0
1.2010833920332978e-06
4.427954881728532e-09
0.0
0.0
0.0
0.0
-8.188633141730569e-09
0.0
0.0
0.0
0.0
0.0
-4.656302703854897e-08
9.72214036931236e-07
-2.0816681711721685e-17
8.733999040919662e-07
8.831310525657702e-07
4.942797745019898e-10
0.0
8.391969875135811e-09
1.9855183946359664e-08
9.918101797949865e-09
9.918101784300859e-09
6.774377052791587e-10
0.0
0.0
0.0
0.0
9.848317791751483e-09
2.9047320325903316e-08
0.0
0.0
0.00021890500412391665
3.1874659949272504e-08
-0.00011919062952619353
0.00033899506901005855
9.638220670579907e-07
0.0
9.375729840431346e-08
0.0
0.0
7.300800754374527e-10
-9.846706858630642e-09
3.893403397694976e-10
9.964306497962754e-07
1.7157498951051104e-08
0.0
2.9452264415821064e-07
0.0
1.9455906253135468e-08
7.661436986140575e-08
-2.8805398637112706e-09
0.0
0.0
0.0
0.0
-8.911793090022739e-07
0.0
9.95837669997162e-09
0.0
2.410924749330794e-10
2.4109247832185415e-10
-9.528444594106289e-09
0.0
1.4405740517324856e-08
0.0
0.0
0.0
7.370409525449941e-08
0.0
5.932009381721315e-10
9.697498965736268e-09
9.697498956416788e-09
0.0
0.0
3.896248914016558e-08
2.247817741671906e-08
5.422589456901003e-08
0.0
0.0
0.0
-9.12331159083763e-09
0.0
0.0
3.372838284314533e-08
-1.194436412846502e-07
4.2724753830436466e-08
2.618682431294616e-07
0.0
6.696844769133018e-06
0.0
0.0006618898834199129
-0.000661870996957495
0.0
4.7327541026052e-10
0.0
0.0
0.0
0.0
7.908465308732457e-08
0.0
9.993492255944147e-09
0.001262462210449064
6.371134530530632e-07
0.0
1.0677976281839185e-15
0.0
1.9056735904803028e-08
5.185898218191013e-08
9.530282236666422e-10
3.155638195601184e-09
6.79289772170145e-09
0.0
0.0
9.251766495680263e-09
5.619613612073884e-10
9.795783944209566e-10
1.2384397972374675e-08
2.5508539527618933e-08
3.997316488595324e-08
9.992676850041626e-09
0.0
0.0
9.994025162995968e-09
0.0
0.0
4.7134768731129105e-08
2.5888130306603244e-08
8.728397995959113e-09
7.449485651548356e-10
1.7157499033676938e-08
0.0
0.0
0.0
0.0
0.0
0.0
0.0
0.0
2.6144744990080928e-08
1.7306089337884376e-06
9.991136806775103e-09
-1.7206177952263572e-06
1.964052170173507e-08
9.45407678217599e-09
1.983448040423232e-08
-1.783211544360032e-08
-0.0013137914952836788
-0.001319384458981558
0.0
8.542687410095564e-08
-7.591378792945372e-08
-3.9398272911304617e-08
-2.95253317057851e-08
-1.7629591298086225e-07
-1.6166912945614588e-07
-1.519936743631515e-07
-1.5609020172823168e-07
-1.5612209411970635e-07
-1.5775983525697507e-07
-6.760150316961755e-08
-3.0858809317187806e-08
1.9954243618233204e-08
1.7481855364110477e-10
7.331580648598629e-10
7.331580198734437e-10
6.766799526419986e-08
1.6484245263412737e-08
0.0
2.9854013053601606e-08
9.979371591366018e-09
5.368218923158386e-12
0.0
0.0
0.0
0.0
0.0
0.0
0.0
2.6421091783177894e-07
1.2786243975332937e-05
9.651738168725641e-09
1.945703921070463e-08
0.0
9.529327372473514e-09
2.202285662861181e-20
0.0
0.0
0.0
0.0
1.7369264489950465e-08
0.0
1.995293852455371e-08
9.974955118617811e-09
0.0
1.0533533701607489e-11
0.0
9.919054871227155e-09
2.9927893694432614e-08
0.0
1.9952938482354787e-08
1.0189810656289226e-09
7.327721280073273e-10
1.788149631789832e-08
0.0
0.0
2.92322724845806e-08
0.0
0.0
0.0
0.0
9.679268582821199e-09
9.731349055329305e-09
7.564021582413943e-08
0.0
0.0
0.0
0.0
9.99098656356747e-09
7.488723563325873e-10
-8.92076649808499e-06
0.0
0.0
6.263354652706389e-09
0.0
6.263354663697531e-09
6.2633553391645266e-09
-1.6353861206908071e-07
-9.357184436264046e-07
9.355214568788862e-07
0.0
2.3194257020140765e-05
0.0
0.0
2.6858974152716997e-07
-2.458467921653741e-07
-2.554352429434692e-07
0.0
0.0
0.0
6.717017867185049e-10
0.0
0.0
4.4386148551647045e-09
0.0
-6.722203786057462e-08
3.1882795924499026e-07
7.509704741170358e-10
0.0
0.0
-1.2284002466854134e-09
0.0
0.0
1.8080186311076762e-07
-1.042766321735822e-08
0.0
2.8120993533775618e-08
9.992380398810008e-09
1.0526575808606972e-08
1.9412759779401128e-08
0.0
0.0
0.0
0.0
0.0
0.0
1.5101452647148186e-08
1.5101452722415514e-08
9.922705064297627e-09
-9.912248655555289e-09
0.0
0.0
0.0
0.0
0.0
9.912449241367632e-09
0.0
0.00014717019897143483
0.00014716421132580668
-3.808119981542823e-09
0.0
0.0
-1.0037785894145834e-08
-1.0037785894145834e-08
1.17996892884239e-10
1.9414376705739505e-08
0.0
2.3358798712396957e-08
7.392869993400977e-10
9.981207898544301e-09
7.42389696237969e-10
9.98437331768737e-09
1.0636092610836158e-08
0.0
4.3324380089442285e-08
0.0
1.3818029464921796e-09
1.9428668084645268e-08
0.0
7.039468561314146e-10
4.940599747327909e-10
6.6704708778786426e-06
5.027559281685525e-08
0.0
0.0
2.3551481196975764e-06
-2.3632121532220912e-06
0.0
0.0
0.0
0.0
0.0
0.0
0.0
0.0
2.9239210941944577e-10
1.2704181269933193e-08
2.8737994188822445e-09
0.0
-2.8738313194009296e-09
0.0
0.0
0.0
1.8965846221100444e-08
0.0
1.5677689064136458e-08
7.21155331621924e-09
1.5228418000771237e-08
0.0
0.0
0.0
9.133226468197651e-09
0.0
7.480531219005089e-09
0.0
0.0
2.7893555331334307e-08
0.0
0.0
0.0
0.0
0.0
2.2565760115517256e-08
0.0
0.0
0.0
0.0
2.0694598426860677e-08
0.0
8.350554042887783e-09
0.0
7.4498633702868866e-09
0.0
9.6526864335201e-09
0.0
0.0
0.0
9.612743308786118e-09
0.0
9.805232999453406e-09
0.0
9.849443841887048e-09
9.877614973953572e-09
4.538595817038164e-10
4.0594641132281554e-08
0.0
9.98007204829746e-09
1.5903063228591337e-09
0.0
2.390137190395255e-08
2.7369527685793798e-08
0.0
0.0
4.342310611145241e-11
0.0
0.0
0.0
3.9531402365423236e-08
5.685799756890035e-08
1.8830045316854865e-18
0.0
4.4407191031547555e-06
4.479965910130335e-06
6.529793516947892e-10
7.167463439653944e-10
7.167463429342989e-10
0.0
-5.669106083930639e-10
0.0
0.0
9.867972707525869e-09
9.86797270384472e-09
6.283156167391407e-10
2.3555103561458187e-05
-2.2781798149351662e-17
2.4492308168995968e-08
9.989187025872083e-09
9.984090386072903e-09
9.984090365895243e-09
9.976387438680293e-09
9.976387426099428e-09
9.97819976372142e-09
9.978199745614366e-09
9.948702677771547e-09
0.0
9.948702564258196e-09
0.0
6.728354103245068e-09
0.0
9.9172097636855e-09
0.0
1.761820691364828e-08
9.893804873914015e-09
9.893804773716819e-09
-1.6964039922969254e-08
9.939795856973553e-09
9.939795846334296e-09
9.93979596697692e-09
7.1825579878804775e-09
7.1825579871210264e-09
1.9786329644528172e-09
1.978633004185229e-09
1.978632944740031e-09
1.7928476624573964e-10
4.532562805155424e-16
0.0
0.0
1.983929436484298e-08
0.0
1.9839295236382465e-08
0.0
2.2251486442163535e-09
0.0
1.2268800679417235e-08
0.0
1.2066033145845765e-08
1.984602478868137e-08
4.711300134702112e-05
3.635532285226989e-07
0.0
2.6626756203666297e-09
0.0
9.875892840138012e-09
9.878425438845375e-09
5.509202000036823e-05
5.508207067630502e-05
7.080366901935732e-10
6.576093778571942e-10
6.58344482856765e-10
9.883490353043833e-09
0.0
1.1250427762457512e-20
0.0
0.0
0.0
0.0
0.0
0.0
8.581225686151787e-09
0.0
0.0
0.0
0.0
0.0
-9.401556826116737e-09
-5.286327663873325e-07
-1.692484438188535e-10
5.383080803824979e-07
0.0
6.689355473935258e-06
1.4649370478055728e-16
1.9786329844527495e-09
1.6616117430104215e-07
1.7572656401127796e-07
9.970592494842995e-09
0.0
7.547902157882797e-09
0.0
0.0
0.0
0.0
0.0
4.99181108980477e-08
3.019277262261804e-08
1.0870760838381995e-07
0.0
0.0
6.999847626758294e-09
0.0
0.0
1.9846025591464716e-08
-8.829261607720829e-08
1.183247646939934e-07
0.0
0.0
0.0
-5.9546907303575e-10
0.0
2.7969199961305535e-08
4.0047288631101085e-09
1.2781816020449605e-05
0.0
-9.805297839296512e-09
2.6358927852088885e-08
2.3950983612922777e-08
0.0
0.0
0.0
0.0
0.0
0.0
-2.6641709671704206e-12
0.0
0.0
0.0
0.0
-4.2104749464755287e-07
0.0
0.0
1.9839293381285023e-08
0.0
0.0
2.055133275731565e-07
0.0
-9.649822715473034e-09
0.0
3.42376695982379e-08
4.368973017388053e-08
0.0
6.859679358692147e-09
4.322057012374445e-17
7.224461165460314e-10
7.224461670990967e-10
0.0
-4.939066312072127e-11
0.0
0.0
0.0
0.0
0.0026287066099532895
0.0
2.0102429888745358e-07
0.0
1.6810159181979713e-06
0.0
0.0
0.0
0.0
1.6810248581589545e-06
0.0
0.0
1.0420776000625526e-08
0.000353188148774827
6.377384856695326e-05
0.0
0.0
0.00022155888482288763
-1.5169216993626833e-08
6.734732779179753e-08
-1.9746490251097704e-08
0.0
0.0
-5.594519922831744e-08
-9.797827872953162e-09
-2.888547699299087e-06
-2.8015881234910722e-06
0.0
0.0
8.576585323544879e-06
0.0
8.484558922998032e-06
8.332864865181807e-08
0.0
0.0
2.962986093921702e-08
1.9800345871304917e-08
0.0
7.335664805526755e-10
1.0473031563742568e-08
-2.0686443367411393e-10
0.0
0.0
-3.038332291563243e-08
9.960428229926176e-09
0.0
0.0
2.229689210449114e-08
3.724825338105592e-08
0.0
9.967387473329078e-09
2.453157125841407e-08
0.0
2.2464553073932064e-06
2.2464553073932107e-06
7.085298418349765e-10
7.085298572042658e-10
0.0
3.112486354265032e-07
9.992541322648554e-09
0.0
9.99312775242728e-09
0.0
9.993267740628565e-09
9.982293979762273e-09
0.0
5.990640446952039e-08
9.280117073187671e-08
9.98619192816844e-09
1.596813193994186e-07
9.982762108281197e-09
1.4247975618448019e-08
9.972122134278074e-09
0.0
9.9937337415624e-09
1.4613296561628564e-07
9.993456886943059e-09
0.0
9.993595781555492e-09
0.0
9.993491336052839e-09
0.0
0.0
0.0
0.0
0.0
0.0
0.0
0.0
0.0
0.0
0.0
0.0
0.0
0.0
0.0
0.0
0.0
0.0
5.492506332548218e-09
0.0
0.0
0.0
6.968902206915095e-08
0.0
0.0
0.0
0.0
0.0
0.0
0.0
0.0
0.0
0.0
0.0
0.0013267664236559257
0.0013267688345994632
1.2574643062208246e-06
4.009681531264527e-11
-9.766037463963817e-09
9.9787004155746e-09
9.975429532421064e-09
5.557584145419377e-10
2.711559476530699e-10
0.0
0.0
0.0
0.0
-9.945182455339818e-09
1.1626440801530238e-10
7.62543418031675e-11
0.0
0.0
4.8683555211887394e-09
0.0
5.800914975061176e-09
0.0
2.992789366902591e-08
1.5455713228012552e-10
5.832641684986496e-09
0.0
0.0
0.0
0.0
4.796463600624789e-08
4.3160396179212e-08
9.976814898261365e-09
9.945562161108761e-09
9.94556209176628e-09
0.0
0.0
0.0
1.995422951988855e-08
1.9954234230341124e-08
1.4968616442915563e-08
0.0
1.2918377080691023e-08
0.0
4.065531905785954e-06
0.0
0.0
0.0
6.9840979896241215e-09
1.0596346552772693e-08
7.368786301522288e-10
1.9954220084245882e-08
1.995421536624589e-08
0.0
9.900980481254275e-05
0.0
0.0
0.0
5.156819285808279e-08
4.10542595058235e-06
5.678269769736358e-06
0.0
2.8644126528499365e-10
0.0
2.0270795321592407e-10
0.0
0.0
1.3013258866157812e-09
1.0144304381491095e-08
0.0
0.0
0.0
0.0
0.005439365713754549
0.0
0.0
0.0
1.4830614373311754e-10
4.42187898890601e-09
1.1621625288737201e-08
1.6019245143603062e-08
0.0
0.0
0.0
0.0
9.975464460820197e-09
9.975464374673004e-09
-7.039788933327807e-10
0.0
0.0
0.0
0.0
0.0
8.6055397633734e-06
0.0
0.0
4.666194654567775e-08
0.0
4.387302477716907e-09
1.9404832088193047e-08
0.0
8.531762506081636e-09
0.0
-0.0010424670578718497
-1.35786318994829e-05
0.0012618189246325854
1.049969298704132e-16
-1.3577997958657181e-05
1.0774821165924608e-07
0.0
2.2427455179709702e-08
0.0
0.0
0.0
0.0
0.0
9.076577822578946e-09
0.0
0.0
2.2427465717867357e-08
3.806051037156196e-08
0.0
1.2687409618784716e-09
0.0
0.0
0.0
2.715028643049421e-08
0.0
8.729624508146721e-10
0.0
0.0
1.9459291911721005e-08
2.8304992735548732e-08
0.0
0.0
1.766936751961634e-08
0.0
0.0
0.0
0.0
0.0
0.0
3.950797047153065e-09
9.970593085869424e-09
3.954705799370795e-06
-6.013135571203345e-07
2.613889684989094e-08
2.2565748901203832e-08
0.0
0.0
0.0
0.0
2.0694586523015407e-08
0.0
1.3381233223469795e-08
2.1236092179466467e-08
2.0651745945355688e-08
0.0
1.6373309838153352e-09
0.0
4.2038821763823e-09
9.104011859936305e-09
0.0
0.0
0.0
0.0
0.0
0.0
0.0
0.0
1.8965842100586137e-08
0.0
1.5677683863476313e-08
7.211547377702642e-09
1.522841206057826e-08
0.0
0.0
0.0
9.133220769760524e-09
0.0
7.480525098591586e-09
0.0
0.0
2.789354958706677e-08
0.0
0.0
0.0
0.0
0.0
0.0
0.0
0.0
0.0
0.0
9.035375022022693e-09
9.035371832910285e-09
2.055133275371409e-07
-0.005403233760788302
0.0
3.5439028215334885e-05
4.7064302295613685e-08
1.3187606112139344e-05
5.509476590141269e-10
-5.509476774908494e-10
0.0
0.0
0.0
1.1445809428992658e-06
0.0
2.3886274635129452e-05
8.908208049293574e-07
1.191858013589069e-06
5.1505657425939866e-08
-3.7006777907125738e-06
-9.594071374694913e-09
1.8071648541701825e-07
0.0
1.7180914525259248e-08
0.0
0.0
8.086145419598513e-09
9.978377143176298e-09
9.97837709461075e-09
9.978377046079151e-09
0.00018258481473809542
9.872941205495826e-09
9.872941107033303e-09
7.661437005212351e-08
7.66143712219868e-08
0.0
0.0
8.658720945602841e-08
0.0
7.66143707760529e-08
-6.427595704645085e-10
1.4406671984384815e-08
9.9792442799864e-09
9.979243580245621e-09
0.0
0.0
-1.7578300712491475e-05
1.7597962792723857e-05
9.956687659247454e-09
-3.291635969004298e-07
9.96391434561155e-09
9.963914353750686e-09
-7.109210829831973e-10
0.0
2.136739338280028e-08
2.551751941538302e-09
8.228430428858021e-09
2.908933248116111e-10
0.0
3.943835304064751e-09
0.0
9.9115019215547e-09
0.0
9.911502049598467e-09
0.0
2.136738285686699e-08
2.5517438109259393e-09
8.228419345952752e-09
2.908822866025126e-10
0.0
3.9438233372898665e-09
1.3197344747101937e-05
-1.2646753688727586e-07
9.959613888993079e-09
0.0
-1.659545832189061e-05
6.693648903028159e-08
0.0
1.6615116510659216e-05
9.971913838695582e-09
1.0971965797024197e-07
1.0429920196412605e-08
-4.489029488408125e-09
1.59444178479001e-08
-6.5410939164018e-08
1.2884377278195996e-09
3.410358534803974e-07
5.372558708872724e-08
0.0
0.0
8.845665006942917e-09
1.0953200954147004e-07
0.0
-8.781728727005439e-09
0.0
9.965520366619304e-08
9.876810906512026e-09
9.87680839132277e-09
0.0
8.707455584528203e-08
2.0551332744685688e-07
6.517404601218604e-10
6.517404506304465e-10
8.595801854274008e-09
0.0
-2.15863899997136e-10
0.0
0.0
0.0
4.868746134759982e-07
4.868746132385044e-07
3.607122050489965e-08
9.874120564594539e-09
9.874120465496947e-09
0.0
0.0
0.0
0.0
0.0
1.3204054565721355e-09
1.0596356028332485e-08
0.003275185408627479
0.0032751854086274916
0.0
6.859679253486206e-09
3.5431786772959003e-09
-6.3309418879325055e-09
5.094526751972628e-10
9.746640063164124e-09
9.746640059762283e-09
9.746640060893383e-09
5.094527740121146e-10
0.0
0.0
9.05325524821342e-09
0.0
0.0
4.668218415037988e-08
6.6386877955023134e-09
0.0
0.0
0.0
4.6029200652758105e-08
2.810507836697663e-09
0.0008418231898278683
-0.00042063582759089364
0.0
0.0
3.435496535266513e-09
0.0
0.0
0.0
0.0
0.0
2.534817813353756e-08
0.0
1.602578248595466e-16
0.0
0.0
0.0
0.0
0.0
6.009534323564066e-10
0.0
0.0
0.0
0.0
0.0
9.564404018618133e-09
9.564404018455076e-09
9.564404018484722e-09
7.60650398329935e-11
-6.590838600919085e-10
-9.977237848272737e-09
4.9457872922659706e-08
0.0
0.0
0.0
3.5735761681746276e-08
0.0
9.863850666947866e-09
0.0
2.534817833101937e-08
2.5348178277146725e-08
7.606520166290374e-11
0.0
0.0
-7.040831940522956e-10
0.0
0.0
0.0
0.0
-3.3101572467542885e-10
0.0
-2.360850230587186e-17
0.0
3.469907681210181e-10
9.943899493555241e-09
1.627946805138336e-10
2.5348178217258604e-08
0.0
0.0
5.026349536845831e-10
0.0
4.866732146306242e-10
0.0
0.0
0.0
0.0
7.565609724648604e-08
0.0
7.606557803507001e-11
7.606537770012398e-11
0.0
3.081069714411323e-06
7.558664899428143e-07
5.979743358449637e-10
3.26313769914724e-05
0.0
0.0
-8.874327854677788e-07
6.572139682149417e-10
0.0
9.897464415909456e-09
9.913365050666951e-09
9.913365649205641e-09
0.0
0.0
1.1839181505302596e-08
-9.83896946797638e-09
0.00042091956698087134
8.478178767470642e-09
4.1356211885866343e-10
0.0
8.478178159521121e-09
9.648722196362652e-09
0.0
0.0
-9.834835168476275e-09
3.4699076812101837e-10
0.0
0.0
0.0
0.0
0.0
0.0
0.0
1.4997071508963525e-09
8.494318890942254e-09
-9.846706544909968e-09
0.002878659050741787
0.0
0.00015909342241311625
0.0
2.19329929665698e-06
-2.1636809879924138e-06
9.960673428752696e-09
9.930930884588996e-09
6.885799711292484e-10
0.0
3.502490998304947e-08
0.0
0.0
9.95961362629938e-09
0.0
0.0
1.0252375472830524e-08
2.2464109087836545e-06
-0.001003078053142481
0.0010053341216578816
9.950368085043237e-09
1.05048350182878e-08
-1.0504835208855466e-08
0.0
0.00042091293876710866
0.0004209340308431401
0.0
1.938763185690193e-08
8.411330563815803e-09
0.0
9.911062839326008e-09
-6.705396997326335e-10
2.3675938124206992e-08
1.2529303389481805e-09
0.0
9.932390558603825e-09
0.0
0.0
-0.00020713419095152227
0.0
0.0
1.8320260961419454e-08
0.0
0.0
0.0
0.0
1.685999255728083e-08
9.940749588072118e-09
1.262064459731961e-08
0.0
1.1335832611807164e-08
0.0
0.0
7.032140810657958e-10
9.94440337714897e-09
2.7872817539480524e-08
0.0
-9.580725228693966e-09
9.969850090013115e-09
9.973716377475332e-09
0.0008025559536109478
0.0008025559536109476
0.0
0.0
7.456271120134485e-09
0.0
7.45627114008129e-09
9.711224780977669e-09
4.747670152233094e-10
-1.7180914452713308e-08
2.1029987128724962e-17
-2.982133392342209e-08
-3.953255856004034e-08
0.0
0.0
2.8805404863026453e-09
9.984979423710857e-09
9.989098996677556e-09
9.989098674959007e-09
0.0
-9.591623134630467e-09
-9.637115692051265e-09
1.014430044153078e-08
0.0
1.0116444066719836e-08
2.880539907658855e-09
2.8805393644574978e-09
1.0144301001248217e-08
1.0757279539207666e-08
6.95456194756896e-10
0.0
0.0
7.429835633073253e-10
-4.7425233050372044e-08
0.0
9.983333315512872e-09
9.983332998611191e-09
2.0154988789376295e-10
2.01552604430942e-10
9.98616218083931e-09
9.981601889548967e-09
9.981601569591936e-09
0.0
9.98616250624216e-09
5.6819484228753936e-08
3.549541841738031e-07
1.0144303801563183e-08
0.0
2.0155987248119493e-10
1.4585248779543729e-10
1.6890831756673955e-08
0.0
0.0
-4.553496387126033e-09
7.827476952639763e-10
1.737083444827232e-10
2.0156446124281464e-10
0.0
0.0
0.0
6.15661680237937e-09
2.0551332750221247e-07
0.0
1.8065249324239474e-08
6.888664984734494e-10
0.0
9.31214572119643e-09
9.312143899343757e-09
3.3515777408172165e-07
0.0
0.0
0.002105512622162487
-0.0021054227815069087
7.34208876780114e-10
0.0
6.15389673984737e-08
0.0
2.0161658776694695e-06
-2.0244490016638585e-06
0.0
6.148018671111749e-08
0.0
2.0321985491436644e-08
3.3515777390532026e-07
6.70336644464097e-09
7.48292346903013e-10
3.2870288851905016e-09
9.992540969964905e-09
0.0
0.0
1.062637601576635e-08
7.497842129599567e-10
5.894513193893259e-10
7.635850070948288e-09
9.828306083231284e-09
1.0409536150219445e-08
9.692789805085303e-09
4.5671350557839195e-10
0.0
1.9611918720463574e-08
5.89451316786242e-10
0.0
3.82470344341499e-07
3.8322163310051614e-07
0.0
-6.648760345452989e-12
