0
0.0
0.0
0.0
0.0
4.297641242488553e-07
0.0
0.0
0.0
0.0
0.0
0.0
4.607581222661698e-08
0.0
0.0
0.0
0.0
0.0
0.0
0.0
9.815031123586005e-09
0.0
0.0
0.0
0.0
2.059793283290659e-07
0.0
0.0
0.0
9.812716309514306e-09
0.0
0.0
0.0
0.0
0.0
0.0
0.001879509979344796
0.0
0.0
1.933925982671729e-08
0.0
0.0
0.0
0.0
0.0
0.0
5.520756394453386e-10
0.0
0.0
0.0
0.0
0.0
0.0
0.0
0.0
0.0
0.0
0.0
9.07318494106402e-09
0.0
0.0
0.0
8.628101695283892e-09
1.2587464546140576e-17
0.0
8.325817301780145e-09
0.0
0.0
0.0
0.0
0.0
0.0
0.0
0.0
1.0154872114639252e-10
1.1236964718562048e-11
9.962026168179247e-09
7.907142935718582e-21
0.0
0.0
0.0
0.0
1.0154839460502696e-10
0.0
0.0
0.0066277064728187335
4.898958001019381e-13
2.13639619100334e-08
0.0
7.56294971300743e-09
0.0
0.0
1.7639610797435834e-10
0.0
3.979724832528201e-08
-3.9783406700280436e-08
1.0511192014420332e-09
0.0
0.0
0.0
0.0
0.0
0.0
0.0
0.0
0.0
0.0
0.0
0.0
0.0
0.0
0.0
0.0
2.1806235248602397e-09
0.0
0.0
0.0
0.0
0.0
0.0
0.0
2.876508076812687e-09
0.0
9.828414628919005e-09
0.0
0.0
0.0
0.00011400813918882591
-0.00011404142331450373
0.0
9.721488596505301e-09
9.745927266544027e-09
0.0
9.761447934311436e-09
0.0
0.0
8.761450905300793e-09
0.0
0.0003231191561562278
6.551116525570236e-09
0.0
0.0
0.0
0.0
0.0
0.0
0.0
0.0
0.0
0.0
0.0
0.0
3.555202473486903e-08
0.0
0.0
0.0
8.406136137134674e-09
9.509261911264514e-09
7.4149899207377e-10
0.0
0.0
0.0
3.2400933459268965e-16
9.88715381044206e-09
-0.0018046527961632086
1.609225479205262e-05
0.0
2.0786390336232065e-08
0.0
0.0
0.0
0.0
0.0
1.6356102297706677e-08
1.3949841355823038e-07
3.166628658999606e-08
0.0
0.0
1.3800430931015122e-05
0.0
0.0
0.0
0.0
0.0
0.0
0.002344595978767572
2.0040945044446254e-08
0.0065627125373093126
2.9604485421680037e-08
9.107111322466713e-08
0.0
0.0
0.0
0.0
0.0
0.0
0.0
0.0
0.0
8.937424016510343e-07
0.0
0.0
1.3368006123614743e-09
1.9934084862307977e-08
0.0
9.027729293689806e-09
3.8080198077401935e-09
1.5227006358742944e-08
0.0
1.4630883746187995e-09
0.0
1.8659460453072656e-08
1.0016639277218591e-08
0.0
0.0
0.0
0.0
5.075916670847195e-09
0.0
0.0
0.0
0.0
0.0
0.0
9.626898194278638e-09
0.0
0.0
0.0
0.0
6.063843918419002e-19
4.630085303505823e-09
0.0
0.0
1.6924399173236758e-10
5.446952044853022e-21
0.0
9.422673479099068e-09
1.3487130462881127e-11
9.831270596993527e-09
0.0
9.69425661484702e-09
0.0
0.0
5.4217296678561916e-11
2.883979862575918e-06
6.2986599392271395e-12
0.0
0.0
0.0
0.0
0.0
0.0
-0.006775965184709243
4.0896071194572203e-25
0.0
0.0
0.0
0.0
0.0
0.0
0.0
0.0
0.0
6.084020943084023e-07
0.0
0.0
0.0
0.0
9.180092672423522e-09
0.0
0.0
0.0
0.0
0.0
0.0
8.863173526221295e-09
0.0
0.0
0.0
0.0
0.0
0.0
0.0
9.290044432005696e-09
0.0
0.0
0.0
1.428080856302233e-10
0.0
2.544341355041131e-16
0.0
-3.7039441145459125e-08
0.0
0.0
0.0
9.728900757467523e-09
0.0
8.263508099538617e-10
9.794436641993968e-09
0.0
0.0
0.0
0.0
1.051065917185191e-08
0.0
9.477166449062093e-09
0.0
4.5480596578394907e-10
0.0
1.0511192003132871e-09
0.0
0.0
5.931228325479852e-21
0.0
0.0
4.160488509581061e-08
0.0
0.0
0.0
0.0
0.0
0.0
0.0
0.0
0.0
0.0
0.0
0.0
0.0
0.0
7.2527587654842e-11
8.016623192832232e-09
6.648585433149381e-12
0.0
0.0
0.0
0.0
3.42389652807113e-09
0.0
0.0
9.469019941347558e-09
9.469019941394991e-09
0.0
0.0
7.084320602456755e-09
9.97981243284614e-09
9.99250239181544e-09
5.853388994023717e-10
5.902894544081447e-10
5.822816917066175e-10
9.911826148192676e-09
5.116937091403414e-10
9.983372501823581e-09
9.986470978990955e-09
9.992502424310073e-09
9.991488267701309e-09
0.0
3.2388884186810936e-10
2.3727102757271053e-08
1.0974694245364742e-06
5.079664805631266e-09
0.0
1.4865132134197375e-06
2.558925982751496e-07
4.468041349839071e-07
1.4528850413551757e-06
8.060109737772818e-09
9.565797000262133e-07
1.003516247529732e-05
4.1188054931544604e-11
1.7566614024218862e-07
0.0
1.0498612280835192e-06
0.0
0.0
4.692215913867078e-09
0.0
1.5430573361738663e-07
2.1274163209512567e-07
4.4108509571654185e-08
6.910119907126588e-07
0.0
0.0
6.816409709861669e-08
5.409501056569082e-08
4.975665387318327e-08
0.0
0.0
0.0
0.0
0.0
5.364135926822274e-08
3.611520657537147e-08
0.0
0.0
0.0
1.6896395573059533e-09
-4.162116960797852e-10
2.0597932825796486e-07
5.904013150934718e-10
5.841249053816611e-10
9.991124199672241e-09
6.267508858014958e-06
1.9269826528755404e-06
4.474878510059287e-06
3.362908408371648e-06
4.47487913349207e-06
1.3958559934603844e-07
2.4168178007875933e-06
2.702636770731378e-07
5.00248004108732e-07
6.277118646417755e-06
6.277119269845848e-06
6.277119893272827e-06
9.873006618331481e-09
9.757325617727131e-09
-2.0597932831893225e-07
2.0597932830875348e-07
1.7347524815421366e-19
1.9964849838327856e-08
1.997171157844563e-08
1.998410406584445e-08
1.99826124949815e-08
6.267508702158183e-06
1.926982497017576e-06
4.474878354201578e-06
3.3429491511569043e-06
4.47487897763362e-06
1.3958544348716606e-07
2.416817644927927e-06
2.702635212122257e-07
5.002478482471108e-07
6.277118490560565e-06
6.2771191139888896e-06
6.2771197374161705e-06
6.267508546301404e-06
1.9269823411595824e-06
4.474878198344034e-06
3.3429489952984425e-06
4.4748788217753116e-06
1.3958528762827226e-07
2.4168174890686598e-06
2.702633653513382e-07
5.002476923859882e-07
6.277118958131926e-06
6.2771195815594875e-06
1.9940339602886656e-08
5.484471061185721e-09
5.820456027470828e-10
5.804117780954647e-10
9.815031123615102e-09
-4.139285184802361e-10
0.0
0.0
4.177646557298549e-09
0.0
5.866124162131954e-10
-9.133081951258898e-07
0.0
0.0
0.0
4.61850829480295e-10
0.0
-9.94748615510549e-09
0.0
2.831780205487897e-05
4.001566988727529e-05
3.149600998592364e-05
1.0107575241904068e-05
3.575230203801441e-06
2.9308537138649035e-06
2.8404500927479203e-06
9.282550948338596e-07
0.0003102746188811383
0.0
7.084320603429051e-09
2.895491831338856e-09
9.897459309491057e-20
4.1210983471492147e-07
3.900793217908031e-07
0.0
5.526271969616851e-10
9.871623306291714e-09
-6.4831155391301826e-06
-6.462233600198694e-06
-6.452283500773745e-06
-6.432637915642358e-06
-6.557017835270504e-06
-7.953019268123335e-06
-2.6317082599848496e-06
7.909743388252765e-07
4.720338816354558e-10
4.720338815846028e-10
0.0005292388651233488
2.880175088413096e-10
2.8801750888957044e-10
0.0
0.0
4.2820313969269806e-05
12.309176826271665
1.9339259826862805e-08
0.0
-9.862488214791914e-09
1.9943598437292132e-08
5.545836315017756e-10
2.5441562586525086e-07
0.0
2.9865510060570095e-08
9.921911632571057e-09
3.589613887281363e-07
3.589613887279131e-07
0.0
-2.4180184850317206
0.0
2.543942678810262e-07
0.0
9.846375024743523e-09
4.4712832430853074e-10
9.955134536373936e-09
9.955134554703605e-09
9.942865081457235e-09
5.423156551039045e-10
9.942865071418721e-09
6.473243914784099e-06
6.46223359915786e-06
6.452283499732504e-06
6.422889436987185e-06
6.557017834222731e-06
5.884972139491573e-06
6.927205781184949e-07
2.802520160452842e-07
1.1001904525522983e-06
3.678290593986192e-07
5.520769909507204e-10
0.0
0.0
0.0007251906395816243
0.0007251808145415376
-3.6782905939863886e-07
8.619407263829598e-07
5.870244537385946e-07
2.7883818490741035e-05
3.7663353907294904e-05
2.1440506369284595e-05
2.2888798751799705e-06
1.0337399162748386e-05
1.5557254210271428e-13
2.416151644107514
9.663933494465245e-09
0.0
-0.022792507587983797
0.020912997608639
-0.0018795099793447961
0.0
0.0
0.0
9.871300065211004e-08
5.883641707558981e-10
9.989536956579781e-09
2.315395128394713
0.09962658043968603
4.515636069319577e-09
0.0
2.4087823283617834e-06
0.0
0.0
1.5234056020845488e-08
1.5234056020845488e-08
9.991486206104017e-09
0.0
0.0
9.98037692902302e-09
9.984120755769955e-09
1.2967748112032015e-08
0.0013860325422340788
3.6732750438777614e-08
9.854962985531128e-09
7.258806953257257e-08
1.9331695983317276e-08
5.684411362905036e-07
2.9771544644371943e-09
0.0
2.496579221400816e-07
2.615029030124942e-07
0.0
0.0
0.0
1.1581394348666201e-08
3.9949133989806646e-09
0.0
0.0
0.0
0.0
0.0
5.830424362790267e-10
6.062391006519737e-07
1.3367706656846333e-06
1.9855458419680363e-06
1.2298467648856463e-06
1.0018631511902906e-05
1.542179258134962e-06
2.800819556327266e-07
-3.5896138874183525e-07
0.0
4.2976415416812676e-07
6.279090850394575e-08
7.25880693682346e-08
-6.300826910780858e-08
0.0006130345097945733
5.28670631258718e-10
9.929034498371925e-09
1.0634336239631437e-10
2.652968435313897e-07
-3.123760205267067e-08
5.73233889260706e-10
2.82667806593351e-07
3.542459914234776e-06
3.0664254858830903e-06
-8.803155522763007e-06
5.31118640506149e-06
0.0
0.0
16.67306440682642
-19.130837526267737
2.457773139031396
5.101017012462945e-10
2.010901241637948e-09
0.0
1.0460566864157908e-08
4.089137899008246e-08
4.0246397361315674e-08
9.851977568300668e-09
1.4081288675189988e-09
0.0
-9.073184928257236e-09
3.310247839007852e-07
3.310247838899684e-07
9.975290424300669e-09
5.743074161948868e-10
0.0
0.0
0.0
8.644218687213035e-09
0.0
0.0
0.0
0.0
2.634005937120399e-07
0.0
1.3742671628110825e-08
0.0
2.3161156127191488e-08
2.3160162914562006e-08
2.3155519456701753e-08
1.978924008858455e-08
9.942865061327905e-09
-9.866930900472894e-09
3.786305870224899e-11
0.0
0.0
9.283243152159005e-08
9.979960771031622e-09
5.911705996575042e-10
5.867713372113954e-10
2.4443913335032855e-07
0.0
0.0
0.00031027461888113815
0.0
2.563109455932087e-06
2.5631094558174666e-06
1.2742526913163744e-16
3.686922022268427e-16
5.844060998802472e-07
1.056147793496375e-08
1.965448536668984e-06
3.8290490820648417e-07
9.975711568888334e-06
1.5277441988314054e-06
2.897395162540902e-07
2.7753462651682993e-07
5.764629758169074e-07
2.5918369954086166e-05
3.728044899910412e-05
1.1464794800412089e-05
7.611356763653048e-07
1.0047659646512163e-05
0.0
0.0
0.0
2.652916332396869e-09
8.922290998856887e-07
1.4066416317056374e-08
1.81789686507028e-06
1.8262226823720676e-06
1.8178968650703266e-06
1.817896865070287e-06
1.8178968650703083e-06
0.0
0.0
5.428744599843746e-08
5.983062413237186e-07
6.612217890174315e-07
0.0
-4.0243392667761724e-10
0.0
0.0
2.0962502769860067e-06
8.054011672864458e-09
8.054011672367659e-09
0.0
1.9496357689099406e-11
2.0763004763852424e-06
5.840390673519752e-10
-4.1994200752210054e-08
4.591334008716863e-09
4.591333995991192e-09
0.0
0.0
7.607338197535026e-08
0.0
6.344055331438828e-08
0.0
0.00014522544978166202
-0.00014529156417448876
5.58223856052301e-10
0.0
0.0
0.0
0.0
4.1994200738332266e-08
0.0
0.0
6.482419475034326e-09
2.6886629737629677e-09
7.690834702459747e-08
-1.5997324588623574e-07
0.0
7.129170015354752e-05
0.0002442741554480667
3.061299244372594e-06
0.0
-0.0003185326357595386
9.933392369488166e-09
0.0
4.278325181205275e-08
-0.0004543969110017143
0.0
1.7458340544800874e-08
0.0
0.003242837095011719
8.688605308383868e-09
0.0
1.0016390317637643e-08
6.3397119800680335e-09
0.0
0.0
0.0
3.6732906127457917e-08
9.584436014977819e-09
0.0
9.871747732117694e-09
4.730277308312187e-10
0.0
1.101031424009178e-08
1.4081288662890942e-09
0.0
2.063223263508225e-10
2.0632232599486298e-10
0.0
0.0
0.0
14.972004673536484
0.0
4.6075812228953735e-08
0.0
-14.972004673434938
0.0
0.0
0.0
0.0
0.0
-6.204702658054371e-10
2.0597932817669943e-07
1.2209249698053037e-08
0.0
0.0
1.0605966148655555e-07
0.00012366985115576506
0.0
0.00012377591081725163
1.2419801589763354e-06
0.0
4.975802944405963e-06
5.354789632143451e-06
1.0185157315616039e-06
1.720107859066969e-06
0.0
0.0
0.0
9.826899283402175e-09
0.0
0.0
0.0
0.0
9.283243153391325e-08
5.664463294403758e-10
3.499381793734665e-08
0.0
0.0
1.635610229765746e-08
9.333622757654125e-09
0.0
1.7586481648386759e-10
9.976492408352259e-09
5.754934130887885e-10
3.029602715903298e-19
6.314690592391564e-06
0.0
7.110039610714285e-10
9.837272331794655e-09
0.0
3.351063445536988e-09
0.0
1.2463888969974548e-06
2.8073302376237614e-07
5.875600898488499e-09
7.420097105153499e-07
0.0
3.3510633997452135e-09
-8.29675911789363e-09
1.2463888969519625e-06
2.807035899842861e-07
5.852705710768303e-09
7.323222540006391e-07
-9.75400669820303e-09
0.0
0.0
0.0
5.858560825092294e-10
9.727822656651697e-05
9.727822656651688e-05
-0.00662770647281874
-0.006580255607025465
1.7490049416895682e-08
0.0003952138127581467
-4.898957894081471e-13
0.0003952313023176678
0.0
0.0
0.0
1.130818790676211e-08
5.658354820417358e-07
0.0
0.0
1.0965840469837353e-06
1.0965840469836665e-06
1.0965840469836163e-06
1.1041469966966625e-06
1.0965840469836523e-06
0.0
0.0
0.0
5.384179737837084e-09
0.0
1.5740532871323369e-10
0.0
0.0
0.0
0.0
5.467380944627221e-08
9.143099724123106
0.0
4.078363757313967e-08
-9.143099819580552
3.292692221084023e-16
9.143099778973308
0.0
0.0007314761626217095
0.0
9.977579824999491e-09
5.765662240519258e-10
1.898665369472108e-11
0.0
4.6339003350774144e-09
2.068047127585723e-06
1.938987680818148e-06
5.010483870313333e-07
4.044252879908659e-06
0.0
0.0
1.1616323507235618e-05
3.9783406700280436e-08
1.1616309665610612e-05
9.684640022002415e-09
-2.059581186576339e-08
1.1675216798451059e-18
0.0
0.0
9.893318006688735e-09
9.893318006631979e-09
4.934351458518913e-10
9.889437555231168e-09
5.315584202802794e-06
9.889437567630504e-09
4.896071343423856e-10
5.234411317365807e-06
9.294336891101407e-20
0.0
6.169669079222756e-18
0.0
0.0
5.150804729160691e-10
0.0
0.0
0.0
0.01355161383429689
3.524831634405255e-06
0.0
8.238865569638712e-07
9.94165555900054
-9.941655519058582
9.98325131538131e-09
2.5917724261656158e-05
-5.989189473267994e-07
0.0
0.0
5.164496877828385e-07
9.875294297512605e-10
-3.643217997178756e-05
1.9984302885134037e-08
5.905946221293536e-10
0.0
0.0
0.0
0.0
2.388956030799876e-06
2.6466928113091245e-06
7.707253067641318e-06
0.0
5.296472256131691e-10
5.912929797338959e-10
9.911826148286265e-09
1.128724325874612e-08
-4.732881468849817e-10
6.909306179829947e-10
-4.607581222779871e-08
1.8472905591611567e-06
4.200242624375349e-07
6.961989589927365e-06
6.58441246478107e-06
1.1050166645599617e-05
2.520069068708966e-06
0.0
4.2003559052885526e-08
0.0
0.0
9.976492392551686e-09
5.703632386891202e-10
5.844059548044062e-10
0.0
6.108346283216389e-07
1.9969634129422954e-08
5.83008069525076e-10
9.980258852879579e-09
0.0
2.902781841056562e-10
2.9027818400461426e-10
7.95833610984273e-09
0.0
0.0
-2.3993230349045027e-05
5.898013550725995e-10
1.9982055326586282e-08
9.991061713356943e-09
1.0460568569404358e-08
0.0
0.0
1.9536358580960606e-05
0.0
0.0
-9.797678408245041e-09
0.0
1.4480442498515554e-10
5.914965342071346e-19
9.873006619226279e-09
0.0
0.0
-9.974396593501363e-09
0.0
0.0
7.578608774478736e-11
7.578542832256906e-11
7.578592967384764e-11
-1.5625160145377225e-11
0.0
0.0
1.0063812764182745e-08
0.0
9.617414420404202e-09
9.831596863899369e-09
0.0
0.0
4.297641242498664e-07
0.0
0.0
-7.030810213574121e-17
0.0
0.0
5.89927186253497e-10
1.9981314385970437e-08
5.890116897310995e-10
7.141045940259333e-09
2.5825874450857666e-09
0.0
9.797573874374785e-10
3.358682288777157e-09
3.7742304132113807e-11
0.0
0.0
7.858232037300123e-09
5.809248858923301e-09
0.0
-1.6093625997831706e-20
0.0
0.0
0.0
9.454989053084e-20
4.1621169576736936e-10
-9.26695896213102e-09
0.0
0.0
0.0
6.301454165538876e-05
0.0
9.832541811946633e-09
0.0
9.993281703212544e-09
0.0
-8.77886079812044e-05
9.89661104617819e-09
4.966837285942947e-10
9.607096626339339e-09
-7.119636189845471e-09
5.680350109714509e-10
5.831175631225768e-10
0.0
1.0517991689764532e-06
2.449711870931597e-06
1.996505331449812e-08
5.797766756019097e-10
1.8089534168058296e-06
9.831914704995045e-09
0.0
0.0
-9.931722363905878e-09
1.8019046451813392e-06
0.0
8.517788657840405e-07
1.0752039429498242e-06
4.484227390552859e-06
0.0
3.3722370247528307e-06
0.0
4.483991222899979e-06
0.0
1.4922208241909837e-07
0.0
2.425976057184295e-06
0.0
2.8002061072447276e-07
0.0
5.097934243603458e-07
0.0
6.28639568274356e-06
0.0
5.893884768850851e-07
5.687730948817652e-06
6.286613766417971e-06
0.0
0.0
0.0
0.0
0.0
0.0
0.0
-6.473243915132779e-06
-6.462233599504805e-06
-6.452283500079842e-06
-6.43263791494722e-06
-6.55701783457141e-06
-7.953019267425976e-06
-2.631708259285729e-06
-7.9097433812518e-07
7.052420946180481e-05
7.051625112568225e-05
0.0
0.0
0.0
0.0
0.0
0.0
6.998138678238064e-05
0.0
1.0328481568713466e-08
0.0
0.0
1.1879844756327175e-05
0.0
3.0232372873747937e-10
0.0
-4.294125075629925e-10
8.022490560755102e-09
0.0
1.953185644860695e-05
7.220440268065924e-08
9.888476332769073e-09
4.886588880473505e-10
2.7060988788312724e-06
3.4859191789909045e-08
0.0
4.864023730303998e-07
1.4484990415051606e-07
1.9205046215939537e-06
9.289341560064046e-07
1.3435121391624725e-07
2.0393164429108605e-06
0.0
7.739904688367415e-08
1.6063771429532622e-06
8.083277211216628e-06
1.2419991082027391e-06
0.0
1.6135915591423696e-06
0.0
9.971292895986397e-09
6.433150086612659e-07
3.243421898342352e-06
2.145446174120111e-06
1.5081233818964955e-06
1.0022264891685311e-05
1.5222511238974603e-06
5.008783533100506e-07
1.5132025405663898e-06
9.963002535912862e-09
0.0
4.489018702317135e-06
0.0
0.0
5.72217944620583e-09
0.0
0.0004948740920087489
0.0005064461196117587
0.0
3.285060549842652e-10
9.726102028526185e-09
3.285060676477259e-10
0.0
0.0
4.746775773870848e-05
0.0
0.0
0.0
1.4081288672237506e-09
0.0
3.690651239493263e-07
0.00024327596787450184
0.026687516958085303
-0.0001140081391882361
0.026329903144067714
9.66513999380584e-09
9.665139993705664e-09
0.0
0.0
0.0
7.504583252694101e-09
3.0905113212842757e-07
3.306028562047101e-08
6.992320020032123e-07
6.992320020032322e-07
6.992320020031825e-07
7.089779292697336e-07
6.992320020031896e-07
1.9139535027914107e-05
3.8293452870438775e-05
3.8332811039154535e-05
1.603131132211498e-08
4.858533552535908e-07
5.5774590978354086e-08
1.1153185151081666e-06
1.115318515108147e-06
1.1153185151081168e-06
1.1250799630424354e-06
1.115318515108124e-06
3.959227854172748e-06
1.0701960568691557e-05
0.0
2.9296896067236665e-05
2.9287515399699e-05
2.929039190777572e-05
2.9296896067236604e-05
2.9290391907775617e-05
2.0838152271321758e-05
0.0
0.0
4.16479078539426e-05
4.1647907853942524e-05
4.164790785394248e-05
4.1656669304847814e-05
4.1647907853942504e-05
0.0
0.0
5.5386263916520304e-09
0.0
9.336184399081514e-09
0.0
0.0009739990607665415
8.555321758323938e-08
0.0
0.0
0.0
0.0
1.2347714811663035e-05
4.79731509816808e-07
-2.710505431213761e-20
0.04018993978209651
-0.0003231191561562278
0.040560519385755577
0.0029017374523992536
0.00990319074530023
3.1047515236817265e-09
9.741536839521816e-09
0.0
1.921768587094645e-08
9.849366240526226e-09
4.500788628675115e-10
0.0
0.0
0.0
3.1047515109790617e-09
0.0
0.00037043139614011437
6.62485896530427e-09
9.726102028172438e-09
9.72610202830881e-09
0.0007257896373921435
1.59015383831149e-08
0.0
3.964628115191252e-10
1.228577101130969e-07
1.3247175643478904e-07
4.383423946985071e-07
1.958103551269909e-08
0.0
2.0101288699698578e-10
-9.955287360099985e-09
0.0
1.0757759661396036e-08
2.1833000752932548e-08
1.3262091877326893e-06
2.0097305280353432e-08
8.469418566590594e-07
4.291994299420505e-08
1.4435059282279654e-08
0.0
0.0
5.532999661818864e-10
-8.994267793747266e-09
0.0
0.0
0.0
0.0
5.711428720661745e-10
0.0
5.632119308331833e-10
0.0
5.557276644164531e-10
0.0
5.694581573967673e-10
8.265158434663136e-07
8.616945004291874e-05
8.617831771357572e-05
4.8132772664965846e-06
0.0020349688494010337
1.0712158670182193e-08
9.92701889331381e-09
5.266821144100514e-10
1.4445874618028066e-08
0.0
0.0
7.28310254002546e-09
0.0
0.0
0.0
-1.1472044140713495e-10
0.0
0.0
7.283102532954638e-09
0.0
-1.2915614983760593e-09
9.220734243200009e-10
9.201407831291478e-09
0.0
0.0
-7.414989920604724e-10
0.0
1.025826966439767e-09
2.484698837225947e-06
0.0
0.0
-2.602186106601724e-08
9.950991268142052e-09
5.503329946470969e-10
9.897256922333468e-09
4.973208905135312e-10
0.002809072429150157
5.575155401921217e-08
6.954581880164795e-09
0.0
0.0
0.0
9.370808068925106e-07
3.101804670516953e-06
0.0
0.0
-4.873542271560444e-10
4.6633302766944146e-06
-9.08995695054888e-09
0.0
0.0
0.0
0.0
0.00034040315281578387
2.5590206496336625e-05
2.206086629713859
0.0
1.6969804009197865e-05
8.775492171452447e-07
-1.609225479205262e-05
9.025826065462136
2.206086636654586
1.1224062701653251e-08
3.940960154040787e-09
0.0
0.0
11.23191270057518
0.0
0.0
0.0
4.5982890252433087e-10
0.0
-1.1302608648769166e-08
0.0
9.012001240808764e-05
0.0016975743449299029
-0.02849343034692921
0.030298083143092385
0.0
11.23191270057518
1.6140602574250708e-05
4.4118112892254034e-20
0.0
5.695582336504958e-10
0.0
8.617831771356296e-05
-1.9226393830231293e-08
5.2891382551416956e-08
2.1167153264550944e-08
-0.0027474523338530676
1.6095655371122278e-07
1.9310446171517047e-08
6.27061358249736e-08
-2.5221881966861273e-07
2.69343411349402e-07
0.0
0.0
0.0
-0.0025418359907465058
0.002541977083688141
9.948328631920119e-09
0.0
0.0
0.0
0.0007646802548228408
0.0
0.0
-1.635610229774962e-08
0.0
4.480842177230948e-10
0.0
1.3596482916709526e-06
9.864139644580363e-09
-2.214535542331667e-08
-2.2145355428631482e-08
0.0
0.0
0.0
3.0119838024389927e-05
6.767586354383434e-06
1.3633526615312645e-05
-0.012006368782991118
0.011992568352060104
-1.380043093101511e-05
6.437890590247456e-08
6.232389956447864e-06
2.94869821752206e-07
-1.3949841355379285e-07
-2.1218788704134103e-06
3.950613410623167e-06
2.9507955802649108e-05
0.0002793147638996975
0.0
5.747484981696882e-05
-11.337165901690764
11.337108436213883
9.372936924020983e-09
0.0
0.0
0.0
0.0
7.004431841341489e-06
6.912008359868306e-06
5.898376947335544e-10
0.0019644431510982318
0.0
0.0
1.0551452780938597e-16
0.0
1.908036241508754e-08
1.1880018789787817e-05
0.0
0.0
1.9276246440211042e-08
9.918272759933534e-07
0.0
0.0
1.9414239503447166e-08
9.74738256314478e-10
4.8170605509684596e-05
1.202998676948793e-07
3.996377871779609e-08
5.889549923422458e-10
6.822921911935748e-07
6.822921914559943e-07
5.92059080786737e-10
4.8160660346429664e-05
0.0
8.286510856167352e-08
4.359309128732989e-08
0.0
5.838220003453564e-10
5.2891382539192563e-08
0.0
0.0
9.830986631779207e-08
8.91020907683877e-08
0.0
4.873542271197946e-10
4.299422032304039e-07
0.0
2.5559547341659698e-05
4.421516818735115e-06
9.988335403012818e-09
-4.41152848330487e-06
0.0
0.0
1.9846390285769216e-08
-2.9604485973777628e-08
-0.006562722637762911
-0.006602265196798144
0.0
9.107111323714096e-08
-8.147770833934918e-08
-2.004094504443662e-08
-2.9221037716859702e-08
-6.473243915477989e-06
-6.462233599851749e-06
-6.452283500425066e-06
-6.43263791529243e-06
-6.55701783492009e-06
-7.953019267774655e-06
-2.631708259635303e-06
-7.812846757931601e-07
1.994033925756008e-08
1.758650231250979e-10
9.873006618065774e-09
4.733984542483204e-10
4.2893115469823384e-05
4.3935939215497844e-07
0.0
2.993492151658238e-08
9.987739745692737e-09
5.299084310479034e-12
0.0
0.0
0.0
0.0
0.0
0.0
0.0
4.9402947326705e-05
5.520960041810516e-06
0.0016508929663100248
-1.503252442530776e-06
9.362587486331117e-09
0.0
0.0
0.0
0.0
0.0
1.1689698695381386e-07
-1.0896737404094531e-07
7.929612902166971e-09
1.958892248217714e-08
9.873006619535778e-09
0.0
5.389087303512555e-13
0.0
9.87016781337905e-09
2.9461929101966488e-08
0.0
1.958892248189858e-08
3.5929818591896615e-10
3.592981856933227e-10
-8.383133210043892
8.382729682536738
0.0004035275071559997
-5.186709552788284e-08
7.13160844517072e-08
0.0
0.0
0.0
9.950098034666456e-09
1.1033911661237523e-07
3.2388643968365334e-07
0.0
0.0
0.0
1.200145595974329e-06
9.987782996144468e-09
9.987783024638657e-09
-0.0023445857158161942
0.0
0.0
4.842435442288592e-09
0.0
4.842440584378023e-09
4.842445738767459e-09
0.0006132261055090404
-4.441764066785141
4.4417640570632475
0.0
0.0001119645341026681
0.0
3.9880086752605634e-07
5.044469913175084e-07
-8.937424016510359e-07
-8.937424016510342e-07
0.0
0.0
0.0
9.885148692819184e-09
0.0
9.200812272070077e-08
-8.78501055209856e-08
0.0
-6.279090854557912e-08
7.229901208258263e-06
9.991051613637836e-09
0.0
-9.849102866610338e-09
0.0
9.457780351192467e-09
2.400659343012161e-10
0.0
-1.045434506111411e-08
0.0
2.849350089206837e-08
9.990145780244448e-09
-2.376415379501959e-09
6.460690671273681e-09
9.778259992814984e-09
-9.77825998123294e-09
-9.778259969089875e-09
9.778259957966167e-09
0.0
0.0
1.503248672022421e-08
1.5032487393623677e-08
9.648611340451474e-09
-9.885148692656553e-09
1.3046090159201246e-06
4.9725093187832196e-06
0.0
0.0
0.0
4.591334021576308e-09
0.0
7.989860617938207e-05
7.990028181463968e-05
-3.808019807469143e-09
1.4898798894295856e-06
0.0
0.0
0.0
5.520796939380374e-10
8.868657756324786e-09
8.224495955210881e-10
2.7268802715979904e-07
5.787365985206755e-10
9.979779440465098e-09
5.774894882412197e-10
9.978515480598468e-09
0.0
1.4587371459911565e-06
2.926463220670588e-07
1.4858626748706442e-06
-8.777493710007807e-09
0.0
3.435835765346157e-08
2.939973990801434e-10
3.368208455942909e-08
0.0003090925919705599
0.0
9.778260008764733e-09
0.0
1.3394088619327671e-08
-3.2053549066482804e-08
-9.186243301047581e-09
2.9507955802661207e-05
0.0
0.0
0.0
7.08888485727518e-11
7.08853012723755e-11
0.0
4.332994899323053e-11
8.93259751188691e-09
0.0
7.088213911539809e-11
0.0
0.0
3.955875158965165e-09
8.752738713607812e-07
1.4827866900160242e-07
2.758772912985906e-07
0.0
0.0
6.732047179401169e-09
0.0
0.0
7.319453525940533e-09
0.0
5.974152915018999e-09
0.0
0.0
0.0
0.0
1.3861617144794527e-08
0.0
0.0
0.0
4.9955704111744764e-09
3.2388885966666135e-10
2.372710277346421e-08
1.0974694245547057e-06
5.0796648236530705e-09
0.0
1.4865132134410046e-06
2.5589259829749756e-07
6.704971153460215e-09
9.866752627883486e-09
9.561416637134435e-09
9.882025666993808e-09
0.0
0.0
0.0
0.0
0.0
0.0
0.0
9.854921547844212e-09
5.452039989117057e-09
5.708693403479151e-09
4.494927160415927e-07
3.9315706066127585e-07
8.246019487723033e-09
9.487533691977643e-07
1.0040325181004743e-05
7.653386459549535e-09
2.7069100112394345e-08
1.6968994942509633e-07
6.35277716633626e-08
7.103706589325715e-07
1.855943693876733e-08
0.0
6.924035905196743e-08
0.0
8.77886079812043e-05
4.607581259998547e-08
1.7069817402698736e-18
0.0
2.2637846571052413e-05
2.2668937553154202e-05
8.806232719656385e-09
5.390839285507355e-09
5.390839285448249e-09
5.390839285385196e-09
-4.32229525258491e-10
2.044184075105771e-07
0.0
0.0
0.0
0.0
9.849653076507273e-05
0.0
1.2873235762563921e-08
9.977743930275736e-09
9.968283081311275e-09
9.968283080592547e-09
9.949864672640213e-09
9.94986467226272e-09
9.944890340950048e-09
9.944890340461881e-09
9.920155388825239e-09
0.0
9.920155375628798e-09
1.0137187871664586e-08
0.0
0.0
1.6624114973731563e-10
3.098187519038955e-06
9.82808589673474e-09
9.888476182322163e-09
4.886587396334912e-10
0.0
9.566507649561027e-09
1.7114974151695185e-10
9.566507670667705e-09
0.0
-2.306868909101265e-10
2.5235296824781805e-06
2.5235296824784774e-06
2.523529682478043e-06
4.283017094182894e-05
0.0
2.9085653082796986e-08
1.113604404698995e-07
0.0
6.478448819704006e-09
0.0
0.0
0.0
0.0
0.0
2.3306451733543164e-08
0.0
0.0
7.226797332077337e-07
2.853957341517502e-06
0.0010835848351686789
4.5812509036791235e-05
1.0328665931765853e-05
9.821882189805891e-09
9.824390995547035e-09
1.2852855468186727e-05
1.2843654060363799e-05
0.0
9.862864637001854e-09
9.863032610825393e-09
9.829407159551099e-09
4.0090975946589187e-07
0.0
0.0
0.0
0.0
0.0
3.973682539768663e-11
0.0
8.296814350741678e-10
0.0
0.0
0.0
0.0
0.0
0.0
-1.6353761525060682e-06
-1.6924399173236758e-10
1.6450434555020816e-06
0.0
0.0
1.2580570823256721e-17
2.523529682478366e-06
5.556488752230199e-05
5.5564887522302e-05
9.977625709805207e-09
2.3300403225182524e-08
0.0
0.0
0.0
1.2089619845250388e-07
1.2089619825470456e-07
0.0
4.9820594464730625e-08
3.013464114743408e-08
4.875051936252204e-09
0.0
0.0
0.0
8.133425251321998e-09
1.1655588744144328e-07
0.0
4.821194364118238e-08
4.975525643699302e-08
2.487311944798299e-08
2.380647771320683e-06
0.0
-2.9380891512620773e-11
2.3806477709742526e-06
0.00041369594959526776
0.0004118276127074093
2.419155371293443e-06
0.0
-9.831270596986734e-09
6.754435471137567e-09
1.8683234007279924e-06
-1.3487130462881127e-11
0.0
0.0
0.0
0.0
0.0
-2.725278891988793e-12
0.0
0.0
0.0
0.0
-0.0003190166045275451
0.0
1.2166565588407702e-07
0.0
0.0
0.0
2.0597932828843467e-07
0.0
-2.9710282740767265e-10
0.0
0.0003705439441554076
0.00037054394415481225
0.0
4.297641242492094e-07
1.1087131356014606e-18
4.368625652607884e-09
4.368625652278388e-09
0.0
-5.4217312009299107e-11
0.0
1.9814015566539688e-07
0.0
0.0
0.0017642211262009697
0.009902923870438559
0.0
7.587679400145245e-09
5.560964650530994e-07
1.296774805485171e-08
0.0
1.7697428480339959e-07
0.0
5.561054032311186e-07
0.0
0.00018877013136806445
0.0
0.0
1.3971005306167996e-05
0.0002489036492315142
-3.5575383784680614e-19
0.09962913641502219
0.0005577645877006248
2.532420539998778e-05
-1.703393159315468e-08
4.015788869385188e-08
1.8277620569712453e-06
-1.033561939419586e-08
3.688867537148167e-08
-2.8839798625335256e-06
-2.715116913354354e-06
0.0
3.637518223998297e-08
0.0004542558005404027
-6.2986599392271395e-12
0.0004543019386760186
0.0
2.207552416437744e-07
6.429056660425783e-09
0.0
1.935806837732438e-08
0.0
5.722467297662511e-10
0.0
-9.692899019295262e-09
0.0
0.0
-1.4630121622366064e-08
9.889000672964729e-09
2.8229488391894375e-08
1.3942310026557313e-08
0.0
0.0
0.0
4.5847847769435254e-10
0.0
1.647353378884521e-08
0.0005601128443411384
0.000560112844341139
0.0
0.0
2.870711358190433e-06
0.001963923597919348
9.989653638002809e-09
1.2237797337156627e-07
9.991051641381682e-09
4.200355922041135e-08
9.991121115139993e-09
9.984219658699477e-09
0.0006711973609989406
5.990988930795593e-08
5.908649941108074e-07
9.985525442601977e-09
4.299507532515799e-06
9.986995141751745e-09
3.23004614888928e-06
9.968933655116452e-09
3.6428247395217164e-05
9.992505329890062e-09
0.0013492148125497008
9.992381299647883e-09
2.3989719250527955e-05
9.990993585666043e-09
4.1374002684425827e-07
9.991030415404578e-09
5.297295075329594e-08
0.0
0.0
0.0
2.560983864049207e-08
9.88715381044204e-09
0.0
0.0
4.200355917794713e-08
0.0
0.0
0.0
6.637651800287451e-09
0.0
5.553669559000445e-09
0.0
0.0005508096255698317
0.0
3.440124858413557e-08
1.1622335084218924e-06
0.0
5.36747455563005e-08
0.0
0.0
0.0
0.0
0.0
0.0
0.0
0.0
0.0
0.0
0.0
0.0
0.0067759651847089375
0.006775945521661132
0.0
1.2346603040559077e-07
8.054011672864458e-09
9.988025482939682e-09
9.987607193374447e-09
5.621835950546542e-10
2.7172752417999987e-10
0.0
0.0
0.0
0.0
-9.93172233736156e-09
1.1786620361184786e-10
7.777418783085718e-11
9.778260002039318e-09
0.0
9.535235949643262e-09
3.419395725311136e-10
0.0
9.554820403337124e-09
2.9461929101865393e-08
1.5578885332782614e-10
5.507763881791463e-09
0.0
0.0
0.0
0.0
3.697497761221117e-07
0.0
5.737528987579597e-10
9.959354050555056e-09
5.585837887688291e-10
-3.4193946805982645e-10
0.0
0.0
1.9940338224775635e-08
1.994033856821594e-08
8.619375342413185e-05
2.7303150478972795e-07
0.0
8.986958929424784e-07
0.0
0.0
0.0
7.327394414286217e-07
2.726232259578403e-07
1.0460566867660778e-08
5.627726171354442e-10
1.9940337537914457e-08
1.994033719510195e-08
0.0
9.030803156614544e-10
0.0
1.7025489015426339e-09
0.0
1.5508149493605756e-09
0.0
1.1512624700568396e-09
0.0
2.3855321342607165e-06
3.5125374820761968e-09
2.6561714183989533e-06
0.0
7.716834327566411e-06
2.56371440564129e-10
2.3395289817458403e-07
1.0567857205759994e-08
2.61648932914049e-08
2.4087823284065224e-06
4.299422032705207e-07
0.003910969152120119
8.057470699799093e-09
0.0
0.0
0.000445031972066293
4.392419560387579e-07
1.4436387565313406e-06
1.5379563205000266e-08
9.483903663432907e-07
1.0040590164587436e-05
0.0
1.5659194688098612e-07
9.976737671668233e-09
5.757353806456646e-10
-9.931722350829383e-09
0.0
0.0
0.0004948612349659464
0.0
0.0005064461196117243
6.149197895642526e-08
2.1509089560406466e-07
3.5808489842457585e-08
1.961025311415606e-06
2.7891048917525474e-07
6.904518500183876e-10
8.10548907184104e-07
5.906882521456112e-08
-4.383423946887309e-07
0.0027390721254983803
-0.0018977519901301754
-0.002809072429150239
0.0020349688494010467
1.2612802064971601e-17
-6.998116354481966e-05
-2.3516606977679716e-06
0.0
0.0
0.0
0.0
0.0
0.0
0.0
1.6533424167915837e-07
0.0
4.5360999213313854e-08
0.0
1.9708225628979796e-06
0.0
2.8839910655234383e-07
0.0
5.0265121900166365e-09
0.0
8.170772090366991e-07
0.0
5.404530703776977e-09
0.0
1.5667489210934695e-07
3.5695404266165704e-08
1.9610597561037004e-06
2.7947904733165855e-07
0.0
8.072470502013042e-07
0.0
0.0
0.0
9.810378591331966e-09
0.0
0.0
0.0
9.977625710037162e-09
0.0
-6.084020943084023e-07
1.1749114034572232e-06
3.2388882521157253e-10
2.3727102743032413e-08
1.0974694245186513e-06
5.079664789832803e-09
0.0
1.4865132133984844e-06
2.5589259825286554e-07
4.468041349652482e-07
1.4528850413382632e-06
8.060109719261299e-09
9.479354813191035e-07
1.0035162475276832e-05
4.118803353386271e-11
1.7566614021563393e-07
2.1274163207233953e-07
4.4108509550326624e-08
6.910119906903267e-07
7.775954602860093e-09
0.0
6.816409707294319e-08
5.4095010528531776e-08
3.955875146798371e-09
8.75273871349774e-07
1.482786689882755e-07
2.7587729128657255e-07
0.0
0.0
6.732047162611873e-09
0.0
0.0
7.319453507092335e-09
0.0
5.9741528949927815e-09
0.0
0.0
0.0
0.0
1.386161712032554e-08
0.0
0.0
0.0
4.995570378052021e-09
-3.101804670291773e-06
0.0
0.0
0.0
0.0
1.2250550909824467e-09
0.0
2.059793282173078e-07
-0.0009740154132480859
0.0
1.4757745874192382e-08
0.0
1.017218681997889e-05
9.851977568191683e-09
-4.526546971430152e-10
9.5639040385967e-09
1.6858311250588385e-10
0.0
5.929770669790096e-06
0.0
4.625483756161797e-05
12.309166634668966
1.035390673288174e-06
-1.190087103860617e-06
-13.65285961516795
-0.001382869437991469
6.301454165537606e-05
0.0
1.9144001461072194e-08
0.0
0.0
8.703533497843173e-09
9.831596863642264e-09
4.3255135698369456e-10
4.3255135672180277e-10
0.0
0.0
0.0
6.270613586191465e-08
6.270613599656876e-08
0.0
0.0
7.258806949354361e-08
0.0
6.270613593570011e-08
-9.797162994935882e-09
2.973348860025786e-07
9.979960770523625e-09
5.789155042551379e-10
0.0
1.2392932844818697e-07
-0.8575624113953536
0.8575622974318426
9.965817578629272e-09
-0.0013199610374687865
9.368319636924308e-09
0.0
-9.940520937640196e-09
4.4863550821025373e-07
3.9377752842867406e-07
2.512688955250698e-08
9.501437854462606e-07
1.0035260304275859e-05
0.0
2.236593780457393e-09
0.0027390721254983933
5.204747475608883e-10
0.002739072125498406
9.920726964880276e-09
4.4863550818960677e-07
3.937775284102378e-07
2.51268895318028e-08
9.501437854228364e-07
1.0035260304252118e-05
0.0
2.2365937485005668e-09
1.017218682002733e-05
2.4180184850317206
9.965206721006374e-09
0.0
-2.1129935167283354e-06
3.9007932179060884e-07
0.0
2.131844047007625e-06
5.737464724290648e-10
0.0013492822640478097
3.6447244168704676e-05
1.4859273175280456e-06
2.4044102554466196e-05
1.3323432744302677e-07
6.297240306487597e-08
0.001963953400143145
8.387160289932558e-06
1.2096940029524806e-06
1.5332218230207543e-10
9.548414980697076e-09
0.0
0.00044504121412865857
0.0
9.242070560367448e-09
8.5747761072594e-10
0.0
0.0
3.714308338089457e-07
0.0006748295900195898
2.0597932809547826e-07
2.2539949764183545e-10
2.2539949759658084e-10
9.181852188360358e-09
0.0
2.3572685053523156e-11
0.0
2.3572685197518757e-11
0.0
0.005372583014078426
0.005372583014078401
1.6304045968413602e-07
9.754824769199423e-09
3.568318191097058e-10
0.0
0.0
0.0
1.3710029114370065e-07
0.0
0.0
1.9940337880886005e-08
5.813597599533979e-06
5.813597599533988e-06
0.0
4.297641242508775e-07
1.1393710481363541e-08
0.0
9.704063979810982e-09
9.704063979928627e-09
9.704063979459887e-09
9.704063979693738e-09
3.067737950929893e-10
1.5312794377630821e-06
3.493778920933864e-05
1.2716790904893694e-05
1.13165973327925e-05
4.951156960500658e-07
9.346763177605556e-08
3.1175614378591226e-08
1.796586442485985e-06
6.727054189019151e-10
0.0
0.0
0.0
0.0012676645005449336
-0.0006967787912634256
0.0
0.0
4.813740522562451e-09
0.0
0.0
0.0
0.0
0.0
4.278325181256174e-08
3.673275039325882e-08
8.632175521397914e-22
0.0
0.0
-9.290044432000303e-09
0.0
0.0
9.872894784698771e-09
0.0
2.4182583359746457e-17
0.0
0.0
0.0
0.0
0.0
0.0
7.578448371801205e-11
-2.5629806122856316e-10
5.224747383871171e-06
8.779850459225062e-05
0.0015301507386510284
0.0
0.0
4.63661262717352e-08
0.0
8.779849760415237e-09
0.0
4.2783251813613465e-08
4.278325181330586e-08
7.578463042822563e-11
0.0
0.0
-9.797717599041578e-09
0.0
0.0
0.0
0.0
0.0
7.543486047578059e-09
-2.5435382966509934e-16
0.0
0.0
5.6452152732773626e-08
4.6589777271364985e-08
4.278325181295493e-08
2.5029718380483412e-16
2.502971848121975e-16
3.9115214901093733e-07
3.813582722525068e-07
9.79387700876088e-09
0.0
0.0
0.0
4.211391466265571e-07
0.0
0.0
7.578492951177973e-11
7.578477898905226e-11
0.0012726317737929195
0.0
0.001272618253541906
0.0
0.013530544054168184
0.0
0.0
-12.309777285140774
9.336184386081036e-09
0.0
9.336184386241564e-09
0.0
-3.312660259351252e-10
0.0
0.0
4.465138166056315e-06
0.0
0.00012737307892059235
0.0
2.1116426359522217e-10
0.0
0.0
9.607096626298082e-09
0.0
0.0
-3.958990702080225e-10
0.0
1.4500794568029533e-06
0.0
0.0
0.0
0.0
0.0
0.0
9.800865883401552e-09
1.9241581982122643e-10
0.0
1.3088312437110889e-05
0.0
4.797315095198623e-07
0.0
11.501762731907005
-11.50176271198072
9.957349723888845e-09
9.877500739188924e-09
4.782368284653742e-10
0.0004543969110017143
0.0
0.0
1.1358088171202686e-07
5.643583316250538e-10
7.131608446442066e-08
0.0
4.204490846910274e-08
1.8048606767043985e-06
-0.2843743191300412
0.28437610184923906
9.938222874726323e-09
1.0510658683789114e-08
-1.051065892786833e-08
0.0
0.0006338188139207721
0.00063382912802487
0.0
1.925504112714811e-08
7.85823203731042e-09
0.0
9.477166449059645e-09
-8.308594196928798e-11
3.2394617755101286e-06
1.0510658195882785e-08
0.0
9.877089941539083e-09
1.4500758195192703e-06
0.0
0.0010208421568945747
0.0
1.4766071242258861e-05
2.5024843126488882e-06
0.0
2.4846928093259037e-06
0.0
0.0
8.898115900986233e-09
0.0
0.0007637107534381324
0.0
0.0007637087154397942
0.0
0.0
9.926523416855271e-09
5.261932817636034e-10
-8.383133206860983
1.1460336178145328e-18
-1.051119200305619e-09
9.98378233333856e-09
9.985169900925608e-09
-9.266959011353798e-09
0.0
0.0
0.0
4.139285181678651e-10
0.0
9.812716309543428e-09
9.864345109989446e-09
4.648542890119498e-10
-9.668232560798613e-09
0.0
-3.174053987624694e-08
-4.160488504163187e-08
4.1085974526354365e-13
0.0
2.5221881971642605e-07
9.983952060608839e-09
9.988298870571079e-09
9.98829879941235e-09
0.0
-9.78872938760522e-09
-5.846596201720307e-10
2.339528978991282e-07
4.383423946633751e-07
2.3392529290367197e-07
2.522188196686866e-07
2.5221881962921696e-07
2.3395289792174483e-07
2.3456136498694725e-07
6.901829080362435e-10
0.0
0.0
5.82853529832846e-10
0.0
0.0
9.984908082984374e-09
5.837968160995211e-10
6.348640384653173e-10
6.348654888778859e-10
5.859987555032156e-10
9.984235651197787e-09
5.831333426151157e-10
6.348682673973327e-10
9.98713974008415e-09
0.0
3.3511755022554556e-07
2.3395289811653972e-07
0.0
6.348711006257298e-10
5.796768756513037e-10
0.0
0.0
0.0
0.0005568884929811283
5.802909757110399e-10
6.072754009227304e-10
6.348752619273682e-10
0.0
0.0
0.0
0.0006770650122986273
2.0597932816655637e-07
0.004103549521731317
-0.004103539556805586
9.964925649669654e-09
0.0
8.929063760098677e-09
8.929063760125782e-09
3.2104949344945394e-07
0.0
0.0
10.960195161182154
-10.960195071329593
9.977823178797252e-09
0.0
1.8107525256993995e-08
0.0
1.09878803823294e-08
0.0
4.4956022065161287e-10
-8.30008004532967e-11
0.0
1.9655501270079753e-09
3.210494934276654e-07
1.9838070672672158e-07
9.986064349576388e-09
-1.787630007064506e-07
5.884792401627835e-10
0.001963613573343365
0.0
1.0498807103104832e-08
9.989111137212459e-09
0.0
0.0016508114257229446
0.0
0.0
0.0
0.0
0.0
9.802138520614583e-09
0.0
1.1178544155523206e-07
0.0005555586831302521
0.0005556772733716407
0.0
-6.648585433149381e-12
