0
1.8752181505474082e-06
1.908391334376193e-06
0.0
2.650237816354722e-08
3.762537323911432e-06
3.150985598722456e-05
2.594645550930511e-07
0.008376540044075892
3.4598841116384076e-06
0.0
6.513650422428939e-09
5.2406870907411666e-06
1.0055867319915928e-09
1.4109040579107732e-09
4.97071329502459e-09
1.207735175689671e-09
1.4256841075843676e-09
3.9916768779805004e-10
0.0
0.0
0.0
0.0
7.781248002012367e-10
3.175049228933689e-09
3.057142018423357e-06
1.9553797762713822e-09
0.0
0.0
0.0
0.0
6.553196213114714e-07
0.0
0.0
0.0
0.0
9.190082209025884e-06
8.188184886086787e-11
0.0
0.0
1.3500884705436967e-10
0.0
1.411485553224563e-09
0.0
7.561142360695605e-09
4.220837359385906e-09
1.1440900949375637e-07
1.1486921795413586e-05
3.1018429055805436e-07
4.835094322555419e-07
0.0
0.0
0.0
0.0
0.0
0.0
5.203745099532483e-06
0.0
9.711364505101756e-10
3.959423525837733e-06
0.0
0.0
0.0
0.0
2.8983170433405986e-10
0.0
0.0
4.6409527163779336e-09
0.0
0.0
2.4264909922396344e-06
9.748771270801337e-09
0.0
7.893864477411755e-09
-4.3601175796876776e-05
0.0
0.0
2.1375132780758894e-21
0.0
7.792679958672754e-10
4.297978069716843e-09
0.0
-4.360117579789182e-05
0.0
0.0
0.17791888117367305
-2.0941972825120408e-07
6.6610258983733825e-09
0.0
0.0
4.1198917904504553e-10
0.0
1.4123464389214168e-10
0.0
0.0
-5.932658957853185e-06
7.191263813997101e-10
3.4268485073749334e-09
5.246262366619542e-09
0.0
1.7365655005627897e-06
0.0
1.2773814414264558e-09
0.0
1.1708424329493058e-09
0.0
0.0
3.414954555666371e-09
2.495401583501091e-10
0.0
2.3788831010208953e-09
0.0
0.0
1.943607409380223e-09
1.165684037949555e-09
0.0
0.0
1.8687887520351478e-09
0.0
2.465223427691032e-07
0.0
3.836195286260497e-06
0.0
6.9707407822438925e-09
0.0
0.0
0.0
-0.7800350177306141
0.7798982144006201
8.806276295699622e-09
7.881177676128997e-09
0.0
4.1212065377953315e-10
0.0
4.120590511868625e-10
0.0
0.0
4.1209498682299843e-10
4.3596392992426335e-05
9.90980989732606e-10
1.2731742225770428e-09
4.0447226141666585e-10
0.0
5.39093603912904e-10
0.0
0.0
4.050572962455483e-09
0.0
0.0
4.5150724923264916e-11
7.01589035790495e-11
0.0
0.0
1.186819391769297e-09
3.0641213178380854e-10
2.0101970756809833e-09
4.109222273352462e-09
5.75767495196711e-09
1.25969880143579e-09
0.0
5.328602236383198e-10
0.0
2.6826617988383726e-18
0.0
-0.08716993667065973
5.82614095167172e-07
2.0101970756809833e-09
0.0
4.309343347460979e-10
0.0
2.362920643709496e-06
6.484116300998113e-06
0.0
0.0
8.68688437909882e-06
0.0
0.0
1.1505876002324133e-06
4.220311642606507e-05
1.7829859350132496e-09
0.0
3.6622848807829617e-09
0.0
1.2060358547994653e-09
1.026376394970387e-05
-0.7021850454692817
0.0
0.7900663751188843
0.0
1.0072904362641763e-05
0.0
0.0
0.0
0.0
0.0
1.0657197292068545e-05
4.916407313028245e-07
2.1488152637563158e-06
4.228027660073431e-06
1.8207263166368817e-06
0.0
0.0
0.0
0.0
5.970981205386554e-07
6.154093437250863e-09
-0.001635090160796541
0.0
0.0
0.0
0.0
0.0
3.779745518909337e-09
0.0
8.033398672953124e-09
0.0
3.5460877462579766e-09
3.9820850719444295e-09
0.0
7.97540032464178e-09
0.0
0.0
4.3616899892967065e-09
2.2469041194679027e-09
0.0
0.0
2.8361566365149886e-09
0.0
2.6502381765087725e-08
7.693788711365667e-20
8.28936913350614e-09
4.2971451274175535e-09
4.2971451274175535e-09
-7.266862624333155e-05
0.0
2.459697759735355e-09
8.821934129322492e-09
-5.788359898133588e-06
1.277150458470215e-10
-1.0806092123218903e-06
5.689837464024482e-09
3.4925013859567075e-09
0.0
0.0
-0.09110585114947178
-2.7057020898549083e-06
0.0
1.3588729467105399e-09
0.0
4.7000129366413804e-09
0.0
0.0
-0.3553332104193627
8.155796849937143e-25
0.0
0.0
0.0
0.0
0.0
2.2310261244176482e-10
3.0733461577791435e-09
0.0
2.2576023211471805e-06
-0.008083072504176945
1.9318552551798978e-09
4.909873949050002e-10
1.68906406515382e-10
3.971639983129852e-09
1.744347293486511e-09
4.6797338263011905e-06
3.866810477322449e-09
6.552230695380968e-10
0.0
0.0
0.0
0.0
0.0
0.0
1.993459619681683e-07
2.237112383908061e-09
0.0
0.0
1.0394360605768901e-09
1.27715045847021e-10
0.0
0.0
2.1500208531721314e-05
5.97910932100994e-10
0.0
2.0525635311071986e-19
0.0
-0.00212356047099416
6.53569792340875e-07
0.0
3.278136551225031e-09
7.447480821798541e-09
4.713407294594007e-09
6.09645839628913e-10
7.925732195669858e-09
0.0
7.191859506919549e-09
3.310758475782852e-06
0.0
1.7945062166527196e-06
4.131802799097891e-07
0.0
2.017549260312416e-09
7.320071084132995e-11
2.130023282269196e-06
7.191263804341094e-10
0.0
0.0
2.5687311548583634e-20
0.0
1.165684037949555e-09
1.8616500467859404e-06
0.0
4.519394283230226e-09
2.445162374822048e-09
1.4742806068928346e-09
2.7284514445604426e-09
2.939227477697496e-09
0.0
0.0
0.00017680175370178192
1.9637873992455492e-06
0.0
1.9398817604882346e-06
7.094545996570968e-10
0.0
1.6059310244398579e-09
2.1603843837299665e-10
-2.8564842215457348e-06
0.00015243776435469264
2.9966739257108952e-05
8.173813869938239e-05
5.140994766075062e-06
0.0003418158995350811
8.691287452959942e-05
6.773121956640734e-05
-3.4598841116384047e-06
-3.459884111638403e-06
0.0
0.0
0.0
0.0
0.0
0.0
0.0
0.0
0.0
0.0
0.0
0.0
0.0
0.0
0.0
0.00015210934587537564
5.9903755724679246e-05
5.8017382534839814e-05
0.00014083657289098802
0.00012754845069822527
3.671268093426725e-05
3.8729195483363114e-05
5.741535037306686e-05
5.426130534905049e-05
2.7717164045297887e-05
3.636970451827169e-05
0.00019232375660602178
7.61902918863706e-06
2.4051308350052998e-05
1.572031645788125e-05
3.859194942822169e-05
2.772121076207544e-05
3.636960895264046e-05
0.00013519306040186857
7.623196856374962e-06
2.4054087823196764e-05
1.7821367665378544e-05
0.00018130989019854817
3.45596635775045e-05
8.401806915224522e-06
4.529285926587269e-05
1.4645078998102294e-05
4.539313496949402e-05
9.57136858913859e-06
0.0001813153333538151
3.108632616523502e-05
8.412733296555957e-06
4.530078610640268e-05
1.4657055786891357e-05
4.5406358754690565e-05
0.0
0.0
0.0
5.749065836000026e-10
1.782676875784041e-05
0.0
3.0571420184232345e-06
0.0
0.0
0.0
0.0001718995441240948
0.00019632387502162483
0.00013149917513001223
8.33249011107063e-05
0.00013149917513065345
0.0001068900524764888
0.00023969597512684082
1.663919127047744e-05
1.138456163377678e-06
3.951650209752666e-05
3.951650209816664e-05
3.951650209880699e-05
0.0
0.0
-3.057142018423345e-06
3.0571420184233277e-06
0.0
5.147032647654086e-10
6.356250771834787e-11
1.0014765235209132e-09
0.0
0.0001718995441239346
0.0001963238750214645
0.00013149917512985195
0.0007365668543884776
0.00013149917513049312
0.00010689005247632837
0.0002396959751266804
1.6639191270316945e-05
1.13845616321728e-06
3.951650209736673e-05
3.951650209800661e-05
3.951650209864687e-05
0.0001718995441237744
0.00019632387502130418
0.00013149917512969168
0.0007365668543883172
0.00013149917513033277
0.0001068900524761679
0.00023969597512652
1.663919127015643e-05
1.1384561630568108e-06
3.951650209784657e-05
3.9516502098486736e-05
0.0
1.5812458040285086e-07
0.0
0.0
0.0
0.0
3.1676144438782726e-20
0.0
0.0
0.0
0.0
-1.81265725625417e-06
0.0
0.0
1.9083913343757475e-06
-6.553196213148521e-07
6.553196213202597e-07
0.00032698043552777155
0.0005232015031604297
0.00031786797290243277
0.0015749488935922428
0.0017314989632891988
0.0002848394735420889
0.00029019637433244704
0.0013216849130503968
0.0002224783367959696
0.00023084938212774818
0.00013872033149224847
9.860894536234672e-07
0.0
0.0
0.0
0.0010753287923920415
0.0004817838625123759
5.424996775875481
0.0
0.0
0.0029457135887427923
0.0029457066889487463
0.002943557873684966
0.0028111683541063946
0.002655247549357271
0.0021146634082950108
0.001982573788921366
1.7782772044396885e-05
0.0
0.0
0.0002910026304649213
0.0
0.0
1.4838955930347929e-19
1.714987867833901e-17
0.00197404444789219
11.563510668832189
0.0
0.0
0.0
0.0
0.0
0.00016783004691394945
9.860894676224409e-07
0.0
0.0
0.00325928179663988
0.00325928179663988
0.002433696558840072
-4.224961867831124
0.007323562717741902
0.00016782678374965853
9.860894606564618e-07
1.1082031898831757e-09
0.0
0.0
0.0
0.0
0.0
0.0
-0.0029457135068609256
-0.002945706688948729
-0.0029435578736849476
-0.002811168354106377
-0.0026552475493572536
-0.0020064756779339353
-0.0009610537657274807
1.6647995929446553e-05
-8.463961755264911e-05
0.003126914450815824
1.1440900944853208e-07
0.0
7.40108923344466e-16
0.042932209811791106
0.04293220981178994
-0.0031269144508158236
0.00043170378731474776
0.0001952032323133434
1.6062581682683835e-05
0.0008614646333792909
0.0007584611506587159
0.00012791230760742314
0.00013364420950066777
1.723092049641633e-16
4.234577874774965
-1.148692179541359e-05
1.1486921795413591e-05
-4.194316973829085
4.1943077837468765
-9.190082209025891e-06
1.079524148754915e-05
5.604136732233558e-06
5.604136732233709e-06
3.5536303782276074e-05
-3.101842905569342e-07
-3.1018429055754227e-07
1.4155099968947695
1.441536963994393
-7.780298131216858e-05
6.553196213607331e-07
6.371834473896365e-06
1.947773719159286e-05
0.0002645788124596916
0.5566751377722029
-0.5566756183924655
-4.835094322551496e-07
2.035006834653586e-17
1.405870795294273e-17
2.6750501305604e-09
2.675050129825194e-09
1.1252866904216784e-05
0.00012613067454865867
0.002126644081536457
0.003066989646472839
0.003894122229353811
0.0030669896464728384
0.0003356436806515706
5.0894375005357175e-05
1.5865844062813467e-07
4.2719450619378605e-05
9.362237040301863e-05
0.0
0.0
0.0
1.3744827396921925e-06
7.407556341182399e-05
7.405918310053331e-05
5.103933086081691e-05
1.437835554194424e-06
0.00017680175370178174
1.5279138846808135e-07
0.0
0.000246368697058747
0.00020386575065809058
7.800929845977365e-05
0.0007395793930112444
0.0008535020985218976
0.00011648893419808532
8.828853133848205e-05
-0.00325928179663988
0.0
3.762537323395431e-06
0.004698379962610625
0.00389412222935381
-0.003894122229353811
0.03216454501162419
0.0
0.0
0.00024781797395730993
9.243240951878053e-05
0.0005559909439080239
0.0
4.1834002611984894e-05
0.0015378034342980976
0.0010855514531493572
-0.005368558306903637
0.00022075847221902903
0.0
7.394804138741202e-05
11.210897201931946
-12.008262989243697
0.7972866355252658
-5.203745099532489e-06
0.0
0.0
0.0
5.1715405068759814e-05
0.0006787179718647585
0.0
0.0
0.0
0.0
0.00011939774645825118
0.00011939774645825103
-3.9594235258374855e-06
-3.959423525837629e-06
0.0
0.0
0.0
8.312192523245948e-10
0.0
0.0
0.0
0.0
0.00011680287916256734
0.0
7.408342854318876e-05
0.0
0.0
0.0
0.0
0.0
0.0
2.6502378103335385e-08
5.791295220059367e-11
1.875218150319908e-06
9.203874710479252e-07
6.832075187303621e-05
0.0
0.0
0.0
0.00016783434489201933
0.00047829089947960715
0.00047829089947960747
0.00013872033149224836
2.6502379859438936e-08
0.0004167799716416016
0.00041677997164160104
5.82728825795752e-19
9.309653879039498e-18
0.00017214807079806831
0.00012594447394579452
1.2876955544464504e-05
0.0007213677149627122
0.0006980833684426616
5.405461040034776e-05
2.4243342471844532e-05
0.00025955571651667994
6.925875836754943e-05
3.185626138219842e-06
0.00014009691841657937
6.0377782216054775e-05
7.385769720707603e-05
0.00010940086702882356
0.0
3.736052580844442e-06
0.0
3.1429959612483186e-06
3.1046407958753476e-05
3.3573793268754937e-06
7.509356649375457e-05
7.509327666205026e-05
7.50935664937546e-05
7.509356649375458e-05
7.50935664937546e-05
4.71422436065129e-20
5.234316868400038e-20
8.843923230472504e-05
-8.001920147633175e-05
8.418270604599754e-06
0.0
-1.7330118638499956e-05
0.00015947163506328164
1.7322328591450217e-05
0.0003170743403633352
0.0027185386084532127
0.0027185386084532122
0.0
2.2812974439915796e-05
0.00033987195635384876
0.0
-0.009581236082583183
0.0
0.0
0.0
5.7053477763694665e-05
0.00013227926848461587
3.4797762563390296e-06
0.0022051134781748446
0.0
0.00026183668916149647
-0.0003941088306026023
0.0
0.0
0.0
4.826549035378258e-06
0.0027799657869762655
0.009581236082583182
4.461865786179829e-08
0.0
0.0
1.9051269343369698e-05
0.0010165457851850305
-0.027122257563287684
1.013759923355809e-21
2.3112252338171434e-05
0.00015696443842939204
0.00022111710412260467
5.60855142989804
-5.608822770915438
-2.4264909922396543e-06
0.0
6.396410518111174e-05
-0.00042662316907864794
0.00023742754793822608
0.00010134738064130704
0.0008042577332568119
0.49949482019169533
4.193659686927339e-10
0.0
0.0
0.0
1.0219679832604793e-06
1.0219679832618648e-06
1.0219679832635885e-06
0.00212664408153663
0.0
2.0735725203741288e-09
0.0
-2.6285971133464166e-10
2.6502374323897195e-08
0.0
0.0
0.0
0.0
0.0
1.8360170534463926e-17
9.037564328629073e-18
2.7919783288776505e-17
9.325532003030354
4.3601175796876776e-05
5.240687090741113e-06
0.0
-9.32557560420615
0.0
2.4683448066595194e-17
2.413692738980555e-17
0.0
0.0
0.0
3.057142018423094e-06
0.004777918939856686
0.0006890755995855655
0.0
0.00015695309777763098
0.001010186232491347
0.0
0.001167139330268978
3.9170487986873626e-05
0.0001958898438359097
0.00013428278385298193
0.00018460309602846869
8.402102403827013e-05
0.00011886351400259906
9.285696857699776e-05
0.0
0.0
2.0013279247946747e-05
5.987766908772524e-16
5.987353461630634e-16
6.278039792747549e-16
5.993112233591634e-16
6.832075187303602e-05
0.0
0.0
0.0
0.0
0.0
0.002710786376855266
0.0032080402737794758
1.8680264722667328e-06
0.0
0.0
9.496799675411398e-20
0.0007660271718214444
0.00011281560519901498
0.00011281652729522651
0.0
0.0
9.858331305430112e-05
5.7850805720057015e-05
0.00012191105535133188
7.857190772209137e-05
0.00010687143274402453
3.893901226942909e-05
8.695300135773474e-06
9.858331305429931e-05
5.785080572005503e-05
0.00012191105535133008
7.857267158573923e-05
0.0001068720269178535
3.893901226942673e-05
8.695606303947402e-06
2.1800587898945913e-05
4.360117579789182e-05
0.00017067043237317022
0.0
0.00012243290892414692
0.0001224329089241469
-0.17791888117367305
-0.1777578222876986
0.00014015262304765944
0.00013406968114702329
2.0941972825120848e-07
0.0002744317239229339
0.0
0.0
3.5945889269783447e-07
0.0
2.543568988050148e-05
0.0
0.0
5.083616652481449e-05
5.083616652481448e-05
5.0836166524814465e-05
5.083575453563545e-05
5.083616652481447e-05
0.0
2.043939599086072e-06
4.130385246688803e-06
0.0
0.0
1.2885195803617825e-10
0.0
0.0
0.0
0.0
0.0001096624771727451
4.309649495259677
0.0
0.00018889801488069534
-4.30994805575173
1.1541655462360593e-18
4.3097591578780845
0.0
0.04369825367406893
0.0001706626465243139
5.355486694013308e-10
0.0
1.2383494753932707e-11
0.00018812033982448478
-0.00018812033982449098
-0.00010818773036105866
-0.0010215200231938682
1.1347761149668912e-06
0.0018232047430844303
1.6207031263193752e-09
4.986172450231726e-09
0.0005954029841710115
5.932658957853188e-06
0.0006013421259413699
0.0
0.0
5.206966588832762e-19
0.0
0.0
0.0
0.0
0.0
0.0
0.002062461916512475
0.0
0.0
0.004139563653870495
8.516564224924653e-20
0.0012899712344956128
0.0
0.00027555336329049106
0.00034614794070408607
0.0
7.059451552237671e-05
0.00022435551371771323
8.808464514078585e-05
0.31975846103575956
0.0001621364037682663
0.0
0.0003681231701883567
5.7895818126017025
-5.789583547784031
-1.736565500562492e-06
0.0028115727374197945
-4.658783877223316e-07
0.0
0.0
0.0001031215958915437
0.0002630898752574731
-7.332101670320577e-05
0.0
0.0
0.0002285626471034896
8.192863927651857e-05
8.748879001852896e-05
1.8430587080217514e-05
0.0005154383675362548
0.00018641721147872554
0.00032035147541897716
0.00019315844386930695
0.0
0.0
0.0
0.0028798270473056205
0.0031125952201844576
0.0
-5.240687090741144e-06
0.00018768353831214506
0.00026938895430434525
0.00025964934630375356
0.0007977127563771884
0.0008780468079696972
0.00015777273339177334
0.00014144295297973902
3.71482589689251e-06
7.472105161690939e-06
2.6502376236176336e-08
0.0
0.0
0.0
0.00014161113375481466
2.375691503647314e-06
1.9528544196415082e-10
0.0
8.404610590073012e-09
0.0
0.0
0.0
0.0
0.0032082402176523764
0.0
8.188229137117968e-05
0.0
0.0
0.0
0.0
0.0073235627177419
0.0024336965588400714
0.002972036120686911
0.0
0.0
1.1490660492836551e-05
3.197464162919956e-05
2.0483981136363076e-05
1.9540681063575478e-19
0.0
0.0031125952201844563
0.0031125952201844563
0.00022699824862023379
5.604136732233914e-06
0.0
1.1582303001207044e-10
1.1585557072045439e-10
1.1584054328420003e-10
5.604136732232352e-06
0.0
0.001171254192393614
0.0012891140673337324
0.00031959752724891984
-0.002779965786976266
0.0
3.736052580844046e-06
5.604136732233443e-06
3.76253732375666e-06
0.0
0.0
0.0
0.0032082402176523764
0.003208040871690408
0.0
0.0
0.0
0.0
1.0765559956136093e-09
7.33250542537581e-09
2.3289244613050165e-06
1.0111767661758354e-05
5.793221316534663e-11
2.6431791441950154e-10
0.0
0.0
0.0
0.0
0.0
0.0
5.604136732229424e-06
5.604136732228988e-06
0.0
0.0
0.0002669573148687134
0.00026695731486871347
4.82503654606128e-06
4.826968401347698e-06
0.0003161018969590478
0.0
2.1104680756273283e-09
1.8311424402297367e-09
0.0
1.8311424402297367e-09
-0.0007380638663048605
2.1312084333532298e-10
0.0
0.0
0.00021919636906195765
0.0
0.0
0.0
0.000479925328070608
0.00015466959865202153
0.0
0.0
0.00037368918882182874
2.001327924835264e-05
2.3752409980195357e-05
0.0
1.8639125811713089e-06
4.040897237148921e-05
0.0
0.00019633243898530572
0.0
0.00013150756753220396
0.0
8.333287909167618e-05
0.0
0.00013150756753284526
0.0
0.00010689862411298408
0.0
0.00023970449246074637
0.0
1.6647871948024873e-05
0.0
1.1470489242965528e-06
0.0
3.9524933585330336e-05
0.0
3.952493358597041e-05
0.0
3.9524933586610826e-05
0.0
2.46522342771044e-07
2.4652234277493873e-07
2.465223653955562e-07
2.465223580382243e-07
2.4652235049470934e-07
9.860894464854613e-07
0.0029457135068609325
0.0029457066889487333
0.0029435578736849545
0.0028111683541063833
0.002655247549357259
0.002114663408294999
0.0019825737889213545
-1.7782772044407917e-05
9.418767032138073e-05
9.419439274613951e-05
3.495663064918837e-07
3.4956630651705016e-07
0.0
0.0
2.6502386679457648e-08
0.0
0.1215637184603261
1.0658213876399923e-05
6.803252604894124e-06
2.736816645231846e-08
2.6502382651991482e-08
0.00011446719286452417
0.0
0.0
0.0
0.0
0.0
0.0
0.002115585559133439
3.9567323577627484e-05
6.283524164415038e-10
0.0
6.655483076954921e-05
2.8799256743360333e-05
2.2300465449418394e-05
5.046694984912075e-05
4.5944050359829174e-05
0.00020267844263783407
9.846165071334956e-05
0.00015592350602642002
0.0008565672459705723
0.0005759818936352543
0.0002615362606120701
0.001292864524989739
0.0014642653648817292
0.00020192239329089507
0.00020618586086617682
0.00011524516527712858
0.00013239107620187772
2.7012773190639397e-09
0.0003159831049083354
0.0005520800046226906
0.00015334853025101707
0.0003140279872178669
0.00044274534168786656
0.0002185703892203471
0.0002073206369811495
5.370981665739805e-05
1.556623330333051e-09
0.017411073004449128
0.0001009352408185667
0.0
0.0
0.0
0.0
0.022036344249989716
0.04144537819462632
4.987009332909012e-05
0.0
8.780994363571567e-12
0.0
4.125686474207483e-06
5.378255017993239e-05
8.995400720310783e-05
0.0
0.0
0.0
0.0
0.0
5.80554684738816e-05
2.685191465936864e-05
0.002576287565547268
0.7800350177306141
0.0018134963581629335
0.0
0.0
0.0
0.0
0.0
4.2330869151736927e-05
0.0
0.0
8.46265245973796e-05
8.462652459737961e-05
8.462652459737959e-05
8.462611247672584e-05
8.46265245973796e-05
0.0001378549057076237
0.0002759330495587071
-0.780436968505307
3.228330555097768e-05
0.0
0.0
6.453139761602501e-05
6.4531397616025e-05
6.453139761602497e-05
6.453098555697382e-05
6.453139761602498e-05
8.826862431132004e-05
6.1109415323469766e-06
0.0
0.00018876892140692146
0.00018876026136511824
0.00019259645665137883
0.00018876892140692157
0.00019259645665137894
3.747166989978829e-05
0.0
0.0
7.490812618521215e-05
7.490812618521214e-05
7.490812618521212e-05
7.490771409022534e-05
7.490812618521214e-05
0.1951782253887162
3.258028847611344e-05
5.728079346399418e-09
6.517203311092007e-05
0.0
0.0
0.0006298625551622486
3.3222785972889358e-06
0.0
1.0037449738353682e-19
1.868026290423082e-06
4.93675107303219e-06
3.2151211315341836e-05
4.092468016748038
0.0
7.646247516444971e-05
-4.359639299242636e-05
0.00026379542553991634
0.003888705521742963
0.0996847073965199
0.0
0.0
0.0
0.0
0.0
0.0
0.0
0.0
6.163905466178823e-09
0.0
0.0
0.00036885057113768683
0.00038916084783467496
0.0
0.0
0.044651620504939635
0.0
4.610189161508833e-11
0.0
4.002638073911774e-05
4.002638073911774e-05
0.0011298039144993473
0.0
1.3455483430584914e-06
0.0
4.794970213072445e-05
0.0
5.791791021923346e-09
7.422062626067822e-05
7.792127671229556e-05
6.513234291530866e-05
1.8211678048531627e-05
0.00015541873007923537
6.243432379773696e-05
6.40451888666372e-05
0.0
0.0
-0.0022646083356107362
0.00011633330686550596
0.00011605124427211911
1.3423710336039348e-06
0.0
0.0
0.0
0.0
6.938513164159566e-10
0.0
0.0
0.0
0.0004039964096630164
0.002528861962721123
0.0023964946168970667
0.00011691668967477759
0.0419029471029776
0.0002536358792785566
4.5953263860311026e-10
0.0
0.0
0.0
0.0
0.0
0.0
0.0
0.0
0.0
0.0
0.0
0.0
0.0
0.0
0.0
1.2726333711785391e-09
3.5945889029855403e-07
0.0
0.0
0.0
0.0
9.190067658229621e-05
0.0
0.0
0.0
5.294895967020759e-10
0.0
0.0
0.0
0.13972568381717507
0.0037857266227997862
0.00011027082470434454
0.0
5.597982638795182e-06
0.0
0.00011066683612506074
3.611928760192104e-05
0.00012011135753407798
0.00013208041744236908
0.0
0.0009110769268931815
0.00010274334570385304
0.00010274334570385305
0.000102743345703853
0.00010274334570385294
0.0
0.009300145712807158
0.002789415471406922
5.830346205447798
0.0
3.5327670387501976e-05
3.474505629233474e-05
-5.826140951671964e-07
5.918132852541273
0.14155721965982326
0.0
0.0
0.0
0.0
6.059690112207158
3.594588897714685e-07
3.594588908449929e-07
3.594588914104015e-07
0.0
0.0
0.0
3.2812279956273696e-05
0.0847556420531774
0.002346147727906832
-4.1498413562391985
4.237011292909858
5.6887889857879745
6.059690112207158
0.017876817843349057
0.0
0.0
0.0
0.0
0.0023964946168970667
5.4249967684685725
6.832653344462725e-05
0.0004907941772675108
-0.07899342768567086
3.1075407965474743e-06
2.600312944788504e-09
0.0038959974475041292
-0.00027460133782290503
0.0007293119024183192
4.794970213072458e-05
4.79497021307246e-05
0.000150543128381726
-6.763327305516757
1.338245953986991
-2.362920643709492e-06
0.00015745564730584353
0.0
0.0
0.00016912825671818338
2.380619423991729e-09
2.4492215341822764e-09
0.0
0.0
0.0
1.8891635786287372e-06
0.0004184767512841296
-1.1505876002324288e-06
0.0
0.0
0.00085644852099462
0.00015743305219533717
1.7302386480097122e-08
0.0006874650389420765
0.0005611504196498143
0.00010397386083996073
-3.3371904261050007
3.3371482229885743
-4.2203116426065073e-05
0.00013832024383386634
0.00042247845011370234
6.77204527547649e-05
-8.686884379098858e-06
-0.0005426144089431533
0.00010182305607090785
5.2809242106559974e-05
6.162213127941917e-05
0.0
6.928608443019224
-10.8470359492496
3.9184210221140763
-6.484116300998065e-06
0.0
1.4378355541126721e-06
1.4378355540108065e-06
1.4378355540515517e-06
0.00020339390809741943
0.0024329755040736435
0.0
0.04184167910369287
3.292639346141064e-05
0.0
6.804965166806192e-19
0.0
0.0
0.00011447463587669772
0.0
0.0
6.52156014344983e-09
1.1665272550163144e-05
3.987101032857906e-05
6.938513163988138e-10
0.0
2.3289244600376625e-06
0.0021001903593122566
0.0007037990556974003
0.0
0.0
0.00014721155846750896
0.00014721155846751416
0.0
0.0021001813055871554
0.0
6.832038751780697e-05
6.831778259442881e-05
0.0
0.0
6.832653344462739e-05
5.604136732225571e-06
3.7360525808436516e-06
0.0002627101863025748
0.0003947906037449435
1.4046300782740678e-05
0.0
9.37358365102277e-05
0.00016370289111187166
2.162001292733321e-05
0.00012051326377803048
-1.0263763949703656e-05
-0.00013077702772773384
0.0
0.0
0.0
0.0
-0.7900663914065862
-0.40372656265264595
3.942211180425196e-05
1.0072904362641656e-05
-1.0072904362641724e-05
0.0
0.0
0.0029457135068609377
0.0029457066889487403
0.0029435578736849597
0.0028111683541063893
0.002655247549357265
0.0021146634082950047
0.00198257378892136
-1.77827720444024e-05
0.0
1.868026472221101e-06
0.0
0.0
0.006557238849983058
0.0
0.0
2.5127336206246552e-08
9.16391209427519e-09
5.7862632886944775e-11
3.594588875815786e-07
3.594588883315367e-07
3.594588871182403e-07
3.594588872885244e-07
3.5945888789538503e-07
3.5945889199438287e-07
0.0
0.0020724471759520527
6.746168472337599e-05
0.0009430771383859942
-5.585863192115404e-05
0.0
2.6552008274229318e-11
0.0
0.0008042577332568137
0.0008042577332568136
0.0
4.7124945953618035e-06
-1.5369691887430163e-05
-1.0657197292068477e-05
0.0
0.0
5.993712766340449e-06
2.416953143629084e-19
4.916407313028357e-07
-4.916407313028295e-07
0.0
5.604136732232855e-06
0.0
0.0
0.0
-7.44580940723538
7.445688459088029
0.00012094814735219243
-0.0064686408623987265
0.005178177987171811
0.0012899712344956126
0.0008042577332568134
4.4353638856056564e-05
-2.1488152637561595e-06
5.938653335597474e-05
0.00037210505663189954
0.0
7.063411604766539e-10
1.2987905846497509e-09
9.88398746727064e-05
-4.228027660073209e-06
-4.22802766007292e-06
0.702185066743156
3.51092668334119e-08
2.3807284480256666e-06
2.1734796426784675e-06
2.423580721805627e-07
2.1734796426785993e-06
2.1734796426787598e-06
0.0422722570060603
-3.9181031877454893
3.918114678521869
1.1490660492836668e-05
0.0006599528057296358
1.5106622796936633e-05
-0.00018358880345929252
0.00018541193326268061
-1.8207263166369226e-06
-1.8207263166368997e-06
0.0008042577332568133
0.0008042577332568134
0.0004782908994796069
-0.0024336965588400714
0.0
4.7621860604701804e-05
-4.761736857875752e-05
0.0
-0.004698379962610625
0.002336168422634368
0.0
3.810416709772116
3.8104167108929095
0.0
0.0
0.00011034554314701413
2.0866319356917504e-05
0.0
7.168723539046587
-7.16872413493803
-5.970981205384469e-07
-7.782843199867902e-06
9.901511584928905e-06
0.003774002273930835
-0.003774002273930833
-0.003774002273930834
0.003774002273930834
0.0
0.0
0.00016296486165738382
0.0001629648616573868
-0.007323562717741903
0.0024336965588400714
3.862351001057087e-05
8.92992086635924e-07
0.00032698043552777166
0.0003269804355277716
0.00032698043552777155
0.0
0.00011932350219037321
0.0016369728435245126
0.0001212061849183448
0.001635090160796541
0.00013887323685038083
0.0
0.0
0.0
1.1440900935818298e-07
7.924248037715034e-09
0.0
4.183356411175629e-05
0.0
4.3850022858088855e-10
0.0
1.0769278284407666e-09
3.4686083232598565e-06
0.0001388630874829423
4.183507953981334e-05
0.00013886335857629127
3.468608323259856e-06
0.0
4.473249833939658e-06
0.0
4.481174079890016e-06
2.9361925957338923e-05
0.0002528978616023592
0.003774002273930835
0.0
0.00021434297453771302
-0.0002143406979969925
0.0
5.280924210655978e-05
0.0
0.0
0.0
0.0
0.0
0.0
0.0
4.6893897514810975e-09
8.034177229740407e-09
0.0
0.0
0.00016331048831948476
4.432961391240589e-05
0.00012831369018503802
1.6536408825498878e-05
6.420506749363411e-05
3.8795120677161986e-05
7.980604614407906e-05
9.666353828420433e-06
0.0
0.0
0.0
7.320310006308009e-10
0.0
0.0
0.0
0.0
0.0
0.0
0.0
0.0
0.0
3.990728482834827e-05
0.00015210934587537613
5.990375572467976e-05
5.8017382534840274e-05
0.0001408365728909886
0.00012754845069822584
3.6712680934267844e-05
3.872919548336342e-05
0.0
0.0
3.7541855227218925e-09
4.00257551691017e-09
1.2615052069474236e-09
3.522649497677027e-09
4.671917526928139e-09
1.879538363529234e-09
2.955630988391616e-09
0.0
0.0
0.0
0.0
0.0
4.169691345355085e-05
1.5672311551819077e-05
0.0
0.0
5.712943469894669e-05
0.0
0.0
8.248119537876808e-06
0.0
3.4770915977929415e-06
0.0
0.0
0.0
0.0
0.0007380638663048603
5.2406870907503704e-06
0.0
0.00014342592749741956
0.000370263774099351
0.0005189264445029959
0.0
0.0
0.0
0.0
0.0
0.00012326312756306013
2.6502388806296647e-08
0.0
0.0
0.0
0.00039631682032071247
0.0
0.0
3.6358405645186376e-09
2.4537800891096002e-11
2.453780089849082e-11
0.0
0.0
0.0
0.0
0.0
1.600538326286083e-19
0.0
0.0006476048820479234
0.00020674125370038647
0.0008543432846144104
0.0
0.00015623064513599683
0.0
1.5442869148529985e-09
0.0
0.0
0.0
0.0
0.0
3.161471067763215e-10
0.0
0.0001048912199975642
0.00010489121999756416
0.00010489121999756419
0.0019740179374599758
0.0
0.00019133250106253776
8.986505767958134e-06
0.0
5.059930629345123e-07
0.0
5.99112616003424e-10
0.0
0.0
4.960944453968151e-07
7.445034043718732e-05
0.0
0.0
0.04600915306923453
0.00011957112152275183
0.00037226401388128043
1.481213860047084e-05
0.0001909007228322434
2.001327924719413e-05
2.001327924761395e-05
2.3718347408049288e-05
2.37170747767044e-05
0.0
-2.6502381677115826e-08
-2.650238154933043e-08
2.0013279248192942e-05
8.220776947423238e-06
0.0
0.0
0.0
0.0
0.001293742843272526
0.0
0.0
0.0
0.0
0.0
0.0
1.3524451042279072e-19
0.0
0.0
-0.0004214594206152218
7.266862624333155e-05
0.00026445453104159385
0.00022967351581695955
0.00011803401348831118
1.8284859760327154e-20
0.00010489121999756419
0.0019893838378619174
0.0019893838378619174
0.0
7.44504974132435e-05
0.0
0.0
0.0
8.991428397789498e-06
8.991428397789149e-06
0.0
0.0
0.0
2.3381483507701655e-05
0.00019030308728027194
3.300084530841636e-05
4.960171837421556e-07
7.444083404048632e-05
8.982856031734211e-06
0.0
-2.338885456101575e-05
-0.00019031048286755314
-3.3005363158191446e-05
4.927592925920004e-05
0.0
0.0
4.927592925920613e-05
0.001886157953839077
0.0009250727260849001
3.1342397121454806e-05
0.0
0.0
0.0
0.0009668735876523106
5.788359898133593e-06
4.087879198172846e-06
0.00016331048831949056
0.00016331048831949352
3.5945888878791567e-07
1.0806092123219054e-06
1.0806092123218954e-06
1.8162509819990621e-12
1.021971615761542e-06
1.8162507959492744e-12
4.826968401348461e-06
-0.0016587608896770187
2.0439395990870307e-06
0.00020030684494539062
0.0
2.043939599086415e-06
4.087879198172698e-06
3.0571420184232942e-06
0.0
0.0
6.55319621329037e-07
0.008465778744035977
0.008465778744036341
0.0012937429011331215
3.762537323859839e-06
0.0
0.0
0.0
0.00013236734582405664
0.0
3.537153647229318e-10
0.00019684668513024546
8.955477642878877e-05
0.17968429326088306
0.0015838431596191666
0.09864526216514809
3.709430710135212e-05
0.00020592668121923865
2.788232791446625e-05
1.1252866904216574e-05
0.00022968174554380678
0.00014978346846045284
0.000764451452309886
2.4137898534089326e-05
0.00013352750947069129
0.00023137290580545143
1.1246355296231448e-05
0.00014431728485694758
0.0047918530799368675
5.385138966190575
0.0
1.4499897180793422
0.004391025683423379
0.0028160889021608916
0.00022054191740484506
0.0002859885932511746
9.441141732400112e-05
7.5714742980937056e-06
0.00011534358112200354
0.09110585114947178
0.09123812295561196
0.0
8.384057309320099e-06
0.00014248126555045605
2.7057020898549125e-06
1.4956294224412456e-05
0.0001386147307252186
9.365439210658685e-05
0.00010320291334834909
0.0
1.8918153379096663e-09
1.863185997911313e-09
0.0
1.124600158086194e-05
0.0001335275094706911
4.78969476707877e-18
1.907824082611536e-05
0.0
0.0
3.5462350041123487e-09
0.0
0.0
0.0
0.0
0.0
0.0
0.0
0.0002787390559417569
0.0002787390559417569
0.0
0.0
0.0006322204050044374
5.381427107592723e-05
0.0
0.0001290147255278814
1.2066784447664216e-09
3.7148258968928904e-06
0.0
0.0
6.642477843365933e-07
0.0
2.3754962182054538e-06
0.0
0.0005319864348885226
1.3196096296113034e-09
6.797546351317161e-05
5.574204948391855e-10
0.0001421217332503618
0.0
0.0003064523005040163
1.887693096472637e-09
1.103664817786139e-05
0.0
0.0004296912628193849
0.0
0.000406206203312837
7.780298131216832e-05
0.0
0.0
7.751877257547358e-05
0.0
1.2553517426912999e-05
9.291893954904083e-05
3.714825896892747e-06
1.4046300782741283e-05
5.025887558102824e-05
1.9096178304832416e-06
0.00010259059353301143
6.880071654715586e-05
0.0006172336354481256
9.386250207478147e-09
1.320433759148118e-06
0.0002374275479382266
2.7703199467973076e-06
0.00045589792159562065
0.0
1.6588593270753519e-09
0.0
0.0
0.0
0.0
0.0
0.0
0.0
0.0
0.0
0.0
0.0
0.0
0.3553332104193627
0.16015498881465762
4.787417259568924e-07
5.5615950630929324e-05
0.002718538608453212
8.804658611825343e-09
8.936677433209418e-09
0.0
1.868142300264338e-06
3.3447874793648894e-09
2.6502387380293265e-08
2.6502387944302895e-08
2.6502388365844283e-08
1.8639125811712526e-06
5.802694704706084e-11
5.799155937156121e-11
0.003774002273930835
0.0
2.3966428434122474e-09
0.002779965848900146
0.0
2.3966736685946447e-09
0.0
1.8680264671168117e-06
1.8044879496468575e-06
6.353851232119646e-08
2.65023838260087e-08
2.650238489446768e-08
2.6502385848343957e-08
0.0004083812196479968
6.757107934012043e-05
0.0
6.192388005912108e-11
0.0
-0.002779965848900146
3.150985598722455e-05
0.0
0.0
0.0
0.0006724465701736537
0.001867116791699832
0.00025029341108817013
0.00016033337944676608
3.438087470838638e-05
0.00013161072742860213
0.00040129221412555396
0.00016449258933851294
0.00010743376650214934
0.0
0.0
0.0
0.0
4.826968401346233e-06
7.612488274879602e-05
0.00015243776435469166
5.196190001940857e-05
2.9966739257107902e-05
5.750651319145608e-06
8.173813869938144e-05
1.3289592314141217e-05
5.14099476607383e-06
0.00017362246800117258
0.00034182007549419353
9.950433694912491e-05
8.691287452959819e-05
0.0002526202558525692
6.773351732614053e-05
0.0004006053794694946
0.00015667416127508932
0.0019699699202613678
6.371834473896619e-06
9.373583651022801e-05
0.069603978891155
5.965466647334137e-07
1.2686908597467087e-06
1.8639125811711983e-06
6.197583919296367e-05
5.7408751879888065e-05
5.425443899041164e-05
2.7712163083734683e-05
0.00042124719586830614
0.0003687346809155486
7.614137765906497e-06
2.40477100786859e-05
0.0
0.0
1.863912581171281e-06
0.0
0.0
0.022086221498205265
0.0
0.04144537819462633
0.00024162362077527672
2.6940469259984917e-05
0.00023916084297991656
0.00015647081900951027
8.697229914186733e-05
0.00015216702414843836
5.358423309137551e-05
9.400572510008415e-05
-0.0011298039144993475
0.018319415711430753
0.044325151495208354
-0.13972568381717507
0.04190294710297761
1.3888956957114989e-21
-0.1215637011579396
-0.00033999122850711665
8.945551423242407e-05
0.0
0.0
0.0
0.0
0.0
0.0
1.7369100670844144e-05
8.945551423242493e-05
5.7845509626099004e-05
0.0
0.00012538449284427405
0.0
7.856104660952452e-05
0.0
0.00010686738980579184
0.0
3.8927177304482127e-05
0.0
4.859996000091528e-05
0.0
0.00010682461490326743
5.783662090624878e-05
0.00012537561012911409
7.855684738682142e-05
0.0001068585183401748
3.891827847964589e-05
4.859107598078505e-05
2.2576023211485226e-06
2.2576023211476277e-06
-0.0015519240344439669
8.757401082614766e-20
0.0
0.0
0.0
0.0091128236709461
0.008083072504176945
0.00024482766432149303
0.00015210934587537515
5.9903755724678724e-05
5.8017382534839346e-05
0.0001408365728909874
0.0001275484506982247
3.671268093426664e-05
3.87291954833628e-05
5.7415350373066496e-05
5.426130534905007e-05
2.7717164045298784e-05
3.636887329901888e-05
0.00019232375660602135
7.619029188637708e-06
2.405130835007994e-05
1.782136766537814e-05
0.00018130989019854774
3.455966357750413e-05
8.402638134476652e-06
4.5292859265872206e-05
1.4645078998101788e-05
4.539313496949385e-05
4.432961391240542e-05
0.0001283136901850375
1.6536408825498414e-05
6.42050674936335e-05
3.879512067716141e-05
7.980604614407845e-05
9.666353828420123e-06
0.0
0.0
0.0
7.320310022231108e-10
0.0
0.0
0.0
0.0
0.0
0.0
0.0
0.0
0.0
3.9907284828348064e-05
-3.611928760191869e-05
3.7360525808448434e-06
2.6502381382100765e-08
1.970198690816082e-05
4.825036546085526e-06
0.0
0.0
3.0571420184231464e-06
0.00010245750504741711
8.246735932024317e-06
4.625284638243869e-05
5.9439619431016304e-05
2.4625423643620885
0.0
0.0
0.0
0.0
2.397485106536215e-05
0.025345711445836274
4.825036546077687e-06
2.8079410485999622e-05
9.100968305129994
0.00037337702242763585
-0.00039922600492187294
-10.33726849693218
-1.4105958967308547
0.000316101896959048
4.825036546082017e-06
0.0011588623424112988
0.001551924034443967
0.0
4.134538964254252e-06
0.0
0.0
0.0
0.00033585382341379694
0.0
0.0
0.0038959974475041292
0.0038959974475041297
0.00047829089947960704
0.0008042577332568124
0.003894122229353811
0.0008042577332568122
0.0038959974475041297
0.0008042577332568128
1.070139915236222e-05
0.0
0.0
0.0
0.00047690456891788736
-0.8551365596858163
0.8546549753830722
-4.679733826301167e-06
-1.4013139460138127
0.0
0.0
0.003208040273779476
4.1688435422006005e-05
1.5662489562189016e-05
0.0
0.0005345528129619009
0.0006871672655912545
0.0
0.0
0.018319415711430753
0.0
0.018319415711430753
3.866037267336417e-11
4.1688435422005205e-05
1.5662489562188094e-05
0.0
0.0005345528129618998
0.0006871672655912536
0.0
0.0
2.462542364362088
4.224961867831124
6.223134645540353e-10
4.825036546072657e-06
-0.0002495086383085999
0.00048178386251237587
8.738528135917246e-06
0.00024077829704621201
0.0
1.1119889102587106e-05
-0.00012096817469094178
0.00018178336435896285
1.3803303629945034e-05
8.002213067367856e-06
0.0002668026631513707
-0.00047782231654986643
0.0013063118484113409
9.88417977157342e-05
0.0
1.9230431008665633e-09
0.0006317315032972581
6.197716413634568e-05
0.0
1.3249434550852721e-09
0.0006317306375741952
0.0
8.657231359415423e-10
0.0017104265147853829
3.77735129479899e-05
3.0571420184229177e-06
0.0
0.0
2.110468075624549e-09
0.0
-1.9934596196823908e-07
-1.9934596196832786e-07
-1.9934596196843496e-07
1.9078240826115366e-05
1.4103567533937824
1.4103567533937824
6.025174366064126e-05
0.0
0.0
1.868026290421988e-06
7.472105161690962e-06
3.736052580845705e-06
0.0010042893050882659
1.7602237933968975e-09
0.0
0.0
5.997089818731881e-05
5.997089818731881e-05
3.5945888926410615e-07
3.762537323601907e-06
0.0
0.0
0.0
0.0
0.0
0.0
0.0
0.00016635879004614216
2.230580777906698e-05
0.0001032686102518139
0.00010083769162818083
3.4360364705747256e-06
4.601316215241363e-06
9.193579389560162e-05
2.4756234283996042e-06
0.00017635894413362363
3.6016294021646584e-05
0.00036226490506418777
0.00013766663774301312
0.02116425558020902
-0.02034297098279439
9.493728700714508e-18
0.0
1.5032838381979117e-08
1.2519293219340515e-08
0.0
1.2519293219452956e-08
1.2519293219603823e-08
1.4378355539904809e-06
6.396410518111188e-05
0.0021266440815364564
0.0
0.0
0.0
0.0
4.6497370717223886e-08
0.003112595220184457
-0.003112595220184456
0.0
0.0
0.0
0.0
0.0
0.0
0.0
0.0
1.1588678734287262e-10
3.197464162919952e-05
0.004151050575665909
0.0007380640794257037
0.0007072697957336891
3.1877936676689556e-21
0.0
-0.22959363491413984
0.22957214126582862
-2.150020853172133e-05
0.0
6.396410518111203e-05
6.3964105181112e-05
1.1588359600378474e-10
1.8680262915586194e-06
1.8680262909917185e-06
0.0032080408716904088
0.0032080402737794758
0.0012899712344956126
0.0
0.0
0.0
9.202558198864401e-10
0.0
0.0
0.0
0.00212356945835197
0.00212356047099416
6.396410518111196e-05
5.717608226155606e-18
5.717608288445197e-18
2.385173763199001e-05
2.4505307424339603e-05
-6.535697923442259e-07
6.553196213311641e-07
0.0
0.0
0.0008918923171939113
0.00018343647519813034
0.0
1.1586787392313666e-10
1.1587726035437847e-10
0.000410666618098829
2.1325013572831796e-05
0.0003191724902612625
0.0
0.13786083315543854
0.0
0.0
-9.128617040330624
0.0
0.0
0.0
0.0
0.0
0.00212660199978728
0.0
0.00013149917512953146
0.0
-0.029258921381575105
0.0
0.0
0.0
0.0
0.0
0.0
0.0
0.0
0.0
0.0003821624674528736
9.860894537027902e-07
9.860894537562741e-07
3.594588892606948e-07
3.594588892526306e-07
1.3455483430445815e-06
0.0001633104883194876
0.0
0.0
0.0
0.0008822819520898699
0.0031125952201844563
4.092468016748038
1.3078374253129843e-07
9.663892253331722
-9.663892665954585
-4.131802799099398e-07
0.0
0.0
0.00042662316907864805
0.00016425682395467808
0.00039621524385271287
0.002489312509471001
0.0
0.005178177987171811
0.0
3.2188416856608244e-05
0.0012466878794304003
-0.04494713682597389
0.04615832615238537
-3.3107584757828236e-06
1.7945062166527005e-06
-1.794506216652712e-06
1.8752181505221349e-06
0.012187894648605212
0.008976352682817677
2.643179144208299e-10
0.0
0.0
0.0
0.0
0.0
6.576833443692257e-05
1.794506216652686e-06
0.00022139411188799933
0.0
0.000384030493743499
1.8752181503206812e-06
0.06428576260719514
5.917930108996237e-18
0.0005217816667306972
8.398965623755502e-05
6.357997853412126e-06
9.034843239416147e-05
6.357997853412182e-06
7.051024838127739e-10
0.0
0.0
-0.00017508969982436536
3.211217064748799e-06
0.00029999110338379734
0.0004750796824148579
3.23550017243451e-20
-2.1300232822693047e-06
-2.1300232822692403e-06
-7.445651955608467
7.012844189494413e-19
0.0
8.889014675787898e-09
9.069634465568842e-09
0.0011111192247186094
0.0011111192247186092
4.844615351684732e-17
0.0
0.0
1.8752181505474082e-06
0.0
6.581380549330276e-10
0.0
-0.0011588623424112988
8.961500851842154e-20
-1.8609919087312934e-06
-1.8616500467860658e-06
1.02584571005479e-16
0.00032662097663896665
0.00027460133782290503
0.0
0.0
0.0
9.860894606951486e-07
9.860894607055794e-07
0.00032662097663896524
0.00040060537946949446
0.0011298039144993473
0.0004006053794625594
0.00027460133782290503
0.0002746013378229051
0.0004006053794694944
0.00040060537977090565
4.607242951913524e-07
9.872484154138072e-07
1.1004982049247028e-06
0.0
0.0
0.0
0.0
0.0
1.1440903269890742e-07
1.1440903259078687e-07
0.0
0.0
0.0
1.1440903237415564e-07
0.0
0.0
8.788789047102677e-05
0.0004006053794694945
0.0003266209766389659
1.1440903212984799e-07
1.1440901690401096e-07
0.00012601285169980503
0.0
0.0
0.0038286344668800746
0.0
1.144090243841339e-07
1.1440903177801256e-07
1.86802629212525e-06
5.993712766338909e-06
4.12568647421205e-06
0.00039754005886607574
3.057142018423055e-06
9.412134466016425
-9.4121344600145
0.0
3.150985598722449e-05
-0.00017680175370178184
-0.0001768017537017818
0.00012335716998408832
3.74854408328666e-05
8.557041588244161e-05
9.70120950147901
-9.701211472760898
-1.9637873992454095e-06
0.0001633104883194833
-0.0044606464507879195
0.0
9.020735480050648e-05
-9.020070440558816e-05
0.0
-0.0009159129753779638
3.798457776833691e-17
0.0
0.0001233571699840881
0.0005633285520811069
-1.9398817604880635e-06
-0.000565268433841595
0.0
0.0001365750517324612
0.0005316378900589753
0.0
0.0
0.0
0.0009035130929449181
0.0
0.0
0.0
0.0
0.0
0.0
0.0
0.00030076752131012085
3.90027576446164e-05
0.0003148732757600697
2.7753487416213273e-05
2.856484221545739e-06
