0
1.9996912083538882e-06
2.029695575941748e-06
0.0
2.7546204526027428e-08
4.012673062550606e-06
5.843953804212409e-07
1.3966874868265182e-07
0.008941320359738693
5.83775984389121e-06
0.0
6.045588634775461e-09
7.117465773548331e-07
5.858476259903586e-10
1.254082218788414e-09
4.901676928939102e-09
7.842678139383958e-10
1.4304805317939476e-09
0.0
0.0
0.0
0.0
0.0
7.277637501531539e-10
3.1590212067914226e-09
5.007050716687878e-06
1.9839742631729028e-09
0.0
0.0
0.0
0.0
5.234621162251967e-06
0.0
0.0
0.0
0.0
3.125161621728617e-06
1.1140624007981841e-10
0.0
0.0
1.6427426170305106e-10
0.0
1.423310098541541e-09
0.0
7.463102600897417e-09
4.036940481482944e-09
3.097738224398423e-08
7.9245787234811e-06
2.5387527119195604e-06
1.6252784660765843e-07
0.0
0.0
0.0
0.0
0.0
0.0
3.942994885030482e-06
0.0
8.513864618572729e-10
1.7090691717845837e-06
0.0
0.0
0.0
0.0
3.463751092289983e-10
0.0
0.0
4.764996670010614e-09
0.0
0.0
1.5567298741406164e-06
9.663281444461799e-09
0.0
7.803300422929328e-09
-4.654026411789681e-05
0.0
0.0
0.0
0.0
7.999641238517693e-10
3.734638242211022e-09
0.0
-4.6540264112083384e-05
0.0
0.0
0.18866160805864612
-2.235363610434137e-07
2.5200677143389162e-09
1.3053634581971582e-07
0.0
4.202275985463419e-10
0.0
1.4206825007985265e-10
0.0
0.0
-6.332939104427814e-06
7.193157860185158e-10
3.479421770148363e-09
4.582843180447751e-09
0.0
1.7787682562859126e-06
0.0
1.5649513380796465e-09
0.0
1.106088595401874e-09
0.0
0.0
3.1451234171925663e-09
1.0553604343924652e-10
0.0
2.5105551665887905e-09
0.0
0.0
1.9523380429126583e-09
1.168285039535528e-09
0.0
0.0
1.965416245716806e-09
0.0
5.525762452788038e-08
0.0
3.4797165709373246e-06
0.0
6.7850646094322015e-09
0.0
0.0
0.0
-1.5553009451033581
1.555157099388019
8.85411876896595e-09
7.953676655097527e-09
0.0
4.200685240031021e-10
0.0
4.1897454180988195e-10
0.0
0.0
4.1786526751831113e-10
7.031030285065162e-05
9.16094346824646e-10
8.236961012534303e-10
4.0074998003881664e-10
0.0
3.5880720396331313e-10
0.0
0.0
3.768984540013942e-09
0.0
0.0
0.0
0.0
0.0
0.0
1.2623437874589288e-09
3.6545285367110215e-10
1.9579048893845488e-09
4.01011830105987e-09
5.666457752000776e-09
1.1888071086216695e-09
0.0
4.805113914758319e-10
0.0
0.0
0.0
-0.09278134563530815
1.0969070020447664e-06
1.9579048893845488e-09
0.0
4.613473070769715e-10
0.0
3.236189915128924e-06
1.1197545513789776e-05
0.0
0.0
1.4137678070881277e-05
0.0
0.0
2.637400726435702e-06
3.713825640760326e-05
1.680603641324315e-09
0.0
2.594437698716887e-09
0.0
1.2043157507877507e-09
5.601953349713997e-06
-1.4725705954741564
0.0
1.2029531425255708
0.0
3.2337809360594695e-06
0.0
0.0
0.0
0.0
0.0
2.9889856905672064e-06
1.6341090273982356e-05
1.285268399142897e-07
1.6896143564484788e-06
2.3508636890336697e-06
0.0
0.0
0.0
0.0
1.7255239623119897e-06
5.844087439065365e-09
-0.0017453090800684176
0.0
0.0
0.0
0.0
0.0
4.221535303638429e-09
0.0
7.581490332473894e-09
0.0
3.4030194053582034e-09
3.9955528149070805e-09
0.0
7.617680374228e-09
0.0
0.0
4.918039763499428e-09
2.866624588709163e-09
0.0
0.0
2.6837110134164956e-09
0.0
2.754620592176175e-08
3.3495924053520806e-20
7.395458978222444e-09
3.1677039536597007e-09
3.1677039536597007e-09
-7.756710680691604e-05
6.0552935331689805e-21
2.5067613594542374e-09
8.531453940599352e-09
-6.1785442706160565e-06
5.557040647877806e-11
-1.1534494610219098e-06
5.553180737698034e-09
3.4356380021768214e-09
0.0
0.0
-0.09691355200719534
-2.8880893545013695e-06
0.0
1.4135235795801538e-09
0.0
4.0976644528267585e-09
0.0
0.0
-0.5585277094507766
0.0
0.0
0.0
0.0
0.0
0.0
1.9511709206593164e-10
3.023312949900605e-09
0.0
2.3100610498917755e-07
-0.008628776400508869
1.2818599915042183e-09
4.9416078888738353e-11
0.0
3.930230055952713e-09
1.7549130225084487e-09
1.8114773195773293e-06
2.7484769037042896e-09
4.3848611437788063e-10
0.0
0.0
0.0
0.0
0.0
0.0
2.808829733915294e-06
1.924701842048733e-09
2.4570554268817307e-22
0.0
9.602944111188552e-10
5.557040647877822e-11
0.0
0.0
1.7759012494636216e-07
1.8218972896722492e-10
0.0
1.3060115388990744e-19
0.0
-0.002263703800886647
5.233679236208631e-06
0.0
2.783299213308803e-09
7.324517632808732e-09
4.4951901556119755e-09
5.25402153647413e-10
7.812608102194425e-09
0.0
5.745621784327395e-09
5.2737536737670775e-06
0.0
1.3616250724866092e-05
1.5360864486292207e-06
0.0
2.031375821309075e-09
0.0
1.7782560405878065e-06
7.19315785596968e-10
0.0
0.0
2.9977198622887184e-20
0.0
1.168285039535527e-09
5.941761417831195e-07
0.0
4.375444604953297e-09
2.3726717483890864e-09
1.3825430493128394e-09
2.698238532371638e-09
2.8568528640526635e-09
0.0
0.0
6.527452482536802e-05
1.5022400999227317e-07
0.0
3.8353796896336154e-06
5.402649662063737e-10
0.0
1.4313845435310872e-09
1.2789762314884223e-10
-3.0490354953455078e-06
8.210672534979216e-05
4.97158022829837e-06
5.9014191534053376e-05
0.00028252725772545136
0.00010403876814623806
0.00028565078785977685
6.675492119487898e-06
-5.837759843891212e-06
-5.837759843891214e-06
0.0
0.0
0.0
0.0
0.0
0.0
0.0
0.0
0.0
0.0
0.0
0.0
0.0
0.0
0.0
3.6690425386132666e-05
2.4649981861293076e-05
0.00010374688714058039
6.741573540114317e-05
3.124149856304543e-05
1.9761536089566384e-05
4.662384963787779e-05
1.0595729518346527e-05
1.3808824636036513e-05
4.1539550697714084e-05
1.4548895657504e-05
1.2047623997980855e-05
4.328455615854889e-05
1.5774398551043447e-05
6.666345210121303e-06
1.1119411118438075e-05
4.1543244883695785e-05
1.4552851123109947e-05
4.824578682378798e-07
4.3288352220009225e-05
1.5777032948740617e-05
0.0001393598746037192
0.00018468479553789355
4.924886151949724e-05
2.8856161358305135e-05
0.00012035239122601354
6.13967270034137e-06
4.1001172598490976e-07
5.687079362308359e-05
0.0001846893237479935
1.5950649401186611e-06
2.8864270928784436e-05
0.00012035376503243529
6.151902961352043e-06
4.2293692183028954e-07
0.0
0.0
0.0
4.1577191707207855e-10
0.00017311063686747648
0.0
5.00705071668785e-06
0.0
0.0
0.0
0.0002093183260466578
0.00027476751361572323
0.0001579232993607768
0.00010277122832240548
0.00015792329936101853
0.0002596603757083907
4.215869097073814e-05
2.9451880932174626e-05
0.00012061050639181239
0.000166828032741769
0.00016682803274201032
0.00016682803274225175
0.0
0.0
-5.007050716687876e-06
5.007050716687872e-06
0.0
1.6175272111035697e-09
4.359829914618173e-10
2.193501731529975e-09
0.0
0.00020931832604659739
0.0002747675136156628
0.0001579232993607164
0.0007993533427630214
0.00015792329936095809
0.0002596603757083302
4.215869097067767e-05
2.9451880932114127e-05
0.00012061050639175191
0.0001668280327417087
0.00016682803274195
0.0001668280327421914
0.000209318326046537
0.00027476751361560234
0.00015792329936065597
0.0007993533427629609
0.00015792329936089764
0.00025966037570826977
4.2158690970617215e-05
2.945188093205363e-05
0.00012061050639169142
0.00016682803274188963
0.000166828032742131
0.0
2.191082778206323e-06
0.0
0.0
0.0
0.0
6.091356498016205e-21
0.0
0.0
0.0
0.0
-2.3429910177867934e-06
0.0
0.0
2.0296955759415495e-06
-5.234621162252688e-06
5.234621162253752e-06
0.0003485023654004186
0.0006430379483582531
0.00035551710809694824
0.0016515519024104415
0.0018185703367751768
0.0005014837987267088
0.00010867670245662314
0.0017733636906996017
0.0002403203168578692
0.0002582177547345329
3.919929158968831e-05
2.210305339747772e-07
0.0
0.0
0.0
0.00023107227344173036
3.7444643939453784e-05
4.21593394571167
0.0
0.0
0.0030164205751882726
0.0030164137798882155
0.003016285253048287
0.00297378946648254
0.0027504206141243043
0.0022256421576336873
0.0021843431737393532
0.00015007387992092434
0.0
0.0
0.00015192694334936632
0.0
0.0
5.761918894124248e-20
5.212628838410494e-18
0.0031359314178587895
9.569879763625742
0.0
0.0
0.0
0.0
0.0
0.00019421331841119454
2.2103053957997223e-07
0.0
0.0
0.002967392987120356
0.002967392987120356
0.0025977463683390513
-1.8624486446953634
0.00781722937318773
0.00019420958994683586
2.2103053683342497e-07
1.1180043129840431e-09
0.0
0.0
0.0
0.0
0.0
0.0
-0.003016420463782021
-0.0030164137798882043
-0.0030162852530482755
-0.002973789466482529
-0.002750420614124293
-0.002341415808451417
-0.000760871356355987
2.9460985581142922e-05
-0.0004829839038877695
0.0027445366933929903
3.0977382243736685e-08
0.0
2.7701287357269307e-16
0.045676552842675786
0.045676552842675355
-0.002744536693392991
0.0009877242195181902
0.00011571406188759692
0.0001894496306912046
0.00041429780444095726
0.00022127092462370055
0.00010660111524084709
0.00048446140011311906
6.666205701425683e-17
1.8713550889940198
-7.924578723481101e-06
7.924578723481098e-06
-3.6801133825180297
3.680110257356408
-3.1251616217286188e-06
0.000281448742397928
5.981867904820504e-06
5.981867904820569e-06
3.722446128988037e-05
-2.5387527119192843e-06
-2.5387527119194333e-06
-1.0051841162786612
-0.47866185816357465
-7.486229958164954e-05
5.23462116226208e-06
8.181257106535145e-06
0.00014878801519016107
6.734945015228762e-05
1.3293187019442687
-1.3293188595748267
-1.6252784660753622e-07
6.191622971853743e-18
4.2889776043781186e-18
2.4794969985480394e-09
2.4794969983317838e-09
2.7897883370346612e-05
0.0002667470356415602
0.0023361791329510485
0.003175290889290169
0.004130964853852091
0.003175290889290169
0.0003884106784888445
5.484578223868899e-05
2.190028946734326e-06
9.543587203652994e-05
0.00015029022695544277
0.0
0.0
0.0
1.9607246852019363e-05
4.175763197349818e-05
4.174106612466249e-05
5.702354903940877e-05
8.452327196608701e-07
6.527452482536803e-05
2.1857599693318606e-06
0.0
0.0001254734186662618
0.00015124170029348884
0.00016182249469674586
0.0007929015933449367
0.0007304054287316573
2.0773780679543386e-05
9.300583148591115e-05
-0.002967392987120357
0.0
4.012673062378616e-06
0.00498104950512991
0.0041309648538520915
-0.004130964853852091
0.034997021682548694
0.0
0.0
0.00029729075478064
0.00013289866857633004
0.0006070693522833006
0.0
1.578362262826438e-06
0.001148083828423914
0.00011378223317312384
-0.006174907454762568
0.0014029560445853759
0.0
7.943055954440812e-06
11.3173808593195
-11.455534218794456
0.13814147342411554
-3.942994885030486e-06
0.0
0.0
0.0
0.0003796842446257601
0.0013199498317768453
1.0103980854972297e-10
0.0
0.0
0.0
0.00010778403628863301
0.00010778403628863294
-1.7090691717844886e-06
-1.7090691717845424e-06
0.0
0.0
0.0
7.385352577881695e-10
0.0
0.0
0.0
0.0
0.0001372015221112393
0.0
4.176565007470936e-05
0.0
0.0
0.0
0.0
0.0
0.0
2.7546204502065885e-08
3.117366471963641e-11
1.9996912082783973e-06
0.00033415768855852765
9.090160631762758e-05
0.0
0.0
0.0
0.00019421705304943683
0.0005100350760122133
0.0005100350760122135
3.9199291589688276e-05
2.7546205179442623e-08
0.00011101228849307679
0.00011101228849307657
2.3909592601637895e-19
1.979234143086629e-18
1.9949613814232425e-05
9.207093022218638e-05
8.339311336211801e-05
0.0004027698164376212
0.0001969946974367824
1.0020093211014898e-05
4.8378757966298975e-05
0.0009677746057039579
2.3643131665410732e-05
0.00010605651732908673
1.1527988003336272e-05
2.427622718691835e-05
9.658102202983241e-05
0.00043608264214682027
0.0
3.987891172703114e-06
0.0
2.3029519914372963e-05
4.757725329654842e-06
3.19815857170947e-05
0.000119537661922245
0.00011953731554713579
0.00011953766192224502
0.00011953766192224502
0.00011953766192224502
1.755959502469572e-20
1.9686354379574857e-20
6.290440824213119e-05
0.0004143893286452542
0.000477292201739413
0.0
-4.21314494929525e-05
2.3143075332415458e-05
4.212334913173234e-05
0.00023520189881195963
0.0027241039729065013
0.002724103972906501
0.0
0.00019507340114816854
0.0004302594804553404
0.0
-0.010122985373531679
0.0
0.0
0.0
0.0004193003040188321
5.295552818823893e-05
0.00013267382919680265
0.0024949572042215675
0.0
8.905345139779787e-06
-6.185338033216605e-05
0.0
0.0
0.0
5.15083638951507e-06
0.002979874832455446
0.010122985373531679
7.393531455657311e-08
0.0
0.0
2.0306831295642168e-05
0.00025927436729897426
-0.027730322859994494
3.244758282555317e-22
8.526322796621052e-05
0.0003124304894145254
0.00020897786294265082
4.699672966643806
-4.700228239425814
-1.5567298741406248e-06
0.0
1.4034092146347129e-05
-0.0012268875781915479
3.51633095193075e-05
5.664900014856359e-05
0.0008500846512778194
0.5287974082960432
7.264615299535009e-10
0.0
0.0
0.0
1.090857285461053e-06
1.0908572854615635e-06
1.0908572854622017e-06
0.0023361791329511153
0.0
2.0777335482886224e-09
0.0
-1.8035800186292613e-10
2.754620304969202e-08
0.0
0.0
0.0
0.0
0.0
6.018072307580884e-18
2.9536508880832526e-18
9.17783194550686e-18
9.484572655813693
4.654026411789681e-05
7.11746577354814e-07
0.0
-9.484619196077809
0.0
7.532451931325633e-18
7.357979870792174e-18
0.0
0.0
0.0
5.007050716687816e-06
0.005490418064509924
0.00021297634547160155
0.0
9.282376589771465e-07
0.0021701268307570956
0.0
0.0021710550684160726
0.0005410670726719022
2.1015243666098605e-06
6.387780947971131e-05
6.082581891849816e-05
4.7178832697814626e-05
0.0003644710271493506
7.177244629185393e-05
0.0
0.0
2.1361742471355408e-05
1.9325228301188742e-16
1.932325221268695e-16
2.0456307962259253e-16
1.9323204890330842e-16
9.090160631762751e-05
0.0
0.0
0.0
0.0
0.0
0.002892119108584017
0.0034205509185563704
1.9939456507241694e-06
0.0
0.0
4.747820060801134e-20
0.00024947411806442663
0.00023611703763084103
0.00023611805341788687
0.0
0.0
3.248291067235425e-05
8.51782536422659e-05
1.3410456681863001e-05
6.176279205859644e-06
7.059777293094528e-05
2.050708846872759e-06
1.2912240288762703e-05
3.248291067235364e-05
8.517825364226528e-05
1.341045668186244e-05
6.176690390655009e-06
7.059809277237906e-05
2.0507088468719647e-06
1.2912405097885418e-05
2.327013205604169e-05
4.6540264112083384e-05
6.5369971194331765e-06
0.0
0.0009574341025793751
0.000957434102579375
-0.18866160805864612
-0.18829102700189404
0.00021648980405430918
4.109510421795592e-05
2.2353636104341535e-07
0.0002578084446333086
1.305363456963065e-07
1.3053634577854796e-07
2.113081820144929e-07
0.0
4.554576504478762e-05
0.0
0.0
9.105628833229556e-05
9.105628833229554e-05
9.105628833229554e-05
9.1055868104697e-05
9.105628833229554e-05
0.0
2.181716526304585e-06
2.231335665371894e-06
0.0
0.0
1.2954401321558801e-10
0.0
0.0
0.0
0.0
0.0003374472104014832
5.53161046266153
0.0
3.572815222829315e-06
-5.531951482687155
0.0
5.531947910014002
0.0
0.04592604365319071
6.52925172453142e-06
5.329982084087558e-10
0.0
1.2525214650634985e-11
0.0002101328427668535
-0.00021013284276680356
0.00011577365081774047
-0.0014234718173833558
0.00012061289433979211
0.0017240398635346038
1.6377918407342302e-09
5.051380135878287e-09
0.0001300152408249896
6.332939104427817e-06
0.00013635473109678035
0.0
0.0
2.133970368385991e-19
0.0
0.0
0.0
0.0
0.0
0.0
0.0006499778827042593
0.0
0.0
0.00287161417305892
5.2290527225623327e-20
0.0013814549936528473
0.0
9.422392917006983e-05
0.0002349762107155104
0.0
0.0001407520193169826
0.00034927985474344337
0.00017780139560158917
0.3380634857844658
2.3385179554845466e-05
0.0
0.0002538045245736705
3.7480919890404265
-3.748093765825338
-1.7787682562857744e-06
0.003165311562895387
-1.1958332701749048e-05
0.0
0.0
0.0006616337518547911
0.00011835638710496911
-0.0001464972770790168
0.0
0.0
0.00024641761337674666
0.00011844498599527041
0.00014744399424717133
0.000299180854582804
0.00022054466076954927
0.000418973321417805
0.00046701246041407513
0.00020515000139539877
0.0
0.0
0.0
0.003069066659811376
0.0033175231544036784
1.1153911629337277e-10
-7.117465773548246e-07
0.0006599530938375367
8.994909624332012e-05
0.00012492413019613252
0.0006375701651625208
0.0008018488213845573
0.0003664915384623766
0.00012536117038262307
2.3578659843244704e-05
7.975782345406986e-06
2.7546203784803577e-08
0.0
0.0
0.0
0.00017258365299287564
8.443871236142443e-05
3.42797520335439e-10
0.0
8.767682112811147e-09
0.0
0.0
0.0
0.0
0.003423359930480015
0.0
-6.695255513574391e-06
0.0
0.0
0.0
0.0
0.007817229373187727
0.002597746368339051
0.0009892917654823544
0.0
0.0
1.0420826876387416e-05
5.905319052594686e-05
4.8632363649559465e-05
9.520103096155728e-20
0.0
0.003317523154403678
0.003317523154403678
0.0002550957511444119
5.981867904820588e-06
0.0
6.23459197162536e-11
6.236442452376234e-11
6.235585444193252e-11
5.981867904820084e-06
0.0
0.0005995109612600525
0.0022946852909871635
8.56785802082297e-05
-0.0029798748324554453
0.0
3.987891172702968e-06
5.9818679048204496e-06
4.012673062499023e-06
0.0
0.0
0.0
0.003423359930480015
0.0034205511007461
0.0
0.0
0.0
0.0
1.0669842494179679e-09
7.333214673921355e-09
2.4858196047226927e-06
5.634168682222114e-06
3.117115771807883e-11
3.4440216241788525e-10
0.0
0.0
0.0
0.0
0.0
0.0
5.9818679048189994e-06
5.981867904818848e-06
0.0
0.0
0.00018259866357280257
0.00018259866357280257
5.150280991034928e-06
5.1515628510454695e-06
0.00047968723444834856
0.0
2.5147783423566743e-09
1.2972188492899465e-09
0.0
1.2972188492899465e-09
-8.030058937585362e-05
2.52800338294722e-10
0.0
0.0
0.00027915746552818624
0.0
0.0
0.0
0.0010295656546395623
6.293231385311942e-05
0.0
0.0
0.00022760882250265162
2.1361742471513813e-05
2.5350545034081123e-05
0.0
1.989111354160729e-06
5.1403547258536836e-05
0.0
0.0002747760539569376
0.0
0.00015793172052456608
0.0
0.00010277922007012833
0.0
0.00015793172052480783
0.0
0.00025966892255836375
0.0
4.2167080863871525e-05
0.0
2.9460540778959243e-05
0.0
0.00012061908584516567
0.0
0.00016683646710144011
0.0
0.00016683646710168143
0.0
0.0001668364671019229
0.0
5.525762453290198e-08
5.525762454287154e-08
5.5257634383337194e-08
5.525763119785782e-08
5.525762791217515e-08
2.2103053094585335e-07
0.0030164204637820246
0.0030164137798882086
0.003016285253048279
0.0029737894664825333
0.0027504206141242974
0.00222564215763368
0.0021843431737393463
-0.00015007387992093147
0.0005575818187902748
0.000557588371281268
2.0139502561156453e-07
2.0139502562468007e-07
0.0
0.0
2.7546207775465258e-08
0.0
0.13020363175457556
1.9684396841982317e-05
1.5873885120040675e-05
3.3955398869752513e-07
2.7546206252946054e-08
1.8153021816837173e-05
0.0
0.0
0.0
0.0
0.0
0.0
0.00038180188434220556
0.0002920765466791355
8.765147185662561e-10
0.0
1.694782992844988e-05
2.985502349039216e-05
0.00015982964205180607
4.1580209764892256e-05
0.0002844292224936904
0.00025504020506142585
0.00021572294928161472
0.0002233724869294192
0.0007161623096634619
0.0006280390423386753
9.96217012928065e-05
0.00133160814360025
0.0016172848365411379
4.1790425841056195e-05
3.499283640614224e-05
0.0004296372136045306
4.249787521353397e-05
3.634571198068467e-09
0.00019138385317285904
0.00047096640762661504
0.0002153953521105506
0.00042066290732334203
0.0001938130191577859
7.12514114222027e-05
0.00015560573074593795
7.995343339857583e-05
2.0886478021227675e-09
0.016676123852556745
0.00013132633552703017
0.0
0.0
0.0
0.0
0.028663430961797673
0.04030174574119437
0.0006704176575760052
0.0
6.165675281786038e-11
0.0
2.2249828382671416e-06
0.00010245596563168817
0.00022600174198862184
0.0
0.0
0.0
0.0
0.0
0.00010946229395756428
0.000695745754442249
0.0014412680324297816
1.5553009451033581
8.01936190573486e-05
0.0
0.0
0.0
0.0
0.0
2.4448006804554414e-05
0.0
0.0
4.886077241433502e-05
4.8860772414335024e-05
4.886077241433501e-05
4.886035234581102e-05
4.886077241433502e-05
3.2600173053060955e-05
0.00012444037904778244
-1.5557323710892828
5.842181538055894e-06
0.0
0.0
1.164912575317675e-05
1.1649125753176747e-05
1.164912575317674e-05
1.1648706778634942e-05
1.1649125753176743e-05
0.0001073834413798174
4.12641659069954e-05
0.0
0.00029761735997909825
0.0002976085699952739
0.00030108828656621127
0.0002976173599790983
0.0003010882865662113
3.2982698751996117e-06
0.0
0.0
6.561306359484811e-06
6.561306359484808e-06
6.561306359484801e-06
6.5608884942172946e-06
6.5613063594848045e-06
0.38896420286708283
5.121232320667195e-06
4.811526018294147e-09
1.0252087693371124e-05
0.0
0.0
8.03399110583211e-05
3.1946706088857734e-05
0.0
2.725178759983377e-20
1.993945586351618e-06
3.861987475385757e-05
7.333302000935703e-06
9.000159203887229
0.0
0.001604365600064189
-7.031030285065162e-05
0.002003133610535151
0.005783609726730032
0.20593442588324046
0.0
0.0
0.0
0.0
0.0
0.0
0.0
0.0
6.206159685574499e-09
0.0
0.0
0.00018656280817881581
0.00027103946504900846
0.0
0.0
0.04634531282932103
0.0
1.9942251515230283e-10
0.0
0.0035449657739285564
0.0035449657739285564
0.001234087650452117
0.0
4.32338714608807e-07
0.0
3.375142740145997e-05
0.0
5.860437485662824e-09
0.00010552380485202922
5.917077007130231e-05
7.842938133462771e-05
0.0003901317769073153
0.0005334107312948748
1.0753687468528285e-05
4.462707351961198e-05
0.0
0.0
-0.002182916816190126
1.0988379895310215e-06
0.0002741012689154725
4.0359058197717795e-05
0.0
0.0
0.0
0.0
1.0730207942885157e-09
0.0
0.0
0.0
0.00033885648215751157
0.002905284777987103
0.002682428484259737
5.8709785334275695e-05
0.044677984082509434
0.0002247872349567053
6.871714017564562e-10
0.0
0.0
0.0
0.0
0.0
0.0
0.0
0.0
0.0
0.0
0.0
0.0
0.0
0.0
0.0
1.4813080939842692e-09
2.1130818083542695e-07
0.0
0.0
0.0
0.0
0.0004163369719919144
0.0
0.0
0.0
7.594865093880975e-10
0.0
0.0
0.0
0.14813271580751985
0.00386296389176118
0.0002700006532991895
0.0
5.976023817381039e-06
0.0
0.00018214964940038865
1.4601986291599198e-05
1.4577702692729102e-05
0.00014738462009761266
0.0
0.0009043864783224304
4.30378077213653e-05
4.3037807721365326e-05
4.303780772136526e-05
4.303780772136519e-05
0.0
0.009766617153731536
0.0030635305638164433
8.663387055887352
0.0
0.00013512891312177436
0.00013403200611972958
-1.0969070020447765e-06
7.780126334416876
0.14658604859712793
0.0
0.0
0.0
0.0
7.926712404549109
2.113081805773379e-07
2.1130818110307157e-07
2.1130818137995674e-07
0.0
0.0
0.0
0.00013735408006405924
0.09232426669397584
0.00018458519100952536
-5.765402382066788
5.858183727702095
8.516801007290224
7.926712404549109
0.018367647680415808
0.0
0.0
0.0
0.0
0.002682428484259737
4.215933937828756
9.090443521896531e-05
0.00015058193886753176
-0.0827491071024677
4.929254697505254e-05
2.664122213410356e-09
0.0041329645450603695
-0.00025003448146527065
0.0002229565657030887
3.375142740146012e-05
3.375142740146015e-05
7.534148553757401e-05
-6.3510570660846675
2.1351354542340113
-3.236189915128924e-06
0.00014151458771190662
0.0
0.0
0.0008616241175693507
2.4254848225595873e-09
2.1434638412445364e-09
0.0
0.0
0.0
1.9122805701797476e-05
0.0003323849978602077
-2.6374007264357085e-06
0.0
0.0
0.0006074877672584504
0.0001413868809115435
1.228519885469421e-07
0.0006366830193226851
0.001413295702270587
0.00019379863366800182
-4.510495300193028
4.510458161936621
-3.713825640760326e-05
0.0002514711188991966
0.0011646716766852707
0.00015978930776347806
-1.4137678070881294e-05
-0.0002493370442669316
0.0001107967153392432
9.670106275028481e-05
0.0001022099430530616
0.0
6.061357358902169
-10.329636802147455
4.268268245699771
-1.1197545513789761e-05
0.0
8.452327196172178e-07
8.452327195627767e-07
8.452327195845536e-07
0.0008492864563749928
0.003136256393865842
0.0
0.04425207899073376
0.00013168327950560397
0.0
2.5558212627769243e-19
0.0
0.0
1.8160347357504064e-05
0.0
0.0
6.514633968545983e-09
0.00013009538161831894
4.065934379605447e-05
1.0730207942851898e-09
0.0
2.4858196042311726e-06
0.0019263294472713713
0.000299372280983488
0.0
0.0
0.00019523805684242216
0.00019523805684242316
0.0
0.001926320360577014
0.0
9.09009894299068e-05
9.089574573131424e-05
0.0
0.0
9.090443521896535e-05
5.981867904817629e-06
3.987891172702823e-06
0.00012025660961149013
0.00026764122970910265
7.95302238412784e-05
0.0
0.0001475344342749769
2.265218374065961e-05
0.00025154176203200557
0.0006782223211421897
-5.601953349713912e-06
-0.0006838242744919033
0.0
0.0
0.0
0.0
-1.2029531594415994
-0.42836376922150776
0.00011126335605820498
3.233780936059436e-06
-3.233780936059457e-06
0.0
0.0
0.003016420463782028
0.003016413779888212
0.0030162852530482833
0.002973789466482536
0.0027504206141243
0.0022256421576336838
0.0021843431737393498
-0.0001500738799209279
0.0
1.9939456507093857e-06
0.0
0.0
0.007479869137760711
0.0
0.0
2.604591790145931e-08
9.34622279713958e-09
3.114692113350581e-11
2.113081794288601e-07
2.113081798304293e-07
2.1130817918074411e-07
2.1130817927192748e-07
2.1130817959696051e-07
2.1130818166575643e-07
0.0
0.00025687859187102
3.220277708045164e-05
0.0017382925970287483
-8.008196023849001e-05
1.1051042213269073e-10
0.0
0.0
0.0008500846512778201
0.0008500846512778201
0.0
5.339098738502726e-05
-5.637997307559437e-05
-2.9889856905671716e-06
0.0
0.0
4.218928425182367e-06
9.268050723801834e-20
1.6341090273982362e-05
-1.634109027398236e-05
0.0
5.981867904820254e-06
0.0
0.0
0.0
-5.404888260537975
5.404808074436801
8.01861011739542e-05
-0.0068054622191280004
0.005407666135201171
0.0013814549936528473
0.00085008465127782
9.037721571414699e-05
-1.2852683991423492e-07
0.00034955525336604064
0.00032835295091528745
0.0
8.345271768897552e-10
1.6254008093514266e-09
5.660166280499141e-05
-1.689614356448409e-06
-1.6896143564483162e-06
1.4725706174415656
3.6132797281545594e-08
2.501345740210118e-06
2.2834870612414537e-06
2.539914762501915e-07
2.283487061241504e-06
2.2834870612415655e-06
0.04485395845685325
-4.782606507067441
4.782616927956699
1.0420826876387455e-05
0.0008225943858220959
1.5968922661142462e-05
-4.088862676096499e-05
4.3242155052583244e-05
-2.35086368903369e-06
-2.3508636890336786e-06
0.0008500846512778198
0.00085008465127782
0.0005100350760122132
-0.002597746368339051
0.0
0.00019154983367330065
-0.00019154390989206362
0.0
-0.00498104950512991
0.0030570234843816666
0.0
4.801723858550882
4.801723860918583
0.0
0.0
0.0002512633952171724
0.0001635875683360428
0.0
3.6859436263670364
-3.6859453504338697
-1.7255239623119048e-06
-3.148349077271901e-06
1.572757378864171e-05
0.004028400355266504
-0.004028400355266505
-0.004028400355266504
0.004028400355266503
0.0
0.0
0.00017395290194187595
0.00017395290194187688
-0.007817229373187727
0.002597746368339051
0.00010121353764205733
6.561449509959107e-05
0.0003485023654004185
0.0003485023654004185
0.0003485023654004185
0.0
1.2339286196573361e-05
0.002137361377520984
0.0004043915836491394
0.0017453090800684176
3.849317732105357e-05
0.0
0.0
0.0
3.097738224315037e-08
8.410687248552137e-09
0.0
1.5778753338521522e-06
0.0
4.86928974277698e-10
0.0
1.206381575660921e-09
5.8465004246035064e-06
3.848292277856733e-05
1.5795686444021044e-06
3.848339185159618e-05
5.8465004246035005e-06
0.0
5.3516038347383544e-05
0.0
5.3524449033291566e-05
0.0003460227086838052
4.709954014740754e-05
0.004028400355266504
0.0
0.00011143704621786857
-0.00011143425458547807
0.0
9.670106275028474e-05
0.0
0.0
0.0
0.0
0.0
0.0
0.0
4.512148753650735e-09
7.581909369408488e-09
0.0
0.0
0.00017414552861016967
2.3798827868506933e-06
0.00012392240019775316
1.0439743521608857e-05
0.00015491779090563257
1.5087767681711458e-05
1.0424421238257845e-06
5.7031044755503214e-06
0.0
0.0
0.0
0.0
1.4771804871087938e-09
0.0
0.0
0.0
0.0
0.0
0.0
0.0
0.0
4.0695566055909125e-05
3.669042538613283e-05
2.4649981861293242e-05
0.00010374688714058054
6.741573540114336e-05
3.124149856304561e-05
1.9761536089566588e-05
4.662384963787799e-05
0.0
0.0
4.2626648318760655e-09
1.59157426289396e-09
0.0
3.784936636569971e-09
4.524039223751247e-09
1.3815968244934626e-09
3.7209196516813e-09
0.0
0.0
4.230143263717975e-09
0.0
0.0
3.930765905050301e-06
2.6931344372506917e-06
0.0
0.0
1.1569396273007364e-05
0.0
0.0
8.248769938381125e-05
0.0
4.7658059244210507e-05
0.0
0.0
0.0
0.0
8.030058937585361e-05
7.11746577356776e-07
0.0
3.790456035819223e-05
0.0006032467425287986
0.0006418576922829486
0.0
0.0
0.0
0.0
0.0
0.0005841974415297665
2.7546208541271206e-08
0.0
0.0
0.0
0.0006155952941982182
0.0
4.799942152279964e-10
4.421924192730529e-09
1.3207892683519657e-10
1.3207892683908727e-10
0.0
0.0
0.0
0.0
0.0
6.502315765848028e-20
0.0
0.00023830145888887789
0.000309365104979169
0.0005476633164288662
0.0
2.917968898432744e-05
0.0
1.6661832094744352e-09
0.0
0.0
0.0
0.0
0.0
2.3934901262644547e-10
0.0
0.0002547419689623892
0.00025474196896238917
0.0002547419689623892
0.0031359038673205134
0.0
0.00017747619247688543
4.3878230176885834e-05
0.0
8.120043612129021e-06
0.0
1.358111629844637e-09
0.0
0.0
8.110696692207065e-06
4.5133110816342013e-05
0.0
0.0
0.04790928555855123
0.00028069473292215803
0.00027194148187757234
0.00019111227715005647
1.989428480927312e-07
2.136174247106168e-05
2.136174247122553e-05
0.0005535798367129007
0.0005535783554061011
0.0
-2.7546205886395366e-08
-2.7546205834800355e-08
2.136174247145148e-05
1.3298481591355177e-05
0.0
0.0
0.0
0.0
0.0013854790872324548
0.0
0.0
0.0
0.0
0.0
0.0
3.293566609243759e-20
0.0
0.0
-2.466216903812052e-05
7.756710680691604e-05
8.306945787214504e-05
1.915981797289152e-05
0.0002040323968361166
1.0741848179555972e-20
0.0002547419689623892
0.0004229585981401886
0.00042295859814018855
0.0
4.513319531593512e-05
0.0
0.0
0.0
4.388319044229189e-05
4.388319044229174e-05
0.0
0.0
0.0
2.668788562827014e-05
7.679800471300732e-05
0.0006181173550855292
8.111986166936761e-06
4.5123608892878305e-05
4.3874700078639754e-05
0.0
-2.669350440326536e-05
-7.680375552224807e-05
-0.00061812148221412
0.00024973464416752
0.0
0.0
0.0002497346441675238
0.0003969374003054898
0.0003707328196642419
1.760079078885238e-05
0.0
0.0
0.0
3.238312491186397e-05
6.1785442706160565e-06
4.363433052609441e-06
0.00017414552861017157
0.0001741455286101725
2.1130818007459538e-07
1.1534494610219153e-06
1.1534494610219117e-06
9.776808968110453e-13
1.0908592408225234e-06
9.776808372309672e-13
5.151562851045922e-06
-0.0016923216223906873
2.1817165263049423e-06
0.00022134287904059557
0.0
2.1817165263047144e-06
4.363433052609377e-06
5.007050716687865e-06
0.0
0.0
5.234621162255535e-06
0.008761561662999014
0.008761561662998645
0.0013854791183785856
4.012673062533411e-06
0.0
0.0
0.0
0.00022285629372736598
0.0
7.028301194188811e-10
7.595813974085392e-05
7.124123126221662e-05
0.08882877938582726
0.001734157651945022
0.20538427997556272
1.359919888168235e-05
3.752806491170438e-05
3.706391963838104e-05
2.7897883370346524e-05
4.16127726260268e-05
9.606922958752199e-05
0.000312464563966631
3.3067087005651145e-05
5.707649772394255e-05
0.00022669091299628227
2.789252987374903e-05
0.000618800692745783
0.0011160562475170028
6.824742560173525
0.0
-0.4697448093538057
0.004764217574159175
0.003024743145198935
0.00027958980424249005
0.00031555738300151787
4.183579669009876e-05
0.00014626227682728487
0.00014919569444116145
0.09691355200719534
0.09696650116838174
0.0
0.00023541897968892614
5.5498523926531475e-05
2.8880893545013703e-06
0.0001237314261371248
0.00017007416683283426
6.714817146994671e-05
8.820858871957341e-06
0.0
2.1878816125015435e-09
2.6463927193599708e-09
0.0
2.7891827043628187e-05
5.70764977239425e-05
1.4638479458013546e-18
2.036310897823764e-05
0.0
0.0
4.41431635870435e-09
0.0
0.0
0.0
0.0
0.0
0.0
0.0
0.00033957086918225094
0.00033957086918225094
0.0
0.0
0.0010080605939026227
3.624599311323217e-05
0.0
0.00012512541660370546
1.4571296872071923e-09
2.3578659843244836e-05
0.0
0.0
0.00028469767021087523
0.0
8.443836956390413e-05
0.0
0.0002789582106472023
1.5473621428311648e-09
0.0002246021990634098
5.069509494284763e-10
0.0002275256846677886
0.0
0.00028230126731593663
2.7037871334135234e-09
0.00012505672853892379
0.0
0.0001343092011390489
0.0
6.817753774487571e-05
7.486229958164945e-05
0.0
0.0
0.00017461549272564043
0.0
1.7652191832581602e-05
0.00011836147302534932
2.3578659843244782e-05
7.953022384127865e-05
0.0001978436474814393
7.24800368621551e-05
1.5889841556591076e-05
8.102840758877172e-05
5.515584226240122e-06
4.5195412511647565e-05
8.806411850972002e-05
3.516330951930771e-05
2.6983704013417562e-05
0.00029282825069947466
0.0
3.0372426710017863e-09
0.0
0.0
0.0
0.0
0.0
0.0
0.0
0.0
0.0
0.0
0.0
0.0
0.5585277094507766
0.16956351030578512
0.00018268732650916083
5.007273171732541e-06
0.0027241039729065004
9.104648838178271e-09
9.179481323499346e-09
0.0
1.994007998570016e-06
3.0697606159126465e-09
2.7546208034163265e-08
2.7546208238631513e-08
2.7546208386835127e-08
1.989111354160712e-06
3.120453372800181e-11
3.119195759113245e-11
0.004028400355266504
0.0
3.798666474887379e-09
0.0029798750594739157
0.0
3.798678738847993e-09
0.0
1.993945648738984e-06
1.9330763989871825e-06
6.086924776702811e-08
2.7546206700359965e-08
2.754620710554948e-08
2.7546207464975385e-08
2.043847474720541e-05
2.9854477389162415e-06
0.0
2.2701847004723167e-10
0.0
-0.0029798750594739153
5.843953804212382e-07
0.0
0.0
0.0
0.0009269169795006988
0.0026048089481432125
8.869412285042025e-05
6.836570864507768e-05
0.00015979036551437868
0.0004986845048263663
7.97742081911535e-05
0.000304404057226295
4.60925995146308e-05
0.0
0.0
0.0
0.0
5.151562851044587e-06
0.0001643108880269542
8.210672534979182e-05
0.00011347340576697169
4.9715802282980224e-06
8.842980271311765e-05
5.901419153405306e-05
1.6653596857352233e-05
0.000282527257725451
0.00011650589262331081
0.0001040427148773427
0.00013332253355802774
0.0002856507878597764
0.0004603369682945868
6.677885689966178e-06
0.00044267726607899054
0.0006941171890428449
0.0016420619439082036
8.181257106535252e-06
0.000147534434274977
0.07329073032931777
8.684529666970286e-07
1.1222829859349156e-06
1.9891113541607013e-06
0.00012749247027802048
1.0589147509281485e-05
1.3801978857710688e-05
4.153418066835149e-05
0.0004253698960014236
0.0002003528155109525
4.3279249386395375e-05
1.576926048151802e-05
0.0
0.0
1.989111354160719e-06
0.0
0.0
0.02933385574162771
0.0
0.04030174574119437
0.000726264631087221
0.00013520921545909605
0.0002698632117276881
6.265931125785847e-05
3.502820514810147e-05
0.00019095202836989298
8.190410282965852e-06
5.402731936706145e-05
-0.001234087650452117
0.018070593785844382
0.04652063121233059
-0.14813271580751985
0.04467798408250943
0.0
-0.13020350890258703
-0.001138409723687638
3.662479703046386e-05
0.0
0.0
0.0
0.0
0.0
0.0
7.833842183601171e-05
3.6624797030464144e-05
8.517388797969385e-05
0.0
6.106424631773964e-05
0.0
6.164731308864873e-06
0.0
7.059888332722544e-05
0.0
2.038507321613231e-06
0.0
5.360470200752899e-05
0.0
0.0001149632188664753
8.516500413743867e-05
6.105538493176563e-05
6.162062034152889e-06
7.059002494852186e-05
2.029614146640788e-06
5.359580421978426e-05
2.3100610499124756e-07
2.3100610498986796e-07
-0.001656535554837653
3.5382081592494785e-20
0.0
0.0
0.0
0.009796381662358562
0.008628776400508869
2.6404873193836542e-05
3.669042538613249e-05
2.464998186129291e-05
0.00010374688714058023
6.741573540114297e-05
3.124149856304523e-05
1.976153608956618e-05
4.6623849637877595e-05
1.0595729518346395e-05
1.3808824636036384e-05
4.1539550697714585e-05
1.4548157122246078e-05
1.2047623997980708e-05
4.328455615854924e-05
1.5774398551054005e-05
0.00013935987460371907
0.0001846847955378934
4.9248861519497126e-05
2.885689989356287e-05
0.0001203523912260134
6.1396727003412055e-06
4.10011725984792e-07
2.3798827868505294e-06
0.000123922400197753
1.0439743521608703e-05
0.00015491779090563235
1.5087767681711265e-05
1.0424421238255776e-06
5.703104475550127e-06
0.0
0.0
0.0
0.0
1.4771804878410625e-09
0.0
0.0
0.0
0.0
0.0
0.0
0.0
0.0
4.069556605590897e-05
-1.4601986291598263e-05
3.987891172703262e-06
2.7546205767148046e-08
0.00017511032807575506
5.150280991049648e-06
0.0
0.0
5.0070507166878274e-06
0.0005553162960146045
3.520391185641039e-05
4.8468033269251846e-05
0.0003392866705989937
2.176010982529152
0.0
0.0
0.0
0.0
1.6875713700729894e-05
0.027822579515873296
5.150280991044859e-06
0.0007478529556489519
7.393868781044967
0.00030240625901187897
1.9477164236967332e-05
-9.843211123557897
-3.390091148359199
0.00047968723444834866
5.150280991047496e-06
0.001235583553746364
0.001656535554837653
0.0
2.230613567558246e-06
0.0
0.0
0.0
0.00043874571520864463
0.0
0.0
0.0041329645450603695
0.0041329645450603695
0.0005100350760122133
0.0008500846512778196
0.004130964853852091
0.0008500846512778195
0.0041329645450603695
0.00085008465127782
0.0006264411496568083
0.0
0.0
0.0
0.00012547735018497545
-0.06826679486152312
0.06813950603401855
-1.811477319577321e-06
-3.379991312772741
0.0
0.0
0.0034205509185563712
3.922802299159895e-06
2.6825677392723125e-06
0.0
0.0005705822842098705
0.0006840799637382216
0.0
0.0
0.018070593785844382
0.0
0.018070593785844382
1.453719883142418e-10
3.9228022991596114e-06
2.6825677392720267e-06
0.0
0.0005705822842098702
0.0006840799637382213
0.0
0.0
2.176010982529152
1.8624486446953634
1.0193426173522004e-09
5.1502809910417916e-06
-0.0002322222053337584
3.7444643939453744e-05
0.00023130203294203695
9.288924214914049e-07
0.0
-0.0002154425709821242
0.00010916869211408941
0.00012775871722949775
0.0001520371818928809
-1.0000871384562758e-05
0.00014193279586339268
-7.831663440158297e-05
0.0015167404410350357
5.660382608155589e-05
0.0
2.1632765929896106e-09
0.0003941784792767158
0.00012749409487652024
0.0
1.6245985282634714e-09
0.0003941774329195025
0.0
1.0463572417831226e-09
0.002619029121445494
-0.00027784352630114427
5.0070507166877664e-06
0.0
0.0
2.5147783423556908e-09
0.0
-2.8088297339153253e-06
-2.8088297339153642e-06
-2.808829733915409e-06
2.0363108978237667e-05
3.38963730347336
3.38963730347336
3.268410805145556e-05
0.0
0.0
1.9939455863512375e-06
7.975782345406988e-06
3.987891172703573e-06
0.0009214202141979761
1.53514797235198e-09
0.0
0.0
0.0006382322039084436
0.0006382322039084436
2.1130818032910816e-07
4.012673062447446e-06
0.0
0.0
0.0
0.0
0.0
0.0
0.0
0.0002814020228161345
1.4290948704043686e-05
6.955026564340725e-05
0.0002527023728716849
0.00015319260170911745
5.0280078199164774e-06
2.958962272257625e-05
1.224617396752255e-05
0.00018937342600708866
7.135902339230042e-05
0.00034037264238279743
1.3189372819677235e-05
0.022226663222797694
-0.02166893762019023
2.897906331407097e-18
0.0
5.5910012235061847e-08
4.887277950917551e-08
0.0
4.887277950920849e-08
4.8872779509280164e-08
8.452327195519059e-07
1.403409214634719e-05
0.0023361791329510485
6.288993576114152e-22
0.0
0.0
0.0
2.009789892661081e-07
0.0033175231544036784
-0.0033175231544036775
0.0
0.0
0.0
0.0
0.0
0.0
0.0
0.0
6.23823554764128e-11
5.9053190525946845e-05
0.0028795387517824007
8.03008421761919e-05
0.0015006473407417034
0.0
0.0
-0.7596363851870865
0.7596362142569675
-1.7759012494636767e-07
0.0
1.4034092146347244e-05
1.4034092146347239e-05
6.23805146184498e-11
1.993945586721318e-06
1.9939455865370164e-06
0.003420551100746099
0.003420550918556371
0.0013814549936528473
0.0
0.0
0.0
9.218796970650371e-10
0.0
0.0
0.0
0.0022637127590485833
0.0022637038008866467
1.4034092146347222e-05
1.1371372572355545e-18
1.1371372575062971e-18
9.48270541759063e-05
0.00010006073341211672
-5.23367923620935e-06
5.234621162255887e-06
0.0
0.0
0.00019191674526631961
3.91555281754107e-05
0.0
6.237147129971684e-11
6.237686519506303e-11
7.78643473428622e-05
0.000511477497488531
0.0003532207606908564
0.0
0.24786607941752264
0.0
0.0
-7.423903052611029
0.0
0.0
0.0
0.0
0.0
0.002336138010192105
0.0
0.00015792329936059558
0.0
-0.02747616632131334
0.0
0.0
0.0
0.0
0.0
0.0
0.0
0.0
0.0
0.0002700113725940597
2.2103053410062843e-07
2.210305341818831e-07
2.1130818037204262e-07
2.1130818034553536e-07
4.3233871459048754e-07
0.0001741455286101706
0.0
0.0
0.0
0.000418448893925221
0.003317523154403678
9.000159203887229
3.247842983251235e-05
8.212959007049808
-8.212960542629304
-1.5360864486292637e-06
0.0
0.0
0.0012268875781915477
0.00012684583986183602
0.0004044627522118852
0.002602753641510784
0.0
0.005407666135201171
0.0
0.00012710863560073664
8.43692448613849e-05
-0.7518741154717954
0.7518261033467248
-5.273753673767064e-06
1.3616250724866097e-05
-1.3616250724866095e-05
1.999691208348345e-06
0.012826424652600577
0.00940023037804685
3.4440216241817523e-10
0.0
0.0
0.0
0.0
0.0
0.00020945036884035737
1.3616250724866102e-05
0.00024911388323959114
0.0
0.0002720053181804817
1.9996912082786827e-06
0.06786271322412789
3.478699226902225e-18
0.0012603087641595578
0.00039613108805359326
1.933086743569992e-05
0.00041546076210607013
1.9330867435699895e-05
0.0
1.1933832230898525e-09
0.0
0.00013211730032104837
7.131153092303639e-06
0.0006350235909416238
0.0005029039229199094
1.567975997950186e-20
-1.7782560405878622e-06
-1.7782560405878305e-06
-5.404746749866072
2.9861074998383687e-19
0.0
9.139341985404441e-09
9.04242721582969e-09
0.0005850607729170829
0.000585060772917083
1.6040071335884252e-17
0.0
0.0
1.9996912083538882e-06
0.0
1.3405649422119993e-09
0.0
-0.0012355835537463643
3.5378573828843004e-20
-5.928355768410355e-07
-5.941761417831786e-07
3.539094985572705e-17
0.00034829105722033836
0.00025003448146527065
0.0
0.0
0.0
2.210305368969709e-07
2.210305369119232e-07
0.0003482910572203379
0.0004426772660789905
0.001234087650452117
0.00044267726607629646
0.00025003448146527065
0.00025003448146527065
0.0004426772660789905
0.00044267726622732614
4.917804579845677e-07
9.049406025969352e-08
2.520077854351659e-07
0.0
0.0
0.0
0.0
0.0
3.097739220321021e-08
3.097739212002899e-08
0.0
0.0
0.0
3.097739195420642e-08
0.0
0.0
0.00010719964090821183
0.0004426772660789905
0.00034829105722033814
3.097739176548235e-08
3.0977385362865964e-08
0.00019265157362259746
0.0
0.0
0.0037726725736081986
0.0
3.097738845602749e-08
3.0977391496772226e-08
1.99394558690554e-06
4.218928425180558e-06
2.22498283827313e-06
0.00024218530259729305
5.007050716687804e-06
6.979442767466603
-6.979442761559135
0.0
5.843953804212139e-07
-6.527452482536802e-05
-6.527452482536802e-05
0.00010949310546041738
0.0004555684065690015
0.00013020193800940575
7.533172983828164
-7.533173139859652
-1.5022400999225803e-07
0.00017414552861016918
-0.00498919305536738
0.0
0.00010668474294798751
-0.00010667776239584387
0.0
-0.0012055156002972467
1.2530982112674666e-17
0.0
0.0001094931054604173
0.0003563619723032224
-3.8353796896335485e-06
-0.00036019735199285585
0.0
3.59486787561289e-05
0.00011456439885295585
0.0
0.0
0.0
0.001446218833648826
0.0
0.0
0.0
0.0
0.0
0.0
0.0
4.944289312659823e-05
0.0016868373486923632
0.0014880726601718913
0.00025125661714241556
3.0490354953455086e-06
