0
0.0
1.4398394519353688e-08
0.0
0.0
0.0
0.0
0.0
0.0
6.030228037695398e-07
0.0
0.0
2.4928860710944987e-08
0.0
0.0
0.0
0.0
0.0
4.979503254322263e-09
0.0
0.0
0.0
0.0
0.0
0.0
2.0487267400650383e-07
1.0678506217427989e-09
0.0
0.0
0.0
0.0
0.0
0.0
0.0
0.0
0.0
0.0010166480682304766
0.0
2.752076415982387e-09
0.0
1.9333536767781445e-08
0.0
0.0
0.0
0.0
0.0
0.0
0.0
0.0
0.0
0.0
0.0
0.0
0.0
0.0
0.0
0.0
0.0
2.169544022031213e-09
0.0
0.0
0.0
0.0
8.063757040017346e-18
0.0
9.914042376231985e-09
0.0
0.0
0.0
0.0
0.0
0.0
0.0
7.206538042139214e-11
1.0154892226589551e-10
1.4288776265118092e-11
6.065472903682477e-10
6.022028184351876e-19
0.0
1.88740112325154e-08
0.0
0.0
1.0154892229300057e-10
0.0
0.0
0.001023779202829811
4.902744876744691e-13
0.0
1.837294181907457e-09
9.878880996197287e-09
0.0
0.0
7.023973462484229e-09
0.0
3.843198506961084e-08
-2.893094263978023e-08
0.0
0.0
0.0
0.0
0.0
0.0
0.0
9.837252587926388e-09
0.0
0.0
9.778169568599856e-09
0.0
0.0
0.0
0.0
0.0
9.938557553502763e-09
0.0
9.515535099306209e-09
0.0
1.8248627944309274e-09
0.0
0.0
0.0
0.0
2.7834163247928603e-09
0.0
7.628510788624683e-09
8.072643659812499e-10
0.0
0.0
1.0354867185924377e-08
-4.375118420330004e-08
0.0
9.2684842834982e-09
7.328437353533048e-09
0.0
9.475634519798384e-09
0.0
0.0
8.159708485846782e-09
0.0
0.0
1.9629192845489733e-10
0.0
0.0
0.0
0.0
0.0
1.8992122442220723e-08
0.0
0.0
0.0
0.0
0.0
0.0
0.0
4.383830805139971e-09
9.80237334667966e-10
0.0
6.1613126896865725e-09
0.0
5.253833585333186e-09
0.0
0.0
0.0
5.2825698585292566e-15
8.943369279924384e-09
-0.0005080326212834052
0.0
0.0
0.0
1.472631222596606e-09
0.0
0.0
0.0
0.0
0.0
4.869158914286502e-08
0.0
0.0
0.0
0.0
0.0
0.0
0.0
0.0
0.0
0.0
0.0010140287844837559
3.767547738797483e-08
0.0010158408422249958
0.0
6.352007688764676e-08
9.452581516370655e-09
0.0
9.21874790608936e-09
0.0
0.0
0.0
0.0
0.0
0.0
0.0
0.0
0.0
1.195118867385309e-09
0.0
0.0
0.0
3.8080395950532576e-09
0.0
0.0
3.171429099094988e-08
1.9005917830121747e-08
2.475811537332783e-08
2.5596584254714895e-08
1.487247733875898e-10
9.585210672708824e-09
6.992337719981472e-09
0.0
7.001700297432651e-09
0.0
0.0
0.0
0.0
0.0
0.0
9.091383357556845e-09
0.0
0.0
0.0
0.0
3.910401369275366e-21
9.780007528376085e-09
7.747219423553339e-11
0.0
0.0
0.0
9.894164135974371e-09
9.46856570682775e-09
1.3487200939410471e-11
9.726350005438803e-09
0.0
9.654222371129979e-09
0.0
-1.7957098481791167e-19
8.091613859655848e-11
2.7377827924723874e-06
0.0
0.0
0.0
0.0
0.0
6.750919877018664e-22
0.0
-0.0010215652386999514
0.0
9.960141127257418e-09
6.810742162688195e-09
9.874445445454406e-09
0.0
0.0
0.0
0.0
0.0
0.0
3.9705196441808255e-07
0.0
9.79653325323131e-09
9.477015427184089e-09
6.438973682350684e-09
0.0
0.0
0.0
0.0
0.0
0.0
9.432074716718792e-10
0.0
0.0
0.0
0.0
0.0
0.0
0.0
0.0
9.876521437772276e-09
0.0
0.0
0.0
8.86546053832585e-11
0.0
5.946629286731273e-18
3.4912454192327732e-09
-7.707687542689205e-09
0.0
0.0
0.0
0.0
0.0
2.62157907154412e-09
9.862099151337656e-09
3.491245419215969e-09
0.0
0.0
0.0
0.0
0.0
9.864675941181637e-09
0.0
0.0
0.0
0.0
0.0
0.0
0.0
0.0
7.63257905629459e-09
2.6484518864083767e-08
4.502481267805495e-10
0.0
0.0
0.0
0.0
0.0
0.0
0.0
2.5080261739956247e-08
0.0
0.0
0.0
0.0
0.0
5.306223415369526e-09
0.0
6.648619995481761e-12
0.0
0.0
0.0
0.0
0.0
0.0
0.0
-6.030228037689863e-07
-6.030228037681841e-07
0.0
0.0
1.9642089390313513e-08
9.972787967470133e-09
6.585351597456069e-10
9.975829773356537e-09
6.568248991363124e-10
6.008021576571007e-10
6.96783758540389e-09
0.0
9.92240037492254e-09
9.975829776482363e-09
9.981102326588144e-09
9.979363494037298e-09
0.0
2.4804094858346085e-10
1.1179885099661077e-08
0.0
0.0
0.0
0.0
0.0
0.0
3.947951248139091e-08
4.122716045713336e-09
2.8027216113512245e-08
6.010268785728456e-09
1.6059799893624925e-10
0.0
0.0
0.0
1.287158575430718e-08
0.0
0.0
6.904385440732273e-10
0.0
5.399091131263992e-08
0.0
0.0
0.0
3.106963699184086e-08
2.7950899677289114e-08
0.0
1.0849434376733417e-08
0.0
0.0
0.0
0.0
0.0
0.0
4.8311727076891366e-08
0.0
0.0
0.0
1.4233353369256984e-06
9.515535098669595e-09
2.0487267400587536e-07
6.589855502121541e-10
9.973067105495132e-09
9.980967883073671e-09
2.4313292593162387e-08
0.0
2.2791857553550405e-08
5.40382014328598e-09
2.2791856353027524e-08
1.4761634831349835e-08
0.0
4.554451165761368e-08
0.0
2.500344197608015e-08
2.500344066434979e-08
2.5003439387904932e-08
3.78618258871068e-09
0.0
-2.0487267400642233e-07
2.048726740063431e-07
2.5881562682273236e-19
1.9879290060634138e-08
1.9948896916483487e-08
1.996266256732932e-08
1.9960331545149393e-08
2.431329290246984e-08
-7.88505693898045e-09
2.2791857857841558e-08
-9.865892698461723e-09
2.2791856650519047e-08
5.380692013247503e-09
0.0
3.604223544453653e-08
0.0
2.5003442310334413e-08
2.5003440990182743e-08
2.5003439704752647e-08
2.4313293211724033e-08
0.0
2.2791858163739616e-08
0.0
2.279185694981912e-08
1.4761635396514227e-08
0.0
4.5544512217255135e-08
0.0
2.5003441315931e-08
2.5003440021580683e-08
1.930915032679924e-08
0.0
9.964866585760699e-09
6.347212169695348e-10
0.0
7.632579055762145e-09
0.0
8.638115387736707e-08
0.0
1.0276414330918154e-08
6.43652354076033e-10
-2.0539434209533672e-08
4.255224700113149e-10
7.093817435004232e-10
1.4398394551958345e-08
9.310180474067651e-09
0.0
-6.129830197896428e-10
4.635877589345633e-06
5.330779296174276e-06
7.845602635181401e-08
1.9599547488443375e-05
2.5757862957015914e-06
1.7555301956930417e-08
6.86656473780227e-08
0.0
6.021135585288908e-08
1.0027074406992361e-07
0.0
1.964208939080887e-08
0.0
9.925599534781811e-22
6.782121942372268e-07
4.972055860363478e-07
0.009101814884523062
5.808017282024968e-10
4.613557402103888e-09
0.0
0.0
1.1145946687634266e-08
-7.623508935239443e-09
-8.05424883008215e-09
-1.0431555040367864e-08
8.038104027027884e-09
2.7412519802705315e-08
0.0
0.0
0.0
0.0
0.0
0.0
0.0
1.1591666342275145e-05
0.018322665158398418
0.0
-9.918161589353097e-09
7.606932511794269e-11
1.9883581250206528e-08
5.872198160831508e-10
5.478312387475785e-08
0.0
2.9821506187628586e-08
9.937924932632014e-09
4.3090535132249e-07
4.3090535131232784e-07
0.0
-0.11032370038041941
0.0
5.478698378818001e-08
0.0
9.93055365030039e-09
9.930553645870965e-09
9.963700117052462e-09
9.963700113169744e-09
9.949421006993472e-09
6.273757981263085e-10
9.949421011495286e-09
-3.1378313281038572e-09
0.0
-1.1145962467221104e-08
7.62349168167975e-09
8.05423302206211e-09
-1.8665846969858138e-08
-1.007807356664947e-08
3.558438003157041e-08
-1.1452779794452851e-05
4.3605894636485906e-07
0.0
0.0
2.6213515500925594e-16
1.6281772941550976e-06
1.6281772939161394e-06
-4.3605894634729525e-07
3.537855403637581e-08
4.5685093344340355e-06
0.0
4.6695292601719384e-08
1.9553060918853597e-05
3.63940187359709e-08
2.558597579548324e-06
0.0
0.10930806132345576
9.560025983609412e-09
0.0
-0.001017468916231024
8.208480005474379e-07
-0.0010166480682304766
4.141247746839528e-08
0.0
0.0
7.306774112159721e-08
9.972191506571796e-09
9.97219136619472e-09
0.02221064027195563
0.08713097200305064
9.499343341699362e-09
0.0
0.0
0.0
0.0
0.0
4.8248860906596747e-08
9.98215148953767e-09
0.0
0.0
9.952214421050313e-09
9.956966492118441e-09
1.0115033722863726e-08
1.5083373840269095e-06
7.227840280763825e-09
0.0
0.0
4.287431688354293e-09
1.6923142878494303e-07
0.0
0.0
0.0
0.0
2.200049795041477e-08
0.0
0.0
0.0
4.6876357975261546e-08
5.9423091293818664e-08
6.168285093297281e-09
0.0
2.508026173993377e-08
0.0
9.954758476224271e-09
1.6714099221513166e-08
3.402779017125179e-08
1.0685771617458774e-09
2.0253223535711554e-08
1.9666359201416597e-08
3.647551669412794e-08
3.0631056390147876e-09
-4.213190406241958e-07
0.0
0.0
-9.625019949551063e-09
0.0
1.2529772358549351e-11
1.0188864669482942e-06
5.7825905776958e-10
5.782590536340994e-10
0.0
2.3945370251797414e-08
1.4315381280556594e-09
9.925706147783292e-09
3.1965798570621207e-08
-5.4470886440283195e-08
0.0
-9.784297946930844e-09
1.562327913380279e-05
0.0
0.0
0.0
-1.7986948331042222e-09
3.9847796945593504e-08
4.1823499273673803e-10
9.833961048255624e-09
-8.072643713436314e-10
9.89389026961939e-09
0.0
1.758231879148184e-07
0.0
0.0
0.0
0.0
2.578032906310899e-07
2.5780329056639893e-07
9.942565017362305e-09
9.942564934556364e-09
-2.169544544017299e-09
0.0
0.0
9.80234807421108e-09
0.0
0.0
0.0
1.9679836874441685e-08
0.0
4.48246605075478e-08
2.0516974851364787e-09
0.0
0.0
3.838342239441377e-08
3.834636678780769e-08
1.0461272297387018e-08
9.94942101596909e-09
-9.58583334514522e-09
3.806367138282912e-11
0.0
0.0
3.0510009422601876e-08
9.944720885448102e-09
9.980114563002025e-09
9.985383002495286e-09
4.482328365929679e-08
0.0
0.0
1.0027074403341799e-07
0.0
0.0
0.0
3.5500252554645533e-16
0.0
0.0
4.276074299313206e-08
8.349110297888937e-09
2.983701585767957e-08
0.0
4.62452389929193e-08
0.0
4.2755778655072264e-08
4.525748591502168e-06
0.0
1.685827680717752e-08
1.9562688085160596e-05
0.0
2.567812783894399e-06
-1.8218831662492746e-17
0.0
9.445488085364946e-09
0.0
0.0
1.0739294144854293e-08
0.0
7.411211505300607e-09
0.0
0.0
0.0
0.0
0.0
5.083565388413959e-09
3.7819071367823677e-07
3.7382879098150256e-07
1.3209390852867743e-10
-3.479222204831817e-08
0.0
2.483746355628996e-08
2.465523792052752e-06
-9.847052480694055e-09
0.0
0.0
0.0
2.4361244151542875e-06
6.438145145659016e-10
3.833362982597066e-08
9.800943724028943e-09
9.800943715959604e-09
4.813776926071161e-10
0.0
5.235360677547966e-09
0.0
0.0
0.0
1.4026130951208408e-09
0.0
5.992050427440277e-10
0.0
0.0
0.0
0.0
-3.833362985144941e-08
0.0
0.0
0.0
1.9325400297198627e-08
4.6936890148564904e-05
-4.683419931157673e-05
0.0
0.0
6.732128805516825e-08
0.0
0.0
-1.4152516843702363e-08
9.907868527889418e-09
0.0
0.0
-1.9969493153700058e-08
0.0
0.0
0.0
-0.0014486394795800162
4.04713841778989e-10
4.047138162793784e-10
0.0
0.0
0.0
0.0
0.0
7.227835235518296e-09
7.741007108920503e-09
0.0
9.585788806884926e-09
2.6991629711713044e-10
0.0
4.4025497417571636e-09
0.0
0.0
0.0
0.0
0.0
0.0
0.0
1.848099266911516e-08
-1.0154892237431573e-10
2.4928860712405815e-08
0.0
-8.970214388948497e-09
0.0
0.0
0.0
0.0
0.0
-7.112585709079041e-10
2.048726739990427e-07
-3.8932120027812545e-10
0.0
0.0
0.0
7.421789447875055e-06
0.0
7.413229654144452e-06
0.0
1.329679433164739e-09
0.0
2.9661946938580768e-08
1.1917648883565066e-08
0.0
0.0
0.0
0.0
9.852361085360709e-09
4.3753850037180413e-16
4.653018273683047e-16
4.461613429848156e-16
4.484156084437076e-16
3.051000917542976e-08
9.903456352731987e-09
0.0
1.0219519064425462e-08
-1.8874011232486616e-08
0.0
9.586301455426048e-09
0.0
1.7686132302602286e-10
9.959840227014724e-09
6.376231315792624e-10
3.177649717183597e-19
0.0
0.0
1.0931704999869113e-09
5.875324220649649e-10
1.4872477276342644e-10
0.0
1.0380403904833644e-09
0.0
4.991333288890894e-09
0.0
7.217738021370441e-10
1.979476200333921e-09
-3.704251023866065e-10
1.0380402275863166e-09
-9.919543058782348e-09
0.0
0.0
0.0
1.9676784694883445e-09
0.0
-1.015489222862243e-10
0.0
6.477772091259009e-10
1.0046245919818355e-05
1.0046245919818363e-05
-0.001023779202829811
-0.0010237092611984247
0.0
9.458223807794508e-05
-4.898983101781981e-13
9.457335255531269e-05
1.8372943029483725e-09
1.8372942222549146e-09
0.0
0.0
1.6365237021674714e-08
0.0
0.0
0.0
0.0
0.0
3.6531457893190418e-09
0.0
0.0
0.0
0.0
7.3354433322702594e-09
0.0
6.3310024194449e-09
0.0
0.0
-5.284276027818155e-15
0.0
0.0
-7.750947627725312e-09
0.0
0.0
2.0410291775587418e-08
5.268740288556613e-15
0.0
0.0
1.5893040932882355e-06
7.566439565618231e-08
9.943657989522596e-09
9.94365796796212e-09
6.929500362451233e-10
0.0
8.055665666212991e-09
3.851590993161907e-08
0.0
0.0
0.0
0.0
0.0
1.770683056384692e-08
3.841815592075639e-08
1.7693001415005604e-08
9.782087247440379e-09
-1.9190993654240444e-08
0.0
3.491245419223606e-09
0.0
5.933474063299383e-09
5.9334740578400615e-09
0.0
7.834781302983535e-09
4.568380117932339e-08
7.834781162637378e-09
0.0
0.0
5.955274183670035e-18
0.0
0.0
0.0
4.2768447215900825e-09
0.0
9.747701747226386e-09
0.0011226852230128907
0.0
0.0009199980417098057
0.0
7.549798667216545e-08
4.126226987920338e-08
7.939983310124828e-05
-7.935016305779549e-05
9.96519416383699e-09
8.39173038390322e-08
6.136538500652391e-10
0.0
0.0
0.0
8.330394834049278e-09
-8.652357402910162e-09
1.99601082773107e-08
6.580218439338653e-10
3.026573413600585e-07
9.769361340977473e-11
4.302492035315942e-06
1.2490924335378388e-07
0.0
1.298611935858963e-05
0.0
0.0
3.5446841749661983e-10
9.979527733903934e-09
6.9678375964880826e-09
5.646696830227092e-09
-4.831742153785797e-10
0.0
-1.5484553713741e-08
1.0056622796531551e-08
3.2951396779835616e-08
0.0
4.724594482727038e-08
3.0682208037848095e-08
1.8216306269280397e-08
0.0
0.0
0.0
0.0
9.959840243360629e-09
-9.837252587930993e-09
6.348449107384986e-10
0.0
1.0088033486614735e-08
1.9917310454211623e-08
9.960294996983268e-09
0.0
0.0
9.86170133662062e-09
5.411140323923462e-10
5.688503848713748e-08
0.0
0.0
1.6977357109124874e-09
6.574906925644176e-10
1.996192868828817e-08
9.981888164124764e-09
9.893916363435944e-09
0.0
0.0
2.7314565819458736e-06
0.0
0.0
-9.94967253614759e-09
0.0
7.998042461039356e-10
5.715204508995899e-19
3.786182589599725e-09
0.0
0.0
-9.874010497689517e-09
0.0
0.0
7.612679729997217e-11
7.612153050690669e-11
7.612678270064503e-11
-1.56097357262297e-11
0.0
0.0
9.782402512852387e-09
0.0
4.687811099020335e-10
0.0
0.0
0.0
0.0
0.0
0.0
0.0
0.0
0.0
9.97773709487948e-09
1.9958927316003495e-08
6.58621519495754e-10
1.966100746410425e-08
0.0
0.0
9.825044497071334e-10
1.949945142309433e-08
3.8064817022001096e-11
0.0
0.0
9.92209698954198e-09
1.986547764469808e-08
9.938557553323957e-09
-1.0842021724855044e-19
-6.166918487319378e-10
0.0
0.0
1.6354934255010303e-19
-2.0089724408616514e-10
1.971784544568231e-05
1.9717845445682315e-05
0.0
0.0
6.212391175304652e-08
0.0
8.821416005888848e-09
0.0
9.986462740462507e-09
0.0
-6.794434914632374e-08
9.824825034077657e-09
9.824825034912207e-09
9.157929231620913e-09
0.0
0.0
9.947054789870837e-09
1.2576745200831851e-17
0.0
2.068085574787704e-08
1.9889368424612582e-08
9.94231361458357e-09
0.0
9.857393067569335e-09
0.0
0.0
-9.946156494758547e-09
1.1256213456351175e-08
0.0
4.040582175630045e-10
0.0
3.2560148436492915e-08
0.0
1.5192258826321027e-08
0.0
2.9210516981094295e-08
0.0
2.4541512588466345e-08
0.0
0.0
0.0
5.54145552083328e-08
0.0
6.014489403246608e-09
0.0
3.4767604771229934e-08
0.0
3.476760346874092e-08
0.0
3.4596957444560066e-08
0.0
0.0
0.0
0.0
0.0
0.0
0.0
3.137826082015463e-09
7.540397901559248e-09
1.1145957207539525e-08
-7.623496943245131e-09
-8.054238293669913e-09
-1.985006823882363e-08
8.038114585398604e-09
-2.7412509241708793e-08
0.0005083563221422398
0.0005082994371037447
3.998519939283256e-09
3.998519888246078e-09
1.4872482062010597e-10
1.4872476965905653e-10
0.0
0.0
0.0005090296274808867
0.0
0.0
4.6702943358106754e-09
0.0
7.013688562758406e-08
0.0
5.474420630812701e-09
0.0
-7.628510789220849e-09
0.0
0.0
-5.956889851718456e-06
3.2930183313355253e-07
9.864360511492211e-09
9.864359995503946e-09
0.0
0.0
2.856835714906879e-08
5.369253832517852e-06
0.0
0.0
6.989084343816672e-08
0.0
2.1364374531512787e-09
9.873819244364391e-10
0.0
2.8056880456164895e-08
0.0
0.0
0.0
2.6978691998856784e-07
8.895029325515179e-09
0.0
0.0
0.0
2.9073456506616045e-08
0.0
0.0
2.5690308345681123e-08
0.0
3.2065487201338394e-09
0.0
0.0
0.0
0.0
8.884364107353444e-09
0.0
0.0
6.464268272974227e-06
-8.468395512606364e-09
0.0
0.0
2.9242910442724873e-09
2.9242910523912414e-09
0.0
0.0
5.030934419257112e-08
8.229455308129944e-10
0.0
0.0
0.0
9.310078697795372e-09
0.0
0.0
3.956289473852918e-07
-1.0263263527184215e-09
1.2075831326747225e-08
9.89745293809376e-09
9.897452930454158e-09
0.0
0.0
0.0
0.0
0.0
2.1117611199661626e-08
6.2897679168222315e-09
6.2897679168555446e-09
6.28976791680799e-09
1.3618205270364126e-08
6.289767916829949e-09
0.0
0.0
-4.0255974376179893e-07
2.430922404662661e-08
0.0
0.0
1.0903946377562394e-08
1.090394637723129e-08
1.0903946377097323e-08
2.0379580897096475e-08
1.0903946377297324e-08
8.020747731259522e-10
0.0
9.090296248749001e-08
1.6862522931131028e-07
1.594379903070156e-07
1.6222140663180844e-07
1.6862522931136823e-07
1.6222140663177964e-07
3.340389818545217e-08
3.4246346498274317e-08
4.917529862040782e-08
2.336510866085745e-07
2.33651086608453e-07
2.3365108660839423e-07
2.418107950943095e-07
2.336510866084599e-07
9.820720961327599e-08
0.0
2.7738903540537426e-12
0.0
9.939205187162388e-09
0.0
0.0
0.0
1.6254570587520957e-07
2.4399066299877267e-16
0.0
0.0
0.0
1.4430534340189545e-07
-1.6523241108679088e-16
0.0
9.453717131227644e-09
2.5952239081209806e-08
6.858146845764259e-09
2.0447252565553332e-06
8.294504650359284e-09
1.9509815409046727e-08
2.6625694797147394e-10
1.950981540284362e-08
9.927752112414411e-09
6.060652436476715e-10
3.1689518548428785e-10
3.1689518574346576e-10
0.0
8.294504642329894e-09
0.0
8.356887422939257e-09
0.0
0.0
0.0
4.8777243143199867e-05
1.7610624844891258e-08
0.0
9.791130988857352e-11
1.95616852672702e-05
1.956168526727002e-05
4.591951600770025e-08
0.0
0.0
-1.8992122430283587e-08
-9.91584341519065e-09
1.5963523180849128e-08
0.0
2.4091323726345967e-08
0.0
0.0
0.0
2.9293525396358637e-08
0.0
1.2278309880579272e-08
0.0
5.806211320026958e-10
-8.624312195732418e-06
2.9218541303403234e-10
0.0
0.0
0.0
6.236135591532705e-10
0.0
9.955200942139524e-09
0.0
5.219103676070257e-10
0.0
5.974263729030977e-10
8.634690007947117e-06
7.143393727671403e-08
7.658753226428528e-08
2.522044989583259e-07
0.0005083507674645161
0.0
9.838898719191917e-09
5.18693585804219e-10
8.97264702774556e-09
-9.802373305688606e-10
-4.3838308055439105e-09
9.838851080774619e-09
9.841520714796217e-09
0.0
9.841520714909741e-09
5.212715762281137e-10
0.0
0.0
5.186467549878048e-10
9.838851080645056e-09
0.0
0.0
9.845077372200736e-09
0.0
0.0
-5.253833585306018e-09
5.181208156060618e-10
9.83831615990454e-09
0.0
0.0
6.796126026206345e-09
0.0
9.922127551382647e-09
9.922127538698567e-09
9.60008181231901e-09
2.839610915621734e-10
0.0005090827255416208
0.0
0.0
0.0
8.073357220890084e-10
0.0
3.958242227969276e-08
1.0171461176338458e-08
0.0
0.0
-8.943369280035992e-09
1.0937037679203665e-07
3.159189744278857e-09
3.159189764262111e-09
3.1591897242945523e-09
3.159189698364145e-09
0.0
-1.2389031262065005e-08
4.5629730563434556e-08
0.01560464406491112
0.0
0.0
9.044483937576471e-09
9.662586592559374e-09
3.267609133949144
0.0
1.974443903529497e-08
9.905587954407863e-09
9.905587954376315e-09
5.842688268468146e-10
3.267609123025688
0.0
0.0
0.0
0.0
8.305266948575357e-09
0.0
0.0
0.0003948391664526366
0.00011316433027765711
0.0005080409300166622
0.0
0.015604653446816476
3.2676091230256876
0.0
0.0
1.970681879815102e-08
6.017784087576054e-10
-5.253833583462875e-09
7.658753224625203e-08
0.009101804982460493
0.0
1.679453549410165e-07
-6.213026247918582e-05
0.0
0.0
0.0
0.0
0.0
0.0
0.0
0.0
-0.009101761249269499
0.0
9.933051998978204e-09
0.0
9.833961048475852e-09
9.83396104849957e-09
1.1947412264216373e-07
0.0
1.8431423807657294e-08
0.0
1.5963523173134696e-08
0.0
0.0
5.977444601775578e-08
9.793978874813366e-09
0.0
0.0
8.685266231731887e-06
0.0
3.368106562374203e-08
0.0
3.9623427181863704e-07
1.1893889025951777e-08
-0.011602570456472375
0.011602580318473553
5.414088494379877e-10
0.0
4.384292816917545e-07
0.0
-4.86915891431701e-08
7.319272207503523e-08
3.3961949403367716e-11
7.344676335566564e-08
0.0
0.0
0.0
-1.0231012996700413e-06
1.0399562854241417e-06
8.524487767145456e-09
0.0
0.0
0.0
0.0
8.411673945360497e-08
0.0
6.534861395765236e-10
7.90249644427358e-08
2.7694603655339326e-08
0.0
3.518797275118289e-16
0.0
1.9405066925689143e-08
7.447237857481136e-08
0.0
0.0
1.907276503453885e-08
1.075541297355234e-07
0.0
0.0
1.4729793085371829e-08
9.774678359267391e-10
0.0
2.534995162564375e-08
3.9918240917416565e-08
6.593595108418421e-10
0.0
0.0
6.638071342389009e-10
-1.9517313556982607e-08
0.0
2.0606552575604604e-08
0.0
0.0
6.483640005643013e-10
0.0
0.0
0.0
0.0
0.0
0.0
8.943369272582102e-09
0.0
0.0
1.2789932933888896e-07
4.086749659166958e-05
6.526038968055918e-10
-4.0857521519758475e-05
8.305266947850947e-09
5.181208155611049e-10
8.489203401729288e-09
7.744765182489029e-09
-0.001015840864464046
-0.0010156973438054551
0.0
6.352007674591777e-08
-5.399080871109657e-08
-3.767547738717236e-08
-2.960151244594091e-08
3.137820846254094e-09
0.0
1.1145951947444594e-08
-7.623501829812085e-09
0.0
-1.043154979592622e-08
8.038109304900343e-09
-1.795815497997164e-08
9.89392157105756e-09
1.7686135423571754e-10
0.0
3.786182587936504e-09
1.1587726490312044e-05
4.267540045623023e-09
0.0
0.0
6.867502954728319e-09
5.325453795793591e-12
0.0
0.0
0.0
0.0
0.0
0.0
0.0
0.0
7.84496606992252e-08
0.00011362580216214043
0.0
0.0
9.647039871124102e-09
0.0
0.0
0.0
2.4898759933155316e-18
0.0
1.3454769850129375e-08
0.0
0.0
3.786182589964965e-09
0.0
5.204789326110004e-13
0.0
9.651919888533178e-09
0.0
0.0
0.0
0.0
0.0
-5.152049778010419e-05
5.153927475867148e-05
0.0
2.8530858726474477e-08
0.0
0.0
0.0
1.028665632602649e-07
3.6055382174619757e-09
2.7018590953971176e-07
0.0
0.0
0.0
0.0
0.0
9.970286591909914e-09
9.970286723279641e-09
-0.0010140385443329761
2.88868335564134e-10
0.0
9.604668441490967e-09
0.0
9.604669000010913e-09
9.604669557432756e-09
1.4779882533400013e-06
-7.637594645615309e-08
6.650238987760179e-08
0.0
1.5018904057308564e-07
9.560095870375813e-09
-0.000407058382178453
0.000407069004729955
0.0
8.905994961074464e-09
0.0
0.0
0.0
9.457627569986471e-09
0.0
0.0
1.1617950531521773e-08
0.0
3.084649990735036e-10
1.2454093234644923e-07
6.561006237595307e-10
5.57538258101913
5.575382579824011
0.0
4.887622647557583e-09
0.0
1.7824065857194128e-07
5.1993661112637035e-11
0.0
2.82823307160506e-08
9.979804462857678e-09
-1.851442872666633e-08
0.0
1.5876868649132558e-08
-6.486212757984727e-09
-6.48621270549147e-09
1.5876868490408765e-08
8.229455340172712e-10
0.0
0.0
0.0
9.31397099736406e-09
-9.457627511005873e-09
0.0
3.400086330761175e-08
0.0
0.0
0.0
9.800943732285364e-09
0.0
7.98743326010026e-07
7.93077938530744e-07
-3.8080395950532576e-09
0.0
0.0
-2.2245220931548445e-08
-2.22452209315952e-08
0.0
0.0
0.0
2.2005929862355872e-08
9.95986868050332e-09
9.95986869569412e-09
9.933097425612663e-09
9.933097440826037e-09
6.123283532956525e-07
0.0
4.189889602931535e-08
1.2062486796787823e-08
6.123283532965503e-07
0.0
0.0
-1.9005917830123968e-08
-1.8814468855381412e-08
-0.0005369776824637035
0.0005371011275833279
1.5876868702069553e-08
0.0
0.0
-6.229609601322936e-09
-2.475811536686856e-08
7.344676309748617e-08
1.4872477151992711e-10
9.452581507828865e-09
0.0
0.0
0.0
6.2984993492176475e-09
1.6121763632482027e-08
0.0
9.585174927612064e-09
0.0
-9.585210669561979e-09
0.0
0.0
0.0
0.0
9.510623757818364e-09
0.0
1.8224407291335224e-08
7.004359669972613e-09
0.0
0.0
1.3637575540851641e-08
0.0
0.0
0.0
1.5225918956473487e-09
0.0
0.0
6.0635192022221615e-09
0.0
0.0
0.0
0.0
2.480410009109188e-10
1.1179885163328186e-08
0.0
0.0
0.0
0.0
0.0
0.0
9.023434675548834e-09
6.585237320147222e-10
9.66266566456646e-09
0.0
8.54011954037992e-09
6.759874785053105e-09
6.502798204677686e-09
0.0
0.0
0.0
9.787071874558853e-09
0.0
0.0
6.803857343590997e-09
4.0369659146451855e-08
0.0
2.8144094047709972e-08
1.810298525321687e-08
0.0
0.0
3.66386787764026e-08
9.31492051241243e-09
6.618571995523194e-10
3.855259435019753e-09
3.07369495905858e-08
4.5932418482061616e-08
8.691943187882111e-09
6.794434914697426e-08
2.4928860450572373e-08
9.699433983045852e-19
1.2419036981565823e-07
2.2906206811680942e-09
1.5840218893291027e-07
-6.992337721854758e-09
9.282227824556622e-09
9.282227824506514e-09
0.0
-4.0805093786530875e-10
1.1443782374126307e-05
0.0
0.0
0.0
0.0
4.5719331312716964e-07
0.0
3.0347381242710777e-10
9.972775234287378e-09
9.963963818587388e-09
9.963963818204906e-09
9.628805891490079e-09
9.62880589128641e-09
9.898825409256238e-09
9.898825408974199e-09
9.879246012567482e-09
0.0
9.879246004328662e-09
6.480569318225798e-07
0.0
6.28568920816288e-07
4.6236737656684755e-10
6.3977654100188315e-09
0.0
9.847145431595592e-09
9.847145423522104e-09
-2.73435002764999e-08
6.2518141530605424e-09
6.251814152901473e-09
6.251814161190451e-09
0.0
-9.091383357552325e-09
7.799025401714272e-08
7.799025402441609e-08
7.799025401129781e-08
1.1601252518644856e-05
1.3026044357501056e-17
3.298786472943556e-08
4.296611011148245e-09
0.0
0.0
0.0
0.0
1.59930410259651e-08
0.0
0.0
1.457225367915185e-08
2.582463229871328e-08
0.0
6.531036674767288e-05
0.0
0.0
0.0
0.0
9.84732692320018e-09
9.849844289635882e-09
2.4024015139386742e-06
2.3925564365667884e-06
5.247685583856894e-10
9.585835293497777e-09
2.6996357762736987e-10
9.854877354448302e-09
0.0
0.0
0.0
0.0
0.0
0.0
6.698199905281923e-09
6.698199935590459e-09
0.0
0.0
0.0
0.0
1.5597851889170776e-16
0.0
-9.78000752844469e-09
1.9291054654228682e-08
0.0
0.0
0.0
5.604073820958121e-07
8.269399754655952e-18
7.799025402083822e-08
-9.435400957602034e-09
0.0
0.0
1.4566204911922042e-08
0.0
0.0
0.0
4.5655547579520575e-09
4.565554756509856e-09
0.0
4.94371583245571e-08
2.995683720052331e-08
7.545208217043358e-10
0.0
0.0
1.8150850656509214e-08
4.577161744319263e-09
0.0
0.0
1.2164797751002302e-08
6.791583313857201e-08
4.814344189855367e-08
9.521356686527214e-08
0.0
-1.5476025790297916e-10
9.521356163262868e-08
9.404472969187619e-06
0.0
6.827819952272352e-08
0.0
-4.080509456227938e-10
2.734350027621876e-08
9.413296705408286e-06
-1.3487200570104106e-11
0.0
0.0
0.0
0.0
0.0
-2.668473228774576e-12
0.0
0.0
0.0
0.0
-1.603315484452819e-05
0.0
1.7442847408277418e-08
0.0
0.0
0.0
2.0487267400618182e-07
0.0
-3.371623819185563e-10
0.0
0.0
6.193856517955343e-09
0.0
0.0
0.0
9.92953437788796e-09
6.078179905933837e-10
0.0
0.0
0.0
6.301123980858068e-09
0.0011007308982422755
0.00037929863171077877
2.0900283034697414e-05
2.1531498946285676e-06
0.0
0.0
0.0
1.0115033518910458e-08
6.254736754350828e-08
4.99193078369534e-07
0.0
0.0
0.0
3.527634209797841e-05
0.0
0.011894253578273846
0.0005794847181023812
0.0
0.0
0.08713110697170023
1.7475723334914675e-08
9.400950780509565e-08
-7.958865554654044e-09
-5.749707593719067e-09
4.244850270709779e-09
-9.21061271696999e-09
0.0
-2.7377827924723874e-06
-2.6807286101145534e-06
0.0
7.727396665538274e-07
0.0
-6.298692624534508e-12
7.785095038248137e-07
0.0
2.6136648185677164e-08
9.496761256568499e-09
0.0
1.957399980799761e-08
0.0
6.346422371351035e-10
0.0
-9.76606987483251e-09
0.0
0.0
-3.024451977743398e-08
6.118098728005488e-10
2.972830709464541e-08
2.8337857058585404e-08
0.0
0.0
0.0
6.470081226621395e-10
0.0
2.403086021386021e-08
5.023174387459181e-06
5.023174387459189e-06
6.018617984460519e-10
6.018617986203451e-10
0.0
2.282237730323859e-07
9.975017003548342e-09
1.0748906091312351e-07
9.978627103944333e-09
0.0
9.977737226959271e-09
9.947054803928356e-09
4.740855332001335e-07
5.974663464022825e-08
0.0
9.957015444963967e-09
6.894308664211191e-08
9.970164378033839e-09
3.1063085444948903e-09
0.0
0.0
9.979527874694905e-09
1.5687936963586364e-06
9.98011472856639e-09
0.0
9.980040388081989e-09
0.0
9.975968929704447e-09
0.0
0.0
0.0
0.0
0.0
8.943369280174484e-09
0.0
0.0
0.0
0.0
0.0
0.0
0.0
0.0
0.0
0.0
0.0
0.0
0.0
1.0003099068933315e-07
0.0
6.951294040604604e-08
0.0
0.0
0.0
0.0
0.0
0.0
0.0
0.0
0.0
0.0
0.0
0.0
0.0010215652386999516
0.001021494206134621
0.0
2.0502304969209827e-09
-9.847052522108884e-09
0.0
0.0
-5.536451250048457e-10
2.7313447351289e-10
1.8574516936912e-08
0.0
0.0
0.0
-9.946156271636516e-09
1.1865188087830366e-10
7.835862709667075e-11
1.5876868679811966e-08
9.777587465251455e-09
0.0
8.1333372393365e-11
9.808935285586229e-09
0.0
0.0
1.567150299756574e-10
9.921328879232711e-09
0.0
0.0
0.0
0.0
4.557844270454631e-07
0.0
5.575613211711249e-10
9.869463860073535e-09
5.48746748449338e-10
0.0
0.0
0.0
1.930912936062702e-08
1.9309134606734988e-08
9.539546312043261e-08
7.503349136104705e-08
0.0
0.0
0.0
0.0
0.0
0.0
0.0
9.893890249015759e-09
5.844425148656041e-10
1.930911886392144e-08
1.930911361440757e-08
0.0
3.124181112117373e-07
0.0
8.915959920174152e-09
0.0
4.31198398509303e-06
0.0
1.343893206140097e-07
0.0
3.7192974742746457e-10
0.0
1.2995469513461479e-05
0.0
1.8014577628275226e-10
0.0
3.433976669806543e-08
1.6894180537096217e-08
0.0
0.0
0.0
0.00101864502335995
0.0
4.937284875470879e-09
0.0
0.0
0.0
2.9853613462084765e-08
1.776029139033487e-08
1.7810382642397167e-08
0.0
0.0
0.0
9.403348974473845e-09
9.070967665098624e-11
-9.94615634297702e-09
0.0
0.0
6.446482269996983e-06
0.0
0.0
2.846489689691685e-08
4.3522899058699605e-08
0.0
0.0
0.0
2.69659589913263e-08
3.730688245176044e-08
5.565007032629912e-09
-4.591951599503376e-08
7.689536109518521e-08
-0.00011328512900724008
-0.000509082725541558
0.0005083507674645241
1.7455977117404536e-17
-0.0005089861331520299
1.5364837027730463e-07
0.0
0.0
0.0
0.0
0.0
0.0
0.0
3.26734644798431e-08
0.0
1.6701139825394067e-09
0.0
5.991519239632174e-09
0.0
0.0
0.0
3.637596288214072e-08
0.0
4.6748281275207036e-08
0.0
1.2596911814915605e-08
0.0
2.5803056741206786e-08
0.0
0.0
0.0
2.6711046398999884e-08
3.6928291969964e-08
2.9557005262243437e-09
0.0
0.0
4.773128208651611e-09
0.0
1.1210261580509636e-09
0.0
0.0
-1.5119324451250658e-07
-3.874140793949441e-07
0.0
2.480408960468178e-10
1.1179885033692366e-08
0.0
0.0
0.0
0.0
0.0
0.0
3.947951242343023e-08
4.122715995320594e-09
1.8224867983854305e-08
6.010268733738833e-09
1.6059794020541197e-10
0.0
5.3990911267569104e-08
0.0
0.0
6.913300263060679e-10
3.1069636941595596e-08
2.79508996261549e-08
0.0
0.0
0.0
0.0
9.510623700834836e-09
0.0
1.822440722613949e-08
7.0043596208482964e-09
0.0
0.0
1.3637575489890208e-08
0.0
0.0
0.0
1.522591850287518e-09
0.0
0.0
6.063519152194434e-09
0.0
0.0
0.0
0.0
-8.458098360286475e-10
0.0
0.0
1.4134757648427208e-06
0.0
9.326475681155105e-09
9.3264712942593e-09
2.048726739994784e-07
-2.1602494770008723e-08
0.0
0.0
0.0
0.01832269401165032
-1.6305977015971458e-10
9.477015422421076e-09
0.0
-4.770417368471416e-10
0.0
0.0
0.0
7.585067505914907e-07
0.0
3.5427872837977097e-08
-9.107301272566308e-08
-3.3769516385772356
-9.219669931678279e-08
5.259635441673483e-08
0.0
1.4359429765717836e-08
0.0
0.0
8.334566146325217e-09
0.0
-6.4389736806336195e-09
-6.438973682368343e-09
1.347395122158877e-06
8.073964941860303e-09
0.0
-9.873160934648073e-09
0.0
0.0
0.0
0.0
0.0
0.0
-9.61249969422609e-09
9.899501719457184e-08
9.944720836933357e-09
9.944720788434484e-09
0.0
2.0445751780608812e-08
0.0
0.0
3.4203378722604773e-10
0.0
9.582063294209405e-09
2.6625695166645557e-10
-9.874593859607317e-09
0.0
3.9767194674087795e-08
4.8887055421793436e-09
2.728764885251226e-08
0.0
0.0
0.0
7.689536110093636e-08
9.832794221203978e-09
7.689536111036993e-08
9.832794228415171e-09
0.0
3.9767194605499196e-08
4.888705449656933e-09
2.728764876230932e-08
0.0
0.0
0.0
0.018322694011650285
0.11032370038042316
9.913909660976834e-09
0.0
-2.4852168439568403e-06
4.972055860265599e-07
0.0
2.5045154799955676e-06
5.367613353268659e-10
1.578168781774707e-06
1.3699183468995706e-09
9.543669556356359e-08
3.1694997820416217e-09
-3.66302550515148e-09
1.0639568996999625e-08
2.532121608089398e-07
1.5613604721851317e-05
0.0
0.0
0.0
2.7461138257709263e-08
0.0
5.281298568182397e-09
5.281298124745797e-09
2.1857528238105307e-08
0.0
5.603610773673092e-09
0.00011348912167509869
6.751689494462196e-08
2.0487267398034576e-07
3.4863715198933527e-10
9.66589867174017e-09
8.821416005934687e-09
0.0
0.0
6.452704471907701e-11
6.45270447368647e-11
0.0
2.1115395885415294e-06
2.1115395885086565e-06
4.013633714680616e-07
9.403963248183834e-09
9.13129186416155e-11
0.0
0.0
0.0
9.121973590515096e-07
9.445488085409965e-09
2.1186334522849565e-08
9.89390072358402e-09
9.973130704631658e-05
9.973130704631642e-05
0.0
0.0
1.3857318144022977e-08
0.0
9.834284012784009e-09
9.834284012974444e-09
5.141563928748037e-10
9.834284012571273e-09
9.834284021078155e-09
2.4484119748571075e-09
0.0
0.0
2.0949850418904765e-09
0.0
0.0
1.0898641922039256e-09
3.154986056643861e-09
0.0
0.0
0.0
0.0
3.15255621219368e-07
2.2627802490461993e-07
0.0
0.0
3.039251494839997e-11
0.0
0.0
0.0
0.0
0.0
0.0
7.227840110443255e-09
0.0
-5.5568644879658e-10
0.0
-9.876521437767339e-09
0.0
0.0
9.802771094857832e-09
2.4886073109940022e-20
0.0
0.0
0.0
0.0
0.0
-5.904717507857534e-09
0.0
7.611614510118364e-11
-9.149868287951918e-09
-1.945279832701874e-08
7.776917417968121e-08
0.0
3.245725948062347e-19
3.3707020342548056e-19
-0.012763512931982553
0.01276354839885964
0.0
0.0
0.0
0.0
7.611619269195816e-11
0.0
0.0
-4.666263685637526e-10
0.0
0.0
0.0
-8.86544171407877e-11
0.0
5.904716726663102e-09
-5.9476535973828834e-18
0.0
-3.4912454191732625e-09
2.700061512682974e-08
7.707687544007181e-09
0.0
0.0
0.0
1.685123902198702e-10
0.0
9.24275431457494e-09
0.0
0.0
0.0
4.612459431382274e-08
6.320875999307702e-07
0.0
7.611627107872738e-11
7.611623465405912e-11
0.0
0.0
0.0
7.226650070187284e-10
3.889726955407498e-06
0.0
0.0
-9.616838454462595e-07
6.1732876509742e-10
0.0
9.9392051791197e-09
9.310078701479966e-09
9.310078705133316e-09
0.0
0.0
2.279185847136613e-08
-1.0262337727537267e-08
1.7347076049223364e-07
0.0
0.0
0.0
0.0
9.157929227990754e-09
0.0
0.0
-9.862099151214387e-09
0.0
6.049590970264992e-08
0.0
0.0
0.0
0.0
0.0
0.0
1.8258795430312934e-10
9.803874774965047e-09
0.0
3.6267421277877e-06
0.0
1.4430534306028047e-07
0.0
17.775231395254675
-17.77523138785944
0.0
9.85626984454728e-09
5.361854912283967e-10
1.9969493182400816e-08
3.1427300803337506e-08
0.0
0.0
5.924522804899469e-10
0.0
0.0
0.0
2.9624909014465013e-08
6.487588066761418e-08
0.0
9.869900105977139e-09
0.0
1.953572130656395e-09
0.0
1.5580245157909012e-07
1.847989872353923e-07
0.0
0.0
9.859164313281442e-09
1.9532679317210514e-08
5.440388797077376e-10
-5.440388797792119e-10
1.2455113546083737e-08
0.0
0.0
9.85585060391768e-09
6.049228928233424e-08
0.0
0.0
0.0
0.0
3.3816635436374656e-08
0.0
4.513170427157578e-09
0.0
0.0
1.9652026618590502e-08
4.947597275256441e-10
5.941001240440669e-08
0.0
5.803211194844962e-08
0.0
0.0
9.820943073478746e-09
5.010398229856907e-10
-5.1520449846522555e-05
0.0
0.0
2.877308443011573e-09
6.750663062351602e-09
3.044594218663756e-06
3.0445942186637715e-06
0.0
-7.010912033214578e-15
-7.632579056338128e-09
0.0
0.0
0.0
0.0
-1.4359429836158233e-08
0.0
-2.6934766754985686e-08
-2.6484518787795315e-08
4.1924285515142117e-13
0.0
1.5769586753427699e-09
9.945096471385141e-09
9.974992432331331e-09
6.525258252447212e-10
0.0
-7.562580211367687e-09
-7.634856680465568e-09
3.433976633814408e-08
4.5919516019131505e-08
3.431206554559214e-08
1.5769586192869692e-09
1.5769585713482047e-09
3.433976638068278e-08
3.494921593611228e-08
6.91452928225286e-10
0.0
0.0
6.231226585033681e-10
0.0
0.0
9.952884354230619e-09
6.307819535298418e-10
0.0
0.0
6.395846254744696e-10
9.953588088932087e-09
9.953588064881558e-09
0.0
9.961834617173512e-09
0.0
2.671883605721926e-07
3.433976663576937e-08
0.0
0.0
0.0
4.2042388925541756e-08
0.0
0.0
5.538928815959502e-09
6.360479633837558e-10
0.0
0.0
0.0
0.0
0.0
4.2769645349745043e-07
2.0487267399300226e-07
1.03319709444787e-06
-1.0234619018945068e-06
9.735194720118258e-09
0.0
-2.5080261739976722e-08
-2.508026173994538e-08
2.4786072546846606e-07
4.3996410821683064e-07
3.869592895804529e-08
18.3619732952448
-18.361973205676847
9.942025008260247e-09
0.0
-1.5473703641077918e-05
0.0
0.0
1.729371041313786e-08
0.0
-1.5489556161700935e-05
0.0
2.1206552903491523e-08
2.4786072537139714e-07
6.376307795684451e-08
9.960079403699754e-09
-4.42868205096789e-08
6.525498965818805e-10
1.0338939362586724e-07
0.0
1.0533722290303373e-08
9.977841415267528e-09
-5.306223415329473e-09
0.00011327676948897414
0.0
1.140560916324296e-08
2.1233813386356987e-09
2.1233813388144007e-09
8.579119257738724e-11
0.0
0.0
0.0
0.0
0.0
0.0
0.0
