0
0.0
0.0
0.0
0.0
1.9864735440502e-08
2.571170732269316e-07
0.0
0.0
0.0
1.4065144775493883e-08
0.0
0.0
0.0
0.0
0.0
0.0
8.32287307372979e-09
9.811345233993325e-09
0.0
0.0
0.0
0.0
0.0
0.0
2.0322799436185401e-07
0.0
0.0
0.0
0.0
0.0
0.0
0.0
0.0
0.0
0.0
0.0003167093557766937
9.327587384157284e-09
0.0
1.9818346184501607e-08
0.0
0.0
0.0
0.0
0.0
0.0
0.0
0.0
0.0
0.0
0.0
0.0
0.0
0.0
0.0
0.0
0.0
0.0
0.0
0.0
0.0
0.0
0.0
3.550808167570037e-16
0.0
3.5708939384536678e-09
0.0
0.0
0.0
0.0
0.0
0.0
2.4700225367353306e-10
8.421681474025227e-09
1.015465417916056e-10
1.783121528431651e-11
1.0115975526741049e-09
0.0
0.0
0.0
0.0
0.0
0.0
0.0
0.0
1.748798582667335e-05
4.898779678349369e-13
4.166573023750989e-09
0.0
0.0
7.726315463068295e-09
9.112321666495201e-10
0.0
0.0
3.974791056076958e-08
-3.9734075585329265e-08
2.0545279212881628e-09
0.0
0.0
0.0
0.0
0.0
0.0
9.872042584614255e-09
0.0
0.0
9.90824606151473e-09
0.0
0.0
8.732295747858561e-09
0.0
0.0
9.851532464390994e-09
0.0
9.63695250357977e-09
9.411416431077443e-25
0.0
0.0
0.0
0.0
0.0
0.0
0.0
0.0
5.612366849750968e-10
0.0
0.0
2.7472030452791504e-07
-2.462833306168561e-07
0.0
8.131973227692388e-09
8.707790999152175e-09
0.0
0.0
5.661326880920191e-09
0.0
0.0
8.843516084290415e-09
0.00030105705382021855
0.0
0.0
3.5461258683166746e-08
0.0
0.0
0.0
0.0
0.0
0.0
0.0
0.0
0.0
0.0
1.9127021369892525e-08
0.0
0.0
6.690726767248047e-10
0.0
0.0
0.0
0.0
0.0
0.0
3.6827198724446095e-14
8.72454699245093e-09
-0.00015771270935355144
1.766059275653051e-08
9.14429725670827e-09
0.0
0.0
0.0
0.0
2.1882248851861097e-06
0.0
1.955333258809658e-08
0.0
0.0
1.8381477424095405e-08
0.0
1.5492588368416376e-09
0.0
0.0
0.0
0.0
0.0
0.0
0.0006195474818535094
3.691597601544528e-08
1.3255191037127687e-05
0.0
8.994112027122709e-08
0.0
0.0
0.0
0.0
0.0
0.0
0.0
4.131659869798685e-08
0.0
0.0
0.0
0.0
1.1844204154658288e-09
2.855874334192454e-10
0.0
7.857024461328876e-09
0.0
1.5765329914203022e-08
8.83527841105499e-09
1.3688954750236286e-08
0.0
3.6996665548711968e-09
1.1347472614004883e-08
0.0
2.6076636056321114e-10
3.352915603277947e-08
0.0
9.726967084889972e-09
0.0
0.0
0.0
0.0
0.0
0.0
0.0
0.0
0.0
0.0
0.0
0.0
0.0
5.483826236327843e-09
5.51535412353152e-11
1.6923790203981527e-10
4.245172721462524e-19
9.622370693388636e-09
9.779831101560122e-09
1.348664524513949e-11
9.107818386994563e-09
2.6876771750013184e-12
0.0
0.0
-3.2526065174565133e-19
6.143118520069147e-11
1.5175178103673354e-07
6.298433129214853e-12
0.0
0.0
0.0
0.0
0.0
0.0
-0.0001690954727413763
1.2335811714470394e-24
0.0
0.0
9.932045693560661e-09
0.0
0.0
0.0
0.0
0.0
0.0
4.6113698566109247e-07
0.0
9.680159876493335e-09
0.0
0.0
0.0
0.0
0.0
0.0
0.0
0.0
3.2270524385071045e-09
0.0
0.0
0.0
2.5128690895641862e-11
0.0
0.0
0.0
0.0
0.0
2.0270769453723143e-09
0.0
7.052330758378702e-08
0.0
-2.027075643550437e-09
6.768339498239484e-16
0.0
-7.776844894159686e-09
0.0
5.409775608349726e-07
0.0
8.914679519644121e-09
9.625742635563994e-09
6.4339267183688075e-09
9.856699945213651e-09
0.0
0.0
0.0
0.0
1.2019339396639325e-08
0.0
9.951917932944975e-09
0.0
0.0
0.0
2.0545280866384144e-09
9.868502250502977e-09
0.0
0.0
2.1424295714236874e-14
9.806206783488944e-09
3.853743166616052e-08
0.0
0.0
0.0
0.0
0.0
0.0
0.0
0.0
2.434671714783715e-08
0.0
2.172254307035902e-08
0.0
0.0
0.0
0.0
0.0
6.648346803639349e-12
0.0
0.0
1.4758059641197993e-08
2.5271397369945755e-11
0.0
1.0092799399936953e-08
7.89280764653569e-08
0.0
3.376040412506054e-09
-1.4065144775590992e-08
-4.910665800829524e-09
0.0
9.990787508676906e-09
9.129068252500831e-10
9.071887934483579e-10
9.983028796309822e-09
8.585120988655436e-10
0.0
-8.322873071195505e-09
9.924623455154872e-09
9.974693608443848e-09
9.98057498858154e-09
9.983029492310208e-09
-9.811345233991437e-09
0.0
1.2118551198226662e-08
0.0
6.276609304537622e-08
4.419950827067996e-08
0.0
0.0
6.042836692941321e-08
4.5688492466616034e-09
1.0167717818864886e-08
0.0
1.4709137057084537e-08
4.883464046793506e-09
1.228838462310094e-09
0.0
0.0
4.341664506906803e-09
0.0
0.0
4.380058953262984e-09
0.0
4.729051847289546e-09
0.0
0.0
5.5094622453201694e-09
3.9714087444441443e-10
3.915425850867622e-09
1.2375664243056432e-08
0.0
0.0
7.381059531032465e-09
0.0
0.0
0.0
0.0
2.733422082891181e-08
0.0
0.0
0.0
7.067481739577933e-10
5.790597811872853e-10
2.0322799435649653e-07
9.123106212225054e-10
9.970526195236785e-09
9.978771000858973e-09
2.2007547032526074e-08
0.0
1.7945061075772513e-08
5.210692235909313e-09
1.7945053050029018e-08
1.3330872956383176e-08
0.0
0.0
0.0
0.0
0.0
0.0
9.94840529357404e-09
9.745620823046001e-09
-2.032279943615947e-07
2.0322799436132771e-07
2.3297734470971026e-16
1.9877684148352768e-08
1.99452201767845e-08
1.9960536785503184e-08
1.9961801185996914e-08
2.2007549126492644e-08
-5.765467583359425e-09
1.7945063113167486e-08
-9.905065193613685e-09
1.794505503334977e-08
1.3330874838379998e-08
0.0
-6.2117990690460645e-09
0.0
-8.308661925195837e-09
-8.308671042844828e-09
-8.308679905045624e-09
2.2007551217367464e-08
0.0
1.7945065151174996e-08
0.0
1.7945057017534463e-08
1.3330876717222043e-08
0.0
0.0
0.0
0.0
0.0
1.9929938107693894e-08
1.6445367133398475e-08
9.970383448541786e-09
9.953060382383166e-09
0.0
7.434342108287499e-10
0.0
0.0
1.3496542055486405e-08
0.0
9.138561218927158e-10
0.0
4.460632533058289e-12
4.460629811884364e-12
0.0
9.722868982962503e-09
0.0
-9.901768908276987e-09
1.7541841585445914e-08
0.0
1.6861759099454781e-07
1.3109229409208188e-07
7.673509683642904e-09
0.0
6.546480026944965e-08
0.0
5.6562394184377216e-08
6.406231113610627e-09
0.0
0.0
1.955146720534148e-08
4.22442326532265e-18
2.5373365798042196e-07
6.7287381622393e-08
3.034550417623855e-06
9.923942123580762e-09
0.0
-1.190252406999915e-09
-2.8261771981322962e-08
-6.016400979168036e-08
-1.100870915739616e-07
-1.0066869226145732e-07
-1.0617003771997671e-07
-6.784770742451762e-08
0.0
-9.327587382167157e-09
-2.789604966988256e-10
1.274472650722707e-06
0.0
0.0
0.0
0.0
0.0
5.64601967425e-07
1.9818346184420953e-08
9.85786329942661e-09
-1.981834618451899e-08
1.9856978132110293e-08
8.183811035647644e-10
2.6900104927391055e-08
0.0
2.9796898075442686e-08
8.733820108051182e-10
1.9345204256200577e-09
1.9345203445993198e-09
0.0
-0.000314011504212911
0.0
2.6889147371698327e-08
0.0
9.901188789472144e-09
8.357335252860476e-10
9.951285207026386e-09
9.951285149133717e-09
9.958304226391608e-09
9.95830415958382e-09
9.958304293269795e-09
1.9593125011861147e-08
1.8970818504848402e-08
6.957811300573849e-08
1.1008698093395441e-07
1.1013093433737131e-07
6.920885860239867e-08
4.568515529074224e-08
3.6044245939727618e-09
-1.2510561524020289e-08
0.0
0.0
0.0
0.0
5.3964339428616275e-09
1.4558832465982885e-08
1.0683672939382216e-09
4.9416561710414216e-08
2.4163180595787673e-08
0.0
5.954454008288179e-08
5.2509782736350115e-08
0.0
4.485366315801877e-09
0.0
0.0
5.038713986835175e-10
0.0
-0.0016798802846880317
0.0013631778539735734
-0.0003167093557766938
1.0169752723891084e-07
0.0
0.0
2.198826553769521e-08
9.970503774677858e-09
9.031149637226223e-10
0.0
-6.79178560232703e-06
-6.193179908362337e-09
0.0
0.0
1.9456009213129807e-06
1.3212910043694965e-06
10.049986997187151
-10.049986957269384
9.112180268044606e-10
0.0
0.0
9.964567128366645e-09
9.970499837913817e-09
9.45153882517365e-09
0.0
7.098187743688091e-09
-7.783755317375407e-09
7.737265607432652e-11
0.0
1.1340788799589321e-07
1.4064011675763613e-08
0.0
6.42756534236986e-09
2.9835328754367736e-08
0.0
0.0
0.0
0.0
8.974437470893414e-09
0.0
1.5358584257439768e-09
0.0
2.434671714349695e-08
0.0
9.96868063996622e-09
4.892631156633076e-08
2.4181393712325883e-08
0.0
5.8166607722535056e-08
4.953008990227885e-08
0.0
3.433836253037679e-09
0.0
0.0
1.986475039589664e-08
-5.693634079806395e-10
7.736561169000331e-11
0.0
0.0
8.282889128262825e-10
8.282888963648457e-10
1.708145866770153e-08
3.902377727770254e-08
-6.306476989149246e-09
9.957505684230058e-09
2.3502239839899277e-08
6.599643000323121e-08
1.2381631564521544e-07
-5.378679296223765e-09
0.0
0.0
0.0
0.0
-1.882256614809123e-06
1.9201978699440657e-06
8.817604467039289e-09
9.818598723562028e-09
0.0
1.9929681096716764e-08
0.0
7.3148100323202e-08
9.783727929919443e-09
0.0
1.3069212300649657e-09
1.306921589016869e-09
2.5758892752378235e-07
2.575889272249043e-07
9.62459481508365e-09
9.624594454749058e-09
0.0
1.306921229942432e-09
1.3069212297258216e-09
0.0
1.274932236664801e-09
0.0
0.0
1.9131827163948382e-08
6.599318333369507e-09
8.802684939745709e-09
1.7175280786845814e-10
0.0
0.0
0.0
8.86926912256962e-08
1.063183139220408e-08
9.958304356582954e-09
-9.652961863865217e-09
3.821147285598825e-11
0.0
1.9840710224059756e-06
3.014378768688716e-08
9.930975176895257e-09
9.107847625116066e-10
9.980263671049983e-09
1.6937861748257068e-08
0.0
0.0
6.406231004589674e-09
0.0
0.0
0.0
3.1663876140808475e-15
1.4346687741234832e-16
5.874888004469884e-08
3.395284796056557e-08
0.0
6.791039962916109e-08
5.9268329960197734e-08
6.7003934598477516e-09
1.3042572086819462e-08
0.0
0.0
0.0
0.0
0.0
0.0
0.0
0.0
0.0
6.378793344318521e-10
2.8779332117284193e-07
1.3539686583577856e-08
0.0
5.857078649794786e-07
5.892787589216481e-07
5.857078649841275e-07
5.857078649824996e-07
5.857078649800832e-07
0.0
0.0
4.473405966878765e-07
0.0
4.384282059508266e-07
6.37879116912583e-10
-2.3414690757553828e-08
0.0
2.2760264772838808e-08
0.0
-9.50951726047468e-09
0.0
0.0
1.0213316870391694e-08
0.0
8.942064158998778e-10
3.8393696964950444e-08
9.877675099265047e-09
9.877674621318447e-09
9.877674501929503e-09
0.0
0.0
0.0
0.0
0.0
2.1673733483348502e-08
-4.1426030106558194e-10
9.788245646745995e-09
0.0
0.0
0.0
0.0
-3.8393697345762904e-08
0.0
0.0
9.258272050960337e-10
0.0
3.0350809530550264e-08
7.410584604085928e-08
0.0
3.3120666493365496e-07
3.91956809255336e-05
0.0
0.004113246561462243
-0.004152756921234131
9.279620253430814e-09
0.0
0.0
-6.234220774564789e-07
0.0
0.0
0.0
-8.419061846735063e-06
4.169571572522496e-10
4.1695702153541486e-10
0.0
2.935276774973031e-08
0.0
0.0
0.0
7.098152957716792e-09
5.54985239813276e-09
0.0
9.652906225565493e-09
9.652903747159325e-09
0.0
0.0
0.0
-8.421681474369766e-09
-2.470022428778529e-10
-2.470022482717587e-10
0.0
0.0
0.0
0.0
0.0
0.0
0.0
9.400622502653277e-09
0.0
0.0
0.0
0.0
0.0
-9.94304573904967e-09
2.0322799428467078e-07
-2.6665437468818484e-07
0.0
0.0
0.0
1.4532191993459741e-05
0.0
1.4527728059952052e-05
0.0
0.0
4.660168559838968e-07
0.0
0.0
0.0
0.0
0.0
0.0
9.894385271977982e-09
0.0
0.0
0.0
0.0
3.014378746866008e-08
7.685923250961121e-10
0.0
3.9163940188901575e-08
9.638257864359062e-09
1.9553332566749212e-08
9.741656001430553e-09
0.0
1.774806922483813e-10
9.962243142319252e-09
9.962242586425418e-09
3.3158296453627055e-17
2.560421650239422e-06
0.0
2.057785928756266e-09
5.85763913310892e-10
0.0
0.0
0.0
0.0
0.0
0.0
0.0
0.0
0.0
-8.54009434095868e-09
-2.6621496204031533e-09
-9.877514672721258e-09
0.0
-1.598433586012804e-09
-6.188312511891652e-09
0.0
0.0
0.0
9.958264093759897e-09
6.280584445510001e-06
6.28058444550987e-06
-1.7478261827980257e-05
-1.7484182699932735e-05
0.0
8.750892875337617e-10
0.0
0.0
0.0
0.0
0.0
3.957056794650255e-09
0.0
0.0
1.8218797158045175e-08
0.0
0.0
0.0
0.0
0.0
0.0
0.0
0.0
8.551341386992657e-09
3.67301133084863e-14
0.0
-9.111586389901061e-10
0.0
-3.6787847074171154e-14
9.111219429162082e-10
0.0
0.0001372929722879522
0.0
1.0888760652056663e-07
-0.0001373921931716227
3.677873042792163e-14
0.00013728239429618594
-9.112321520614146e-10
2.54546424980015e-06
0.0
9.933770787344505e-09
9.933770603624478e-09
8.854919941241695e-09
0.0
9.66699666561481e-09
2.762852415351669e-08
1.2913994411310274e-08
0.0
4.153014819096939e-07
0.0
0.0
1.045515656585914e-06
3.973407773985582e-08
1.0455018237640944e-06
9.684553094005105e-09
-2.0762468322627552e-08
0.0
0.0
0.0
9.333309530802218e-09
9.333309466226225e-09
2.845068980320594e-10
9.866025968648156e-09
7.025387295397133e-08
9.866025818926657e-09
8.015590023391674e-10
0.0
6.328453461910782e-17
0.0
0.0
0.0
5.842045966907327e-07
6.488357464419078e-10
5.84272008566692e-07
1.60123307314353e-08
8.32229740610936e-08
0.0003372709713665335
5.3436165642638516e-08
0.0
0.0
0.17946550643700776
-0.17946546657004714
9.96347568159436e-09
4.9831984323284e-07
-4.273965841489171e-07
0.0
0.0
0.0
0.0
-6.2230753883341094e-09
1.9961086541678642e-08
9.122265197150259e-10
4.302038764589608e-07
0.0
5.6405884357288326e-09
0.0
0.0
7.463952993924319e-10
1.8974149062508106e-06
0.0
1.1621016695099811e-10
9.135257032405425e-10
0.0
9.070443877484776e-10
-9.731442688677185e-09
0.0
0.0
4.599977756541144e-08
2.3688409464938425e-09
4.774656126989978e-07
0.0
0.0
5.1333051884684075e-09
0.0
0.0
0.0
0.0
9.962243631366707e-09
-8.074063846002055e-10
8.901821696982108e-10
0.0
4.471459357451272e-07
1.990722471186968e-08
9.950023130279157e-09
0.0
9.790751811060935e-09
0.0
0.0
2.1557260920595882e-08
0.0
9.790752173273942e-09
2.030019964483047e-09
9.978227369367154e-09
1.995250014121466e-08
9.067788005520488e-10
1.992986753407422e-08
0.0
0.0
0.0
-8.732295747875419e-09
-8.732295747604368e-09
-9.923289578939176e-09
0.0
4.46211247379494e-10
6.314505267958128e-17
9.9484053896546e-09
0.0
0.0
0.0
0.0
0.0
7.645273353542415e-11
7.64159872643264e-11
7.64526874018328e-11
0.0
-1.361266649532386e-15
0.0
5.8269887373543535e-09
0.0
8.348161091284528e-10
9.925551677452423e-09
0.0
0.0
1.986473544649629e-08
0.0
0.0
-1.758359083336991e-15
0.0
0.0
9.970578011657405e-09
1.9947021019420497e-08
9.976441905229505e-09
0.0
0.0
1.0373257825946901e-08
9.866678783459582e-10
1.626112461434182e-08
3.815185033845523e-11
0.0
1.8575855375481732e-08
9.810339257419345e-09
0.0
7.87474805665958e-10
0.0
-7.874748076193048e-10
0.0
0.0
1.1796583516628567e-16
-9.636952503578114e-09
-9.366098954841518e-09
0.0
0.0
0.0
5.425501789961504e-07
0.0
9.67860303805853e-09
0.0
9.987752321466302e-09
0.0
1.806269636205754e-08
9.744997049115845e-09
9.744997018929229e-09
0.0
-1.0143636544479996e-08
9.947493904874198e-09
8.860918811466372e-10
1.3148661846817955e-16
0.0
4.6602118877357365e-07
1.9874948762561138e-08
8.559181207912612e-10
0.0
9.899437242185414e-09
0.0
0.0
-9.94002275042145e-09
2.462432559675675e-09
1.6000451559653583e-09
0.0
3.750305694247363e-09
2.0446153986008875e-08
0.0
9.858276618094169e-09
0.0
2.1168151882217796e-08
0.0
0.0
1.8111906236732712e-08
6.896656822263955e-10
0.0
2.6987313795555875e-09
0.0
0.0
3.487199875472308e-10
0.0
0.0
1.5204336514007299e-09
0.0
0.0
0.0
0.0
0.0
0.0
0.0
0.0
0.0
-1.9593161719666996e-08
-2.826169849473668e-08
-6.016393628376349e-08
-1.1008701781549011e-07
-1.0066861847155906e-07
-1.061699637615321e-07
-5.843629974055139e-08
-4.657306252553949e-09
0.00010751429098093782
0.00010749273371965505
0.0
0.0
0.0
0.0
0.0
0.0
0.00020740592938550684
0.0
1.2091035870607709e-08
0.0
0.0
1.1584688222295772e-07
0.0
8.75557106677638e-09
8.124362159910536e-09
0.0
-5.612366853809808e-10
-5.61236685709312e-10
-8.574958421873457e-08
8.867436921159322e-07
9.845305799144596e-09
7.814243447860113e-10
1.0293619317263121e-10
0.0
0.0
3.1860796775511806e-08
8.019290235541693e-08
4.8665787923093696e-08
1.6516886011991255e-08
0.0
0.0
0.0
0.0
0.0
0.0
0.0
0.0
2.305224964048226e-08
3.057696974655391e-08
0.0
0.0
0.0
2.7250272387663223e-08
3.208309984226042e-08
1.2457611676773404e-08
0.0
0.0
0.0
0.0
0.0
0.0
1.0187273277470154e-08
4.764222227724777e-10
9.531199109905769e-09
1.941046217301349e-08
-1.8359424175726362e-09
5.0939836426667736e-05
7.982699465574534e-07
7.240651209163673e-10
9.786269583070254e-09
9.786269944585257e-09
0.0
0.0
0.0
0.0
9.8792629258257e-09
8.124362129721478e-09
0.0
0.0
3.2266593230838704e-07
0.0
1.1014177852759542e-06
-2.651816131791402e-07
2.090705893458088e-09
9.936179836475707e-09
9.936179866190923e-09
0.0
0.0
0.0
1.4586170795283892e-08
0.0
0.0
0.0
0.0
0.0
1.1953787000377075e-09
0.0
8.522401786949628e-08
0.0
-5.203033524026068e-07
0.0
1.6587473391093002e-08
0.0
0.0
0.0
0.0
0.0
0.0
0.0
0.0
2.2247561773338478e-08
0.0
0.0
0.0
0.0
0.0
1.3074259685233565e-07
0.0
0.0
2.2235915373701857e-07
2.2235915373458317e-07
2.2235915373747886e-07
2.1351563765278526e-07
2.2235915374239138e-07
1.2764890323435816e-07
9.376335609059312e-08
0.0
1.8743089199545976e-07
9.965717895940188e-09
0.0
6.0807063867944295e-05
1.3427784354593759e-08
0.0
1.6838665617750876e-17
0.0
0.0
0.0
0.006532741899483538
0.0
7.480071235620897e-07
-0.0003010570538202195
0.0003017861038057291
0.0
9.408488038360384e-06
0.0
1.0601661833251249e-08
9.932601519995745e-09
1.9829024913793523e-08
9.89642339361908e-09
9.896423393610226e-09
-3.546125868316742e-08
-2.613483730413476e-08
1.601558638857631e-08
0.0
7.627074364658162e-09
2.1856161700563094e-06
0.0
9.786269572487072e-09
7.240651182555303e-10
-2.1857596328776553e-07
0.0
1.9260208861615075e-08
9.911024612932386e-09
1.2150331654981026e-07
1.3098193075574046e-07
0.0
1.972285116804925e-08
0.0
6.976795715097159e-10
-8.78788793233405e-10
0.0
0.0
0.0
0.0
0.0
0.0
0.0
0.0
0.0
0.0
8.492298464616449e-10
1.7211790145910122e-08
0.0
0.0
0.0
0.0
8.425505132263949e-10
0.0
9.943174944957388e-09
0.0
9.90795680395895e-09
1.983092576970742e-08
9.939846401536411e-09
6.11072998168449e-08
1.9542558529770156e-08
1.653967020958829e-08
1.4808490454386313e-05
0.00010750034483305248
0.0
9.890512441314693e-09
8.253570142122756e-10
1.9737052599173392e-08
9.763010049923873e-09
9.816633769754723e-09
0.0
9.836945436420994e-09
9.790751807512329e-09
9.836945437586364e-09
7.733003669119064e-10
9.790751808414141e-09
7.284194713149973e-10
-6.690726767110203e-10
0.0
2.0973802510017754e-08
9.81663376957714e-09
9.93719713320595e-09
0.0
8.964719416027831e-09
0.0
2.4726178204119576e-10
2.472617805275277e-10
0.0
0.0
1.0259897420319418e-08
-9.906735723795352e-09
9.932954101421734e-09
8.666106137110353e-10
9.927161953772226e-09
9.927161891565978e-09
0.00020960855315710347
-1.2077726319059678e-10
0.0
0.0
0.0
0.0
0.0
2.8180104662977407e-09
2.1996732878520384e-08
0.0
-8.724546994576254e-09
1.4665387597440843e-05
0.0
0.0
0.0
0.0
0.0
2.1352900954354858e-06
0.0
0.031383737090351686
0.0
0.0
-2.7476680503230697e-08
-1.7660592756552085e-08
7.617322228636635e-09
4.3938309427473536e-08
0.0
0.0
-9.144297256902245e-09
-9.144297258636969e-09
5.0014142885310776e-08
0.0
0.0
0.0
9.721999782042606e-09
2.9488055622306497e-08
7.395072019255406e-10
0.00011297445022509345
4.4316996262203255e-05
4.312385182113978e-07
-1.828706014758502e-09
0.0001577334038608674
0.031383693152042265
5.0014141484195124e-08
1.5000219083592615e-05
0.0
0.0
9.95082681277135e-09
8.96471977240073e-09
1.6539669774476523e-08
3.0149600034687677e-06
0.0
1.8109697375877657e-07
-1.8526596624173506e-06
0.0
1.969127830578507e-08
0.0
6.910471344191271e-09
0.0
0.0
0.0
0.0
-2.9732986307600243e-06
1.804307694559207e-08
8.031865245212501e-10
0.0
7.554738869302482e-10
9.818598715538931e-09
6.394956156377551e-07
0.0
0.0
-1.0328703647414544e-08
0.0
-1.8381477422010602e-08
0.0
0.0
0.0
8.298520599314247e-09
8.298520600400795e-09
8.476122771481378e-08
0.0
7.51968372427097e-09
2.180818684317044e-08
3.180020761558947e-08
2.8729622699579276e-08
-0.0009802892016388398
0.0009802876523793168
0.0
0.0
6.602424949198234e-08
0.0
9.715064308579713e-09
4.3957108239369574e-08
0.0
2.845409440161507e-07
0.0
0.0
0.0
-9.958054822866913e-05
9.74002701596878e-05
-2.188224885174908e-06
0.0
0.0
0.0
0.0
0.0
0.0
9.980896191561645e-09
0.0
0.0
0.0
2.801420073809895e-15
0.0
1.9621156809377748e-08
1.1659325645567483e-07
0.0
1.9830926159933436e-08
0.0
5.7085035518877765e-08
0.0
0.0
1.9487295804923054e-08
9.816096913935114e-10
3.6111352719036146e-07
6.353558786184122e-07
3.99223038660344e-08
9.97960517885475e-09
0.0
0.0
9.98775168126187e-09
3.5119285159401206e-07
0.0
2.031168710535128e-08
0.0
1.4787705091263648e-09
9.01139997265542e-10
0.0
0.0
0.0
1.0500865193442723e-09
0.0
0.0
0.0
0.0
8.458862884795247e-08
7.987542181193954e-09
2.187990440448476e-07
9.003667836074634e-10
-1.9931331994165362e-07
2.9488055622089657e-08
2.4726178375193684e-10
1.9685890870799765e-08
9.48383614246236e-09
-1.3254670193690104e-05
-1.3338211602224338e-05
0.0
8.994112018749313e-08
-8.994112022937383e-08
-3.6915976015577733e-08
-1.795536543617792e-08
-1.959319842481655e-08
-1.8970891573379048e-08
-6.016397304536211e-08
-1.1008705469439661e-07
-1.1013100820672162e-07
-9.671120750947283e-08
-6.784767040535601e-08
-4.657343496186064e-09
1.9929901417994195e-08
1.7748067819606875e-10
8.816310557895851e-10
9.948405230432604e-09
-9.472796432354914e-09
2.9253372823103294e-08
0.0
1.8996333493611772e-08
9.839943509979275e-09
5.358913102679604e-12
0.0
0.0
0.0
0.0
0.0
0.0
0.0
0.0
0.0
0.00011445769970285278
-2.324734074271641e-08
0.0
9.481089916304967e-09
1.6263032587282567e-19
0.0
0.0
0.0
0.0
1.1697975694016649e-08
7.836859183345507e-09
1.9671172558819617e-08
9.948405422585638e-09
0.0
8.79566236489354e-13
0.0
9.846870750479953e-09
2.9619577995278186e-08
0.0
1.9671172529647405e-08
9.745620795607868e-09
6.845801157176937e-10
-7.199993963432927e-07
7.392762221512031e-07
0.0
2.8662254223160905e-08
0.0
0.0
0.0
1.4220375210316416e-07
-3.19681137243719e-08
0.0
0.0
0.0
0.0
0.0
1.5710666677299173e-06
8.909330890013911e-10
9.957973904663187e-09
-0.0006195479710244013
0.0
6.683376649653881e-09
0.0
0.0
0.0
0.0
1.459576292247521e-08
0.0
0.0
0.0
0.0
0.0
-8.696866288293242e-06
8.707459681391784e-06
8.59120720523882e-09
8.591207205333688e-09
0.0
0.0
0.0
6.245450325262962e-10
1.3791626278658287e-18
1.6302383233636114e-08
-3.222213024335906e-09
3.956875975312524e-09
9.62696312978192e-09
0.0
9.979294976598886e-09
0.000653124240931052
0.000653123056510637
-1.1844204151866531e-09
9.579337907636961e-09
1.6528901942048458e-07
0.00035468981486822237
-2.855874339097175e-10
4.38209322076632e-06
-4.35245377997555e-06
9.122299977586989e-10
-1.5271928062863724e-08
0.0
0.0
5.181214373419776e-09
5.181214346450247e-09
0.0
0.0
-7.85702446221182e-09
1.5570818567070674e-08
1.557081856547152e-08
1.2465534130097489e-09
-6.245449336105178e-10
1.489096977218153e-09
0.0
0.0
0.0
0.0
9.877675805931441e-09
0.0
4.963249471783847e-08
4.357192159370842e-08
0.0
0.0
0.0
-4.540786848789881e-09
-4.540786849112387e-09
0.0
1.9491933116269938e-08
0.0
1.353936218175145e-08
8.957007940570689e-10
9.962877515475259e-09
8.907925863210676e-10
9.957829044729799e-09
3.4137938559120754e-09
0.0
3.34600690273029e-08
0.0
0.0
1.4065144775862043e-08
0.0
8.461998544786495e-10
1.546883853355361e-08
2.9126647757576076e-07
0.0
0.0
0.0
2.4248352123034027e-09
0.0
-3.699666552389909e-09
2.8454094371473843e-07
0.0
0.0
0.0
0.0
0.0
0.0
2.2801168829003437e-09
9.729270605878277e-09
2.607325387133432e-10
0.0
0.0
0.0
0.0
0.0
0.0
0.0
0.0
0.0
5.6769222981161625e-09
0.0
7.666760162568386e-09
1.1479955290584956e-08
0.0
0.0
0.0
0.0
0.0
0.0
8.539069287045235e-09
0.0
0.0
1.1789050347053665e-08
0.0
0.0
1.2118551989217282e-08
0.0
6.276609385436488e-08
4.419950911124405e-08
0.0
0.0
9.774505947753465e-09
9.757501638076998e-09
9.684641589823019e-09
7.710456245598706e-09
8.316444699747175e-09
0.0
9.848668420570894e-09
0.0
0.0
0.0
0.0
0.0
4.764425108004707e-10
0.0
5.9472735296552995e-08
4.4199081479385895e-09
0.0
1.3462416221571264e-09
1.6319320787480812e-08
9.798509524188148e-10
0.0
2.438542177414197e-08
1.2245242157565551e-08
0.0
2.2703039697477664e-08
1.8578987620853372e-08
1.320885272513349e-08
3.193044831872126e-08
-1.8062696395613597e-08
0.0
3.61348083197785e-18
0.0
0.0
8.036070738418386e-09
-2.421119116141201e-08
9.822024185201773e-09
9.822024072795611e-09
9.822023960652515e-09
-9.107818031412038e-09
1.3999660835007882e-08
0.0
0.0
0.0
-9.72696708487035e-09
0.0
0.0
2.9542490571836828e-08
9.991023344914226e-09
9.989785323343829e-09
9.98978530598458e-09
9.979413549172442e-09
9.979413540413815e-09
9.984738252583823e-09
9.984738239457474e-09
9.97141119385929e-09
0.0
9.971410826282776e-09
2.6623878691757827e-06
4.03098001104784e-05
4.296242226946547e-05
9.765710167843274e-09
2.481473778389551e-08
2.9349623660449367e-08
9.511869559018358e-09
4.576680834217308e-10
5.973203060427243e-09
9.963882853069638e-09
8.966783479667298e-10
9.963883215305584e-09
9.873864607287082e-09
8.09177100818125e-10
6.806468145144171e-09
6.806468165346594e-09
6.806468158756813e-09
6.425003758192549e-10
1.0820087895622756e-17
0.0
2.354774182874193e-08
0.0
6.312261768976674e-09
0.0
1.0145805937715937e-08
5.275297500820965e-09
0.0
0.0
0.0
0.0
0.0
8.532373494402696e-08
0.0
0.0
0.0
0.0
9.889331400820733e-09
9.891858984295564e-09
1.641287246546614e-09
0.0
8.707351554709662e-10
5.946135153557448e-10
9.652975968129306e-09
9.896911266474825e-09
0.0
2.434769562762952e-19
2.168404344971009e-19
0.0
0.0
0.0
0.0
-5.515353798668521e-11
0.0
0.0
0.0
0.0
4.5675670929973916e-17
2.6192444625993027e-09
0.0
-5.175570092889078e-07
0.0
5.27255422219448e-07
0.0
2.5537207186872333e-07
3.583116351868318e-16
0.0
-9.366102678154409e-09
0.0
0.0
0.0
8.169270447615162e-09
0.0
0.0
2.377037402655419e-08
2.377037446735552e-08
0.0
4.9935748128794904e-08
3.003021261957908e-08
0.0
0.0
0.0
0.0
0.0
1.4037131145015625e-08
0.0
1.9416360065610966e-08
2.0297017125023038e-08
9.83274759167657e-08
0.0
0.0
-9.779831093695074e-09
0.0
5.36321924460284e-06
5.3617082245127455e-06
0.0
0.0
-9.107818387037126e-09
0.0
1.4975334449516993e-09
-1.3486645177376855e-11
0.0
0.0
0.0
0.0
0.0
-2.6876772021063727e-12
0.0
0.0
0.0
0.0
-2.859732456006892e-07
0.0
7.716202673944216e-09
0.0
0.0
0.0
2.0322799436062537e-07
9.879262957477703e-09
8.144235538826338e-10
0.0
2.174604292085623e-06
2.184257522974738e-06
0.0
1.9864735443984093e-08
8.579354179653618e-17
9.970618746362917e-09
9.03227349584662e-10
3.002888242468203e-09
-6.143117958767874e-11
0.0
3.706388287186436e-10
0.0
0.0003285764754997042
0.0
9.434778698280438e-06
0.0
0.0
0.0
9.451537278726019e-09
0.0
0.0
0.0
0.0
0.0
3.766794585548084e-05
0.0
0.0006728483305119802
0.0011301807277390625
4.800448124967648e-07
0.0
-6.410417775271071e-06
3.9890556761870005e-07
5.928053122770385e-08
-1.0883424756910541e-08
3.724867030921106e-08
-1.9631111610753614e-08
0.0
-2.0435059280533116e-10
-1.5175178102098336e-07
-8.425904222047429e-08
0.0
0.0
3.3101395562196497e-05
0.0
3.310145550405219e-05
0.0
1.8606878315479228e-08
1.0722030054911597e-08
0.0
1.9116147939601553e-08
0.0
8.951168658157327e-10
0.0
-8.830305468494719e-09
0.0
0.0
-3.984092928786473e-08
8.800302770028314e-10
0.0
6.915080859678798e-08
0.0
0.0
2.946139690182601e-08
8.992994009517982e-10
0.0
2.4692044454904852e-08
1.6967759154902646e-05
1.6967759154902626e-05
9.95003325367813e-09
8.832137759357927e-10
0.0
1.095570979555785e-07
9.96673121368017e-09
0.00035466795281985294
9.979295651941595e-09
0.0
9.970578599704958e-09
9.952993998810564e-09
0.0
5.97727549109035e-08
4.2723871079700526e-07
9.95720134552837e-09
0.0
9.958264466839223e-09
1.5782676934161757e-06
9.947494066392026e-09
0.0
9.981211405174225e-09
0.0
9.978392462256392e-09
0.0
9.978228020486958e-09
6.502645286670206e-07
9.980896884223792e-09
0.0
6.193178534328956e-09
0.0
0.0
3.5063742932957365e-08
8.724546996568539e-09
0.0
7.967421416367876e-09
0.0
0.0
0.0
0.0
0.0
0.0
0.0
0.0
0.0
0.0
1.9951194242034232e-08
0.0
0.0
6.674301591747512e-08
0.0
0.0
0.0
0.0
0.0
0.0
0.0
0.0
0.0
0.0
0.0
0.0
0.0001690954727413762
0.00016899701977762143
9.499185094528524e-09
1.5485590236980187e-08
-9.509517630756827e-09
9.81611757480275e-09
9.929399212766989e-09
-9.932045693546968e-09
2.74168083858222e-10
0.0
0.0
0.0
0.0
-8.734805001708666e-10
1.1900392988468175e-10
7.856297195656769e-11
0.0
2.6127467329825132e-09
0.0
0.0
9.811280659986246e-09
0.0
2.961957799056515e-08
1.5724527651892867e-10
0.0
9.898289759628196e-09
0.0
0.0
0.0
1.8389071627920472e-08
3.316561178300949e-08
8.811601470885961e-10
9.8235659183454e-09
7.60299984592453e-10
7.667869453536341e-11
2.571170731995648e-07
3.2522524338152477e-18
1.9929791333767543e-08
1.992982803912848e-08
4.377685058443098e-08
3.910245569301676e-08
0.0
2.4445931126131592e-09
0.0
6.363931468565776e-08
4.741928834886386e-08
0.0
8.219800740308181e-08
1.0701333246816948e-08
9.970357781288633e-09
1.9929717897313908e-08
1.9929681177696247e-08
0.0
4.331870182114985e-07
0.0
5.628390619726702e-10
0.0
0.0
1.4758058752281712e-08
0.0
2.527025344489808e-11
0.0
5.507609419714432e-09
0.0
1.0092797948096833e-08
1.818486826072171e-06
7.982569600472394e-08
6.459703939122454e-09
1.672276037385104e-08
0.0
0.0
0.0
7.725905000554795e-05
3.2215994615871654e-09
0.0
0.0
0.0
5.062985235976955e-08
1.2235606474605591e-08
2.1647670388172823e-08
0.0
0.0
0.0
0.0
9.959323151077247e-09
9.959323040743817e-09
-8.734814479654396e-10
0.0
0.0
7.957303629667517e-07
8.964720131794941e-09
5.0939836425725266e-05
0.00029881935014632857
0.0
0.0
5.074279618621286e-09
0.0
0.0
2.379101548105307e-08
8.623099419630476e-09
7.712666761713085e-10
2.201191140698611e-06
-6.291749159119544e-05
-0.00020960855315766712
0.00010750034483341436
3.677165532309701e-16
-0.00020739840970156794
1.9796566483012068e-07
0.0
0.0
0.0
0.0
0.0
0.0
0.0
1.217162806720572e-09
0.0
0.0
0.0
0.0
0.0
1.3916915277210322e-09
0.0
3.2066110147023627e-09
0.0
3.356087992250252e-08
0.0
1.8306288766806286e-08
0.0
0.0
0.0
0.0
0.0
0.0
2.3875896207631394e-08
8.565343779535063e-09
0.0
0.0
9.870342551968059e-09
1.24571802087928e-18
0.0
6.218391135348611e-09
0.0
-1.2908674218224932e-08
-4.6113698562476026e-07
0.0
0.0
1.2118550404486305e-08
0.0
6.276609223279538e-08
4.4199507426105453e-08
0.0
0.0
6.042836611725344e-08
4.5688484023331166e-09
1.0167717029708095e-08
8.94937908460578e-10
1.4709136148505479e-08
4.883462984214035e-09
1.2288361624587333e-09
4.729051060250917e-09
0.0
0.0
4.234529169410402e-09
3.971400126141473e-10
3.915424841697391e-09
1.2375662003774666e-08
0.0
0.0
0.0
0.0
0.0
0.0
5.676920126309017e-09
0.0
7.666759320740405e-09
1.1479954501492996e-08
0.0
0.0
0.0
0.0
0.0
0.0
8.539068554132906e-09
0.0
0.0
1.1789049339322795e-08
0.0
0.0
0.0
0.0
0.0
0.0
9.432656592315805e-09
3.807998647751609e-10
2.0322799428941936e-07
-6.081027128295684e-05
0.0
3.2907064500575334e-07
2.5498880477140533e-07
5.629567888827878e-07
7.215960420584271e-10
-7.215960329841416e-10
0.0
-9.680159876512882e-09
0.0
1.3328544893854996e-07
0.0
0.0
1.5416104992633826e-09
0.0
2.5396516362762915e-07
-3.314101045291779e-07
-1.0669788133629691e-05
5.329668262083122e-07
0.0
1.961199847278793e-08
0.0
0.0
8.561431955292177e-09
9.925551651257479e-09
9.925551621895552e-09
8.594146149560589e-10
1.526786658444668e-09
9.675886491315734e-09
1.05349172217273e-09
-9.813516002425693e-09
0.0
0.0
0.0
7.737124068866748e-11
0.0
0.0
-6.44489504379495e-10
6.333674766532436e-08
9.930975063067769e-09
9.930974948966186e-09
0.0
0.0
-3.349313752353343e-05
3.352268018802473e-05
9.945870394582947e-09
-6.990541197626765e-06
9.932601519815157e-09
8.662677307059386e-10
-9.727621998276842e-09
5.9448724723369164e-08
2.1844164920996274e-08
1.7306004737230853e-08
0.0
4.948151664138925e-09
0.0
0.0
2.2011911410490116e-06
0.0
2.2011911414484994e-06
5.4993465036288676e-09
5.944872358278317e-08
2.1844163677193335e-08
1.7306003589395886e-08
0.0
4.948150304741473e-09
0.0
0.0
5.629567885347668e-07
0.0003140115042130631
9.884204179875721e-09
0.0
2.3081346244339072e-08
6.728738154556036e-08
0.0
0.0
9.921464642139531e-09
-3.3378629028939265e-06
2.6469477106688677e-08
4.586427804209592e-08
2.7412534471562124e-08
-6.549436558253531e-08
1.295957708578573e-09
0.0
1.1102533087696375e-07
1.5678396134277642e-06
0.0
0.0
6.100871260756027e-10
0.0
0.0
3.354431143450067e-09
0.0
9.808188615890306e-09
9.808187490862236e-09
0.00016283444134668602
-2.578514746830467e-07
2.032279940927646e-07
9.555915688436767e-09
9.555915685046518e-09
4.765060408378795e-09
0.0
0.0
-2.51286899274894e-11
0.0
0.0
7.0391908772066525e-06
7.039190876376723e-06
5.956148429086606e-07
9.554215060098466e-09
4.987553934843e-10
0.0
0.0
0.0
2.22034836597975e-06
9.697533736178399e-09
3.931988922954363e-08
1.9929754615551285e-08
-9.366082203711277e-09
0.0
0.0
1.9864735452488115e-08
1.93636947938308e-08
9.809479621595627e-09
7.501489732494489e-10
9.813118097122787e-09
9.813118088796834e-09
9.813118091447104e-09
7.501493272599113e-10
6.779374703159361e-09
0.0
3.59139579347653e-08
0.0
3.040889652018718e-08
4.0016378883331274e-07
0.0
0.0
0.0
0.0
0.0
1.4560263830096324e-08
-6.042246251989172e-08
-6.811190572664216e-08
0.0
0.0
0.0
1.9271454577963966e-09
0.0
1.927146462603658e-09
1.9271474889633976e-09
0.0
0.0
7.098186693311994e-09
5.078035212061903e-17
4.1926272322032866e-10
9.47228037161406e-09
9.472280374292746e-09
0.0
0.0
9.731442728033723e-09
0.0
0.0
0.0
0.0
0.0
0.0
0.0
0.0
7.6379176445341e-11
-4.239165717539588e-10
-1.0147022093815239e-08
0.0
0.0
0.0
0.0
-5.70825177749351e-08
0.0
-7.052330757102086e-08
1.9410462774983837e-08
0.0
0.0
7.637920713559952e-11
0.0
0.0
-9.865455952162705e-09
0.0
0.0
1.3783358581933204e-10
1.3783358482344354e-10
0.0
2.027075644399195e-09
-6.768132061740761e-16
0.0
2.0545279219227885e-09
2.567908632409404e-08
7.776844897083016e-09
0.0
0.0
0.0
8.005911168193106e-11
0.0
9.655446263378588e-09
0.0
0.0
0.0
0.0
2.5672565679533547e-07
0.0
7.637929146931764e-11
7.637924281507065e-11
2.3948845657256335e-07
0.0
7.751815308165723e-07
-5.313943815447874e-07
9.163034208288004e-06
0.0
0.0
-3.853671268943473e-08
8.984620881605828e-10
0.0
9.965717532832753e-09
0.0
0.0
0.0
0.0
1.7945067233878024e-08
-9.911491755629e-09
-5.0950677561463606e-05
0.0
-9.62574198126731e-09
-6.43392672472487e-09
0.0
0.0
0.0
0.0
-9.856699945229742e-09
0.0
1.2550729968513899e-08
0.0
0.0
0.0
0.0
0.0
0.0
3.2093897012786293e-10
9.666813337909929e-09
0.0
0.0
0.0
0.006532741899482701
0.0
0.0
2.7641712605543925e-08
9.948595822845808e-09
9.884445098016694e-09
9.884614213470926e-09
6.23422077468847e-07
1.9217366274989974e-08
0.0
5.801788898827848e-09
8.192256993380239e-10
0.0
0.0
0.0
0.0
-9.664138513965428e-10
2.0426987117343224e-08
5.162101219091615e-10
1.201933934002597e-08
-1.2019339368322121e-08
0.0
-2.021677435182223e-08
0.0
9.79019320882408e-09
1.9858450824359413e-08
0.0
0.0
9.951917932556883e-09
-9.951917932966847e-09
1.5861444441937425e-06
1.2019339283564617e-08
0.0
9.88427590331766e-09
1.2546607113008443e-08
0.0
5.068034509609166e-05
0.0
6.037839794052365e-08
2.368146297508459e-08
0.0
2.0818038096477193e-09
0.0
0.0
1.9835572542584453e-08
8.899898296160664e-10
0.0
0.0
0.0
0.0
0.0
7.820266198823713e-10
9.845925760029045e-09
-7.492947670751665e-07
0.0
-2.0545281032013918e-09
0.0
9.90773990836089e-09
0.0
0.0
0.0
-2.1424295714236874e-14
-9.806206783440422e-09
0.0
0.0
6.321534702958607e-09
0.0
-1.961199844711936e-08
0.0
-3.221589689640517e-08
-3.8537431632781546e-08
1.6747723325359192e-13
0.0
0.0
9.960482809232313e-09
9.973642936417322e-09
9.061671761164049e-10
0.0
-7.598186013335395e-09
-7.55788105277072e-09
6.4596961309817855e-09
0.0
6.431881344238462e-09
0.0
0.0
6.459697094358512e-09
7.071830526666432e-09
6.944949941709677e-10
0.0
0.0
9.96048242496439e-09
-3.0359293473036764e-08
0.0
9.97404247367318e-09
9.065556975808045e-10
0.0
0.0
9.963890622299854e-09
9.963743923705159e-09
8.96542901274442e-10
0.0
9.963891013025627e-09
2.0973802866856747e-08
4.718545873248664e-10
6.4597026100555995e-09
0.0
0.0
0.0
2.2655267087897935e-08
0.0
0.0
3.9306311995165617e-07
9.936951443981212e-09
0.0
0.0
0.0
0.0
0.0
0.0
2.032279942237853e-07
0.00013586919930559253
-0.00013585946629488695
9.733010571978673e-09
2.571170730802148e-07
-1.5081307330880298e-08
-2.434671714529313e-08
2.4796433207913506e-07
0.0
4.078485379015162e-07
0.00039228021034675906
-0.00039219060364232964
8.892722874424208e-10
0.0
-2.393919042251863e-08
0.0
0.0
-1.2055545058731838e-08
-2.1722543042113074e-08
-1.0558032670360262e-08
0.0
2.96223550222885e-08
2.4796433167474533e-07
4.0788221434521824e-07
8.870320999603219e-10
-3.979282530344047e-07
8.994470275632821e-10
1.1827569823755392e-07
1.352110883928626e-07
1.0708173662458345e-08
9.969856947552713e-09
7.61707753575732e-10
0.00011356099029284118
9.82501479009623e-09
1.9744678745136928e-08
9.922654447448262e-09
8.565983013363189e-10
0.0
1.9252483601193537e-08
9.825014453271677e-09
1.449644528818132e-05
1.804725012871086e-08
1.4524132663335688e-05
0.0
-6.648346349629689e-12
