0
0.0
0.0
0.0
0.0
1.667094102584717e-08
8.424239496192484e-09
0.0
0.0
0.0
1.7254547002211545e-09
0.0
4.3953859421845356e-10
0.0
0.0
0.0
0.0
9.462083682358182e-09
9.3978315325763e-09
0.0
0.0
0.0
0.0
0.0
0.0
7.46092205310592e-08
0.0
0.0
0.0
3.4867765248642236e-10
0.0
0.0
0.0
0.0
0.0
0.0
0.0
0.0
0.0
1.9852057139831196e-08
0.0
0.0
0.0
0.0
0.0
0.0
0.0
0.0
0.0
0.0
0.0
0.0
0.0
0.0
9.31889109074158e-09
0.0
0.0
0.0
0.0
0.0
0.0
0.0
0.0
1.6128769233256262e-18
0.0
6.060126056113636e-09
0.0
0.0
0.0
1.661765222396551e-17
0.0
0.0
0.0
0.0
1.0154812033575863e-10
2.0583466084651398e-11
9.915156179901357e-09
1.3729230571260669e-17
9.434902455199218e-09
0.0
0.0
0.0
0.0
1.4378575453200084e-24
0.0
0.00040771617752672143
4.898977274195304e-13
2.0407275515361984e-08
0.0
0.0
3.7138391599924626e-10
0.0
4.209271003821654e-09
0.0
3.9567599086444915e-08
-3.955375705688279e-08
1.122603307280694e-09
0.0
8.003730246165274e-09
0.0
0.0
0.0
0.0
9.85135653729859e-09
0.0
0.0
9.599789804328246e-09
0.0
0.0
0.0
0.0
0.0
9.848649253941576e-09
0.0
6.530409429745899e-09
0.0
0.0
0.0
0.0
0.0
0.0
2.185485931607779e-09
0.0
0.0
1.6950752335039507e-09
0.0
7.148167407844125e-10
0.0
2.109101870928498e-08
0.0
0.0
0.0
3.883254932804929e-10
0.0
9.020591950855374e-09
0.0
8.756755317033249e-09
0.0
0.0
0.0
0.0
0.0
0.0
0.0
0.0
0.0
0.0
0.0
0.0
0.0
0.0
0.0
0.0
0.0
0.0
0.0
0.0
0.0
0.0
0.0
0.0
0.0
1.69534684476156e-13
4.932254592993061e-09
-6.712183552961171e-05
0.0
0.0
0.0
0.0
0.0
0.0
7.4019636153664266e-09
0.0
1.758888843260911e-08
0.0
0.0
0.0
0.0
2.582494963996435e-06
0.0
0.0
0.0
0.0
0.0
0.0
1.7121649491277208e-07
5.879223630062216e-09
0.00040172465150867254
3.7237793298350344e-09
5.098991342261454e-08
0.0
1.7266080836094238e-08
0.0
0.0
0.0
0.0
0.0
3.3758260641518594e-08
0.0
0.0
6.598565502658992e-09
0.0
1.2208033693322914e-09
1.9543422958107432e-08
0.0
4.9445357256101e-09
3.808034949870365e-09
6.56706372036922e-09
0.0
0.0
0.0
2.6266826490275515e-08
0.0
0.0
7.167285118693534e-10
2.7361759963933837e-08
0.0
4.850593119356184e-09
0.0
0.0
0.0
0.0
0.0
0.0
0.0
0.0
0.0
0.0
0.0
2.264039508746228e-18
9.221465799875923e-09
0.0
0.0
1.692446647237611e-10
1.950959531661465e-19
0.0
8.4167824471293e-09
1.3487184107171743e-11
0.0
2.721401105699561e-12
8.482300180539455e-09
0.0
0.0
4.088142383315929e-11
8.935159137495088e-07
6.298685097799739e-12
0.0
0.0
0.0
0.0
7.328280045041907e-20
0.0
-0.0004069436642385542
0.0
0.0
9.033575228729335e-09
9.261664857132127e-09
0.0
0.0
0.0
0.0
0.0
0.0
5.891433330351692e-07
0.0
0.0
0.0
0.0
9.140968322504504e-09
0.0
0.0
0.0
0.0
6.913888469840938e-07
9.291945512883185e-09
0.0
0.0
0.0
0.0
0.0
0.0
0.0
0.0
0.0
-9.063213499138634e-09
7.900510481519101e-09
0.0
0.0
0.0
3.454854063958688e-16
0.0
-1.2099422453532016e-09
0.0
0.0
0.0
0.0
0.0
0.0
9.664814978950882e-09
0.0
0.0
0.0
0.0
5.1888944824677595e-08
0.0
9.561153954538658e-09
0.0
0.0
0.0
1.1226030540369362e-09
9.951976928440633e-09
9.878076418613182e-09
0.0
0.0
0.0
3.3560234555861374e-08
0.0
0.0
0.0
0.0
0.0
0.0
0.0
6.912460853953135e-08
2.556635270239678e-08
0.0
0.0
0.0
0.0
0.0
0.0
0.0
6.6486118516834896e-12
0.0
0.0
0.0
0.0
0.0
0.0
0.0
6.092421041878332e-09
0.0
0.0
-1.7254547172689056e-09
1.969319505482679e-08
9.990342140189616e-09
9.976020688935256e-09
9.95205801348673e-09
6.886433537845435e-10
4.984646103290614e-10
0.0
-1.7762284440151429e-10
9.789007993847047e-09
9.952058334207536e-09
9.976023647135567e-09
9.982648667377707e-09
-9.397831532054572e-09
7.933387757521247e-09
0.0
0.0
1.9034049565244352e-08
0.0
0.0
2.4276170678428974e-08
3.579335207753214e-08
2.094234128905246e-08
0.0
0.0
1.3804196428858342e-08
0.0
3.272881710106428e-08
0.0
1.6582345189493228e-08
0.0
0.0
0.0
0.0
0.0
1.1143462010517629e-08
1.7464943688051573e-08
0.0
1.9227085910218016e-08
1.5824457374442242e-09
0.0
1.0257436542548524e-09
0.0
0.0
0.0
0.0
0.0
0.0
0.0
4.8401726209133034e-08
0.0
0.0
0.0
4.6209879945620094e-10
6.530409446547664e-09
7.460922089854456e-08
6.835688094590664e-10
9.947187193729001e-09
6.859185173475504e-10
2.0575183153765138e-09
0.0
6.274436459331721e-09
4.928162659736219e-09
6.274445905874277e-09
0.0
0.0
0.0
9.615028490704988e-09
1.2112710164558157e-08
1.2112716498083622e-08
1.2112722810051239e-08
9.94057286745734e-09
8.320458971516042e-09
-7.460922058345586e-08
7.460922063648936e-08
8.089294323631924e-17
1.966366180687662e-08
1.9899245888736932e-08
1.9953507836449154e-08
1.996252369238353e-08
2.057516576710848e-09
-3.0007051771206543e-09
6.2744343401713555e-09
-9.915791821749759e-09
6.2744433676139694e-09
-5.911643173871521e-09
0.0
-8.454372806080681e-09
9.615025001083545e-09
1.2112708546352553e-08
1.2112714883432936e-08
1.211272120105189e-08
2.05751483691052e-09
0.0
6.274432301004454e-09
0.0
6.274440907855993e-09
0.0
0.0
0.0
9.615021524825213e-09
1.2112713267686509e-08
1.2112719591685712e-08
1.985936583991643e-08
0.0
6.450807371574899e-10
5.825674031042964e-10
0.0
-3.4867766662773254e-10
0.0
1.7310795537264878e-09
0.0
1.0062304249496e-08
9.9676623968592e-09
-1.882337025478153e-08
9.909957750811821e-09
6.172412274475623e-10
0.0
7.588790066834217e-09
0.0
-9.877553841909983e-09
0.0
0.0
3.124248625647453e-08
1.5368804399323368e-07
7.714567446401456e-08
0.0
1.1168072116637225e-07
0.0
0.0
1.4853948926939984e-07
0.0
1.9693195070891303e-08
0.0
1.2426467634290008e-18
8.247746908854047e-06
0.0
2.107966405795067e-05
9.762722949259213e-09
9.685341713428207e-09
-5.599139563669878e-09
2.340107358367816e-08
-1.0561082053346115e-09
-1.0278980206389864e-08
-1.1940157545206377e-08
-2.2758082509466817e-08
-9.244602678531479e-09
1.0847044253226368e-09
9.685341676238246e-09
3.9669343402711747e-10
-3.649321022527273e-06
3.2142902142012764e-09
0.0
0.0
0.0
0.0
0.0
1.9852057139819007e-08
9.888660078500103e-09
-1.0455403534453162e-08
1.994643532653995e-08
6.742150682403936e-10
6.828753777589681e-08
0.0
2.990437253198664e-08
9.957936933369105e-09
6.15533508797721e-07
6.155335085212751e-07
8.714117882414052e-10
-3.082444674851488e-05
0.0
6.828535132849433e-08
0.0
9.962211982771075e-09
6.685686945386076e-10
9.977797892687722e-09
9.977797578114345e-09
9.9722086780011e-09
6.783889306459047e-10
9.972208989616849e-09
-4.086706193937029e-09
-2.340157806467527e-08
1.0356007788185455e-08
9.793752270114658e-10
1.1939652201572723e-08
2.0216236116784095e-08
4.236830250011812e-09
1.6210660201340654e-11
3.035937118460719e-08
6.241237365156219e-07
0.0
1.8257964584655895e-16
0.0
0.00018248207518353765
0.00018248207518384296
-6.241237361217443e-07
0.0
0.0
1.7121375776296288e-08
1.2141153114069644e-08
1.5113392953747937e-07
0.0
4.8434102282602334e-08
0.0
6.397025571186793e-05
9.723939725819785e-09
0.0
0.0
8.563810608954871e-09
0.0
0.0
0.0
0.0
1.367080487187802e-08
6.671811927302228e-10
9.960796681489245e-09
0.0
6.474720119613265e-05
9.221843586064705e-09
0.0
0.0
4.312427317862251e-08
0.0
0.0
4.816647173190407e-08
9.976425490788084e-09
0.0
0.0
9.950518776464734e-09
9.957323118938403e-09
0.0
0.0
0.0
-9.794055351859633e-09
-7.460698725481052e-11
0.0
1.9639167036336623e-07
6.496110945638124e-09
0.0
7.76807281276092e-08
4.687918588344336e-09
0.0
0.0
7.948891922395386e-08
0.0
0.0
6.243315499863873e-08
0.0
0.0
2.556635270378324e-08
0.0
6.117497956571704e-10
4.561819570750963e-08
1.3965498612142672e-08
1.1248738984701423e-08
2.4967063580354174e-08
1.5308010372722208e-08
0.0
4.800793017409966e-08
-6.155335089703257e-07
0.0
1.667094101968343e-08
-9.287122144229106e-09
0.0
7.461138553776364e-11
7.112071172154695e-08
9.919156344521474e-09
9.919156264588669e-09
2.66083451849761e-07
3.4110176879236275e-08
2.7979561489001884e-07
6.212655381448214e-10
2.0787913530796124e-08
5.118870786447209e-07
5.616496228859728e-07
-1.0408944601358883e-05
9.965731837850783e-06
0.0
0.0
0.0
-0.00028267636863398834
0.00028270370890225914
9.041299571801695e-09
6.018247890946116e-10
-1.6950752316774312e-09
1.0461493379640065e-08
3.138137996769907e-06
1.366685211032846e-06
5.6592095401737645e-09
9.633975589664801e-09
9.78728548125966e-09
9.787285488137287e-09
2.5699710771022725e-07
2.5699710639371714e-07
1.9654329976071e-10
9.481372131858734e-09
4.967734088448646e-10
9.787285477818677e-09
9.787285476590534e-09
0.0
2.3469796740719617e-09
0.0
0.0
1.9816754900849443e-08
7.792634136205653e-08
0.0
2.456122499094876e-10
0.0
0.0
0.0
8.845590494218863e-08
1.9934421518406865e-08
9.972209260977674e-09
-9.41313730975529e-09
3.771904494169034e-11
0.0
0.0
1.0536862640832057e-08
9.429649290197494e-09
6.860696311443471e-10
9.986468332780132e-09
5.8307553118452206e-08
0.0
0.0
1.4853948887992813e-07
0.0
0.0
0.0
5.897295157365144e-15
1.509892782470594e-16
0.0
0.0
2.1109890160442734e-08
2.0154717234548482e-08
2.517529958898074e-08
2.1811614068566592e-11
5.768925066166717e-08
1.0974400887578432e-09
0.0
0.0
0.0
1.2595863171663242e-07
0.0
0.0
-1.9439406139486193e-16
0.0
3.6005721458339043e-10
1.355803780494874e-08
0.0
0.0
0.0
0.0
0.0
0.0
0.0
0.0
0.0
0.0
9.410057198527442e-06
9.391209619787635e-06
9.648015542922797e-09
-2.5994187493683443e-10
2.5306410643302386e-08
0.0
6.524698985543864e-07
-9.702775107672812e-09
0.0
0.0
0.0
6.228312027404962e-07
9.93909362630033e-09
2.8097051055794404e-08
9.93910561725483e-09
9.939105613007315e-09
6.45871391531437e-10
6.260048969719534e-07
0.0
0.0
6.115313453565327e-07
0.0
0.0
2.8981504211095316e-08
4.47922862009937e-10
1.6593453992816353e-17
0.0
0.0
0.0
-3.756465669080278e-08
0.0
1.865997681471106e-08
0.0
0.0
7.985759652522773e-06
-7.869952772745916e-06
0.0
0.0
0.0
5.448268745018149e-08
15.397324090136546
-15.397324125873837
9.742894394509032e-09
1.8799450868721432e-17
0.0
-2.202452174328734e-07
0.0
0.0
0.0
2.9515766005644438e-06
0.0
-3.719538272771127e-11
0.0
2.6667136575151855e-08
0.0
0.0
0.0
0.0
0.0
9.62707978602709e-09
9.413093216733162e-09
1.295699493146341e-10
0.0
1.9314199283947563e-08
9.633975400180773e-09
3.4627746824067025e-10
3.916697666621822e-10
3.9166968783254843e-10
0.0
0.0
0.0
2.135164477846317e-06
-1.0154812038996874e-10
4.395386151988999e-10
0.0
-2.1350629282324007e-06
-2.0579475623616617e-11
0.0
0.0
0.0
0.0
-9.925383520278941e-09
7.460922113335313e-08
-1.8175351392906124e-08
0.0
0.0
0.0
1.0315883451699819e-07
0.0
9.337763283314724e-08
0.0
0.0
0.0
0.0
0.0
7.245264868752398e-08
0.0
0.0
0.0
9.76749421939502e-09
0.0
0.0
0.0
0.0
1.0536861711784936e-08
-9.434901976383074e-09
0.0
3.710503416812106e-08
0.0
1.7588888434159605e-08
9.792631725988958e-09
0.0
1.75313795389681e-10
9.979986384633565e-09
9.979985838076883e-09
3.21606886187163e-17
2.7607845696352474e-05
1.3817578469057028e-07
1.480854970207468e-07
6.170000990804901e-10
0.0
0.0
0.0
0.0
9.947688528869082e-09
0.0
0.0
0.0
-5.585594134617129e-10
0.0
-6.068067585625163e-09
9.918251630148395e-09
-9.918658324330849e-09
-9.618290692983006e-09
-6.014987980617306e-10
0.0
0.0
0.0
9.936546653874613e-09
-9.152472204654403e-09
0.0
-0.0004077161775267218
-0.00040767193549313686
0.0
0.00024144621742356088
-4.898977003144761e-13
0.0002414371114191918
0.0
0.0
0.0
1.0604721702575632e-08
0.0
0.0
9.601501455050654e-09
0.0
0.0
0.0
0.0
0.0
0.0
0.0
0.0
4.102880001097305e-09
0.0
2.104306305946477e-09
0.0
2.1042893827167425e-09
0.0
0.0
5.8167842516319896e-08
1.8842837312288452e-07
0.0
0.0
-2.4636207385242415e-07
1.6914616982133051e-13
2.6039761521323796e-07
4.208764466206007e-09
0.000210060097270138
0.0
9.87388567238274e-09
9.873885342161215e-09
2.1042903928375826e-09
0.0
9.265508407529455e-09
2.5413376884182996e-09
0.0
1.0679826847371805e-09
0.0
0.0
0.0
6.10505616909186e-08
3.9553757057858574e-08
6.103671962164316e-08
9.55221568544286e-09
-3.0015383400971984e-08
2.4517534145389734e-16
0.0
0.0
9.8568758255424e-09
9.856875521853141e-09
9.856875204938831e-09
0.0
2.673373653283897e-07
0.0
-8.00373021567105e-09
2.0968227430321297e-07
3.437188763195404e-16
0.0
0.0
0.0
0.0
0.0
0.0
0.0001617250659514032
0.0006343774735518
9.718559638906522e-08
4.91143669631312e-08
0.0
0.0
0.0
4.8032665157539254e-08
9.940961508234526e-09
1.2196309712593122e-07
-2.2208797350741112e-08
4.0544269471044735e-10
4.0544265617423053e-10
0.0
1.0769927960243989e-07
-6.530505266980416e-08
1.9962259368586923e-08
9.982164428379292e-09
0.0
0.0
0.0
0.0
0.0
0.0
0.0
0.0
9.64494609812037e-09
6.861308805353028e-10
0.0
1.310777266814953e-09
-9.69610265515175e-09
0.0
-4.3953860473164297e-10
2.7851428591890083e-08
0.0
8.60708286449634e-09
1.4519250600282141e-08
8.364122733546221e-09
6.421017003799375e-08
9.836686694007442e-09
0.0
0.0
0.0
9.97998693392169e-09
-5.596879390760029e-10
9.944332406575801e-09
0.0
3.295078745665794e-08
1.9896506145648563e-08
9.952172961983415e-09
0.0
5.873599297074262e-09
6.135812083223037e-10
9.906231307477142e-09
6.914664906792132e-08
0.0
0.0
-2.179824650217038e-07
9.978887447208065e-09
1.995515336210065e-08
6.823709962951894e-10
1.0462331185337452e-08
0.0
8.714113647954409e-10
5.237522423427954e-05
9.753481278017832e-09
4.635839911405493e-10
-9.928611976653791e-09
0.0
1.9932195182957986e-10
6.341248325400007e-17
9.940572962365281e-09
0.0
0.0
2.2002688749445843e-08
0.0
0.0
7.543803954172733e-11
7.52691407669439e-11
7.543760926610441e-11
-1.5632859495296782e-11
0.0
0.0
0.0
9.597418909560523e-09
9.951570971791779e-09
9.931960286242117e-09
0.0
0.0
1.667094104077229e-08
0.0
0.0
-2.0864386607311047e-15
0.0
0.0
6.835690863193147e-10
1.9954722990669796e-08
6.833290573963634e-10
1.9423692127662142e-08
0.0
0.0
9.740139265404293e-10
1.3108572235529761e-08
3.772012514494299e-11
9.130186419959454e-09
1.967180438302188e-08
0.0
0.0
9.848649251318985e-09
0.0
-9.848649253941399e-09
0.0
0.0
4.0793364558552794e-17
0.0
0.0003598285669948534
0.0003598285669948532
0.0
0.0
4.5501003089444286e-07
6.665576116282184e-09
0.0
0.0
9.971174962098247e-09
0.0
1.7878127600036691e-09
0.0
-7.90051046657106e-09
6.784269350814921e-09
-9.755039744626194e-09
9.961604985233956e-09
9.910597550629764e-09
0.0
0.0
5.2662808718777036e-08
1.9854390010996733e-08
9.943792212011645e-09
3.1325582078985675e-08
9.772480386521763e-09
0.0
0.0
-9.902458716079879e-09
5.486746743721824e-09
0.0
6.8102176849978076e-09
0.0
1.6108621393664925e-08
0.0
1.4744753659261117e-08
0.0
1.318838113720383e-08
0.0
1.9834936640258867e-09
0.0
3.650189635522331e-09
0.0
0.0
0.0
0.0
1.9363261566505197e-08
2.188448862307271e-08
0.0
0.0
2.1624967432351004e-08
1.8405431807976543e-08
0.0
0.0
0.0
0.0
0.0
0.0
0.0
4.086538218928126e-09
1.3984636737346155e-08
-1.0356176527448469e-08
-9.795414060811104e-10
-2.1345522458075283e-08
-1.3344282620940586e-08
0.0
-1.0843639782824013e-09
5.816225553742881e-05
5.809310888831636e-05
0.0
0.0
0.0
0.0
0.0
0.0
0.00012320685787015062
0.0
5.529024744473804e-09
0.0
0.0
1.0093986916166883e-07
0.0
0.0
8.70994960437329e-09
8.70994950122328e-09
0.0
0.0
5.236935351213002e-05
0.0
9.952042555251732e-09
6.585792702897276e-10
0.0
2.753377607299023e-08
0.0
0.0
0.0
0.0
0.0
1.216200393477019e-09
0.0
0.0
0.0
0.0
0.0
0.0
0.0
2.3328100945241492e-08
0.0
0.0
0.0
1.0999421461532004e-09
0.0
0.0
0.0
0.0
0.0
0.0
0.0
1.0209145199444198e-07
0.0
0.0
0.0
0.0
0.0
-4.344739294342981e-05
-2.1117236340040893e-10
4.342828541237614e-05
9.914895955252453e-09
9.914895942317905e-09
9.914895932836574e-09
0.0
0.0
6.27500094476323e-08
0.0
0.0
8.709949712539433e-09
9.63397554929295e-09
4.791705392723258e-09
0.0
0.0
1.7075345031752797e-07
0.0
0.0
9.95694864935202e-09
9.956948424746515e-09
9.330958040136217e-09
9.33095800982004e-09
9.330957981958313e-09
8.604683970870549e-09
0.0
0.0
0.0
0.0
0.0
0.0
0.0
2.4375164093106637e-09
0.0
-2.1197179489451656e-07
1.0682472553950522e-08
0.0
0.0
7.211261271923484e-10
7.211261256375123e-10
7.2112613588984e-10
0.0
7.21126149877239e-10
2.0339416294982646e-08
0.0
0.0
0.0
0.0
0.0
0.0
0.0
8.710085489239866e-08
9.533598150033759e-09
1.3233177910078938e-08
2.1973526192096537e-07
2.1973526191461963e-07
2.1973526190941568e-07
2.2849201722985003e-07
2.197352619127418e-07
5.065138409950357e-08
1.7154667183993997e-09
0.0
3.373966865804963e-09
9.966981461581214e-09
0.0
2.6212800493021943e-08
0.0
0.0
0.0
0.0
0.0
0.0
7.45062898467785e-05
0.0
4.2419495660448246e-06
8.895820784865505e-09
4.286940203804129e-06
0.00030146919264105855
0.0001498050165369873
0.0
1.9725843697715266e-08
6.12404864015591e-10
1.9725843679037436e-08
9.820810007651485e-09
5.29691353651231e-10
6.039639470222962e-10
6.039639069929348e-10
1.922611941115966e-08
0.0
6.532043734157284e-10
5.2592151264031e-08
0.0
6.220916216904721e-10
6.220916089565876e-10
0.00019002484320703762
0.0
1.9645270174128284e-08
6.356206144228288e-10
0.00031141083362069155
0.00031141083362069155
7.329735488360983e-08
1.9816200411262227e-08
0.0
9.860650166998355e-09
-9.920739535022914e-09
1.9618485581788153e-08
0.0
5.5252027620903866e-08
1.7215916958610774e-08
0.0
4.812345572260997e-09
0.0
0.0
0.0
0.0
9.932516680091546e-09
-4.93255858286474e-08
0.0
0.0
1.8176230942982459e-07
0.0
6.629512722645069e-10
0.0
6.670171212748129e-10
0.0
5.540889214955142e-10
0.0
6.341480333232453e-10
0.0
8.077522323961157e-08
8.936544995676022e-08
1.3382492014938807e-07
6.0751386393531335e-05
0.0
9.928969414624652e-09
6.359149754431637e-10
1.9599889993754206e-08
3.575037341623016e-10
3.7807151877364034e-10
9.830921443775952e-09
9.904552388741593e-09
5.873599269384941e-09
9.904552348574927e-09
6.119320919232578e-10
5.873599246252644e-09
5.873599226809871e-09
5.396203972262777e-10
9.830921288974748e-09
4.9346089212060676e-08
9.666369576738828e-09
9.95752635834105e-09
0.0
5.410799166019195e-10
5.410799164522472e-10
9.912202390263344e-09
9.912202349443133e-09
3.429493390017865e-07
0.0
3.91940322836342e-08
4.779395194230737e-10
9.930397557581197e-09
7.974951960684431e-10
9.921955918498556e-09
6.290258144163489e-10
7.752333039334758e-05
-1.770247941290659e-10
0.0
0.0
0.0
0.0
0.0
1.0028336872914383e-06
0.0
0.0
-4.932254588259355e-09
0.0
-2.060833623670885e-10
0.0
0.0
0.0
-3.8859330521185537e-17
7.089088269185417e-08
1.4852654347009233e-07
4.2858299582944267e-07
-2.3082441906067735e-18
0.0
1.9021693248300053e-10
9.929818124004841e-09
0.0016248441324352434
0.0
1.8790750329777894e-08
8.959828807596945e-09
0.0
0.0
0.0016248333723028923
0.0
0.0
0.0
5.548517379948858e-10
2.0084278729666132e-08
9.713422229528854e-09
0.0
6.120987775315514e-05
5.931335246600067e-06
3.356092356711446e-05
3.3560923567114446e-05
4.378015777264664e-07
0.0016248333722999238
3.714927320614499e-08
0.0
0.0
9.77925427485607e-09
0.0
8.936544969252583e-08
2.1069901334740003e-05
0.0
8.252574980101142e-06
-1.976377721313316e-05
0.0
1.9522759236545198e-08
0.0
9.540180746744973e-09
0.0
0.0
0.0
0.0
-2.100854783659523e-05
0.0
8.953605916688263e-09
4.5993192762935556e-05
6.018247646164303e-10
6.018247768438196e-10
3.66367874896299e-07
0.0
0.0
-1.758888843182415e-08
1.9618485568765346e-08
9.920195475569393e-09
0.0
2.6741162412667374e-08
9.944532312206045e-09
0.0
0.0
0.0
1.5028440556357455e-07
4.58728716527616e-05
0.0
0.0
5.094446182510115e-06
-2.614958725111194e-06
3.246376159778752e-08
-2.5824949639760893e-06
0.0
2.51649494862836e-06
0.0
9.891422791952209e-09
5.081598107483775e-08
7.09679167821944e-08
1.8275104276668917e-09
0.0
0.0
0.0
-0.1442789398830513
0.1442789407391996
0.0
0.0
0.0
0.0
0.0
3.4620950836459403e-09
1.2088449834693018e-07
9.980704125106131e-09
2.678225281995893e-06
1.9947776733102075e-08
0.0
4.0463474485882865e-15
0.0
1.9665887649991454e-08
1.0742513026101192e-07
0.0
0.0
1.6588831247749798e-08
9.615609271099422e-08
0.0
0.0
1.776702266162878e-08
9.690201577648642e-10
1.9275127800576536e-07
0.0
3.9920673349430236e-08
6.835298736286277e-10
9.97929942350931e-09
9.979298607282148e-09
9.971173386968957e-09
1.7348906423409793e-07
0.0
1.997176320925322e-08
0.0
0.0
6.291976110444577e-10
0.0
0.0
0.0
0.0
0.0
0.0
0.0
0.0
2.0187823133265373e-07
6.855862974025403e-08
7.35177330964242e-08
6.6426741848658e-10
-5.40454560944114e-08
2.0084278770287973e-08
9.912202431110238e-09
1.981380086572352e-08
-3.723776842434745e-09
-0.0004017171064893098
-0.0004018168122972092
0.0
5.0989912565975207e-08
-4.1494043477881223e-08
0.0
-1.5020191312942188e-08
4.086370353206803e-09
1.398446941970095e-08
-1.0356345266169381e-08
-1.0278811424260207e-08
-1.1939989150135094e-08
-1.3344451304780341e-08
-9.244433036344896e-09
0.0
1.046249845353014e-08
1.7531382387106955e-10
9.940574585698414e-09
6.473130783413424e-10
-9.959159146834522e-09
2.5822520054402178e-08
0.0
0.0
9.507643048595362e-09
5.261146709885886e-12
0.0
0.0
0.0
0.0
0.0
0.0
0.0
0.0
9.93933965813375e-07
6.4188729228142785e-06
-3.070740444349263e-08
0.0
9.892799744641318e-09
4.0657581468206416e-20
0.0
0.0
1.0315847342036273e-17
0.0
1.6831302331044018e-08
7.344969443203939e-09
1.825241937292838e-08
9.940573037947093e-09
0.0
5.240091083969287e-13
0.0
9.741327876804226e-09
2.819299248880263e-08
0.0
1.825241929493422e-08
0.0
0.0
-8.111130302131444e-05
8.111896744073671e-05
0.0
2.7868552656545864e-08
0.0
0.0
0.0
2.3591609389614157e-08
-3.375826053482782e-08
0.0
1.2905691158893395e-07
3.0732164263858943e-09
0.0
0.0
6.286137070620629e-09
9.95550920452372e-09
6.619867178740639e-10
-1.7872452088343889e-07
3.421951890619762e-10
0.0
5.435037015641557e-09
0.0
5.435039823983302e-09
5.435042515011963e-09
8.805104525629005e-06
-0.000448417670220159
0.0004484174244427991
0.0
0.0001736769706583358
0.0
-9.054755868438116e-05
9.055686832034211e-05
5.560007078287733e-10
5.560006681083178e-10
0.0
0.0
0.0
-8.714111468543541e-10
1.6558058011040367e-17
0.0
3.2283786508902415e-09
-6.598565498665927e-09
6.045760037689828e-12
1.228828932506972e-07
7.626048612542606e-10
0.11829291199271347
0.11829291077191009
-1.2208033692024528e-09
7.921367681476003e-09
2.2894363680191755e-09
0.0
-1.9543422958105384e-08
9.645883700239281e-05
-9.643888535736655e-05
6.828956247169456e-10
-1.2132061490634943e-08
0.0
1.738558928484053e-08
-8.006253407228432e-09
-1.7385587431500982e-08
1.7385586315516145e-08
0.0
0.0
6.372545060298083e-09
6.372544757727493e-09
9.679185355992992e-09
8.714115770691643e-10
2.1629035391569762e-08
0.0
0.0
0.0
0.0
9.939105741669526e-09
0.0
1.9469342636454283e-07
1.8871473042829607e-07
-3.808034949870365e-09
0.0
1.8603187146856183e-07
9.704230804123508e-09
9.70423030821621e-09
0.0
1.9579796633957566e-08
0.0
1.0864531873074803e-08
6.304253265140549e-10
9.92338108658901e-09
9.914152767379015e-09
9.914153338514535e-09
1.8993915903010845e-09
1.536515415121e-07
3.07020674404524e-08
1.7053398972719356e-07
0.0
1.7254547318836121e-09
0.0
5.704517548235653e-10
6.299973181436764e-10
-7.065449467513477e-07
7.863448446054005e-07
1.7385589979303166e-08
0.0
0.0
-1.691401050598826e-08
-2.6266826309481497e-08
1.8275096498198038e-09
0.0
0.0
1.726608076221132e-08
0.0
0.0
1.1838422847114069e-09
7.837830800289033e-09
1.0237291002927956e-08
7.166876333962602e-10
0.0
0.0
0.0
0.0
6.998910337137738e-09
0.0
0.0
0.0
2.2237547502578125e-09
0.0
0.0
0.0
0.0
1.525089109147096e-09
4.574895624849578e-09
2.4608011474883115e-09
0.0
0.0
0.0
2.3219162348419717e-08
0.0
0.0
0.0
0.0
7.93338773428513e-09
0.0
0.0
1.9034050334726572e-08
0.0
0.0
2.427617264190192e-08
8.087507539128471e-09
9.682566144469392e-09
0.0
0.0
0.0
8.128361115629383e-09
0.0
0.0
0.0
9.857375413878723e-09
4.959905408706936e-09
9.495768221400623e-09
0.0
9.915338918051857e-09
3.6024203599647354e-08
0.0
1.8924683339755676e-08
0.0
3.321160423687491e-08
0.0
5.2495317955137664e-08
2.917090246487863e-08
3.54346144611822e-08
0.0
2.3956527124007747e-08
2.0028831225704748e-09
1.4849515859302079e-08
3.829807730212002e-10
-1.7878130213234977e-09
4.3953878163603856e-10
1.1298399292058457e-17
0.0
3.484617712399268e-09
2.1498369569177024e-08
-2.736175995493714e-08
9.886114315560141e-09
9.886114315947637e-09
9.886114316380282e-09
9.942811882417829e-09
0.0
0.0
0.0
0.0
0.0
7.935649457469182e-05
0.0
2.8723333395695525e-10
9.990086220919368e-09
9.987957679573077e-09
9.987957668638605e-09
9.982460070242916e-09
9.982460064967942e-09
9.982276250235367e-09
9.982276242188306e-09
9.961527403970985e-09
0.0
9.961527396103213e-09
0.00017877242732705178
4.349317847177753e-07
0.0001791975018902425
5.654475527149095e-10
9.932999539572845e-07
2.040459421492827e-08
9.954103952726722e-09
9.954103946408508e-09
-3.942366275046152e-08
9.953329651771399e-09
9.953328827805308e-09
9.95332969727649e-09
9.941253711446088e-09
6.479814226510042e-10
2.0449344324335958e-07
1.9489946754418514e-07
2.0449344312067773e-07
0.0
0.0
4.5632625136519727e-08
2.0566568382203083e-09
0.0
2.4971418106414724e-08
0.0
0.0
0.0
0.0
1.5812681857631326e-08
2.9422054746724157e-08
0.0
0.0
0.00019223141494977548
0.0
5.489500757125901e-07
7.887953646511388e-05
0.0
9.762504595821415e-09
9.76500000873608e-09
4.474657812150391e-09
0.0
9.957526349421621e-09
9.413137162038303e-09
1.2961536570769033e-10
9.769987573963683e-09
0.0
0.0
-2.2768245622195593e-18
0.0
0.0
0.0
2.121031680681886e-09
2.121031673213425e-09
3.848809364638233e-09
0.0
0.0
0.0
0.0
0.0
-9.221465799291728e-09
-4.234157527979564e-09
0.0
2.33048642885776e-08
0.0
0.0
8.008110172159906e-19
2.044934433731438e-07
0.0002782184203540673
0.0002782184203540673
9.697767977486791e-09
2.9416003209111667e-08
0.0
0.0
0.0
2.2467472969800086e-09
2.2467498248076746e-09
0.0
4.993312247086159e-08
3.013753363326556e-08
0.0
0.0
0.0
1.6673204957394913e-08
1.8755807961575172e-08
0.0
0.0
3.063682150469338e-08
1.0566472387534526e-08
8.850354256867708e-08
1.9979496692861117e-07
0.0
-8.41678371443777e-09
1.9979479882068475e-07
1.6657783006468427e-07
1.700733958059085e-07
0.0
9.942811876158239e-09
9.94281187266001e-09
3.94236627906131e-08
0.0
-1.3487184103783611e-11
0.0
0.0
0.0
0.0
0.0
0.0
0.0
0.0
0.0
0.0
-2.240129476600643e-06
0.0
2.849368579139514e-08
0.0
0.0
0.0
7.460922074187069e-08
0.0
0.0
0.0
4.866562315977707e-08
4.8665617646825865e-08
0.0
1.6670941031130038e-08
2.387773274147469e-16
9.937219807017541e-09
9.937220187640266e-09
0.0
0.0
0.0
0.0
0.0
4.4950360528708884e-07
0.00042206401286215247
1.0775988318369605e-07
0.0
0.000149504769915071
1.77921199400134e-07
0.0
0.0
3.811417096445688e-05
0.0
1.7793039777646244e-07
0.0
0.0
0.0
0.0
8.483247162530607e-06
0.14462387175921068
0.0
6.48612357592083e-05
3.8704818121695905e-07
1.0941715854109052e-07
-1.970079756389464e-08
-6.975610443187474e-09
4.7829563896655924e-08
-3.199035351177465e-10
-2.288507494646024e-08
-8.935159136776492e-07
-8.20494438637228e-07
0.0
0.0
4.899283508387479e-07
-6.2986849893795216e-12
4.866623509899084e-07
0.0
0.0
1.0950899448446719e-08
0.0
5.2156159267137914e-09
4.728092394784971e-09
9.943581618770394e-09
0.0
-8.831464726297318e-09
0.0
0.0
-3.0255374543535175e-08
9.934949751766453e-09
2.1667166632910884e-08
2.1995449765981113e-08
0.0
0.0
0.0
6.545414119826316e-10
2.1174883653499268e-08
0.0
0.0006772673855960944
0.0006772673855960943
6.15728371783877e-10
6.157285556505476e-10
0.0
0.0
9.97712080363952e-09
0.0
9.97484693259612e-09
0.0
9.97748366277968e-09
9.910597674856637e-09
2.126315393305131e-07
5.977799064210861e-08
1.3054280922508887e-08
9.944332795135981e-09
0.0
9.936547014651904e-09
2.5376671171993114e-08
9.961605060101112e-09
8.863046437199676e-08
9.980091823943532e-09
0.0
9.980029857982109e-09
2.1893181550072764e-07
9.97888945893584e-09
0.0
9.98070611258059e-09
0.0
0.0
0.0
0.0
0.0
4.932254583791394e-09
0.0
0.0
0.0
0.0
0.0
0.0
0.0
2.3325408896682564e-08
0.0
0.0
0.0
0.0
0.0
0.0
0.0
0.0
6.879728364278559e-08
0.0
0.0
0.0
0.0
0.0
0.0
0.0
0.0
0.0
0.0
0.0
0.00040695347193024693
0.0004069089886664882
2.750631443376643e-10
0.0
-9.70277601021691e-09
8.470355831969517e-09
0.0
0.0
2.707265416440186e-10
0.0
0.0
0.0
0.0
-9.902458603106012e-09
1.1761927081289935e-10
7.766973543905074e-11
1.7385589774482682e-08
9.72489414095027e-09
0.0
0.0
9.961110496616232e-09
0.0
2.819299244914826e-08
1.5533917860036302e-10
9.604822281701471e-09
0.0
0.0
0.0
0.0
6.433102735292029e-07
0.0
1.9888590070685818e-10
4.0254917627267384e-10
0.0
9.54902178162964e-09
8.424239359566045e-09
5.123930064893459e-17
1.9858692319242103e-08
1.9858860833544068e-08
1.0442254024278628e-07
0.0
0.0
0.0
0.0
0.0
0.0
0.0
1.8564860669359693e-08
1.9858185587847484e-08
6.591994667455999e-10
1.985835523558341e-08
1.9858186656122452e-08
0.0
0.0
0.0
6.045650590903459e-11
0.0
0.0
0.0
7.547834060082022e-10
0.0
4.291448624185326e-09
0.0
3.7087430162757314e-10
0.0
0.0
0.0
4.78223419848237e-08
7.158563200397558e-10
0.0
0.0
0.0
0.0002611156246044889
0.0
8.191695999525601e-09
0.0
1.1124686018765626e-08
2.6015534020984285e-08
1.192432977723815e-08
0.0
0.0
1.4967612602625588e-08
0.0
1.9113619479461702e-08
9.90551116099093e-09
6.128732458078202e-10
-9.902458667785448e-09
0.0
0.0
0.0
5.410799243074396e-10
0.0
1.5932943371648116e-08
2.4153370822890795e-09
1.2259702439592325e-08
1.9335555421285083e-08
2.9208369755839214e-08
0.0
0.0
0.0
-6.37716107427528e-08
3.3962858154152687e-07
4.026738777328765e-07
-7.752333039334758e-05
6.0751386393535604e-05
3.296222097520927e-17
-7.733398621737381e-05
-1.2395634720399618e-07
0.0
0.0
0.0
0.0
0.0
0.0
0.0
1.2355269821419576e-08
0.0
2.0546795777596256e-08
0.0
2.8752269194069358e-08
0.0
3.8840653583281144e-08
0.0
1.6624932416911346e-09
0.0
4.999577879276741e-10
0.0
5.143308558858221e-10
0.0
2.7941886664621153e-09
1.071689021967752e-08
1.891404834830946e-08
2.904286697194648e-08
0.0
0.0
0.0
0.0
0.0
9.840767541608606e-09
1.797058640675738e-17
6.188669995113279e-09
0.0
9.697767977950249e-09
-1.777608947212757e-07
-5.891433330354945e-07
0.0
7.933387787597709e-09
0.0
0.0
1.9034048787646282e-08
0.0
0.0
2.4276168714197607e-08
3.579335186080745e-08
2.094233985723234e-08
0.0
0.0
1.3804194410205465e-08
0.0
3.272881489947664e-08
1.1143462008490294e-08
1.7464942479983134e-08
0.0
1.688010543739417e-08
1.5824439243920793e-09
0.0
1.0257416480052284e-09
0.0
6.998909054484046e-09
0.0
0.0
0.0
2.2237542003049637e-09
0.0
0.0
0.0
0.0
1.5250881955053115e-09
4.5748935937372175e-09
2.460800379336981e-09
0.0
0.0
0.0
2.3219161190979767e-08
0.0
0.0
0.0
0.0
-1.0028336774325908e-06
0.0
0.0
0.0
0.0
9.348594549251614e-09
9.348446756998257e-09
7.460922084431132e-08
2.9481515556725388e-09
0.0
0.0
0.0
-9.167108357783713e-09
0.0
-5.6592095407656876e-09
8.91198695027734e-09
0.0
0.0
0.0
0.0
0.0
0.0
0.0
1.7897285034193522e-08
-0.0016901899250676422
0.0
4.5501003083871005e-07
0.0
1.9633399120404383e-08
0.0
0.0
8.66156805208597e-09
9.931960249629184e-09
6.388526998205556e-10
6.388526630219387e-10
0.0
0.0
-9.14096832252474e-09
-9.912245638871164e-09
0.0
0.0
0.0
0.0
0.0
0.0
-9.212523268548045e-09
1.7564697126087523e-08
9.429648770496118e-09
1.4580820215672422e-10
0.0
0.0
0.0
2.0218188791104814e-08
9.860046407996942e-09
-2.925912800932906e-08
9.905033640924719e-09
9.905033625734733e-09
-9.637912330373523e-09
3.43338926058979e-08
0.0
0.0
0.0
2.424165075560196e-08
9.608983359846028e-10
2.891520503744444e-08
3.3962858158321614e-07
0.0
3.3962858184574405e-07
2.579901946852423e-09
3.433389230368521e-08
0.0
0.0
0.0
2.4241646861957846e-08
9.608969671199412e-10
2.8915200790926635e-08
0.0
3.081468200538519e-05
9.898314040369254e-09
0.0
-6.718072471829928e-07
0.0
0.0
0.0
-6.81735072403226e-07
0.0
0.0
1.9717377685529094e-08
2.3132005231088493e-07
0.0
1.1824477821711953e-07
2.0214707364182155e-08
1.0518089450914197e-05
0.0
-1.0777613954792539e-11
0.0
1.2841182788800495e-09
2.092211335279965e-08
9.797492161642794e-09
9.797459762151394e-09
0.0
1.0957965145302102e-10
9.392677422854618e-09
9.434385871248552e-06
1.2925225704248262e-07
7.460922076270445e-08
4.6388160702636773e-10
4.6388156774092686e-10
0.0
7.3294667539256905e-09
4.118171578285112e-11
0.0
4.118171556770475e-11
0.0
1.9381762775973134e-07
1.9381762773432552e-07
0.0
9.35009655886273e-09
6.779278394121934e-11
0.0
0.0
0.0
0.0
9.648015541686721e-09
2.989467773815545e-08
1.0461828922459414e-08
7.909556470613002e-08
8.863558626037535e-08
0.0
1.6670941055695016e-08
1.9219945622406045e-08
9.86984903737872e-09
0.0
8.693007036918261e-09
8.693007071233945e-09
8.693007060201647e-09
0.0
4.134383575360292e-08
0.0
0.0
2.3005222733274049e-07
2.239706015333865e-08
0.0
5.758963657041861e-08
0.0
4.574417235522344e-08
0.0
0.0
0.0
1.789927253748047e-06
-8.976841056589087e-07
0.0
0.0
4.67421085940508e-09
0.0
0.0
0.0
0.0
0.0
0.0
0.0
1.981270969035412e-16
9.914602514741848e-09
9.91460250848607e-09
6.218033663005802e-10
0.0
0.0
9.696103035056192e-09
0.0
0.0
0.0
1.8418840835428144e-16
1.2404909709163718e-16
9.063213496343882e-09
9.063213495982589e-09
9.063213495983893e-09
7.509980986820915e-11
-9.729290726475e-09
1.999583341745926e-07
0.0
3.180317876149315e-09
0.0
0.0
0.0
2.8449536697381225e-08
9.12976681706262e-09
0.0
0.0
0.0
7.510003631843297e-11
0.0
0.0
-5.490882070996979e-10
0.0
0.0
2.0265040786100437e-10
2.026504076596921e-10
0.0
0.0
0.0
0.0
0.0
1.099399210442916e-08
1.209942245492115e-09
0.0
0.0
0.0
6.860238139245644e-08
6.10810154170286e-08
7.521365950657931e-09
0.0
0.0
0.0
8.058468622751896e-06
1.8927828618055266e-07
0.0
7.510066884842734e-11
7.510030897077751e-11
3.0522096846108455e-07
0.0
1.3018797577374444e-07
9.800701917346208e-09
0.0006333388786400096
0.0
0.0
9.032222538207227e-08
6.732542269067547e-10
0.0
9.96698145545225e-09
4.7917052701157755e-09
4.7917051759272834e-09
0.0
0.0
6.274430475183834e-09
-1.0420326905729308e-08
9.144612554168215e-07
9.636667706171947e-09
0.0
3.489198358242338e-10
9.636667548982387e-09
6.784269278070002e-09
0.0
0.0
-3.765456598648742e-10
0.0
1.72312994756038e-06
0.0
0.0
0.0
0.0
0.0
0.0
9.853108881147089e-09
1.1806607929692553e-10
0.0
8.967803653972587e-05
0.0
7.450628984400437e-05
8.674962730720211e-06
0.0
2.8167917776045215e-08
9.949780259374461e-09
9.830970975321997e-09
9.831345847597056e-09
2.298457717005319e-07
2.157173186589762e-08
2.391239752672102e-09
0.0
9.898313816812318e-09
0.0
0.0
0.0
7.266935245226889e-05
-5.180360171076614e-09
7.271346584194073e-05
9.82194275371212e-09
5.188894480457845e-08
-5.1888944814504345e-08
0.0
9.048080374586976e-07
9.344147829418138e-07
9.130186440671603e-09
1.8580717576125627e-08
0.0
0.0
9.561153914601495e-09
-2.7481675503890516e-10
0.0
5.188894478539352e-08
3.1467951026857226e-08
9.830595868241068e-09
1.7231262362807384e-06
0.0
9.06237187057302e-06
0.0
8.790381518688389e-06
3.838705104350718e-07
0.0
3.549642451269406e-07
0.0
0.0
1.9856789511916114e-08
6.616295643157721e-10
3.5508620921620394e-08
0.0
3.4098445700040456e-08
0.0
0.0
9.834753375647742e-09
9.834753112295035e-09
-3.5089552170160556e-05
2.5271662990307587e-16
0.0
0.0
0.0
7.798819728968331e-05
7.798819728968329e-05
0.0
0.0
0.0
0.0
3.4867768072570554e-10
1.3765216412177151e-09
0.0
-1.9633399136499696e-08
0.0
-3.218371257170116e-08
-2.410389015530039e-08
3.724052583571935e-13
0.0
0.0
9.963397061049983e-09
9.97847550026958e-09
6.8454531507992e-10
0.0
-7.462673468983452e-09
-7.4219774117822296e-09
4.7822335914737906e-08
7.329735516234121e-08
4.779487835159079e-08
0.0
0.0
4.7822336253349604e-08
4.842659142459702e-08
6.855417510038174e-10
1.0795407963637496e-09
0.0
6.69733095047357e-10
-4.942837144243251e-08
0.0
9.954476166806167e-09
9.95447635432356e-09
0.0
0.0
9.96736892135597e-09
9.955550243874335e-09
9.955550226651427e-09
-1.9452166493003564e-09
9.967368979177473e-09
4.934608921729346e-08
2.4857286956520464e-07
4.782234044693083e-08
0.0
0.0
0.0
6.633266574531627e-08
0.0
0.0
4.5804301568476995e-08
9.958722593534503e-09
0.0
0.0
0.0
0.0
0.0
3.6609508242655375e-08
7.460922088290218e-08
8.088691271437609e-08
-1.404360388398179e-07
-6.912460848780989e-08
8.424238820220554e-09
-1.6139324626322645e-08
-1.613932462678036e-08
2.475157332331666e-07
7.763759085753981e-09
2.1408387873210435e-07
7.406542054672301e-08
1.5288567922506352e-08
9.912335922906837e-09
0.0
0.0
0.0
0.0
1.248276115806135e-08
9.35237667843729e-09
-1.7694025030340387e-08
0.0
2.9718809666052174e-08
2.4751573171908916e-07
0.0
9.916006982687328e-09
7.198126975366739e-09
9.977119141274526e-09
0.0
0.0
1.9951492182781692e-08
6.805121735244353e-10
9.928741433293427e-09
6.418808788180653e-06
9.928741432866137e-09
1.9779703921335535e-08
9.893589606163497e-09
9.893589947296277e-09
0.0
1.982119414003849e-08
6.356910444923842e-10
0.0
1.1736310438301505e-07
1.1903061066294387e-07
0.0
-6.648611852107006e-12
