0
0.0
0.0
0.0
0.0
1.9810900234102158e-08
0.0
0.0
0.0
0.00015000382407426784
1.4733040512145684e-05
0.0
4.223025167323708e-08
0.0
0.0
0.0
0.0
0.0
0.0
0.0
5.741313782524655e-09
0.0
0.0
0.0
0.0
2.056984298711196e-07
0.0
0.0
0.0
9.89406867259497e-09
0.0
0.0
0.0
0.0
0.0
0.0
0.003524115770661803
0.0
0.0
1.9879966021761043e-08
0.0
0.0
0.0
0.0
0.0
0.0
3.495272015457622e-10
0.0
0.0
0.0
0.0
1.0501888499189076e-20
0.0
0.0
0.0
0.0
0.0
0.0
9.284425696107481e-10
0.0
0.0
0.0
9.432948811729502e-09
2.3210075109300034e-18
0.0
8.31989837156159e-09
0.0
0.0
0.0
1.3960211446213784e-21
0.0
0.0
0.0
0.0
1.0155140010154051e-10
9.030007292367014e-12
6.52516649902208e-10
0.0
0.0
4.156164292406821e-09
0.0
0.0
0.0
0.0
0.0
0.0034809027706181137
0.0
1.2666337485150231e-08
0.0
9.499838114944651e-09
0.0
0.0
6.474079454269169e-09
0.0
0.0
8.86688563430862e-11
9.54430160761887e-09
0.0
0.0
0.0
0.0
0.0
0.0
0.0
0.0
0.0
0.0
0.0
0.0
1.3782131103426766e-06
0.0
0.0
9.849210361590292e-09
0.0
0.0
0.0
0.0
0.0
0.0
0.0
0.0
1.1507299010218226e-09
0.0
9.10598777060809e-09
2.6609639432694228e-05
0.0
0.0
-4.014265279862753e-08
0.0
0.0
9.59484223257944e-09
9.792676021757993e-09
0.0
9.649599033561368e-09
0.0
0.0
7.982510042908974e-09
0.0
7.098376455629586e-05
1.943299120045681e-08
0.0
0.0
0.0
0.0
2.694281311596831e-21
1.8732027366149467e-08
0.0
0.0
0.0
0.0
0.0
0.0
2.2656635292139058e-08
9.745961010703208e-09
0.0
0.0
7.856945649472026e-09
0.0
9.638806706208036e-09
0.0
0.0
0.0
1.1381138430818582e-16
8.157085056149806e-09
-0.001859760043490366
0.0
0.0
0.0
0.0
0.0
0.0
0.0
0.0
5.710046684287296e-09
7.14702221258752e-06
0.0
0.0
0.0
0.0
0.0
0.0
0.0
0.0
0.0
0.0
0.003591907255495408
1.6057529549911702e-08
0.003274426722150281
2.5599565638832955e-08
9.219223297482406e-08
0.0
0.0
0.0
0.0
0.0
0.0
0.0
0.0
0.0
0.0
0.0
0.0
1.5934927131376476e-09
1.970196438756056e-08
0.0
8.938780913519881e-09
3.808148550351383e-09
1.5199672531682725e-08
0.0
0.0
0.0
1.7295166271293678e-08
9.962388158276422e-09
0.0
4.803359144460809e-11
4.249732154792436e-09
0.0
0.0
0.0
0.0
0.0
0.0
0.0
0.0
0.0
0.0
0.0
0.0
0.0
2.0395487529942117e-20
4.129842832691065e-09
0.0
2.3372159710562174e-11
1.6924971358222782e-10
1.074262638155434e-16
0.0
9.752312595226202e-09
1.348758645120982e-11
9.899501680822536e-09
0.0
9.575342607804326e-09
0.0
0.0
4.249335383718718e-11
2.8902682649434297e-06
6.298872835876234e-12
0.0
0.0
0.0
0.0
0.0
0.0
-0.003321107964712411
0.0
0.0
0.0
0.0
0.0
0.0
0.0
0.0
2.143438138542678e-08
0.0
5.929237939751231e-07
0.0
9.77828326346717e-09
0.0
0.0
0.0
0.0
0.0
0.0
0.0
0.0
0.0
0.0
0.0
0.0
3.7562314496095035e-11
0.0
5.187269902255788e-20
1.864330844765763e-08
9.156618198201643e-09
9.8628385657516e-09
2.878804521121972e-09
0.0
0.0
1.6416175656880253e-11
0.0
2.182226823151411e-18
0.0
-4.0216335313141005e-08
0.0
0.0
0.0
3.34625644588554e-09
0.0
0.0
9.871002428830593e-09
0.0
0.0
0.0
0.0
1.0496575685618097e-08
0.0
9.899881962008506e-09
0.0
0.0
0.0
9.544301655976387e-09
0.0
0.0
0.0
0.0
0.0
1.3593680649178074e-08
0.0
0.0
0.0
0.0
0.0
0.0
0.0
0.0
0.0
0.0
0.0
0.0
0.0
0.0
6.5475183093331976e-09
0.0
6.6488102187529236e-12
0.0
0.0
0.0
0.0
0.0
0.0
0.0
-0.00014999402869471612
-0.00015000382407492907
-1.4733040512027173e-05
-1.4723288206314402e-05
8.619853793894693e-09
9.989231748372085e-09
9.994011907973888e-09
9.98824134512688e-09
6.766258775571694e-10
6.675058914535408e-10
9.955129238747398e-09
6.390723010938233e-10
9.98404601204014e-09
9.988238761711689e-09
9.994012094172217e-09
9.993320635585555e-09
9.590727284253893e-09
0.0
8.243292573935452e-08
2.515122198627536e-08
0.0
0.0
6.895177045097569e-08
0.0
0.0
4.366020370045507e-09
4.288273222138333e-08
3.884697746442485e-09
4.693725240898463e-08
5.786903069747653e-10
0.0
3.0341220360852365e-09
0.0
4.2908974872659084e-08
1.4321893502132223e-09
0.0
0.0
1.4970115191456972e-11
3.8793818393949776e-09
3.491547979510059e-07
0.0
0.0
0.0
0.0
2.9909542797530285e-08
0.0
0.0
0.0
6.248306751160479e-09
0.0
0.0
9.535338090998418e-09
0.0
0.0
3.918294137244512e-08
0.0
2.401138648914786e-06
0.0
2.0569842985872522e-07
6.771416653387283e-10
6.716735768998681e-10
6.766936775930278e-10
0.0
0.0
4.7550961249232755e-09
1.3268032434993377e-07
4.756995430481761e-09
1.274136909933616e-08
0.0
0.0
0.0
0.0
0.0
0.0
9.967329644450956e-09
9.962073930294442e-09
-1.960956985301456e-07
2.0569842986743658e-07
5.638179106530044e-17
1.996831682145275e-08
1.9976523097003925e-08
1.9987857292603003e-08
1.998671021914931e-08
-6.675209354217786e-09
-2.954821371441022e-09
4.754621315704152e-09
1.1289391230800082e-07
4.756520601088132e-09
1.2740894277308642e-08
0.0
-8.301132562371291e-09
0.0
-4.190299823108885e-09
-4.188402517255876e-09
-4.186504642392339e-09
0.0
0.0
4.754146522061664e-09
1.1289343738081557e-07
4.756045771510043e-09
1.2740419455179382e-08
0.0
0.0
0.0
0.0
0.0
1.991420744555957e-08
0.0
6.729214250416992e-10
6.677269410939539e-10
5.741313782565351e-09
-7.323678203815977e-10
0.0
0.0
0.0
1.4979642654057339e-09
9.99225282475192e-09
2.2867630331619796e-08
5.670330830947517e-10
5.670330780859892e-10
0.0
5.125098070301846e-10
0.0
-9.972873304953112e-09
2.523501921142993e-06
6.697720979468903e-10
1.5790350965340913e-07
6.973104844706089e-06
1.351081355704507e-07
2.314101439553589e-05
6.945663295047468e-08
0.0
0.0
0.0
0.0
8.619853820745338e-09
1.3693779813018441e-09
1.3767376223595848e-19
2.211345849092335e-07
2.0515212121507075e-08
0.01227945600765749
9.957926430783975e-09
9.817229800051361e-09
-2.0149551284952272e-07
-1.804017419354152e-07
-1.7046801667128242e-07
-1.5809197388499084e-07
-1.566083512247185e-07
-2.429063623118019e-07
-8.032204825564326e-08
1.0317445162111305e-08
5.035063641812878e-10
5.035063640029072e-10
-0.00016807180015997137
3.888823917603441e-10
9.700593255751455e-09
0.0
0.0
0.00018928539279614582
8.305146568223803
1.9879966021731417e-08
9.895403060052998e-09
-1.046592284005279e-08
1.9957218976085393e-08
9.968061694411146e-09
6.2206588224418e-07
0.0
2.991981240926151e-08
9.962593433164232e-09
0.0
0.0
0.0
-0.2491143405928451
0.0
6.220604268559031e-07
0.0
9.953525071857987e-09
6.374949998382957e-10
9.98057355694132e-09
9.980573557154453e-09
9.975936179024194e-09
8.123167848699949e-10
9.975936180000398e-09
1.8207946384993497e-07
1.804017410698966e-07
1.7046801552116075e-07
1.485042203374772e-07
1.470211542420026e-07
2.3016442538860427e-07
6.37237314183442e-08
0.0
-0.00018921623752588622
0.0
3.4952776967510985e-10
-5.535849556537187e-14
5.536849091154654e-14
1.847042899183471e-08
1.8470373619461355e-08
3.0897415407432627e-09
0.0
1.771657972280176e-06
3.2506319831322384e-08
2.0076499719073716e-07
6.83334793537614e-06
2.3088177474512825e-05
1.4860943691731754e-07
4.742648103536705e-13
0.24573673238165783
9.909834384736335e-09
0.0
-0.003524106294866769
0.0
-0.0035241157706618026
0.0
0.0
0.0
0.0
6.756607565639828e-10
9.99233885350106e-09
0.2516528543376091
1.6308288342870014e-05
7.28225302282226e-09
0.0
0.0
0.0
7.259617313825592e-07
4.4215980115211434e-08
0.0
9.993429055360058e-09
0.0
0.0
9.983113727112771e-09
9.986122698928767e-09
9.507996677076119e-09
3.275586839187646e-06
3.0333452068692244e-08
0.0
1.3561274672668766e-10
0.0
1.3039616117464972e-06
0.0
0.0
3.004878685651818e-07
3.0062045642924894e-07
4.403036123995447e-08
0.0
0.0
0.0
2.8657998582948445e-07
3.210800286025507e-07
2.5011998869507288e-08
0.0
0.0
0.0
9.984413152582829e-09
0.0
4.295129804583574e-07
0.0
0.0
3.529428753756244e-08
5.123770804855711e-08
0.0
8.862165214852349e-09
1.0496975310735782e-20
1.9810843982049265e-08
-9.752139217694689e-09
1.3561137875486907e-10
-1.3561196957057042e-10
2.7809679055145537e-08
6.401739149564776e-10
6.401739026944977e-10
0.0
1.4183966991057942e-07
4.403599760374715e-07
6.677112193204903e-10
5.061497500607386e-08
2.5364944454550425e-07
3.0372149593472907e-07
-8.146623899751366e-08
0.0
0.0
0.0
0.09193086041958146
-0.09423638995899436
0.002305539828649761
9.940390610918153e-09
0.0
-2.6599874591040165e-05
1.9914206534253837e-08
8.208792946269853e-08
0.00014512011869245579
9.832813667341397e-09
1.4118019813075012e-09
0.0
0.0
2.5870493801474184e-07
2.587049379622185e-07
9.988297654684591e-09
9.98829758404882e-09
-9.284425647455678e-10
0.0
-9.284425695160574e-10
5.0763636607246816e-09
0.0
1.911420853685554e-07
1.9114208536859226e-07
1.968014040860126e-08
5.929157203477273e-07
0.0
2.9242785176747857e-07
0.0
0.0
8.896283231872356e-08
0.0
1.0684719143432768e-08
9.975936180888282e-09
-9.933072102363306e-09
3.8454605325111956e-11
0.0
0.0
3.776573816536854e-08
9.984955494524452e-09
6.771482894689928e-10
6.74961069856011e-10
6.120798532967052e-07
0.0
0.0
0.0
0.0
0.00021548585330307082
0.00021548585330269742
3.7454696315545264e-16
0.0
0.0
0.0
8.54727772030232e-09
4.1363919553896465e-09
4.506488088571e-08
5.793820223705515e-08
3.737559606676316e-09
0.0
1.7807620473084928e-06
2.395904274893641e-08
1.96628605876178e-07
6.788283055235271e-06
2.30302392729775e-05
1.448718779955212e-07
-1.8465318250143747e-19
0.0
-9.432948811190694e-09
0.0
4.1422406467279945e-06
0.0
8.246519526341057e-06
8.254839424712622e-06
8.24651952634108e-06
8.24651952634106e-06
8.246519526341074e-06
0.0
0.0
0.0
6.048932202736817e-08
6.02182095297089e-08
-9.432948811492238e-09
-1.044678371586727e-10
0.0
0.0
1.1843217044235112e-07
-9.821125662723418e-09
0.0
0.0
0.0
8.880448604164155e-08
9.987803452349286e-09
6.83599011517275e-09
9.848634140665858e-09
9.84863411082665e-09
5.343749086757076e-10
3.415758160796898e-05
0.0
0.0
3.414305803839991e-05
1.3920309096329332e-17
0.0
1.941372370468323e-08
6.590035370362478e-10
0.0
-1.3552527156068805e-20
0.0
0.0
-6.8359900864956025e-09
0.0
0.0
0.0
1.8507056798033103e-08
2.2926545055823206e-10
7.044432683649657e-08
1.4027491340983607e-17
9.499919757245863e-05
6.015806660410075e-07
4.929018719186387e-08
0.3499865045665959
-0.3500821536533195
9.960079285408215e-09
1.8159892068794967e-20
2.5776966705802663e-08
-2.6175705710040758e-08
3.611150826153859e-08
0.0
0.0
0.004020359515802152
3.059102592503822e-09
0.0
0.0
1.556096604717107e-08
0.0
0.0
0.0
3.033392669168161e-08
8.998234206794217e-09
0.0
9.94199047097818e-09
6.27479228536902e-10
0.0
1.1276540378783136e-08
1.4118017830738293e-09
1.4118017430033575e-09
5.502053337582359e-10
5.502051785875835e-10
0.0
0.0
0.0
2.5909772000485342e-08
0.0
4.2230251673212276e-08
0.0
-2.5808219561440637e-08
-9.029797526025063e-12
0.0
0.0
0.0
0.0
-6.56944777308731e-10
2.0569842984601033e-07
-2.081986229279147e-09
0.0
0.0
0.0
2.4839216970128137e-08
0.0
1.5007511690739077e-08
3.9164321608704755e-06
3.661062838747764e-07
6.682287727451438e-10
3.571400297365121e-09
1.3431975983382178e-06
0.0
0.0
0.0
0.0
9.932469358037093e-09
1.0929427859487127e-13
1.093053206749974e-13
1.093780948072087e-13
1.0939809083972555e-13
3.77657381589582e-08
6.670030409252008e-10
0.0
3.041862355601462e-09
-4.156164293500847e-09
5.710046677476864e-09
9.199071349418832e-09
0.0
1.7878575922804408e-10
9.986028976363693e-09
7.475892281660023e-10
1.3530792854081228e-17
2.197454801725597e-09
6.488663460293738e-09
1.6432460802525024e-08
6.279303117573452e-10
0.0
0.0
0.0
1.3299315225071026e-08
0.0
0.0
7.254588486018284e-09
0.0
-5.415532642302215e-10
-4.219788429375338e-10
1.3299312706172624e-08
-8.835087832168085e-09
-9.801960239866825e-09
7.254585684786987e-09
-9.711287097884883e-09
0.0
-1.015518277921925e-10
0.0
6.716974931597428e-10
0.010501536989448593
0.010501536989448593
-0.0034809027706181883
-0.0034280646635189704
2.5041547868869686e-10
0.0
-4.89912364148859e-13
0.0
0.0
0.0
0.0
2.6379528565303383e-09
2.2380685141507828e-07
0.0
0.0
4.1130911499665085e-07
4.113091149966175e-07
4.1130911499658615e-07
4.208089531115483e-07
4.113091149966035e-07
0.0
0.0
0.0
5.032486183065837e-09
1.1468487292644325e-16
0.0
0.0
1.616203348930867e-08
-8.02851708725516e-17
0.0
7.6215610212944e-08
0.0007409114883785892
0.0
0.0
-0.0007409785380540046
1.1430151369176829e-16
0.0007409941780682609
0.0
0.0
0.0
9.979243435781626e-09
9.979243447891641e-09
1.6162032284183954e-08
3.2281203169717426e-09
0.0
2.2355625735207083e-08
7.206868997875006e-09
8.639538903948765e-09
0.0
2.3452741386291123e-09
9.376059013795711e-09
1.0278048602506112e-06
-9.394927867436474e-09
1.0277910289375249e-06
0.0
5.037540917312297e-12
0.0
0.0
-2.353454663147022e-10
9.964541689487027e-09
9.964541689307271e-09
9.964541689146773e-09
9.958690277202484e-09
7.764948759607104e-08
9.958690273080789e-09
6.42573717861408e-10
0.0
2.1888414383592405e-18
0.0
0.0
0.0
0.0
6.444435009226782e-10
0.0
0.0
0.0
0.00633151159569441
4.925783726876843e-08
0.0
0.0
0.0007675173442010872
-0.0007674773925536726
6.70228362182574e-10
5.971612094432879e-06
0.0
9.71748842460915e-09
4.0548378067903377e-10
0.0
0.0
-3.1733045520968474e-06
1.9986931705134256e-08
9.993451964114894e-09
0.0
0.0
0.0
1.5004728369629025e-08
1.7038156462040508e-06
4.0825172892546363e-07
8.994909783574311e-08
6.373927859128904e-07
9.960485695351823e-09
6.767821198896575e-10
9.95512923915589e-09
2.016203329038783e-08
-9.908264131888552e-09
9.590727284259413e-09
-3.273815791185555e-08
3.915117952030988e-06
7.10188551155071e-07
0.0
0.0
1.378460139175235e-06
0.0
0.0
8.880523907995422e-08
0.0
0.0
9.98602897946435e-09
9.955780401891732e-09
9.98874583046927e-09
9.563409348308311e-09
1.4767652264609137e-08
1.9975191760435664e-08
9.98644743855086e-09
9.959469031936132e-09
0.0
5.723817837347877e-10
5.723817816131423e-10
6.932647652869671e-08
0.0
-7.856945645681729e-09
8.520841225526446e-09
9.993606807433102e-09
1.9987011174838058e-08
9.993404091201637e-09
1.0499956982225863e-08
0.0
0.0
2.5533763695690195e-06
-1.3782131103426724e-06
-1.3782131103426995e-06
-9.899014941083806e-09
4.694138278489509e-09
1.4593153448799048e-08
2.7006302757216314e-17
9.967329684951906e-09
0.0
0.0
-9.981277533383914e-09
0.0
0.0
7.679845413764766e-11
7.679829581654332e-11
7.679843274496201e-11
0.0
0.0
0.0
0.0
5.4314843476031016e-09
9.953745905635913e-09
9.956989625602925e-09
0.0
0.0
1.9810900105809955e-08
0.0
0.0
-1.465841337200402e-16
0.0
0.0
6.760279693180584e-10
1.9985086918020735e-08
6.756953128569363e-10
1.899502682712726e-08
0.0
0.0
9.906301884660905e-10
0.0
3.867607989519611e-11
9.81610890587907e-09
1.941463523450664e-08
0.0
0.0
5.349413797444292e-10
0.0
-5.349413798642351e-10
0.0
0.0
2.820819306111646e-17
0.0
2.9298606846681063e-06
2.9298606846680856e-06
0.0
0.0
3.5589068614521336e-06
9.636728089824375e-09
0.0
0.0
9.995308346203505e-09
0.0
-6.384008381853804e-08
9.88904203533807e-09
9.889042035336054e-09
9.91911561308513e-09
-9.522425675669716e-09
6.565659139430121e-10
9.984846139054213e-09
0.0
0.0
2.438829982773408e-07
1.996511133646406e-08
6.637881206665949e-10
2.0879842908150837e-07
9.93754066601992e-09
0.0
0.0
-9.977791393459001e-09
0.0
0.0
6.9458766251641835e-09
0.0
1.4203488487042758e-08
0.0
0.0
1.4247269594819847e-07
1.4027428267905162e-08
0.0
2.2503358261690238e-08
0.0
2.199828495177289e-09
0.0
1.5572708177278352e-09
0.0
0.0
7.99190178438085e-09
5.632873197449567e-09
0.0
0.0
5.381594163635057e-09
5.621026633818432e-09
0.0
0.0
0.0
0.0
0.0
0.0
0.0
-1.8207946405617254e-07
-1.80401741357427e-07
-1.6087586435036086e-07
-1.5809197292937505e-07
-1.566083500615864e-07
-2.5252005184626947e-07
-7.077841111317683e-08
-1.031744368469611e-08
1.048811490727441e-07
3.5554672540302006e-08
0.0
0.0
0.0
0.0
0.0
0.0
0.0018629837252312495
1.5647128212603003e-09
0.0
1.7801616609919295e-08
0.0
4.85811408348614e-08
0.0
0.0
0.0
-9.105987770825666e-09
-2.6609639432694188e-05
-2.660963943269416e-05
3.9368332265254935e-06
3.6119913125295956e-08
9.922168134107636e-09
6.066645113753292e-10
0.0
0.0
2.3586424378173427e-08
0.0
0.0
1.1840549464164745e-07
0.0
8.472160223598116e-09
8.642968136301251e-08
2.436137577370396e-07
0.0
5.113914153530223e-10
0.0
1.1033337688146919e-08
0.0
0.0
0.0
9.955780866903956e-09
0.0
3.9345613414816987e-07
1.3246175243229798e-08
5.3917676931945005e-08
1.0988058765162876e-08
1.2711240917976515e-08
3.3705272365034955e-10
0.0
9.93343830907901e-09
0.00030464071564659777
2.6350784523623794e-07
-3.942565105982676e-09
0.0
5.632777497145865e-09
0.0
0.001853297999134352
-9.251589118458802e-09
0.0
2.661092977918056e-10
2.66109298214304e-10
2.6610929981706136e-10
0.0
7.3821193586463185e-06
4.5465867685838746e-05
0.0
0.0
0.0
1.4118018517990971e-09
0.0
0.0
3.664463536055336e-06
0.014242828059787412
4.014265186924604e-08
0.013618687137727651
9.97835670171741e-09
9.978356681482213e-09
0.0
0.0
0.0
0.0
5.512276638167621e-08
6.644912616558928e-09
1.0716204171787995e-07
1.0716204171788329e-07
1.0716204171786358e-07
1.1695471773962387e-07
1.0716204171786584e-07
0.0003058696918872258
0.000611730308306322
-8.7881328715506e-06
1.8170724700118083e-08
0.0
0.0
0.0
0.0
0.0
8.653326212654804e-09
0.0
8.650207979128795e-09
0.0
0.0
0.0
0.0
0.0
0.0
0.0
0.0
0.0
1.436769558196534e-08
0.0
0.0
0.0
0.0
0.0
0.00015513158023494045
0.0
0.0
0.0
9.935661267477991e-09
0.0
0.0
0.0
0.0
0.0
0.0
4.139870494302261e-06
0.0
8.192555019153732e-05
0.0
9.831281524268064e-05
-7.09837645562959e-05
0.0002221445668434617
5.754246827172078e-05
0.00012671813823865574
0.0
1.0200801665071342e-08
4.174008440997433e-10
1.9553070934987895e-08
9.82345504286952e-09
5.096252021609972e-10
6.221279906690258e-10
6.22127988596777e-10
0.0
0.0
-1.002169823882131e-08
1.2750740366089088e-06
2.264048711736363e-07
2.661092981746645e-10
0.0
2.7544890792679905e-07
1.6910208217534086e-08
0.0
6.383541233829176e-10
2.0267105407399525e-05
2.0267105407399478e-05
1.1736799995620121e-06
0.0
0.0
-1.8732027366199187e-08
-6.447989346565406e-10
1.6030954001822638e-08
0.0
0.0
4.3861705421612247e-07
0.0
0.0
0.0
0.0
0.0
1.2217203988260424e-08
5.516530439884439e-10
-7.025673509170223e-06
0.0
0.0
0.0
0.0
9.965997097016732e-09
0.0
9.93839560259464e-09
0.0
4.1087587833572205e-10
0.0
6.457128997406551e-10
6.780244611666842e-06
3.462245968587854e-07
3.519970205063949e-07
3.860476491542393e-05
2.92672151599314e-06
8.704162943569605e-08
9.915496896484866e-09
9.915496893981435e-09
1.982594089957465e-08
5.27467531023088e-10
-4.3346301165400196e-10
9.856277106835228e-09
9.755860929436183e-09
0.0
9.755860927369491e-09
4.431918952349407e-10
0.0
0.0
5.418879211849752e-10
5.418879068968572e-10
0.0
0.0
9.939279694838944e-09
0.0
0.0
-3.2817681204821625e-10
6.08740326738613e-10
6.087403246770985e-10
1.2283661172951789e-06
0.0
1.6372551358426375e-08
-2.2656635291409127e-08
9.961033481698859e-09
6.448777186124072e-10
9.890925477754589e-09
5.759488869703379e-10
0.0018632836574500045
-6.1473461490484105e-09
0.0
-1.1449174941446927e-16
0.0
0.0
5.548685927509383e-10
1.2631368656894537e-08
2.61976817689426e-07
2.5827707239238477e-06
0.0
3.845463134427448e-05
6.526821374704984e-09
6.5268214000253535e-09
6.526821349397339e-09
6.526821323928491e-09
0.0
4.2885525981654384e-07
2.5360465195889935e-07
9.014238959924037e-07
-1.0842021724855044e-18
0.0
1.9023228576154488e-10
9.867141876618776e-09
0.0013537778653781186
9.110948434845089e-07
1.9750720592782213e-08
9.894443471241962e-09
5.794073964543554e-10
9.894443442115585e-09
0.0013546874186282452
0.0
0.0
0.0
6.125488157293006e-10
2.0362226033210504e-08
9.905804346710054e-09
1.2952527809803031e-05
0.0018468176143232487
0.0
6.902136910418448e-09
0.0018597437523535797
0.0
0.0013546874186280504
0.00016394083539994562
0.0
1.966993131012558e-08
6.592604091354754e-10
-9.638806703802464e-09
3.5199702049223823e-07
0.012279446049731746
0.0
1.841346262581473e-07
-1.7970946603051985e-07
0.0001254949134481521
0.0
0.0
-2.014952464089869e-08
8.85120208520126e-08
0.0
0.0
4.469977817425107e-08
-0.012279601276105279
1.3858393117647202e-07
9.969402722526387e-09
1.0880301483905796e-07
0.0
0.0
3.4851024056150324e-08
0.0
3.834111893198775e-09
-5.710046683312514e-09
1.603095400024546e-08
0.0
0.0
0.0
9.937050279993558e-09
1.830814393917899e-10
9.491085251056575e-09
0.0
1.5657711957737018e-07
0.0
5.778488684171348e-07
3.987244314020044e-09
0.00012654284356095635
-3.96300626051254e-08
5.79687196882692e-08
0.0
0.0
0.0
0.0001265662817340332
-7.1470222125875e-06
7.1866827456789746e-06
0.0
6.604485993178032e-05
0.0016155014811233253
0.0
0.10948761892480215
-0.10948768871304461
7.970774341399426e-08
9.919500957829633e-09
0.0
0.0
0.0
0.0
3.751714905996321e-08
0.0
6.762407086379481e-10
2.9205784387538885e-06
1.970099288442576e-08
0.0
2.911633921256183e-16
1.2217203996623776e-08
0.0
5.6081183430031096e-08
0.0
0.0
1.8498174904133007e-08
3.7130115160492837e-07
0.0
0.0
1.4197286093160058e-08
9.855585064606137e-10
3.23593867969166e-08
0.0
3.99726740306469e-08
9.993034723989388e-09
5.6223445462817445e-05
5.622344546273192e-05
6.785805965424641e-10
2.242626187358432e-08
0.0
2.7782203541592515e-08
0.0
0.0
6.737740198287667e-10
0.0
0.0
0.0
0.0
2.5734956474368687e-06
0.0
0.0
1.6447200791313134e-08
3.7923661499837e-08
2.981617250307817e-06
1.4086331210104948e-05
9.991713794885171e-09
-1.4076339496176037e-05
2.982114313198833e-08
9.924279474989167e-09
1.9915338781049648e-08
-2.559956563882317e-08
-0.003274436784266286
-0.002965551198751849
0.0
9.219223297096831e-08
-9.219223297290578e-08
-6.670435107080181e-09
0.0
-1.9167828293321389e-07
-1.804017416458248e-07
-1.6087586473353024e-07
-1.5809197340701693e-07
-1.5660835064315246e-07
-2.5252005256954074e-07
-8.032204753226357e-08
-1.0317444423986466e-08
1.0499957110198344e-08
1.787857692479835e-10
6.510685848104288e-10
6.510685715648566e-10
0.00018928724609367995
2.9444133613341525e-08
0.0
2.987344916426285e-08
9.979087335440041e-09
5.3779238288963175e-12
0.0
0.0
0.0
0.0
0.0
0.0
0.0
1.536308112084829e-05
3.6407645869434586e-09
0.0
1.1151726310616727e-08
0.0
9.84401245892636e-09
0.0
0.0
0.0
0.0
0.0
1.7724009796122892e-08
8.01991547147013e-09
1.9919063582691112e-08
9.967329698402243e-09
0.0
3.904110867736257e-12
0.0
9.934678857348445e-09
2.98863932816689e-08
0.0
1.9919063569314923e-08
9.962073916907944e-09
9.96207390352673e-09
-9.525418089850746e-06
9.532711746696333e-06
0.0
0.0
2.2812050417414967e-08
0.0
0.0
1.8649024162918433e-07
9.93372376277894e-09
9.85511366348896e-09
0.0
0.0
0.0
1.294433140004072e-08
0.0
9.99076223865456e-09
7.522281748958857e-10
-0.0035918681478624604
0.0
0.0
4.798767823967665e-09
0.0
4.798768999261234e-09
4.7987702186173855e-09
1.8833709873556767e-08
-1.5126624717891855e-09
0.0
0.0
0.0
0.0
-8.989534059307457e-07
8.575055772983093e-07
9.628904357877888e-09
3.1844867408818435e-10
0.0
0.0
0.0
5.746600438638348e-10
0.0
0.0
6.8667252068905366e-09
4.162289371833697e-09
9.752139047691788e-09
0.0
6.759176366131326e-10
8.172448094832653e-05
8.171310189012006e-05
0.0
4.474310277633093e-09
2.703601170630836e-08
0.0
-1.970196438759034e-08
5.377327102025856e-07
-5.080997851811402e-07
9.99245656903193e-09
0.0
1.4096795329851259e-08
8.413665627177338e-09
-8.413665629979604e-09
0.0
8.413665636844689e-09
0.0
-8.938780913675482e-09
1.500514707384129e-08
1.5005147188262133e-08
6.147418670102436e-10
-5.746600494925589e-10
3.6782674909677957e-09
0.0
0.0
0.0
0.0
9.848634226800023e-09
1.4769061881562953e-07
0.0
1.4438107952126582e-07
0.0
4.102579153678793e-08
0.0
4.2588451805125404e-10
4.2588451805504165e-10
3.495289059361802e-10
0.0
1.9462264611878394e-08
4.0629094831866885e-08
9.98588014361479e-09
9.985880159382946e-09
6.679207393748042e-10
9.984467883795627e-09
0.0001498126819892669
1.4763357752020195e-05
6.059944290468871e-08
2.1426730977714286e-08
0.000149812681989267
1.4733040512145731e-05
0.00019160691553458652
6.036290850512936e-10
0.00019158988350855924
0.0016806892860524304
1.4888329179556223e-06
8.413665623086971e-09
5.312151344258194e-19
1.0373760617465193e-09
-8.928425843072167e-09
-7.898408327919971e-09
6.604485993176096e-05
0.0
0.0
0.0
0.0
0.0
0.0
1.290583532232597e-11
1.743934504173769e-09
4.8000641028001735e-11
0.0
0.0
0.0
0.0
0.0
0.0
8.630144934982082e-09
0.0
0.0
0.0
1.369781760606044e-08
0.0
0.0
0.0
0.0
0.0
4.134818096577901e-09
0.0
0.0
0.0
1.952383757809086e-08
3.39976551826762e-09
0.0
0.0
0.0
8.24329263801103e-08
2.5151222623092857e-08
0.0
0.0
6.89517711532338e-08
0.0
0.0
0.0
4.901431265668418e-09
9.71891373598516e-09
0.0
0.0
0.0
4.375903320546827e-09
9.74914313651854e-09
0.0
0.0
1.2254388966685257e-09
5.470920068965955e-09
5.734167944538807e-09
0.0
2.402257217933732e-08
0.0
0.0
5.785784634343278e-08
1.5659933104738335e-08
0.0
7.520670488109834e-09
3.4929122092588923e-07
7.687570900616994e-09
0.0
7.21214276664072e-10
0.0
1.4640037449774967e-08
7.337711339927555e-08
4.223025150145928e-08
0.0
7.165255337646069e-05
0.0
7.16895789125833e-05
-4.249732149519403e-09
9.119158949424832e-09
9.119158921915924e-09
9.119158894752965e-09
-9.899501662857801e-09
0.00018921991531919595
0.0
9.88092255374868e-09
9.880922553706901e-09
5.661152315414685e-10
3.726089003608341e-08
-9.2970336290632e-18
1.1357706801789937e-08
9.988328793658063e-09
9.985801271054451e-09
9.98580125241879e-09
9.97280158394103e-09
9.972801573752382e-09
9.981228847439392e-09
9.981228836118294e-09
9.944075655883467e-09
0.0
9.944075635189389e-09
0.0
7.523120885546851e-07
7.328486744223063e-07
9.940722080616169e-09
2.7460818576156846e-07
1.7382434850979938e-08
9.928935410792254e-09
9.928935408439431e-09
-3.97590391124074e-08
9.941095708481417e-09
6.252739998599855e-10
9.941095725416233e-09
6.960332461931939e-09
0.0
3.9981010508569124e-07
3.998101051124378e-07
3.9981010507153944e-07
0.00018929529588451505
3.226595407255889e-17
3.138820775385555e-07
0.0
0.0
1.8207578445135398e-07
0.0
8.21575313831765e-10
0.0
0.0
1.7929240929863178e-07
1.416034233085826e-07
0.0
0.0
-3.7253897883227083e-07
1.2714000533781e-06
0.0
5.013819044880302e-08
0.0
9.927397861046471e-09
9.929933619316244e-09
4.475122024890286e-08
3.481194055656727e-08
9.939279689840123e-09
9.923942748316013e-09
9.924108868020198e-09
9.93500505026528e-09
0.0
0.0
-2.0434669852509996e-20
0.0
0.0
0.0
0.0
0.0
9.168261521780249e-10
0.0
0.0
0.0
0.0
0.0
-4.129842714442784e-09
-4.4893886729910567e-08
0.0
5.457333172845529e-08
0.0
0.0018463231157825918
4.306849925883053e-18
3.9981010509909914e-07
2.6342869219320164e-08
2.6342869680356435e-08
9.978988563100372e-09
1.4159737436292162e-07
1.7850936364973006e-07
0.0
0.0
0.0
0.0
0.0
4.991739238664658e-08
3.014885586920899e-08
0.0
0.0
0.0
0.0
3.202256271721898e-07
0.0
0.0
1.489107730083791e-08
1.1760372076641181e-07
2.519173758486204e-10
3.997824005272712e-07
0.0
-9.75231263002492e-09
3.9978240039880055e-07
7.1668881358961384e-09
0.0
0.0
0.0
-5.843801697095367e-10
3.9759039114486894e-08
1.4707790209020619e-08
-1.3487586454597952e-11
0.0
0.0
0.0
0.0
0.0
0.0
0.0
0.0
0.0
0.0
-5.978723663997883e-07
0.0
3.0218962392065074e-07
0.0
0.0
0.0
2.0569842986374868e-07
0.0
-2.6583396189501884e-10
0.0
1.0235227260889271e-06
1.0331984218498483e-06
0.0
1.9810900191367476e-08
8.494251422522768e-19
9.981586538608263e-09
6.650874548073102e-10
0.0
0.0
0.0
0.0058571070880085955
0.0
0.006111234931020971
1.245077648308087e-05
0.0
2.5527624153182993e-05
1.643968112270187e-07
4.396102919853412e-07
9.507996478287608e-09
0.0
0.0
0.0
4.3961923192528125e-07
0.0
9.590640651138675e-07
0.0
1.5174415646369024e-07
0.001362147477661752
0.0009433649864110737
0.0
1.6777631620899943e-05
6.8200200145571155e-06
5.953684646976918e-06
-1.948237209623352e-08
0.0
2.0896566115842638e-07
9.10592146650957e-09
-3.188750410972643e-06
-2.8902682649751155e-06
-2.8235170321611676e-06
0.0
4.454330687210212e-06
1.07437583250938e-08
-6.298872835876234e-12
4.474197972316884e-06
0.0
0.005857125512226663
1.0443395178838548e-08
0.0
1.9711664479775026e-08
0.0
6.558306622875334e-10
0.0
-8.961788755290937e-09
0.0
0.0
-3.03852988603294e-08
6.569128130443435e-10
0.0
0.0
2.9492748838584165e-08
3.011136588735467e-08
0.0
6.623834058158278e-10
2.3888584268238744e-08
0.0
0.0
0.0
6.437854649813403e-10
6.437854651927255e-10
2.1132043293064674e-07
3.118210916580809e-07
9.992114813766288e-09
5.487218456632497e-08
9.992600395810417e-09
8.880523958228777e-08
9.992712604336881e-09
9.984846156415667e-09
3.221573231521441e-07
5.991501072812125e-08
0.0
9.98874430756782e-09
0.0
9.988308656778219e-09
4.627812358589308e-07
9.972921030687751e-09
3.163531975213952e-06
9.99347956099789e-09
1.5881708611897384e-08
9.993851934757477e-09
0.0
9.993606946238255e-09
2.9410776124408923e-06
9.992928945320049e-09
0.0
0.0
0.0
0.0
0.0
8.157085056393836e-09
0.0
0.0
8.880523942498118e-08
0.0
0.0
0.0
0.0
0.0
0.0
0.0
4.4376730301812546e-06
3.611150862165817e-08
0.0
1.6307140392803774e-08
0.0
0.0
6.963510349308386e-08
0.0
0.0
0.0
0.0
0.0
0.0
0.0
0.0
0.0
0.0
0.0
0.003321107964712482
0.003165938605728752
3.314339339603239e-09
0.0
-9.821125700887334e-09
9.977550793386194e-09
9.983778653384729e-09
6.177448308182395e-10
2.7587096708319606e-10
0.0
0.0
0.0
0.0
-6.613555493786258e-10
1.201551950008266e-10
7.947100899581744e-11
8.41366562486546e-09
4.142873394599147e-09
0.0
2.5522526464085505e-11
9.81519380347666e-09
0.0
2.988639328143739e-08
1.58499038641e-10
8.012094714517509e-09
0.0
0.0
0.0
0.0
1.67076802533152e-08
0.0
6.59885243035523e-10
9.979268378192234e-09
6.62807949320341e-10
0.0
0.0
0.0
1.991420693069473e-08
1.991420705909646e-08
3.7053417923207235e-07
2.182665706827802e-08
0.0
7.609749034213309e-08
0.0
0.0
0.0
4.233883126920281e-08
0.0
1.0499956321193741e-08
6.340519219497335e-10
1.9914206674172133e-08
1.9914206545940526e-08
0.0
0.0
0.0
6.110694495089744e-10
0.0
0.0
0.0
2.4520741155657668e-08
0.0
1.71362449096587e-06
0.0
4.1793005806527e-07
0.0
9.967250995068552e-08
0.0
6.015904619833322e-07
6.751510320696663e-09
2.35819419121892e-08
0.0
1.6447200935447152e-08
0.003419473486437713
0.0
0.0
0.0
0.0
8.97146829039497e-09
0.0
3.3321358751223634e-08
0.0
3.076565639148808e-08
0.0
0.0
9.964183183662749e-09
6.479747289031252e-10
-9.977791355542418e-09
0.0
0.0
0.0018532979678488328
0.0
0.0
0.00012280292671336217
0.0
3.394063500843196e-07
6.03364731502321e-09
1.0630883706466266e-08
0.0
0.0
2.046017499949349e-08
-1.1736799995594113e-06
4.479181326453236e-07
0.001857237575217413
-0.0018632836574500073
2.936432118403166e-06
1.7879936654711612e-17
-0.0018629923164369417
-1.0577065448701443e-06
0.0
0.0
0.0
0.0
0.0
0.0
0.0
2.5480551546272836e-09
0.0
3.4929191239744525e-07
0.0
1.5889954645324416e-08
0.0
4.325513986686226e-09
0.0
5.237957399740001e-09
0.0
8.579978023542281e-09
0.0
1.0902067009625936e-08
0.0
0.0
3.395175563969034e-07
6.2535309014184455e-09
0.0
0.0
0.0
1.1124305400510689e-09
0.0
0.0
-8.381883562021974e-09
1.8150306110839704e-18
-2.1434381380913692e-08
-1.2011423759321895e-08
9.97898857209241e-09
-4.656716236298153e-07
-5.929237939739957e-07
2.4586726750291576e-07
0.0
8.2432925093567e-08
2.515122134784933e-08
0.0
0.0
6.895176974817395e-08
0.0
0.0
4.36601972285323e-09
4.288273157238205e-08
0.0
4.693725164576754e-08
5.786895955396167e-10
0.0
3.8793812063753286e-09
3.4915479730685284e-07
0.0
0.0
0.0
0.0
2.9909542104240964e-08
0.0
0.0
0.0
8.630144285959411e-09
0.0
0.0
0.0
1.3697816957940118e-08
0.0
0.0
0.0
0.0
0.0
4.13481741118997e-09
0.0
0.0
0.0
1.9523836913877853e-08
3.399764781226147e-09
0.0
0.0
-1.2631368069776841e-08
0.0
0.0
2.3911915562875346e-06
0.0
6.825633957011855e-09
6.825633988571944e-09
2.056984298523e-07
3.2569111084760835e-06
0.0
0.0
0.0
8.293852425057016
5.188240363479243e-10
-5.188240470338916e-10
0.0
-4.6522782979961204e-10
0.0
0.0
0.0
0.0
0.011294143112256546
0.0
0.0
-0.2532538097627821
-2.724400681621579e-06
3.558906861447016e-06
0.0
0.0
1.778217334530757e-08
0.0
8.61359042257863e-09
9.956989612206449e-09
6.40901513908838e-10
9.956989585293468e-09
1.4905063997408672e-08
9.465859924878713e-09
9.465859923421348e-09
-9.81929166407223e-09
0.0
0.0
0.0
1.3561256434481638e-10
0.0
0.0
-9.887831521008389e-09
4.613623942887503e-08
9.984955481516833e-09
6.684002103877247e-10
0.0
1.4855666559035262e-09
1.795708293172993e-08
0.0
9.966876761088352e-09
1.882520178408953e-06
9.729615890067291e-09
9.729615889053883e-09
-9.95488632737733e-09
5.9373449890636115e-09
4.564713384717519e-09
0.0
0.0
3.982331018389408e-08
4.4391527293146897e-10
0.0
4.4791813264732926e-07
6.374020711457823e-10
4.479181326489318e-07
9.953430561087331e-09
5.93734372401197e-09
4.564712120556891e-09
0.0
0.0
3.982330871527211e-08
4.4391387140811e-10
0.0
8.293852425057015
0.24911434059284412
9.959712092371976e-09
0.0
-1.3814673952092932e-07
2.051521210876433e-08
0.0
1.5776801528358215e-07
6.53813800146987e-10
-6.540806211526549e-07
3.1929846002443866e-06
3.006945034412557e-06
0.0
5.0719925778633726e-08
8.976619696598186e-08
-4.531178437059075e-07
2.992187930055962e-07
0.0
4.969126061412751e-09
4.969125986786602e-09
2.072486113896918e-06
0.0
0.0
7.726719786072403e-11
2.0675591745529374e-06
0.0
4.9269394876217225e-09
1.2978518004410916e-05
0.0
2.056984298345184e-07
5.824561744201337e-10
5.824561743376819e-10
0.0
9.636728089883167e-09
0.0
-3.756231442423111e-11
-3.7562314370021e-11
0.0
4.674978960789375e-06
4.674978960777596e-06
0.0
9.91099627126887e-09
9.910996269556563e-09
0.0
0.0
0.0
1.500066931548119e-06
0.0
9.623686194468264e-09
1.0499956599379503e-08
0.00024250305077283844
0.00024250305077283822
0.0
1.9810899977519093e-08
0.0
-9.237103656724688e-09
-9.156618198188582e-09
0.0
0.0
0.0
0.0
0.0
0.0
0.0
1.0025936805730277e-09
0.0
2.255004942996763e-08
2.1772941104454124e-07
0.0
3.2672734539932954e-06
0.0
0.0
0.0
-1.1822828350979774e-07
-3.0469933744776483e-06
0.0
0.0
4.718126158843217e-09
0.0
0.0
0.0
0.0
0.0
2.5776966731905078e-08
3.033345189991796e-08
3.0068557036351995e-19
-5.483379123262057e-10
0.0
-9.86283856582032e-09
0.0
0.0
9.908264141447742e-09
3.5090989247419946e-20
0.0
0.0
0.0
0.0
0.0
-2.8788045211558533e-09
0.0
7.679810598440069e-11
0.0
-1.3618497464115437e-08
8.326615543334008e-08
0.0
1.593831762568481e-19
1.7703210760783286e-19
3.6902733538949026e-08
0.0
5.396673451547469e-10
0.0
2.577696680880772e-08
2.5776966783252364e-08
7.679812321193822e-11
0.0
0.0
-9.938471982884334e-09
0.0
0.0
0.0
-1.6416175474990116e-11
0.0
2.8788044615219445e-09
0.0
0.0
2.3534546632046117e-10
4.997297950084388e-08
3.0728646183837e-08
2.5776966757620598e-08
0.0
0.0
1.385804618705329e-08
4.0990838376285266e-09
9.758962283261684e-09
0.0
0.0
0.0
0.0
2.2983163523931578e-07
0.0
7.679815983875455e-11
7.679814111874544e-11
0.0
1.2032370253455939e-07
7.463248642168534e-08
9.916533069573852e-09
0.00018456109876392794
0.0
0.0
-0.011293784991117193
9.935661262979356e-09
0.0
9.935661263997654e-09
0.0
0.0
0.0
0.0
4.753671748242345e-09
-1.02673156624331e-08
-5.726157971551915e-08
9.870576772307371e-09
6.036633675549951e-10
5.559447881299692e-10
5.559447842297869e-10
9.919115609111464e-09
0.0
0.0
-9.871002432104703e-09
9.544301607725125e-09
0.0
0.0
0.0
0.0
0.0
0.0
0.0
3.910404678904882e-10
9.604267876881148e-09
-3.281768032692019e-10
0.0
0.0
8.192555019139181e-05
0.0
3.9404871421656295e-05
-3.938493415134303e-05
9.964348913284226e-09
9.937221651429463e-09
6.210944520780014e-10
3.56521934694774e-08
6.642470067843967e-08
0.0
0.0
6.435784376831042e-10
2.281205042597755e-08
0.0
0.0
0.0
-2.1024574959511876e-08
5.119894975343041e-08
9.943731338335482e-09
1.0496575026103434e-08
-1.1718066612879598e-09
0.0
-6.701663850944284e-08
-3.7133665549637604e-08
0.0
0.0
9.401989343414705e-09
1.594707221951161e-08
9.899881961975736e-09
-5.847540292866615e-10
4.722219316969125e-07
1.0496574366636313e-08
0.0
9.937598524829155e-09
0.0
0.0
2.448739441548283e-06
0.0
1.7812859013183948e-07
3.3702565527635494e-07
9.111251077022925e-07
1.2286929144850893e-06
9.111251077080915e-07
0.0
1.9457848482247368e-08
4.740823683452663e-10
-9.050839808524835e-11
0.0
0.0
0.0
0.0
9.96563760147331e-09
6.494048394623992e-10
-9.396864355000776e-06
0.0
-2.3534551381078213e-10
9.969811901719393e-09
9.979046122034122e-09
-9.2891818666372e-09
0.0
0.0
0.0
5.790389463072522e-10
0.0
9.894068672595005e-09
9.524216513233261e-09
2.156193538833962e-10
8.583102034664947e-09
1.9799033132136742e-17
-4.069464215270747e-09
-1.3593680688839499e-08
0.0
0.0
2.0149524693880836e-08
9.984562960176782e-09
9.98915728013906e-09
6.725319747870127e-10
0.0
-9.803535716707512e-09
-9.893775467515256e-09
6.015904617354863e-07
1.1736799995628755e-06
6.015625677085419e-07
2.0149524653435122e-08
2.014952462572945e-08
6.015904617605359e-07
6.022045810225351e-07
6.96702082991322e-10
0.0
0.0
6.68014219739512e-10
-7.3653668440946604e-09
0.0
9.98433384507785e-09
9.984333818426668e-09
4.3319864357544586e-10
4.331992464057722e-10
6.705932096711708e-10
9.985723716259393e-09
9.985723691750627e-09
4.332004095719544e-10
9.987185666392709e-09
0.0
2.681509679331955e-07
6.015904619373294e-07
0.0
4.3320157610435984e-10
3.7741980663378773e-10
5.319524752445828e-07
4.9488461958193506e-08
4.9488461915507975e-08
5.213803844312842e-06
6.675071187484817e-10
4.053112735726112e-10
4.332033049332526e-10
0.0
0.0
0.0
4.0584267611602764e-08
2.0569842984471172e-07
0.05468464425891837
-0.05468463428522382
6.573271542780243e-10
0.0
4.814599837926024e-10
4.814599838643265e-10
2.4871664023690337e-07
0.0
4.708096851110451e-07
3.177858871621885e-06
-3.081660130415624e-06
9.982371000169842e-09
0.0
-8.14629010766614e-08
1.1737280290756863e-18
0.0
1.2870120784532445e-08
0.0
-1.0252335833006894e-07
0.0
2.8465384995234597e-08
2.487166401474076e-07
2.7890036836738014e-06
6.732008803747615e-10
-2.779013846074059e-06
6.754401579899305e-10
3.1749219344927933e-07
7.849229364655839e-07
1.056933037877119e-08
9.991886053820802e-09
0.0
-5.554479916378835e-08
0.0
1.86167507386569e-08
9.497591761357161e-09
1.894721172941071e-10
0.0
3.0017538759598015e-09
0.0
0.0
9.624307895986488e-05
7.989044531484668e-05
1.6345294225134464e-05
-6.648810217977028e-12
