0
0.0
0.0
0.0
0.0
1.9079259651103283e-08
2.2920931763156556e-07
0.0
0.0
0.0
0.0
0.0
3.795136419137789e-08
0.0
0.0
0.0
0.0
0.0
9.30921648978802e-09
0.0
9.31497569870392e-09
0.0
0.0
0.0
0.0
3.2683965077827355e-08
0.0
0.0
0.0
0.0
0.0
0.0
0.0
0.0
0.0
0.0
5.905717895680979e-05
0.0
0.0
1.9808002346234026e-08
0.0
0.0
0.0
0.0
0.0
0.0
0.0
0.0
0.0
0.0
0.0
6.275191555752906e-19
0.0
0.0
0.0
0.0
0.0
0.0
9.507744463029187e-09
0.0
0.0
0.0
9.603885060092346e-09
0.0
0.0
9.917876610286056e-09
0.0
4.907983330622741e-09
0.0
5.081108928062146e-18
0.0
0.0
4.842274365749851e-09
4.674699540163748e-09
1.0155148407299877e-10
5.77310400859688e-12
7.210474919680088e-10
3.1679486378521886e-19
0.0
0.0
0.0
0.0
1.015514842356291e-10
1.0344068802445656e-19
0.0
7.195923450225368e-05
4.899112799466865e-13
1.2351593619777513e-08
0.0
0.0
1.4184455726994805e-09
0.0
7.231553373352724e-09
0.0
0.0
0.0
7.970350013673381e-10
0.0
0.0
0.0
0.0
0.0
0.0
4.142698061893601e-09
0.0
0.0
7.022993460246687e-09
0.0
0.0
1.3161969708849305e-08
0.0
0.0
9.663506550857621e-09
0.0
0.0
2.6977234061744394e-24
0.0
0.0
0.0
0.0
0.0
0.0
1.1787678121986308e-08
6.5406547862085984e-09
0.0
0.0
3.5049860125185273e-09
9.5628005780668e-07
-9.744793843870529e-07
0.0
9.621338228071262e-09
0.0
9.736537063120243e-09
8.332542000169667e-09
0.0
3.3740910458910335e-09
9.277614417626711e-09
0.0
5.912353842961762e-05
0.0
0.0
9.017655319720218e-09
9.181015732019614e-09
0.0
4.1350706589908856e-22
0.0
0.0
0.0
0.0
0.0
0.0
0.0
6.130185242237398e-08
0.0
0.0
9.779576259370095e-09
9.24017361999799e-09
0.0
0.0
0.0
0.0
0.0
1.6781209925864427e-15
9.597639354924854e-09
-4.0752987973929656e-05
0.0
0.0
0.0
1.4191663355854578e-09
0.0
0.0
0.0
0.0
1.4274044703324229e-08
5.0628326369796956e-08
4.995938080511145e-08
0.0
0.0
0.0
0.0
0.0
0.0
0.0
0.0
0.0
0.00011943923050200005
1.0196682679536878e-08
6.718933198970052e-05
9.711812246436703e-09
8.894244901859644e-08
0.0
8.028235700115387e-10
0.0
0.0
6.237781776113076e-19
0.0
0.0
6.913866287582526e-08
0.0
0.0
0.0
0.0
1.0457820251519344e-09
1.98838980390408e-08
0.0
0.0
0.0
1.5763556834328183e-08
0.0
1.3159054848573266e-07
0.0
2.723463587335693e-08
7.960130013834197e-10
0.0
1.0061917074842656e-09
0.0
0.0
9.476004776200882e-09
0.0
0.0
0.0
0.0
0.0
0.0
4.853779571023596e-09
0.0
0.0
0.0
0.0
1.2228393931261527e-19
0.0
0.0
8.418805006169062e-09
1.692491414284126e-10
3.148963378919133e-19
0.0
9.70488725599024e-09
1.348754105363198e-11
9.861693675306252e-09
2.682647517077445e-12
0.0
0.0
0.0
5.7423945560835444e-11
1.1106529033481859e-07
0.0
0.0
0.0
0.0
0.0
5.502706027774678e-20
0.0
-0.0001023031283420625
0.0
0.0
0.0
8.965403211850978e-09
0.0
0.0
0.0
0.0
0.0
0.0
6.059119843417322e-07
0.0
9.91388079744238e-09
9.903255159320953e-09
0.0
0.0
0.0
0.0
0.0
0.0
0.0
2.2608033041119666e-09
6.234069755949512e-09
0.0
0.0
0.0
0.0
1.4527780176000259e-19
1.7666234334822445e-08
7.944703965636438e-09
7.836533707600413e-09
0.0
0.0
2.048184924776096e-06
2.646817191983384e-10
8.363676541102167e-09
9.083448999974745e-16
0.0
-1.7664419943322438e-09
0.0
0.0
0.0
0.0
9.729138262985797e-09
0.0
9.678488641098035e-09
0.0
0.0
0.0
0.0
1.065609611174436e-08
0.0
8.332179631061657e-09
0.0
0.0
0.0
7.97034987309127e-10
0.0
0.0
1.2072312491116524e-19
0.0
9.482707857482204e-09
4.0581255462776705e-08
0.0
0.0
0.0
0.0
0.0
0.0
0.0
1.6183672895764144e-07
2.198820411345662e-08
0.0
0.0
0.0
0.0
0.0
5.658829585207726e-09
9.625883819126345e-09
6.648789158125723e-12
0.0
0.0
2.0414113729446314e-08
0.0
0.0
0.0
0.0
0.0
0.0
9.048669922726016e-09
0.0
0.0
9.990144754011536e-09
7.426678705603107e-10
7.249578451274131e-10
9.989897536695318e-09
9.971709155772411e-09
9.893686113972073e-09
6.481642257204479e-10
9.971709169133338e-09
9.972025454040679e-09
9.99009056779193e-09
9.989899001915007e-09
-9.309216491261305e-09
0.0
0.0
0.0
0.0
2.6856895424423075e-09
8.003751904694872e-09
2.2419561617658984e-10
0.0
1.1967352894551341e-09
0.0
0.0
0.0
0.0
0.0
0.0
0.0
0.0
0.0
0.0
0.0
0.0
0.0
0.0
4.9699889038252494e-08
0.0
0.0
0.0
2.2090898256484074e-08
0.0
0.0
0.0
9.08608770231905e-09
0.0
0.0
7.648809159910946e-09
0.0
0.0
0.0
4.642510030330543e-08
1.9792533121431036e-09
-9.314975699039208e-09
3.268396565873171e-08
9.99079724921687e-09
7.292722622065977e-10
9.989533759219293e-09
0.0
0.0
0.0
2.414628952605377e-08
0.0
5.580753463416355e-08
0.0
0.0
1.4029429127242345e-08
0.0
0.0
0.0
9.940231453648598e-09
8.825496317427404e-09
-3.268396516236e-08
3.268396524724146e-08
1.2292856408682961e-17
1.9939877524415027e-08
1.9948451619174033e-08
1.9980889374345092e-08
1.9979434214036176e-08
-9.819266008548788e-09
0.0
0.0
7.590262134636074e-09
0.0
4.6328696786468205e-08
0.0
-8.155842920833968e-09
1.40294086235074e-08
0.0
-8.215996802980654e-09
0.0
0.0
0.0
0.0
7.590241635490343e-09
0.0
5.5807493627358817e-08
0.0
0.0
1.4029388109232908e-08
0.0
0.0
1.9795213592763534e-08
8.898025199110478e-10
9.981260562394413e-09
7.211767821691703e-10
9.314975699358068e-09
2.4561176961031885e-10
0.0
0.0
6.413058373282258e-10
0.0
9.98621401844253e-09
3.580395110137902e-08
0.0
9.21597385656215e-09
0.0
5.125598924338412e-10
0.0
-9.959857435321018e-09
6.763367679684524e-08
1.1512107488435697e-07
1.1561738819202836e-08
2.7593802268714457e-07
5.2143226830350566e-09
0.0
0.0
0.0
0.0
7.706906881812375e-07
0.0
0.0
1.9065359892898168e-08
4.7871619980741235e-18
2.0685930777972868e-07
2.15727108142982e-07
7.233682046271283e-06
6.753446444342986e-10
9.556570956498108e-09
-1.5488383781472133e-08
-2.4840045865996804e-08
-9.397870570637679e-08
-1.0234682434884235e-07
-1.0568161152484448e-07
-1.1616055300701618e-07
-1.0893783083574214e-07
2.6076755688911497e-08
3.179202467914824e-10
9.55657092772521e-09
4.388468965259079e-05
9.613965554211568e-09
3.7411939318293885e-10
5.613820525805587e-16
0.0
0.0
9.851587689531084e-05
1.9808003088491685e-08
9.83477374276587e-09
-1.9808002349464005e-08
1.9869825170340555e-08
6.438357543873874e-10
4.690658965640026e-08
0.0
2.9712806575458498e-08
9.842981540941764e-09
1.680685701208889e-07
1.6806856981694257e-07
0.0
-5.879749353532304e-05
0.0
4.688515196411586e-08
0.0
9.500934599809923e-09
2.6345284711294857e-10
9.913260295912933e-09
9.91325992064395e-09
9.8997797038853e-09
6.541372053527681e-10
9.899780047417672e-09
1.5323073625922445e-08
1.5448977179846718e-08
8.445562511671427e-08
1.0234681938059431e-07
1.0568160662208226e-07
9.722068249302261e-08
1.0602681325445895e-07
0.0
0.0
1.4430090515046687e-07
0.0
0.0
1.3975724613778604e-13
1.3505420740078655e-07
1.3505406759031433e-07
-1.443009045317507e-07
0.0
7.747904286592176e-08
4.977512174438243e-08
8.34409321066523e-08
2.850897129196465e-07
0.0
1.8727344366211998e-08
2.0494553754599692e-14
0.0
0.0
0.0
-5.9054352870901994e-05
0.0
-5.904740714604201e-05
0.0
0.0
0.0
0.0
9.988406967854137e-09
9.988405488782146e-09
6.30145571261587e-07
0.0
9.837893437551407e-09
0.0
0.0
3.4639964066405466e-07
0.0
0.01646484694599908
-0.01646480698412134
7.428450703716188e-10
0.0
0.0
9.976401578194968e-09
9.978320939696963e-09
0.0
1.6661211798241124e-08
0.0
-8.92827881141385e-09
1.1851988140909597e-11
0.0
1.5283996593691113e-07
5.6134253682454005e-08
0.0
0.0
5.5926697985241806e-08
0.0
0.0
0.0
7.531004742265623e-08
9.620158471803612e-09
0.0
3.7062134370383276e-08
0.0
2.1988204071645412e-08
0.0
9.967267166966144e-09
1.194917209023055e-09
0.0
3.313252240578784e-08
1.1848655324462136e-08
1.0379759692063066e-09
0.0
1.0261962212384999e-08
-1.5850408381793362e-07
6.274523899094734e-19
1.9079120260186095e-08
-9.865806106096331e-09
1.1848380034747277e-11
0.0
1.5248179437961462e-07
6.627549172751086e-10
9.908571361517439e-09
0.0
7.102877348839009e-11
7.467152937038153e-09
9.970280367369716e-09
1.133324845389935e-08
6.456057372989487e-08
1.242199063493387e-07
0.0
0.0
0.0
1.3845715370382659e-05
0.0
-1.3828098708756897e-05
0.0
0.0
0.0
8.27288285565244e-10
1.0434437500288964e-08
0.0
0.0
0.0
0.0
0.0
-2.701193900358074e-10
2.5838913998751296e-07
2.583891389259326e-07
9.977237304044405e-09
9.977236231409315e-09
-2.701194166508719e-10
0.0
-9.507744463032472e-09
0.0
1.7538499709349757e-10
6.126376788557315e-10
6.126375866583302e-10
1.317790528077193e-08
7.776029134937837e-09
0.0
1.7486433457559837e-08
8.864564492050434e-08
0.0
0.0
0.0
1.0042787841630211e-08
9.899780383910224e-09
-6.019494359004417e-10
2.732178000378559e-12
0.0
0.0
3.010412816160638e-08
9.964765518363079e-09
7.432812804272764e-10
7.363939071875895e-10
3.6971891318368375e-08
0.0
0.0
7.706906876501811e-07
0.0
0.0
0.0
3.1978907251317988e-15
6.139426757270727e-16
2.0154846165628214e-09
5.511808282219662e-09
0.0
2.1735138105838137e-08
1.08722591013239e-08
9.469613683931223e-09
2.0007476098320244e-08
0.0
7.196723444730051e-08
5.8798268387127985e-08
6.1705793869376e-08
2.742174536895845e-07
0.0
0.0
-2.5782327661705295e-16
0.0
-9.60388506005325e-09
0.0
0.0
1.5905118615765616e-08
0.0
2.9723618790787263e-09
0.0
0.0
0.0
3.027730961770416e-17
3.0279094909016054e-17
0.0
1.3108481949062604e-07
1.405682953371443e-07
-9.603885060086629e-09
-3.125211254073054e-08
0.0
2.1284844719831755e-08
1.9589646016100103e-08
-9.932290351288842e-09
0.0
0.0
0.0
0.0
7.2685059005994e-10
1.693844767683561e-08
0.0
0.0
0.0
0.0
1.8296466060852038e-08
0.0
6.076936038709117e-09
0.0
0.0
0.0
9.95603038417758e-09
5.092270782810607e-18
-5.068645156369733e-18
0.0
0.0
-2.6336850117436583e-08
0.0
0.0
0.0
1.109712947464848e-08
1.3052723124490256e-07
-1.680113396425666e-08
0.0
0.0
8.550379432015659e-05
2.2391751908929558e-06
1.1774266427973807e-05
-9.94802976548928e-05
9.853310386034354e-09
5.21405802359265e-18
0.0
-4.327112109115414e-05
0.0
0.0
0.0
8.111844977279878e-08
2.9611123139119286e-10
0.0
2.4048854861106286e-08
0.0
0.0
0.0
0.0
0.0
6.4768459607255294e-09
0.0
9.846632606710646e-09
9.846653676725148e-09
0.0
0.0
0.0
-4.674699539437962e-09
0.0
0.0
0.0
0.0
0.0
0.008479026295100129
-1.0155148407299877e-10
3.795136425294595e-08
0.0
-0.008479026193548643
-5.772898272696919e-12
0.0
0.0
0.0
0.0
-7.23899940719502e-10
3.268396596611626e-08
-2.392279179926071e-07
0.0
0.0
0.0
3.21491902980803e-07
0.0
3.1160778149909206e-07
0.0
0.0
0.0
2.2011077859914963e-09
0.0
4.4865813832456664e-09
0.0
0.0
0.0
1.082169121882269e-09
2.7961697776462955e-13
2.7972700202075594e-13
2.7960227513609655e-13
2.796987009308662e-13
3.010412750110539e-08
6.835202949167655e-10
1.9833326907248745e-08
3.751018497814549e-09
4.378718173014525e-09
1.4274044681752078e-08
9.812949571917963e-09
0.0
1.829236594973657e-11
9.93470143790096e-09
6.883677561056206e-10
1.8427619654660234e-17
0.0
3.178669462040407e-07
3.277737845069632e-07
9.906841569318203e-09
0.0
1.7372261384450876e-08
1.204231540902993e-08
1.2627865173501672e-08
0.0
0.0
1.018766356768527e-09
5.8737312803061595e-09
8.03037004071525e-09
1.2042315946671472e-08
1.2627865457947793e-08
-8.889992859293901e-10
0.0
1.0187668206870087e-09
5.8619339425927675e-09
0.0
-1.015514845134559e-10
0.0
7.253479663140314e-10
0.001024396990011466
0.0010243969900114662
-7.194945898679215e-05
-7.195761584131153e-05
0.0
0.0
-4.899112528416322e-13
0.0
0.0
0.0
0.0
6.658262884517058e-09
1.539515694928574e-08
0.0
0.0
0.0
0.0
0.0
0.0
0.0
0.0
0.0
0.0
4.166502228075493e-09
1.6792123247455493e-15
0.0
0.0
1.6944553529176995e-08
-1.6988160552768028e-15
0.0
0.0
2.624172164968335e-05
0.0
9.760809414498297e-09
-2.6241678034120367e-05
1.678640034255359e-15
2.6239148771347584e-05
0.0
9.618790443661393e-08
0.0
9.943068887779686e-09
6.965705839423938e-10
1.694455354148357e-08
0.0
0.0
1.715876194690016e-10
2.9110127953979603e-09
2.4443925416932615e-08
0.0
4.2122540194965667e-10
0.0
1.6066330460620492e-07
0.0
1.6064947218521041e-07
9.87746694156261e-09
1.1562368550148633e-08
1.409956688849019e-17
0.0
-7.970350013192522e-10
9.932139040880102e-09
9.932138710424996e-09
6.858559818417473e-10
9.894048484023023e-09
6.939762808042285e-08
9.894048092448568e-09
9.894047701139788e-09
0.0
9.083222825333743e-16
0.0
0.0
0.0
6.641718050081011e-07
9.926975179673286e-09
6.639902408462275e-07
0.0
7.014891559412335e-07
0.00020364917954564802
6.284970487135806e-08
0.0
3.766062451978554e-08
1.5250383467842823e-08
1.5250383467842823e-08
9.969928827861924e-09
-1.2162295062181309e-08
-3.6994015131468536e-10
0.0
7.335385607762921e-09
0.0
1.2923488472562232e-07
-4.2264377615837136e-07
1.9981990583742626e-08
7.430042050255196e-10
3.0749266748603707e-06
1.48471057290424e-07
1.0758835857339964e-08
2.3287075120522243e-08
0.0
3.298982544568084e-05
0.0
1.0302933579259664e-07
9.85518352331332e-09
7.441058864515039e-10
9.893686773583825e-09
1.4028011936910593e-09
-5.591517908213678e-10
0.0
-2.851092738395855e-08
0.0
0.0
5.3572419764185716e-08
0.0
0.0
0.0
7.942770185844038e-10
0.0
0.0
0.0
9.934702134235528e-09
0.0
9.979154477353347e-09
0.0
1.9887078756932894e-08
1.9952510426737312e-08
7.262621264653344e-10
0.0
0.0
0.0
0.0
1.8634162304072955e-08
0.0
-8.314005069495219e-12
-4.036147846497862e-08
9.990046663825233e-09
1.9978991807934476e-08
9.988942403533086e-09
1.979521024715955e-08
0.0
0.0
0.0
-1.3161969736330548e-08
-3.864256894015069e-09
-9.89704731666971e-09
0.0
2.6069292175235097e-11
2.2742128579480683e-17
9.940231496199209e-09
0.0
0.0
-9.80494893002698e-09
0.0
0.0
5.184749073241775e-12
5.186982522034174e-12
5.186792993525838e-12
-1.5551652410376307e-11
-3.529504976045733e-15
0.0
9.635672696609798e-09
0.0
9.965930015910437e-09
9.880687274389731e-09
0.0
0.0
1.907925962036549e-08
0.0
0.0
0.0
0.0
0.0
7.428163090930302e-10
1.9979414449519147e-08
7.417686938261666e-10
1.9482966545027293e-08
0.0
0.0
1.0543216968193005e-10
1.075316639516213e-08
3.2926054015897234e-12
0.0
0.0
7.505319955902627e-09
1.9522454159800353e-08
4.2263717129332936e-10
-4.662069341687669e-18
-9.663506550862432e-09
0.0
0.0
1.388360946872649e-17
9.314975661528354e-09
-9.239117436062906e-09
0.0
0.0
0.0
5.756574001374148e-07
0.0
9.746085052823526e-09
0.0
9.990209820089925e-09
0.0
1.6755984531331052e-08
9.83047467883354e-09
5.862143497854113e-10
0.0
-1.0306484883785411e-08
7.228805137888839e-10
7.204848393690948e-10
0.0
3.0656878896478815e-05
4.0471288884633486e-08
1.9931633233810023e-08
9.964170773011589e-09
0.0
1.0825941288992493e-09
0.0
0.0
-1.154042195139482e-09
0.0
2.8964509577399655e-09
0.0
1.3599752793112005e-09
0.0
1.886270975310808e-09
0.0
2.6621134504158103e-08
4.929692397648253e-09
0.0
0.0
6.3256715007995e-08
4.4501788337782785e-09
0.0
0.0
6.065759087434807e-10
0.0
1.7945970877143547e-08
1.3397605348693987e-09
0.0
1.3513944645021191e-09
0.0
0.0
0.0
0.0
0.0
0.0
0.0
0.0
0.0
-6.000437958862498e-09
-2.484004249557817e-08
-8.445562678741647e-08
-1.0234682103592708e-07
-9.614957084933178e-08
-1.0662152560323942e-07
-9.940352526485175e-08
-2.6076752535130008e-08
8.839005540454283e-09
0.0
0.0
0.0
0.0
0.0
0.0
0.0
5.721493154726845e-05
0.0
1.2782961000998442e-08
0.0
0.0
0.0
0.0
-1.178767810032684e-08
0.0
0.0
0.0
8.272883073034976e-10
-7.210504137031282e-07
1.8004910042057096e-07
9.920041428832062e-09
9.920041454777775e-09
0.0
0.0
0.0
0.0
0.0
0.0
0.0
0.0
6.889255160042443e-10
0.0
0.0
0.0
0.0
0.0
0.0
5.0691707058995915e-08
0.0
0.0
0.0
0.0
1.1990384553949989e-09
7.006614351686792e-08
0.0
0.0
1.4625972316622027e-08
0.0
0.0
0.0
0.0
0.0
-3.5049860140405566e-09
0.0
0.0
1.1716648136705928e-08
1.8728109708986288e-05
7.294795291162782e-07
-9.181015735745639e-09
0.0
-9.18101584123851e-09
0.0
0.0
0.0
9.824619426345093e-09
1.7225814651341229e-09
0.0
0.0
7.51451497341255e-09
0.0
0.0
8.987110503469645e-07
-9.562800575857602e-07
0.0
9.622244093114267e-09
9.622244144557952e-09
0.0
0.0
0.0
4.6661582595337013e-07
0.0
0.0
8.947398172312622e-07
8.947398172299076e-07
8.947398172285236e-07
8.850032801667846e-07
8.947398172251763e-07
3.970294790866924e-08
0.0
2.6122117956564606e-08
0.0
3.3517021666448155e-08
3.0739821629519014e-09
5.933443888451203e-08
5.933443888693416e-08
5.93344388875276e-08
6.766698088655696e-08
5.933443888644498e-08
2.2250664051697628e-08
0.0
0.0
0.0
3.031525273171366e-10
0.0
0.0
0.0
1.560283517381865e-08
0.0
0.0
0.0
0.0
0.0
2.1594395102451662e-09
0.0
0.0
4.938474113920046e-08
0.0
9.871995951587984e-08
9.954262347297035e-09
0.0
0.0
0.0
0.0
1.2231444449214685e-16
0.0
2.7926548687441515e-09
0.0
6.553820935226533e-07
0.0
8.385358824994685e-08
-5.9123538429618446e-05
5.9187725834089915e-05
0.00019756804626150848
6.810571121933362e-06
7.706434977218339e-09
1.9894291420404636e-08
6.990319818908873e-10
1.9894291520050707e-08
9.948712203059944e-09
7.021031753129514e-10
0.0
0.0
0.0
7.706435004374575e-09
0.0
6.63075665809596e-07
0.0
-9.181015732933344e-09
-9.181015734119335e-09
4.959341403654172e-07
1.6720887393806983e-08
0.0
9.887813234854548e-09
-9.239101047777863e-09
0.0
2.803424659633315e-08
1.9743931683463334e-08
0.0
5.358942339454568e-10
-9.93341577265952e-09
0.0
1.727240420051025e-08
0.0
0.0
4.2155669185977175e-08
0.0
0.0
0.0
0.0
0.0
6.497728004175016e-10
-6.593978913883164e-07
0.0
0.0
0.0
0.0
6.934311581599212e-10
0.0
6.870680305866453e-10
3.145463123273991e-09
6.699256293642559e-10
0.0
9.961848346229374e-09
6.871021970390907e-07
1.0620585388669369e-05
1.059681772220963e-05
1.3497153866428209e-07
6.951304313974535e-05
0.0
9.937646930830612e-09
6.912558843716216e-10
1.9804643424695424e-08
5.841994872918665e-10
9.468270456095018e-09
0.0
9.577233004729318e-09
0.0
9.57723301234453e-09
9.577233020530151e-09
0.0
-8.31398830385482e-12
-9.779576259916212e-09
-5.363404214684986e-10
-1.2173549243224815e-08
9.46827046086203e-09
9.904080422810149e-09
0.0
3.656980124655462e-09
0.0
3.600672271843533e-09
3.600672268265666e-09
0.0
0.0
0.0
-6.13018524175848e-08
9.94929534152587e-09
7.02674488038747e-10
9.838116205175549e-09
9.83811590114965e-09
5.981557432907506e-05
-4.5946698615934034e-10
0.0
-1.6783449630075609e-15
9.809067666220073e-09
0.0
0.0
1.6796591423817605e-06
1.1696423209216438e-06
0.0
-3.581321514479418e-10
0.0
-3.148842444662695e-10
0.0
0.0
0.0
0.0
6.415986954153019e-07
1.177443607502937e-06
0.003512696166500501
0.0
0.0
-2.00763247476185e-09
7.73694375148066e-09
1.155265503687741e-06
4.694649316804362e-05
0.0
4.1595287307721027e-10
0.0
4.159528843746923e-10
4.810021708254619e-05
0.0
0.0
0.0
0.0
4.34907506508483e-09
0.0
0.0
3.85558600183217e-05
2.2359043788190123e-06
4.075202085846499e-05
9.67115464493694e-10
0.003465749673332461
4.810021708093669e-05
1.1150916389271996e-06
0.0
0.0
9.959284738537359e-09
3.6569800820104425e-09
1.059681772194063e-05
7.22376063073916e-06
0.0
0.0
-2.2116392431881238e-06
1.0740609459597058e-06
1.9513493617887426e-08
0.0
9.783064916816468e-09
1.2499371679159066e-07
0.0
0.0
0.0
-7.289214756587606e-06
1.3451560609805697e-07
6.891220639816525e-10
2.979653748170871e-08
9.071760269417986e-09
0.0
4.399721448370604e-05
0.0
0.0
-4.962805480220637e-09
0.0
9.908861727447524e-09
0.0
1.1966888159717123e-07
9.728956371427011e-09
-4.995938089266683e-08
-4.995938084984084e-08
7.289028042209826e-07
0.0
0.0
0.0
0.0
8.891721344193318e-06
-0.00023891948645019827
0.00023893678399591545
7.501799745420965e-09
0.0
2.019082352867109e-06
6.88987422516454e-06
-5.062832637901891e-08
0.0
6.872326262146512e-09
6.604977643295724e-07
0.0
0.0
9.723334566157427e-05
-9.721554175923374e-05
0.0
5.095283496671801e-10
0.0
0.0
0.0
0.0
1.2261146491410026e-08
0.0
9.989830571490235e-09
6.954919407143982e-05
1.65808970229636e-08
0.0
3.3508708377607866e-15
0.0
1.920562723995175e-08
0.0
8.89859986384022e-09
0.0
1.917052299315609e-08
4.459260566197081e-08
0.0
3.1454630908757518e-09
6.770423720451357e-09
1.0484650777584994e-10
4.288641126588919e-07
0.0
3.995698797712276e-08
7.403454695245059e-10
1.0510626787243188e-07
1.0510626687601374e-07
7.427829511828247e-10
4.189555762295488e-07
0.0
2.0174371184309044e-08
0.0
0.0
7.330165762878158e-10
0.0
0.0
0.0
0.0
0.0
0.0
9.59763937941093e-09
0.0
6.242424602551833e-08
4.828301343988467e-08
0.0
9.985982288361443e-09
1.922510173583622e-08
1.3652957875365246e-08
0.0
8.555619090526016e-09
-4.699527997159876e-10
-6.719411816508795e-05
-6.781935735400424e-05
0.0
8.89424489642645e-08
-8.894244899165571e-08
-9.452819514342671e-10
0.0
-6.000439628816286e-09
-2.4840044174356812e-08
-9.397870034803281e-08
-1.0234682268180443e-07
-9.61495724746617e-08
-1.16160551384345e-07
-1.0893782923133977e-07
-2.6076754104295812e-08
1.0434447519083612e-08
1.8290967477428075e-11
6.937893974590608e-10
6.937893712537596e-10
-9.66964916818136e-09
2.8901002433405817e-08
0.0
1.3497779071128075e-08
9.941350481950044e-09
0.0
0.0
0.0
0.0
0.0
0.0
0.0
0.0
2.4649751373765053e-06
1.3808795636905136e-05
1.9379404125733042e-07
-6.00429541417315e-08
0.0
9.86748215193171e-09
0.0
0.0
0.0
0.0
0.0
1.7006302470694724e-08
8.010058292995078e-09
1.87061836069044e-08
9.9402315165281e-09
0.0
3.997758561439761e-14
0.0
6.322268041476257e-10
2.8646415132378462e-08
0.0
1.8706183599004096e-08
8.825496304229645e-09
8.82549629042809e-09
-1.5093704064383928e-08
0.0
1.8857323025838404e-08
1.6533992500277384e-08
2.963873759347252e-09
0.0
0.0
1.565721890681089e-07
-5.964071156435516e-08
0.0
0.0
0.0
1.8813566766306412e-08
0.0
9.538099599137069e-08
9.985402887738911e-09
9.985404035102636e-09
-0.00011945408346631953
0.0
3.1123313228382955e-10
2.4731828363634545e-09
0.0
2.4731827540505744e-09
2.473182656340074e-09
1.392114213072393e-07
-1.7440824251393344e-09
0.0
0.0
0.0
0.0
-7.69760456876667e-06
7.661259149581628e-06
9.372555612952786e-09
1.3781229428263496e-10
0.0
0.0
0.0
2.9874567023355256e-10
0.0
0.0
1.275529083370015e-08
3.809680178757446e-09
6.208382441277425e-10
0.0
7.407764235657811e-10
0.0005941820763444592
0.0005941810305625239
-1.04578202591828e-09
0.0
0.0
0.0
-1.0522507155392182e-08
5.718057610721326e-07
-5.421995368531387e-07
7.399605768502035e-10
-1.0647442414705099e-08
0.0
1.8353165284182666e-08
-1.8353165615742073e-08
-1.835316593840064e-08
1.835316627204087e-08
9.824619513716145e-09
5.804768299873652e-10
1.556903231684018e-08
1.5569032327184107e-08
9.272398082747595e-09
-2.987452000826798e-10
1.6477475539011265e-09
0.0
0.0
0.0
0.0
0.0
0.0
1.7432475467941046e-05
1.7426455831243718e-05
0.0
0.0
0.0
-1.220426116042475e-07
-1.2204261157075456e-07
0.0
0.0
1.9579337793336797e-08
1.0731812158646496e-08
9.968407418904559e-09
9.968408562188065e-09
9.97002500523203e-09
9.970026194615083e-09
0.0
1.1997831286227844e-07
3.067024924730548e-08
1.1190126254347471e-07
-3.808583468497453e-10
0.0
1.1940437771050712e-08
9.951308774193077e-09
0.0
7.14745688112651e-07
0.0
1.835316464938662e-08
0.0
0.0
-1.969836738169306e-08
-1.783211056867291e-08
6.604977634076332e-07
0.0
0.0
8.028235847166725e-10
0.0
0.0
0.0
1.598836543304964e-09
1.0114677127894722e-08
1.0061601536397473e-09
0.0
0.0
0.0
1.9702676701115502e-08
1.5523303306801647e-08
0.0
3.251354499902439e-08
0.0
6.464115756090127e-09
0.0
0.0
0.0
0.0
0.0
2.0526446215999306e-09
0.0
6.08025218678182e-09
0.0
0.0
0.0
1.0696020052706835e-08
4.601605029185711e-09
0.0
0.0
0.0
0.0
0.0
0.0
2.685689404736201e-09
8.003751770505127e-09
2.2419547027772914e-10
0.0
0.0
9.773844160003445e-09
9.41981510494103e-09
0.0
0.0
9.36622738297577e-09
9.296576090859389e-09
9.03899135372592e-09
0.0
0.0
4.597244984835056e-09
2.4697068717589562e-09
0.0
4.6421364845842865e-09
1.8409168383747797e-08
0.0
0.0
4.794976967198192e-09
0.0
0.0
0.0
0.0
6.934672390822579e-08
0.0
0.0
0.0
2.38083159514487e-08
-7.419517804968806e-09
3.795136492801014e-08
3.7615464281022044e-17
0.0
2.4068963577470187e-06
2.426382261178212e-06
9.889415928364138e-09
9.321042484105516e-09
9.3210424846281e-09
8.741389089201312e-11
-6.168091823535134e-10
5.710549280613428e-09
0.0
0.0
0.0
-9.476004758646184e-09
0.0
-1.1384122811097797e-17
2.9055972669528514e-08
9.990612754419854e-09
9.986113556433038e-09
9.986113539466962e-09
9.977353522371355e-09
9.97735351536476e-09
9.983502813540739e-09
9.983502801561908e-09
9.929378555288086e-09
2.345502245531177e-17
9.929378576709346e-09
1.609590962643638e-05
0.0
1.6076749720730793e-05
3.08922839422469e-10
2.8493014565832014e-06
5.6556505273340086e-09
9.901180053831346e-09
6.555101458339373e-10
0.0
9.927226278348042e-09
9.927226317930183e-09
9.927226213318059e-09
0.0
0.0
0.0
0.0
0.0
1.1151257695019012e-10
0.0
4.0524855830887875e-08
0.0
0.0
3.9481024578542564e-08
0.0
0.0
0.0
0.0
3.460953212723275e-08
4.668781820081298e-10
7.219286875771946e-10
0.0
9.43363490812328e-07
0.0
3.0471201566902965e-07
0.0
3.604964269529346e-07
1.081669354022299e-09
1.0819287647765105e-09
2.1554529442119016e-10
0.0
9.9040802850614e-09
9.846409955370879e-09
9.84639500270734e-09
1.0823907878095875e-09
0.0
0.0
0.0
0.0
0.0
0.0
0.0
-8.418805012497255e-09
4.271451932239368e-09
4.271451809064689e-09
0.0
0.0
1.8927070288172145e-16
8.362262490478643e-10
0.0
-2.5222927479121384e-08
0.0
4.42368674117216e-08
0.0
0.0
0.0
-3.192312830312821e-09
4.550502690336137e-07
4.6467264371048303e-07
9.968011407246502e-09
4.6082415228607295e-10
0.0
0.0
0.0
0.0
0.0
0.0
4.9927727553759586e-08
1.2859601894476298e-07
2.1907631139961377e-08
0.0
0.0
3.536959299416474e-08
0.0
0.0
0.0
0.0
1.989486307184032e-08
-8.370178337192618e-11
1.7020886702726575e-08
0.0
-4.6316940710373516e-10
1.7020885029641095e-08
1.810408764070307e-08
2.691857156391332e-08
1.2129136494524852e-05
0.0
-6.168091405296354e-10
4.6353066270725775e-09
0.0
-1.348754109090143e-11
0.0
0.0
0.0
0.0
0.0
-2.682298827494378e-12
0.0
0.0
0.0
0.0
-1.0940002743781654e-06
0.0
1.5683562726590026e-08
0.0
0.0
0.0
3.2683965417279316e-08
1.7225814533038126e-09
0.0
0.0
6.512819198055925e-07
6.60921053326094e-07
0.0
1.9079259643452904e-08
4.0050992009718617e-16
7.223469588094221e-10
7.223470192379615e-10
2.3767666170703398e-08
0.0
0.0
0.0
0.0
0.0
0.00019519105434254942
7.737102988307713e-09
0.0
0.0
6.09805014773742e-09
0.0
0.0
0.0
0.0
6.106996068398902e-09
0.0
6.633869046285933e-05
0.0
5.812015462952913e-08
0.0
1.6875405896193355e-07
0.0
0.0
0.0
-2.095141540003898e-08
-1.0912116014095655e-08
9.76179147005176e-09
-5.84112550732277e-09
-1.0248306903516517e-08
-3.447601230194275e-08
-1.2060703452436428e-07
-3.994562919170627e-09
0.0
0.0
2.4688484512263707e-08
-6.2988518430116694e-12
2.3324822029489222e-08
0.0
0.0
9.774754671289254e-09
3.0702577529681256e-11
1.3278846430582806e-08
0.0
9.970088265877532e-09
0.0
-9.939707047452312e-09
0.0
0.0
-3.986316565729453e-08
7.129546315898057e-10
2.954517684126786e-08
2.993420148840777e-08
0.0
0.0
0.0
7.213510996942344e-10
0.0
1.8732520740625557e-08
0.0
0.0
9.95724950688076e-09
7.104725011121934e-10
3.065753147340641e-05
0.0
9.987793487235849e-09
0.0
9.988161006198463e-09
0.0
9.990241472424615e-09
9.967462493897415e-09
3.300494728999841e-08
5.983847494976638e-08
0.0
9.979154703452474e-09
5.08334385673196e-08
9.972423373298278e-09
0.0
9.969906109427587e-09
4.22389020387483e-07
9.991557109877316e-09
0.0
9.990716209267687e-09
3.049119199650099e-08
9.990048021415566e-09
0.0
9.989832028797492e-09
0.0
0.0
0.0
0.0
0.0
9.597639354607629e-09
0.0
0.0
0.0
0.0
0.0
0.0
0.0
0.0
0.0
0.0
0.0
0.0
2.1126529634244153e-08
0.0
0.0
6.974099573458768e-08
0.0
0.0
0.0
0.0
0.0
0.0
0.0
0.0
0.0
0.0
0.0
0.0
0.00010229334650809975
0.00010230200086978956
3.4877411695571683e-09
0.0
-6.860065323672734e-10
9.788614209463282e-09
9.929410548697063e-09
-8.965403212257358e-09
2.5814640148625947e-11
0.0
0.0
0.0
0.0
0.0
1.349762975377426e-11
8.535117851836371e-12
1.83531649676655e-08
9.16650956356831e-09
0.0
0.0
9.171549476981792e-09
0.0
2.8646415131709488e-08
1.595028763301057e-11
9.584538523933109e-09
0.0
0.0
0.0
0.0
1.6415669006837405e-07
0.0
6.773801034151688e-10
9.261719673146397e-09
9.261719811586955e-09
7.042106376390689e-10
2.2920931760388026e-07
0.0
1.9795206892953924e-08
1.979520857455652e-08
1.0644851768097938e-05
0.0
0.0
0.0
0.0
1.4340771440005663e-08
0.0
3.969197799591247e-09
0.0
1.0434437494096473e-08
9.915657402581254e-09
1.9795203523427088e-08
1.9795201834724626e-08
0.0
3.08449510234761e-06
0.0
1.5234027751213036e-07
0.0
0.0
2.0414113829030023e-08
3.2601061122933496e-08
0.0
0.0
0.0
3.299930535011864e-05
0.0
0.0
0.0
2.64408119682957e-08
0.0
1.6229226237479604e-09
0.0
0.0
3.211728739839913e-08
1.8318420566271245e-08
0.0
0.0
2.1705197070520572e-07
0.0
0.0
0.0
0.0
0.0
0.0
0.0
9.87954440606165e-09
6.343041805225621e-10
-1.1540418405799605e-09
0.0
0.0
7.42859245322837e-07
3.6569800548433314e-09
1.8737857451830825e-05
5.844522422328661e-05
4.648582724333717e-09
0.0
6.338499089705465e-08
0.0
0.0
0.0
0.0
-1.8628208035631827e-08
2.5908155975496752e-06
-2.839743413520369e-05
-5.982534638566961e-05
6.952281801770785e-05
0.0
-5.7224800929798916e-05
2.6208911668603433e-08
0.0
6.642838786375887e-09
0.0
6.875819824409699e-10
0.0
0.0
2.0745689037209932e-08
1.4322799943952827e-08
0.0
0.0
6.642838484232765e-09
7.325798223972198e-08
0.0
0.0
6.875817271241912e-10
3.548098905978079e-09
0.0
0.0
0.0
0.0
2.0745688745408226e-08
8.985962288087476e-09
2.4473224858450076e-09
6.354637189637013e-08
0.0
2.41051333949119e-09
0.0
1.1010329301951322e-08
0.0
0.0
9.717325851576585e-09
7.569566311925199e-19
6.065131752841686e-09
6.065131757408888e-09
9.968011255111006e-09
4.128512461412659e-08
-6.155478518963696e-07
0.0
0.0
0.0
0.0
0.0
2.6856896841570755e-09
8.003752040975137e-09
2.241957658747616e-10
0.0
1.1967353585475887e-09
0.0
0.0
0.0
0.0
0.0
0.0
0.0
4.969988912306745e-08
0.0
0.0
0.0
2.209089841539603e-08
1.970267680660868e-08
1.5523303461750965e-08
0.0
3.251354513194005e-08
0.0
6.464115893963378e-09
0.0
0.0
0.0
0.0
0.0
2.05264473126794e-09
0.0
6.08025228861503e-09
0.0
0.0
0.0
1.0696020194998487e-08
4.6016051968933804e-09
0.0
0.0
-1.6699817755278033e-06
0.0
0.0
0.0
0.0
9.59769325725493e-09
3.5818520702089335e-10
3.268396565534256e-08
2.5270139700817946e-09
0.0
5.399400052616063e-06
0.0
4.2481013595263955e-05
-6.575440822594685e-10
9.903255159330449e-09
0.0
-6.679592484756034e-10
0.0
0.0
0.0
0.0
5.6054680436011276e-05
0.0
-1.0323744000135821e-08
-4.277912611340048e-05
-1.5443199114043309e-06
5.756574002240748e-07
0.0
1.9530274388475986e-08
0.0
0.0
8.656430884855498e-09
9.880687282696477e-09
6.354243591300133e-10
6.354243528544978e-10
1.3278874704165462e-08
9.557537940396985e-09
8.028748618352503e-10
-6.499910941574225e-10
0.0
0.0
0.0
1.1850598545326515e-11
0.0
0.0
-6.324585906337597e-10
1.688227994548673e-08
9.964765004369449e-09
7.178397541718928e-10
0.0
0.0
2.25744214432666e-08
0.0
9.943877332090626e-09
0.0
9.945579464418786e-09
6.990321257560778e-10
-9.936581286368426e-09
0.0
9.103754896479633e-11
0.0
0.0
0.0
0.0
0.0
2.5908155974652193e-06
9.774442812158623e-09
2.5908155976238584e-06
9.774442897912187e-09
0.0
9.103771193838155e-11
0.0
0.0
0.0
0.0
0.0
4.248101359529656e-05
5.879749353401265e-05
9.887067554456934e-09
0.0
-2.9536842611095282e-08
2.1572710784655514e-07
1.647139788145469e-10
4.875620544947673e-08
9.940794730781133e-09
-2.8263831474568696e-07
3.1313612767092536e-07
2.9124559412395043e-08
6.20957740525246e-08
3.2377900875260687e-09
1.3979717282039655e-07
0.0
1.1269209925870501e-07
9.312008214839851e-08
0.0
0.0
0.0
2.2669658741778025e-07
9.644748867176228e-09
9.644682872734621e-09
0.0
-6.234075567834035e-09
0.0
1.86008135057089e-05
-1.2992075586146798e-06
3.2683965638257155e-08
9.216749101325825e-09
0.0
0.0
8.615244943443605e-09
0.0
6.290553462243859e-11
6.290553440559815e-11
0.0
0.0
0.0
0.0
8.03844581610684e-09
0.0
0.0
0.0
0.0
1.4186400209467575e-06
0.0
-1.4816709809810716e-08
1.979520520819104e-08
2.395657357725857e-05
2.3956573577258713e-05
0.0
1.9079259589629655e-08
0.0
-1.7666234334109204e-08
-7.944704008138207e-09
0.0
-7.944703967616151e-09
0.0
0.0
0.0
4.069275064188344e-07
2.2978965503986862e-08
3.650014265441919e-08
5.733049940369561e-09
0.0
3.973677050846653e-09
0.0
1.46757560719141e-08
0.0
0.0
6.601024886414565e-09
4.629138191965205e-05
-2.3267789871328493e-05
0.0
0.0
0.0
0.0
0.0
0.0
0.0
0.0
0.0
0.0
2.9211110285869597e-16
-7.83653364422321e-09
0.0
0.0
0.0
0.0
5.591516707853172e-10
0.0
0.0
0.0
3.4677474558399045e-17
1.415272685579237e-17
8.363673692671598e-09
0.0
8.363673693071669e-09
5.191069429135945e-12
-6.259087476406621e-10
-1.8447295296408848e-08
0.0
0.0
0.0
0.0
-0.00020975136497369817
0.0002077321250145389
-2.04818492466589e-06
0.0
0.0
0.0
5.189891578786492e-12
0.0
0.0
-4.3085705820848694e-10
0.0
0.0
0.0
0.0
0.0
0.0
0.0
-9.083445801083556e-16
7.970335502704984e-10
1.1602586593763892e-08
1.7664419943085269e-09
0.0
0.0
0.0
2.2224895399633938e-10
0.0
9.687877953785731e-09
0.0
0.0
0.0
0.0
2.1465726104421846e-07
0.0
5.187006716228107e-12
5.188532368756595e-12
4.652457539827643e-08
2.778245767111055e-07
0.0
0.0
0.0002047570191184961
0.0
0.0
-5.623550904998442e-05
9.954262365774458e-09
0.0
9.954262369291258e-09
7.514515037137676e-09
7.51451509697909e-09
0.0
0.0
-4.845373676939935e-09
-3.879986715753231e-09
4.385805615038226e-06
4.171857503724712e-09
-9.729138262983949e-09
4.171857529209857e-09
4.171857553221547e-09
0.0
0.0
0.0
-4.3731139598325064e-10
7.970350004993243e-10
8.535020242824133e-08
0.0
0.0
0.0
0.0
0.0
0.0
2.621330421712261e-10
9.72807647497695e-09
3.6569799993806844e-09
5.8128051262345595e-08
0.0
6.553820921211852e-07
0.0
0.3665424849299124
-0.36654246499396775
9.96603860255272e-09
9.902979741703658e-09
6.573149351952104e-10
4.327112109137708e-05
0.0
4.459729486262013e-08
0.0
6.416775711896433e-10
2.963874038949702e-09
0.0
0.0
1.4855025592378546e-06
-0.008031009989973192
0.008032518237215411
9.904901558635586e-09
1.0656096113050642e-08
-1.0656096112384057e-08
0.0
2.31266450101681e-05
2.3134508842375664e-05
0.0
0.0
7.2480403505839e-09
1.4880842692690518e-08
0.0
-8.332179631204226e-09
0.0
1.3962674894408569e-09
0.0
9.902938098094407e-09
8.534582500472868e-08
0.0
1.807088638770438e-05
0.0
2.6555200128149704e-11
2.9144114943695725e-08
0.0
1.1935981651939383e-10
0.0
0.0
1.984496473481352e-08
6.912759514159546e-10
8.615882586809204e-09
0.0
7.57928510044454e-09
9.18454192152802e-12
0.0
9.783410449720027e-09
9.78341011315625e-09
0.0
1.3994452948780454e-17
-7.970349872923866e-10
9.768782847546894e-09
9.01295875472566e-09
0.00011824711563694821
0.00011824711563694832
0.0
0.0
-9.482707857385095e-09
0.0
0.0
8.425495727593137e-09
0.0
-1.9530273861687042e-08
1.0266008141934574e-16
-3.215576003652397e-08
-3.1133747375433525e-08
4.0061488802634094e-14
0.0
0.0
9.973229371081588e-09
9.980555580606955e-09
9.980555255595463e-09
0.0
-8.28468273070304e-09
-8.278003970664527e-09
2.6440800023297093e-08
2.803424638433472e-08
2.6437599700025634e-08
0.0
0.0
2.6440800760625813e-08
2.6511775863211118e-08
7.950237071079791e-11
0.0
0.0
7.261385105273309e-10
2.8798319889837664e-09
0.0
9.976224985900534e-09
7.290753784333241e-10
0.0
0.0
7.27664057838298e-10
9.964810839933541e-09
9.964810853206622e-09
-1.547029356370299e-09
9.974785444751887e-09
-2.8893750843786804e-09
2.917982316954417e-08
2.644080873592445e-08
0.0
0.0
0.0
4.510805915015998e-08
0.0
0.0
0.0
7.21863407513746e-10
0.0
0.0
0.0
0.0
0.0
0.0
3.2683965727942526e-08
0.0
-1.5368893421276175e-07
-1.6183672893726325e-07
2.2920931721703119e-07
-2.1988204104028295e-08
-1.261304087394349e-08
2.484119005498706e-07
1.4532081514031874e-06
3.157161991432051e-08
0.0001814125962193448
-0.0001813228786588334
9.93920800656581e-09
0.0
0.0
0.0
0.0
1.947896911130842e-08
4.3340003731941694e-10
-4.055735643534773e-09
0.0
0.0
2.4841189939473323e-07
4.3274749603037693e-08
7.36007867570175e-10
-2.3865384636308053e-08
9.98779235011904e-09
0.0
1.3975653909279718e-08
1.0611755987153117e-08
7.386422432903453e-10
0.0
0.0
0.0
0.0
0.0
-3.857907762669401e-10
0.0
4.087360418352404e-09
0.0
0.0
1.6781157924552518e-07
1.6792308066706204e-07
0.0
0.0
