0
6.91992203827881e-09
1.009208398741708e-07
0.0
9.970749450873856e-09
1.690525053974636e-06
1.1565938025597688e-07
0.0
0.0
2.5255391243353893e-06
0.0
0.0
3.660844227049783e-08
9.738628287373421e-09
2.045995990464171e-09
5.7511614727120295e-09
3.8145915895267845e-09
9.24792240027823e-09
9.808117081897344e-09
7.898315438414635e-10
0.0
0.0
0.0
1.210067697609498e-09
4.167337044111163e-09
1.930364312591024e-08
3.908506040587259e-09
0.0
0.0
0.0
0.0
9.173146279783354e-07
8.398355537277828e-09
3.233071112028895e-06
1.5517999479738438e-05
8.117246516698712e-09
0.0006502923761701029
9.241858345456073e-09
3.7341782439683144e-08
0.0
9.953562218257643e-09
5.21668804119597e-09
4.881157272176979e-09
8.482030300666151e-09
9.64048374862317e-09
9.592700766927366e-09
0.0
0.0002280583554842143
4.924138707239156e-05
1.0098174139506394e-05
1.1858266204527944e-09
2.3084956464483422e-20
0.0
9.79894834792438e-09
7.210631108674534e-09
0.0
0.004189428867949294
3.344631471429077e-09
7.736343040172358e-09
8.085987093077389e-05
6.952156587208731e-09
1.8336417924516576e-05
3.267248371691124e-10
0.0
0.0
4.25882369102317e-09
1.4841022472738199e-09
9.549797441992419e-09
5.575293008251088e-08
4.620469510445811e-19
0.001037079924236238
9.970790071940334e-09
0.0
9.717693562331186e-09
1.0129362035564068e-10
0.0
0.0
8.395565755588118e-20
6.011398426097556e-06
8.816770460248339e-10
9.502991044818963e-09
0.0009693255343806968
1.0129528059442741e-10
3.8650794218755646e-21
0.0
0.004070736859827284
4.886751073579693e-13
4.857572936257676e-09
8.143786894339913e-08
4.051874910901015e-09
0.0
6.664903259034479e-09
0.0
0.0
9.253083620883915e-09
-9.239289830533973e-09
8.100715081509081e-10
9.842882097147232e-09
9.817462679713607e-09
1.8009515798159674e-08
2.0573169065654422e-06
0.0
3.857046080703604e-09
0.0
0.0
0.0
7.477650738084762e-09
0.0
1.1640886216837428e-08
1.507559318638796e-08
5.5483543707149e-09
1.06413177295973e-09
9.67072386158805e-09
0.0
5.316984935251927e-09
3.865264503397869e-21
0.0
1.7716363338679897e-10
0.0
5.165052606687885e-07
0.0
0.00011872937217970404
0.0
9.82250895751137e-09
0.0
0.0
0.0
0.00022628921524603385
-0.0002263992909918855
9.913946640996029e-09
8.836888550393725e-09
2.4290941626743614e-10
0.0
7.94916870836723e-09
0.0
4.6953479743201777e-08
5.8391217725177225e-09
0.0
0.0017597195721265778
7.103628577626107e-09
5.6394357968792486e-09
3.40771603413377e-09
3.3693542763079636e-10
1.9491098625555494e-08
2.217031173773911e-20
9.133860034670367e-10
0.0
0.0
0.0
0.0
0.0
9.198081553431783e-09
0.0
2.7137304981439763e-09
2.976248501848989e-09
4.922917943868361e-09
8.652227111777237e-09
0.0
5.66439447059479e-10
4.684508982194397e-09
6.172322087240309e-09
0.0
0.0
0.0
-0.012173804779238462
0.0006514438489741461
4.922917943868361e-09
1.0331319235842136e-10
4.2796619596287875e-09
1.19355810685729e-08
0.0
0.001663264697999736
0.0
7.814271551188388e-09
0.0
1.9151016974197985e-09
0.0
0.0
2.3151757290309673e-06
3.218118838151703e-09
0.0
9.817807409419483e-09
1.9350571988344323e-06
1.6933467454831258e-09
1.6209867538986636e-05
0.029867400293994706
0.0
0.052475483733526396
0.0
7.453812036512516e-07
0.0
7.267499457304744e-09
1.0237122794862443e-08
9.372985333295501e-09
3.1876257659316225e-20
4.8144249265914027e-05
0.0
1.5631590218534528e-06
0.000356319868317728
7.994891689259698e-07
3.784896625795291e-09
8.966048992487059e-09
0.0
6.08936922388586e-10
0.0016330848346486173
9.671546613649076e-09
3.7985281135799465e-09
2.2825522673077578e-05
2.64216318503784e-09
1.0648083708936041e-08
0.0
3.170183036613103e-05
4.827220206386424e-09
2.6925542631765422e-08
9.828162158232209e-09
1.3613878084796351e-05
7.4285343632866005e-09
9.691007412789375e-09
1.5689880582882426e-06
4.709584618547253e-09
0.0
0.0
6.424383654386562e-09
7.23995424849563e-09
1.7638991447667546e-09
0.0
8.60448498580528e-09
0.0
9.970749578973997e-09
0.0
9.87405651927076e-09
1.3735176662589626e-09
1.3735176662589634e-09
1.688221427616817e-10
1.822597550006079e-20
8.475827417832837e-09
9.797340833414002e-09
1.3453514337454214e-11
0.0
2.658232909609297e-12
9.807857507798629e-09
2.024043413418016e-08
0.0
9.888087733951394e-09
-0.022570039518800655
6.282959627896168e-12
1.6896785500667676e-08
0.0
0.0
0.0
2.8653990461528343e-20
0.0
-0.018187873165280987
1.538840067236035e-23
9.851468080353076e-09
9.251628030095019e-09
0.0
0.0
9.917375839694408e-09
1.0449569601540105e-08
0.0
7.332843809502688e-10
2.2342725328219217e-08
-4.815613888594153e-05
9.917502867290733e-09
9.840643224562558e-09
9.692870533126449e-09
1.851628418599316e-09
1.4534872673087033e-09
9.655400941320158e-08
8.47017591097124e-09
2.7105744829505443e-09
7.491180336134542e-09
0.0
7.792299744052904e-09
9.597928755007065e-09
3.2234255561661452e-09
1.5715195531686632e-08
4.4401289044947784e-05
0.0
7.951913162172718e-21
1.8728034933364605e-08
1.6831053518822749e-09
0.0
0.0
8.525496484583287e-09
7.232862805196626e-05
9.363941140981027e-09
0.0
0.0
0.0
-9.779334354484762e-06
9.173818985022334e-07
1.710079911366843e-06
9.433025225983706e-09
9.87643639742027e-09
9.707048568678283e-09
4.464615140282192e-09
9.844648892024274e-09
0.0
6.924240321492177e-09
2.780975286895498e-08
3.1613216864072855e-10
7.996616972998336e-07
4.4866422944371176e-05
0.0
2.780799173178044e-09
1.950920147720431e-08
3.577094007846022e-05
8.100715015447643e-10
0.0
1.9913012632263495e-09
1.4708262481081899e-19
0.0
5.316984935251925e-09
6.714721705620817e-05
6.068740331557023e-09
0.0
0.0
0.0
0.0
0.0
0.0
0.0
4.937501026559204e-05
1.1097317103204535e-05
2.6891556682469406e-09
0.0014005841674977057
0.0
4.084883060243612e-08
0.0
0.0
6.63201270159966e-12
1.7007043223448412e-05
4.2934326102045577e-07
7.66738955372609e-05
7.1879820641738465e-06
1.905646423258455e-05
6.448089341041061e-05
3.1363353869468116e-05
-2.5255391243356087e-06
-2.5255391243358188e-06
0.0
0.0
4.184611426654928e-09
4.722313053352227e-09
-3.330935201927309e-10
0.0
0.0
0.0
0.0
0.0
0.0
0.0
0.0
0.0
-4.016477487142394e-10
9.676815277067816e-06
2.4709570876575267e-06
2.0395944241623343e-06
5.4051120578395374e-05
7.321517943708825e-07
4.059211505001825e-07
5.5668964670257666e-05
1.233307928353796e-06
5.656406727727735e-05
7.437818462688805e-06
4.208423869183679e-05
4.113734375360646e-05
2.878192962001594e-05
2.520026088105437e-07
0.0
3.7303173999007726e-05
7.4365635954932e-06
3.839655083527521e-05
1.8598159145869064e-05
2.8782286649890673e-05
2.5321148380198526e-07
1.2105830329913902e-05
2.7324094915339455e-05
4.178483807920413e-05
1.9428970290034667e-05
4.318711539327481e-05
3.3905789008796346e-07
1.8484087482609223e-07
0.0
2.7308768496970914e-05
2.0435386590852566e-06
1.943316658141044e-05
4.318593693368542e-05
3.580414527559475e-07
2.0124029524127276e-07
1.2748629385910315e-08
0.0
0.0
0.0
2.1236366320810917e-06
0.0
1.930364312636908e-08
0.0
0.0
0.0
2.4343256105577985e-05
1.2514854872303196e-05
1.5540233275722795e-05
1.0425421082690772e-07
1.554023327576148e-05
3.505418752990567e-08
1.65684183064713e-07
6.069475833072514e-06
2.4865940441469352e-05
3.9710285631659364e-06
3.9710285632039e-06
3.971028563242043e-06
0.0
0.0
-1.9303643126011133e-08
1.930364312610704e-08
6.356930916559091e-19
0.0
0.0
0.0
0.0
2.4343256105568522e-05
1.2514854872293704e-05
1.5540233275713196e-05
9.389954123484789e-05
1.5540233275751875e-05
3.505418752031607e-08
1.6568418305517283e-07
6.0694758330631226e-06
2.4865940441459953e-05
3.971028563156594e-06
3.9710285631945085e-06
3.971028563232606e-06
2.434325610555881e-05
1.251485487228393e-05
1.5540233275703428e-05
9.389954123483804e-05
1.5540233275742097e-05
3.505418751044931e-08
1.6568418304542346e-07
6.0694758330534655e-06
2.4865940441450344e-05
3.971028563184858e-06
3.971028563222912e-06
0.0
0.0
-3.2233376698351176e-06
0.0
0.0
0.0
0.0
0.0
0.0
0.0
-1.5508230892814523e-05
-8.056238955808379e-07
0.0
0.0
1.00920840005788e-07
-9.173146279833734e-07
9.173146279885923e-07
4.749094628062793e-05
0.00019476183888019797
0.0001811096371211312
0.0006222874498599585
0.0006526303327057742
0.0001070196587889748
0.00020656385199083232
0.0002730846261470375
3.198135664974109e-05
3.456300460575605e-05
0.00010942674346227745
2.0660949502440426e-06
4.184611426281658e-09
5.37701626447183e-10
0.0
4.8466358785730556e-05
4.8459627767905636e-05
5.8420230625159527e-05
2.922397095158045e-10
0.0
9.268804061453306e-05
9.266932100164722e-05
9.1106161979701e-05
7.073188281926136e-05
6.702878660123576e-05
-1.4950177082271658e-05
-1.4146534077497108e-07
3.091679821579649e-05
0.0
0.0
0.00029452301495708287
-2.7802883815181507e-08
-2.7802883815248502e-08
2.3980905760002007e-19
1.7807624642151597e-18
0.0005546908781984041
5.172763253395802e-05
0.0
-9.953562217935447e-09
0.0
0.0
0.0
5.93755480218311e-05
2.066108387459472e-06
0.0
-5.216688039877404e-09
0.0003317590580868313
0.0003317590580868313
0.0
-2.9145387748262728
3.169724555498942e-05
5.937541052912381e-05
2.0661016688707703e-06
0.0
0.0
0.0
0.0
0.0
-1.8916136671430592e-10
0.0
-9.267879875611909e-05
-9.266932100157783e-05
-9.110616197963162e-05
-7.073188281919197e-05
-6.702878660116637e-05
-4.1261284092816014e-07
2.487557908191062e-05
6.0596243649649936e-06
-0.0003488273792410511
7.612757870463289e-05
0.0
0.0
6.764073692079891e-17
0.0008135341726617784
0.0008135341726617507
-7.612757870463331e-05
7.968627772505715e-05
0.0001474456962660292
9.757903805917096e-05
0.00045681235746029033
0.00046596821333924805
0.00020832162351585592
5.400841777648155e-05
3.078037577493412e-17
2.9154995799734755
-0.00022805835548421425
0.00022805835548421423
-3.978308439077937
3.977658146701766
-0.0006502923761701027
0.0005969575799609518
0.0
0.0
0.00010774584224356082
-4.9241387072391634e-05
-4.9241387072391586e-05
1.5792585373748231
1.3466976237944084
-9.551073179910784e-06
9.173146280392526e-07
1.628724475767053e-05
4.9031789666774094e-05
2.8417192129240905e-05
8.98958926073413
-8.98959937514372
-1.0098174139506472e-05
2.2220127824797725e-18
1.1912368244599182e-18
0.0
0.0
2.1858414847168128e-07
0.0
9.769489554422995e-06
0.0008359379381320557
0.0035465984301221824
0.0008359379381320557
0.00011871370636002542
5.448766490644911e-08
3.23343728248303e-06
5.408453455484699e-05
3.137576657541627e-05
0.0
1.5500142682125447e-05
2.2763255644338898e-05
1.8539129929905552e-05
4.8584098157318e-06
2.7612122397374282e-05
4.4210664229781284e-07
2.373211074002253e-06
4.937501026559222e-05
3.9716204009064717e-07
2.6870436298284777e-10
2.3012844887462153e-05
2.754608294471802e-05
4.945319925719594e-05
0.00013689516833581187
0.0001096554140363445
2.1512012895621967e-06
5.643555489064422e-05
-0.0003317590580868314
2.3075587259079852e-20
1.69052505391741e-06
0.0035947408164966853
0.0035465984301221837
-0.0035465984301221824
7.178194021923193e-09
-3.926017603124527e-10
-3.9260176041376164e-10
7.530128672788581e-06
1.6077095554613242e-05
6.91739633382082e-05
0.0
4.8136593549981776e-05
1.6148779059339726e-05
0.0
0.0
0.00023206233342203795
1.2011358801144165e-19
3.93146554113066e-05
14.862027176700614
-15.61397373564191
0.7477178154179344
-0.004189428867949294
0.0
0.0
-1.585004261638715e-10
2.3126950173246817e-05
0.0
0.0
0.0
0.0
0.0
1.0574393010309766e-07
1.0574393010297196e-07
-8.085987093077378e-05
-8.085987093077385e-05
0.0
0.0
0.0
2.8748782977649458e-09
0.0
0.0
0.0
0.0
5.894264990094968e-05
2.944696261927403e-10
4.858115346104003e-06
0.0
8.310078325572406e-09
0.0
0.0
-8.598507565541687e-09
0.0
9.970749450885948e-09
7.57308892076052e-12
6.919872489567295e-09
0.00018882070357142085
2.2780435791013266e-07
0.0
0.0
-1.8326646115757444e-05
5.938505101287317e-05
3.576072249640578e-05
3.576072249640636e-05
0.00010942674346227809
9.970749519854497e-09
0.0036962870272994885
0.003696287027299489
0.0
1.0061301127001557e-17
2.204897359768143e-05
1.2055166024135158e-05
0.0
0.0001353367361700078
8.811020717329986e-05
0.0
3.499392832730743e-05
5.763730412737602e-05
0.00013539053024189452
9.758692696605637e-05
0.0003214756212902828
0.00037785800616594835
0.00020833092524479908
1.901448944917419e-05
0.0
0.0
0.0
1.1106195502970018e-05
1.019919422362981e-06
1.9373616274930476e-07
2.4639702176164648e-05
2.4643960999855645e-05
2.4639702176164526e-05
2.463970217616463e-05
2.4639702176164563e-05
2.2780512445030108e-20
2.278752563626178e-20
1.6834968892831043e-05
5.16771008475027e-06
2.2003005702418483e-05
0.0
-1.114093109169555e-05
3.8234079173897514e-05
1.1131257739579624e-05
8.902797671362511e-05
7.614272939003228e-05
7.614272939003252e-05
3.0550754560247557e-19
2.4407132072093576e-05
0.00011342691953585034
0.0
-0.00027044743661001555
0.0
0.0
-1.4685332692339897e-10
1.1338869370265608e-06
0.0034512712647683523
4.946877700071014e-06
0.0034475092869112353
2.760401902761123e-20
2.9653980563572175e-05
-0.003480980998262007
-4.6185777998897636e-08
4.617381632338016e-19
0.0
1.711665457892013e-08
5.878652871566397e-05
0.00027044743661001474
0.0
0.0
0.0
5.596963927013458e-08
4.946474573626281e-05
-0.005874547861904236
0.0
0.0
6.918384143719912e-08
3.6735499295150193e-09
0.002415437358014113
-1.308729677875312e-06
-0.001037079924236238
3.695084127586755e-19
2.678172473151234e-05
-1.0930453869103568e-06
5.118026989718039e-07
7.3077478477469975e-06
4.814238637450343e-05
0.051217394470169264
0.0
0.0
0.0
1.3932280612164401e-08
0.0
0.0
0.0
9.769489554454876e-06
6.905679403606223e-09
0.0
0.0
-5.621710091395423e-10
9.97074925391851e-09
0.0
0.0
-3.1244230100481984e-10
0.0
0.0
0.0
0.0
0.0
6.775797395381194e-05
-1.0129362035564068e-10
3.6608442270988334e-08
0.0
-6.775787266022348e-05
0.0
2.6785562781893308e-18
2.655105296027099e-18
1.1836022234143593e-09
1.1836022233601157e-09
0.0
1.9303643126796833e-08
0.00013154429001976248
3.2693087056770596e-06
7.680987474063764e-19
1.219291504465143e-07
0.0008299287970004321
0.0
0.0008300507261508786
0.0001225978579068951
4.244233769839614e-05
0.0005262364443829111
4.4142354644755754e-05
0.0
9.252300273403351e-06
0.0
6.485418736735272e-19
7.94911834865098e-19
2.323278249338044e-09
1.364664568169398e-16
1.3661653797951292e-16
1.3747452367631802e-16
1.36886081239097e-16
2.278043579065556e-07
-6.001649936667882e-06
0.0
1.5151534768002003e-08
0.0
7.814271550997697e-09
6.715458447437623e-05
0.0004592531511964229
3.965743337103184e-11
0.0
-1.0070094217472256e-10
0.0
0.0010107638285688741
0.0009693167648722069
0.0
-0.0009693157053097237
2.6925542631545915e-08
2.5612462857585404e-05
8.507347378503046e-06
7.94445554882459e-05
3.6009709888998795e-05
4.258732530956701e-09
6.002983449562059e-05
2.4808087718671262e-05
2.5612462857593776e-05
8.507347378502813e-06
7.944455548824608e-05
3.6009680522980985e-05
4.2358900784999e-09
6.0029834495621683e-05
2.4808075948325445e-05
0.0
-1.0129528059442741e-10
4.317922175356106e-05
0.0
3.569536153602921e-05
3.569536153602922e-05
-0.004070727016372223
-0.0040595435035013505
2.0999579953236932e-06
0.0011884906154229294
-4.886751073579693e-13
0.001190590572929578
8.143786859189007e-08
8.143786882625985e-08
5.933027705807283e-07
0.0
2.1921455981321693e-05
0.0
0.0
4.3805120756309484e-05
4.380512075630952e-05
4.3805120756309606e-05
4.3809172631220476e-05
4.3805120756309586e-05
8.428112279320773e-19
0.0
0.0
3.218695448594851e-08
-2.0816681711721685e-17
0.0
0.0
0.0
0.0
6.664904295085689e-09
4.6136780703145665e-05
1.879000969916834e-08
0.0
9.05950174027376e-06
-5.522458942763819e-05
0.0
4.6158422784197206e-05
0.0
0.0027936433635046562
4.317970737955165e-05
9.694254106947362e-09
2.8932135419750564e-10
0.0
3.607605809496296e-05
-3.607605809496093e-05
1.537255779144697e-05
-2.473411374096608e-05
2.4857173850899533e-05
0.00014774057768421157
0.0
0.0
0.00019033039320962312
9.239289830533973e-09
0.00019033037941583282
7.908338003797287e-09
0.0
6.506875914173499e-18
0.0
0.0
0.0
0.0
-4.359488992210216e-10
0.0
1.7556876507889157e-08
0.0
-4.1086840895834846e-10
8.983036283837266e-06
0.0
9.466773322447103e-07
0.0
4.521180505999136e-06
0.00022871169152695458
-8.533651532125593e-09
0.00022420852053674575
0.0
8.531152079689261e-07
0.03637476489998439
6.936109131726498e-05
0.0
2.9982699529713674e-05
9.831136569568418
-9.831138626527158
-2.057316906565346e-06
0.001011882499644171
-3.066210610845664e-05
0.0
0.0
6.341765553921843e-07
2.1238334487268743e-05
-0.00020693427195866211
0.0
0.0
2.5196584760927313e-05
3.915557521320207e-05
0.00011130924048982231
5.710766820583542e-05
0.00010756629727895358
6.658288287443257e-05
5.24536987380148e-05
8.016160119515244e-05
0.0
0.0
0.0
1.3652088734445704e-05
3.241242872594266e-05
0.0
-3.6608442270742774e-08
0.00016153976424689056
7.020970561235615e-05
0.0006454077344337775
8.385116140822626e-05
2.256145050966455e-05
6.924424124023459e-05
2.5508303551916524e-05
1.975209277830935e-06
0.0
9.970749352277105e-09
0.0
0.0
0.0
2.325321687130292e-06
3.083941635945544e-05
9.073233476095641e-09
0.0
0.0
0.0
0.0
-7.898315438387394e-10
0.0
0.0005036638041825127
0.0
2.0248311775536703e-06
0.0
0.0
-2.2128457274478385e-09
-1.585004291850009e-10
3.169724555498954e-05
0.0
2.3465024362290932e-05
-5.618104488896231e-09
-5.618104488889012e-09
0.0003563378071937057
0.0003565006196822823
1.6281248857661155e-07
0.0
0.0
3.241242872594375e-05
3.2412428725943724e-05
4.5656203496326816e-05
0.0
4.988048987444364e-19
1.514494836018225e-11
1.51570036296969e-11
1.5151511189263284e-11
-1.556834705368406e-11
0.0
8.198597261365246e-07
5.59072293063077e-05
2.059439683221374e-06
-5.878652871566491e-05
0.0
0.0
0.0
1.690525053963373e-06
0.0
0.0
0.0
0.0005036638041825127
0.00045926251513756476
0.0
0.0
0.0
0.0
1.4552265630272922e-08
0.0
2.293302524780315e-10
1.177317978945987e-08
7.58161643266804e-12
0.0
0.0
2.850362479623474e-10
1.9323273437910817e-08
2.661120088620365e-10
0.0
-2.6611200910355333e-10
0.0
0.0
4.20020146228327e-19
0.0
1.4543908142777978e-05
1.4543908142777984e-05
0.0
9.906023472399693e-09
0.00026987951806071775
0.0
8.69351121807824e-09
4.908903704703601e-09
0.0
4.908903704703597e-09
-1.259846729918557e-06
0.0
0.0
0.0
7.614499814702076e-06
0.0
0.0
0.0
5.381512260849945e-06
2.889727796836182e-05
4.0522335740985875e-09
0.0
4.371002843999961e-05
2.323647350767601e-09
2.9853002736300095e-08
0.0
2.0609378189364582e-08
8.812585379729964e-06
0.0
1.2524419699342946e-05
0.0
1.5549695178856276e-05
0.0
1.1397654659639826e-07
0.0
1.5549695178894972e-05
0.0
4.473048717796328e-08
0.0
1.7541894626816315e-07
0.0
6.079012745065707e-06
0.0
2.4875372965655394e-05
0.0
3.980473543214686e-06
0.0
3.980473543252693e-06
0.0
3.980473543290882e-06
0.0
5.165052606723647e-07
5.16505260679425e-07
5.165254173366306e-07
5.165186985452523e-07
5.165119796576086e-07
2.0660882315655095e-06
9.267879875614164e-05
9.266932100160039e-05
9.11061619796559e-05
7.073188281921482e-05
6.702878660119066e-05
-1.4959944950495609e-05
-1.4146534092242258e-07
-3.091679821584176e-05
9.750610780251847e-06
9.760212120915501e-06
5.965675385712202e-07
5.965675385821733e-07
2.6925542629561194e-08
2.692554263017264e-08
9.970749873348383e-09
0.0
0.010194170879535003
0.00011883353989409402
6.078827156043161e-08
0.0
9.970749638176136e-09
4.671555428630075e-05
0.0
5.913100743263259e-09
0.0
-4.1584729875481027e-10
0.0
0.0
-4.223561371627903e-05
1.0069247582951917e-05
5.315277121161061e-09
0.0
2.8269524607360435e-05
8.744037834365036e-05
3.72484969099144e-06
0.0
2.0987070252547626e-05
3.0734316666140705e-05
1.417566370364529e-05
3.711832042380366e-06
0.00010497151846786771
9.851122465899486e-05
5.1229802964758595e-05
0.00027991986359023416
0.0002825495910915436
2.6986674290724776e-05
3.2808264743996956e-05
0.00029862840827942584
2.0382055672232567e-05
8.735824446606696e-09
2.2982786916270238e-05
9.795714647721165e-05
6.660236075622807e-05
0.00027387864445637127
0.0002578154773506002
3.304629865571251e-05
5.766543859491926e-05
0.00022617554220217756
7.776511883343152e-09
0.00042118426005141466
2.976069784421512e-06
0.0
0.0
0.0
0.0
0.008165633932228744
-8.571986776247285e-09
4.264106875022049e-06
0.0
0.0
0.0
2.233790198886969e-08
0.0
7.103398523540794e-08
0.0
0.0
0.0
0.0
0.0
1.564091296971057e-05
0.00030576621119307953
0.002009391902229384
-0.00022628921524603385
0.0014616444573274166
0.0
0.0
0.0
0.0
0.0
4.5080987869613364e-05
0.0
0.0
9.012468817206903e-05
9.0124688172069e-05
9.01246881720691e-05
9.012493108148533e-05
9.012468817206907e-05
6.267976326347592e-06
1.1943154219392508e-05
1.1892048725314908e-05
7.195299355655453e-07
0.0
0.0
1.400641613965095e-06
1.4006416139651352e-06
1.4006416139652329e-06
1.408590782673587e-06
1.4006416139652214e-06
6.890797768971304e-06
3.106210377999498e-07
0.0
1.4380192123664039e-05
1.442714560340733e-05
0.00013315651778311141
1.4380192123664086e-05
0.00013315651778311152
2.0062818788151245e-05
0.0
0.0
4.008760204531265e-05
4.008760204531269e-05
4.008760204531278e-05
4.0093441167085276e-05
4.0087602045312764e-05
1.2776373372319946e-08
2.773966493101483e-07
3.0087917242503284e-08
6.149691342748381e-07
0.0
0.0
0.0009523496400777036
1.5521718665319747e-07
0.0
1.124155987611732e-17
0.0
1.1431249094140843e-06
1.0082764884293535e-07
7.49795931846264
0.0
1.0426530185941677e-05
-0.0017597195721265778
0.0017702082008988335
0.004567544639360713
0.029182363297570964
0.0
0.0
0.0
0.0
0.0
0.0
0.0
0.0
0.0
0.0
0.0
0.0006405115011387454
1.5061295395515849e-05
0.0
0.0
0.0055350688303354295
0.0
0.0
-1.0007499518508241e-08
0.00025071684849099383
0.00025071684849099383
0.00020647170728987685
6.405538596514957e-09
2.659397719188115e-06
0.0
1.7866765984930657e-07
0.0
1.650320226340026e-08
9.638712897809152e-07
1.5490916920582866e-05
4.946108816408113e-05
1.5584321658042917e-06
2.15452068630449e-05
2.1605030185055766e-06
2.144162656333719e-05
0.0
0.0
-6.715576823399048e-05
0.0
1.1574122876863518e-06
3.7484693773724546e-07
0.0
3.9905907043210825e-10
0.0
4.688412232639767e-10
9.850913511981315e-09
0.0
0.0
0.0
2.1104269846799125e-05
0.000746519119973151
0.0004908876405909531
0.00018129947979070491
0.005172797992399281
1.0322955953995325e-05
0.0
0.0
0.0
0.0
0.0
0.0
3.054863005064643e-09
0.0
3.0548630051366093e-09
0.0
0.0
0.0
0.0
0.0
0.0
0.0
3.089984744094061e-09
5.933027693713711e-07
0.0
0.0
0.0
0.0
0.0003727357250129903
0.0
0.0
0.0
3.5330372827452684e-09
0.0
0.0
0.0
0.017246438779448703
0.003357705339839286
0.00018890001015538877
0.0
0.0
8.487645721129167e-19
2.266263520947107e-05
1.188616445893822e-07
6.760823779310507e-09
5.1809930975381785e-05
0.0
0.0002690601200053621
2.253786644888355e-09
2.2537866443873476e-09
2.2537866456443296e-09
2.2537866466014574e-09
0.0
0.006475876866731088
0.0003947660440811957
0.020825996222167874
0.0
0.0006522336835520369
7.898345778909152e-07
-0.000651443848974146
4.889677118528073
0.002015129540870795
0.0
0.0
0.0
0.0
4.8916922465309485
5.933027691074323e-07
5.933027696455011e-07
5.933027699298224e-07
0.0
0.0
0.0
0.0003736112943671095
0.00893257674383763
0.002215361092996879
-6.897482595696582
6.9096564004758205
0.01881086668129708
4.8916922465309485
0.007998806932193799
1.3943658327724768e-19
0.0
-2.504537501725469e-09
0.0
0.0004908876405909532
5.841053341271163e-05
8.193893373209093e-06
0.0
-0.01768460264503202
3.227018494747357e-05
0.0
0.0035466053499946743
-6.689552377993476e-05
4.1531303617129796e-05
1.786676598960905e-07
1.7866765990776577e-07
0.0
-5.4553573030960774e-05
2.405364237149395e-06
6.592427368991928e-09
0.000138731238872285
0.0
0.0
0.00011049193593866603
0.0
0.0
0.0
0.0
0.0
2.341602575595511e-06
0.00017928391923365848
8.873898889661579e-09
0.0
0.0
6.571571367175651e-05
0.0001387140204271616
0.0
0.0011486509588987848
5.614654583831547e-05
4.121123810710902e-06
-1.5610232042937177e-05
1.3304825028954551e-05
-2.3151757290308657e-06
9.164757354635039e-08
2.2421189630792498e-05
3.5429969600694834e-05
7.919822865452179e-09
-0.0002351986689813118
0.00024239954683743205
4.322667191029878e-05
6.322473360923035e-05
5.0564217145596406e-23
9.34170658221739
-13.26337683912665
3.9200069922112637
-0.0016632646979997357
1.1350498576138662e-18
2.373211073961301e-06
2.373211073909859e-06
2.3732110739303906e-06
3.370951216460949e-05
0.00032287018787974605
0.0
0.00516302849215749
0.0
5.624099089814495e-19
0.0
0.0
1.0806413949926956e-08
4.67192797868588e-05
0.0
0.0
1.5717494915362337e-08
5.181615675695153e-05
7.580533748495981e-07
9.850913511467842e-09
0.0
2.2810206138512647e-10
5.7576869853445315e-05
1.676979703436106e-05
0.0
0.0
1.5823989614959084e-06
1.582398961497922e-06
-4.112085334991114e-10
5.7566953353575985e-05
0.0
6.239202784001751e-06
8.184440767286525e-06
0.0
-1.9350571988322737e-06
8.19389337321345e-06
0.0
0.0
1.341404916692287e-05
6.522398014230512e-05
4.233760607706282e-07
0.0
8.158281852809325e-05
0.0002725125946985887
0.0
3.9077960968850395e-08
-1.6209867538986606e-05
-1.6239176015781877e-05
0.0
0.0
0.0
3.4037458769009205e-10
-0.052475484690594154
-0.0579646152159341
0.0
7.453812036467615e-07
-7.45381203649101e-07
0.0
0.0
9.26787987561642e-05
9.266932100162294e-05
9.109636311755566e-05
7.073188281923881e-05
6.702878660121321e-05
-1.4959944950473925e-05
-1.3184446004494836e-07
-3.091679821581902e-05
-1.5850043080605928e-10
3.9654980225002335e-11
0.0
0.0
0.0041045487741441684
1.6805034668639617e-06
0.0
0.0
0.0
0.0
5.933027680158618e-07
5.933027683883776e-07
5.933027677873667e-07
5.933027678706722e-07
5.933027681711778e-07
5.933027702243344e-07
0.0
0.0022887728719123792
4.384841685859736e-05
0.0007489387708593732
-0.000227738701224031
0.0
6.450602732786248e-09
0.0
4.814238637449998e-05
4.814238637450045e-05
6.693896253401164e-20
7.892997191899567e-06
-5.603724645781366e-05
-4.814424926591405e-05
0.0
0.0
2.2333457446343054e-08
1.0442228089287412e-15
0.0
5.832661389478254e-09
0.0
0.0
0.0
0.0
0.0
-8.41783140395781
8.417748160937139
8.324302067378197e-05
-0.00023803500788406942
0.00023709416321323614
9.466773322254013e-07
4.814238637450097e-05
0.0003430885028739957
-1.5617939222743203e-06
7.088970705539496e-05
0.0
0.0
5.10516958228519e-09
4.212683591290756e-09
0.00012880423732428145
-0.00035631986831772806
-0.00035631986831772806
-0.029867407245265376
1.892613393086585e-08
0.0
1.110899165810323e-08
6.591120390521671e-09
1.1108992097690718e-08
1.1108992536481922e-08
7.033404808354009e-05
-11.225486461841957
11.225842799664319
0.00035633780719370595
0.0007431903296542336
4.560218745336212e-08
-7.447972475297271e-05
7.529421675200416e-05
-7.9948916892572e-07
-7.994891689258471e-07
4.8142386374501506e-05
4.814238637450123e-05
3.576072249640491e-05
1.927971044098087e-09
3.409316976771853e-19
1.5378593454786943e-07
-1.4794457648468685e-07
0.0
-0.003594740816496682
0.001188432374822237
0.0
0.0
5.688143289717118e-10
0.0
0.0
2.9544900017309476e-05
6.850934044024453e-06
0.0
0.2770221799292758
-0.2786552737299735
-0.0016330848346486173
-1.154324204410984e-08
0.0
3.1692971284952356e-05
-3.169297128495334e-05
-3.169297128495334e-05
3.1692971284953136e-05
0.0
-2.6692352101123177e-10
2.2825328674806405e-05
2.282532867480681e-05
-3.1697245554986736e-05
-1.927971043230725e-09
9.462279178279366e-07
3.0248006453190514e-06
4.749094628062819e-05
4.7490946280627804e-05
4.749094628062768e-05
0.0
0.0
6.05363723448483e-07
6.029940623673661e-07
-3.7985281135799465e-09
4.409866437257625e-07
0.0
-1.231045739014442e-09
-1.2310457390025888e-09
0.0
1.0104960942442794e-08
0.0
4.814499190551951e-05
0.0
0.0
0.0
0.0
2.534834449592926e-06
4.417608166902976e-07
4.812847630346464e-05
4.4325997937530467e-07
2.5348344495928923e-06
0.0
0.00017856987072342726
0.0
0.00017857997568383852
0.0001657837483818028
4.042550366489145e-08
3.169297128495255e-05
1.4285072651853123e-19
2.112630818046781e-05
-5.2828138546599096e-05
-3.16920485674403e-05
4.322667191029553e-05
2.6925542631014984e-08
0.0
7.267499455722495e-09
0.0
0.0
3.2647708162282554e-09
1.2094719655723259e-08
1.5113359813098693e-08
9.828129935260945e-09
0.0
-4.214250676325827e-10
2.344882175600713e-05
6.586127984301226e-09
5.815105321605243e-06
7.686870270413788e-06
7.914495088294427e-05
8.634720328574526e-05
1.7831736678496854e-06
5.85858205797486e-08
0.0
0.0
0.0
2.435523911788175e-08
0.0
0.0
0.0
0.0
0.0
0.0
0.0
4.624549973911286e-08
0.0
7.343517118232988e-07
9.676815277067628e-06
2.4709570876574937e-06
2.039594424162198e-06
5.405112057839512e-05
7.321517943706041e-07
4.059211504998162e-07
5.5668964670257246e-05
0.0
0.0
7.415318580436332e-09
9.093201516864072e-09
0.0
9.205929950751914e-09
7.15827021077646e-09
4.61203935074634e-09
9.127762123960267e-09
0.0
0.0
9.831376502590438e-09
0.0
0.0
1.245993666608357e-06
1.9270021040393725e-05
0.0
3.678594655044178e-06
2.2549015984239096e-05
0.0
0.0
1.2102880428062626e-05
6.198656244121223e-09
3.9748714738698815e-05
4.896910140120331e-09
0.0
0.0
0.0
1.259846729918313e-06
3.660844228153202e-08
2.2300076685459035e-19
8.643010478874015e-07
6.495015680524582e-05
7.94649443802011e-05
-1.360411208680641e-05
0.0
0.0
0.0
0.0
0.0003497736071588697
9.970750138813854e-09
0.0
0.0
-2.8611886876391493e-10
0.0004633831971791232
0.0
9.361037584158106e-09
8.82333595799865e-09
1.3376880967028159e-09
1.337688096796252e-09
0.0
0.0
0.0
0.0
0.0
1.847135044526721e-19
0.0
0.00024772442775216675
6.01295373213168e-06
0.00025530636954258643
-1.5592744762742203e-06
1.256224683701126e-07
0.0
7.689315143014576e-09
0.0
0.0
0.0
0.0
0.0
0.0
0.0
0.0002421865566636423
0.0002421865566636425
0.00024218655666364227
0.0005546809077574639
0.0
3.259291194735224e-05
6.2902929326450706e-06
0.0
2.9095552641076505e-05
0.0
0.0
0.0
0.0
2.9086723622171663e-05
3.504603971327489e-06
0.0
0.0
0.006414792437856726
9.021937189859137e-08
2.8954535458319155e-06
9.64421451974969e-07
4.170622266269043e-07
2.322488460669838e-09
2.3229359355862064e-09
0.0006878615141646661
0.0006878584241804159
0.0
-9.970749578983071e-09
-9.970749578993652e-09
2.323515390398677e-09
2.7187268237102675e-06
9.198118238473366e-20
0.0
0.0
0.0
9.66496260230778e-07
0.0
0.0
0.0
0.0
0.0
0.0
2.2639214341895584e-17
0.0
-9.874056519283307e-09
-0.00017477057340316987
-1.688221427616817e-10
0.00016571091232553384
9.05949225549327e-06
0.0
0.0
0.0002421865566636424
0.00014656561143284
0.00014656561143283994
0.0
3.5045979365352113e-06
0.0
0.0
0.0
6.292735766929252e-06
6.292735766925243e-06
0.0
1.218999202895816e-09
0.0
6.395433600074257e-07
3.928886013335727e-06
1.004953226589625e-05
2.9079729645881272e-05
3.50081907963902e-06
6.284627424178258e-06
0.0
-6.163499445758624e-07
-3.916574665767644e-06
-1.0050765769518651e-05
5.166532580480799e-06
0.0
-3.910157840884802e-10
5.166532580503674e-06
0.0017094477069490796
0.0015589095949082457
4.3729555214008064e-05
8.502702605355639e-10
0.0
0.0
0.0001505380985873195
-1.3453514340842345e-11
0.0
2.3448821756006398e-05
2.3448821756006534e-05
5.933027686157035e-07
0.0
-2.6582329091857807e-12
0.0
0.0
0.0
9.906023474443704e-09
-0.00042227655499676867
0.0
3.8864903428966815e-05
0.0
0.0
0.0
1.9303643126326878e-08
0.0
-4.013916472888068e-10
9.173146279988722e-07
0.007577895210953922
0.007577895210953825
9.664940358605938e-07
1.6905250539708811e-06
0.0
-1.0753232162478434e-08
-1.0753232162471992e-08
0.00025563147938219825
-4.805550020421819e-10
0.0
6.22662931670928e-05
3.537549684801701e-06
0.0009428448751114426
0.004480435048373986
0.029141520553091257
1.0741706016777485e-07
4.858518064084145e-06
1.930842476807775e-05
2.1858414847209572e-07
0.0
1.0453342206195572e-06
1.9393295684467014e-07
1.9308433683943394e-05
5.097137903253983e-05
6.116338551594127e-05
1.8943993098567542e-07
0.0002896856281285639
0.0006588252004316978
12.791075695755428
0.0
1.3482262328652967
0.0007461588244796671
0.0009929310321908566
1.0273897533799332e-05
7.202493517710554e-06
4.139432071241961e-05
-8.15473336869546e-06
0.0
0.022570039518800655
0.026021288328189063
0.0
1.6292310658828675e-07
0.00019697665852638
-6.282959627896168e-12
0.00018641874250490935
1.0720832845099312e-05
1.1513452835229909e-05
5.0755199676114115e-05
0.0
0.0
0.0
-7.42735080297436e-09
1.993280187193206e-07
5.097137903254051e-05
5.354089801234586e-19
2.6739425441681024e-08
1.961125502926122e-08
0.0
0.0
0.0
0.0
0.0
2.0821520374942263e-08
0.0
0.0
0.0
0.00013019684058462362
0.00013019684058462365
0.0
0.0
3.4353216361823493e-06
0.0008659764579753103
3.9706133386609515e-09
0.0016114354753475973
0.0
1.9752092778291117e-06
0.0
0.0
7.494083985076806e-05
2.6340166908893543e-08
3.083034312597955e-05
1.692362334687053e-09
0.00010139154095816255
1.0759185144827636e-09
8.689857162084584e-05
9.357247309230204e-09
0.00023235558510214125
0.0
0.00041044403006014983
0.0
5.567106327092621e-06
1.7826032480654525e-09
0.0
0.0
3.969491162756269e-06
9.551073179911015e-06
6.655906967356495e-19
1.5874681186080962e-19
4.475438809306339e-05
0.0
3.55590528644588e-06
7.5919375046466315e-06
1.975209277829595e-06
4.2337606077030216e-07
7.24686061058816e-06
1.6823701752320278e-07
6.549440859694571e-07
2.5421313143479625e-05
2.110312644383796e-05
7.615008145811791e-06
1.922326282091479e-05
5.118026989712232e-07
3.049934011333592e-07
0.000299638918093963
0.0
0.0
0.0
0.0
0.0
0.0
0.0
0.0
0.0
0.0
0.0
0.0
0.0
0.0
0.018187883021428375
0.018187882304335046
9.756006606081863e-07
0.00023703955759694307
7.614272939003228e-05
0.0
0.0
0.0
5.969040035227575e-11
0.0
9.970749931795834e-09
9.970749990245865e-09
9.970750048423013e-09
2.0609378195685142e-08
2.7187090702992897e-11
1.7386019642579585e-11
3.169297128495258e-05
0.0
9.497597056818436e-09
5.8776611339827544e-05
0.0
9.507350385958245e-09
0.0
3.47596027751425e-11
0.0
2.454687653661888e-09
9.970749697079854e-09
9.970749755989545e-09
9.970749814629715e-09
0.0
2.8980737980073525e-05
0.0
0.0
-5.094568532616743e-10
-5.8776611339827686e-05
1.1565938025604048e-07
5.710841792907361e-19
0.0
0.0
0.0007464184425375952
7.106793430949245e-05
1.0779817709154425e-06
2.080582917795243e-07
6.955804743591019e-06
0.0001043743436365153
0.00010614107530954452
6.6401537331411845e-06
6.22821318610895e-05
-1.5850042640549047e-10
-1.0349150650945017e-09
0.0
0.0
9.906023468364443e-09
8.189541537478725e-06
1.7007043223448307e-05
3.872623195218104e-05
4.2934326101999504e-07
3.46353449525611e-05
7.667389553726066e-05
4.991968614166149e-05
7.187982064173826e-06
8.850983304636899e-05
1.9065978961958625e-05
2.1019894640221235e-06
6.448089341041083e-05
2.1090344868546924e-05
3.136266908892209e-05
7.77209302200307e-05
9.779135546409645e-06
0.0
1.628724475767025e-05
8.158281852809313e-05
0.00348932940592141
0.0
2.0885596852626455e-08
2.060937821675651e-08
0.00013473808728233744
1.2235784044338628e-06
5.655498043956451e-05
7.430310271817997e-06
4.210781861657031e-05
4.1118043245633665e-05
2.8772723879542908e-05
2.4406374180974893e-07
8.879607787851963e-10
8.879607787585066e-10
2.0609378189911766e-08
0.0
6.847805463169616e-10
0.008169904992871074
0.0
0.0
0.0010861847877845232
3.654652518623848e-05
3.583357859956303e-05
0.00012123026849832586
5.5429962159754783e-05
4.3246939633144274e-05
6.036871979510648e-05
2.573624884303681e-05
-0.00020647170728987745
0.007190978773363956
0.0056048398895956475
-0.017246438779448703
0.005172797992399278
7.462631501938129e-20
-0.010194174026511882
-0.00038997671999581253
1.162066912917551e-06
0.0
0.0
1.1018437810051124e-09
0.0
0.0
0.0
3.654818732373905e-05
1.1620669129170643e-06
8.524810102591711e-06
0.0
0.00011918672983924074
0.0
3.599673865175975e-05
1.101843780424651e-09
6.095842114664999e-08
0.0
6.001067834235189e-05
0.0
2.5534985725431225e-05
0.0
3.7710254236657046e-05
8.51556147340422e-06
0.00011917754337454192
3.5997840495541304e-05
5.155477426386905e-08
6.000150373717786e-05
2.552597408630706e-05
2.2342725357198762e-08
2.234272533787913e-08
2.909702830240779e-09
2.7156920117581855e-19
0.0
0.0
0.0
0.0003937713692123701
4.815613888594153e-05
5.293910399320988e-05
9.676815277068019e-06
2.470957087657594e-06
2.0395944241625084e-06
5.4051120578395665e-05
7.321517943711913e-07
4.0592115050058764e-07
5.566896467025812e-05
1.2333079283543e-06
5.656406727727768e-05
7.437818462689261e-06
4.20813638135396e-05
4.113734375360707e-05
2.8781929620016644e-05
2.520026088120565e-07
1.2105830329914553e-05
2.732409491533995e-05
4.178483807920476e-05
1.9431845168333282e-05
4.318711539327558e-05
3.3905789008882844e-07
1.8484087482701502e-07
6.586127984546799e-09
5.815105321605329e-06
7.686870270413953e-06
7.914495088294455e-05
8.634720328574557e-05
1.7831736678500838e-06
5.8585820580187104e-08
0.0
0.0
0.0
2.4355239118519347e-08
0.0
0.0
0.0
0.0
0.0
0.0
0.0
4.624549973989344e-08
0.0
7.343517118242094e-07
-1.188616445909512e-07
0.0
9.970749579004616e-09
2.1305565066589132e-06
0.0
0.0
-5.095822093076603e-10
1.9303643126532138e-08
-0.0009136202099927666
0.0
6.020728557758671e-06
2.4398098400439685e-05
-8.628164736566618e-09
-9.692870533126624e-09
2.879566172712326e-10
0.0
-4.3373982600619784e-10
8.933382990125298e-08
0.002436812833038282
0.0
0.0005317106629879758
5.175579421245257e-05
3.607668437639355e-05
-0.0002755469966968832
-7.825205239738731
-0.0024671778715603665
0.000269879518060718
0.0
6.715749417720683e-05
0.0
0.0
3.222935364336537e-08
0.0
0.0
0.0
0.0017837441838856251
0.0
0.0
0.003546605349994675
0.0035466053499946734
3.5760722496405304e-05
4.814238637450226e-05
0.0035465984301221824
4.814238637450278e-05
0.003546605349994674
4.814238637450199e-05
7.096725687393716e-05
0.0
0.0
2.739186415178326e-19
7.176055335115386e-05
-2.294185609280457
2.294113752173096
-9.655400941364937e-08
9.986292749775274e-07
0.0
0.0
0.0004592531511964231
1.2316521033384886e-06
1.925180644055665e-05
0.0
3.710966267929107e-06
2.251924818512046e-05
0.0
0.0
0.007190978773363957
0.0
0.007190978773363957
0.0
1.231652103338446e-06
1.9251806440556223e-05
0.0
3.7109662679291467e-06
2.2519248185120563e-05
0.0
0.0
0.0
2.9145387748262728
0.0
0.0
-6.0056548589651525e-05
4.8459627767906145e-05
2.445682020940682e-06
5.76205614510393e-05
2.899410249869929e-10
-0.00027407694128964106
0.0002111134056708465
0.0002828514396460726
5.852493533707761e-06
0.0005389034205495016
2.3206931278953565e-05
0.0007569901305084663
0.00023204565283434098
0.00012879644499480745
0.0
0.0
0.00017358036160249217
0.00013473486381153577
0.0
0.0
0.00017358995955560447
-1.9431716307922227e-10
0.0
2.8730840578993744e-05
-8.326447958523599e-05
1.9303643126442068e-08
-6.253285706826437e-09
-6.253285706904544e-09
8.693511218170838e-09
0.0
-4.440128904494782e-05
-4.4401289044947886e-05
-4.4401289044947974e-05
2.673942544158983e-08
0.0036885814413898316
0.003688581441389832
2.415164062576888e-06
8.922553415443826e-09
0.0
0.0
0.0
0.0
0.0001806304699631181
0.0
0.0
-1.5850043051916983e-10
0.0001421060785618625
0.0001421060785618625
5.933027688536853e-07
1.69052505395211e-06
0.0
-9.248311340565714e-09
0.0
0.0
0.0
0.0
0.0
0.00015053681971891728
5.639842450254585e-05
4.6509205331668905e-06
5.267418069904348e-07
2.2070232245018224e-05
4.3714049474336114e-07
4.117011167126997e-05
2.2420904114983034e-07
2.739504182730978e-05
6.939125217183421e-07
1.0647767206997837e-05
0.0
0.0018698247656920575
-0.003245712797976613
8.475173811739918e-19
0.0
1.2204421777632436e-09
0.0
0.0
0.0
0.0
2.3732110738995497e-06
2.6781724731511826e-05
9.769489554421484e-06
0.0
0.0
8.50270260535564e-10
0.0
0.0
3.241242872594299e-05
-3.241242872594266e-05
6.884639484115086e-19
0.0
0.0
2.50668855232672e-18
1.682282241665265e-18
0.0
-2.0508537090790924e-09
0.0
1.516796814909546e-11
0.00035650061968228237
0.0002370413917680515
1.2513212334339613e-06
8.944125449490719e-07
4.601878143193946e-20
3.9026211364976886e-19
-0.39588319359867885
0.39581087319694147
-7.232862805196626e-05
0.0
2.6781724731510485e-05
2.6781724731510644e-05
1.5166873662952874e-11
0.0
0.0
0.00045926251513756476
0.0004592531511964235
9.466773322298328e-07
0.0
0.0
0.0
2.0508536979628747e-09
0.0
0.0
0.0
9.789045677493166e-06
9.779334354484762e-06
2.678172473151106e-05
5.193182995214472e-18
5.1931826854006024e-18
0.00011438972177445
0.0001153071036729625
-9.173818985072703e-07
9.173146280042235e-07
0.0
0.0
2.528599648630461e-06
4.593775913709958e-05
0.0
1.5161402628845925e-11
1.5164685072575004e-11
0.00023726821037313876
3.0717906024570274e-05
0.00026970943043270535
-1.7003638172604916e-06
0.0347790029102059
0.0
0.0
1.355395159485795e-05
-3.172175999804182e-11
0.0
0.0
0.0
-4.690577987139223e-10
9.710748862515866e-06
0.0
1.5540233275693836e-05
0.0
0.0011855765173127558
0.0
-3.019418154388241e-10
0.0
0.0
0.0
0.0
0.0
-4.3769218520649786e-10
0.0
0.0002196142020213386
2.0660949502839637e-06
2.0660949503116638e-06
5.933027688534611e-07
5.933027688485865e-07
2.6593977191802484e-06
2.344882175600677e-05
0.0
0.0
0.0
0.0035473303893419996
3.2412428725943636e-05
7.49795931846264
0.0
11.87401395702904
-11.87405881409474
-4.4866422944371285e-05
0.0
0.0
1.09304538691025e-06
5.543203022161321e-09
2.785291052225502e-08
0.00023703762962589976
0.0
0.00023709416321323563
2.5140774463856366e-19
6.650007377285048e-05
0.00019732279123654904
-1.456927595211988
1.457058389803567
-1.8294256272214526e-08
7.996616972997587e-07
-7.996616972997976e-07
6.919923617121173e-09
0.001187941156399884
0.0006818737066187483
0.0
0.0
2.850362479879e-10
0.0
0.0
0.0
4.12418442250693e-05
7.996616972996655e-07
4.565621906466712e-05
0.0
0.00021961419761718903
6.9198756254028375e-09
0.008123440510415747
1.8708052411790525e-17
0.00022816773990604216
0.00032697864451263555
4.337532243025817e-05
0.0003703637212008338
4.337532243025797e-05
0.0
0.0
-1.0025513038791763e-08
-3.521458137320131e-05
0.0
5.636920880852389e-07
3.576917362006205e-05
1.6118686732568398e-19
-3.5770940078460455e-05
-3.57709400784603e-05
-8.417692682564777
6.602055632997323e-18
0.0
2.148760871398941e-10
0.0
0.000882431957121603
0.0008824319571216031
0.0
0.0
0.0
6.919922172778871e-09
0.0
0.0
0.0
-6.715749417720695e-05
9.107649851574105e-20
-6.715328579653985e-05
-6.71472170562082e-05
2.1904913938425518e-14
4.689764351201474e-05
6.689552377993372e-05
7.432757604015358e-09
4.233765027020564e-10
0.0
2.066101668895067e-06
2.0661016689060022e-06
4.6897643512015764e-05
7.772093022003835e-05
0.0002064717072898764
7.772092350145628e-05
6.689552377993474e-05
6.689552377993562e-05
7.772093022003782e-05
7.772107809961541e-05
1.66938276170508e-10
1.984556239785811e-06
2.0648205472403026e-06
7.432757520575706e-09
0.0
0.0
1.1346161204982767e-09
0.0
0.0
0.0
0.0
7.3189245995562515e-09
7.318924603850162e-09
-1.1466760681460964e-09
6.088280402603771e-10
0.0
0.0
7.772093022003236e-05
4.6897643512015256e-05
0.0
0.0
1.083472733522828e-05
0.0
0.0
0.0003115815732458241
2.052182521920182e-11
0.0
0.0
0.0
2.233345696485536e-08
2.2337902516393107e-08
1.1779307642334218e-07
1.9303643126564795e-08
4.362142996567811e-05
-4.361961762278099e-05
0.0
1.1565938025590731e-07
-4.937501026559208e-05
-4.937501026559214e-05
8.096561486087667e-05
1.1322778614044972e-05
0.0002051688854959291
9.649596132958983
-9.64960720770563
-1.1097317103204384e-05
2.344882175600737e-05
-0.004456364749392705
2.92144801909177e-19
0.00014119405981864407
-0.0001411967489743128
0.0
-0.004456370381146435
0.0
0.0
8.09656148608764e-05
3.2962155408459045e-05
-0.0014005841674977057
-0.0014335463229061646
0.0
0.0
0.00010894944924958034
-2.7340261629234524e-08
-3.1303273431236084e-08
0.0
0.0007388789563016473
8.505150833134634e-09
1.2938445535089311e-09
8.722378916843628e-09
0.0
1.8326454692513677e-08
0.0
0.0
6.784943901186437e-07
7.760655661840172e-05
0.0
7.829128987819359e-05
-6.63201270159966e-12
