0
0.0
0.0
0.0
0.0
1.0167840756738261e-08
2.1118640538863956e-07
0.0
0.0
6.985466302859241e-07
0.0
0.0
4.039925573765671e-09
0.0
0.0
0.0
0.0
9.595420248479404e-09
0.0
0.0
0.0
0.0
0.0
0.0
0.0
3.180268602179869e-07
9.681710500150177e-09
0.0
0.0
0.0
4.314574682283432e-09
0.0
0.0
0.0
0.0
0.0
0.0006805527637787324
9.6517245563632e-09
6.865361085845537e-10
1.6338323072849598e-09
8.281769118745147e-09
1.3740026029215408e-08
0.0
6.187174244527392e-09
0.0
0.0
7.825482597993532e-09
6.874781125831633e-08
0.0
0.0
0.0
5.6642516551604625e-21
0.0
0.0
9.706190865003374e-09
0.0
0.0
0.0
9.759441452922392e-09
0.0
0.0
0.0
9.71178145367488e-09
2.1533493639480593e-16
0.0
8.785847809025744e-09
0.0
9.122950505814091e-09
0.0
0.0
0.0
0.0
0.0
7.617235905967849e-09
1.0153478058327892e-10
2.4279627094913398e-12
9.928302648217445e-09
0.0
0.0
1.3075294618570685e-08
0.0
0.0
0.0
0.0
0.0
0.007503438459979472
4.898284926404877e-13
0.0
0.0
0.0
9.650736202202584e-09
0.0
8.024382966198673e-10
0.0
0.0
9.205384128743819e-09
0.0
8.947064350222864e-09
0.0
0.0
0.0
0.0
0.0
4.629264822739508e-09
0.0
0.0
0.0
0.0
0.0
0.0
0.0
0.0
9.751334123141757e-09
0.0
9.660428620734157e-09
0.0
0.0
0.0
0.0
0.0
0.0
1.2192163802229914e-09
2.0209867799939296e-08
9.487089102029886e-09
1.897848777769373e-07
9.702958262706345e-09
0.0
-3.5105536255741754e-09
0.0
9.36443067524668e-09
5.580738749308292e-09
0.0
9.857144940726947e-09
0.0
8.089998710036152e-10
0.0
9.510811488150937e-09
0.0
7.608033904731235e-07
1.9734443412308006e-08
0.0
4.333709883771497e-09
2.152621419391901e-09
1.9551942404711803e-08
0.0
1.2273253736389318e-08
0.0
0.0
0.0
0.0
0.0
0.0
1.4888855241751952e-08
9.705160211944951e-09
0.0
9.730845068568733e-09
9.564061793426396e-09
0.0
9.695050644298858e-09
1.1536845500134319e-08
9.802707016050731e-09
1.6694904544971917e-09
0.0
6.526360629671293e-09
-0.001481763964128413
1.3868108176107653e-06
0.0
2.493811757066822e-08
0.0
0.0
0.0
0.0
1.7216476212922063e-10
0.0
5.481021184486878e-07
9.822374245225142e-09
0.0
0.0
0.0
0.0
0.0
0.0
0.0
0.0
0.0
0.0006847627281829539
0.0
0.007497260910894031
0.0
7.431520211242529e-08
9.063623297706523e-09
1.0287226394228649e-08
0.0
0.0
0.0
0.0
0.0
1.32732571185205e-06
0.0
1.117067792498176e-07
0.0
0.0
0.0
1.9502007895048737e-08
0.0
0.0
3.807496899797119e-09
1.4932533475311852e-08
0.0
1.1086703263721077e-06
1.9733751935576478e-08
9.478668156518946e-07
0.0
0.0
7.758010467371597e-09
3.069160349001638e-08
0.0
9.602197260988848e-09
4.1181230828667874e-08
0.0
0.0
8.962090465544602e-09
9.196169018967036e-09
7.420798797022804e-10
9.700881725813869e-09
0.0
0.0
0.0
0.0
4.067836705763363e-20
0.0
3.4419222674365884e-09
9.022825340260659e-09
1.6922075156064476e-10
0.0
0.0
9.34109079096285e-09
1.3485278482940196e-11
9.688677091887336e-09
2.6154369062213537e-12
1.2129143517607477e-09
6.20960953918186e-09
0.0
2.0924803715373528e-11
1.254631856628663e-06
6.297794966122062e-12
0.0
0.0
0.0
0.0
0.0
4.4736029315619836e-11
-0.007499082812714164
3.184453536812203e-23
9.8598793223936e-09
9.912386891326377e-09
0.0
0.0
0.0
0.0
0.0
0.0
0.0
5.122478953650811e-07
0.0
0.0
0.0
0.0
2.811202150121954e-09
0.0
0.0
0.0
0.0
0.0
4.703793481981223e-09
0.0
9.07497077866161e-09
0.0
6.385191028490981e-08
0.0
0.0
1.814807490717073e-08
0.0
9.825029668207895e-09
0.0
0.0
0.0
0.0
-8.18059144784642e-09
0.0
3.73275542164432e-09
-2.5483505141699926e-08
0.0
0.0
9.565580885980627e-09
9.473070941233479e-09
9.154136440339273e-09
9.644244650522432e-09
7.358502240255108e-09
3.73275542164432e-09
0.0
0.0
0.0
1.3203947822937145e-08
0.0
5.440128972094375e-09
0.0
1.915093325203609e-08
9.389763479312278e-11
0.0
0.0
9.806603439093485e-09
0.0
-3.2497821707971886e-14
8.909704488024754e-09
4.0632942911384216e-08
0.0
0.0
0.0
0.0
0.0
0.0
0.0
0.0
2.816207893216898e-08
0.0
0.0
0.0
0.0
0.0
4.653465135183347e-10
9.864894584667816e-09
6.647672499344765e-12
6.086663146412435e-08
0.0
7.916939592543354e-10
0.0
0.0
0.0
0.0
-6.985466302851334e-07
-6.985466302843288e-07
0.0
0.0
1.8687527457693866e-08
9.121950418545784e-09
9.977640457852757e-09
9.964543354616835e-09
6.364818104308689e-10
5.975979938670225e-10
0.0
-2.6800480296521366e-10
9.930548098932315e-09
9.964541635086849e-09
9.977637788646035e-09
9.97006458445864e-09
0.0
0.0
0.0
7.026373492827734e-08
1.3051047646810143e-09
9.750347524910176e-07
3.325295380075364e-08
0.0
1.7243017345772082e-09
0.0
0.0
5.58061821788254e-09
0.0
5.563131198915498e-08
1.3301419726168232e-08
0.0
0.0
0.0
2.312319615759827e-08
0.0
5.5462647171948074e-08
3.4529070424757465e-09
0.0
0.0
0.0
3.2596074219618034e-08
0.0
8.198956809544634e-09
0.0
0.0
0.0
0.0
8.58812233131091e-09
0.0
2.0723590773211163e-08
0.0
4.8703774115641006e-08
0.0
0.0
0.0
3.560712095230634e-11
3.319165925557496e-10
3.180268602110752e-07
6.4430532888753e-10
6.121467504333113e-10
9.972720590350673e-09
3.3761689071483596e-07
3.5780059172447036e-08
2.920031910347527e-07
7.321237015724085e-08
2.9200314049566465e-07
1.0262341508146183e-07
1.4715644378014904e-06
4.8251142883392636e-08
5.060936212344732e-07
3.552679832200888e-07
3.5526793261218787e-07
3.552678820242948e-07
2.8884463358686643e-09
0.0
-3.1802686021695117e-07
3.180268602159182e-07
0.0
1.9869486666955857e-08
1.9909875684839814e-08
1.9955653123334617e-08
1.994278242675455e-08
3.279828495134392e-07
3.578007181509468e-08
2.9200320367239317e-07
5.4740780283234897e-08
2.920031531286828e-07
1.02623427729342e-07
1.4715644504369676e-06
4.82511555306441e-08
5.060936338877777e-07
3.55267995875416e-07
3.456315152938701e-07
3.552678946704829e-07
3.376169159997018e-07
3.5780084458103946e-08
2.9200321631182066e-07
5.474079292819361e-08
2.920031657634947e-07
1.0262344037754381e-07
1.4715644630706923e-06
4.825116817835155e-08
5.060936465351646e-07
3.552679579140292e-07
3.552679073169736e-07
1.9780924076096053e-08
0.0
9.967864794338402e-09
6.058534779910706e-10
0.0
0.0
1.3298029965993163e-13
1.0212298932124313e-09
0.0
9.736015975569224e-09
9.974183299492172e-09
-1.4536396572339545e-07
0.0
0.0
0.0
9.700926050828818e-09
0.0
-9.733111245517189e-09
0.0
2.56708381577177e-05
0.0
6.142536100042263e-06
7.999896450511404e-08
0.0
5.0699899034989105e-09
2.011530423153932e-07
0.0
7.046523157530296e-06
0.0
1.8687527475036644e-08
0.0
7.963300544734026e-20
9.175200927495766e-06
5.7125285867347344e-08
0.0
4.707426411309359e-10
0.0
9.29140282206778e-07
9.224163503142129e-07
-4.049093719450062e-07
-3.852949547449719e-07
-3.800906779094287e-07
-3.696969085554822e-07
-1.5691221503816993e-06
5.35059597767389e-07
-3.2335887905140647e-10
-9.651724556299784e-09
-2.425736317303856e-06
0.0
0.0
0.0
0.0
4.171381634041069e-06
0.00011048815671272399
1.633832306917609e-09
-8.281769936502315e-09
0.0
1.4419487507598638e-08
0.0
1.555222705837827e-06
0.0
6.794611083823044e-10
-4.359107687122925e-09
3.583934750624342e-07
3.583934756675902e-07
0.0
-0.0006715075569552198
9.115468019216246e-07
1.5583741015651048e-06
0.0
0.0
-6.187174295471665e-09
9.540903539280175e-09
9.540904105282748e-09
5.367562165743732e-10
0.0
5.367559244098416e-10
-9.291652325413985e-07
-9.12740313690243e-07
3.9526698471303126e-07
3.756548098756191e-07
3.800906856789299e-07
1.5687043086742847e-06
5.723923554243724e-07
3.839124008192799e-08
3.091401446866262e-07
0.0
7.825483108930218e-09
0.0
0.0
9.368078119548207e-06
9.3583335199978e-06
8.451750200741404e-09
1.4535397114367649e-08
1.7178801485755393e-08
2.4437593619279414e-05
5.347445688247266e-08
6.0073854811070925e-06
5.428133129073487e-08
2.924059658322387e-07
0.0
0.0
-6.874781155052184e-08
6.874781185733048e-08
-0.0006805347021333293
0.0
-0.0006805527637787325
6.802309430240954e-08
0.0
0.0
2.390756773453865e-08
9.966903141353511e-09
9.966905811924304e-09
3.350051750135308e-05
0.0
-1.2595120863612532e-08
0.0
2.85791923075678e-08
9.981652647029211e-09
0.0
13.461678505302697
-13.461678465392557
6.427000854091683e-10
0.0
0.0
9.930565369433048e-09
9.931374455983734e-09
0.0
0.0
1.5718460322404126e-08
-4.60725868110052e-10
2.2041701103203692e-10
0.0
3.115015352926548e-06
5.107451971594599e-07
0.0
1.0260848457486894e-06
1.1468089868265703e-06
0.0
0.0
3.9002105824465384e-07
0.0
2.7553788665253362e-08
4.096948634470045e-07
4.95194568326377e-07
0.0
2.8162079318294712e-08
0.0
6.325167516452908e-10
8.472796279368766e-10
0.0
3.7539658590783326e-08
1.0548388100169192e-08
9.86174986461177e-07
0.0
2.979662438504503e-07
-3.58393474675367e-07
5.665646722984319e-21
1.0167979456705812e-08
-6.614508541585851e-09
2.204225242212674e-10
-2.2042074415695723e-10
2.7226922914532094e-07
2.368785167253673e-10
2.368785158229214e-10
0.0
1.1781768522852679e-06
3.414491847873726e-07
5.526170579033112e-10
1.395326056552847e-07
-2.2677795744573126e-08
1.118774256386392e-08
-4.264726083391679e-07
5.157274629768331e-07
2.953832788874201e-16
0.0
0.0
-1.6534323029467864e-05
1.6571393123457613e-05
9.684586195768668e-09
0.0
-1.8978487777586477e-07
1.0354216924286105e-08
1.5952628645434831e-07
4.267435155269033e-06
6.190624563097027e-09
0.0
0.0
-4.2928070073171777e-10
2.5763203659164196e-07
2.576320385959589e-07
9.933781697397948e-09
9.933783716295333e-09
-9.759441019219217e-09
0.0
-4.292809124809708e-10
0.0
4.4833860668731545e-09
4.9010427413587044e-08
4.9010427414785126e-08
0.0
1.0634072861416762e-06
0.0
3.732244198863932e-08
0.0
7.159479898714506e-10
7.168593063989807e-10
0.0
0.0
5.367555965561677e-10
-1.142651588625021e-10
0.0
0.0
5.58822729277379e-08
3.9590985177362636e-08
9.942108504402489e-09
6.44389035490499e-10
6.203598394688745e-10
1.5488331983787464e-06
0.0
0.0
7.046523158741654e-06
0.0
0.0
0.0
0.0
4.371422793985509e-16
1.0393021066363032e-08
1.1412440589220716e-09
1.1939337649639877e-08
1.7293490905732124e-08
8.644946870497928e-07
0.0
3.022458929308574e-07
4.14237627519321e-09
1.6037557652076266e-08
2.442565428186923e-05
3.6180966199636667e-08
5.14289079428757e-06
5.620056100804656e-08
0.0
0.0
0.0
-3.824113667461748e-10
4.4794272485714716e-07
1.319620037030415e-07
0.0
1.1405746953325518e-06
1.149360543141616e-06
1.1405746953191924e-06
1.1405746953328259e-06
1.1405746953257506e-06
0.0
0.0
6.000695565472526e-07
-2.1351550348136264e-07
3.962658345195712e-07
-3.824113667479625e-10
-3.7951499556431855e-08
0.0
2.7985463292428888e-08
1.6005853610689276e-06
1.6738795001773263e-09
1.6738811371564896e-09
8.108807732767462e-16
0.0
1.5810143700594628e-06
6.376111355449517e-10
2.2408441035082003e-08
0.0
0.0
0.0
2.5879840493145407e-08
0.0
0.0
1.050609700032935e-08
5.81766376010613e-16
1.5893793815766833e-07
-1.3954474788814867e-07
5.719881316411533e-10
0.0
0.0
2.2557582422561887e-10
1.0673144615514714e-07
-3.188534549944128e-08
1.8934742778565376e-08
0.0
0.0
0.0
0.0
-1.916029752913051e-08
2.960007722574669e-16
5.0410699610712e-07
1.1903409975547891e-07
5.279365006969562e-05
0.0
-5.3408419186813313e-05
9.508592140612457e-09
0.0
0.0
-2.1559912266790743e-06
0.0
0.0
0.0
0.016566210375708934
0.0
-3.7691388291426644e-10
0.0
6.068030305009591e-09
0.0
0.0
0.0
1.5718443597094768e-08
9.866303932027053e-09
0.0
9.438897100654323e-09
9.438889233325605e-09
0.0
0.0
0.0
0.0
8.683542773724184e-10
8.683542387612686e-10
2.179762293551473e-14
1.2154098327212033e-14
2.893055236902024e-14
0.0006466434367843916
0.0
4.039925539659668e-09
0.0
-0.0006466433352499412
0.0
0.0
0.0
0.0
0.0
-8.102867001540924e-10
3.180268607798378e-07
-9.295447683950984e-08
0.0
5.458540856878239e-15
7.722160368280272e-06
0.0
0.0
7.718688836185842e-06
0.0
1.752621717240189e-07
6.636465890437639e-09
0.0
0.0
9.698231027896242e-09
0.0
2.728711847640365e-15
7.611479942407456e-15
0.0
0.0
0.0
0.0
0.0
3.959098664295751e-08
6.177328683101936e-10
0.0
0.0
-1.3075294617859168e-08
0.0
8.982905218128404e-09
0.0
0.0
6.389504492554755e-09
0.0
4.576912803023856e-20
0.0
5.649215028082255e-06
5.657934288252415e-06
8.719260170266755e-09
0.0
0.0
0.0
7.60153072867195e-09
5.049058404074276e-09
0.0
1.2566362850139185e-08
0.0
-9.776420684106063e-09
-9.512934367756493e-09
7.601530221685443e-09
5.019628296354384e-09
-4.714614815912112e-09
1.2566362323117921e-08
0.0
0.0
-1.0153445011845674e-10
0.0
9.960842230357335e-09
6.9708257406431446e-09
1.6374735499998428e-08
-0.0075034384599793405
-0.006770872137950922
7.917823259217273e-07
0.00018345927477828391
-4.898284924287295e-13
0.00018425105661437714
0.0
0.0
0.0
0.0
0.0
0.0
4.130948170745251e-06
8.240517986068547e-06
8.240517986068616e-06
8.24051798606096e-06
8.23086724986626e-06
8.240517986053265e-06
1.0341097410473469e-14
0.0
0.0
1.3909518230595319e-09
-2.600350490489234e-15
0.0
0.0
1.057031285677662e-08
2.6007992061930418e-15
0.0
4.78813278427434e-06
-4.797282353694694e-06
-8.024382960708477e-10
0.0
1.875315547295031e-08
0.0
0.0
8.024479776404941e-10
9.368343299360247e-06
9.05127297863723e-11
9.926353693778637e-09
5.934716989442572e-10
1.0570312858717393e-08
1.407457959276307e-08
-4.690396595162679e-09
-1.189367949870022e-06
9.870717977462042e-07
4.966683653625159e-07
1.6186701248783613e-07
2.2978921405135938e-09
9.304299489401976e-09
0.0
-9.205384128743819e-09
0.0
0.0
-1.1273092701024386e-10
1.3486751909845226e-17
3.732755421753142e-09
0.0
0.0
0.0
0.0
9.810188274178978e-09
5.5232745495776256e-08
9.810189021521794e-09
4.791939112415061e-10
0.0
0.0
0.0
4.2292828091829855e-16
0.0
1.7073989187468777e-05
9.680471532236626e-09
1.7074106326064106e-05
5.5375216619351536e-05
6.699703214011395e-08
0.014930444792678766
2.0564303666961103e-07
0.0
7.287119658203411e-07
10.216116152721428
-10.216116112896305
9.954407534574992e-09
2.574808643900084e-07
5.622912572296641e-10
1.9976421307063563e-09
0.0
6.385140859322645e-09
1.745432321989741e-08
4.5572033740681734e-10
1.9928830936656628e-08
6.311566473262192e-10
6.787062554085382e-08
0.00034041081050302383
6.5037000917422724e-06
3.1818487087776765e-06
1.0108791387634315e-07
0.0
6.8251115612317414e-06
3.4107104993576607e-07
4.692203714574518e-10
6.306894661976081e-10
0.0
1.6816374947352568e-08
-9.127584209289719e-09
5.42487420558272e-09
-4.039925556736725e-09
0.0
1.677576404676113e-07
0.0
2.3747116299506e-09
2.708591739664374e-09
0.0
2.893569393259944e-07
0.0
0.0
0.0
6.389503667247919e-09
0.0
5.798751731596135e-10
1.8931520794791806e-08
9.938969857676008e-09
1.9825774650263212e-08
5.805696795383478e-10
9.861757113446998e-09
0.0
0.0
0.0
0.0
5.4055201091080114e-08
-2.3717900665443357e-10
0.0
6.28841334692463e-10
1.9915659957180865e-08
6.20045053808348e-10
1.0354203984094713e-08
9.115468021320676e-07
0.0
0.0
8.237182773330673e-09
8.237182772758079e-09
-9.895109806621477e-09
0.0
4.180944299078636e-10
4.894933407496371e-19
2.8884463364039433e-09
0.0
0.0
0.0
0.0
2.7288453500513614e-15
0.0
0.0
0.0
-1.56529867735046e-11
0.0
9.373037442883154e-08
2.2714908528218583e-08
0.0
-1.0673144498205879e-07
9.885752811353457e-09
0.0
0.0
1.0167841017058272e-08
0.0
0.0
0.0
5.4055201306770615e-08
0.0
6.39005775002833e-10
1.994116872935223e-08
6.349794946043877e-10
1.9250320272908023e-08
0.0
0.0
0.0
0.0
0.0
0.0
0.0
8.585825921153846e-09
1.960441146873287e-08
4.213076350411019e-10
2.168404344971009e-19
-4.2130763457174567e-10
0.0
0.0
0.0
-3.3191679247819243e-10
6.715810220196466e-05
6.715810220196463e-05
0.0
0.0
6.063040405038023e-08
0.0
8.828010102100468e-09
0.0
9.988268403477093e-09
0.0
1.9583361490489552e-08
9.74224458654343e-09
4.1236917782770905e-10
0.0
-1.0183534984676765e-08
5.875404181212119e-10
5.099521256299211e-10
0.0
1.814378735287325e-08
1.7199373144965924e-08
1.968324300063235e-08
5.102730871657402e-10
0.0
0.0
0.0
4.413585948035758e-13
0.0
4.6336930717001827e-08
0.0
4.4724382623453876e-08
0.0
2.999923470702202e-07
0.0
8.306864061748026e-08
0.0
3.0159127581860997e-07
0.0
1.1167459403953354e-07
0.0
1.4813289884564767e-06
0.0
0.0
5.6533605428294783e-08
5.159332043829569e-07
0.0
3.6507308730319296e-07
0.0
3.637235384387058e-07
0.0
3.6307858359884323e-07
0.0
0.0
0.0
0.0
0.0
0.0
0.0
9.29165235153892e-07
9.224163451046485e-07
-4.049093771489598e-07
-3.8529495993493926e-07
-3.800906830881204e-07
-3.793363569544461e-07
-1.5594274611090818e-06
-5.350596028871543e-07
0.0
0.0
0.0
0.0
0.0
0.0
0.0
0.0
0.0006967880006892857
0.0
0.0
1.143967418685971e-08
0.0
0.0
0.0
-1.0780669448953408e-08
0.0
-1.6152575228480766e-10
-1.8017991588508156e-07
-1.801799158847239e-07
-1.950083875810831e-08
3.658353525664362e-10
0.0
-9.702958263084222e-09
2.1098659433927446e-07
0.0
0.0
0.0
0.0
2.2687061359822885e-09
1.4620584216867004e-08
0.0
0.0
0.0
1.186162991830295e-06
0.0
0.0
0.0
7.812936647913954e-08
2.50388195004321e-06
0.0
0.0
0.0
0.0
0.0
3.765615862259016e-08
9.802991348456171e-07
2.871989226845915e-08
5.747977343987994e-07
0.0
9.72147085801945e-09
2.9558422960357063e-07
0.0
0.0
0.0
0.0
-9.369240212547228e-11
-0.0007750771539618562
-3.717858819704889e-10
0.0007751630636482567
0.0
0.0
0.0
0.0
0.0007320829550539157
4.553815112109127e-07
9.551445387431299e-09
0.0
0.0
0.0
0.0
0.0
0.0
0.01331930421747736
0.0
0.013308221900981574
0.0
0.0
0.0
0.0
0.0
4.92413750846724e-07
0.0
0.0
9.462282085690269e-07
9.462282085695295e-07
9.462282085619006e-07
9.363710636287338e-07
9.462282085553069e-07
4.1514514880560084e-07
0.0
-1.1110644209111342e-05
1.5411149069046072e-08
0.0
0.0
0.0
0.0
0.0
0.0
0.0
3.8274477307638607e-07
0.0
0.0
7.380606644249689e-07
7.316850606621265e-07
7.329042770436704e-07
7.380606644196333e-07
7.329042770444192e-07
5.0891211524405066e-08
0.0
0.0
6.313067925159855e-08
6.313067925815558e-08
6.313067926517499e-08
7.264149075372458e-08
6.313067926567334e-08
2.775893285341114e-06
4.0887044108688503e-07
1.1486836326785344e-08
8.407145526981978e-07
0.0
0.0
2.4426177470715206e-05
0.0
4.092383293242587e-06
1.52112319735505e-15
0.0
7.417659760840043e-08
0.0
4.266684936241153e-07
5.421010862427522e-20
1.2286400468330662e-06
-7.60803390472786e-07
0.0007345277800024323
0.0
0.012991784221695557
0.0
1.8004710567956988e-09
0.0
1.1151432171783397e-08
6.66336699844272e-09
0.0
-4.333709883791101e-09
-4.333709883791101e-09
0.0
0.0
-1.973444341231076e-08
7.646022987585994e-06
0.0
0.0
-2.1526214189794817e-09
9.57486359284372e-06
0.0
0.0
-1.0126568979227068e-08
0.0001302378563222651
0.00013023785632226508
3.0505040469540415e-06
0.0
0.0
-2.9081615651878666e-09
-9.876739035002058e-09
0.0
1.8924632362877578e-08
0.0
0.0
2.560032070062461e-08
0.0
1.216802991823757e-07
0.0
0.0
6.756514355344777e-09
9.888795874171685e-09
-4.396171522401266e-07
0.0
0.0
0.0
0.0
6.058680909930127e-10
0.0
9.917501610744173e-09
9.75410371603466e-09
3.31020539637456e-10
1.6176494458026985e-08
5.841006272690676e-10
2.2622331131303947e-07
4.509490260432626e-05
4.472805738065858e-05
4.181754906892507e-05
0.006291044498804604
0.0
1.0187991548506173e-09
0.0
1.7200097042283107e-08
0.0
-3.7590040181965087e-10
0.0
8.749247577671678e-09
0.0
8.74924757733482e-09
0.0
0.0
-2.3717922014777115e-10
-9.730845068633455e-09
-9.730845068587715e-09
-1.7357718587868154e-08
0.0
9.769951996652187e-09
0.0
0.0
-3.6595942748505086e-10
-2.1807993328779556e-09
-2.1807993328506884e-09
1.4772418897543157e-08
0.0
0.0
-5.497181645692879e-09
0.0
0.0
0.0
-9.802707016503664e-09
0.0007036848110089447
-7.050665135633328e-07
7.05321546790192e-07
0.0
9.535792443079193e-09
4.303534023915713e-15
0.0
2.635580590150979e-07
2.0377751005191003e-05
0.0
0.0
4.17645099618895e-05
0.0
0.0
0.0
0.0
-6.911788849595091e-19
6.925672044591491e-06
2.0326308861274428e-05
0.001464401408319681
0.0
0.0004769586434980601
0.0004755718326804473
-1.3868108176117583e-06
1.0508106117319687e-05
3.844869183405425e-07
0.0
4.62000655410236e-09
4.6200065650233525e-09
0.0
1.089105170587225e-05
0.0
0.0
0.0
3.4365428859375194e-10
0.0
-1.54858298670537e-08
0.0
0.0006583885930422531
0.0003463949617142643
-1.7874512609258448e-06
0.0014835611145264955
0.0014640169214013552
1.0891051708080402e-05
0.016411050550806626
5.835953370433347e-16
0.0
4.249516003231887e-10
-3.6595921465254605e-10
4.472805738104597e-05
-1.9579367460664798e-08
0.0
9.117424993975104e-06
-7.92212482858117e-06
0.016369134651406107
1.5124963946838816e-08
0.0
-1.0905337498486045e-07
5.179135961098153e-08
0.0
0.0
0.0
-4.6286917296542324e-05
4.6380369111740176e-05
9.895189973953126e-09
0.0
0.0
0.0
9.163701741293512e-06
0.0
1.2362033981539573e-08
0.0
0.0
4.143481968383946e-10
0.0
2.9686719560487626e-07
9.738030787615433e-09
-4.911788126413139e-10
-9.82237425423138e-09
2.273474931917215e-09
0.0
0.0
0.0
6.614282823628925e-08
1.0639937068912673e-06
-0.0005490453274310525
0.0005490535181904425
0.0
1.1625418704745722e-06
0.0
0.0
-5.481021184430196e-07
2.1496480627659676e-07
0.0
1.0222158005166501e-07
6.417998174498876e-06
2.9564648434452056e-16
0.0
2.607350069183667e-08
0.0
3.7599370855444604e-10
6.455405630753013e-15
0.0
0.0
0.0
7.690283130685626e-08
0.0
6.394293342150449e-10
0.00676650042606572
0.0004754558113265075
2.1516070757382965e-15
0.0
6.756514466282651e-09
3.132281589113609e-09
1.5862979613925002e-10
1.0331683376422379e-08
1.6176494059815482e-08
0.0
8.333691713022983e-10
3.065962493211656e-07
9.75410372965614e-09
0.0
0.0
0.0
0.0
3.988416582415708e-08
6.347684593991094e-10
2.783020166156733e-05
2.783020166434838e-05
9.988272571829961e-09
-1.9039436711387883e-08
0.0
2.9639975070817342e-08
0.0
0.0
9.973249774750288e-09
0.0
0.0
0.0
2.2066783636417353e-08
1.2402862623647889e-08
0.0
0.0
0.0
0.0
8.287283383999497e-07
3.06876055344917e-07
6.241646074480612e-10
-2.87290578385144e-07
0.0
-2.180799332913006e-09
1.9586348572410833e-08
0.0
-0.007497241560044319
-0.0079724310517409
0.0
7.43152022845252e-08
-7.431520219838036e-08
0.0
0.0
9.194889381649713e-07
9.224163477102032e-07
-4.0490937454636976e-07
-3.852949573401182e-07
-3.800906804990456e-07
-3.7933635437144286e-07
-1.5691221529589275e-06
-5.254050990643549e-07
1.0354201396765118e-08
0.0
2.888446335886914e-09
0.0
4.15282839232381e-06
1.9755160050397053e-08
0.0
0.0
9.65045037760181e-09
0.0
0.0
0.0
0.0
0.0
0.0
0.0
2.2640359001474745e-13
3.124861076161713e-08
2.543142386258553e-07
0.0003463017955442996
-1.3183813944596577e-06
8.71484216012739e-09
0.0
0.0
0.0
0.0
5.287343949257062e-17
7.2838990305059984e-09
0.0
4.967638178694391e-09
2.0404231163852584e-10
2.8884463360177314e-09
0.0
0.0
0.0
9.728279614165669e-09
3.0924886491960197e-09
0.0
2.0404231164700834e-10
-3.528421569900358e-10
-9.68171050012216e-09
-1.2556835316517472e-08
0.0
3.1434319166589247e-08
2.2757762341726027e-08
0.0
0.0
0.0
1.822666634434378e-07
-1.3273257118500536e-06
1.185500555586007e-06
0.0
1.9084083094649524e-08
0.0
0.0
8.283323636896096e-06
6.231637670674998e-10
6.231617072341369e-10
-0.0006847727747331771
3.9054498055712556e-10
0.0
8.647872726420306e-09
0.0
8.647871932748596e-09
8.647871130770453e-09
9.220736412871226e-06
-13.260290734580416
13.260290724645856
0.0
1.3759745685921603e-07
5.407114513332881e-09
-2.997862709843131e-06
3.138970343880973e-06
-1.021328383965786e-07
-1.0213283839605388e-07
0.0
0.0
0.0
0.0
1.9775756104198488e-17
2.3626661039793262e-08
-1.2942433432021709e-08
1.243559137609207e-09
6.614510494884485e-09
3.790453454176072e-08
9.978202229510595e-09
0.013489899903223902
0.013489907260884948
0.0
0.0
0.0
0.0
-1.0076932280684059e-08
0.11112061660101843
-0.1111205966498115
9.97300889659055e-09
1.7455111037540658e-09
0.0
9.389868347471016e-07
-9.293101449847712e-07
-9.389868341341812e-07
9.389868338578194e-07
9.551445338473289e-09
2.247778513584673e-10
1.473804150674975e-08
1.4738041503391676e-08
-9.018712144181668e-07
-6.969904861597875e-09
3.086792319499945e-07
4.6588776581090975e-08
0.0
0.0
0.0
0.0
0.0
3.314702465683015e-05
3.31411829830293e-05
0.0
0.0
0.0
-1.0989875950732143e-06
-1.098987595073794e-06
7.825484130842716e-09
0.0
0.0
1.2957245670636958e-07
9.960151346504115e-09
9.960150147721927e-09
6.232045328402649e-10
9.956572709278535e-09
6.495362028674837e-07
1.0852223988895662e-06
1.4948917716574302e-07
1.093738236188695e-06
6.398737325343873e-07
0.0
0.0
-1.9733751935622568e-08
-1.5542047909985977e-08
-0.0005338124734015966
0.0005418930648998441
9.389868356274456e-07
2.5815117173222983e-17
0.0
-9.382632039884676e-07
-9.478668125950662e-07
1.0222158212108063e-07
0.0
9.06362331987641e-09
1.0287226392042917e-08
0.0
0.0
0.0
4.922674133457942e-10
0.0
7.757984056895849e-09
0.0
-7.758010479798523e-09
0.0
0.0
0.0
0.0
2.247240433906419e-09
0.0
0.0
0.0
0.0
0.0
0.0
1.0262992959161102e-08
2.0466359858803236e-08
0.0
0.0
1.1523522181384028e-08
7.259613394380933e-09
0.0
0.0
0.0
0.0
3.0607903884361554e-07
0.0
0.0
7.026373516215912e-08
1.3051049596067972e-09
9.750347527169857e-07
3.325295403293794e-08
0.0
0.0
0.0
5.2729343298283124e-09
0.0
0.0
9.490337013380767e-09
0.0
9.689976330268648e-09
6.171518165736155e-09
0.0
8.836511514133332e-09
9.624741036405725e-09
0.0
9.834641933504607e-09
2.0863802994429823e-08
6.873976701350851e-09
0.0
0.0
1.5211320369313597e-08
0.0
1.96831544529022e-08
0.0
0.0
7.670403020094512e-10
1.517144057087112e-08
0.0
0.0
0.0
-1.9583360891359432e-08
4.039925928372544e-09
0.0
0.0
5.390775589273938e-08
7.974414790185004e-08
-3.0691603440137494e-08
9.181908302502105e-09
9.181908302607194e-09
0.0
-9.68867687570511e-09
0.0
0.0
0.0
0.0
-9.6021972609896e-09
2.1113288411294998e-07
0.0
0.0
8.780475150361508e-10
0.0
0.0
0.0
0.0
0.0
0.0
8.508490873404622e-10
0.0
8.508488620899e-10
0.0
1.225390239715134e-07
1.5420665656500536e-07
-4.118123082873324e-08
2.0641309072812968e-05
0.0
1.010849733225093e-09
1.010849765004096e-09
9.685478881618074e-09
9.69059133718998e-09
9.690591200811556e-09
9.690591688885271e-09
0.0
-3.7169323376242104e-10
1.8069178418017945e-09
1.8069178416425628e-09
1.8069178184377108e-09
4.180821771491462e-06
0.0
3.7913588604355946e-07
4.196166351075616e-07
0.0
0.0
0.0
0.0
0.0
3.525059667379777e-08
0.0
3.8264417995213233e-07
0.0
0.0
-2.328812098309485e-05
8.630074690788933e-08
1.9191544481264032e-07
1.2429402545713391e-08
3.7452786322670564e-05
0.0
0.0
0.00016786426633041832
0.0001678544963782153
9.769952409379056e-09
9.439057554692864e-09
9.439065380759104e-09
0.0
0.0
0.0
0.0
2.704409236501186e-06
0.0
0.0
0.0
0.0
0.0
0.0
2.6953864062599e-06
0.0
3.0456105381543326e-15
9.180877618627514e-09
9.180882148268621e-09
-3.2984646234210033e-06
0.0
3.3067474527711623e-06
0.0
1.2574656282586808e-06
1.409453283865514e-17
1.8069178415612477e-09
1.166379005984589e-06
1.1760148518714555e-06
9.842490986283473e-09
3.826381369901059e-07
0.0
0.0
0.0
3.752016395179142e-07
3.7520163520184295e-07
4.44149900725574e-08
0.0
0.0
0.0
0.0
0.0
0.0
4.1802382285388685e-07
3.6538174283507557e-07
0.0
1.0845013718348826e-08
1.1602114234621208e-08
0.0
0.0
0.0
-1.8074029050086857e-11
0.0
0.00035679820856978847
0.00014502229563731985
0.0
0.0
-3.5969230035288475e-10
0.0
0.00021177589944719016
-1.3485278482940196e-11
0.0
0.0
0.0
0.0
0.0
0.0
0.0
0.0
0.0
0.0
-4.6910230141216775e-06
0.0
7.73748300125574e-07
0.0
0.0
0.0
3.1802686021383933e-07
0.0
-1.2129143509267341e-09
0.0
6.932348137799858e-06
6.932348141318532e-06
0.0
1.0167840843401658e-08
0.0
0.0
-6.209609671904291e-09
3.6684522427187075e-07
0.0
0.0
0.0
2.522191494742619e-08
2.3279570851696273e-07
5.4791953138807956e-05
0.012991862344058082
0.00017616062636034805
9.705139863298884e-09
5.8063610451279684e-05
0.0
3.896880647798885e-07
0.0
0.0
5.8063619402044686e-05
0.0
0.02209350929522875
0.0
0.0
0.0
0.0
0.0
6.993482820133953e-07
3.204675594670192e-06
2.7809667954570294e-07
-9.678824118827817e-09
-1.1134244885455113e-08
-9.638931465457056e-09
1.3177189250389593e-08
-1.1286653298554522e-08
-1.244944764818073e-06
-1.2330913677360833e-06
0.0
3.841949516776253e-06
1.5289840805247392e-09
-6.297794966122062e-12
3.852454996041631e-06
0.0
0.0
9.996676252741676e-09
0.0
2.4445676914940816e-09
7.457670863254454e-09
9.902229517529549e-09
0.0
-9.730727697622541e-09
0.0
0.0
0.0
9.630276364010724e-09
0.0
0.0
2.940194856544903e-08
0.0
0.0
4.627189452118147e-10
7.454567496060179e-09
0.0
4.854631871348544e-07
4.951143977406787e-07
7.662782998461935e-09
7.662782926670956e-09
1.5180157035913457e-08
3.0838406077256464e-08
9.961734214298174e-09
1.7398301759419212e-08
9.978200137487512e-09
0.0
9.972630241106333e-09
9.841458357696533e-09
3.2040279047250626e-07
5.954051212759168e-08
0.0
9.912534374916631e-09
8.94443966754661e-07
9.960840510506323e-09
2.1005854089840946e-08
9.92032686432017e-09
0.0
9.964178075611114e-09
0.0
9.978100400915777e-09
0.0
9.96229977845566e-09
7.731249464936046e-07
9.973060031391696e-09
0.0
1.259512256212618e-08
1.6517754912058638e-15
1.7255393965041782e-15
0.0
6.5263606297522175e-09
3.323071570959067e-08
0.0
0.0
0.0
0.0
0.0
0.0
0.0
0.0
0.0
0.0
0.0
0.0
0.0
0.0
0.0
3.434786856248058e-08
4.473542378920388e-11
4.4734212779957975e-11
8.946282082748156e-12
2.0874361990726086e-11
3.2803725989326266e-11
1.192971364688109e-11
5.964401808215724e-11
3.578851208495794e-11
2.3859264938430635e-11
4.771657810606379e-11
0.0
0.007499082812714164
0.007496313278850142
3.628138770860071e-07
0.0
1.6738825447254468e-09
0.0
0.0
3.9193960266100986e-10
0.0
1.4434963981290778e-08
0.0
0.0
0.0
4.091594230960782e-09
0.0
0.0
9.389868351538137e-07
8.520748426697297e-09
0.0
1.1662563394276728e-07
8.769306420105575e-09
0.0
3.092488648262656e-09
0.0
0.0
5.492852598776037e-09
0.0
0.0
0.0
0.0
0.0
9.952689396643209e-09
9.894192232009156e-09
5.618290230862036e-10
-1.1662563487732994e-07
2.111864054748445e-07
0.0
1.978093448623626e-08
1.9780931884745248e-08
4.511911924366641e-05
0.0
5.839396083829198e-08
0.0
5.4557251489932844e-08
0.0
9.639521761191163e-07
4.545713302430661e-09
0.0
1.0354216934079137e-08
9.868121986222889e-09
1.9780939688123357e-08
1.978094228892771e-08
0.0
7.0039940037789704e-09
6.086663133380312e-08
0.0003404166468119107
0.0
6.502908397733655e-06
7.91693808783698e-10
3.189380803282084e-06
0.0
1.1084636744693338e-07
0.0
3.456341024055464e-09
0.0
6.83394040551286e-06
0.0
1.5383024676036703e-06
0.0
2.5405476657781234e-08
2.8579189869049754e-08
0.0
0.0
4.604614699999681e-09
0.0
4.091328485696004e-09
4.3524073008217255e-05
0.0
0.0
0.0
1.5066443636268432e-08
1.254706558604146e-08
4.5894733181365834e-08
0.0
9.912820343156474e-09
5.801552925803907e-10
4.091726389023962e-09
0.0
0.0
9.575816225793185e-08
0.0
0.0
0.000726363162228224
2.2497201045803356e-09
0.0
7.22252373859535e-10
3.882316989152914e-08
0.0
2.0387829412731688e-08
3.0462561552237043e-07
-3.0407887028197543e-06
6.8821495436825675e-06
-0.005632624643124723
-0.0007036749926519446
0.006291044498804813
2.588209364415601e-16
-0.0006967978011289677
0.0
0.0
0.0
0.0
0.0
0.0
0.0
0.0
1.1528574901106474e-08
0.0
4.197301359832122e-09
0.0
3.0633034459190613e-09
0.0
3.0177997124393806e-08
0.0
5.196289990336895e-10
0.0
0.0
0.0
3.1417267290543695e-07
0.0
1.72141980172202e-09
0.0
0.0
2.0404087158506056e-08
0.0
0.0
3.0435979115238005e-07
0.0
0.0
9.785280336667077e-09
0.0
6.13369884429945e-09
0.0
9.842490985122309e-09
1.445023653091294e-07
-5.122478953685505e-07
0.0
0.0
0.0
7.026373469463395e-08
1.3051045938629413e-09
9.750347522636312e-07
3.3252953570571645e-08
0.0
1.7243020292093428e-09
0.0
0.0
1.006400444370143e-08
0.0
5.563131225430128e-08
1.3301420010752472e-08
0.0
0.0
0.0
2.8112687963196946e-08
0.0
8.198956578793316e-09
0.0
0.0
0.0
0.0
2.247240338231119e-09
0.0
0.0
0.0
0.0
0.0
0.0
1.0262993096366472e-08
2.0466360031196592e-08
0.0
0.0
1.1523522050568131e-08
7.259613272530041e-09
0.0
0.0
0.0
0.0
3.0607903875779353e-07
-2.539359977317032e-07
0.0
0.0
0.0
0.0
9.46909797035805e-09
1.4384507407658275e-10
3.180268607842968e-07
-2.4461333261564756e-05
0.0
4.574575453266435e-05
1.1582946035726834e-07
1.7374945074483973e-05
0.0
0.0
7.742018755044999e-09
0.0
0.0
3.963617432200609e-05
0.0
2.144851920191869e-06
9.309927899487483e-05
1.810656108130891e-08
1.439053487089538e-07
-3.3393237960343106e-06
-4.075146879589515e-07
6.063040383343655e-08
0.0
1.876818741313179e-08
0.0
0.0
8.639341844822893e-09
9.885752810538447e-09
5.535251537282275e-10
9.885752809715105e-09
5.703663862680595e-07
0.0
0.0
-9.411239496048829e-09
0.0
0.0
0.0
2.2041896757107263e-10
0.0
0.0
-6.834921964776058e-09
1.4380149553412248e-08
9.942109707942083e-09
9.942110911445752e-09
2.919270321003728e-16
0.0
-5.7763813247705695e-06
5.804158822478917e-06
9.917528442189505e-09
-7.216996404935117e-07
4.488065095123907e-09
0.0
-9.437851583040356e-09
1.5985292004172343e-09
0.0
0.0
0.0
2.1577166113681012e-08
0.0
0.0
6.882149543901196e-06
9.64647916415289e-09
6.882149543516726e-06
9.646478566678954e-09
1.5985295285390944e-09
0.0
0.0
0.0
2.15771663605363e-08
0.0
0.0
1.737494507421962e-05
0.0006715075569524095
9.129490211659229e-09
0.0
-1.6300068861820234e-06
5.7125286490951747e-08
0.0
1.6480280403214386e-06
6.184182241432322e-10
-3.4855592701173166e-08
-7.319261166116933e-09
8.141728848204641e-07
1.6285004929915523e-10
1.2141136099415827e-07
2.7924285233817603e-08
0.0
5.222120458116145e-07
8.27862023994429e-06
0.0
0.0
5.9447517255128176e-09
4.3514998322931576e-05
0.0
0.0
0.0
3.522176691605925e-10
9.681312417421257e-09
0.0
6.198360732872241e-07
3.1802686250311427e-07
0.0
0.0
9.4656108901229e-09
0.0
-6.38519102850922e-08
-5.4316363509274624e-08
-6.385191028567856e-08
0.0
1.938713430442092e-06
1.938713430007812e-06
9.73027365609509e-07
8.390703297823233e-09
0.0
0.0
0.0
0.0
9.993273359086057e-07
0.0
-1.9517717386730027e-08
1.978093708716053e-08
-9.146238047204151e-09
0.0
0.0
1.0167841277378817e-08
0.0
-8.731515893183092e-09
0.0
2.3060880912256635e-09
0.0
2.306088090060538e-09
0.0
0.0
0.0
0.0
0.0
2.071776123675596e-08
0.0
0.0
0.0
0.0
0.0
0.0
0.0
0.004511239522373478
-0.0022552608368499654
0.0
0.0
1.3130778968139279e-09
0.0
0.0
0.0
0.0
0.0
0.0
1.571846275512305e-08
0.0
-4.937905607047025e-10
0.0
-4.937907733800975e-10
0.0
0.0
9.127584155055893e-09
1.9449165905895856e-16
6.187771480972902e-15
2.0462138133082293e-15
0.0
0.0
0.0
0.0
0.0
0.0
-9.477013606002966e-09
5.944628754181447e-08
0.0
0.0
2.9235154147952838e-16
3.895979050650643e-16
-2.880144478780767e-05
2.881427282786838e-05
1.164565383243545e-10
0.0
0.0
0.0
0.0
0.0
0.0
-9.796708885475344e-09
0.0
0.0
3.5885595850629605e-10
0.0
8.18059144786675e-09
8.18059144786753e-09
0.0
0.0
0.0
3.44786881322298e-08
1.6028952852897607e-08
0.0
7.105485075734553e-16
7.105485068333129e-16
1.0944662285806486e-09
0.0
3.0544773103750455e-10
0.0
0.0
0.0
4.829536988362968e-08
9.126905557613125e-06
0.0
0.0
0.0
4.428989920197202e-05
0.0
3.86226466960837e-05
9.464305216662643e-09
0.01300140216610634
0.0
0.0
-9.342010169888226e-05
-9.56558088598117e-09
0.0
0.0
0.0
-9.473070940527184e-09
0.0
0.0
2.8237610914269947e-07
0.0
0.002255649538769805
0.0
0.0
-3.1600472807348216e-10
-3.160047280725339e-10
0.0
0.0
0.0
0.0
0.0
0.0
0.0
0.0
0.0
0.0
0.0
0.0
9.498409742549661e-09
4.898586663916821e-10
-9.69505009607019e-09
0.00906402470059471
0.0
4.266684953835081e-07
0.0
9.551054802442018e-05
-9.54811191699868e-05
3.88875162764198e-10
9.627147074120832e-09
2.9912278387265353e-10
2.155991226073654e-06
0.0
3.881264473223316e-08
0.0
0.0
0.0
2.959132660218924e-16
0.0
0.0
2.6932353236475137e-08
0.0
9.632902923845713e-09
1.3203947938912692e-08
-1.3203947880923751e-08
0.0
0.002255637848575305
0.002255581690734483
0.0
0.0
8.58582592078777e-09
1.3439045896888883e-08
0.0
0.0
2.744058728071218e-08
1.320394805488399e-08
0.0
9.627220889281337e-09
0.0
0.0
-0.000776821744466194
2.1622727742735706e-15
2.681203155808348e-06
0.0
3.2312500613587474e-09
8.864632083203924e-09
3.231250066400752e-09
0.0
0.0
-1.9150933251981667e-08
-1.8207096816081096e-08
0.0
0.0
1.4757115330947875e-09
1.0005566317745316e-16
-9.389787883860856e-11
0.0
-3.6524571811469286e-08
1.3327214939154704e-17
0.0
9.637309473354532e-09
0.0
1.0165395176954486e-06
1.0258929726967696e-06
3.249739344718359e-14
0.0
0.0
0.0
0.0
9.514602476011274e-09
9.51460229700607e-09
-1.8768188198015068e-08
0.0
-3.111834007704997e-08
-4.0632942730975397e-08
0.0
0.0
1.0905337191080583e-07
9.915601736372412e-09
9.92477541035897e-09
9.924776803806089e-09
0.0
-8.432549194918387e-09
-9.23580012186613e-09
1.538302483223736e-06
3.0505040465925397e-06
1.5383143847861192e-06
1.090533743803492e-07
1.0905337625221042e-07
1.5383024819504065e-06
1.5380400792348915e-06
0.0
0.0
0.0
9.915602880439245e-09
7.982104552358622e-09
3.5789914735767386e-11
9.940811680943295e-09
6.076965004890215e-10
7.789713332880153e-09
7.789713406914744e-09
5.812992374718613e-10
9.936438363074043e-09
6.033934773615246e-10
7.789714242894229e-09
9.913982330373441e-09
-7.946566189913964e-09
4.6445629531795126e-08
1.5383024711174273e-06
0.0
7.789714473414082e-09
7.813560621377499e-09
1.4381829617274139e-06
0.0
0.0
1.6455779135223642e-06
5.763015256547504e-10
7.801637706337942e-09
7.789715469002797e-09
0.0
0.0
0.0
3.42301128524591e-07
3.180268613561266e-07
0.0
1.8196523399183206e-08
5.144463660294782e-10
2.111864062244424e-07
-2.8162079059382283e-08
-2.8162079187298023e-08
2.4769825891744606e-07
3.896797919846609e-09
0.0
0.0
9.770013420506984e-08
6.065402573141935e-10
0.0
1.748046507543677e-08
1.9182188489392124e-16
1.873986257002242e-08
0.0
2.910643681660073e-10
-4.789488475959169e-10
3.24969679551663e-14
0.0
2.476982609842194e-07
0.0
9.953540340954832e-09
1.9099691022964965e-08
6.282841983372948e-10
0.0
4.976634477499125e-08
1.0490702926040108e-08
6.23127878439341e-10
0.0
0.00034631099528961836
0.0
0.0
0.0
-9.864894584695437e-09
0.0
9.272953297237501e-09
0.0
0.0
1.2275590162402119e-06
0.0
1.2258975282626248e-06
0.0
