0
0.0
0.0
0.0
0.0
1.7013418381964772e-08
2.684603475522244e-07
0.0
0.0
0.0
0.0
0.0
1.1296314772240902e-08
0.0
0.0
0.0
0.0
0.0
9.814432173515106e-09
0.0
9.255490551018892e-09
0.0
0.0
0.0
0.0
1.8933835004659194e-07
0.0
0.0
0.0
0.0
1.1679945404167252e-08
0.0
0.0
0.0
0.0
0.0
0.00027812712649214264
8.893417150134019e-09
0.0
1.9644907947876685e-08
0.0
0.0
0.0
0.0
0.0
0.0
0.0
0.0
0.0
0.0
0.0
0.0
0.0
0.0
0.0
0.0
0.0
0.0
9.729038343751475e-09
0.0
0.0
0.0
9.731636525091742e-09
1.1342756754612676e-16
0.0
9.40376152905536e-09
0.0
9.431864209459403e-10
0.0
2.6309900500517572e-18
0.0
0.0
1.3047665177952778e-08
0.0
0.0
1.2631535006622098e-11
9.954199187145463e-09
0.0
0.0
0.0
0.0
0.0
1.0155395968602932e-10
0.0
0.0
0.0031590037056404316
4.899223388088458e-13
1.8164003935756966e-08
0.0
1.816063592351559e-09
0.0
1.5601422319665898e-09
0.0
0.0
3.902498132354793e-08
-3.901114335227025e-08
0.0
0.0
0.0
0.0
0.0
0.0
0.0
0.0
0.0
0.0
0.0
0.0
0.0
2.265573354069958e-09
0.0
0.0
0.0
9.538966912481528e-09
0.0
0.0
0.0
0.0
0.0
0.0
0.0
0.0
0.0
0.0
0.0
0.0
0.0
7.713811100984458e-07
-7.885121355855063e-07
0.0
9.819104802866603e-09
9.86333579459308e-09
0.0
0.0
9.764965826017136e-09
0.0
9.591688336716771e-09
0.0
8.390270044299738e-05
0.0
0.0
2.474525457415379e-08
0.0
1.4530823020980555e-08
6.26160229008869e-21
0.0
0.0
0.0
0.0
0.0
0.0
0.0
1.762796355025518e-08
0.0
2.936431875035553e-09
0.0
9.657513547462915e-09
1.1699826457508271e-09
1.5437738449546647e-09
1.5516628238867374e-09
0.0
0.0
1.6392468613280196e-14
0.0
-0.0006310877022077372
0.0
6.624546240286176e-10
0.0
0.0
0.0
0.0
0.0
0.0
1.971132892294997e-08
0.0
2.3824713748965912e-08
0.0
0.0
0.0
0.0
0.0
0.0
0.0
8.173078450326714e-10
0.0
0.00036102183492113527
0.0
0.0031519390749999367
1.5732362536898578e-08
7.040628946360532e-08
0.0
0.0
0.0
0.0
0.0
0.0
0.0
0.0
0.0
0.0
0.0
0.0
1.2947532016615998e-09
1.9898861610989942e-08
0.0
0.0
3.808228601171956e-09
1.5628338232120523e-08
3.539759171003797e-08
1.2851053369824943e-08
0.0
2.5968478329563703e-08
1.0884445670252587e-08
0.0
9.421671813627014e-09
1.6020553306855435e-08
0.0
0.0
0.0
0.0
0.0
0.0
0.0
0.0
5.041266651403472e-09
0.0
0.0
0.0
0.0
0.0
3.0630699236772086e-09
0.0
1.6817961678726684e-10
1.6925327133744672e-10
4.7584068370889054e-20
0.0
9.763258444916586e-09
0.0
0.0
2.7042740944238815e-12
4.508164574585678e-09
2.0366842420974752e-08
0.0
6.775515112705243e-11
2.4433411629498636e-06
0.0
0.0
0.0
0.0
0.0
0.0
1.4281246974885632e-11
-0.003201318833727207
5.8759483698726094e-24
0.0
0.0
9.342129982914773e-09
0.0
0.0
0.0
0.0
0.0
0.0
5.735976395422829e-07
0.0
9.901059261182897e-09
0.0
0.0
0.0
0.0
0.0
0.0
0.0
0.0
0.0
1.2464681962321453e-09
9.847375728181088e-09
0.0
0.0
0.0
3.7348528787964285e-21
1.8851406398434152e-08
0.0
0.0
0.0
0.0
0.0
1.0831356896623694e-10
0.0
2.036454982821351e-18
8.968714941051262e-09
-9.224897972511404e-10
0.0
0.0
0.0
9.680402807724418e-09
9.809156122634284e-09
9.889095154361104e-09
9.792775189956406e-09
8.968715400676896e-09
0.0
0.0
0.0
1.0633943266974273e-08
0.0
9.765859805369022e-09
0.0
0.0
0.0
0.0
0.0
0.0
0.0
0.0
3.4771269000371894e-09
1.3106032404187187e-08
9.41610299099366e-09
0.0
0.0
0.0
0.0
0.0
0.0
0.0
1.0185300834419528e-08
0.0
0.0
0.0
0.0
0.0
0.0
9.384371327740053e-09
6.64895005372812e-12
0.0
0.0
0.0
0.0
0.0
0.0
0.0
9.92096538765419e-09
9.920965389958119e-09
5.845174691932211e-10
5.845174711629669e-10
0.0
9.985908273370607e-09
6.840902222802791e-10
6.714410827024974e-10
9.99093092435841e-09
6.594832190803632e-10
9.021024982929732e-09
9.021024982569514e-09
9.966345774810892e-09
9.978511539110209e-09
9.991380967821767e-09
9.990931821172616e-09
-5.101982662344046e-10
2.1038906660610598e-08
5.7679388029097224e-08
0.0
0.0
2.407216875996363e-08
0.0
6.065782243225717e-08
0.0
0.0
0.0
0.0
1.048186081378268e-08
9.494684562569593e-10
0.0
0.0
0.0
0.0
0.0
0.0
7.951789922422328e-10
0.0
0.0
1.3602536607892111e-08
0.0
0.0
2.773714928177479e-08
3.9113412180550245e-10
0.0
1.3114690862176413e-08
0.0
0.0
0.0
4.543256239369557e-08
0.0
0.0
4.906289758215164e-08
0.0
0.0
0.0
3.398330544762898e-10
-9.255490551003578e-09
1.8933835000817678e-07
6.838767573034309e-10
9.973572566565267e-09
6.821697879826109e-10
0.0
0.0
0.0
8.396076670279752e-09
0.0
0.0
3.263463328080303e-08
0.0
8.955137066254893e-09
0.0
0.0
0.0
9.87729460380589e-09
9.955775248056635e-09
-1.8933835004114253e-07
1.893383500355717e-07
0.0
1.9918795540126072e-08
1.995208427719144e-08
1.9982544769990478e-08
1.9980358978547904e-08
-9.406912391957665e-09
-9.612361382717576e-09
0.0
-9.417217746929274e-09
0.0
-9.703707041564848e-09
3.26339213600025e-08
-2.5010275752555205e-10
8.954423208959476e-09
-9.86969482258003e-09
-9.865723240022844e-09
-9.861081415947666e-09
0.0
0.0
0.0
0.0
0.0
0.0
3.2633209698815756e-08
0.0
8.95370991567697e-09
0.0
0.0
1.9905333259650478e-08
0.0
9.983016355631993e-09
9.952449607097838e-09
9.25549055102357e-09
0.0
9.459375321579063e-14
9.58556242468804e-08
0.0
9.760999051464286e-09
6.813751694095405e-10
-5.059646804798218e-08
-2.3470868801514338e-09
-2.347086880140257e-09
0.0
9.925852973133149e-09
0.0
-9.958718925895393e-09
6.058702294224215e-08
2.5629857452095292e-08
8.079626245864914e-09
2.4298744505759e-07
8.924011242007663e-08
0.0
0.0
1.1024692883947844e-07
1.2514648136259454e-08
5.002178020490359e-05
0.0
0.0
1.8605174160231164e-08
5.992150492521181e-19
1.3520398675145685e-07
4.934678495004802e-08
1.2733147966997823e-09
9.9733338226448e-09
0.0
-1.148338014219693e-07
-1.426711025310362e-07
-1.328839482513111e-07
-1.520987810395627e-07
-1.3718051920362534e-07
-1.0791908419595642e-07
-9.790092830685222e-08
1.041249882925336e-08
-8.893419334299324e-09
0.0
6.835089098259151e-06
5.135441256041476e-10
9.817837628167869e-09
4.18884199262705e-16
0.0
0.0
7.694883403349371e-07
1.9644906639017823e-08
3.7118870792737757e-10
-1.964490792261131e-08
1.992666630627692e-08
6.419814500565601e-10
6.03096652756199e-08
0.0
2.985298092408949e-08
6.201389585780396e-10
0.0
0.0
0.0
-0.00027800671346334127
0.0
6.030752614486848e-08
0.0
9.889522733499349e-09
5.839819489157482e-10
9.974485532588919e-09
9.974485501489802e-09
9.940900377752723e-09
9.940900361346192e-09
9.940900394212923e-09
1.3329626721587245e-07
1.426710452331198e-07
1.233105872154323e-07
1.52098706143744e-07
1.3718043672360236e-07
1.457684156436212e-07
5.1894983015042875e-08
4.245828640926652e-10
-5.781622032029579e-08
0.0
0.0
-1.464415652001165e-12
1.4644419753804917e-12
0.0004812913445632946
0.00048130115423076353
9.825364292651148e-09
0.0
0.0
8.020746693942234e-09
0.0
2.977067782971483e-07
0.0
5.3855152233674225e-08
6.796630852887247e-13
0.0
0.0
0.0
-0.000278107790623071
0.0
-0.00027812712649214215
0.0
0.0
0.0
0.0
9.987370350661093e-09
9.987369487947872e-09
-6.562677935934867e-07
-1.573734904617959e-05
0.0
0.0
6.094009343831691e-06
0.0
0.0
6.067804806385742e-05
-6.062830405430301e-05
6.837415756546564e-10
0.0
0.0
9.97511640617225e-09
9.97931643671433e-09
2.621866656934147e-09
0.0
0.0
-9.943126561690052e-09
1.4828617847517656e-10
0.0
1.8027722200603456e-07
0.0
0.0
0.0
0.0
8.632118536926136e-08
0.0
0.0
7.289002163677348e-11
0.0
6.825109020981143e-08
6.836046321338501e-08
0.0
1.018530085280637e-08
0.0
6.797563989809716e-10
0.0
5.592050140399824e-08
0.0
1.1091211233451046e-08
0.0
0.0
5.36611181219812e-08
0.0
0.0
1.7011936237335316e-08
-9.598390887655128e-09
1.4827458162695991e-10
0.0
0.0004813965382625807
9.89642346565546e-09
5.907633219864381e-10
0.0
0.0
2.244489630337214e-08
6.716587863703431e-10
1.150578032408477e-08
-5.8811975600842926e-08
0.0
1.3768517295536208e-07
0.0
0.0
0.0
7.219304716169219e-07
-6.826697956176117e-07
0.0
9.937663409196999e-09
4.344574032922594e-10
9.882745455325193e-09
1.0498198468679105e-08
0.0
0.0
9.864548629037212e-09
3.6728109724352795e-09
0.0
-4.263089423377962e-10
2.5856495303514226e-07
2.5856495262615934e-07
6.634051968499106e-10
9.970335327148238e-09
-4.26308829933744e-10
0.0
-9.729038343751566e-09
1.7745966254679055e-09
0.0
0.0
0.0
0.0
0.0
0.0
0.0
0.0
0.0
8.89842374015934e-08
0.0
1.0423865047615652e-08
9.940900408964764e-09
-5.781447912749892e-10
0.0
0.0
0.0
3.084835435686555e-08
9.98020784832549e-09
6.838903868770438e-10
9.988332065174457e-09
5.0333040467406476e-08
0.0
0.0
5.0021780204899846e-05
0.0
0.0
0.0
3.0506136360934703e-15
6.39692281364941e-13
2.4930877155181584e-10
0.0
8.253997540653986e-09
0.0
7.323958028607266e-09
1.202215828496979e-09
6.298068985370018e-08
0.0
0.0
0.0
0.0
2.9038283775960623e-07
0.0
0.0
0.0
0.0
-9.731636525109685e-09
4.1107636998497476e-08
2.798212948555688e-09
0.0
6.810328899905013e-08
7.750705073990803e-08
6.810328957740762e-08
6.810328920970732e-08
6.810328918288025e-08
0.0
0.0
3.1717378484083413e-09
0.0
1.2074250990361609e-08
-4.2886116333470177e-10
-1.0296091794134406e-08
0.0
9.714877101035902e-09
2.0976615378162297e-07
-9.945718753396563e-09
0.0
0.0
0.0
1.8131630154405433e-07
9.985665674330443e-09
3.013436712575281e-08
0.0
0.0
0.0
6.19325247042882e-09
0.0
0.0
0.0
0.0
7.2705411381068596e-09
1.1817996027748898e-08
9.963045794648617e-09
2.614533172951008e-18
0.0
0.0
0.0
-3.961501810505121e-08
1.7760146554605706e-08
0.0
0.0
0.0
0.0
1.2844038649317824e-07
0.0
0.0
0.0
0.0
0.005441415112623318
-0.005441387793659658
6.211800430725618e-10
2.558477188530693e-18
5.672816440712257e-09
-6.653320683685684e-06
2.8392241773363676e-09
0.0
0.0
-0.0015028155036875851
1.1737547483793144e-09
1.1737545756304243e-09
0.0
2.6670574962517083e-08
0.0
0.0
0.0
0.0
9.877211808760487e-09
0.0
9.899786425527713e-09
5.965370543903476e-10
0.0
0.0
3.6728109690970226e-09
3.672810985899666e-09
-1.3047665138642486e-08
-1.3047665158320756e-08
0.0
0.0
0.0
0.0007986381438267159
-1.0155396255916507e-10
1.1296314675125227e-08
0.0
-0.0007986380422727534
-1.2630857677050494e-11
0.0
0.0
0.0
0.0
-9.960521365867572e-09
1.893383499646059e-07
-2.6900821511693293e-07
0.0
0.0
0.0
2.7742332771947913e-06
0.0
2.7650973899742045e-06
0.0
0.0
0.0
0.0
1.0191940512196881e-08
5.439593806451261e-08
0.0
0.0
0.0
0.0
2.8932559723312268e-12
2.8937512585712687e-12
2.8883784712670714e-12
2.88876021639884e-12
3.084835351075254e-08
6.653328835924652e-10
0.0
3.9001564108057324e-08
9.738040404838567e-09
1.9711328588612707e-08
3.84559433618382e-11
0.0
0.0
9.97662610276153e-09
6.695879651544071e-10
2.963290506783686e-17
0.0
0.0
0.0
0.0
0.0
2.4916559268553916e-08
0.0
0.0
0.0
7.036147190951109e-09
3.4183349170064103e-10
2.2941706314544176e-08
1.5483169624157014e-08
-5.890027842764484e-09
0.0
-1.2888909283934567e-10
7.013180713222973e-09
3.415200637481991e-10
2.292982818865501e-08
0.0
-1.0155395968602932e-10
0.0
6.62619687574742e-10
0.0
0.0
-0.003158993872420944
-0.0031297565851128566
0.0
0.0002729132257017107
0.0
0.00027290384892301713
0.0
0.0
0.0
8.190517465104344e-09
1.6987512152019478e-08
0.0
0.0
0.0
0.0
0.0
0.0
0.0
0.0
0.0
1.8034545143193397e-09
0.0
0.0
0.0
-1.5601102631990216e-09
0.0
0.0
1.5600943511741869e-09
1.5855581687610769e-06
1.456249028021415e-06
0.0
0.0
-3.043975379313224e-06
1.6337035065402072e-14
3.0499331120875003e-06
-1.5601422229040863e-09
0.0004812626207636802
2.8033084217229716e-09
9.493787741968877e-09
1.953085431200449e-10
0.0
1.070791158947941e-08
-1.0707911504421845e-08
-1.8836895037519385e-08
3.6511616789552636e-08
1.9394294999402345e-08
0.0
0.0
0.0
0.0
3.9011143352263473e-08
0.0
9.770022681487962e-09
-2.9254958642057922e-08
2.9545631792955467e-15
8.96871494144793e-09
8.968714930012583e-09
9.405632761830428e-09
9.405632761735504e-09
9.405632761647328e-09
7.885707904180819e-09
5.3207081462364075e-08
7.885707420972694e-09
0.0
0.0
1.002372494718584e-18
0.0
0.0
0.0
1.0304897650415225e-09
9.931510786508058e-09
9.085784306036783e-10
0.0
0.0
0.006401465862037944
5.9140655220821184e-08
0.0
2.9697567812949182e-08
0.00010955586117995193
-0.00010951597677648904
6.55980871570144e-10
-3.374455165641721e-08
1.332764888712203e-10
-3.539759170726061e-08
-2.592766306002046e-08
0.0
1.1509129751174384e-07
-1.9083458403964637e-08
1.998167211720031e-08
9.990754849478365e-09
2.650241835332583e-09
0.0
0.0
0.0
0.0
4.146152757998205e-09
2.8530975152135016e-08
4.595585054580388e-08
6.431514556241408e-10
9.990915397946332e-09
9.021024984742888e-09
7.819598440731712e-10
-9.936466101122645e-09
0.0
-1.9687587185267936e-09
0.0
0.0
0.0
0.0
0.0
4.9698149137402214e-08
0.0
0.0
0.0
0.0
9.976626260422942e-09
9.088202918716313e-09
9.966713114539782e-09
0.0
1.0293299252229588e-08
1.9935906340598645e-08
9.969193470737991e-09
9.92386504786436e-09
0.0
0.0
0.0
0.0
0.0
-3.560598005453538e-10
-1.1336220814160333e-10
6.823271881209214e-10
1.9978380341572284e-08
6.815465628523635e-10
1.0498279124950433e-08
0.0
0.0
0.0
-2.265573353921191e-09
0.0
0.0
0.0
0.0
5.924990338363517e-17
9.877294692404812e-09
0.0
0.0
-9.79433205242422e-09
0.0
0.0
0.0
0.0
0.0
-1.4826187546006404e-11
0.0
9.124024595357005e-09
0.0
0.0
9.96371841976984e-09
9.970861654750798e-09
0.0
0.0
1.7013417275746546e-08
0.0
0.0
-1.104802013762729e-15
0.0
0.0
9.989611466455555e-09
1.9979014278750954e-08
9.98940114741581e-09
1.975782512501892e-08
0.0
0.0
0.0
0.0
1.0448046826099589e-12
9.71850591810649e-09
2.0011059083175902e-10
0.0
0.0
-2.3965928057461753e-10
-1.7618285302889447e-19
9.538966912203423e-09
0.0
0.0
0.0
9.255490550786737e-09
4.537644720355554e-06
4.5376447203555565e-06
0.0
0.0
9.217259163063578e-08
9.687811483461415e-09
0.0
0.0
9.993581356853457e-09
0.0
1.9145569423269964e-08
9.408121961284048e-09
1.1123019132634154e-10
0.0
-1.006245399948636e-08
6.528604593862651e-10
6.512557982563286e-10
4.380176776841438e-17
0.0
3.036216255958673e-08
1.9905722470074193e-08
9.947747303277804e-09
0.0
0.0
0.0
2.788726503582374e-13
0.0
0.0
5.799105081498478e-09
0.0
0.0
2.654871398577186e-09
0.0
1.8013676551996593e-08
0.0
0.0
4.035667205201346e-09
1.6612892621761844e-10
0.0
4.235917920299263e-08
0.0
0.0
0.0
1.8740427536674995e-08
0.0
0.0
0.0
0.0
0.0
0.0
0.0
0.0
0.0
0.0
0.0
0.0
0.0
-1.3329628382324765e-07
-1.4267106446643266e-07
-1.233106095170359e-07
-1.5209873111112262e-07
-1.2760517287253245e-07
-1.0791902326844214e-07
-9.79008620352606e-08
-1.9818913918909307e-08
1.6253024247181864e-06
1.6323846077462716e-06
0.0
0.0
0.0
0.0
0.0
0.0
0.0007556800695808958
0.0
0.0
8.731474275806123e-09
0.0
0.0
3.6144706579498445e-10
9.631487226692548e-09
9.347281779597241e-09
9.347281833206773e-09
9.882745451855746e-09
5.773220210894864e-10
2.122346704267173e-09
0.0
9.870258201132294e-09
5.650511664778038e-10
1.1607686307626442e-07
1.342944466408942e-08
0.0
0.0
0.0
0.0
0.0
0.0
0.0
0.0
1.8533360460429498e-08
7.0485118330106365e-09
0.0
0.0
2.9398959281700223e-08
0.0
9.872793704866102e-09
9.088213810411192e-09
9.905644065488711e-09
3.839733133449409e-08
0.0
3.9124473460095746e-08
3.633857545279913e-08
0.0
4.879321822573515e-08
0.0
0.0
0.0
0.0
5.355770101202065e-09
9.863933890714473e-09
5.588367870296818e-10
5.355769164741748e-09
0.0002045503291333089
0.0
0.0
6.7768643984633746e-09
6.7768644001361075e-09
0.0
0.0
2.9246687136236417e-05
0.0
9.914629253643012e-09
0.0
9.347281725567537e-09
3.672810945885817e-09
0.0
0.0
3.3154862899577263e-08
4.4283151625774764e-05
-7.713811092914741e-07
4.3528143295929715e-05
9.817159678578427e-09
9.817160463046422e-09
0.0
0.0
0.0
3.240898039327533e-07
3.641489939608528e-09
0.0
6.358619370412636e-07
6.358619374439886e-07
6.358619368414538e-07
6.457252728389028e-07
6.358619370443231e-07
4.7130228278464056e-07
0.0
3.018617221125549e-08
0.0
0.0
3.5485908348326995e-08
3.5871315923955723e-08
3.587131586706531e-08
3.5871315940235286e-08
2.610635009798821e-08
3.5871316070244276e-08
9.81118545367263e-09
0.0
0.0
0.0
0.0
0.0
0.0
0.0
6.802479204381467e-09
0.0
5.918709044864001e-09
9.808800091103047e-09
9.808799842353116e-09
9.808799745004656e-09
1.94004882333666e-08
9.808799896374619e-09
0.0
4.4131828480895395e-07
3.032563006722661e-08
9.432878438672981e-07
9.94599928100326e-09
0.0
0.0030608043590652063
0.0
1.2632489856304877e-08
0.0
0.0
0.0
0.0
8.71811248377034e-05
0.0
3.806129697727275e-06
-8.390270044299756e-05
0.00011694623579119904
1.8155868751190678e-06
0.005813795191720663
0.0
1.9770525432193396e-08
5.878799572573882e-10
1.977052509991555e-08
9.877035537399833e-09
9.877035319781537e-09
-1.5312694581097932e-08
-1.5312694572866366e-08
4.345501411965571e-09
0.0
0.0
0.00011250916037439049
0.0
0.0
0.0
0.00048155834965099564
0.0
0.0
-5.165334700341019e-09
-8.774837626667918e-09
0.0
5.286005018434985e-08
1.9672551172058447e-08
0.0
3.9196322425704623e-10
-9.966728575581247e-09
1.562561606482275e-08
0.0
0.0
5.915570640050493e-08
0.0
1.2896426872529397e-08
0.0
0.0
0.0
0.0
6.663060022419445e-10
1.0974735538318153e-07
0.0
0.0
2.1525985067831483e-08
0.0
6.624700251146445e-10
0.0
9.977535907993319e-09
0.0
6.572468397399728e-10
1.883314191586469e-08
6.572315186110383e-10
3.5003203702689164e-09
2.3675040256329787e-06
2.366462288740646e-06
4.1677199305001467e-07
0.0012786689124777092
0.0
9.699253518304168e-09
3.970536111718314e-10
7.033930745627509e-09
-2.936431822957858e-09
0.0
8.02767900243933e-09
0.0
0.0
0.0
-1.1699826457184587e-09
0.0
-3.5605991723505266e-10
0.0
8.027678992579036e-09
1.015378574598688e-08
9.872591237116134e-10
9.864848927738775e-09
0.0
0.0
0.0
0.0
-1.5516628238965643e-09
1.289015489813151e-08
0.0
0.0
-1.762796357322738e-08
9.957673095660743e-09
6.509590112224102e-10
9.9454572490755e-09
9.945457244970972e-09
0.0008367825792195659
1.6152797957698362e-10
0.0
0.0
9.899803088967758e-09
0.0
0.0
2.9407312185688727e-08
1.210656967248641e-08
0.0
0.0
2.6945169064778667e-07
-8.80715445242585e-09
0.0
0.0
0.0
-2.9355409094755473e-17
8.121312260596811e-05
-3.196586709902898e-08
0.00013970873482957983
0.0
0.0
2.3542864907164158e-09
8.63629570296647e-09
3.908458733097801e-05
9.464250290561526e-05
7.3652243919572225e-09
0.0
0.0
0.0
0.00013372554861034366
0.0
0.0
0.0
0.0
5.527792315109926e-09
0.0
0.0
0.0006284661042357984
2.6840655360317927e-06
0.0006202278870636508
1.085981514408637e-05
4.506623192396454e-05
0.00013372554860887625
3.117391132931505e-06
0.0
1.9637904621311372e-08
6.694130318858686e-10
0.0
2.3664622886007955e-06
0.0
0.0
8.469102229596452e-08
-7.754033174756137e-05
0.0
0.0
0.0
9.593193128765165e-09
2.9611931024680517e-06
0.0
0.0
0.0
-1.2564906015586215e-06
1.305727284753509e-06
6.629570834472151e-10
0.0
9.737333437760914e-09
4.3445726114200753e-10
5.6693465469547476e-05
0.0
0.0
-1.0305513163384122e-08
1.562561580492227e-08
5.980736340370441e-10
0.0
4.8246803873904335e-08
9.952289669205102e-09
-2.3824713742646997e-08
-1.4396435080091061e-08
0.0
0.0
0.0
3.126692408722963e-05
0.005804384951544119
0.0
-0.06021003791734003
0.06021004527045206
7.353111312903267e-09
0.0
0.0
0.005804411949519782
9.888420901549289e-09
-3.564972905427237e-08
6.705618328075131e-08
5.0040949863097704e-05
0.0
0.0
5.930604534236446e-09
-4.968079518214526e-06
4.981638166374875e-06
4.619892131962885e-10
0.0
0.0
0.0
0.0
8.378508867382005e-08
0.0
9.989579809188687e-09
0.0012770374227180398
0.0
0.0
2.0210795232325747e-15
0.0
1.9563284058886616e-08
0.0
0.0
1.8833142032334824e-08
0.0
0.0
0.0
0.0
1.967487258252576e-08
0.0
0.0
3.027594375164693e-08
3.9959308663380454e-08
9.989368195557338e-09
0.0
0.0
6.86252722361182e-10
-9.852270625776655e-09
0.0
2.087605563075891e-08
0.0
0.0
6.79610575581251e-10
0.0
0.0
0.0
0.0
0.0
0.0
0.0
9.088942392420648e-09
0.0
1.5631094155189608e-08
1.0631001140755823e-06
9.986182714164784e-09
-1.0531139305804967e-06
5.527792293955697e-09
0.0
1.4250671814942734e-08
-6.355820028551099e-09
-0.0031519687091812187
-0.0031525756941313235
0.0
7.040628895750074e-08
-7.040628921062622e-08
3.926251912791063e-10
1.0127507727973882e-08
-1.3329630042991812e-07
-1.3309335494893908e-07
-1.2331063139209655e-07
-1.5209875607567216e-07
-1.371804920089271e-07
-1.1748444643609052e-07
-9.790089517194844e-08
-1.9818949974133868e-08
1.9905317071825142e-08
0.0
5.719656008544878e-10
9.877294545365244e-09
-1.022607984068843e-08
2.681371658572861e-08
0.0
2.973654110492327e-08
9.962649440457229e-09
0.0
0.0
0.0
0.0
0.0
0.0
0.0
0.0
2.824623821336211e-06
2.047639736240329e-08
0.0
1.9663526716888913e-08
0.0
9.691068167606998e-09
0.0
0.0
0.0
0.0
6.450167186844606e-09
1.4287569916233978e-09
7.878923863812934e-09
1.992663696149306e-08
9.877294721479289e-09
0.0
1.8555610894868863e-12
0.0
9.940166148959123e-09
2.980393169031267e-08
0.0
1.992663693228973e-08
9.955775218687063e-09
9.955775189321278e-09
-3.982057360472602e-05
3.983034495347872e-05
0.0
2.96728650539535e-08
0.0
0.0
0.0
2.3747082874583332e-07
9.787064908506338e-09
1.6372785380182607e-08
1.8770158298635733e-07
0.0
0.0
3.9148380175402785e-08
0.0
9.985993163529261e-09
9.985993923741332e-09
-0.0003610118039603094
0.0
0.0
9.548493546684753e-09
0.0
9.548497039368045e-09
9.54850303387242e-09
0.0004813011277335032
8.085569547233717e-09
0.0
0.0
0.0
8.849070008809483e-09
2.8492937520344964e-08
0.0
0.0
3.9724380085131623e-10
0.0
0.0
0.0
9.94294011187613e-09
0.0
0.0
1.4014099031962586e-08
0.0
2.980008677490358e-10
0.0
1.423252672434422e-09
0.030509290732996134
0.030509289438242933
-1.2947532019371181e-09
9.710801699388101e-09
1.2870830754228044e-07
1.1436562647532668e-08
-1.049187961634238e-08
0.0012330498214479985
-0.0012330203767074578
9.989316101052413e-09
8.572444204144047e-09
7.411748542783199e-09
1.7086790203073636e-08
-1.708678992799707e-08
-1.7086789652813006e-08
1.7086789377724216e-08
9.914629286998816e-09
6.086549311783113e-10
1.543380881344375e-08
1.543380888251194e-08
9.884596072545966e-09
-9.942944270008303e-09
0.0
0.0
0.0
0.0
0.0
0.0
0.0
2.8571476482549825e-05
2.8565863213895724e-05
-3.808228601388797e-09
1.2234918859817919e-08
0.0
-3.5034950170909467e-09
-3.5034950179426313e-09
0.0
1.9708755779392224e-08
0.0
1.0939664895245804e-08
6.720933884065377e-10
9.97917507995577e-09
6.767313731404627e-10
9.983893549184463e-09
0.0
0.0
3.0902733645621264e-08
1.6973684503833258e-08
-2.3047305869192602e-09
-9.890067671790482e-09
0.0
9.89571086101789e-09
9.959044878864436e-09
5.0066855319655574e-05
0.0
1.7086790624366215e-08
0.0
0.0
-7.316987576760159e-09
-1.6530565238666486e-08
5.004094986216548e-05
0.0
0.0
0.0
0.0
0.0
0.0
9.754517292462859e-10
1.903757194636425e-08
9.421765243732302e-09
0.0
-9.421671944139995e-09
0.0
3.6787458242472986e-09
0.0
0.0
1.9379415784476782e-08
0.0
8.518502930293968e-09
1.2439549739209323e-08
0.0
0.0
4.767079335337747e-09
6.2612127866489225e-09
0.0
0.0
0.0
0.0
0.0
5.119552160495712e-09
0.0
8.990610664937812e-10
0.0
0.0
2.1038921236501067e-08
5.767940650516637e-08
0.0
0.0
2.407218632838616e-08
0.0
6.065784236862153e-08
3.642608774420158e-09
1.7973033281065136e-09
9.231146201543716e-09
9.501938676894564e-09
9.753731913689142e-09
0.0
0.0
0.0
0.0
0.0
0.0
0.0
2.7820746143332962e-09
9.181407718514207e-09
0.0
0.0
0.0
0.0
1.0652363401642396e-09
2.9366785681543957e-09
9.179296953975174e-09
0.0
2.523427636568457e-08
1.0320194790605953e-08
9.487860520440035e-09
0.0
7.077112396939282e-09
0.0
-9.7433709208811e-09
1.1296954161392601e-08
0.0
0.0
0.0
1.4844962969712657e-08
-1.6020553198284326e-08
6.922327401381588e-10
6.922327401046042e-10
0.0
5.134032548036743e-10
6.662852242018121e-08
0.0
6.476340012685865e-09
6.476340010948942e-09
0.0
0.0
0.0
2.8590619344809903e-08
9.985445182682594e-09
9.980980447769097e-09
9.980980445795439e-09
9.969614434811888e-09
9.96961443349987e-09
9.972170218642262e-09
9.972170216590983e-09
9.882864544502168e-09
0.0
9.882864429498225e-09
1.1841046900374182e-09
0.0
0.0
0.0
4.151387781163774e-08
0.0
9.863442581704245e-09
5.583538940633961e-10
5.436408459884706e-10
1.578637130969621e-09
0.0
1.578637249697293e-09
0.0
0.0
5.7508433742496313e-08
4.799523287757448e-08
5.7508433707793506e-08
2.5667690730843667e-12
0.0
1.2892941732581727e-08
0.0
0.0
1.0403636824738042e-08
0.0
3.3236619709012796e-08
2.4488142113364285e-08
0.0
2.7588809636809633e-09
1.1382754350567355e-08
0.0
0.0
0.00045417428612365423
7.498761043093772e-05
1.8737408971946246e-06
5.805115295812558e-09
3.38837701712825e-07
0.0
0.0
9.821515553070562e-07
9.722867062743045e-07
5.597361290845438e-10
5.624957597219814e-10
9.868047358544736e-09
0.0
0.0
3.949760530540492e-20
0.0
0.0
0.0
0.0
0.0
0.0
2.449214536826478e-11
2.449211574766229e-11
0.0
0.0
0.0
0.0
0.0
0.0
0.0
1.8106367190878634e-08
0.0
0.0
1.152638542760612e-16
5.750843377378437e-08
4.531762480292664e-06
4.531762480292691e-06
9.934790039442266e-09
1.1376703740235633e-08
0.0
0.0
3.5350961970188613e-09
0.0
0.0
2.8953515522107188e-09
4.989411857176502e-08
3.003356784533616e-08
0.0
0.0
0.0
3.7148965665283205e-08
0.0
0.0
0.0
2.719591253748637e-08
1.1601864867948064e-07
1.2630871618873993e-10
2.663997872291013e-08
0.0
-4.599246546210228e-10
2.6639962556456872e-08
5.468041514620559e-08
6.449628285518602e-08
0.0
9.817694132432101e-09
9.817694131568269e-09
0.0
0.0
0.0
0.0
0.0
0.0
0.0
0.0
0.0
0.0
0.0
0.0
0.0
-4.983398680202811e-05
0.0
2.3748522728507752e-08
0.0
0.0
0.0
1.8933835002454444e-07
0.0
-4.508162732008714e-09
0.0
0.00011250850334523318
0.00011250850334500878
0.0
1.7013418013265286e-08
8.321970506843127e-18
-1.0957017715095706e-08
-1.095701769908084e-08
1.0417368667834832e-09
0.0
0.0
0.0
0.0
0.0
0.0
8.649406165735044e-06
0.0
6.913399543107782e-07
0.0
2.6218651680767467e-09
0.0
0.0
0.0
0.0
0.0
0.0
0.0
0.03080213538219677
0.000116927689463914
0.00044847698229075634
0.0
-1.577562971851582e-05
3.322491889833342e-08
-2.3456380099784508e-08
-2.0020608713599872e-08
-1.0687655938100386e-08
9.970043333073445e-09
-9.927846736108165e-09
-8.375017788487833e-09
-2.4433411629498636e-06
-2.459448257496888e-06
0.0
0.0
0.00022187025915719423
-6.299005274559735e-12
0.00022187103211833282
0.0
2.6976748763951557e-09
9.885046194161511e-09
0.0
1.984423213534104e-08
0.0
6.723550814331443e-10
0.0
-5.538269474474888e-10
0.0
0.0
2.9707083711950964e-08
7.896899199442628e-09
0.0
0.0
0.0
0.0
2.5298277153097534e-08
0.0
0.0
0.0
-9.535467722604322e-09
0.0
0.0
1.069610471347111e-09
0.0
9.95933506618555e-09
9.98564764804822e-09
2.9587941040204123e-07
9.99048322134609e-09
0.0
9.989612356241486e-09
9.957975108693447e-09
0.0
5.9827162243711e-08
0.0
9.966713284727239e-09
4.670615734863001e-08
9.96953682156425e-09
1.4174149148525295e-08
9.959607775197276e-09
2.0485664638563228e-08
9.9909163902292e-09
0.0
9.991177667947441e-09
0.0
9.989587308921813e-09
0.0
9.989580707535108e-09
0.0
0.0
0.0
0.0
0.0
0.0
0.0
0.0
0.0
0.0
0.0
0.0
0.0
0.0
0.0
0.0
0.0
2.8392267679690555e-09
0.0
0.0
0.0
0.0
0.0
1.428109768311699e-11
1.4280799065943322e-11
2.856230500931289e-12
6.66439279856844e-12
1.0472595591557452e-11
3.808267664124748e-12
1.9041367437554663e-11
1.1424858329811147e-11
7.616497145371324e-12
1.523308676830252e-11
0.0
0.0032013093188424224
0.00320132279543507
0.0
3.090494931662435e-08
-9.945718980970599e-09
9.96501483985951e-09
9.961319973870779e-09
-4.6475931671621997e-11
0.0
0.0
0.0
0.0
0.0
1.2058727349995024e-09
0.0
1.3899744742787396e-12
1.7086790435149275e-08
7.357087754283851e-09
0.0
0.0
7.356060124437961e-09
0.0
2.9803931686721276e-08
0.0
0.0
9.457886340712464e-09
0.0
0.0
0.0
1.0103391158316888e-08
0.0
6.758887909589382e-10
1.541043034938589e-10
0.0
9.809614114064669e-09
2.6846034747108844e-07
0.0
1.9905268465945394e-08
1.990528467975486e-08
2.3918185554932664e-06
0.0
0.0
4.6001802906596536e-08
0.0
1.6260726502253763e-09
8.97074229492704e-09
0.0
4.043960287792219e-08
1.990521964964631e-08
6.446172773305462e-10
1.9905236025059474e-08
1.9905219802463843e-08
0.0
1.2242615968676848e-08
0.0
0.0
0.0
0.0
0.0
0.0
0.0
0.0
1.1824893418193756e-09
1.3938052586319095e-08
0.0
3.831606725979183e-08
0.0
3.978349040538129e-08
9.250631901515798e-10
0.0
6.094009345184736e-06
9.088943288348843e-09
0.0038682405846957135
1.1165447958656533e-09
0.0
1.2056820534110577e-09
9.976112533328039e-08
0.0
0.0
0.0
2.69906725889356e-10
0.0
0.0
0.0
9.95399888575314e-09
9.953998808911492e-09
0.0
0.0
0.0
0.000204548026169815
0.0
8.24292773080777e-09
5.958274722705613e-07
2.732132478782653e-08
1.0026718258809281e-08
0.0
0.0
4.52789441377935e-08
5.202443376883206e-09
1.4118173999333238e-08
-5.286005006642653e-08
8.108285046065536e-05
-0.000647190487056838
-0.0008367825792198191
0.0012786787357407844
1.2687593845982323e-16
-0.000755680036848961
1.521048506372951e-07
0.0
0.0
0.0
0.0
0.0
0.0
0.0
1.4206561325342045e-08
0.0
1.9860990111103202e-08
0.0
7.157230331049576e-09
0.0
3.079149072706428e-11
0.0
0.0
0.0
1.467002498334145e-08
0.0
2.288195186772018e-08
0.0
7.211117035065584e-09
1.0130116304458086e-08
0.0
0.0
0.0
4.8297359292029145e-09
1.322802518989681e-08
0.0
0.0
9.873235174741313e-09
5.420719740515967e-19
0.0
6.220952641911026e-09
9.934790727186519e-09
-1.5263096512369012e-07
-5.832478897357203e-07
0.0
2.103889204389852e-08
5.767936942576856e-08
0.0
0.0
2.407215111491806e-08
0.0
6.065780248232157e-08
0.0
0.0
0.0
0.0
1.0481842464867587e-08
9.493891423780074e-10
0.0
0.0
1.3602517557805219e-08
0.0
0.0
2.7737131361583212e-08
3.9105503190471414e-10
0.0
3.6787312974589936e-09
0.0
0.0
1.9379396154992843e-08
0.0
8.518424729838347e-09
1.2439529694880498e-08
0.0
0.0
4.767061400997919e-09
6.2611919392127705e-09
0.0
0.0
0.0
0.0
0.0
5.119534650377816e-09
0.0
8.990429672443783e-10
0.0
0.0
-2.940730802444868e-08
0.0
0.0
0.0
0.0
8.739337735176022e-09
8.739328630560927e-09
1.893383499862337e-07
-0.0030608447233827266
0.0
0.0
0.0
7.695666147997882e-07
5.594408137758928e-10
-5.594408269607437e-10
0.0
-5.953190369486643e-10
0.0
0.0
0.0
0.0
0.0
0.0
1.9721160001697977e-08
-0.00014036895257072234
-2.2705657410887196e-05
9.217259150162724e-08
0.0
9.911690750544873e-09
0.0
0.0
8.712088225175178e-09
9.970861625003436e-09
9.97086159523798e-09
9.97086156543682e-09
0.0
9.837449874875248e-09
9.83744976023335e-09
-4.507931348601277e-10
0.0
0.0
0.0
1.4828446147510053e-10
0.0
0.0
-9.746717896316759e-09
1.460902417155489e-08
9.980205602104546e-09
6.731041881470634e-10
0.0
6.925445702615892e-09
1.2588610931452138e-08
0.0
9.976474757422693e-09
-2.297369958643514e-05
9.8934891271837e-09
5.878795295463574e-10
-9.947911921298624e-09
0.0
0.0
4.720501275451232e-09
9.785500461719476e-09
0.0
0.0
0.0
8.108285046076997e-05
9.926283628391985e-09
8.108285046088399e-05
9.926283748794666e-09
0.0
0.0
4.7204671385528215e-09
9.785460256379824e-09
0.0
0.0
0.0
7.79228910355941e-07
0.00027800671346328836
9.91979716218706e-09
0.0
-2.1260719737459618e-07
4.9346784897605105e-08
0.0
2.42068737806373e-07
9.984638431505136e-09
6.542133816958822e-08
-7.462395987885458e-08
0.0
0.0
1.6603710304931447e-07
1.2545559679728435e-07
3.356490255808538e-08
0.0
2.1316676739315494e-09
9.882555218609923e-09
9.88272326804716e-09
0.0
8.991392551229163e-08
-9.847375640934485e-09
0.0
0.0
0.0
0.0
0.00012710996776158206
1.5168904510427794e-07
1.8933834992123096e-07
0.0
5.730886450952106e-09
0.0
8.27849580364623e-09
3.4745021042139473e-11
0.0
3.4745022114483185e-11
0.0
2.311833574964508e-05
2.3118335749415976e-05
0.0
9.8340999956698e-09
5.29522227821801e-10
0.0
0.0
0.0
8.472348371395269e-08
0.0
-9.963328978769507e-09
1.9905252245507e-08
4.9801071290213295e-05
4.9801071290213295e-05
0.0
1.7013416169556523e-08
0.0
-9.45115008476166e-09
5.85029472205643e-10
9.890588687568118e-09
5.85029468092165e-10
9.890588683375556e-09
5.85029588884197e-10
0.0
2.9042864403952944e-08
0.0
0.0
0.0
0.0
1.9495910129105472e-08
0.0
0.0
0.0
0.0
0.0
0.0008516034410321616
-0.0004254341487839536
0.0
0.0
1.4348997420451013e-10
0.0
0.0
0.0
0.0
0.0
5.672816511133261e-09
0.0
6.716460821747406e-18
9.49065238377289e-09
9.490652269182882e-09
9.49065226830536e-09
0.0
0.0
1.3733937584543931e-09
0.0
0.0
0.0
0.0
0.0
0.0
-2.6144542574233764e-09
0.0
0.0
-5.209027514855409e-10
-7.995154345477671e-09
0.0
0.0
9.307534802239354e-20
0.0
-0.0027517478638357747
0.002751757155203582
0.0
5.3557710373725634e-09
5.672816693100185e-09
5.672816637429181e-09
0.0
1.403383458105914e-12
0.0
-9.839689020117639e-09
0.0
0.0
0.0
0.0
0.0
2.6144513466150113e-09
-2.0599841277224584e-18
-1.734723475976807e-18
-8.968714941261181e-09
1.0787501077789134e-08
9.224897972358938e-10
5.672816576410796e-09
0.0
0.0
2.7054054350533695e-08
1.7188102566230085e-08
5.60753774903976e-10
0.0
0.0
0.0
1.4459847348361339e-07
0.0
0.0
0.0
0.0
2.1146447219772776e-08
0.0
1.300950860492333e-08
4.170932932067129e-10
0.006297210148634947
0.0
0.0
-0.0004813942553122441
9.945999163152308e-09
0.0
9.945999165877706e-09
0.0
-3.7853939662418383e-10
0.0
0.0
0.0
0.0
0.00042578249680763625
0.0
-5.050146057034611e-10
-5.83561784145446e-10
-5.835617841653223e-10
0.0
0.0
0.0
-9.792775189332409e-09
-8.968715548007822e-09
0.0
0.0
0.0
0.0
0.0
0.0
0.0
2.2062080472511773e-10
9.772960631149898e-09
-1.5437733844769113e-09
7.378832521787024e-08
0.0
8.718112483759338e-05
0.0
8.7063236651895e-08
-5.76344158995289e-08
9.943645250257084e-09
9.890173601470997e-09
5.841277588471237e-10
6.663052354740734e-06
2.6890236475119162e-09
0.0
2.096200087866359e-08
6.137336028767985e-10
0.0
0.0
0.0
1.9630173701466003e-07
-8.954507869968971e-09
2.44000642635414e-07
9.941466956890545e-09
1.0633943173679878e-08
-1.0633943220341585e-08
0.0
0.0004257864931768718
0.0004257994081559873
0.0
0.0
8.514019441461544e-09
1.9408834766295082e-08
9.765859807027609e-09
-9.765859808330557e-09
2.3443459299942788e-08
1.0633943087201558e-08
0.0
9.890676176916344e-09
0.0
0.0
0.00020470760402341304
0.0
0.0
1.9049541122303952e-08
0.0
1.8157660326926266e-08
0.0
1.8235720355610026e-08
0.0
3.9742342311657154e-10
-8.134305401127917e-09
0.0
0.0
1.2445686747833607e-10
0.0
9.929840323979447e-09
9.92984032241413e-09
-3.98082152160327e-05
2.9676741167483094e-15
8.968717879476173e-09
9.87804240317031e-09
9.962970514739503e-09
8.869955283638108e-07
8.869955283638253e-07
0.0
0.0
0.0
0.0
0.0
0.0
-9.416102991505887e-09
-6.057667240726178e-10
9.715156570861694e-17
-2.25221357846453e-08
-1.3106032598284565e-08
0.0
0.0
0.0
9.971988238072392e-09
9.978127298893764e-09
6.710632879835461e-10
0.0
-8.900306042516903e-09
-8.906314012679939e-09
3.9783485941236794e-08
5.286005031435738e-08
3.978728433432332e-08
0.0
0.0
3.9783486285192866e-08
3.969977654221688e-08
0.0
0.0
0.0
9.971987966275742e-09
-8.325281728189419e-10
1.1424549918767932e-11
9.970362516681706e-09
9.970362313538317e-09
0.0
0.0
6.700262548048596e-10
9.978480426277916e-09
6.714104015505325e-10
0.0
9.977072199205765e-09
1.0153785754741813e-08
0.0
3.978348942824578e-08
0.0
0.0
0.0
5.794457194448947e-08
0.0
0.0
3.870886942550873e-09
6.445295270533104e-10
0.0
0.0
4.3345448096864516e-12
0.0
0.0
0.0
1.8933834995921687e-07
0.0002022363726265281
-0.00020223190304236027
4.4695823810721874e-09
2.6846034722784016e-07
-1.018530083884972e-08
-8.747543417427742e-10
2.485946163122891e-07
0.0
0.0
1.4002520301443386
-1.4002519404668943
9.931486623924232e-09
0.0
1.8221861353140412e-08
0.0
0.0
1.558908888955879e-08
5.742354524663643e-10
0.0
0.0
0.0
2.485946157314718e-07
3.5919638715841265e-08
6.762294881298042e-10
-1.6498478508034913e-08
9.985646864235902e-09
1.945720347401202e-08
0.0
1.0564947098610707e-08
6.795231174905628e-10
0.0
-9.798400027691639e-09
1.82726166077019e-09
0.0
0.0
-8.792352425914797e-11
0.0
1.1553548520919372e-08
0.0
0.0
0.0
0.0
0.0
0.0
