0
1.8453611118928096e-06
1.8793439306558208e-06
0.0
2.6356144818923548e-08
3.702170738697352e-06
2.0410584277558406e-05
1.0342004648541114e-06
0.008241662630709707
1.2990459841405936e-06
0.0
7.3511283607096665e-09
3.991998758695439e-06
8.945209123472785e-10
8.945639976397076e-10
5.530348417918786e-09
1.1026374987978192e-09
1.2848946666038373e-09
5.075199505870208e-11
0.0
0.0
0.0
0.0
6.230111842162648e-10
3.1945096582327982e-09
2.424313127078552e-06
1.907189943279935e-09
0.0
0.0
0.0
0.0
2.4645032409837913e-06
0.0
0.0
0.0
0.0
7.26041914365143e-06
3.7592800327037795e-11
0.0
0.0
7.437027889617933e-11
0.0
1.0802900920509255e-09
0.0
8.157064437039075e-09
4.041099439853567e-09
3.888186638951637e-08
7.510094154771195e-06
3.308380550778448e-08
1.1096689155860931e-07
0.0
9.095794899052943e-23
0.0
0.0
0.0
0.0
9.876564262331873e-06
0.0
7.031820722005389e-10
1.0263149108700459e-05
0.0
0.0
0.0
3.943634890503971e-21
3.715915706354073e-10
0.0
0.0
5.108396865347973e-09
0.0
0.0
2.1528351293108406e-06
9.870751159586655e-09
0.0
8.502554101784929e-09
-4.290297535409018e-05
2.4796120855942586e-14
0.0
0.0
0.0
7.032253461013284e-10
3.345872265032334e-09
0.0
-4.290297535354599e-05
2.339307231307233e-23
0.0
0.17375856678652996
-2.0606638657883686e-07
0.0
0.0
0.0
5.158004370528722e-10
0.0
9.739712533834126e-11
0.0
0.0
-5.836755220935317e-06
5.390781379927296e-10
3.594719941464026e-09
4.675215807251412e-09
0.0
6.007873703793991e-07
0.0
1.3124675786446198e-09
0.0
1.1805013009623115e-09
0.0
0.0
2.794190684363713e-09
0.0
0.0
2.4037324171141215e-09
0.0
0.0
1.6418442592423507e-09
1.0397978412499522e-09
2.3375046649892215e-23
0.0
2.180254071911719e-09
0.0
1.559766590701461e-07
0.0
1.933989585588638e-08
0.0
7.169183456969077e-09
0.0
0.0
0.0
-1.2873636737271887
1.287230656006944
9.349040368561263e-09
8.703860654093248e-09
0.0
5.153568135197888e-10
0.0
5.157562419112628e-10
0.0
0.0
5.156892308762996e-10
0.00020026322583473771
6.665070607563718e-10
8.386310842201151e-10
3.0562788747098174e-10
0.0
3.3263186106265234e-10
4.0045513620442044e-20
0.0
4.3544641455606e-09
0.0
0.0
0.0
1.6384913269824262e-11
0.0
0.0
8.823065153591733e-10
2.2992766737037876e-10
1.7123643698089681e-09
4.205887504890186e-09
6.32478289939728e-09
9.291991609690688e-10
0.0
1.3445555651034925e-10
0.0
0.0
0.0
-0.08551554475062781
2.9049533635475137e-06
1.7123643698089681e-09
0.0
2.4872762632662373e-10
0.0
5.14399557741089e-06
8.371448439237383e-07
0.0
0.0
6.54537858647653e-06
0.0
0.0
1.8091113864944777e-06
1.253838906164925e-05
1.444880477028019e-09
0.0
3.2190442670036006e-09
0.0
9.759149260018199e-10
1.0310715825942923e-06
-1.2112447267355613
0.0
1.0357332074161345
0.0
0.0001591581433520657
0.0
0.0
0.0
0.0
0.0
3.0819575987916794e-06
2.9616952385628604e-06
1.8470245035535806e-07
1.5846603743835408e-06
1.8738118610739385e-08
0.0
0.0
0.0
0.0
2.2214202724005435e-06
6.337503012595705e-09
-0.0016089068945604377
0.0
0.0
0.0
0.0
0.0
5.4953341940990966e-09
0.0
8.641991517639528e-09
0.0
3.727557936909376e-09
4.153090418434255e-09
0.0
8.751261761343023e-09
0.0
0.0
4.866313777402169e-09
2.5594394424570953e-09
0.0
0.0
2.450832482390399e-09
0.0
2.6356144818660905e-08
0.0
8.520958811522609e-09
3.357874343447805e-09
3.3578743434478046e-09
-7.150495857784314e-05
0.0
2.8542723283260546e-09
9.287176963464136e-09
-5.6956693817262945e-06
5.478436203742478e-11
-1.0633161645678026e-06
5.443949014062913e-09
3.8327155309105366e-09
0.0
0.0
-0.08935995634136645
-2.662374529262096e-06
0.0
1.1549868001202937e-09
0.0
4.515889594079672e-09
4.4441836439355656e-20
0.0
-0.47794622208031257
0.0
0.0
0.0
0.0
0.0
0.0
4.3228721223103265e-11
3.0983590626110907e-09
0.0
6.257848029206809e-07
-0.00795360090143632
1.1835040850824728e-09
1.5718651568115197e-10
2.3183142964732093e-12
4.44616449547651e-09
1.4333124273958828e-09
1.9947659889878117e-06
3.599397810156472e-09
4.0332642014729984e-10
0.0
0.0
0.0
0.0
0.0
0.0
3.3640968635151666e-06
2.1949442290131168e-09
4.2147380153927207e-20
0.0
7.456289516543248e-10
5.4784362037425924e-11
0.0
0.0
2.6132417096443848e-06
2.9067865271980517e-10
0.0
0.0
0.0
-0.0022406278692454
2.4575285930488645e-06
0.0
3.1362737179097344e-09
7.851831912716437e-09
4.995088265685571e-09
4.072201970041241e-10
8.501673872267376e-09
0.0
7.2397185469955066e-09
1.7403173433668303e-06
0.0
1.6272114590297982e-06
8.901250880999936e-07
0.0
1.7168099349421495e-09
0.0
3.009897445743844e-06
5.390781365530434e-10
0.0
0.0
0.0
0.0
1.039797841249951e-09
4.6699972472136867e-07
0.0
5.137665900620667e-09
2.5029576982232726e-09
1.4709328003941541e-09
2.940720534585637e-09
2.994943422978567e-09
0.0
0.0
1.0725111642429933e-05
2.297605745741088e-06
0.0
3.656447170991141e-05
6.475301694340527e-10
0.0
1.2541882406345112e-09
1.6490577609532106e-10
-2.8107420380226398e-06
8.744302883586303e-05
0.00023040399027502223
4.169507618958904e-05
3.61352308444791e-05
0.00011062665091269359
9.640217671562994e-05
4.360468122205113e-05
-1.2990459841405945e-06
-1.2990459841405953e-06
0.0
0.0
0.0
0.0
0.0
0.0
0.0
0.0
0.0
0.0
0.0
0.0
0.0
0.0
0.0
3.0730521724321235e-05
2.8133455422402962e-05
0.00010282620058985208
8.555199237387101e-05
4.698026637697574e-06
1.2791228863906162e-05
0.0001131369215668322
1.2073715619720623e-05
0.0001957440170758848
0.00011795682750713556
7.18576278386438e-05
5.718131936079793e-05
4.120434681874709e-05
5.142687885174471e-06
1.0370674756007766e-05
0.0001946549552434693
0.00011796155203378398
7.186670452590628e-05
2.2982878541688554e-05
4.12097293951372e-05
5.151659305530193e-06
7.219473024772018e-05
5.057009748569554e-05
0.00010753503122018995
3.54274741811777e-05
8.266655892318598e-06
2.318802426009268e-05
5.744454908295107e-05
4.3895586017853464e-06
5.05737570850357e-05
4.782084679061776e-05
3.5433253714824e-05
8.268923962032919e-06
2.3200372682365865e-05
5.7453770930163275e-05
0.0
0.0
0.0
1.8097147372555412e-10
0.00017031017055158838
0.0
2.424313127078553e-06
0.0
0.0
0.0
0.00012523542887933077
0.00020574971458874722
9.732855398928358e-05
0.00017104383381665256
9.732855398928352e-05
0.00011998166415894723
0.0001493927062485487
9.932794151558404e-05
0.00023221577349927326
9.158544196370016e-05
9.158544196370015e-05
9.158544196370012e-05
0.0
0.0
-2.4243131270785514e-06
2.4243131270785522e-06
0.0
1.8746958031895825e-10
6.836891424118006e-10
6.838003029748571e-10
0.0
0.0001252354288793308
0.00020574971458874722
9.732855398928359e-05
0.0008130648145606048
9.732855398928354e-05
0.00011998166415894726
0.00014939270624854872
9.932794151558406e-05
0.00023221577349927326
9.158544196370016e-05
9.158544196370013e-05
9.158544196370012e-05
0.0001252354288793308
0.00020574971458874725
9.73285539892836e-05
0.000813064814560605
9.732855398928355e-05
0.00011998166415894726
0.00014939270624854872
9.932794151558408e-05
0.00023221577349927328
9.158544196370015e-05
9.158544196370013e-05
0.0
2.6023825036386823e-05
0.0
0.0
0.0
0.0
0.0
0.0
0.0
0.0
0.0
-1.1471878252687206e-08
0.0
0.0
1.8793439306558196e-06
-2.4645032409837845e-06
2.4645032409837726e-06
0.0003211935023069932
0.0003856329670535342
0.0005678258510022968
0.0014367699620790276
0.0016976561344031085
0.0002422604192370971
2.1568685196394863e-05
0.0012009658479493958
0.000563099698546072
4.839902443971018e-05
0.0001929145493840771
6.239066363211707e-07
0.0
0.0
0.0
0.00030178972321435153
1.8107559454931903e-05
3.9035501905650873
0.0
0.0
0.002842794168130578
0.00284278647424634
0.0028426017717959823
0.0028089447966275364
0.0026311051762072145
0.0020236263336197422
0.0020224783348660497
0.00033151255158519815
0.0
0.0
3.697779467162147e-05
0.0
0.0
0.0
0.0
0.002419859601589553
10.980279898282296
0.0
0.0
0.0
0.0
0.0
0.00011325053624357948
6.23906636327285e-07
0.0
0.0
0.002568659270343532
0.002568659270343532
0.002394728469999979
-3.6489485717677725
0.007206299559233789
0.00011324572505140745
6.239066363242713e-07
1.352059518099508e-09
0.0
0.0
0.0
0.0
0.0
0.0
-0.002842794130537777
-0.0028427864742463383
-0.0028426017717959814
-0.0028089447966275346
-0.002631105176207213
-0.0019715718006430363
-0.0006997983984335268
9.933748044487675e-05
-0.00015275670499262237
0.0025220610319013534
3.8881866389419196e-08
0.0
0.0
0.04133798808682648
0.04133798808682649
-0.0025220610319013534
2.6454155878740337e-05
4.416536128777378e-05
0.0002803750971154947
0.00042217049965015456
0.00042381316836919125
4.489535801831076e-05
0.00019075122600630811
4.7021320179429425e-19
3.6551780966150536
-7.510094154771193e-06
7.5100941547711905e-06
-2.1643621291167987
2.164354868697655
-7.260419143651429e-06
9.478124206644133e-05
5.514594807038469e-06
5.514594807038467e-06
7.686906062067289e-06
-3.308380550773615e-08
-3.308380550776211e-08
1.0316157093319909
0.8470775678423905
-0.00016001144201990738
2.4645032409836235e-06
0.00010261122344201349
1.0695423362403689e-05
4.3450619460704926e-05
0.25011087028827234
-0.2501109790836383
-1.1096689155858047e-07
0.0
0.0
2.4121216932058373e-09
2.412121863539647e-09
1.6221224763867734e-05
0.00036092039459081145
0.0022126606093944255
0.002614146870544767
0.0038392656961415287
0.002614146870544767
0.00022648430218737568
2.760108219569609e-05
2.6022954538609297e-05
3.158186574303611e-05
5.919217798879343e-05
0.0
0.0
0.0
4.8749060979393474e-05
2.806141408660923e-05
2.8043453630257217e-05
5.361060228619917e-05
7.320477400693695e-07
1.0725111642429935e-05
2.6018250496793874e-05
0.0
0.00010656624847654093
4.82274152773223e-05
0.00016353819640708254
0.0006248396422712356
0.0007277322632690158
4.313080491397153e-05
0.0001565196076756426
-0.0025686592703435315
9.068524789961957e-23
3.702170738697321e-06
0.004623241492406489
0.0038392656961415287
-0.0038392656961415287
0.030772165832711973
0.0
0.0
2.5677431723125963e-05
3.649683147386659e-05
0.0003314773207993374
0.0
7.109519050829606e-05
0.0012261097930495344
0.0004763000669751235
-0.005475013720968036
0.0007887630780242777
7.890517210004321e-22
0.0002713277268998162
10.908573965677613
-11.084045437004336
0.17519026703555923
-9.876564262331872e-06
0.0
0.0
0.0
0.00040993922461640355
0.00015090383804586518
0.0
0.0
0.0
0.0
9.460248758626425e-05
9.460248758626424e-05
-1.0263149108700437e-05
-1.0263149108700449e-05
0.0
0.0
0.0
8.217962385468377e-10
0.0
0.0
0.0
0.0
5.965203274204872e-05
0.0
2.8070166999012618e-05
0.0
0.0
0.0
0.0
0.0
0.0
2.6356144818929335e-08
2.3062670023599904e-10
1.8453611118948384e-06
1.8687265395552424e-05
4.8036721427288e-05
0.0
0.0
0.0
0.00011325388211584449
0.0004715463742962398
0.0004715463742962398
0.0001929145493840771
2.6356144818810465e-08
0.0001074161481760868
0.00010741614817608673
6.591058173610435e-20
0.0
2.2816417270924285e-05
2.6286750173033194e-06
9.960802258366118e-05
0.0003965605767836535
0.0004101024521726261
1.0260341134274993e-05
2.931424862122301e-05
3.637738607816036e-06
4.153668627047045e-05
0.00018076707453183353
2.5609922866501048e-05
1.3710716196565133e-05
3.4635016884035744e-05
0.00016143697738508507
0.0
3.676242786703125e-06
0.0
2.797086125775556e-05
2.0580954994402727e-05
0.00015007065248849163
0.00039724493748129983
0.00039724456588972917
0.00039724493748129983
0.00039724493748129983
0.00039724493748129983
0.0
0.0
2.2644663019988116e-05
0.00030089650338331066
0.0003235399534779719
0.0
-5.629341401780257e-07
1.0162177502251912e-05
5.546165769419723e-07
0.00044666617713896454
0.002485072817407074
0.002485072817407074
1.72159997300703e-21
0.000193325156428906
0.0006399749389536366
0.0
-0.008897362379430342
0.0
0.0
0.0
0.0003383205529320623
7.694995066529355e-05
0.00013727939498298542
0.002264919418309648
0.0
6.77361285772275e-05
-0.0001446781606487868
0.0
0.0
0.0
4.7485727772468e-06
0.0027344749983079283
0.008897362379430342
1.0333135523512551e-07
0.0
0.0
1.8688157444983603e-05
0.0005683596313423636
-0.02513822103814394
0.0
4.199863751344868e-05
0.0006913990163632711
0.0004856844261034122
4.139179651862334
-4.140323936826779
-2.1528351293108397e-06
0.0
3.6248977618384143e-05
-6.976772368437711e-06
2.7000105139365844e-05
0.00023293091799686904
0.0007839757962649602
0.48525024351531565
4.041002607148079e-10
0.0
0.0
0.0
1.0056028080290805e-06
1.0056028080861818e-06
1.005602808143325e-06
0.0022126606093944264
0.0
2.3375844665292163e-09
0.0
-8.507591289690173e-11
2.6356144819355144e-08
0.0
0.0
0.0
0.0
0.0
0.0
0.0
0.0
8.386876235920974
4.290297535409018e-05
3.991998758695441e-06
0.0
-8.386919138896326
0.0
0.0
0.0
0.0
0.0
0.0
2.4243131270785544e-06
0.00507514082018023
0.00012399641125721516
0.0
2.550273557262753e-05
0.0009141150405246703
0.0
0.0009396177760972979
4.912883852881155e-06
7.449042028820945e-05
0.0002880422133809738
5.266773255612336e-05
1.849362880109052e-05
0.00010096932271256186
0.00018005791728341794
0.0
0.0
1.969618464283823e-05
1.5081141737404082e-20
1.6976300947808015e-20
0.0
1.922338478398916e-20
4.803672142728795e-05
0.0
0.0
0.0
0.0
0.0
0.0026660179754270656
0.0031449579188089576
1.8381213933984035e-06
0.0
0.0
0.0
0.00014032893186556976
0.00013647707193027242
0.00013647791129555093
0.0
0.0
3.2197046868649665e-05
7.478635917683108e-05
8.609934263831822e-06
6.819773052661197e-05
4.0397023206534506e-05
2.1756976948563222e-05
0.00010906293335150851
3.2197046868649725e-05
7.478635917683115e-05
8.609934263831895e-06
6.820077521278058e-05
4.039939152559911e-05
2.1756976948563317e-05
0.00010906415370805713
2.1451487676772993e-05
4.290297535354599e-05
4.762203406626289e-05
0.0
0.00014456188810115243
0.00014456188810115243
-0.17375856678652996
-0.1735114442601095
0.0005650102027268378
0.0008513110436240169
2.060663865788367e-07
0.0014165273127374335
0.0
0.0
1.8301193502276518e-07
0.0
9.91819423316713e-05
0.0
0.0
0.00019832625362076967
0.00019832625362076967
0.00019832625362076967
0.00019832573782033264
0.00019832625362076967
0.0
2.011219917618838e-06
2.468968580119803e-06
0.0
0.0
9.212309963159942e-11
0.0
0.0
0.0
0.0
0.00023739139598477426
5.517498492376854
0.0
4.545549751735433e-05
-5.517781339270355
0.0
5.5177358838702375
0.0
0.041478334877407506
4.7612925587924946e-05
2.56520403238244e-10
0.0
5.275528735830348e-12
0.0003487931233477012
-0.0003487931233480688
-5.20545329767041e-05
-0.0013226799364325216
0.0002321750711403227
0.0018184467374858023
1.8201588244609805e-09
6.094830846460259e-09
0.0003760992910151162
5.836755220935315e-06
0.0003819433268713494
0.0
0.0
6.120142129450434e-19
0.0
0.0
0.0
0.0
0.0
0.0
0.00026826355088010106
0.0
0.0
0.0023139281952591216
0.0
0.0012711361110874866
0.0
0.00014378571572071247
0.00017103390920289287
0.0
2.7248010518778367e-05
7.604970642617749e-05
0.0001432843701191443
0.31132135378611187
0.0002605842560307787
0.0
1.1626085638781004e-05
3.5176129583313864
-3.5176135569474125
-6.00787370379397e-07
0.002836079151725331
1.9073536206095366e-05
0.0
0.0
0.0004062848706815722
9.261793725066953e-06
-1.650727224822146e-05
0.0
0.0
0.00010775898983785572
0.0004417526391681987
0.00016603895677227105
8.657491356338315e-05
0.00017401896009292808
0.00018822631116727182
7.42746009726603e-05
0.00024003282600068543
0.0
0.0
0.0
0.002832550210512584
0.0030615888820305784
0.0
-3.9919987586954395e-06
0.00010660196383188651
0.00015034593715562299
0.0003563472958993209
0.0006468387325062186
0.0007130092462909289
0.00012269494976831905
0.00032564904122798615
7.322617627810049e-06
7.352485573406404e-06
2.6356144819140044e-08
0.0
0.0
0.0
9.978985447505472e-05
8.670740834147379e-05
0.0
0.0
9.301123899745725e-09
0.0
0.0
0.0
0.0
0.0031483223063511257
0.0
-5.809914825352261e-05
0.0
0.0
0.0
0.0
0.007206299559233788
0.002394728469999979
0.0014432104583310536
0.0
0.0
4.0161005015102726e-08
0.00011334351755635407
0.00011330335655133896
0.0
0.0
0.003061588882030578
0.003061588882030578
0.00022370880759627266
5.514594807038504e-06
0.0
4.612533888992081e-10
4.612533840361693e-10
4.612533860772104e-10
5.514594807038411e-06
0.0
0.0005775348090207791
0.0018771437784106777
0.0002797964108764712
-0.0027344749983079283
0.0
3.6762427867030933e-06
5.514594807038472e-06
3.7021707386973574e-06
0.0
0.0
0.0
0.0031483223063511257
0.0031449582094876106
0.0
0.0
0.0
0.0
1.0628816003870925e-09
8.048646808734074e-09
2.2921615997138573e-06
8.064194363397014e-06
2.3062673737972882e-10
1.4299163645407677e-10
0.0
0.0
0.0
0.0
0.0
0.0
5.514594807038229e-06
5.514594807038197e-06
0.0
0.0
0.002953649141178942
0.002953649141178942
4.747793373420224e-06
4.748976877507572e-06
0.0005228185466012107
0.0
2.8483678718849953e-09
1.6095221334625359e-09
0.0
1.6095221334625353e-09
-0.0005580555108235642
1.505586577169558e-10
0.0
0.0
0.0002245691305979735
0.0
0.0
0.0
0.00039062169325204346
6.327433489276302e-05
0.0
0.0
0.0001947630470636301
1.9696184642838395e-05
2.3376254140190078e-05
0.0
1.8347083854588024e-06
2.791613611328227e-05
0.0
0.0002057589445412841
0.0
9.733766421108156e-05
0.0
0.00017105275624794883
0.0
9.73376642110815e-05
0.0
0.00011999088991778589
0.0
0.0001494019126768662
0.0
9.933722422012931e-05
0.0
0.0002322250188491979
0.0
9.159459058462399e-05
0.0
9.159459058462396e-05
0.0
9.159459058462393e-05
0.0
1.559766590701184e-07
1.5597665907006265e-07
1.559766590813635e-07
1.5597665907783209e-07
1.5597665907406414e-07
6.239066363179152e-07
0.002842794130537776
0.0028427864742463383
0.0028426017717959814
0.0028089447966275346
0.002631105176207213
0.002023626333619742
0.0020224783348660484
-0.000331512551585199
0.00022682158165738333
0.00022682887133377707
1.730437395105575e-07
1.7304373951049871e-07
0.0
0.0
2.6356144818306477e-08
0.0
0.12005648698923208
3.7781172518784695e-05
3.7054041383569024e-05
7.166454204286639e-07
2.635614481860054e-08
3.6944193113865296e-05
0.0
0.0
0.0
0.0
0.0
0.0
0.0008735770804325083
4.036840009665929e-05
5.098026150048366e-10
0.0
0.0003852568588473719
0.0003767074686771297
0.0002985384355178106
7.918231397032933e-06
0.00018213447731341845
0.00014566568378898353
1.47437326051117e-05
0.0001778428396987001
0.0007351421397882743
0.00026156769993827995
0.0003823872834050564
0.0012507883839868762
0.0015306373375341886
3.8570272524619494e-05
3.0310143788441307e-05
7.689743838220489e-05
3.365863200974521e-05
3.219278379641964e-09
0.00012766329720080463
0.0003124742341612927
0.0003303327504283528
0.0002194774339681518
0.0002079574011016677
0.0001379077529694967
0.0002624852149287645
1.583589668305408e-05
1.6568413008203442e-09
0.014935294487856392
0.0008651604429160988
0.0
0.0
0.0
0.0
0.020034537606433735
0.0429048896465959
4.011647954110791e-05
0.0
3.1625980359748737e-11
0.0
2.4641368229771103e-06
0.0001819118417747257
6.465606806878311e-05
0.0
0.0
0.0
0.0
0.0
0.0005084416248560998
1.361331356869777e-05
0.003129747137389341
1.2873636737271887
0.0015433982307752636
0.0
0.0
0.0
0.0
0.0
1.929487423057685e-05
0.0
0.0
3.855211824601195e-05
3.855211824601195e-05
3.855211824601195e-05
3.855160288919842e-05
3.855211824601195e-05
3.3751043344515446e-05
3.593235328408302e-05
-1.2883920353420937
7.021758007409432e-05
0.0
0.0
0.00014039752918802408
0.00014039752918802408
0.00014039752918802408
0.0001403970134317822
0.00014039752918802408
7.535483336700209e-05
6.908202375155743e-05
0.0
0.00028957173115889306
0.00028956264635112056
0.00028958198624697647
0.00028957173115889306
0.0002895819862469764
4.866795764586696e-05
0.0
0.0
9.729828445653094e-05
9.729828445653094e-05
9.729828445653094e-05
9.729776876730006e-05
9.729828445653094e-05
0.32210699192384445
4.760816331043411e-05
6.69906315400362e-09
9.522972474718046e-05
0.0
0.0
0.00035413739925759576
0.00015003322339067073
0.0
0.0
1.8381213933514022e-06
6.051484117581819e-05
2.9075121089862586e-05
7.154370359824853
0.0
0.0010367719777003466
-0.0002002632258347378
0.0014836031133785932
0.008609891102332401
0.15336802812793163
0.0
0.0
0.0
0.0
0.0
0.0
0.0
0.0
7.338073138348018e-09
0.0
0.0
0.0004914109571974253
0.000358262380072292
0.0
0.0
0.041981733230275355
0.0
2.3916023649906917e-10
0.0
0.0002685718200528086
0.00026857182005280854
0.0010068517447447808
0.0
8.069185713395608e-07
0.0
3.441806573063218e-05
0.0
6.781744615530336e-09
8.374983120561667e-05
4.5598740260019e-05
6.393017382342137e-05
0.00022827906548758214
0.0003176298110963898
3.2870463779696554e-05
0.0001272053590544196
0.0
0.0
-0.002476211586504554
4.847816110114254e-05
0.00045544302866440823
0.00024833747769537626
0.0
0.0
0.0
0.0
9.718845779046315e-10
0.0
0.0
0.0
0.000149835902102165
0.0022323823393461326
0.002185784100903954
0.0006392106687689593
0.0418735468899859
9.442476010168712e-05
3.782465915613006e-10
0.0
0.0
0.0
0.0
0.0
0.0
0.0
0.0
0.0
0.0
0.0
0.0
0.0
0.0
0.0
1.2774624304241206e-09
1.8301193501953208e-07
0.0
0.0
0.0
0.0
0.0001409278657047542
0.0
0.0
0.0
6.858507145278106e-10
0.0
0.0
0.0
0.13658327221423697
0.0036917541280576454
0.0001493569291957777
0.0
5.508257304025849e-06
0.0
0.0001966002761565282
0.00012918597880227838
1.7464862150742922e-05
2.897154820950908e-05
0.0
0.0014195775599312066
2.7121039805698336e-05
2.7121039805698332e-05
2.7121039805698332e-05
2.7121039805698336e-05
0.0
0.00948705471521614
0.003000922720491502
6.708244076844314
0.0
0.00015262369279173563
0.00014971873942818813
-2.9049533635475124e-06
6.1735535486724045
0.03145048808802424
0.0
0.0
0.0
0.0
6.205004196220696
1.8301193501884024e-07
1.8301193502025552e-07
1.830119350210101e-07
0.0
0.0
0.0
9.45169033272715e-05
0.0847548369127958
0.0005135564495733294
-4.53890065686749
4.624416201618117
6.676793588756289
6.205004196220696
0.01868676857089266
0.0
0.0
0.0
0.0
0.002185784100903954
3.9035501821784804
4.804172864770197e-05
0.00025655273734721373
-0.07566733545855915
0.000989489991428207
2.495975703702625e-09
0.003841111057253423
-0.0003001332896278753
6.709657566490085e-05
3.4418065730632175e-05
3.4418065730632175e-05
8.765959961091498e-05
-6.444939416456697
2.541344469477955
-5.143995577410891e-06
0.00014124311886521066
0.0
0.0
0.00017080186145238788
2.6021634236739384e-09
2.455526067991293e-09
0.0
0.0
0.0
3.947952860997287e-05
0.000141030014518106
-1.8091113864944773e-06
0.0
0.0
0.0005696317028437668
0.0001412179456807801
2.0636798445895385e-08
0.0004625969470228516
0.00021540921507402753
0.0001443098316732753
-3.6612605345900886
3.6612479962010265
-1.2538389061649248e-05
0.00015733319149451133
0.000134179525504887
6.117619799007262e-05
-6.545378586476527e-06
-0.00038496749002822655
9.264291582706087e-05
0.00011590228788635751
6.049882873139285e-05
8.418216201800897e-22
5.375349777366547
-9.426753516730013
4.051402902218625
-8.371448439237395e-07
0.0
7.320477400692098e-07
7.320477400690468e-07
7.320477400691131e-07
0.0006080445337954931
0.0030184809961288335
0.0
0.04179641961778407
0.00014970159913194102
0.0
7.645650055826444e-20
0.0
0.0
3.69525457465997e-05
0.0
0.0
7.448578546227267e-09
0.00012747694471655367
3.649144916577467e-05
9.718845779042435e-10
0.0
2.292161599713331e-06
0.002466857919098302
9.667737102321669e-05
0.0
0.0
4.974337873261584e-05
4.9743378732615766e-05
0.0
0.0024668483635880115
0.0
4.803629895158268e-05
4.8032194206355374e-05
0.0
0.0
4.8041728647702027e-05
5.514594807037986e-06
3.6762427867030607e-06
3.376536827211182e-05
6.273691648162086e-05
8.07817763788801e-05
0.0
0.00028095821771024847
0.000319744232173201
0.00018065673068612116
0.00017652435126917383
-1.0310715825942682e-06
-0.00017755542285176806
0.0
0.0
0.0
0.0
-1.035733225549123
-0.3947029810531465
7.789339752162813e-06
0.00015915814335206566
-0.00015915814335206566
0.0
0.0
0.0028427941305377777
0.002842786474246339
0.0028426017717959814
0.0028089447966275364
0.0026311051762072137
0.0020236263336197422
0.0020224783348660484
-0.0003315125515851986
0.0
1.8381213933984064e-06
0.0
0.0
0.006383118114268354
0.0
0.0
2.7696154920726072e-08
9.672404866862424e-09
2.3062670448810343e-10
1.8301193501606975e-07
1.8301193501698484e-07
1.830119350155942e-07
1.8301193501573748e-07
1.8301193501643307e-07
1.830119350217953e-07
1.0403548433709257e-18
0.00028736342870185093
0.0007243101876354004
0.0011446712511217557
-1.602059913340945e-05
5.753559419016118e-11
0.0
0.0
0.0007839757962649604
0.0007839757962649604
0.0
0.00010227099271606989
-0.00010535295031486156
-3.081957598791675e-06
0.0
0.0
4.302258216329021e-06
8.523737528646325e-21
2.961695238562859e-06
-2.961695238562861e-06
0.0
5.514594807038442e-06
0.0
0.0
0.0
-6.752247198116487
6.751721746687708
0.0005254514287800199
-0.005835773497399763
0.004561675691073713
0.0012711361110874866
0.0007839757962649604
2.3908453383060474e-05
-1.8470245035536473e-07
6.087683924879543e-05
0.00027998150991849816
0.0
1.290448940370199e-09
1.6215787670170457e-09
1.3157006446854113e-05
-1.5846603743835237e-06
-1.5846603743835004e-06
1.211244750963381
3.557856710459031e-08
2.3388206522561253e-06
2.1359882090407565e-06
2.3841101031942747e-07
2.1359882090423574e-06
2.1359882090439524e-06
0.03995100172691449
-4.226314985537713
4.226315026159972
4.0161005015104036e-08
0.0013869863599119884
1.4852997236831427e-05
-0.00014230348047907098
0.00014232566170809647
-1.8738118610737714e-08
-1.8738118610738664e-08
0.0007839757962649604
0.0007839757962649604
0.0004715463742962398
-0.0023947284699999787
2.1126268850333604e-21
0.00022806597098265735
-0.00022806047754874483
0.0
-0.004623241492406489
0.0027354757282808447
0.0
3.9723727767061097
3.9723727781812044
0.0
0.0
0.00013926493659366696
5.631357611258499e-06
0.0
5.543135410401277
-5.543137631158319
-2.2214202724005177e-06
-5.772032763682909e-06
1.1631990279440688e-05
0.0037135744866421626
-0.003713574486642163
-0.003713574486642163
0.003713574486642164
0.0
0.0
0.00016034006081767373
0.00016034006081767365
-0.007206299559233787
0.0023947284699999787
5.26423187815566e-05
3.894312318214355e-05
0.00032119350230699325
0.00032119350230699325
0.00032119350230699325
0.0
0.00040310520322447773
0.001975416724386825
0.0007696150330508642
0.0016089068945604385
6.122586307611601e-05
0.0
0.0
0.0
3.8881866389224736e-08
9.111693825411997e-09
0.0
7.109466886187613e-05
0.0
5.216464199419919e-10
0.0
1.0269076422613618e-09
1.308394469426055e-06
6.121529119772464e-05
7.109621741593833e-05
6.121560351038651e-05
1.308394469426054e-06
0.0
0.00012195082326313852
0.0
0.00012195993495695523
0.0001844251279186738
0.00010522302779916193
0.0037135744866421626
3.712921742885592e-21
0.00018003855972088651
-0.0001800357894756712
0.0
0.00011590228788635744
0.0
0.0
0.0
0.0
0.0
0.0
0.0
5.304918967787956e-09
8.645094114489191e-09
0.0
0.0
0.00016050524518598804
6.343693641863867e-06
1.902480216433668e-05
1.0168475627150317e-06
1.3314380473880981e-05
6.891138328470125e-05
3.0370925942871194e-05
6.851780396270912e-06
0.0
0.0
0.0
9.540449104111471e-10
0.0
0.0
0.0
0.0
0.0
0.0
0.0
0.0
0.0
3.652997660150785e-05
3.073052172432122e-05
2.813345542240294e-05
0.00010282620058985207
8.5551992373871e-05
4.6980266376975525e-06
1.2791228863906139e-05
0.00011313692156683217
0.0
0.0
4.178667841062078e-09
0.0
0.0
3.255295318541434e-09
1.193508858203876e-10
2.6740415427487988e-09
5.349420259701418e-09
0.0
1.365249599062539e-09
4.611430402300759e-09
0.0
0.0
1.7057149052555448e-06
1.0944112526751227e-06
0.0
0.0
3.420305224951159e-05
0.0
0.0
6.780249760439207e-05
0.0
5.9718363097413186e-05
0.0
0.0
0.0
0.0
0.0005580555108235642
3.991998758695425e-06
2.00585048848015e-21
0.0001405929390132043
0.0007483555104022569
0.0008929353758769627
0.0
0.0
0.0
0.0
0.0
0.00020539902377417896
2.63561448185967e-08
0.0
0.0
0.0
0.0011716540419005285
0.0
2.3622057398551326e-11
4.6642975902506865e-09
3.4068341630543216e-10
3.406834163050171e-10
0.0
0.0
0.0
0.0
0.0
0.0
0.0
0.0002057203849990056
0.00021668769655151197
0.00042240519034627297
0.0
0.00014665084095302078
0.0
1.395193405232775e-09
0.0
0.0
0.0
0.0
0.0
3.143518256746952e-10
0.0
5.833761033429733e-05
5.8337610334297324e-05
5.833761033429733e-05
0.0024198332133845194
0.0
0.00016696110010519806
4.197459861691327e-06
0.0
2.436808083609675e-05
0.0
7.001103711019508e-09
0.0
0.0
2.435332781763666e-05
2.8091646001573817e-05
0.0
0.0
0.0435864006464831
7.932694755499403e-05
0.0004293410577820781
0.0001266358140603363
0.0004937413654023409
1.9696184642837914e-05
1.969618464283809e-05
0.0010249387223995468
0.0010249374449371248
0.0
-2.635614481866841e-08
-2.6356144818679605e-08
1.9696184642838328e-05
9.910495448507436e-06
6.976452511350705e-20
0.0
0.0
0.0
0.0012748489197028947
0.0
0.0
0.0
0.0
0.0
0.0
0.0
0.0
0.0
-2.0802166419532948e-05
7.150495857784314e-05
8.310201927131899e-05
9.20510572605711e-06
4.6000904415538466e-05
0.0
5.8337610334297324e-05
0.00023114243252158126
0.00023114243252158123
0.0
2.8092271692855068e-05
0.0
0.0
0.0
4.202631362702449e-06
4.202631362702438e-06
0.0
0.0
0.0
0.0002015068926846425
0.0001362850951798495
9.467641370606561e-05
2.4355050022556172e-05
2.8081826322902824e-05
4.192122612553214e-06
0.0
-0.0002015138936268294
-0.0001362924368079481
-9.468106853785277e-05
4.4372905985997434e-05
0.0
0.0
4.4372905985997874e-05
0.0018110984565165105
0.0008181467866269869
0.000595124208833122
0.0
0.0
0.0
0.0009986473392712498
5.6956693817262945e-06
4.022439835240802e-06
0.00016050524518598788
0.0001605052451859878
1.83011935017567e-07
1.0633161645678098e-06
1.0633161645678052e-06
7.23937455842185e-12
1.0056172867496021e-06
7.2393745228193466e-12
4.748976877507628e-06
-0.001562055667902739
2.011219917647411e-06
0.00017115257161374434
0.0
2.0112199176226366e-06
4.022439835241136e-06
2.4243131270785527e-06
0.0
0.0
2.4645032409837544e-06
0.008450021200849023
0.008450021200849303
0.0012748491503295982
3.702170738697354e-06
0.0
0.0
0.0
4.659823844217819e-05
0.0
3.4994615445774785e-10
0.00014096566812762224
0.00019341304917781178
0.11526318007532906
0.004970862020984649
0.15254437046154848
4.740966487395037e-05
0.00010045473646814814
0.00016026115646678633
1.6221224763867694e-05
5.623873904641857e-06
0.000560879167446128
0.00041368540735599557
0.00015657667098321787
7.464582088216673e-05
0.000954407330806813
1.621423512654867e-05
1.2206769304754989e-05
0.0009154667969016924
5.8136634276473655
0.0
0.8548770203740599
0.004263697598598695
0.00296326739078899
0.00022537604916931289
0.0004085691193472863
6.205819255498246e-05
0.0001245912520374009
0.00012216749188898946
0.08935995634136645
0.08943689927036
0.0
0.0002409829218672324
0.000257126305834876
2.662374529262096e-06
0.0004500836614787052
5.0687940752665206e-05
0.00010131793642574632
3.9658886672593135e-05
0.0
1.822755084601257e-09
1.9926364052459066e-09
0.0
1.6213885184640324e-05
7.46458208821667e-05
0.0
1.877269907877878e-05
0.0
0.0
5.1095903365027145e-09
0.0
0.0
0.0
0.0
0.0
0.0
0.0
0.0004799319590761662
0.0004799319590761662
0.0
0.0
0.00036719052752643956
0.0001632411660171295
0.0
0.00019427640004549422
6.632308458725644e-10
7.322617627810146e-06
0.0
0.0
4.816283520179255e-05
0.0
8.670771472424624e-05
0.0
0.0002727995926965254
1.4876549080008944e-09
1.623552099473181e-05
1.2149404599424583e-10
0.00010577251581190319
0.0
0.0003509823897748956
1.487725365769414e-09
0.00016911070351383336
0.0
2.7635785682651153e-05
0.0
6.955849637171765e-05
0.00016001144201990733
0.0
0.0
4.8363437936327086e-05
0.0
0.0002327059548949645
0.00011101155526031071
7.322617627810114e-06
8.078177637888018e-05
4.23648622830916e-05
0.0001057812509303416
0.00037775004584580187
8.92652435636817e-05
0.00025397170856668907
8.89213286029252e-06
7.675480637464738e-05
2.700010513936592e-05
0.00017571668718450084
0.00022565591550963192
0.0
3.113959185535304e-09
0.0
0.0
0.0
0.0
0.0
0.0
0.0
0.0
0.0
0.0
0.0
0.0
0.47794622208031257
0.15583923351426418
0.00033972277354710515
1.3964863852073274e-05
0.002485072817407074
9.53892929526783e-09
9.586672855365625e-09
0.0
1.838582646789377e-06
3.3401751467266768e-09
2.635614481825457e-08
2.6356144818212348e-08
2.6356144818179982e-08
1.8347083854588083e-06
2.306267439344422e-10
2.3062674027173218e-10
0.0037135744866421626
3.4483512127417317e-11
1.961432266249296e-10
0.0027344750527718157
3.4483513762365996e-11
1.9614322828837626e-10
0.0
1.8381213933963373e-06
1.6725565823149122e-06
1.6556481107935583e-07
2.635614481851448e-08
2.635614481843677e-08
2.6356144818367858e-08
3.6993763674586814e-05
0.00013068596046607843
0.0
5.446388751846436e-11
0.0
-0.0027344750527718157
2.0410584277558403e-05
4.046373468804844e-21
0.0
0.0
0.00040830109693644874
0.0025387064668223247
9.232019733339855e-05
0.0002027758886849309
0.00013692819007832442
6.680387316561927e-05
0.000143843296691871
0.00011780735457384421
5.4533164953125386e-05
0.0
0.0
0.0
0.0
4.748976877507459e-06
2.0315961001992723e-05
8.744302883586307e-05
0.0002113486488931765
0.00023040399027502226
0.00012434388058268203
4.1695076189589075e-05
5.043968271890409e-05
3.6135230844479144e-05
6.339230918023453e-05
0.00011063090997600659
9.182413445164194e-05
9.640217671562999e-05
3.066991975060922e-05
4.36073963415307e-05
0.00034229672055007806
0.00018321344329733395
0.0020294471660970916
0.00010261122344201352
0.00028095821771024847
0.06833607893103505
7.645353151171898e-07
1.0712924949515008e-06
1.8347083854588138e-06
7.17260997791752e-05
1.2066902664696124e-05
0.00019573708331394214
0.00011795195523594542
0.0004505628986205239
0.00023077057930928028
4.1200114629051055e-05
5.147133581717301e-06
0.0
0.0
1.8347083854588054e-06
0.0
0.0
0.020074662090555043
0.0
0.0429048896465959
0.00042880421105631253
2.2799091583088125e-05
0.00012535658607524825
0.00011614493819968709
0.00010361312935468844
4.8672728649914336e-05
4.494505827307101e-05
0.0002030513692826944
-0.001006851744744781
0.016668023807484066
0.04238327072143293
-0.13658327221423697
0.04187354688998591
1.1520228539486004e-21
-0.12005646635243367
-0.0005743818559865922
8.158331908901402e-05
0.0
0.0
1.4211225090508804e-08
0.0
0.0
0.0
1.8409532981302856e-05
8.1583319089014e-05
7.478282899021265e-05
0.0
6.832409140906942e-05
0.0
6.818577782191748e-05
1.4211225090463274e-08
4.040839550374503e-05
0.0
2.1744685590705268e-05
0.0
0.00014559996460319482
0.0
9.99928520703169e-05
7.477338879694058e-05
6.831467931618556e-05
6.819998904700803e-05
4.0398971678722e-05
2.173524182184318e-05
0.00014559052313667685
6.257848029206883e-07
6.257848029206833e-07
-0.0015270754317201676
0.0
0.0
0.0
0.0
0.008778822939150412
0.00795360090143632
4.4259065183167326e-05
3.073052172432125e-05
2.813345542240298e-05
0.0001028262005898521
8.555199237387103e-05
4.698026637697596e-06
1.2791228863906186e-05
0.00011313692156683223
1.2073715619720638e-05
0.00019574401707588482
0.00011795682750713558
7.185680604240528e-05
5.718131936079795e-05
4.1204346818747116e-05
5.142687885174435e-06
7.21947302477202e-05
5.0570097485695554e-05
0.00010753503122018997
3.5428295977416255e-05
8.26665589231862e-06
2.3188024260092703e-05
5.74445490829511e-05
6.343693641863882e-06
1.9024802164336697e-05
1.0168475627150492e-06
1.3314380473881005e-05
6.891138328470126e-05
3.0370925942871218e-05
6.851780396270935e-06
0.0
0.0
0.0
9.540449104299785e-10
0.0
0.0
0.0
0.0
0.0
0.0
0.0
0.0
0.0
3.652997660150787e-05
-0.00012918597880227776
3.676242786703157e-06
2.635614481869446e-08
0.00017215553166348327
4.7477933734219224e-06
0.0
0.0
2.424313127078554e-06
0.00029309310339691876
4.466186837093595e-05
6.126155327891897e-05
0.00023089932711544648
2.505950406535889
0.0
0.0
0.0
0.0
1.7209032865316087e-05
0.024741611607595273
4.747793373421339e-06
0.0004003318216369752
8.47432949190591
0.00023036564442864004
-0.00017047109407287525
-9.90200246915895
-1.8077561667355009
0.0005228185466012106
4.747793373421635e-06
0.001138942543706898
0.0015270754317201676
0.0
2.4731993629616965e-06
0.0
0.0
0.0
3.3323174913166144e-05
0.0
0.0
0.0038411110572534237
0.0038411110572534233
0.0004715463742962398
0.0007839757962649603
0.003839265696141529
0.0007839757962649603
0.0038411110572534233
0.0007839757962649601
0.0007146252244126411
0.0
0.0
1.1137717915343326e-21
5.9831220558392856e-05
-1.0670074715448965
1.0669456455583493
-1.994765988987813e-06
-1.7990093089618493
0.0
0.0
0.003144957918808958
1.6962279086883892e-06
1.082128070472875e-06
0.0
0.0005259710109030872
0.0006541166458111162
0.0
6.008078913398745e-10
0.016668023807484066
0.0
0.016668023807484066
5.328223350626122e-12
1.696227908688419e-06
1.08212807047291e-06
0.0
0.0005259710109030872
0.0006541166458111162
0.0
6.008078913557022e-10
2.5059504065358893
3.6489485717677725
5.216314324868554e-10
4.747793373420984e-06
-0.0003159857658531931
1.8107559454931903e-05
0.00014824391265076678
0.00016775048823648915
0.0
0.00020194630951941996
9.651017217237181e-05
0.00015660739651903794
0.0003448246379228784
0.0001419405908660403
1.658219015416754e-05
-6.347151611514108e-05
0.0012650647592667129
1.3158620714165802e-05
0.0
1.6142673117185852e-09
0.0004529336202258381
7.17272192037851e-05
0.0
1.1194246099321057e-09
0.00045293294090986653
0.0
6.79315971595394e-10
0.0025937402442202137
-7.795345935186806e-05
2.4243131270785548e-06
0.0
0.0
2.848367871885147e-09
0.0
-3.364096863515166e-06
-3.3640968635151644e-06
-3.364096863515162e-06
1.877269907877878e-05
1.8081152360569384
1.8081152360569384
0.00043099723645082633
0.0
0.0
1.8381213933513559e-06
7.352485573406403e-06
3.6762427867032153e-06
0.0008627088848873546
1.2129253269045e-09
0.0
0.0
0.0003855827691254399
0.0003855827691254399
1.8301193501818056e-07
3.702170738697363e-06
0.0
0.0
0.0
0.0
0.0
0.0
0.0
5.076805285690941e-05
8.790671128030147e-05
0.00013584034503069675
0.00033082792257011206
9.796429880200469e-05
7.5534170293008435e-06
5.093549043348635e-05
1.1122702121496127e-05
0.00019009736704018315
0.0001008506103337152
0.00030367134060418536
3.2915000033592906e-05
0.021106540452772424
-0.02036133317713125
0.0
0.0
1.8577196837131203e-08
1.5745650759043477e-08
0.0
1.5745650760241308e-08
1.574565076183736e-08
7.320477400690118e-07
3.624897761838414e-05
0.0022126606093944255
0.0
0.0
0.0
0.0
5.94232729078429e-08
0.0030615888820305784
-0.0030615888820305784
0.0
0.0
0.0
0.0
0.0
0.0
0.0
0.0
4.612533791464977e-10
0.00011334351755635405
0.002321438289413893
0.0005580556613822219
0.0009344752254617685
0.0
0.0
-0.5008726129390833
0.5008700071512804
-2.6132417096443822e-06
0.0
3.624897761838414e-05
3.624897761838414e-05
4.6125337970222454e-10
1.8381213933518901e-06
1.838121393351909e-06
0.00314495820948761
0.0031449579188089576
0.0012711361110874866
0.0
0.0
0.0
6.868188312462607e-10
0.0
0.0
0.0
0.002240637350444306
0.0022406278692454
3.624897761838414e-05
0.0
0.0
2.2901546800286947e-05
2.5359075393335793e-05
-2.457528593048857e-06
2.464503240983718e-06
0.0
0.0
0.0002818726504297755
1.9917072784576068e-05
0.0
4.6125338240453545e-10
4.6125338079881007e-10
0.0008203144896082161
0.000432666798717577
0.0011165005644872706
0.0
0.19474001755349143
0.0
0.0
-8.500688307618958
0.0
0.0
0.0
0.0
0.0
0.0022126168026990562
0.0
9.73285539892836e-05
0.0
-0.030776911457773178
0.0
0.0
0.0
0.0
0.0
0.0
0.0
0.0
0.0
1.2142061100882336e-05
6.23906636321281e-07
6.239066363213526e-07
1.8301193501816158e-07
1.8301193501815642e-07
8.069185713395485e-07
0.00016050524518598796
0.0
0.0
0.0
0.000575842299826928
0.003061588882030578
7.154370359824853
8.395259616538334e-08
9.686294220164996
-9.68629511016859
-8.901250880999905e-07
0.0
0.0
6.976772368437707e-06
3.1095496792955846e-05
2.9089460300126962e-05
0.0024086933338520527
0.0
0.004561675691073713
5.462789545949756e-22
0.00013819019515899745
0.00011309934595445791
-0.0401931234962465
0.040166292851330034
-1.7403173433668305e-06
1.6272114590297963e-06
-1.6272114590297974e-06
1.8453611118928079e-06
0.012128710236562798
0.008977821174086135
1.4299163600170363e-10
0.0
0.0
0.0
0.0
0.0
1.371830594317877e-05
1.6272114590297944e-06
0.00021819421278923407
0.0
1.3980182494232137e-05
1.8453611118948842e-06
0.06259390954562062
3.7901022531607213e-19
0.0005187828550072485
2.3584822093621324e-05
0.00011657272478301778
0.00014015693609953478
0.00011657272478301778
0.0
6.107771043115749e-10
0.0
-6.875031622730217e-05
4.414542952960277e-06
0.0003983829902113889
0.00046713183134327956
0.0
-3.009897445743841e-06
-3.009897445743843e-06
-6.7521059584223515
9.673170627224542e-19
0.0
9.548933622843323e-09
9.61928256305076e-09
0.0010234265742232978
0.0010234265742232976
0.0
0.0
0.0
1.8453611118928096e-06
0.0
7.028769486233961e-10
0.0
-0.001138942543706898
0.0
-4.662968477727434e-07
-4.6699972472136777e-07
0.0
0.00032101049037197614
0.00030013328962787535
0.0
0.0
0.0
6.239066363243177e-07
6.23906636324327e-07
0.00032101049037197614
0.000342296720550078
0.0010068517447447808
0.00034229672055007503
0.00030013328962787535
0.00030013328962787535
0.00034229672055007806
0.0003422967205505731
4.5334832621865894e-07
6.285620275775142e-07
6.627885022352599e-07
0.0
0.0
0.0
0.0
0.0
3.888186640113994e-08
3.888186640101771e-08
0.0
0.0
0.0
3.888186640076727e-08
0.0
0.0
7.419190330870585e-05
0.00034229672055007806
0.00032101049037197614
3.8881866400487534e-08
3.888186639295684e-08
4.2172810241153605e-05
0.0
0.0
0.0036814020530763387
0.0
3.888186639658237e-08
3.888186640008746e-08
1.8381213933518713e-06
4.302258216329013e-06
2.4641368229771336e-06
5.280858761574084e-05
2.4243131270785544e-06
8.285963958671125
-8.285963953361044
0.0
2.04105842775584e-05
-1.0725111642429937e-05
-1.0725111642429937e-05
0.00010486563669496465
2.2293789533560463e-05
0.00036210056914353386
8.94997399252577
-8.949976298717678
-2.297605745741085e-06
0.00016050524518598807
-0.004486030473168867
2.1231394924944664e-21
7.240947260723964e-05
-7.240187950266917e-05
0.0
-0.0009980543774545936
0.0
0.0
0.00010486563669496462
0.00012044843210140226
-3.65644717099114e-05
-0.00015701290381131363
0.0
0.0003654646574862382
0.0002267135964499938
0.0
0.0
0.0
0.0011043059872988142
0.0
0.0
0.0
0.0
0.0
0.0
0.0
1.7961678615208362e-05
0.00011013528411368354
0.00011870436843687013
1.2203336330044391e-05
2.8107420380226398e-06
