0
0.0
1.4343427448620484e-08
0.0
0.0
0.0
3.856311830025491e-09
0.0
0.0
0.0
0.0
0.0
0.0
0.0
0.0
0.0
9.011034025586208e-09
0.0
9.90709678857e-09
0.0
0.0
0.0
0.0
0.0
9.341880614916288e-09
0.0
0.0
0.0
0.0
0.0
8.563853589901476e-05
0.0
0.0
0.0
0.0
0.0
0.00011122076638137658
3.3034514827347813e-09
0.0
0.0
1.9638702280396062e-08
0.0
0.0
0.0
0.0
0.0
1.4814119505926797e-08
6.33637630057034e-09
0.0
0.0
0.0
0.0
0.0
0.0
0.0
0.0
0.0
0.0
6.752886344521971e-09
2.5331181627624186e-07
0.0
0.0
0.0
6.187809881353305e-16
0.0
9.88583215888149e-09
0.0
9.414798037929697e-09
0.0
0.0
0.0
0.0
1.7862325426300432e-08
0.0
1.015519192175407e-10
4.099172677583987e-12
6.685089573076081e-10
0.0
0.0
0.0
0.0
8.533090747598668e-06
1.0155191878385983e-10
0.0
0.0
8.960001035733471e-05
4.89913665191466e-13
0.0
0.0
0.0
4.965370619011281e-09
0.0
2.371498277538463e-09
0.0
3.959441754993622e-08
-3.013350536107951e-08
0.0
9.729251486743322e-09
9.763340458549591e-09
0.0
0.0
0.0
0.0
9.899073231306147e-09
0.0
0.0
9.895730469549256e-09
0.0
0.0
0.00023653845550429921
0.0
0.0
0.0
9.581805970424672e-09
8.8784549382462e-09
0.0
0.0
0.0
0.0
2.021149067469817e-09
0.0
0.0
0.0
4.774620615893315e-09
0.0
0.0
0.0
1.4810985856815104e-08
-5.711316328268904e-08
0.0
9.491952114393156e-09
9.50898134551287e-09
0.0
9.600210709181176e-09
0.0
9.234469393723568e-09
9.630095487960236e-09
0.0
9.630540829956643e-05
0.0
0.0
1.012885316128744e-08
0.0
1.8065453112494838e-08
0.0
1.584633923078776e-08
0.0
0.0
0.0
0.0
0.0
0.0
4.013942626914741e-08
7.530671243876437e-09
7.847981030554509e-10
9.865563380283116e-09
9.142885241839063e-09
0.0
0.0
1.9164756968606628e-08
0.0
0.0
4.657530729277283e-15
0.0
-0.00033039807567214236
3.349112179982708e-08
0.0
0.0
8.019905382760163e-09
0.0
0.0
0.0
2.2934447397615744e-10
1.9916429271592054e-08
0.0
1.8576500556619113e-08
0.0
0.0
0.0
0.0
0.0
0.0
0.0
2.5482880509781124e-09
0.0
0.0004207291503867741
0.0
0.00029143588441608154
0.0
4.685529024801422e-08
0.0
1.9287810259577283e-08
0.0
0.0
0.0
0.0
0.0
7.685437517777226e-09
0.0
0.0
0.0
0.0
2.1567994896516795e-09
4.402586618400234e-11
0.0
0.0
3.808151976918139e-09
7.305966092391881e-09
0.0
2.7274889678806206e-07
0.0
6.518511305166403e-09
0.0
0.0
9.94283423937263e-09
3.6016359202233426e-08
0.0
9.808395161503394e-09
0.0
0.0
0.0
0.0
0.0
0.0
8.954204852365861e-09
0.0
0.0
0.0
0.0
5.334686019956781e-19
2.680648295132049e-09
7.967207030137359e-11
4.0448157171814754e-11
1.6924986575000273e-10
0.0
9.913061519610787e-09
9.535320625485974e-09
1.348759819108647e-11
0.0
2.6498175127644824e-12
6.681911424726158e-09
2.4429982839585945e-08
0.0
1.4930205935662734e-10
0.0
0.0
0.0
0.0
0.0
0.0
0.0
9.38296256604523e-11
-0.0002881341943376132
0.0
0.0
0.0
9.609722478888108e-09
0.0
2.8839217417142817e-10
0.0
0.0
0.0
0.0
3.056676799788635e-07
0.0
0.0
0.0
0.0
0.0
0.0
0.0
0.0
9.771421938507523e-09
0.0
0.0
9.864716790299488e-09
0.0
0.00010140604217899062
0.0
0.0
0.0
1.8819476286565812e-08
0.0
0.0
0.0
0.0
1.0844966088368623e-06
1.663901529824299e-10
-8.261265747877555e-09
0.0
4.232644949129171e-09
0.0
0.0
0.0
0.0
0.0
9.304263678617422e-09
9.816637947048764e-09
9.756934322970647e-09
4.232644949102274e-09
0.0
0.0
0.0
1.0653729628298862e-08
0.0
0.0
4.826537565497017e-09
0.0
0.0
0.0
7.795597495480098e-09
0.0
0.0
0.0
8.790781336711793e-09
3.2846957750180325e-09
9.871438198052068e-09
0.0
0.0
0.0
0.0
1.6816815833441122e-10
0.0
1.4993416155208543e-07
0.0
0.0
9.062395858747814e-09
0.0
0.0
0.0
9.36362593506037e-09
0.0
0.0
0.0
0.0
0.0
0.0
0.0
0.0
0.0
7.04437882661232e-10
9.954891938123572e-09
7.046741824075388e-10
9.955132930362554e-09
1.2682663256823267e-08
9.972805276190835e-09
9.97462387134011e-09
6.589145431200556e-10
9.969876115867651e-09
-9.011034026590314e-09
9.707521696805329e-09
9.70752012108278e-09
0.0
9.908458601138226e-09
9.97462415454456e-09
9.969875352545321e-09
-6.575785623172654e-10
0.0
0.0
0.0
0.0
0.0
1.249312935382004e-09
0.0
0.0
1.0794080301519526e-07
0.0
1.7027831272638099e-09
0.0
0.0
1.7495922297442575e-10
0.0
0.0
0.0
0.0
0.0
0.0
0.0
0.0
0.0
1.6093999856497923e-08
0.0
0.0
0.0
0.0
0.0
0.0
7.873646899584824e-10
0.0
0.0
0.0
0.0
0.0
0.0
1.9471743277289132e-09
2.566531971637125e-08
1.970653636361229e-10
8.878454879107558e-09
0.0
7.268690890828411e-10
9.944363464739654e-09
9.972906253633093e-09
0.0
0.0
0.0
3.802213708106569e-09
0.0
0.0
0.0
0.0
0.0
0.0
0.0
0.0
0.0
9.310345328531883e-09
9.32608546602623e-09
0.0
6.756740049698035e-17
0.0
1.9852821121275168e-08
1.9952393056105294e-08
1.9942780843210964e-08
-6.450419944594537e-10
-3.129507595685822e-10
0.0
-9.955338589338308e-09
0.0
-5.989613175803568e-10
0.0
-9.713812230114933e-09
0.0
-9.77725505669326e-09
-9.777246797555358e-09
-9.77723626279653e-09
0.0
0.0
0.0
0.0
0.0
0.0
0.0
0.0
0.0
0.0
0.0
1.9936233486140004e-08
0.0
9.964722384090102e-09
1.0664341130618292e-09
0.0
8.790781277025661e-09
4.2051595037599116e-14
4.178981062570152e-08
0.0
1.0364305285007653e-08
7.257615921789093e-10
-8.559968147241408e-05
-8.56385358990186e-05
-8.563853589901513e-05
1.4343427430517262e-08
6.580945978444143e-10
0.0
-9.343338170346308e-09
1.5349826883497796e-07
0.0
8.930593498036384e-09
0.0
0.0
3.429548037884187e-09
0.0
0.0
0.0
2.758198433985659e-06
7.80937210439684e-09
1.2682663341448505e-08
0.0
2.317789189844473e-19
1.1361307886682232e-07
2.9646854929328075e-08
2.557507959341308e-07
9.962540505612568e-09
0.0
4.1553586344945416e-10
-1.0915411182831503e-08
-1.860082968544157e-08
-2.8593273081349803e-08
-2.9987890290928793e-08
-3.772363335189842e-08
-1.0699922365496035e-08
3.286398426885582e-10
0.0
-3.303451482847275e-09
4.4807613266473946e-07
9.881526989025113e-09
9.881527015913327e-09
0.0
0.0
0.0
9.174263752883129e-07
0.0
-1.9638702280240625e-08
4.819599917375165e-10
1.9576984521056148e-08
6.084628895231838e-10
1.123807525483367e-08
7.759332854296085e-09
2.945664916528459e-08
9.879664641943009e-09
0.0
0.0
0.0
-0.00011120523552646148
0.0
1.123830446073575e-08
7.784353359541207e-09
9.891635790814866e-09
7.839875963455066e-10
9.937810529947752e-09
9.93781024965509e-09
9.743009958639204e-09
9.743009982132733e-09
9.743009936479768e-09
2.887901552342195e-09
1.0915398362953965e-08
1.860081540495397e-08
3.803615585597705e-08
3.9434575650819197e-08
3.647020558360042e-08
-3.1098490966611377e-10
-6.825249640636522e-10
-1.2357664836225348e-07
0.0
1.4814119548530565e-08
-2.4058446207453343e-15
2.4049393604379883e-15
2.2016263368063036e-05
2.200651146362301e-05
9.603235377956122e-09
1.0366874507705651e-08
0.0
0.0
0.0
1.0533039058143372e-08
2.277239164824378e-09
0.0
0.0
0.0
0.0
6.336376455026772e-09
-0.00011121145254332958
0.0
-0.00011121098271909885
0.0
0.0
0.0
1.162598830155027e-07
7.091637193356656e-10
7.091628754714023e-10
0.0
0.0
5.989727150702633e-10
0.0
0.0
0.0
0.0
6.011431535400149e-05
-6.0064639787652774e-05
7.236960190751874e-10
0.0
0.0
9.92357553511399e-09
9.924937613523329e-09
6.8803378218745915e-09
0.0
0.0
-9.905140152532965e-09
4.5297751660733354e-11
0.0
8.15052600913024e-08
0.0
0.0
4.283293680245251e-09
1.6894856921245282e-09
2.262889966343021e-08
0.0
0.0
0.0
0.0
6.524184675671979e-09
6.362814199753536e-09
0.0
0.0
0.0
7.300055598491297e-10
1.0650763599304968e-08
9.76031908969091e-08
5.262145238074736e-09
7.61346888145029e-09
8.224050736296347e-09
2.880083606168822e-10
0.0
4.139363934301324e-09
0.0
0.0
-8.00612848933513e-09
4.5295818834852885e-11
-4.5296531906184254e-11
1.398820515336736e-05
8.082757027919052e-09
0.0
0.0
7.138388533379436e-09
-2.613755084829132e-08
9.969511470172692e-09
2.0792911857222e-08
1.7560530796113458e-07
2.2608907148227195e-07
-9.55020314828338e-08
0.0
4.0174151001739307e-16
2.1504160732158918e-08
0.0
0.0
0.0
4.5182161089856235e-10
0.0
9.903583663437368e-09
1.0571634283832477e-08
0.0
0.0
9.923881948082109e-09
9.834811073325972e-09
0.0
0.0
0.0
0.0
-2.533118162699336e-07
-2.5331181627307776e-07
-6.752885103964573e-09
0.0
-6.752886344508699e-09
9.81251119189378e-09
0.0
0.0
0.0
0.0
0.0
3.6143092298616857e-10
0.0
2.9362108143642093e-09
3.186323092343768e-08
0.0
3.184863099666481e-08
1.0272202542332703e-08
9.743009913389498e-09
-9.216401503331058e-09
0.0
0.0
0.0
2.938978212285115e-08
9.959664129690219e-09
9.976089239048568e-09
9.956185065729435e-09
1.30049303145911e-09
0.0
0.0
2.7581984343848966e-06
0.0
0.0
0.0
2.4282886109931105e-15
2.2424240211567253e-13
2.0178508339947138e-08
5.1183664512647647e-11
1.3697690628112764e-09
0.0
1.791356916299738e-08
9.137518714445661e-09
5.8345016950315245e-09
0.0
0.0
0.0
3.32166980305973e-09
0.0
0.0
0.0
1.984495625020869e-16
0.0
1.4645529233803245e-09
1.522840462964556e-08
0.0
0.0
0.0
1.3101613568051094e-09
0.0
0.0
0.0
0.0
0.0
0.0
6.013592996050726e-08
4.8846171466476414e-08
1.464552853720335e-09
0.0
0.0
0.0
2.0303136949451073e-08
-9.922386787208914e-09
0.0
7.352145185482031e-16
0.0
0.0
9.978755629770695e-09
3.0104706991909545e-08
0.0
0.0
-1.75333701904017e-10
5.422600994512569e-09
0.0
0.0
0.0
5.301215814430273e-16
0.0
2.8967620622089713e-08
5.794635602141037e-10
0.0
3.469446951953614e-18
0.0
0.0
-3.95517172208093e-08
0.0
0.0
0.0
1.987630181484326e-08
1.2933531841466901e-08
9.532705548751167e-08
4.000057744405584e-16
0.0
0.0
0.0
5.312051457082717e-07
-4.916851841098403e-07
9.699336158868878e-09
0.0
2.178638886177204e-08
-8.804799797069995e-08
0.0
0.0
0.0
-0.0003688141907272452
1.6804441055121462e-09
1.680444101511097e-09
0.0
2.976858193045351e-08
0.0
0.0
0.0
0.0
0.0
9.258467505032824e-09
9.216368427669664e-09
9.21636922227821e-09
0.0
0.0
9.834811075954127e-09
5.867212167289224e-10
-1.7862325422355078e-08
-1.7862325424333747e-08
5.326784695024921e-15
2.585464850587169e-15
8.224157157519542e-15
6.44804498790868e-10
0.0
0.0
0.0
0.0
-4.097741135127009e-12
0.0
0.0
0.0
0.0
-6.705701185864007e-10
0.0
-1.3539595340728017e-08
0.0
9.820315165595315e-16
0.0
2.574062302765307e-08
1.0842021724855044e-19
1.5927099810129508e-08
0.0
0.0
0.0
0.0
0.0
0.0
7.769820105452049e-10
4.890333629044724e-16
1.2333667556172732e-15
0.0
3.0244882877568483e-15
3.068438309829993e-15
4.768064548185067e-15
4.608272329455298e-15
2.938978254602959e-08
0.0
0.0
3.910888854605446e-08
9.937659902446716e-09
1.9913437061730532e-08
0.0
0.0
0.0
9.93758345192145e-09
9.9375832084787e-09
9.190820250468912e-18
0.0
8.642038773656767e-06
1.0894802605785185e-07
-8.533090747598749e-06
0.0
1.9238578499125506e-09
0.0
0.0
0.0
3.2607131459214067e-10
2.904601736503604e-11
0.0
0.0
0.0
-9.915813059535594e-09
-2.0218106216995935e-09
0.0
2.9044516981378485e-11
-3.0280143002367477e-09
0.0
0.0
0.0
9.849797816025192e-09
2.8116096125992487e-08
2.8116096125976665e-08
-8.960001035733502e-05
-8.06173536221754e-05
0.0
3.854957790779142e-08
-4.8991193046799e-13
3.048958126717038e-08
0.0
0.0
0.0
0.0
1.7339824548971015e-08
0.0
0.0
0.0
0.0
0.0
0.0
0.0
1.7255110463851829e-15
0.0
0.0
6.747806260219961e-09
0.0
0.0
2.3714936195351477e-09
0.0
0.0
0.0
0.0
0.0
-2.3714982774709686e-09
0.0
1.819236390723203e-08
4.657364883120861e-15
0.0
2.3714843079732095e-09
3.0522579459091363e-05
0.0
9.54242423051949e-09
9.54242449771256e-09
5.5645580210087905e-09
0.0
8.111352164052142e-09
1.0718267845530145e-08
1.100877232295084e-08
1.011150676209771e-09
7.201791450192271e-09
0.0
0.0
0.0
3.9580591446281345e-08
0.0
9.771842541680045e-09
-2.982257500825556e-08
6.3779730397248885e-18
4.232644949139645e-09
0.0
0.0
0.0
-9.729251486921553e-09
0.0
4.685974615214374e-08
0.0
-5.166785588444273e-10
0.0
0.0
0.0
3.9441651054883656e-16
0.0
0.0
0.0
0.0
0.0
0.0
0.0005764588205015976
8.909479476033452e-08
0.0
0.0
0.0
4.778991000153887e-08
9.930930002606184e-09
1.0150527147762564e-08
0.0
9.64772511121044e-09
9.647725097603702e-09
0.0
0.0
-1.8037091820133355e-09
1.995289357823044e-08
7.25378335222257e-10
0.0
2.3393438680036876e-06
0.0
0.0
7.062271840297586e-08
0.0
0.0
0.0
6.175435950068201e-10
9.976645287679275e-09
9.70752121533023e-09
7.338841319845795e-10
-9.903646822008623e-09
0.0
8.67983546453683e-09
5.43970582327564e-09
9.038648239424921e-08
1.44682183698679e-09
0.0
7.665484891791836e-09
0.0
0.0
0.0
0.0
0.0
9.937584314388363e-09
-6.497127705022881e-10
9.687679323098998e-09
0.0
9.68865112401093e-09
1.9612498221659344e-08
9.924819220478477e-09
0.0
0.0
9.83553773863978e-09
5.874334275913102e-10
0.0
0.0
-9.142884617040388e-09
-8.910700251447967e-08
9.976639159551756e-09
1.9953148853423914e-08
9.976510133204858e-09
1.9936224173247585e-08
0.0
0.0
8.4877950243705e-08
-0.0002365384555042996
-0.00023653845550430014
0.0
0.0
0.0
2.0409709665200814e-17
0.0
0.0
0.0
-4.773017984924461e-10
0.0
4.750765472374686e-16
0.0
0.0
0.0
-1.5609241357144102e-11
8.881784197001252e-16
0.0
0.0
5.89137211746736e-09
9.658267767605406e-09
9.959515319350053e-09
0.0
0.0
0.0
0.0
0.0
0.0
0.0
0.0
7.27357169515945e-10
1.9953877204619693e-08
9.975608544718038e-09
8.310321579086478e-09
9.587886928809964e-10
0.0
0.0
6.182063250450065e-10
0.0
9.802582939785432e-09
0.0
0.0
0.0
-9.58180597043193e-09
0.0
9.581804335522816e-09
0.0
0.0
3.261478413669399e-17
-8.878454939504395e-09
0.0
0.0
0.0
0.0
1.5238064879718507e-07
9.454631291126806e-09
0.0
0.0
9.976731990525461e-09
0.0
0.0
9.47072458008027e-09
9.470724806172684e-09
0.0
-1.1000044000675934e-09
9.947287668199528e-09
9.927851125148294e-09
2.992397996059992e-17
0.0
2.002145794616165e-08
1.985105283877356e-08
6.733672462832912e-10
0.0
0.0
0.0
1.590363262657174e-13
0.0
8.680690414685092e-09
0.0
0.0
0.0
0.0
1.022136955356278e-09
1.3542563059260889e-08
0.0
0.0
0.0
0.0
0.0
8.30001813039929e-11
0.0
7.455513244652642e-11
0.0
0.0
3.905657734395069e-10
0.0
0.0
0.0
0.0
0.0
0.0
2.021149094602732e-09
2.0211491493945707e-09
1.9460878137705136e-09
1.9711082404354364e-09
1.996128696315945e-09
7.834392198965212e-09
-2.8879062613507145e-09
-1.647474503299018e-09
-9.246027332166168e-09
-2.8593263517092006e-08
-2.9987880676014333e-08
-3.772362372199575e-08
-2.0065373838927363e-08
0.0
2.98753547964844e-06
2.995750329702492e-06
0.0
0.0
0.0
0.0
0.0
0.0
0.0002475022446429663
0.0
0.0
9.553098188168764e-09
0.0
1.878566341572799e-07
5.480654173531452e-08
5.926109338465712e-10
0.0
-4.77462061424308e-09
6.541344389532441e-10
6.541344651012063e-10
0.00023663295509224858
0.0
9.169030253787484e-09
9.1690306345407e-09
0.0
0.0
0.0
0.0
0.0
0.0
0.0
0.0
0.0
4.101946620221129e-08
0.0
0.0
0.0
0.0
0.0
0.0
9.825637158126157e-09
0.0
0.0
5.7424283562692874e-08
8.773051969082662e-10
0.0
1.664091030136567e-08
0.0
0.0
0.0
0.0
0.0
0.0
0.0
2.6458853077824376e-10
9.505974674084428e-09
2.8240629481090043e-09
4.956022907048679e-06
6.099776327664453e-07
0.0
6.91849670840062e-10
9.942053008687657e-09
6.918503267169426e-10
0.0
1.0392051802842388e-07
8.885252786921538e-06
7.62359449456099e-09
0.0
0.0
9.834811069582677e-09
3.2833728607745363e-09
0.0
0.0
1.6684104357596046e-07
-1.4810986215252342e-08
2.081178134764134e-07
8.534911741613605e-09
8.534911746828461e-09
0.0
0.0
0.0
1.5343049083637188e-08
0.0
0.0
0.0
0.0
0.0
7.088633612741658e-10
0.0
7.202535104092233e-08
0.0
2.651150894679181e-08
0.0
8.261217372205205e-09
0.0
0.0
0.0
0.0
6.547748769890672e-09
0.0
9.424010846779957e-12
1.2175631270241888e-09
0.0
1.6842270856668116e-09
1.0918696371290815e-08
1.1656297168794984e-09
1.6842270143543966e-09
1.1656296319147236e-09
0.0
0.0
2.3958470974677632e-08
1.1289050730876947e-08
1.1289050727903926e-08
1.1289050726276923e-08
2.0919146215961556e-08
1.128905072799982e-08
0.0
3.8211104480640724e-08
3.438619296006628e-08
1.451945949799866e-07
4.316105520400116e-09
0.0
2.0727860663285154e-05
0.0
0.0
1.6062015941887472e-17
0.0
0.0
0.0
9.204385529185128e-06
3.2526065174565133e-19
3.912215451159248e-08
-9.63054082995659e-05
0.00010533370375902689
9.121857379809967e-06
2.0697598039855308e-08
1.926098578615153e-08
1.983797891680106e-08
9.919900625352017e-09
1.983797825474129e-08
9.918077586329363e-09
6.683437180017439e-10
-1.0128853165924934e-08
-1.012885316375653e-08
0.0
1.9260985163521975e-08
2.002316513627436e-10
2.6447165831606156e-06
0.0
6.918496220167144e-10
9.942052958732215e-09
2.2250796177593335e-05
0.0
0.0
-8.714870217119881e-09
4.973339592156013e-09
1.4287939562533826e-08
0.0
0.0
5.3448294943461215e-09
-6.515367319578679e-09
-9.955116665044672e-09
0.0
1.938107075403201e-08
0.0
9.755200748493578e-08
3.89237624921616e-09
1.7338265624265146e-08
0.0
0.0
0.0
0.0
9.96978855027919e-09
1.311133668641844e-07
0.0
0.0
0.0
0.0
7.233781857048956e-10
0.0
7.243351128036092e-10
0.0
9.957085918580952e-09
0.0
7.011210248738887e-10
5.923397395733246e-09
4.286148976296732e-08
3.739761880733237e-08
1.0604749727293028e-07
3.2015800360924045e-06
0.0
9.807420278979631e-09
5.598761898471431e-10
8.946047747986593e-09
-7.847980343931096e-10
0.0
0.0
9.919061066000513e-09
0.0
9.919061064555963e-09
6.693079447721791e-10
0.0
-9.142885241825019e-09
-9.865563380118125e-09
-6.168639150376509e-10
-1.9469155593254683e-08
0.0
9.702104430984525e-09
0.0
9.958086455721978e-09
9.958086449714048e-09
-1.9164751563494065e-08
-1.9164755116207743e-08
0.0
0.0
0.0
-4.0139426281290665e-08
9.840339484286256e-09
9.840340016681152e-09
9.852905628528275e-09
6.044568710207749e-10
0.00025139063654975783
5.5895214129929316e-11
0.0
-4.657448247564805e-15
7.607985259761883e-09
0.0
3.542187547996583e-10
0.0
0.0
5.5468228201544794e-11
0.0
0.0
0.0
0.0
0.0
0.0
0.0
2.633764312036938e-06
8.054424049387998e-09
5.873050418799314e-07
0.0
8.590509716549467e-05
8.586182691809881e-05
-3.3491121764761544e-08
5.041606374894594e-09
5.969380664420742e-07
0.0
8.591100743992408e-09
0.0
8.591100747468161e-09
6.00438078844658e-07
0.0
0.0
0.0
-8.019905350931111e-09
0.0
2.707171846741077e-10
0.0
0.00015681343107204569
8.77318470349875e-05
0.0
0.0003303980138189444
0.0
6.00438077911515e-07
4.113672740620717e-06
5.227738583054424e-16
0.0
7.110149345363911e-10
9.958087080733265e-09
3.7397618434075916e-08
2.4578825567160025e-07
0.0
7.904861250739086e-08
0.0
4.569896765692049e-07
1.9617365419472093e-08
0.0
4.755504697950519e-10
3.575432700983134e-06
0.0
0.0
0.0
-1.6696951926149018e-07
0.0
7.022891939302433e-10
0.0
-2.2934446182454327e-10
0.0
2.812225320379799e-06
0.0
0.0
-1.0552000865141146e-08
0.0
9.905798342615263e-09
0.0
1.3112279372808116e-07
9.940218084086329e-09
-1.8576500556560793e-08
-9.221895103212223e-09
0.0
0.0
0.0
0.0
1.8067174356859867e-09
0.0
-4.332887100028606e-06
4.340050231452393e-06
7.163131421187869e-09
2.5421066144539275e-08
0.0
0.0
6.595599760837673e-10
-3.6213614329483335e-09
2.2818884810586916e-08
2.545353132361755e-06
0.0
3.7537759988246716e-16
0.0
-8.239663017243484e-06
8.257640978198574e-06
9.812076484649879e-09
0.0
0.0
0.0
0.0
0.0
1.3045256119726347e-07
9.970875138875525e-09
4.583734107776053e-07
2.4284332793598223e-07
0.0
1.5487225322894838e-15
0.0
1.9425798688951764e-08
1.3305009254744796e-07
4.496572164931547e-08
0.0
1.9440127510118977e-08
1.335710399510187e-08
0.0
0.0
1.9801547374568625e-08
0.0
0.0
0.0
3.9887820381046674e-08
9.974166040935832e-09
0.0
0.0
9.976733549488161e-09
-9.70216817615685e-09
0.0
2.0195174582894526e-08
0.0
0.0
9.951364975818461e-09
0.0
0.0
0.0
0.0
0.0
0.0
0.0
0.0
2.247439743415274e-07
0.0
1.0625085803065186e-06
7.001046490947279e-10
-1.0525581081166635e-06
1.3241598638299946e-09
-9.805715479678147e-09
0.0
0.0
-0.00029142448607899496
-0.0003777122588909043
0.0
4.6855290240426376e-08
-3.7391129636538866e-08
3.1745152544696125e-10
1.2059702917874542e-08
0.0
-1.0915407244738162e-08
-9.246032056646201e-09
-3.803616545545226e-08
-3.943458530021853e-08
-4.718848306724255e-08
-2.006537862158709e-08
-3.2863667343008274e-10
1.993622883104788e-08
0.0
-9.341880614563425e-09
-9.341880614834475e-09
-2.9064743488530458e-08
4.43617570403381e-09
0.0
0.0
9.555687460807977e-09
0.0
0.0
0.0
0.0
0.0
0.0
0.0
7.859914405268286e-14
8.781269499150634e-05
0.0
0.0
2.084672515937757e-09
0.0
9.772118344871037e-09
1.6263032587282567e-19
0.0
0.0
3.347165362241688e-16
0.0
1.4861530013565716e-08
0.0
1.9269860695823916e-08
0.0
0.0
0.0
0.0
6.860333729177465e-10
9.927980176291505e-09
0.0
1.9269860671872094e-08
7.311712481552884e-11
9.310345286395183e-09
-2.9829127626477607e-07
3.17069547114949e-07
0.0
2.9648022696615595e-08
0.0
0.0
0.0
0.0
-7.685437508619941e-09
0.0
1.5839326342330157e-07
0.0
0.0
3.071671650575806e-08
0.0
6.938037745552132e-10
6.93804840053139e-10
-0.00042075032056502863
7.032809690190012e-10
0.0
1.0251009333929974e-08
0.0
1.025100936010476e-08
1.0251009401076865e-08
1.3883015277846648e-05
1.6008982744379445e-08
0.0
7.929465022524393e-09
8.13324808781028e-06
1.0687417373179346e-08
-1.2526184223103469e-05
1.2488798545801706e-05
9.773183255843039e-09
9.773183254433576e-09
0.0
0.0
0.0
7.084099377109546e-10
2.0852987616618235e-16
0.0
1.3879937178177138e-08
0.0
0.0
1.4058745454996763e-07
7.128284961047602e-10
0.0
-1.0313151208355374e-08
0.0
9.844460333393528e-09
0.0
0.0
0.0
6.710746846609496e-05
-6.708754265116919e-05
7.117649564847599e-10
-1.5291409828904062e-09
0.0
0.0
2.362997764717963e-09
0.0
0.0
7.623594497854035e-09
7.623594501416372e-09
7.1114403342513775e-09
7.11144046716269e-09
6.358881350320147e-10
-8.499516921708956e-10
5.4471137028719657e-11
0.0
0.0
0.0
0.0
0.0
0.0
3.76430540135436e-08
3.169869201268762e-08
-3.808151976918139e-09
0.0
0.0
-2.7274889588675066e-07
-2.727488954690216e-07
1.4814119634283129e-08
0.0
1.9142163915278193e-08
1.0823203832464812e-08
9.969708972496025e-09
9.969708498555096e-09
7.198032385878793e-10
9.970562128215483e-09
0.0
2.235198098048317e-07
3.0763473511634e-08
2.5337036997311074e-07
0.0
-9.955132954098111e-09
0.0
9.552789836779225e-09
-1.495536565434782e-08
2.3880816571502284e-06
1.5884779990693433e-07
0.0
2.7866970650834357e-16
0.0
3.306694494609186e-09
-6.5185113001797745e-09
2.5453531330178342e-06
0.0
0.0
1.928781028489898e-08
0.0
0.0
7.227660646779427e-10
1.0482672977223256e-08
2.227731356143243e-09
9.942714440888132e-09
0.0
-6.926156535928633e-10
0.0
7.1155673679061525e-09
4.207772421193015e-09
0.0
1.2194182179731895e-08
0.0
0.0
1.1478635032595516e-08
7.359888835462057e-09
0.0
0.0
0.0
2.9398157380446883e-08
1.2072025002291638e-08
0.0
0.0
0.0
5.404976119098262e-09
0.0
0.0
0.0
0.0
0.0
0.0
0.0
0.0
0.0
1.2493134357564749e-09
0.0
0.0
0.0
0.0
2.249600509203323e-09
0.0
3.065568209337078e-09
0.0
7.460211732055684e-09
9.73563718381862e-09
7.815438925710468e-09
0.0
9.25247705986565e-09
0.0
5.733483399168016e-09
7.669755127095892e-09
1.275751380911865e-07
1.1756006088360457e-08
9.37008104060291e-09
9.986951243607198e-09
0.0
1.5835945356371787e-08
1.6091979146559027e-09
0.0
7.491198019149503e-09
1.8206578773387797e-09
0.0
1.2414581561857307e-09
0.0
0.0
0.0
2.5764523641420813e-16
0.0
0.0
9.425966285717852e-09
-3.6016359188713754e-08
9.745016499358947e-09
9.745016450247655e-09
4.987231636606614e-10
9.878834052981685e-09
1.331813713010823e-07
0.0
0.0
0.0
-8.391457599482237e-10
8.161296768640331e-06
-2.5153490401663703e-17
7.262091772894794e-09
9.97194958529323e-09
9.939464196848001e-09
9.939464138804617e-09
9.699028173536914e-09
9.699028148057703e-09
9.950076285235097e-09
9.950076255067916e-09
9.762904640224275e-09
0.0
9.762903970616e-09
6.524937012397142e-09
0.0
0.0
8.989614955971607e-09
0.0
1.0897510968263524e-08
9.901739109405955e-09
9.901739494721621e-09
8.804693304304001e-09
9.949972105804053e-09
9.949972105163492e-09
9.94997272545082e-09
0.0
0.0
1.0752912168400816e-08
1.0752912197155642e-08
1.0752912126844503e-08
-2.667529569629068e-10
0.0
2.010392540621046e-08
7.679099292765893e-09
0.0
0.0
0.0
0.0
1.9352521401015104e-08
0.0
0.0
0.0
2.9179413931573193e-08
0.0
3.372277166267527e-05
0.0
0.0
0.0
0.0
0.0
0.0
0.0
0.0
4.5667874479085944e-10
9.216392982125399e-09
0.0
0.0
0.0
0.0
-5.336307567702092e-19
0.0
0.0
0.0
0.0
0.0
0.0
-7.967206966863136e-11
0.0
0.0
4.2476986866870754e-17
0.0
0.0
-1.7010175695775811e-09
0.0
2.0694795207436683e-08
0.0
0.0
6.163132474378072e-16
1.48777440732454e-09
0.0
6.003766738090954e-09
0.0
0.0
1.4870975994828285e-08
0.0
0.0
6.772974466372816e-09
6.772978267368517e-09
9.061285025464808e-10
4.953332408214773e-08
4.277050669693223e-08
0.0
0.0
0.0
0.0
8.344543015468312e-09
0.0
0.0
7.103488180960557e-08
1.0524228493586254e-08
4.0093344978027695e-08
0.0
0.0
-9.53532008907132e-09
0.0
0.0
0.0
0.0
9.878833430709926e-09
9.878833427468182e-09
0.0
0.0
0.0
0.0
0.0
0.0
0.0
0.0
-2.6498175398695367e-12
0.0
0.0
0.0
0.0
-3.2572529945484874e-06
0.0
0.0
0.0
0.0
0.0
0.0
0.0
0.0
0.0
2.6516318627685265e-06
2.6516318617554657e-06
0.0
0.0
0.0
-1.5225765322465223e-08
-1.503843960671096e-08
5.463871199406866e-09
-1.4930206540758693e-10
0.0
0.0
0.0
0.0004588311446553992
2.911755615638124e-07
0.0
0.0
0.0
0.0
6.8803370881120325e-09
0.0
0.0
0.0
0.0
0.0
6.946612469467921e-05
0.0
0.0
0.0
3.6085920682324566e-05
0.0
-8.878215777130679e-08
-2.8715120486607764e-08
2.0852613857869073e-08
-5.013248570749163e-09
-2.511945601462004e-08
9.142019327321171e-09
-1.6074256252159365e-09
-9.132050278765291e-10
0.0
-3.3512959194911907e-10
0.0
1.586915920967198e-08
0.004049229168243941
0.0
0.004049254939699745
0.0
1.0115092592050792e-08
9.396976604220968e-09
0.0
1.9611638930753797e-08
0.0
9.951524049256477e-09
0.0
-6.721033089743518e-10
0.0
0.0
2.9713452524688625e-08
1.0964424648697742e-09
0.0
0.0
0.0
0.0
2.857140629600568e-08
1.267586933084079e-10
0.0
0.0
8.48512846265266e-09
1.7833833105641664e-08
0.0
0.0
0.0
0.0
9.942642136836556e-09
0.0
9.963449856803058e-09
0.0
9.978267575130141e-09
9.927851262801212e-09
0.0
4.444154398393081e-08
0.0
9.68767922032739e-09
3.009574440147425e-08
9.849796871770033e-09
0.0
9.947287776965214e-09
0.0
9.976644419521558e-09
3.8690687077101394e-08
9.976089522847453e-09
7.936236577957373e-08
9.97663899783743e-09
7.86548609665614e-08
9.970874375909653e-09
0.0
0.0
0.0
0.0
0.0
0.0
0.0
0.0
0.0
0.0
0.0
0.0
0.0
0.0
0.0
0.0
0.0
0.0
0.0
0.0
0.0
0.0
0.0
9.382948090366164e-11
9.382919192459133e-11
1.8766563665136574e-11
4.378733413789578e-11
6.8808223210942e-11
2.5022156877151904e-11
1.2510807193043591e-10
7.506605367992144e-11
5.00442761142067e-11
1.0008727131450218e-10
0.0
0.00028814399325598027
0.0002881706951124861
0.0
8.251607154459164e-10
-6.725668528388762e-10
9.031263021926925e-09
9.82629646921211e-09
-9.609722476967841e-09
0.0
7.714983498829213e-09
0.0
0.0
0.0
0.0
0.0
0.0
0.0
0.0
9.130416232634856e-09
0.0
9.681563914367137e-09
0.0
9.927980151238975e-09
0.0
8.49609998230093e-09
0.0
0.0
0.0
0.0
1.0298271863820145e-08
0.0
7.281973413028492e-10
0.0
-2.8839217635062003e-10
6.963666243162313e-10
3.85631177288076e-09
0.0
1.993621486031427e-08
1.9936219516753944e-08
6.714140992874534e-08
0.0
0.0
0.0
0.0
1.141551873448817e-09
0.0
0.0
0.0
1.9936199773060853e-08
7.185327906742569e-10
1.993620554592458e-08
1.9936200889966746e-08
0.0
0.0
0.0
2.3476980472630535e-06
0.0
0.0
0.0
0.0
0.0
7.103026082337821e-08
9.109291326141234e-09
0.0
0.0
6.909278525454896e-10
0.0
0.0
3.138431520721615e-10
0.0
0.0
0.0
6.998251755423285e-05
0.0
1.859803398387097e-08
8.905252509559414e-09
0.0
0.0
9.892076252641312e-08
0.0
0.0
1.0244500718924893e-08
2.4934110280585945e-09
0.0
9.966932278165836e-09
9.966931843830647e-09
0.0
0.0
0.0
4.926850836348885e-06
9.958087703397316e-09
6.196148125591258e-07
0.00010263147936711047
7.467444850660694e-09
0.0
2.1010531354003012e-08
0.0
0.0
0.0
2.409444347392606e-10
5.801579587079974e-10
3.858744567371423e-06
0.00024157317355981387
-0.00025139063655099615
3.211280411900953e-06
6.212358691376398e-16
-0.00024751216188645815
1.0254505212242331e-07
0.0
0.0
0.0
0.0
0.0
0.0
0.0
1.6887528117473005e-08
0.0
0.0
0.0
2.0223160937874465e-08
0.0
0.0
0.0
3.7259501172827854e-10
0.0
0.0
0.0
2.6008371203571333e-10
0.0
7.089214611838852e-09
0.0
1.0795776413997775e-08
0.0
0.0
0.0
0.0
0.0
0.0
4.212107590332728e-10
2.7565372787716344e-16
0.0
6.0136906835690654e-09
0.0
0.0
-3.056676799206782e-07
0.0
0.0
0.0
0.0
0.0
0.0
1.2493124685615455e-09
0.0
0.0
1.0794080225185407e-07
0.0
0.0
0.0
0.0
1.7495863119470643e-10
0.0
0.0
1.6093998147309023e-08
0.0
0.0
0.0
0.0
7.1155663847320266e-09
4.20777148548562e-09
0.0
1.2194181570489564e-08
0.0
0.0
1.1478634959996987e-08
7.359887612156394e-09
0.0
0.0
0.0
2.9398156467612628e-08
1.2072024600611052e-08
0.0
0.0
0.0
5.404974640209685e-09
0.0
0.0
0.0
0.0
2.960048235950487e-10
0.0
0.0
0.0
0.0
8.230596088996176e-09
8.230596232745814e-09
0.0
-2.0759590838013164e-05
0.0
0.0
0.0
9.074942047791745e-07
9.923881833239249e-09
-9.923881890657919e-09
9.719852464800158e-09
4.740671591197027e-10
0.0
0.0
0.0
0.0
0.0
0.0
1.957316928137944e-08
-5.858779897048062e-07
3.404200828537702e-07
1.5238064818290376e-07
0.0
6.165197209394045e-10
0.0
0.0
8.72517658914157e-09
9.959515293021956e-09
7.089710861335944e-10
9.959515244635508e-09
0.0
2.4997410771695916e-09
0.0
-9.775731245060659e-09
0.0
0.0
0.0
4.529724498226975e-11
0.0
0.0
0.0
1.4369840801137695e-08
9.959664557606858e-09
9.9596649860244e-09
3.964248850569799e-16
0.0
1.769844047816078e-08
0.0
7.119006556417411e-10
1.991762520622622e-08
9.919900582302028e-09
9.9199005394561e-09
-9.918325919103577e-09
7.569421193882111e-09
1.0881945609301633e-07
5.30043926396271e-11
9.18255303128189e-09
1.9520351482567556e-08
1.0485687522492004e-08
2.9915183351826636e-10
3.858744568019781e-06
-5.245977799895905e-10
3.8587445684536275e-06
0.0
7.569418558240466e-09
1.0881945407943697e-07
5.300200884613108e-11
9.182551791879025e-09
1.9520349620911653e-08
1.0485686859386102e-08
2.9915178538796946e-10
9.074942041049167e-07
0.00011119545186596589
9.949893481476144e-09
0.0
-4.015233241901062e-08
2.964685516528244e-08
0.0
6.00026289036017e-08
9.98022467815253e-09
1.0022256675832003e-07
1.608341789171566e-08
1.0582109549031082e-07
8.010259344720459e-08
1.8413951914746173e-08
0.0
2.018075521202099e-08
2.1692052054272222e-07
0.0
0.0
5.88231170082037e-10
0.0
0.0
3.662601819054423e-10
3.662638852269367e-10
6.406633566963709e-11
-6.160340270891596e-10
0.0
9.054366491427332e-05
1.3754667283962804e-07
0.0
-0.00010139626011633706
-0.00010140604217899127
9.32841156277867e-09
0.0
0.0
0.0
0.0
0.0
6.071264511162137e-08
6.071264477538954e-08
1.7888802080740925e-07
8.903478516254356e-09
0.0
0.0
0.0
0.0
1.2088183648151327e-07
1.4645529581554927e-09
0.0
1.9936210203139963e-08
4.0518238870535024e-08
4.9988672457946325e-08
0.0
0.0
0.0
-1.8819476287996454e-08
7.029484832733959e-10
9.953372892269628e-09
9.953372792637083e-09
9.953372842299525e-09
7.029491391878154e-10
6.146610908539778e-10
0.0
3.761344901406086e-08
2.637409657446016e-08
0.0
0.0
1.6840737457416814e-08
0.0
0.0
5.156739313339846e-09
0.0
0.0
4.7375827949406625e-07
0.0
0.0
0.0
3.378598205793037e-10
0.0
0.0
0.0
0.0
0.0
2.178638793683558e-08
0.0
0.0
9.928075172626998e-09
9.928074550362574e-09
6.781447516502545e-10
0.0
0.0
6.542086453433718e-10
6.046274248228645e-16
2.556059818805909e-15
1.2032078353515768e-15
5.300274979971119e-16
5.366715753799915e-16
0.0
-8.261263190461471e-09
0.0
0.0
-1.977254499669831e-09
-3.461613079513981e-09
5.0205878697676604e-09
0.0
3.5606235391741663e-16
6.583667617623822e-16
-1.6021699491247563e-05
1.4956616199922334e-05
-1.0844966089847748e-06
2.824061598805197e-09
2.17863870300975e-08
2.1786387263691774e-08
0.0
0.0
0.0
-9.751938120501693e-09
0.0
0.0
0.0
-1.663901524458547e-10
8.26126574602933e-09
8.261265746029202e-09
0.0
2.454633718507182e-16
-4.2326449491310574e-09
1.0119701358239712e-08
3.4795622156150174e-10
2.178638748370011e-08
8.385247753060991e-14
8.385247753123722e-14
0.0
0.0
5.935317787673142e-10
0.0
0.0
0.0
0.0
1.2295647256778405e-07
0.0
0.0
0.0
1.0980566942162212e-06
0.0
9.79724576793379e-07
9.818961333677573e-09
3.145953041891688e-05
0.0
0.0
-1.399634584127416e-05
4.31610490032072e-09
0.0
4.316104900777264e-09
3.283372868070789e-09
3.2833728735263013e-09
0.0
0.0
-8.839572005456375e-09
9.870154633488786e-12
-3.723311485804135e-07
0.0
-9.304263678630055e-09
-9.816637946968854e-09
-9.816637947043393e-09
0.0
0.0
0.0
-9.75693432296789e-09
0.0
1.9748765661816217e-09
7.809369815489823e-09
7.809367817621917e-09
0.0
0.0
5.344831099690378e-09
0.0
7.54179182630748e-11
9.901314115686568e-09
7.07572570869792e-10
0.0
0.0
9.204385528678226e-06
0.0
0.0
2.800779052702652e-08
9.904352645754427e-09
9.816534865423551e-09
5.687830981871166e-10
8.804799778055437e-08
0.0
3.402111216915801e-08
0.0
9.949893554905831e-09
0.0
3.7434090868529237e-16
0.0
8.451581505373956e-06
-2.6679342051588105e-08
8.517215382604533e-06
9.953098571019448e-09
1.0653729628218096e-08
-1.0653729628258664e-08
0.0
2.1822724211969776e-07
2.2907347615179186e-07
9.863329459114161e-09
4.3599531578769694e-09
0.0
0.0
-4.826537565449929e-09
4.826537565449929e-09
0.0
1.0653729628313721e-08
0.0
9.816560961195192e-09
1.9703623706987114e-09
0.0
5.811076180142892e-06
0.0
3.357819757306405e-08
0.0
0.0
0.0
0.0
1.6721581742127074e-08
0.0
4.0615099294975693e-10
0.0
0.0
0.0
0.0
3.4311516027073255e-16
9.572702401215109e-09
3.2992820565859545e-10
-3.1911748538462903e-07
5.9699059891192426e-18
0.0
0.0
9.820675386585726e-09
0.0003130871841882991
0.00031308718418829903
9.660579559360871e-15
0.0
-8.790781335504816e-09
0.0
0.0
0.0
-9.871438198016448e-09
0.0
2.763175405781737e-16
-1.3156133962348166e-08
-3.2846957697188484e-09
0.0
0.0
0.0
9.910794260152184e-09
9.719991677826602e-09
4.742039960226572e-10
7.784352847139665e-09
7.784352642936274e-09
-6.8787755100761165e-09
0.0
0.0
0.0
0.0
0.0
0.0
0.0
0.0
1.76650045288969e-08
2.3023825580409497e-08
8.026476052617713e-10
1.0182415194494074e-08
7.506391733881398e-11
9.730845713642003e-09
9.730846130169026e-09
1.4739049502863912e-08
1.4739051902681601e-08
0.0
6.578370413517822e-09
6.578370770858599e-09
1.473905438713688e-08
0.0
-1.946915517692105e-08
0.0
0.0
0.0
1.473905662648288e-08
1.4789099348734833e-08
8.897635610575118e-09
0.0
0.0
-1.0872465456412337e-09
0.0
1.4764079119954953e-08
1.4739058961582785e-08
0.0
0.0
0.0
7.30608373269373e-09
0.0
6.410963636360248e-08
-2.0446274700862214e-07
-1.4037579599615843e-07
3.856311900456953e-09
5.91797545039389e-09
0.0
2.4726286228140934e-07
0.0
0.0
1.839882669199269e-08
1.839882669199269e-08
9.708242626669836e-09
0.0
-7.25137080589966e-10
2.731714330576042e-16
0.0
0.0
-9.062395857624785e-09
0.0
9.669013022801905e-15
6.138522071771049e-10
2.472628622718337e-07
0.0
6.705420192712105e-10
1.9445176562809933e-08
9.942642695608864e-09
0.0
0.0
1.9899812213763077e-08
9.957170751979938e-09
-1.252523679341931e-10
0.0
0.0
1.0028648215375283e-08
2.836316668361434e-10
0.0
0.0
0.0
-1.2525237894790612e-10
0.0
0.0005661460811021868
0.000566146177176648
0.0
-6.648816913701339e-12
