0
0.0
9.566295186616703e-09
0.0
0.0
0.0
0.0
0.0
0.0
1.951282752488188e-06
1.133304247235114e-09
0.0
0.0
0.0
0.0
0.0
0.0
0.0
9.946859073537775e-09
3.986402938604662e-09
0.0
0.0
0.0
0.0
2.880307357007301e-10
1.961046846112298e-07
9.614146675444945e-09
0.0
4.560029741282285e-08
0.0
0.0
0.0
0.0
0.0
0.0
0.0
0.0009828030435468911
0.0
0.0
1.9730758974721972e-08
0.0
0.0
0.0
0.0
0.0
0.0
0.0
2.3525538304075143e-08
0.0
0.0
0.0
1.7828390987499932e-16
0.0
0.0
4.96524708468745e-10
0.0
0.0
0.0
9.333386339078488e-09
0.0
0.0
0.0
9.691981970063509e-09
0.0
9.38726793511742e-09
0.0
0.0
5.235078016820908e-09
0.0
0.0
5.159643090606432e-05
0.0
8.911494117893895e-10
8.605296836361158e-09
1.0154649004805692e-10
0.0
0.0
0.0
0.0
0.0
0.0
5.656326625807536e-06
1.0154679527807353e-10
0.0
0.0
1.2841952000597057e-05
4.898086662461705e-13
1.9345476276690957e-08
0.0
9.209160300852128e-09
0.0
8.930017080235549e-11
4.2580359203489407e-10
0.0
2.237895501412618e-09
0.0
6.90799163407645e-09
4.433613401398566e-09
6.603724500425771e-09
0.0
0.0
0.0
0.0
3.0650070937248013e-09
0.0
0.0
4.587148434393664e-09
0.0
0.0
0.0
0.0
0.0
9.921989487085463e-09
0.0
7.902391564156647e-09
0.0
0.0
0.0
0.0
0.0
0.0
0.0
0.0
0.0
4.7012549063634214e-08
0.0
0.0
1.6290674078062325e-06
-1.6788708450121703e-06
9.526327618885836e-09
9.560560830468976e-09
9.403105151483389e-09
0.0
9.411104276777674e-09
0.0
3.199608239119969e-09
8.616273458946405e-09
0.0
0.001832698717658094
3.597886662754189e-09
1.6058681195457822e-09
0.0
1.3263088782521702e-09
0.0
8.327278939455156e-19
1.579237743130556e-08
0.0
0.0
0.0
0.0
0.0
0.0
9.240174099447162e-09
0.0
1.7378731798560888e-08
4.707514459138489e-09
9.39615864198565e-09
0.0
8.985334815271536e-09
1.3545973084027095e-08
0.0
0.0
1.7286194429073602e-10
0.0
-0.0009515664462420716
0.0
2.3168004401311813e-09
0.0
1.8435796012299545e-08
0.0
0.0
1.9949102938021863e-08
0.0
1.8680968493737546e-08
2.1093437836818543e-08
1.2404305477237145e-08
0.0
0.0
5.577542722779784e-07
0.0
0.0
0.0
0.0
1.7548569590116217e-09
0.0
0.0037639319125055692
0.0
0.0005322745670035545
0.0
8.182856032441612e-08
0.0
2.6104473236245788e-09
5.985815325264006e-09
0.0
0.0
0.0
0.0
2.219755898675174e-07
0.0
1.940917146989352e-08
0.0
0.0
1.0953804443083265e-09
1.9603181401059028e-08
0.0
0.0
3.807962847823809e-09
1.554137218774915e-08
1.31292403792958e-08
5.410592417932962e-07
1.942978496372365e-08
2.749679022853392e-10
3.4207629831580385e-11
0.0
5.2658011513184756e-09
1.550101036070347e-08
3.6897498340425316e-09
9.678383090681707e-09
4.16924556090004e-06
8.99729362587625e-09
0.0
0.0
0.0
0.0
7.092682545054978e-09
0.0
0.0
0.0
0.0
2.949424493316395e-15
8.464609688016282e-11
3.3987767079047128e-09
1.2272450109113537e-09
1.6924114128354095e-10
0.0
0.0
9.657284459602376e-09
1.3486847997722009e-11
8.88661083433554e-09
1.4733453962463374e-09
9.632235867234303e-09
0.0
0.0
0.0
-5.126085628004429e-05
6.2984825688339185e-12
0.0
0.0
0.0
0.0
0.0
0.0
-0.0011955350725324895
2.486622634072926e-18
8.340220475803448e-09
0.0
9.805048473520552e-09
0.0
0.0
2.092493791754506e-09
1.3672466635038831e-09
0.0
0.0
5.648266052891981e-07
3.392575667399791e-10
9.93169327693466e-09
9.916191695770888e-09
0.0
1.3695155439350818e-09
0.0
0.0
8.634742139634311e-10
0.0
0.0
8.183085873262393e-09
0.0
0.0
0.0
0.0
0.0
2.486329020553024e-18
1.9762204519719737e-08
3.4845659715570386e-09
8.886610834335535e-09
1.1812820555718792e-09
0.0
2.407097269224793e-06
4.918536749295918e-09
0.0
1.9097967559447178e-14
0.0
-9.552443342047742e-09
0.0
0.0004083793195972025
0.0
0.0
7.629415647253381e-09
9.891654978607744e-09
9.896707943420445e-09
0.0
0.0
0.0
0.0
9.33375408199937e-09
0.0
9.90251361444539e-09
0.0
0.0
0.0
6.909129463882309e-09
9.844760737897367e-09
0.0
0.0
0.0
6.111531627042856e-10
4.0821974481679855e-08
0.0
0.0
0.0
0.0
0.0
0.0
0.0
0.0
4.962479750864277e-09
0.0
1.695838903214942e-08
0.0
0.0
0.0
7.66050004365057e-09
4.6386788409305954e-10
0.0
0.0
0.0
0.0
0.0
3.1755312821433883e-09
0.0
0.0
-1.951282757106608e-06
-1.9512827636417745e-06
-1.1333067772537238e-09
-1.1333093074021236e-09
1.9512870557773974e-08
9.97637861702348e-09
6.411509542172141e-10
5.679513284117882e-10
6.38987790848549e-10
5.66462629079691e-10
9.477281310829688e-09
9.477236744730513e-09
9.933258701239825e-09
9.935065323758927e-09
1.003439702854969e-08
1.003038243579619e-08
-5.805486641279441e-10
3.793324883742344e-08
0.0
0.0
0.0
1.4440949411358029e-08
0.0
0.0
0.0
0.0
1.2832201704111685e-09
1.382726639793314e-08
1.3248071927171535e-08
0.0
0.0
0.0
0.0
0.0
0.0
0.0
0.0
0.0
1.0413590125839774e-08
1.3528219804837725e-08
4.302466766423693e-09
3.6968285207843322e-09
0.0
2.084462886609041e-08
0.0
0.0
5.730457495151041e-09
0.0
0.0
0.0
0.0
0.0
1.8292672267387227e-08
0.0
0.0
0.0
1.5637049313296403e-10
0.0
1.9610451170730324e-07
6.41947816134019e-10
5.968275882442984e-10
6.382201466594853e-10
2.045800079595852e-09
0.0
1.4266660224799188e-09
1.6000951989905286e-08
1.5189885073305202e-09
1.992912914667992e-08
1.2752307495866353e-08
1.691239424484608e-08
3.5635604385124654e-08
1.6766789607928767e-08
1.682134551644784e-08
1.6883018526939225e-08
0.0
0.0
-1.961046640315976e-07
1.961046422715884e-07
3.489850432833215e-14
1.987510815980339e-08
1.989943898115513e-08
2.0069776639973793e-08
2.0060168398462066e-08
2.0278706304904847e-09
-9.013330218865805e-09
1.4057660789489282e-09
-3.737129093597108e-09
1.494566345444939e-09
1.9913740470142976e-08
1.2727547922049286e-08
7.461875950068337e-09
3.5613411792968937e-08
1.675448090136041e-08
1.680726238719387e-08
1.6867150719104135e-08
2.009916463027548e-09
0.0
1.3858301571553772e-09
0.0
1.4710549689630667e-09
1.9898327134687866e-08
1.2702174794778703e-08
1.6881278366435995e-08
3.559039155409919e-08
1.6793154622656298e-08
1.6851269407841748e-08
0.0
0.0
5.685063545909519e-10
5.749258572402386e-10
0.0
0.0
4.4593769881575615e-13
0.0
0.0
9.54345849437728e-09
5.939357440586512e-10
-9.919514887430916e-09
3.694545443522644e-10
3.694340672509755e-10
9.563082873546884e-09
9.289519602989892e-09
0.0
-9.829793448179816e-09
0.0
0.0
3.1957434651613192e-09
2.8152631297325937e-08
0.0
6.328676568815818e-09
5.129952195536386e-08
0.0
0.0
2.3963831552277816e-06
0.0
1.951279139594239e-08
0.0
2.345468899512148e-14
0.0
5.464854290067674e-08
0.0013936870437265619
-4.5600287927374784e-08
7.041412823148353e-09
1.4446045453756688e-07
1.4269601992835784e-07
-7.85859406886164e-08
-7.81257815055808e-08
-7.074227251387122e-08
-6.994508632354735e-08
-6.255639694793813e-08
5.523630853502149e-08
0.0
0.0
0.0002420055873789224
0.0
0.0
0.0
4.004568074363389e-09
4.6473766722239906e-07
16.4422613631575
1.973076053232965e-08
4.135711005189142e-10
-1.973075973006477e-08
1.985897715848589e-08
9.891162877683282e-09
3.4727751374851216e-08
0.0
2.952294131964348e-08
3.012743773138143e-10
6.292139693906361e-08
6.292124218851761e-08
0.0
-0.0009832887018816905
0.0
3.457648763981631e-08
0.0
9.907048777449807e-09
5.406917631888318e-10
9.787530355833302e-09
9.786019140783048e-09
9.352764598932335e-09
0.0
9.353415025285592e-09
-1.5201959826132886e-07
-1.4321554902760325e-07
7.806672369312095e-08
7.760597927827795e-08
7.022223355926394e-08
6.889680041007885e-08
6.146150870840403e-08
9.297353190226756e-09
-3.485357175914399e-07
1.1466994597787824e-09
0.0
0.0
2.493000255670352e-11
4.1319770483118226e-08
4.1294629826715834e-08
-1.1465518946047158e-09
3.6541211770275576e-08
2.6407655048042825e-08
6.475091933628707e-10
1.3191333178680895e-08
1.0805018109994917e-08
1.6820536289978844e-08
1.7389659311379144e-08
0.0
6.086162113052172e-07
-2.3525518993142207e-08
2.3525499669976374e-08
-5.8696479248959985
5.8686651218524535
-0.0009828030435467445
1.645357548075854e-07
0.0
0.0
0.0
6.606734169533705e-10
6.354386476330141e-10
0.0
-4.755243111413564e-05
0.0
0.0
0.0
3.2503154174785294e-08
6.747887977846524e-09
4.364828583574442
-4.36482854343337
1.0009340993837637e-08
5.9681815905682386e-09
2.101542184153213e-09
8.44083591701209e-09
9.213167743036161e-09
0.0
0.0
9.15419889123485e-09
1.3923831618245508e-07
4.1209674181183595e-10
1.3920999696819767e-07
1.2805726797935708e-07
9.28872381769517e-09
0.0
0.0
0.0
0.0
0.0
3.98370741966911e-09
0.0
4.4355752622315765e-08
3.869520766026876e-08
0.0
0.0
4.962409335505063e-09
0.0
5.913275910814399e-10
3.766635018526488e-08
0.0
7.137040440388612e-10
1.2722695962935934e-08
1.7327174364152755e-08
1.6283156520409904e-08
1.8287732999789948e-08
-6.292157308900037e-08
1.7899070784800012e-16
0.0
-8.991498354898875e-09
3.4322593814154465e-10
-3.6600620798021843e-10
0.0
3.115029233447026e-10
3.113726969127893e-10
0.0
0.0
1.2136558988698476e-08
5.426176737864799e-10
4.2834058705155276e-08
-6.048145080074507e-08
0.0
0.0
1.7756313054225245e-07
0.0
0.0
3.625034986373345e-05
-0.00019017428174400582
0.00015394319709595287
9.56922640490954e-09
8.481201400900584e-09
-3.7482015027723434e-08
0.0
0.0
0.0
0.0
0.0
0.0
0.0
2.860416815588857e-07
2.86034172527182e-07
9.970132331794219e-09
9.959480958537513e-09
0.0
0.0
0.0
0.0
1.867286874214272e-09
0.0
0.0
0.0
4.458561083760635e-08
0.0
5.420441971662333e-08
0.0
5.315915957228826e-10
4.027662821116097e-08
5.314221195519222e-10
1.9261749528709515e-08
9.354043813689903e-09
-4.779145279013517e-10
7.630553846420733e-11
0.0
1.20310221486164e-07
3.008551205569933e-08
9.908012217090922e-09
6.420445564865881e-10
9.999546969965967e-09
2.4787435116861935e-08
0.0
0.0
2.396383125647552e-06
0.0
0.0
0.0
5.584208790118135e-11
0.0
4.634190036367574e-08
8.93014746213945e-09
1.0354015848187128e-08
2.2550789498885356e-08
2.0475162778965772e-08
2.610955637965141e-08
2.7178276390142365e-08
0.0
1.7481438935443944e-08
0.0
0.0
0.0
0.0
0.0
0.0
0.0
-3.2949057289714904e-10
0.0
0.0
5.851847095346442e-07
1.134367001120812e-06
1.1249797361147444e-06
1.1343670040812513e-06
1.1343670025364302e-06
1.1343670035039248e-06
1.044474707903002e-14
1.0316202651418976e-14
0.0
7.487467274730212e-07
7.510712546399362e-07
-3.294957164465558e-10
-1.8387357859721808e-09
3.123579503648934e-09
0.0
4.595952424318937e-05
-9.884183176964254e-09
0.0
0.0
0.0
4.593004753247122e-05
5.855788461082366e-10
-2.32889180162843e-10
0.0
0.0
0.0
4.353278279467769e-09
0.0
0.0
0.0
0.0
1.1862661294915415e-08
0.0
9.403583827415074e-09
0.0
0.0
0.0
0.0
2.328338239271615e-10
0.0
0.0
0.0
1.944036820893765e-08
2.1964317468555532e-05
-7.364309583098028e-05
0.0
0.0
0.0
0.0
0.0006065810372155495
-0.0006581598636232755
-5.159643089172648e-05
3.31341821924119e-17
1.0894478205644649e-08
-0.0002392977557022335
0.0
0.0
0.0
6.463979642658482e-09
0.0
-4.965234618180573e-10
0.0
2.1497503361017068e-08
0.0
0.0
0.0
9.076045410362557e-09
5.789412755817037e-09
0.0
9.867702186167799e-09
4.742481322036529e-10
0.0
0.0
0.0
-8.605305677790985e-09
-8.911094084851356e-10
-8.911307905782803e-10
0.0
0.0
0.0
1.8579683055672228e-06
-1.0154649007516198e-10
0.0
0.0
-1.8578667599911114e-06
0.0
1.0145581884104295e-08
1.0166827172687365e-08
0.0
0.0
-9.766230490981798e-09
1.961042725026677e-07
-3.1176539128097147e-10
0.0
0.0
0.0
9.656928346193348e-05
0.0
9.65598072395997e-05
0.0
0.0
0.0
0.0
0.0
0.0
0.0
0.0
0.0
9.833841198366904e-09
2.4512706542278587e-11
2.432534521366587e-11
3.4650178277007003e-11
3.574869957849661e-11
3.008581083176216e-08
5.766627713684628e-10
0.0
3.6044686107774807e-08
0.0
1.8680818565617495e-08
1.3506093811093639e-08
0.0
4.42219797382348e-10
9.965537630105855e-09
5.968471677215762e-10
7.852742973574791e-14
0.0
0.00011389514798972533
0.00010823882144996728
-5.6563265828351444e-06
0.0
0.0
0.0
0.0
0.0
3.5373808732545024e-08
0.0
1.5604396320499161e-09
-9.849367911703415e-09
-4.076278738108976e-09
-6.517390874758496e-09
-7.51517361741779e-09
3.5301731402459166e-08
-9.260739433983312e-09
1.5238379225449537e-09
0.0
-1.0154679519675837e-10
0.0
9.965340144768055e-09
4.67270455792355e-05
4.672704557921846e-05
-1.284195199002305e-05
-1.2879528736409185e-05
0.0
0.0002467951823445569
-4.898086737635879e-13
0.0002467898266185204
0.0
0.0
0.0
1.0566439687991726e-08
0.0
1.4432402522033516e-08
0.0
0.0
0.0
0.0
0.0
0.0
0.0
0.0
0.0
9.331215267749727e-09
1.7320019030098166e-10
0.0
0.0
-1.305098251691561e-10
0.0
0.0
0.0
8.23958503279724
0.0
0.0
-8.239585016099458
1.7290387920499266e-10
8.239585025632742
0.0
5.706949531572788e-06
0.0
9.949444533538701e-09
1.3530190079293792e-09
0.0
0.0
0.0
5.266461881934907e-10
5.725648254129023e-10
4.5414697465200526e-08
1.0190385836233127e-07
0.0
0.0
1.9814457250624786e-07
1.8966781252939113e-09
1.9780329773028773e-07
9.647810732286609e-09
7.409901026968202e-09
0.0
0.0
0.0
0.0
0.0
0.0
0.0
7.91922349645917e-08
0.0
-6.603748434831679e-09
0.0
1.995944341487079e-14
0.0
2.6008411715248865e-13
0.0
2.999428242595531e-07
5.402169861454247e-10
2.997996902226241e-07
0.001665719018003832
0.0
0.0007233219653365075
2.375246828529173e-08
0.0
2.2243999409295836e-08
1.0060773226991086e-05
-1.0020946419331267e-05
9.960039002464337e-09
0.0
-1.587020883199843e-07
-3.7250036347220777e-09
-3.725005335241959e-09
0.0
1.1043251212541356e-07
-1.0934875429400235e-07
2.0062104049734507e-08
6.383919466270141e-10
1.505326133606052e-07
0.0
0.0
1.3525215539555151e-08
1.2790970763891533e-06
0.0
0.0
3.690647885779544e-08
9.819339119587767e-09
6.393280605634325e-10
9.47732653261746e-09
3.3651694618480306e-09
-1.1284089572112564e-10
0.0
7.812055893056011e-09
0.0
0.0
0.0
0.0
1.955698242743805e-08
0.0
9.980847341185162e-09
0.0
0.0
0.0
9.967683278795816e-09
0.0
5.93749254702601e-10
0.0
1.6877391115366066e-07
1.9923875556531193e-08
5.96113057364128e-10
0.0
0.0
0.0
0.0
0.0
0.0
-3.8249120223927304e-11
-2.333042290233488e-06
6.356032707360198e-10
2.0055247610498175e-08
1.0003973091707221e-08
-2.5976982960529416e-09
0.0
0.0
0.0
0.0
4.256954270957821e-09
-9.844979468549506e-09
0.0
0.0
1.3598106289208482e-13
0.0
0.0
0.0
-3.4846904010706927e-09
0.0
0.0
1.029931883641368e-10
0.0
1.0411941612805654e-10
-4.9787754625906715e-09
0.0
8.418389596196891e-09
0.0
0.0
3.519392285174942e-10
1.5603175465997106e-10
0.0
0.0
0.0
0.0
0.0
0.0
0.0
0.0
6.372525891975835e-10
2.0058029581981498e-08
6.379957381206534e-10
0.0
1.948537850872839e-08
0.0
1.0031186309770176e-09
0.0
1.807580985872376e-10
9.757931770538714e-09
1.9679363612815506e-08
0.0
0.0
9.921927622766285e-09
-4.174889249705065e-14
-5.560464847971991e-10
0.0
0.0
2.7963422481720358e-14
0.0
0.0005280411856355789
0.0005280411856355592
0.0
0.0
2.6844472923841694e-06
7.932957360590318e-09
0.0
0.0
9.988507623130817e-09
0.0
-2.431087042755755e-05
3.1688828368574004e-09
0.0
0.0
-9.952481421458825e-09
9.727256935045461e-09
5.668105890639453e-10
8.286687308567409e-14
2.741956248674742e-07
1.8869058858401793e-07
1.9853914544931248e-08
9.920128458105765e-09
0.0
9.831708332873994e-09
0.0
1.2941907617227707e-12
-9.938719891192223e-09
2.587834261848273e-09
0.0
9.043599483056336e-10
0.0
6.980134554966947e-09
0.0
2.5745233613577758e-08
0.0
1.125169655470683e-08
0.0
2.9682715479494446e-08
0.0
2.2523926057112937e-08
0.0
2.669152757883769e-08
0.0
4.5402755614758247e-08
0.0
7.450876490963242e-10
1.6034659371426387e-08
1.994099754949785e-08
0.0
2.6651304083678387e-08
0.0
0.0
0.0
0.0
0.0
0.0
0.0
1.5184695812894833e-07
1.4304305356871438e-07
-7.824018302161895e-08
-7.777934371076107e-08
-7.039587439290455e-08
-6.959735241373818e-08
-6.220827368021897e-08
-4.534515713584809e-08
1.1912224877569064e-05
1.1916427964092267e-05
0.0
0.0
0.0
0.0
0.0
0.0
0.0014207061615837402
0.0
0.0
8.154868820031488e-09
0.0
2.9262032328213052e-08
0.0
0.0
3.364448506580269e-09
0.0
-4.701255399493405e-08
-3.7482004137598615e-08
0.0
5.075131473026739e-08
9.636661403441071e-09
2.7501159735630745e-10
1.3847271990880544e-10
0.0
0.0
0.0
0.0
0.0
0.0
0.0
0.0
0.0
0.0
0.0
0.0
0.0
0.0
2.026442822573111e-07
0.0
0.0
0.0
0.0
0.0
0.0
0.0
0.0
3.53353750106981e-08
0.0
0.0
4.967091081437578e-07
0.0
0.0
0.0
0.0
-7.451558817900272e-09
0.0006676724808710455
0.00027022494978190537
0.00023144630701216307
0.0
0.0
-1.326291713932802e-09
0.0
0.0
0.0
6.716701114789695e-09
0.0
3.3636423601608444e-09
0.0
2.1512374654605628e-10
0.0
0.0
0.0005109466260089509
-1.6290674078870597e-06
0.0005076088282598116
0.0
0.0
0.0
0.0
0.0
2.1140290781864644e-09
1.4110967890221696e-08
0.0
1.2870875281070271e-08
1.2870902181462542e-08
1.2870861002672972e-08
2.2273982011643635e-08
1.2870876859070215e-08
4.480773831857578e-07
0.0
-1.7347633978204158e-06
1.2221871245515446e-07
0.0
0.0
2.2969261937188115e-07
2.2969257708690642e-07
2.2969255305723207e-07
2.3910367881748957e-07
2.2969257453675123e-07
8.708972367916254e-08
0.0
2.6491762046937607e-07
6.928608548018973e-07
6.960605657988455e-07
6.864037730580753e-07
6.928609094305417e-07
6.864038095463051e-07
6.339121077670917e-07
2.7020664463942345e-08
4.106893678747935e-10
1.3226870282000965e-06
1.3226869862926652e-06
1.322686962835561e-06
1.3313032584518004e-06
1.3226869845080398e-06
4.3189419020837137e-07
4.5713793030846805e-07
0.0
9.140500686006658e-07
9.371417124245066e-09
0.0
0.0
0.0
8.334128997232247e-07
6.165921183418356e-13
0.0
5.142485870649916e-10
2.632011958931814e-08
4.737220501277133e-05
0.0
0.0003752469524832179
-0.0018326987176584223
0.0022079259698842835
0.000380264317497637
3.024212579445633e-05
0.0
0.0
0.0
0.0
0.0
0.0
0.0
0.0
5.11757840673846e-09
0.0
0.0
0.000883975832141054
7.250403801761919e-08
0.0
-1.3263103775922871e-09
-0.000386062791165237
1.9189465055241553e-08
0.0
9.853119077452517e-11
2.8496510577501752e-05
2.8496510577501156e-05
0.0
0.0
0.0
-6.365354715495813e-09
-9.899175735340405e-09
1.835753707088651e-08
0.0
0.0
0.0
0.0
0.0
0.0
0.0
0.0
0.0
4.978000230489989e-10
1.0883921034224309e-07
0.0
0.0
0.0
0.0
9.950560147146696e-09
0.0
5.509208665734281e-10
0.0
9.951654431072932e-09
1.8277615735714223e-08
9.896357658269878e-09
0.0
5.005923370766803e-06
4.944148064822254e-06
5.329606408329684e-07
1.3970970855492276e-05
1.0035363377558121e-07
9.828488755692706e-09
4.639221556765584e-10
0.0
-7.940677251733857e-09
9.389726249406805e-09
0.0
3.858463375301029e-09
0.0
3.858477140753601e-09
0.0
0.0
-3.830533829146598e-11
-4.707503532168714e-09
0.0
-7.826366411872187e-09
9.389712212853195e-09
9.461827568211259e-09
0.0
0.0
0.0
-4.137685111079254e-09
-1.3545971921577731e-08
0.0
0.0
0.0
0.0
9.929737364970707e-09
5.635552424186402e-10
9.887697506794503e-09
5.221498443563666e-10
0.0018903064275877137
-1.943035177422517e-06
1.933294209947011e-06
0.0
1.7390221657219395e-09
0.0
0.0
2.0535560707877926e-08
0.0
0.0
0.0
3.817702970261128e-07
0.0
0.0
0.0
0.0
0.0
0.00044212734354532885
2.2541537133637563e-06
4.2309970404656205
5.6736837450444e-12
0.0
-3.551869123255211e-11
9.493406181583199e-09
0.010953620680678539
8.249422917215975e-07
0.0
0.0
0.0
0.0
0.010954444081581843
0.0
0.0
0.0
-8.991167817011748e-09
8.077915376194871e-10
0.0
0.0
0.0009506967055850596
8.549316023320092e-07
0.0009061953626289478
4.537108361389397e-05
4.230996215523263
0.010954444053331439
4.255898051346247e-06
0.0
1.913531705103327e-08
5.05263634405501e-10
0.0
4.944147905817111e-06
0.001393732644005
0.0
0.0
-0.0005425656328902351
3.3872743850626803e-06
0.0
0.0
-1.963889021873189e-08
4.769610147633877e-07
0.0
0.0
0.0
-0.0013936937528278293
0.0
3.3343056024242365e-10
0.0
0.0
0.0
0.00024170384851715174
0.0
0.0
-9.234892778377368e-09
1.8357134297744704e-08
0.0
0.0
5.399095295597282e-08
9.891980396776306e-09
-3.0073411816253367e-09
-3.007353659926766e-09
0.0
0.0
0.0
0.0004397946434841164
4.987188045701528e-06
2.3959182761803357e-07
-2.569058760917701
2.5690582031657363
-5.577531200605791e-07
8.081016242237899e-07
3.4506238420035136e-08
3.828161395259151e-06
-1.1634239546274335e-08
2.8078798836223974e-08
5.880735190797249e-08
5.027286944148396e-09
0.0
0.0
0.0
-3.619404959795204e-05
3.6193486759690765e-05
-1.9949085908389135e-08
0.0
0.0
0.0
0.0
1.0978173176292367e-07
0.0
6.390391485672062e-10
2.0448309459539893e-06
0.0
0.0
4.911579197181301e-11
0.0
1.741175234915501e-08
3.375222289390142e-08
0.0
1.8277660526465272e-08
0.0
6.955170666294734e-08
0.0
0.0
1.6017760045494217e-08
1.0000862321767262e-09
2.5177354893244563e-06
2.3969139712736258e-06
4.0122307644763023e-08
1.0006839285697268e-08
8.124222932675726e-08
8.125290030612763e-08
6.189618909810876e-10
2.507843695376266e-06
0.0
2.0142983247191963e-08
0.0
0.0
9.967048963943625e-09
0.0
0.0
0.0
0.0
0.0
0.0
-1.7548569177723333e-09
0.0
0.0
0.0
0.0
6.346396399827115e-10
1.9339820850686196e-08
0.0
-4.137681769284008e-09
0.0
5.154478944849658e-10
-0.0005322806547081171
-0.0005315302057334685
0.0
8.182895631927312e-08
-8.182875781899513e-08
0.0
0.0
1.5167439616704977e-07
1.428691011572114e-07
-7.841283786169662e-08
-7.795268629033625e-08
-7.05694784622346e-08
-6.977121849022216e-08
-6.23824220613578e-08
-5.506187061854462e-08
0.0
4.409488715934473e-10
0.0
0.0
4.5091589500473317e-07
8.096516748324331e-09
0.0
1.0306086671530705e-10
9.900542847342602e-09
0.0
0.0
0.0
0.0
0.0
0.0
0.0
0.0
2.3429824712864797e-08
1.0978398024661115e-08
1.250187477617548e-06
-2.122737020170823e-07
0.0
9.700970589677399e-09
0.0
0.0
0.0
0.0
0.0
1.55839290522119e-08
7.369733503286149e-09
0.0
0.0
0.0
3.609364185423908e-11
0.0
8.031908433715477e-09
0.0
0.0
0.0
-2.528592365583701e-10
-9.61414663462265e-09
-9.433141183839842
9.433129561004616
1.1622835269564172e-05
-9.741092460435752e-09
2.570631828610006e-08
0.0
0.0
0.0
-2.2197533785996582e-07
0.0
0.0
0.0
1.960188810465853e-08
0.0
5.091225573422706e-08
9.998069403097467e-09
1.0022434987835838e-08
-0.0037639354726140884
0.0
0.0
7.679399738149675e-09
0.0
7.65260149580633e-09
7.62571407399682e-09
-1.7952765655978868e-07
-0.0028872860488317587
0.002887275968050889
0.0
2.3044012743034954e-07
0.0
4.78683143317676e-08
0.0
-1.9409171680398376e-08
-1.9409171575098628e-08
0.0
0.0
0.0
5.764059975849056e-09
0.0
0.0
0.0
0.0
0.0
2.696895941251366e-07
6.384907566702273e-10
1.8286397151563222e-07
1.7215296859065183e-07
0.0
6.065049882004421e-09
4.379760889738371e-08
5.453613353384853e-07
-1.015189243756279e-08
5.5070924965566386e-05
-5.504107904589256e-05
1.0005665997684129e-08
1.0532889944749553e-08
1.9360725574445627e-08
0.0
8.606127706312083e-09
8.606148569831329e-09
0.0
6.716548838384426e-09
0.0
1.5346846844309255e-08
1.534685222970372e-08
9.557858650366402e-09
-5.76406183937575e-09
1.5935719217274335e-08
8.064283261666725e-10
0.0
0.0
0.0
0.0
0.0
9.457204715270664e-05
9.456642041856845e-05
-3.807962847823809e-09
0.0
0.0
-5.31394221840568e-07
-5.313942227402396e-07
0.0
0.0
0.0
4.2421084332301474e-08
5.831484121364455e-10
9.950672555073284e-09
5.732919397612209e-10
9.940083951316079e-09
1.960100157514636e-06
5.279940302471657e-07
6.231360728164292e-08
5.220498836429896e-07
1.9601001688636626e-06
0.0
2.181602198010636e-06
-9.979450226401425e-09
2.1720355592795256e-06
1.4702077672261102e-08
2.5828933385890432e-09
0.0
0.0
0.0
6.983217874128363e-09
0.0
5.036168087883749e-09
0.0
0.0
2.610004469940513e-09
0.0
0.0
0.0
2.644498713829066e-09
1.1921631983239075e-08
5.343688989852493e-09
0.0
0.0
0.0
0.0
4.931424858898226e-09
0.0
1.0086550260925508e-08
0.0
1.4945386081773755e-08
9.809547069094697e-09
0.0
1.0490457059166497e-08
0.0
0.0
0.0
0.0
0.0
0.0
0.0
3.588215443125026e-09
0.0
0.0
0.0
1.755540040116552e-08
3.793642272641544e-08
0.0
0.0
0.0
1.4453294364042174e-08
0.0
0.0
0.0
0.0
0.0
0.0
9.151990502946805e-09
4.745346267285892e-09
2.1989416579657834e-10
7.924773704041064e-10
9.325653897376283e-09
4.840366684137701e-09
9.884687957342951e-09
0.0
0.0
0.0
8.281912284770077e-09
4.9087111387564574e-09
6.618708095168346e-09
2.955182197183874e-08
1.3880023448920141e-08
0.0
8.660767018572134e-10
1.7851304570189417e-08
0.0
9.361417278860969e-09
0.0
9.834294709835075e-09
3.4810873105224914e-08
3.695658479848088e-10
2.4310870389187634e-05
0.0
0.0
0.0
7.730253491100307e-06
7.728829288153714e-06
-6.0740563525720355e-09
0.0
0.0
0.0
0.0
3.644596453823094e-07
0.0
0.0
0.0
-3.1610578092465876e-10
0.0
0.0
4.359749657573686e-10
9.972631876359161e-09
9.952148697836378e-09
9.95222928482388e-09
9.91053623539434e-09
9.910557669444474e-09
9.944989831356208e-09
9.94500504108463e-09
0.0
2.5822365418665736e-15
0.0
1.4327798749979006e-05
1.1100414220368073e-08
1.8508144709886343e-05
-4.1595148272524855e-06
1.0822937735113142e-08
1.9966842000440675e-09
8.50620659073124e-09
0.0
-9.47072394360854e-09
9.876969539277108e-09
9.877415266737054e-09
9.876531257401854e-09
0.0
0.0
2.408923166469373e-07
2.312626831953664e-07
2.4089228922937835e-07
4.7394903207247025e-07
7.896535931377813e-13
0.0
0.0
0.0
1.2864503203373063e-09
0.0
4.0102076314384135e-08
3.206512896513387e-08
0.0
0.0
4.237125388637078e-09
0.0
0.0
-0.0003878660811265089
0.0
0.0
3.7429028058662676e-08
1.4373328056671096e-08
9.833924849933345e-09
9.834700044994983e-09
5.468405516810275e-06
5.458943616208317e-06
1.030710120213452e-10
9.526922169379886e-09
9.537763927990043e-09
9.832633090045583e-09
0.0
0.0
0.0
0.0
0.0
0.0
0.0
0.0
0.0
0.0
0.0
0.0
1.2704188082334017e-12
0.0
0.0
-3.4054806152675806e-07
-1.6924114128354095e-10
3.501756071980385e-07
0.0
7.874019952269736e-08
6.957948958117935e-14
2.408923676156579e-07
8.144929921303969e-05
8.144929921303701e-05
9.650465470408892e-09
4.198026997978772e-09
1.7730870153297214e-08
0.0
0.0
0.0
0.0
0.0
4.9756109943987684e-08
3.926471726740045e-08
2.9984227860184274e-08
6.297475993851995e-08
0.0
6.501991713053938e-09
1.5302775318292194e-08
0.0
0.0
4.479774464252219e-10
0.0
1.0141862225791602e-08
2.1699149476022738e-07
0.0
-2.9535529338650644e-10
2.1681893209907736e-07
1.3984191743305409e-05
1.3003357943414027e-05
0.0
0.0
0.0
9.470725118609452e-09
9.808203130400556e-07
0.0
0.0
0.0
0.0
0.0
0.0
-1.4733453759853093e-09
0.0
0.0
0.0
0.0
-2.4103382456287705e-06
0.0
1.0865252185364471e-08
0.0
0.0
0.0
1.9610459977972413e-07
0.0
-9.632240608099286e-09
0.0
0.0008819499600221832
0.000881948965243011
0.0
0.0
0.0
5.91886706779869e-10
9.958570711343529e-09
6.177517211250786e-08
4.1172190146888054e-10
4.517116000910268e-10
0.0
0.0
0.0007204402904704935
0.002046094544994002
2.641622012103856e-05
2.094977297591964e-08
0.0
1.4613579588476086e-08
0.0
0.0
0.0
0.0
1.4718304230597036e-08
0.0
0.00011078942804030482
0.0
1.1221406061955206e-05
8.5684061260349e-06
9.61714048833868
-2.6875225135614134e-13
-4.72458803919551e-05
7.210907722186283e-08
-1.572561226875138e-07
-1.083760081594755e-08
-7.1100611960528415e-09
8.799636538425575e-09
-1.0949249411166314e-08
-7.200604700213019e-10
5.126085628004429e-05
5.12917715035921e-05
0.0
0.0
0.00011492412767151934
-6.2984864719617395e-12
0.00011492602288826628
0.0
0.0
9.494111767529318e-09
0.0
0.0
1.0145480026462234e-08
5.147692194574376e-10
0.0
-9.857426105843586e-09
8.539578776637468e-11
0.0
-3.029798629204232e-08
5.845429428164492e-10
0.0
0.0
2.661588449501939e-08
2.7076459659933703e-08
0.0
6.029034977323283e-10
1.832841104868208e-08
0.0
1.3814192052700915e-07
1.4774660576331113e-07
5.784743445985123e-10
5.785439876807567e-10
2.7425795034431545e-07
2.55548186689029e-07
1.0011494602584838e-08
2.178148800177752e-07
1.0030333850706582e-08
0.0
1.0028555134283785e-08
9.93335012142318e-09
1.0163832045232503e-07
5.962294565564801e-08
1.488495514720094e-07
9.960737768561715e-09
0.0
9.966333809893506e-09
1.0236914602405692e-09
9.726869922736402e-09
1.0923569355895611e-07
1.0031442718907533e-08
0.0
1.0035526205421227e-08
2.3330194312597344e-06
1.0026912359239442e-08
0.0
1.0030667729489378e-08
0.0
0.0
0.0
0.0
0.0
0.0
0.0
0.0
0.0
0.0
0.0
0.0
0.0
0.0
0.0
0.0
0.0
0.0
0.0
0.0
0.0
6.892750378043532e-08
0.0
0.0
0.0
0.0
0.0
0.0
0.0
0.0
0.0
0.0
0.0
-1.2468324983583301e-18
0.0011955388172919358
0.0011951234459968152
5.2499407165919864e-08
4.3576130441889843e-08
-9.884451580149944e-09
0.0
8.571254128465875e-09
-4.4084734281452595e-10
5.571690004480661e-10
0.0
0.0
0.0
0.0
-9.939588938212374e-09
3.965214380936576e-10
3.139328607683187e-10
0.0
1.0035578911480275e-08
0.0
0.0
1.011496709277788e-08
0.0
0.0
4.258712833907569e-10
1.0103691739758492e-08
0.0
0.0
0.0
0.0
2.0947940808037288e-08
0.0
9.916661442917442e-09
5.238432038552852e-10
0.0
9.19088805062529e-09
0.0
2.9150631879068274e-14
0.0
0.0
5.0300204701923655e-06
7.093461327192098e-07
2.8999199472849086e-08
0.0
0.0
2.536873155095064e-09
0.0
5.138190778256456e-09
0.0
0.0
0.0
0.0
0.0
0.0
1.602560256184275e-07
0.0
0.0
0.0
0.0
0.0
2.322847639734936e-08
0.0
1.2758967165833225e-06
1.2826374257987431e-08
1.0690876721031134e-10
0.0
0.0
0.0
1.195888937845476e-08
1.4197405877320625e-08
0.0
0.0
0.0
3.756607247896642e-05
9.273272306594714e-09
0.0
0.0
4.3749208074895057e-07
0.0
1.0286837957256368e-09
0.0
4.1188498579403834e-09
0.0
0.0
0.0
0.0
0.0
-9.939165033894219e-09
0.0
0.0
0.0008991275032926948
0.0
0.0002702249502066879
0.0009507184380509896
0.0
9.618005405771676e-09
1.1043429273231151e-08
0.0
2.6782909912477578e-08
1.1544863005556994e-08
1.9457346771897506e-08
3.3155142208085575e-09
0.00046958079820384415
0.0009366589668087788
-0.001890306427628552
1.3970970899259632e-05
1.1693795737406474e-12
-0.001420716032481839
0.0
0.0
0.0
0.0
0.0
0.0
0.0
0.0
6.034085223463798e-09
0.0
3.864709888293664e-09
0.0
2.0841199370350245e-08
0.0
7.291898626394269e-10
0.0
3.63008844494187e-08
0.0
2.07216868359589e-08
0.0
2.887531827754608e-08
0.0
0.0
0.0
1.0917635456233704e-08
0.0
2.6360917593870635e-08
1.0845507429540066e-08
1.903836994299159e-08
0.0
0.0
9.211295536222519e-09
6.599218739131145e-16
5.55929674831649e-09
5.559325835509214e-09
9.65046802094074e-09
-1.9302369136039998e-07
-5.648266052683815e-07
0.0
3.792966028109949e-08
0.0
0.0
0.0
1.4428498117044785e-08
0.0
0.0
0.0
0.0
1.264794222703806e-09
1.5691502531114952e-08
1.3235188475967782e-08
0.0
0.0
1.0409451567363153e-08
1.3522845075212218e-08
4.28393677078832e-09
1.824787953055413e-09
0.0
2.0839107897974174e-08
0.0
0.0
4.927243024896415e-09
0.0
1.0083441390627438e-08
0.0
1.4940886734413648e-08
9.803996659855487e-09
0.0
1.0483715638519677e-08
0.0
0.0
0.0
0.0
0.0
0.0
0.0
3.569420181644595e-09
0.0
0.0
0.0
1.754676174780964e-08
-2.0442238986577346e-08
0.0
0.0
0.0
0.0
0.0
0.0
1.9610438159080212e-07
-1.546322539532088e-08
0.0
0.0
0.0
1.5649628064698997
-9.916191696761334e-09
5.503341490370542e-10
0.0
-5.656068214580039e-10
0.0
0.00046995471908341284
0.0
0.0
14.877298576535496
0.0
1.0654676552493414e-08
-0.01095444376242866
-0.0017331426547393392
2.6844471883204577e-06
0.0
2.2716901095428667e-08
0.0
9.444329036455328e-09
0.0
1.560393203408167e-10
0.0
0.0
0.0
0.0
0.0
-9.799204682067741e-09
0.0
0.0
0.0
3.887864611346672e-10
0.0
0.0
-9.53650646602286e-09
7.33443076718009e-07
9.907712573775107e-09
5.416900574465511e-10
0.0
0.0
2.7069318342398674e-08
0.0
9.83072307586541e-09
-4.795769575238751e-05
0.0
0.0
-9.874349383184704e-09
0.0
6.021707631407078e-09
0.0
9.634323155811879e-09
2.8861285582230465e-09
0.0
1.0398305979611277e-10
0.0004695807982424538
0.0
0.000469580798276794
3.0296369245500073e-09
0.0
6.012016206469075e-09
0.0
9.627627688878433e-09
2.861438119228566e-09
0.0
8.935623622781535e-11
1.5649628064698846
0.0009832886930709606
9.866881382841503e-09
0.0
-4.5977910043733375e-05
5.464852398296232e-08
0.0
4.599759057361885e-05
5.65137643367952e-10
-1.7320536211404627e-07
9.44337554802841e-09
-2.3758783852697836e-06
2.3465082298532802e-06
-1.8672263202203915e-07
1.2102275015989095e-07
-0.0016825591406620835
1.596935924442309e-07
4.2729171194667484e-08
0.0
0.0
2.7905655308641976e-08
4.471976317179782e-07
3.428946905767124e-10
9.70556964627681e-09
1.9492173879938052e-08
0.0
8.413479381864956e-09
0.0
0.0
1.9610399695995306e-07
0.0
0.0
0.0
7.932972522099818e-09
2.3988643450052844e-09
2.398845938325431e-09
0.0
0.0
4.785100063769953e-05
4.785100013194696e-05
1.0801801723726231e-08
9.892987033694855e-09
9.892986730475572e-09
0.0
0.0
0.0
0.0016828701453797815
0.0
-9.63166293220638e-09
-3.114918986266667e-09
-9.313627849852346e-09
0.0
0.0
0.0
0.0
-1.0310052670230269e-08
0.0
0.0
-3.484566199777136e-09
0.0
0.0
1.0582900388335897e-07
2.9969497791878864e-09
0.0
2.3447179914186777e-06
0.0
1.568214457748619e-07
0.0
1.8214274570373526e-08
0.0
0.0
0.0
0.0
-8.866676685925778e-08
-2.15324566553432e-06
1.0873286746819929e-09
0.0
2.066096649155009e-09
0.0
0.0
0.0
0.0
0.0
1.0894647593006842e-08
9.126201770081059e-09
0.0
0.0
0.0
0.0
0.0
0.0
9.489027393699834e-09
3.252303358153469e-12
4.803138176825445e-11
2.6191603445778285e-11
1.2820942157131824e-11
8.08507342394985e-12
0.0
0.0
0.0
0.0
-9.948160018820968e-09
1.555607157151251e-08
2.4314039324376222e-05
5.346269797032169e-07
0.0
1.6185129250156454e-12
-4.223824759286288e-06
1.8113759507909983e-06
-2.4070972567707784e-06
0.0
1.0895046622475497e-08
1.0894899177796243e-08
0.0
0.0
0.0
-4.983323944468543e-09
0.0
0.0
0.0
0.0
0.0
1.2385412267189085e-09
-1.9186041644303486e-14
0.0
6.907993187676639e-09
2.8893975921641792e-08
1.9000218383661768e-08
1.0894765145994088e-08
1.7793460610597164e-12
1.7793360216507605e-12
4.044169900194256e-08
3.118389154462569e-08
9.259619194590797e-09
0.0
0.0
0.0
0.0
0.0
0.0
0.0
0.0
0.0
0.0
0.00030013431531427596
-0.00040836950501612913
2.291214803859299e-06
0.0
0.0
-14.877298354187847
1.39263379480785e-11
0.0
9.371392692765926e-09
2.1484304496243145e-10
0.0
0.0
0.0
1.3669632761744701e-09
3.250814995948758e-10
-0.0002702867469568382
0.0
0.0
-5.261608939020585e-10
-5.261608701964414e-10
0.0
0.0
0.0
-5.311445046677363e-10
0.0
1.1999063317401333e-08
0.0
0.0
0.0
0.0
0.0
0.0
4.994074066495971e-09
4.99407406649597e-09
0.0
1.6074869263483482e-05
0.0
4.7371707452974916e-05
0.0
4.84923928714645e-09
4.84923928714645e-09
9.386750704497495e-09
9.719446355365816e-09
0.0
0.0002392977557205129
2.18124706107566e-08
0.0
3.781203723746625e-08
5.017401287601317e-10
2.5706352303574893e-08
0.0
0.0
2.2113098769649164e-07
-1.1792578588346256
1.1792581056023084
9.340697769105695e-09
9.334305330261312e-09
-9.334017372400237e-09
0.0
-6.136954675864533e-08
-4.4476728196241044e-08
7.283809924992033e-09
1.637701186483335e-08
0.0
0.0
5.368377166058334e-10
-5.368586241008384e-10
1.080167684744281e-08
9.334857294835845e-09
0.0
9.74587815517436e-09
1.1913980214745003e-08
0.0
0.0009378878273160474
0.0
7.31473285161005e-08
0.0
3.175030851858645e-08
4.411389453870615e-09
3.175017129044502e-08
0.0
1.8871911769627556e-08
2.7953368224827263e-10
2.219403858606632e-07
0.0
2.20759421456773e-07
0.0
0.0
9.654869033211914e-09
9.654764905200295e-09
-9.433141200783064
0.0
0.0
0.0
9.939875027116797e-09
0.008873322472957397
0.008873322472957319
0.0
0.0
0.0
0.0
0.0
5.493610509376785e-09
0.0
-1.3249983742276236e-08
2.904761056637144e-14
-3.532853300975227e-08
-4.082205896795523e-08
0.0
0.0
1.96448428011928e-08
9.953407776258241e-09
9.967169692213796e-09
5.992379295493873e-10
0.0
-8.625691403436626e-09
-9.927297010261724e-09
1.189556948280184e-08
0.0
1.1954757032472686e-08
1.9639023951455442e-08
1.9633555018099482e-08
1.1900805032714134e-08
1.2443504162745917e-08
5.046477963338561e-10
3.8796187770523934e-10
0.0
9.952710655625197e-09
1.71916445211584e-08
0.0
9.933593617603144e-09
5.667957431233981e-10
0.0
0.0
5.725982416404442e-10
9.932487686420678e-09
5.657041357560091e-10
-8.385774090010016e-10
9.93948523561263e-09
-1.7263730899450908e-08
2.9560442258915374e-07
1.1945102882866769e-08
0.0
0.0
0.0
0.0
0.0
0.0
8.65247542069375e-08
5.30543764805042e-10
0.0
0.0
0.0
0.0
0.0
0.0
1.9610423114370902e-07
11.060841870227405
-11.06084186032497
9.902163960055955e-09
0.0
0.0
0.0
2.7605338864208056e-07
0.0
2.1858647698746334e-07
0.0
9.78784928662435e-08
9.950195601399744e-09
0.0
-7.148914342805252e-08
0.0
0.0
-9.947606925252844e-09
-7.523118835165809e-09
-6.287232405532972e-08
0.0
0.0
2.7603946491573144e-07
1.9524830355849468e-07
9.983375110797258e-09
-1.7563112108176405e-07
6.272141250918173e-10
0.0
0.001682834719433126
1.055946354214034e-08
6.172137414137861e-10
0.0
1.1900647577003758e-06
0.0
0.0
0.0
0.0
0.0
2.0577785492322625e-09
0.0
0.0
0.00011956512981146272
0.0001195647670497987
0.0
-6.648398411662759e-12
