0
2.0545577318186936e-06
2.088085337358273e-06
0.0
2.8106763012333195e-08
4.123744721755047e-06
6.279771861470588e-05
6.604903101279281e-08
0.009186047030009005
8.228926579880578e-07
0.0
5.986917398547e-09
1.136925956567239e-06
6.936534485044602e-10
1.086074940521964e-09
4.911994347013479e-09
8.027529027728833e-10
1.4601503175002167e-09
0.0
0.0
0.0
0.0
0.0
7.58111995352396e-10
3.1685915421414043e-09
5.625295272889327e-06
1.978064285483584e-09
0.0
0.0
0.0
0.0
1.4434562422511902e-07
0.0
0.0
0.0
0.0
4.9478468692240436e-06
1.1998169355786466e-10
0.0
0.0
1.5459862875300363e-10
0.0
1.3153606059571723e-09
0.0
7.2671324109543204e-09
3.852385852741022e-09
2.1050493964195672e-07
8.566448200237487e-06
2.6793915090261497e-06
7.529837104452008e-07
0.0
0.0
0.0
0.0
0.0
0.0
1.1745440174852864e-06
0.0
8.45974464455026e-10
2.2121496977932664e-05
0.0
0.0
0.0
0.0
4.133335020082416e-10
0.0
0.0
4.796797810728772e-09
0.0
0.0
1.5698344465254668e-07
9.73452993281306e-09
0.0
7.774756170774341e-09
-4.781370186857602e-05
0.0
0.0
0.0
0.0
8.92299357938716e-10
2.959359489621661e-09
0.0
-4.781370186599844e-05
0.0
0.0
0.19321754716524514
-2.2965276092691371e-07
3.862174202388167e-09
1.075345095002161e-08
0.0
4.3453485659240867e-10
0.0
1.4495798882521416e-10
0.0
0.0
-6.506448928169785e-06
7.258275497521389e-10
3.449639640027195e-09
4.728910885290581e-09
9.091565192027851e-11
1.5248283130612213e-06
0.0
1.6349396304212495e-09
0.0
1.1243401691403375e-09
0.0
0.0
3.428769808330933e-09
2.7027101847605024e-10
0.0
2.7350292329240643e-09
0.0
0.0
1.9670915423383903e-09
1.1686770504869693e-09
0.0
0.0
1.8986466939098294e-09
0.0
4.8092658181220856e-08
0.0
2.5789922538335918e-06
0.0
6.843324754192941e-09
0.0
0.0
0.0
-1.224837094390793
1.2246878435128998
8.736746873752829e-09
7.755392870101578e-09
0.0
4.3453648325206204e-10
0.0
4.3460623764345297e-10
0.0
0.0
4.346042450318719e-10
0.00012335959794043818
9.603075676196988e-10
8.413491934043441e-10
3.9190700117034e-10
0.0
3.681515478183866e-10
2.3303350263220996e-20
0.0
3.689523511511275e-09
0.0
0.0
0.0
0.0
0.0
0.0
1.2448446893822942e-09
3.3994015158030355e-10
1.966439112640708e-09
4.036907389148963e-09
5.658805394051741e-09
1.2495990491855795e-09
0.0
2.612892605826931e-10
0.0
0.0
0.0
-0.09521840766184336
1.4735062139728081e-05
1.966439112640708e-09
0.0
4.524870545726788e-10
0.0
1.0358197342306592e-07
3.982399588106465e-06
0.0
0.0
4.987978123530095e-06
0.0
0.0
1.6047227630218365e-06
6.043104104218089e-06
1.7449015628986224e-09
0.0
3.184236636799063e-09
0.0
1.2081262196504367e-09
2.047951756890204e-05
-1.139739771578295
0.0
1.0489293126938675
0.0
2.6806383436174102e-05
0.0
0.0
0.0
0.0
0.0
2.2573252675960744e-08
1.7179639759718392e-06
1.2517700844278075e-06
1.0376482759341227e-06
2.9147666749708615e-07
0.0
0.0
0.0
0.0
5.65580150006492e-07
5.95964402041053e-09
-0.0017930643425731162
0.0
0.0
0.0
0.0
0.0
3.5500837685045086e-09
0.0
8.104571175373388e-09
0.0
3.3897254306890354e-09
4.088735453650766e-09
0.0
7.65334071007573e-09
0.0
0.0
4.936590096277708e-09
2.893285019248389e-09
0.0
0.0
2.739388185830948e-09
0.0
2.8106766167800783e-08
7.959894889895513e-20
8.003506996507374e-09
3.912805489495066e-09
3.912805489495066e-09
-7.968950308798103e-05
0.0
2.4863340786107146e-09
8.739485491458307e-09
-6.347601957998596e-06
9.420051954300888e-11
-1.1850091155833122e-06
5.465624457534223e-09
3.4861383993842584e-09
0.0
0.0
-0.09959162157671264
-2.967113467745466e-06
0.0
1.3659723653374693e-09
0.0
4.29490161810294e-09
0.0
0.0
-0.48005665844649936
9.913747147006448e-25
0.0
0.0
0.0
0.0
0.0
2.1815365007574257e-10
3.039523370271245e-09
0.0
1.707228222508923e-06
-0.008863845516771543
1.6198658430739756e-09
5.476458615324626e-10
1.584692748303147e-10
3.9479104865786865e-09
1.757254464456202e-09
4.054959098586539e-06
2.9905257301297758e-09
4.4871158810031696e-10
0.0
0.0
0.0
0.0
0.0
0.0
1.3990223847444468e-06
2.06792253298643e-09
0.0
0.0
9.7071914846262e-10
9.420051954300851e-11
0.0
0.0
5.280471323837564e-07
1.5312938392204557e-10
0.0
2.348143167906821e-19
0.0
-0.0023438965575218657
1.439001895492213e-07
0.0
2.8886045931110347e-09
7.186392556611166e-09
4.454069216670224e-09
5.239191728158017e-10
7.817524281249408e-09
0.0
6.054514625697615e-09
4.1811110394034973e-07
0.0
1.571098896921001e-06
3.856348299589832e-06
0.0
2.045320340029121e-09
0.0
7.323138675097114e-07
7.258275492125943e-10
0.0
0.0
0.0
0.0
1.1686770504869695e-09
2.3212288184582618e-07
0.0
4.233904377510743e-09
2.3897266980623385e-09
1.4046649198578277e-09
2.6859718176427555e-09
2.869904596019608e-09
0.0
0.0
1.8159306432671206e-05
9.511795545138521e-07
0.0
5.573146551940942e-07
8.253558109405716e-10
0.0
1.4285584318595718e-09
1.2490703745661412e-10
-3.132463437119204e-06
6.216212793959812e-06
0.0001501232659292659
0.00013288762496875867
5.742600047135649e-05
0.0001061434770983586
0.00010273277445223641
5.3977923742340244e-05
-8.228926579880433e-07
-8.22892657988026e-07
0.0
0.0
0.0
0.0
0.0
0.0
0.0
0.0
0.0
0.0
0.0
0.0
0.0
0.0
0.0
0.00010565750623269119
7.982595987364394e-06
4.398171394148347e-05
3.6316840299397206e-05
4.595986371513535e-05
6.897143892329148e-06
2.7796569638124434e-05
6.773934680636314e-05
0.00014640413002184273
5.211860749822281e-05
2.0466474732434746e-05
0.000115898409251674
1.9008150657771867e-05
2.2949857958453837e-05
6.121008165891814e-05
0.0001426450480827407
5.212307753371962e-05
2.0473047802456338e-05
3.641704556799302e-05
1.9012978235465556e-05
2.2954089074980066e-05
8.58973200646416e-05
3.4430863583161254e-05
3.0016405893749304e-05
5.309837263680279e-05
4.336543285074842e-05
3.8008379210555866e-05
9.64250302008577e-05
5.090717888324221e-05
3.4435320097225715e-05
1.4953718691428443e-05
5.310465480954446e-05
4.3368154726364244e-05
3.801978664926526e-05
9.643712788727297e-05
0.0
0.0
0.0
1.150205397157329e-10
0.00018569522894499525
0.0
5.6252952728892905e-06
0.0
0.0
0.0
0.00028463183088030437
0.00029104481683558465
1.3463032689270386e-05
0.00022782340982159706
1.3463032689836758e-05
0.00014992850731649856
2.00270213022848e-05
5.3581064511195906e-05
4.03064102786346e-05
0.00013567582792774985
0.00013567582792831508
0.00013567582792888062
0.0
0.0
-5.625295272889326e-06
5.625295272889325e-06
0.0
1.5719803476780148e-09
8.39517729563737e-10
1.8784338447080207e-09
0.0
0.0002846318308801629
0.0002910448168354431
1.3463032689128829e-05
0.0009436705670295841
1.3463032689695155e-05
0.00014992850731635688
2.002702130214315e-05
5.358106451105419e-05
4.030641027849291e-05
0.0001356758279276086
0.00013567582792817375
0.00013567582792873922
0.00028463183088002134
0.0002910448168353015
1.3463032688987257e-05
0.0009436705670294424
1.3463032689553528e-05
0.00014992850731621518
2.0027021302001487e-05
5.358106451091244e-05
4.030641027835119e-05
0.0001356758279280324
0.00013567582792859778
0.0
9.355722865844657e-05
0.0
0.0
0.0
0.0
5.356821659092941e-20
0.0
0.0
0.0
0.0
-2.8376258292202256e-07
0.0
0.0
2.088085337357889e-06
-1.4434562422850837e-07
1.4434562423388517e-07
0.00035818831300515603
0.00023348580418942392
0.0008033184178571658
0.0017191864155883239
0.002089104247617943
0.00028253510904626506
0.0003122608592556868
0.0016158725457599472
0.0005764444964294809
0.00019757493876987176
0.0002047263320410556
1.923707082133221e-07
0.0
0.0
2.796871209288364e-21
0.00012967914584515892
4.157935130166624e-05
5.588939429315513
0.0
0.0
0.0031361033197623888
0.0031360964885513267
0.003134844718466875
0.0029858822123091516
0.002966008956082948
0.002313136830846151
0.002384238163164898
9.390196108871756e-05
0.0
0.0
0.0015816293515025122
0.0
0.0
2.0790439818959288e-19
3.7714056602300854e-18
0.0022512100556592355
10.360184782078068
0.0
0.0
0.0
0.0
0.0
0.00018183547146166372
1.9237072040712081e-07
0.0
0.0
0.003194371753697744
0.003194371753697744
0.002668826049188504
-3.621533946726644
0.008031124510582492
0.0001818311636887425
1.9237071438856264e-07
1.2491055358653638e-09
0.0
0.0
0.0
0.0
0.0
0.0
-0.0031361031997806784
-0.0031360964885513085
-0.0031348447184668567
-0.0029858822123091334
-0.0029660089560829307
-0.0023065818794446207
-0.0009821303826563876
5.3589847127096896e-05
-1.2861751217239359e-05
0.0028735940904255556
2.1050493958970747e-07
0.0
6.708885645225916e-16
0.04586990143587813
0.04586990143587709
-0.002873594090425555
0.0003822928734605265
0.00015506754857796186
0.0003246868774285039
0.0010348063215210807
0.0005105183713301689
0.00022872399338480956
0.00020390413082363424
1.5313032507723858e-16
3.628429876322873
-8.566448200237497e-06
8.566448200237512e-06
-4.418908843002302
4.418903895155432
-4.947846869224053e-06
6.748461248996656e-05
6.145524378402392e-06
6.1455243784025964e-06
0.00023030372998129322
-2.6793915090254556e-06
-2.679391509025831e-06
0.018038050599749056
0.007323069656205661
-2.284446027631762e-05
1.4434562427458667e-07
0.00012948878023006624
0.00010108780575834964
0.00025088501097375745
1.9341505732733932
-1.934151321894985
-7.52983710444964e-07
4.402190165823134e-18
3.3023840767740575e-18
2.761599956008281e-09
2.7615999557697354e-09
3.5926803473820163e-07
0.00014129513080741722
0.0023932055029213264
0.003473490773888913
0.0042580918657428015
0.003473490773888913
0.0003636558881118055
3.354349990409094e-05
9.355574006219632e-05
4.9228245918393576e-05
8.278028726258052e-05
0.0
0.0
0.0
0.00015583452678827705
5.522131560291121e-06
5.505541612622043e-06
0.00012708805334246895
1.0589376034845304e-06
1.8159306432671094e-05
9.355260194595158e-05
0.0
0.00034561215794607313
5.01408303131295e-05
6.877677264988036e-05
0.0006948788226483588
0.0008219631906411012
7.230906862084642e-05
8.17706215144028e-05
-0.0031943717536977445
0.0
4.123744721282066e-06
0.00512838824273407
0.0042580918657428015
-0.0042580918657428
0.03565110415401445
0.0
0.0
6.765021680247321e-05
2.0527224862395524e-05
0.0004842189239052722
0.0
6.154920810591709e-05
0.0015590138001540682
6.835617830462891e-05
-0.006166997321328971
0.0007983236943120155
0.0
5.809582482280773e-05
11.190248976781849
-11.765169809617111
0.5748615624664194
-1.1745440174852908e-06
0.0
0.0
0.0
0.0002231335868867149
5.691334865906037e-05
0.0
0.0
0.0
0.0
9.4368283153294e-05
9.436828315329389e-05
-2.2121496977932495e-05
-2.21214969779326e-05
0.0
0.0
0.0
7.31580439192123e-10
0.0
0.0
0.0
0.0
5.4758493381782634e-05
0.0
5.530247463389103e-06
0.0
0.0
0.0
0.0
0.0
0.0
2.8106762960059037e-08
1.4776667272022488e-11
2.0545577316135067e-06
0.00012117011810781852
2.7118608169441914e-05
0.0
0.0
0.0
0.0001818384308211535
0.0005228958824508636
0.0005228958824508639
0.0002047263320410554
2.8106764500735146e-08
1.8708501809443538e-05
1.8708501809443192e-05
3.7521339004630088e-19
9.23996850911396e-18
0.00028674480352284897
1.3481734276057614e-05
2.149839402599877e-05
0.0006508898920074039
0.00036146742933850624
7.500206859335827e-06
4.460385452725633e-05
9.554806993767794e-05
0.0001415858143019047
0.0003031884834025055
0.00038391642951367727
0.00014905094199166318
0.00022122378652547427
0.0001593002762963784
0.0
4.097006433250238e-06
0.0
1.8872402345496992e-05
3.8962780572164785e-06
7.656955589672982e-07
4.706875192336153e-05
4.706833858985955e-05
4.706875192336156e-05
4.706875192336154e-05
4.7068751923361544e-05
8.013724401138283e-20
8.910956221822723e-20
0.00036009876292357614
-0.00034319955519893764
1.6897244383212368e-05
0.0
-1.2321698504241062e-05
5.837607928429946e-06
1.2313830779588238e-05
0.0005620625554828534
0.002807834462853636
0.0028078344628536364
0.0
9.729921174586112e-05
0.0006593462068465034
0.0
-0.010079316152437281
0.0
0.0
0.0
0.00010821155919905209
1.2500673301275974e-05
0.0001543955902738687
0.0021806672910152265
0.0
6.873784243702707e-05
-8.12311269116173e-05
0.0
0.0
0.0
5.2920836968819805e-06
0.003052244318601244
0.010079316152437283
0.0
0.0
0.0
2.094604992575077e-05
0.0004242765208290633
-0.028550331944441835
1.2998786978698833e-20
0.00010586322101470998
0.0003102641058594674
0.00031776610842010187
6.5221476281468265
-6.522869177892265
-1.5698344465258824e-07
0.0
7.251250989025964e-05
-0.00020314385017247583
6.269992095588483e-05
0.00021752945100265617
0.000870296376991267
0.543501261678101
7.3732677212237e-10
0.0
0.0
0.0
1.1207053993453962e-06
1.1207053993462647e-06
1.1207053993473647e-06
0.00239320550292148
0.0
1.8414603901191428e-09
0.0
-2.580371431301858e-10
2.810675964091197e-08
0.0
0.0
0.0
0.0
0.0
8.21162637514579e-18
4.00266549457738e-18
1.260833454236956e-17
9.440297382051615
4.781370186857603e-05
1.1369259565672234e-06
0.0
-9.44034519575348
0.0
5.3055051705951234e-18
5.176187171963265e-18
0.0
0.0
0.0
5.625295272889237e-06
0.0053356512688254535
0.00046162979401472096
0.0
0.0001108402943840982
9.127824884422601e-06
0.0
0.00011996811926852083
1.9554080393432738e-05
3.0505695073344608e-05
0.00011437016203291842
4.500410292743054e-05
6.249623722191466e-05
0.00017979151952821935
0.0003039099868707205
0.0
0.0
2.194590937264737e-05
5.531778508779095e-16
5.531366163208229e-16
5.921209782080714e-16
5.531383065986649e-16
2.7118608169441762e-05
0.0
0.0
0.0
0.0
0.0
0.002970874743869362
0.0035096830215297905
2.0485033936065475e-06
0.0
0.0
1.4208728937649e-19
0.0001417252429332715
0.00011520948597429974
0.00011521050317259429
0.0
0.0
0.0002457248296798389
6.536318209247424e-05
4.636470176775823e-05
3.134855573251874e-05
7.263023677008997e-06
2.7449444710172564e-05
8.448605276906619e-05
0.00024572482967983764
6.536318209247271e-05
4.6364701767756826e-05
3.134875018086426e-05
7.263174929288338e-06
2.7449444710170704e-05
8.448613070692112e-05
2.3906850932999222e-05
4.781370186599844e-05
2.452962754060478e-05
0.0
0.0011796711417779446
0.0011796711417779446
-0.19321754716524514
-0.19269034190428552
1.3936436871385095e-05
0.0007822978796772261
2.2965276092691758e-07
0.0007964639693095381
1.0753450603368964e-08
1.0753450833873414e-08
2.6473440417079334e-07
0.0
4.493025286625604e-05
0.0
0.0
8.982555051965847e-05
8.982555051965847e-05
8.982555051965844e-05
8.982511598480188e-05
8.982555051965845e-05
0.0
2.2414117234042983e-06
3.7611405163689712e-06
0.0
0.0
1.319380201132699e-10
0.0
0.0
0.0
0.0
0.00016825042600032475
5.037231534180325
0.0
0.0006508425907957323
-5.038050627197121
0.0
5.037399784751285
0.0
0.04601164313510686
2.4522032130994127e-05
7.357108107163701e-10
0.0
1.3021173859170707e-11
0.00014857318842360172
-0.00014857318842358488
-6.554951401512333e-06
-0.0014021077805084939
4.0312113961637744e-05
0.0018639997625206123
1.625733288143286e-09
4.988981461096471e-09
6.759398801670877e-05
6.50644892816979e-06
7.410693987803115e-05
0.0
0.0
3.012986789503999e-19
0.0
0.0
0.0
0.0
0.0
0.0
5.904635781294393e-05
0.0
0.0
0.0023362414111870295
9.705480963239884e-20
0.0014140222115589867
0.0
0.00012244712746327878
0.0002582384510156343
0.0
0.00013579141446800737
0.0003297537692894475
6.304373919813833e-05
0.3464459289421017
0.0001097327826074401
0.0
0.0007257128728584779
5.274028687997889
-5.274030210189889
-1.5248283130609465e-06
0.0030062770903751344
-0.00012951695838871004
0.0
0.0
0.0011077904993615887
0.0003112585665951475
-0.0001546221950122222
0.0
0.0
4.042837925974567e-05
0.0003670517450332814
0.0002004326558702438
0.0010139049262696022
0.0002017036337763658
0.00010639816999421983
0.0003279032333019742
0.00044476616961609334
0.0
0.0
0.0
0.0031534481512855215
0.003408702387705741
5.752229298771209e-11
-1.1369259565672321e-06
0.0003067834240790877
9.960847341495211e-05
0.00017577962610052924
0.0006625335094298879
0.0008401442388532402
0.00020721167218540877
0.0004299256515925567
5.129852686774346e-05
8.194012866501809e-06
2.8106761320065516e-08
0.0
0.0
0.0
2.049914877623866e-05
0.0002331241874048671
3.0938953127954463e-10
0.0
8.457307594491318e-09
0.0
0.0
0.0
0.0
0.0035110821970439207
0.0
-0.00043709626147794167
0.0
0.0
0.0
0.0
0.00803112451058249
0.0026688260491885035
0.0004619821672756246
0.0
0.0
7.71832309860733e-06
0.00015864091567432332
0.00015092259257571604
2.909955794591015e-19
0.0
0.003408702387705742
0.003408702387705742
0.00025193605665368085
6.1455243784023965e-06
0.0
2.955068560113271e-11
2.958080110294556e-11
2.956689066337669e-11
6.145524378401466e-06
0.0
0.0008657970470516483
0.0020057997896957827
0.00018064748185381326
-0.0030522443186012434
0.0
4.097006433249972e-06
6.145524378402201e-06
4.123744721613142e-06
0.0
0.0
0.0
0.0035110821970439207
0.0035096831746591756
0.0
0.0
0.0
0.0
1.4154547039918005e-09
6.966172451407715e-09
2.553784189532767e-06
7.077076230266321e-06
1.4799884089335727e-11
1.3630297803927573e-10
0.0
0.0
0.0
0.0
0.0
0.0
6.1455243783997055e-06
6.145524378399424e-06
0.0
0.0
0.0020308950847134077
0.0020308950847134077
5.291201157780401e-06
5.292821023654864e-06
0.0014509539032276028
0.0
2.4851114930644164e-09
1.5921183182659842e-09
0.0
1.5921183182659842e-09
-0.0008511044867672106
2.2550873246249382e-10
0.0
0.0
0.00036530283159074946
0.0
0.0
0.0
0.00011164393983617238
0.00023664363583253477
0.0
0.0
0.00024931119819240986
2.1945909372997142e-05
2.6043530385986905e-05
0.0
2.0430632810671384e-06
0.0002711773142415929
0.0
0.00029105334360526424
0.0
1.3471405424694947e-05
0.0
0.0002278316529507937
0.0
1.3471405425261326e-05
0.0
0.00014993704358987243
0.0
2.0035552125759013e-05
0.0
5.3589747884084765e-05
0.0
4.0315025136154174e-05
0.0
0.00013568430351889446
0.0
0.0001356843035194598
0.0
0.0001356843035200254
0.0
4.809265824683199e-08
4.809265837763503e-08
4.8092678896690316e-08
4.809267223919134e-08
4.809266538548446e-08
1.923707018382961e-07
0.0031361031997806845
0.0031360964885513154
0.0031348447184668636
0.0029858822123091395
0.002966008956082937
0.0023131368308461388
0.0023842381631648873
-9.390196108872897e-05
0.00019894080446066886
0.00019894731179803218
2.548323508169332e-07
2.548323508371092e-07
0.0
0.0
2.810677050672218e-08
0.0
0.1328105673831516
5.288030522477448e-05
5.0213064455272054e-05
9.705153425671846e-08
2.8106766953110612e-08
8.97323579971391e-05
0.0
0.0
0.0
0.0
0.0
0.0
2.8169138566096295e-06
0.00025995203301302323
9.494818721074614e-10
0.0
0.000556568477785921
0.00017621957738573214
6.926575628646238e-05
0.0003560124005430188
4.1859783583799545e-05
0.0002758548922386718
4.861414781991872e-05
1.987601864355957e-05
0.0013090452464171597
0.0001879773803686188
0.00015215439902848386
0.0013306839200462111
0.001618545108158762
0.000141188928739018
0.00021484580887701842
0.00015410048261067146
0.00014896410772034894
2.762417379991011e-09
0.0006561731211803861
0.00026563366408890294
0.00014559944762697734
0.00025465157630111154
0.00021643732765027398
0.00019477877586612056
0.0002551579228386619
5.708297737727632e-05
1.601562649216956e-09
0.01631833046043002
0.0002771164166153561
0.0
0.0
0.0
0.0
0.030547411519704706
0.0394504363253714
8.692157002804984e-05
0.0
6.097452369773894e-11
0.0
3.7557461698239936e-06
0.0002113733483473245
0.00030351808183269114
0.0
0.0
0.0
0.0
0.0
0.0001821450152186181
6.657608532898029e-05
0.0018585916857739547
1.224837094390793
0.0009002891214401464
0.0
0.0
0.0
0.0
0.0
4.532634197374579e-05
0.0
0.0
9.061772872831909e-05
9.06177287283191e-05
9.061772872831908e-05
9.061729419183585e-05
9.061772872831909e-05
0.000155651666236505
0.0002701137610697119
-1.2252765620935087
7.287645593518664e-05
0.0
0.0
0.00014571795638024942
0.00014571795638024942
0.0001457179563802494
0.0001457175217740118
0.00014571795638024942
3.570639011683559e-05
3.8839249145540275e-07
0.0
7.226916051705559e-05
7.22603427695331e-05
7.483933502336686e-05
7.226916051705578e-05
7.483933502336703e-05
7.163267869350616e-05
0.0
0.0
0.00014323040190462817
0.00014323040190462814
0.00014323040190462814
0.00014322996730038314
0.00014323040190462814
0.3063866689636447
5.641113524686954e-05
5.943668779485764e-09
0.00011283415783129815
0.0
0.0
0.00192186149657108
7.309442630415041e-07
0.0
1.9434234926007852e-19
2.048503216626267e-06
2.5571106814457276e-07
3.960748055767521e-06
6.864096386664702
0.0
0.002672996211765067
-0.00012335959794043818
0.0033112472398855205
0.009146761146524665
0.17085932927120898
0.0
0.0
0.0
0.0
0.0
0.0
0.0
0.0
6.165015644073584e-09
0.0
0.0
1.341866647127144e-05
0.00037450140268651923
0.0
0.0
0.04704016462791989
0.0
1.7939584993227205e-10
0.0
0.00017100775221650332
0.00017100775221650332
0.0012325001839634199
0.0
4.5710510996926307e-07
0.0
4.64339951042288e-05
0.0
5.6913053996390135e-09
5.886735442322383e-05
3.66590960370715e-05
4.7278378623881234e-05
4.3988930640954395e-05
0.00046049576130259453
6.480886176151013e-05
3.716676698714601e-05
0.0
0.0
-0.002211026119008867
0.0002136238900229207
0.00016017780850017938
9.436168524691787e-05
0.0
0.0
0.0
0.0
6.862566776162143e-10
0.0
0.0
0.0
0.0005606850007183565
0.002613845835128617
0.002293068171856428
0.0005257372449243698
0.047853271043076503
0.0002817959068967195
7.582161844902522e-10
0.0
0.0
0.0
0.0
0.0
0.0
0.0
0.0
0.0
0.0
0.0
0.0
0.0
0.0
0.0
1.422369658961032e-09
2.647344022797007e-07
0.0
0.0
0.0
0.0
0.00013323621579125654
0.0
0.0
0.0
1.1147242901232616e-09
0.0
0.0
0.0
0.15100448045590453
0.004176742650170188
8.340377330422593e-05
0.0
6.1395647343810876e-06
0.0
0.00012338875941705728
8.523947149004009e-05
6.919807663734755e-05
1.513582762952544e-05
0.0
0.001394580687340955
4.2206793461372055e-05
4.2206793461372055e-05
4.220679346137208e-05
4.220679346137207e-05
0.0
0.01028015891359085
0.003690064782862949
6.258584362960396
0.0
0.00043919406315488585
0.0004244590010151577
-1.4735062139728113e-05
6.895457923422074
0.15072216200661318
0.0
0.0
0.0
0.0
7.046180095612588
2.6473440186376565e-07
2.647344027105995e-07
2.6473440315604724e-07
0.0
0.0
0.0
0.00047684595032267574
0.09405344272420163
0.00024891513484816036
-3.853129959975047
3.9483483676368905
6.107862200953782
7.046180095612588
0.02001982014738605
0.0
0.0
0.0
0.0
0.002293068171856428
5.58893942172055
2.7123163674622908e-05
4.588540611865694e-05
-0.08412350914496905
0.00016269448061574104
2.544548086363459e-09
0.004260146423474415
-0.0003168027957485407
0.000584254892472461
4.6433995104228965e-05
4.6433995104229e-05
9.43005953930493e-05
-7.9496724930246625
2.3606657879014987
-1.035819734230776e-07
4.6306174964542495e-05
0.0
0.0
0.00037182857636901907
2.3931884736192313e-09
2.1886343956445577e-09
0.0
0.0
0.0
0.00017978944972642423
0.0002626111322372316
-1.604722763021876e-06
0.0
0.0
0.0004591631256855294
4.6187845273044494e-05
1.1339987417621441e-07
0.0003374362461041279
1.2068182265020065e-05
0.0002294391929094065
-2.200984099017463
2.2009780559133594
-6.043104104218108e-06
9.930809245761657e-05
0.00010956449370745136
3.273124963948472e-05
-4.9879781235301485e-06
-0.0005445313772437261
0.0006960562013123183
6.264023058147474e-05
0.0001609803925552484
0.0
8.035110966891835
-10.419515720104155
2.3844007708127313
-3.982399588106385e-06
0.0
1.0589376034186232e-06
1.0589376033364543e-06
1.0589376033693164e-06
0.0005992426196904532
0.003061216023998858
0.0
0.04807849341979327
0.00042416968851478903
0.0
4.637265203940229e-19
0.0
0.0
8.974003870291634e-05
0.0
0.0
6.782297306220157e-09
5.0007383850843456e-05
4.1513449994544876e-05
6.862566775822683e-10
0.0
2.553784188444848e-06
0.0019910619208003705
0.00013466926127654315
0.0
0.0
0.0001969473333067544
0.0001969473333067596
0.0
0.0019910528590487576
0.0
2.711823020699372e-05
2.7114502935384137e-05
0.0
0.0
2.7123163674622942e-05
6.145524378397303e-06
4.097006433249707e-06
1.7079503765712387e-05
3.2215331395237534e-05
0.00010374297893633875
0.0
0.0003784252724741171
9.89383372945883e-05
0.0010362903084790173
0.0001963047750477811
-2.0479517568901892e-05
-0.00021678429261668276
0.0
0.0
0.0
0.0
-1.0489293288999217
-0.4403573570295324
8.915828993394143e-05
2.6806383436174065e-05
-2.680638343617409e-05
0.0
0.0
0.0031361031997806897
0.0031360964885513206
0.0031348447184668697
0.0029858822123091456
0.002966008956082942
0.002313136830846145
0.0023842381631648934
-9.390196108872323e-05
0.0
2.0485033935647824e-06
0.0
0.0
0.0069709282657771186
0.0
0.0
2.5035674545072764e-08
9.165823269209772e-09
1.473068597447411e-11
2.647344001030997e-07
2.6473440070965626e-07
2.64734399728196e-07
2.647343998660426e-07
2.6473440035700744e-07
2.6473440361561497e-07
0.0
0.0006273744480688712
0.0002533393332298239
0.0009553037857779245
-5.833474746170385e-05
8.010572282728974e-11
0.0
0.0
0.0008702963769912679
0.0008702963769912679
0.0
6.763346976571042e-05
-6.765604301838632e-05
-1.838955796872955e-08
0.0
0.0
5.804249388028477e-06
1.6968185537181288e-19
1.7179639759718924e-06
-1.717963975971863e-06
0.0
6.1455243784017985e-06
0.0
0.0
0.0
-5.712679429088306
5.712171823740073
0.0005076053482332124
-0.006670613764731541
0.005254873589196581
0.001414022211558987
0.0008702963769912677
0.00041285591894150455
-1.2517700844276855e-06
9.576573514896776e-05
0.00024621211798176503
0.0
1.007697156879951e-09
1.3184981619219316e-09
3.813566166609674e-05
-1.03764827593398e-06
-1.0376482759337904e-06
1.139739792773332
3.669169419147552e-08
2.527345062872853e-06
2.3071220504848773e-06
2.5691470657944424e-07
2.307122050484907e-06
2.307122050484953e-06
0.04567552859647152
-4.09607740014127
4.096085118493978
7.718323098607425e-06
0.00019437283940558072
1.624300709951002e-05
-0.0020075940420261383
0.0020078883504033446
-2.914766674971347e-07
-2.914766674971078e-07
0.0008702963769912677
0.0008702963769912677
0.0005228958824508631
-0.002668826049188504
0.0
0.00012456874204417088
-0.0001245630876134394
0.0
-0.00512838824273407
0.002562724868779695
0.0
4.527071085788889
4.5270710883397856
0.0
0.0
3.973915481812548e-05
3.530693845917056e-05
0.0
4.7662975466246715
-4.766298111019291
-5.655801500063537e-07
-4.5232920402308015e-06
1.4868833141295695e-05
0.004138625305302991
-0.00413862530530299
-0.004138625305302991
0.004138625305302991
0.0
0.0
0.00017871431382160107
0.000178714313821603
-0.00803112451058249
0.002668826049188504
2.112021476567349e-05
0.00011455561316179386
0.0003581883130051559
0.0003581883130051559
0.000358188313005156
0.0
5.0084206511064214e-05
0.002485969310552411
0.0007429891744903585
0.001793064342573117
3.64404537608887e-05
0.0
0.0
0.0
2.105049394852882e-07
8.216213233493763e-09
0.0
6.154850180602639e-05
0.0
7.062998906925219e-10
0.0
1.3589686723259756e-09
8.31617853843827e-07
3.643020129972961e-05
6.155056707458943e-05
3.643064592534403e-05
8.316178538438442e-07
0.0
8.884897130619358e-05
0.0
8.885718751754398e-05
0.00039784380963296705
7.609610453643467e-06
0.004138625305302991
0.0
0.0003407669739824064
-0.0003407644099957116
0.0
6.264023058147458e-05
0.0
0.0
0.0
0.0
0.0
0.0
0.0
4.7879990951908175e-09
8.104769490056015e-09
0.0
0.0
0.00017896178930203345
0.0001984501377075693
3.841863807663599e-05
9.750296408548039e-06
7.238113157902781e-05
5.612775701721727e-06
6.544121678150529e-05
1.2443749996447135e-05
0.0
0.0
0.0
0.0
0.0
0.0
0.0
0.0
0.0
0.0
0.0
0.0
0.0
4.154920347868573e-05
0.0001056575062326915
7.982595987364787e-06
4.398171394148383e-05
3.631684029939767e-05
4.5959863715135795e-05
6.897143892329618e-06
2.779656963812486e-05
0.0
0.0
3.546809085511394e-09
0.0
0.0
2.9814704099198975e-09
3.5737192832342924e-09
2.5390909737123388e-09
3.908393186243282e-09
0.0
1.1519979078346276e-10
3.795907079285533e-09
0.0
0.0
6.5318042384198135e-06
3.7629903322896487e-06
0.0
0.0
7.948515959076183e-05
0.0
0.0
3.498760209042587e-05
0.0
1.506623401140591e-05
0.0
0.0
0.0
0.0
0.0008511044867672106
1.1369259565764519e-06
0.0
2.5047714125419764e-05
0.00022378075307078485
0.0002499602196387216
0.0
0.0
0.0
0.0
0.0
3.3981965982771636e-05
2.810677241149336e-08
0.0
0.0
0.0
0.00013342032825265347
0.0
4.959663409265417e-10
4.406690629330292e-09
1.1078775284545184e-10
1.1078775285713074e-10
0.0
0.0
0.0
0.0
0.0
2.0934953658278259e-19
0.0
0.0002560823194676454
0.00014738444127723968
0.0004034635497484238
0.0
0.00015443754812738666
0.0
1.7498003723282765e-09
0.0
0.0
0.0
0.0
0.0
2.1053363729369724e-10
0.0
0.00013055680445088775
0.00013055680445088773
0.00013055680445088778
0.002251181946839298
0.0
0.0002110293067058566
7.4673471703314544e-06
0.0
7.782337226066582e-05
0.0
6.853495417400185e-08
6.010497196199317e-08
0.0
7.781436920355806e-05
5.583387032792874e-06
0.0
0.0
0.04714670944867598
0.0007726221397106978
0.00019522667595014685
0.00019943815669183323
4.983551685859951e-05
2.194590937199884e-05
2.1945909372360594e-05
0.0005161375850565717
0.0005161361626887318
0.0
-2.8106766091487244e-08
-2.81067659808913e-08
2.194590937285953e-05
8.432785662286006e-06
0.0
0.0
0.0
0.0
0.0014181561235864066
0.0
0.0
0.0
0.0
0.0
0.0
2.728846720706961e-19
0.0
0.0
-0.00010206763166311501
7.968950308798105e-05
6.071243372613667e-05
0.00012104470102495941
5.614738505338494e-05
1.9805470822398058e-20
0.00013055680445088773
0.00040077981912568474
0.0004007798191256847
0.0
5.5834269924569745e-06
0.0
0.0
0.0
7.472385998050658e-06
7.47238599805032e-06
0.0
0.0
0.0
2.697691005048688e-05
9.76979436450393e-05
4.348921125467285e-05
7.788273054915154e-05
5.573917236745187e-06
7.463791649877367e-06
0.0
-2.6982517000115164e-05
-9.770366133855766e-05
-4.349334877141202e-05
2.922493737657292e-05
0.0
0.0
2.9224937376579115e-05
0.0008714016208900306
0.0004400136358109465
0.00016809986173978384
0.0
0.0
0.0
0.0004377355870370827
6.3476019579985996e-06
4.4828234468091e-06
0.00017896178930203773
0.00017896178930203977
2.647344010785757e-07
1.185009115583325e-06
1.1850091155833165e-06
4.623426370379378e-13
1.1207063240300934e-06
4.623425135877599e-13
5.292821023655657e-06
-0.0011902437707182417
2.2414117234049013e-06
0.00021855226536219647
0.0
2.241411723404535e-06
4.482823446808996e-06
5.625295272889319e-06
0.0
0.0
1.4434562424261877e-07
0.008946307164864485
0.008946307164864073
0.0014181561383153406
4.123744721707743e-06
0.0
0.0
0.0
0.0003207776632721888
0.0
7.789434242183007e-10
0.00038996766633294673
0.00022621400469490196
0.12717668782703154
0.006160523226994195
0.17056188495616545
0.000259145808424685
0.000134127435834694
0.0006213270061412212
3.592680347381039e-07
2.1542477522818923e-05
0.00031546975744980245
3.622010708821725e-05
0.0006172208135949012
0.00014023750151681864
0.0007260982127648738
3.542599166150577e-07
0.000775912060624817
0.0009323455578781516
5.071617027730724
0.0
0.01689102952612309
0.004993180572681249
0.00290892253830761
0.0003657599367004258
0.0005603242983274663
4.391955792988627e-05
9.284298044275302e-05
0.00011505924405555295
0.09959162157671264
0.09960411537099415
0.0
0.0002471780175786344
0.0005353798307261439
2.96711346774547e-06
0.0006932939045071056
9.223105726541823e-05
0.00027101539851185117
0.00011896314505673849
0.0
2.202378692458813e-09
2.8877954020952825e-09
0.0
3.53480973189714e-07
0.00014023750151681856
1.1521193963963554e-18
2.0920096543466197e-05
0.0
0.0
4.212792516192983e-09
0.0
0.0
0.0
0.0
0.0
0.0
0.0
0.0006118071785204617
0.0006118071785204617
0.0
0.0
0.00011516460575330393
1.163880267087292e-05
0.0
3.563419715273617e-05
1.1855314369442018e-09
5.129852686774353e-05
0.0
0.0
0.00015733181801965522
0.0
0.00023312387801533588
0.0
0.0008369595163459236
1.7967949176640504e-09
0.0002469766496263895
6.598507765734679e-10
0.0003132559849975393
0.0
0.0004140763137973538
2.483684876811874e-09
0.0005258852659930464
0.0
0.00043781734913318277
0.0
2.1868459065838885e-05
2.284446027631747e-05
0.0
0.0
0.0001397364421919998
0.0
0.00012500538676393758
8.878900451510467e-05
5.1298526867743467e-05
0.00010374297893633916
4.732580882069958e-05
0.00010360691962662589
3.464134221219683e-05
0.00015863378998531703
0.00023269421647126388
0.0001249390866570264
0.000254796544171963
6.269992095588515e-05
0.00032230643834353645
4.37867939751656e-06
0.0
2.6784834565300097e-09
0.0
0.0
0.0
0.0
0.0
0.0
0.0
0.0
0.0
0.0
0.0
0.0
0.48005665844649936
0.17366999323399923
0.00011067156008109622
0.00010133257318915048
0.002807834462853637
8.782615604929707e-09
8.91538553337805e-09
0.0
2.048532948551388e-06
3.316770396097783e-09
2.8106771129247865e-08
2.810677163281655e-08
2.810677201244932e-08
2.043063281067057e-06
1.4892598633897184e-11
1.4858374804725243e-11
0.004138625305302991
0.0
3.930701501347651e-09
0.0030522445942184036
0.0
3.93073598952633e-09
0.0
2.0485033891804924e-06
1.9861099660112417e-06
6.239341874422609e-08
2.810676798666594e-08
2.8106768928576783e-08
2.8106769770971795e-08
6.576526957645803e-05
5.0809679062528126e-05
0.0
2.756171602158423e-10
0.0
-0.0030522445942184036
6.279771861470588e-05
0.0
0.0
0.0
0.0005791520720858527
0.0033779307792050055
6.459902705437948e-05
0.0001311613179007896
0.0001402549335510297
0.00013477541661725985
0.00015045866610813633
0.00014762169041589534
9.732880534908631e-06
0.0
0.0
0.0
0.0
5.292821023653379e-06
3.421216646578513e-05
6.2162127939591115e-06
0.00021692847910401465
0.0001501232659292651
6.754503090148438e-05
0.00013288762496875791
0.0009564789257982447
5.742600047135551e-05
9.556015667800625e-05
0.00010614905036829016
3.6653955419824446e-06
0.00010273277445223542
0.00027392530955963303
5.397861366940499e-05
0.0004370959319651945
0.0006234494095625961
0.0017697560933587306
0.00012948878023006638
0.0003784252724741173
0.07453975046619249
8.311545370690265e-07
1.2137044055783743e-06
2.0430632810669593e-06
0.0004089814119323049
6.77331450104786e-05
0.00014639774493059167
5.211394871882474e-05
0.0004425302544821271
0.0003093503254983163
1.9003844173278275e-05
2.2945831311166502e-05
0.0
0.0
2.043063281067098e-06
0.0
0.0
0.030634340215055966
0.0
0.0394504363253714
0.0009586512989792024
0.00018768987023399993
9.979428944941761e-05
7.638119700152767e-05
8.44453171306925e-05
5.062961752549747e-05
6.545796221728719e-05
0.00022246943704755528
-0.0012325001839634199
0.018240214317900086
0.04622879831261606
-0.15100448045590448
0.04785327104307651
0.0
-0.13281045398327745
-0.0003018831773282111
0.00014392358898334076
0.0
0.0
0.0
0.0
0.0
0.0
0.00013678269135075627
0.00014392358898334133
6.53589693521901e-05
0.0
6.142747831009928e-05
0.0
3.134103926296592e-05
0.0
7.261755991333015e-06
0.0
2.743817556802124e-05
0.0
0.00012603246028104355
0.0
0.00028070628033409657
6.535008149375893e-05
6.141859288250467e-05
3.133509472827097e-05
7.252895577763668e-06
2.7429286719377066e-05
0.00012602359507995383
1.707228222510498e-06
1.7072282225094482e-06
-0.0017018615198652306
1.1482299173101978e-19
0.0
0.0
0.0
0.00950307945742484
0.008863845516771543
0.00037691170805507395
0.00010565750623269087
7.982595987363987e-06
4.398171394148311e-05
3.631684029939673e-05
4.5959863715134866e-05
6.897143892328671e-06
2.779656963812401e-05
6.773934680636291e-05
0.00014640413002184243
5.2118607498224914e-05
2.046574315199526e-05
0.00011589840925167368
1.9008150657773737e-05
2.2949857958490714e-05
8.589732006464138e-05
3.4430863583160976e-05
3.0016405893749054e-05
5.309910421724189e-05
4.336543285074809e-05
3.800837921055551e-05
9.642503020085738e-05
0.000198450137707569
3.841863807663559e-05
9.750296408547678e-06
7.238113157902735e-05
5.6127757017212694e-06
6.544121678150481e-05
1.2443749996446711e-05
0.0
0.0
0.0
0.0
0.0
0.0
0.0
0.0
0.0
0.0
0.0
0.0
0.0
4.1549203478685397e-05
-8.523947149003908e-05
4.097006433250497e-06
2.8106765836325616e-08
0.0001877497866766091
5.291201157804719e-06
0.0
0.0
5.625295272889245e-06
-0.0010013897969755009
0.00013115372908004962
0.000445245721344949
8.940285675509066e-05
3.1510444261199564
0.0
0.0
0.0
0.0
2.321699755211432e-05
0.028059474535433362
5.291201157796853e-06
0.0003223058499161501
7.209140356664226
0.0001404682631827699
-0.00023727951411494036
-10.722171732856534
-3.6393869450458025
0.0014509539032276028
5.291201157801221e-06
0.0012690132240041313
0.0017018615198652306
0.0
3.7640623179942825e-06
0.0
0.0
0.0
8.015333231771961e-06
0.0
0.0
0.004260146423474415
0.004260146423474415
0.0005228958824508633
0.0008702963769912674
0.004258091865742801
0.0008702963769912672
0.004260146423474415
0.0008702963769912674
0.0013432370161622412
0.0
0.0
0.0
0.00025962961282388473
-0.6341173534328518
0.6338536688609293
-4.05495909858653e-06
-3.6288712018034315
0.0
0.0
0.0035096830215297905
6.523063351559866e-06
3.7526968478502705e-06
0.0
0.0005861943117741884
0.0007703951060535637
0.0
0.0
0.018240214317900086
0.0
0.018240214317900086
1.1687373484874666e-10
6.5230633515593145e-06
3.752696847849593e-06
0.0
0.0005861943117741877
0.000770395106053563
0.0
0.0
3.1510444261199564
3.621533946726644
9.714756766148235e-10
5.291201157791803e-06
-0.0005112585184248645
4.1579351301666234e-05
0.0002590997296747384
0.000252166900579542
0.0
-6.129737016695051e-06
1.9966845499661974e-06
0.00030752015804675064
0.0008481880052957564
2.7508321747360405e-05
0.000362554478652424
8.132348572900666e-06
0.0008666822712295163
3.8138060279031556e-05
0.0
2.3986129977900873e-09
0.00013066816663948408
0.0004089832075939483
0.0
1.7956617064178498e-09
0.00013066692097831448
0.0
1.2456612325593912e-09
0.00274996597988585
3.0633618672668545e-05
5.625295272889155e-06
0.0
0.0
2.4851114930607893e-09
0.0
-1.3990223847445385e-06
-1.3990223847446474e-06
-1.3990223847447723e-06
2.0920096543466235e-05
3.6397546097558253
3.6397546097558253
0.00045703722849672673
0.0
0.0
2.0485032166256386e-06
8.194012866501792e-06
4.0970064332510265e-06
0.000791344372676449
1.963341425927811e-09
0.0
0.0
0.00043532197389824196
0.00043532197389824196
2.647344014631945e-07
4.123744721471253e-06
0.0
0.0
0.0
0.0
0.0
0.0
0.0
0.00019572325236736753
7.395818670040764e-05
0.0008953175285860989
0.00010210303121930887
0.00020764756983517607
1.4712368996286982e-05
1.3387317404249867e-05
3.053224052563657e-05
0.00033523681773093753
9.895226878871028e-05
0.00027944421221764727
0.0001848924914862851
0.02394642667447431
-0.0237656844194473
2.250520527041825e-18
0.0
9.988241907713064e-08
8.937132696687742e-08
1.9261575806637838e-09
8.937132696687156e-08
8.937132696694469e-08
1.0589376033200813e-06
7.251250989025973e-05
0.0023932055029213264
6.100873564945751e-20
0.0
0.0
0.0
3.699225575585317e-07
0.003408702387705742
-0.003408702387705741
0.0
0.0
0.0
0.0
0.0
0.0
0.0
0.0
2.9609710063608634e-11
0.00015864091567432332
0.0023448078593872675
0.0008511047122759431
0.0006889524922854083
1.1501411927879517e-20
0.0
-1.404654774691724
1.4046542535437627
-5.280471323837871e-07
0.0
7.251250989025977e-05
7.251250989025977e-05
2.960675390714467e-11
2.0485032176725824e-06
2.048503217149297e-06
0.0035096831746591756
0.003509683021529791
0.0014140222115589867
0.0
0.0
0.0
9.385491474380198e-10
0.0
0.0
0.0
0.002343905507725973
0.0023438965575218657
7.251250989025976e-05
5.678362218854355e-18
5.6783622188543795e-18
0.0001021557390567846
0.00010229963924634256
-1.4390018955259774e-07
1.4434562424500875e-07
0.0
0.0
7.680765616493746e-05
5.2871489680221416e-05
0.0
2.959219307023643e-11
2.960088569945534e-11
0.00010090885780715283
0.00016061973214837692
0.00014631506804317146
0.0
0.2162744957837198
0.0
0.0
-7.239866995507557
0.0
0.0
0.0
0.0
0.0
0.0023931644556550867
0.0
1.3463032688845754e-05
0.0
-0.025721193715097047
0.0
0.0
0.0
0.0
0.0
0.0
0.0
0.0
0.0
0.0004975818638861697
1.9237070835711742e-07
1.923707084444996e-07
2.6473440147834634e-07
2.6473440146302044e-07
4.5710510995368116e-07
0.00017896178930203557
0.0
0.0
0.0
0.0003890934966348276
0.003408702387705742
6.864096386664702
5.630055651759332e-06
9.239283313795745
-9.239287169484193
-3.856348299590066e-06
0.0
0.0
0.00020314385017247593
0.00011785922696175183
3.6041605844511985e-05
0.002770158622377654
0.0
0.005254873589196581
0.0
0.00010148629144016108
5.743895331177787e-05
-0.5361728658407275
0.5361284013629709
-4.181111039403529e-07
1.5710988969211683e-06
-1.5710988969210705e-06
2.0545577317939755e-06
0.01373030154787767
0.010216117349949354
1.3630297804066426e-10
0.0
0.0
0.0
0.0
0.0
0.0002415498622848347
1.5710988969213407e-06
0.0002457905322752782
0.0
0.0004996303671029751
2.054557731614067e-06
0.06863989763617237
5.842056316717127e-18
0.0019411331548888713
0.00011690146168785015
1.5066043501811434e-05
0.00013196677359165259
1.5066043501811382e-05
0.0
7.315980089935169e-10
0.0
0.00019491781681627387
7.85645037539511e-06
0.0007099597997873699
0.0005150394320754678
6.984261118531269e-20
-7.323138675099393e-07
-7.323138675098107e-07
-5.712633126846219
3.919178640692715e-19
0.0
8.856695052352251e-09
9.037210369654501e-09
0.002403535137302009
0.002403535137302009
2.2365697553710767e-17
0.0
0.0
2.0545577318186936e-06
0.0
1.44796746872272e-09
0.0
-0.001269013224004131
1.1836332274012896e-19
-2.3067491437752515e-07
-2.3212288184602303e-07
9.180203239789543e-17
0.0003579235786040648
0.0003168027957485406
0.0
0.0
0.0
1.923707144781754e-07
1.9237071450062992e-07
0.00035792357860406376
0.0004370959319651948
0.0012325001839634199
0.00043709593195925356
0.00031680279574854066
0.00031680279574854077
0.00043709593196519477
0.00043709593223555923
5.052365075345498e-07
1.8161703048938952e-07
4.02875414560151e-07
0.0
0.0
0.0
0.0
0.0
2.1050495928628176e-07
2.1050495920322803e-07
0.0
0.0
0.0
2.1050495903694723e-07
0.0
0.0
3.157056453858824e-05
0.00043709593196519445
0.0003579235786040643
2.1050495884835662e-07
2.1050494591479842e-07
0.00012030187895230021
0.0
0.0
0.004287613822805617
0.0
2.1050495228203423e-07
2.1050495857689143e-07
2.048503218195633e-06
5.804249388026713e-06
3.7557461698292465e-06
0.0003263657825772721
5.625295272889211e-06
7.858112916223846
-7.8581129097874
0.0
6.279771861470583e-05
-1.815930643267118e-05
-1.8159306432671145e-05
0.00011648978013122625
4.018535476708725e-05
0.00019528862786999987
7.866218397363093
-7.866219354362408
-9.5117955451382e-07
0.0001789617893020324
-0.005036192788302252
0.0
2.5003913045581765e-05
-2.4997105684008526e-05
0.0
-0.0011489864040461484
1.7346612225871194e-17
0.0
0.00011648978013122609
0.0004748850293964665
-5.573146551939688e-07
-0.00047544234405166023
0.0
0.0004063869789536962
3.507468931122277e-06
0.0
0.0
0.0
0.0006953546413694946
0.0
0.0
0.0
0.0
0.0
0.0
0.0
0.00029681772545540636
0.00027670147870375607
0.0004902162122839781
8.643545531230355e-05
3.1324634371192084e-06
