0
0.0
0.0
0.0
0.0
6.079762133346172e-08
1.4851183633516576e-07
0.0
0.0
0.0
3.894758472824318e-09
0.0
3.715103517058754e-08
0.0
0.0
0.0
0.0
0.0
9.595170525299594e-09
0.0
9.712408145270394e-09
0.0
0.0
0.0
0.0
0.0
0.0
0.0
0.0
0.0
1.210176676876481e-09
0.0
0.0
0.0
0.0
0.0
0.00031716908024310216
0.0
0.0
1.9675053474076796e-08
0.0
0.0
0.0
0.0
0.0
0.0
1.5954619054224386e-08
0.0
0.0
0.0
0.0
0.0
0.0
0.0
0.0
0.0
0.0
0.0
7.4271623941028555e-09
0.0
0.0
0.0
0.0
0.0
0.0
9.505814975240094e-09
0.0
0.0
0.0
5.730449227464864e-18
0.0
0.0
0.0
0.0
1.0154670160300583e-10
1.9149590721857843e-11
9.927803908224998e-09
0.0
0.0
0.0
0.0
0.0
0.0
0.0
0.0
9.569711245660528e-06
4.898870209230771e-13
0.0
0.0
0.0
9.841861108931615e-09
4.51099115661846e-09
0.0
0.0
3.962100490514592e-08
-3.9607155746087185e-08
2.6037066107668745e-09
0.0
0.0
0.0
0.0
0.0
0.0
4.0451112263060275e-09
0.0
0.0
0.0
0.0
0.0
0.0
0.0
0.0
8.740189515189294e-09
0.0
0.0
0.0
0.0
0.0
0.0
0.0
0.0
8.927103860663394e-09
0.0
0.0
0.0
0.0
8.877716951811253e-10
1.917049829128052e-07
-1.8456488937168558e-07
0.0
0.0
0.0
9.76843577624076e-09
9.739851673275489e-09
0.0
0.0
9.357213410263851e-09
0.0
0.000304953284122695
0.0
0.0
0.0
0.0
0.0
0.0
0.0
0.0
0.0
0.0
0.0
0.0
0.0
6.235516628282937e-09
8.0335525698432e-09
0.0
0.0
1.8919052674042776e-09
0.0
8.249358803214171e-09
1.6140174798375428e-08
0.0
0.0
6.956636770800657e-15
9.797742920826376e-09
-0.0001565234738506422
2.449958391791105e-07
0.0
1.9996678273152767e-08
0.0
0.0
0.0
0.0
0.0
1.5707308132349383e-08
1.3659746247734629e-08
1.235149467355821e-09
0.0
0.0
1.2077904457282056e-07
0.0
0.0
0.0
0.0
0.0
0.0
0.0006205876938952621
1.2014379700184787e-08
3.1808231598016315e-06
1.8254502421534165e-08
9.105458280271607e-08
0.0
0.0
1.5161129316496303e-08
0.0
0.0
0.0
0.0
0.0
0.0
3.110439936350853e-08
0.0
0.0
6.382389144219951e-09
1.9907301241503537e-08
0.0
5.982865939026922e-09
0.0
1.470443742137804e-08
1.4409398716324494e-08
0.0
0.0
5.651882667371538e-09
9.279503044970377e-09
0.0
2.0441252782305336e-11
0.0
3.9065111905291504e-09
1.6805632708541293e-09
0.0
0.0
0.0
0.0
0.0
0.0
8.480011208397067e-09
0.0
4.600098765814885e-09
9.6217839852959e-09
0.0
6.0468387001728915e-19
9.7902663182813e-09
0.0
0.0
1.6924117315908482e-10
0.0
0.0
9.604832586977021e-09
0.0
8.621236461815057e-09
2.7591270739500684e-12
8.909698864324119e-09
0.0
-1.5043305143236374e-18
5.0032131223929265e-11
2.237781628087882e-06
6.298553692496434e-12
0.0
0.0
0.0
0.0
2.1210774886250652e-19
0.0
-0.00016211941046622374
3.329397434469522e-24
9.825287870234585e-09
0.0
0.0
0.0
0.0
0.0
0.0
0.0
0.0
6.029812906882656e-07
0.0
8.376721710026953e-09
0.0
0.0
0.0
0.0
0.0
0.0
0.0
0.0
0.0
0.0
9.050199770309866e-09
0.0
1.204199497316702e-10
0.0
0.0
1.9591156274408873e-08
0.0
9.279623454939561e-09
-9.50632877457876e-09
0.0
0.0
0.0
2.752942043973724e-10
1.7067374565997295e-16
0.0
-2.0054390385496094e-08
0.0
7.613117491115645e-09
0.0
7.921064483249726e-09
0.0
9.807341720061005e-09
9.871869146851932e-09
0.0
0.0
0.0
0.0
1.6642194665257367e-08
0.0
9.739795795275112e-09
0.0
0.0
0.0
2.603706502458557e-09
9.642588474407697e-09
0.0
0.0
7.815970093361102e-14
1.1868007089189727e-09
3.2613008086556313e-09
7.072402256770691e-09
0.0
0.0
0.0
0.0
0.0
0.0
1.8337709009848642e-07
1.8092931592866633e-08
0.0
2.0272008774342933e-09
0.0
0.0
0.0
8.530779794531595e-09
0.0
6.648474102526926e-12
0.0
0.0
1.710495406586725e-08
0.0
0.0
2.1146072090335228e-09
0.0
8.89023582772598e-11
9.31580290928775e-09
0.0
-3.894758545622962e-09
1.9841664808515076e-08
9.966835974107692e-09
7.432330873348086e-10
7.227347718103461e-10
9.985402726897519e-09
7.06973057388063e-10
9.900267936776525e-09
9.900267653969487e-09
9.947122048352547e-09
9.963204702797866e-09
9.98412136333243e-09
9.98540565502271e-09
-3.622445862720856e-10
0.0
6.142878562536456e-07
1.793580716553001e-08
0.0
2.1269120430511965e-08
0.0
0.0
4.4461656039365586e-08
0.0
2.0217043024415495e-08
3.153090864663366e-09
0.0
4.3255991053044936e-08
0.0
0.0
0.0
4.502282734208399e-09
0.0
0.0
0.0
0.0
0.0
0.0
1.5386068888379658e-09
0.0
0.0
8.749187735755647e-08
0.0
0.0
0.0
1.8401632005293304e-09
0.0
8.480429056788656e-09
7.683372066777554e-08
0.0
0.0
0.0
4.911326891505053e-08
0.0
4.939767819179522e-10
-4.770322981828644e-10
0.0
7.428398657458795e-10
9.963434882687139e-09
7.429646872083877e-10
0.0
0.0
0.0
9.903316456726707e-09
0.0
0.0
0.0
0.0
1.8984644204076507e-09
0.0
0.0
0.0
9.89002691748266e-09
9.362222795153762e-09
0.0
0.0
2.8963661638495707e-16
1.988959808041012e-08
1.9926640074929218e-08
1.9967841398526592e-08
1.996925277827554e-08
-9.174797971035188e-09
-9.591066803775263e-09
0.0
-9.906309737686518e-09
0.0
-7.638628900192133e-12
0.0
0.0
1.89819660508918e-09
-9.519766072446298e-09
-2.873991415395302e-10
-2.863362854802985e-10
0.0
0.0
0.0
0.0
0.0
0.0
0.0
0.0
1.8979287389744826e-09
0.0
0.0
1.9562835029602916e-08
6.705512413686946e-09
7.364377160812135e-10
7.024199909885564e-10
9.712408146116125e-09
1.1868006180668772e-09
0.0
0.0
6.371533065462342e-09
0.0
7.464285834045587e-10
-1.2797261421139937e-08
-1.2101765318745916e-09
0.0
0.0
5.39968190452277e-10
0.0
-9.867045315243954e-09
1.1329561063971193e-06
0.0
2.9634655761529435e-09
0.0
0.0
8.637209318611793e-08
3.268478720644409e-08
1.0223742685687497e-07
0.0
0.0
0.0
1.9841665549896578e-08
0.0
1.488769394254421e-16
4.82125279648209e-08
2.70555164520887e-08
7.553408964994352e-07
9.935190100522975e-09
9.918780221816151e-09
-1.1531509726296689e-07
-9.36738412995455e-08
-8.40030199701835e-08
-6.502229254726046e-08
-5.960987235480882e-08
-3.9766898187749275e-08
-1.005308091830798e-08
0.0
6.791987596676127e-10
6.791986210238013e-10
2.127731306700298e-06
9.667259679915904e-09
4.328219747628362e-10
0.0
0.0
0.0
1.8021289546979162e-07
1.9675053474293832e-08
4.979320481206341e-10
-1.0320010621773319e-08
1.9825137933625947e-08
9.85784262379219e-09
5.019522996938183e-08
0.0
2.9708244467397702e-08
6.442424149110572e-10
0.0
0.0
0.0
-0.0006518057952856358
0.0
5.018587585913616e-08
0.0
9.933573763802801e-09
6.936958322686865e-10
9.95407023027421e-09
9.954069860985656e-09
9.960065203172721e-09
7.196580816398568e-10
9.960065582691266e-09
1.0539629532598961e-07
8.415386418531361e-08
8.40029915993943e-08
7.452351267770644e-08
6.910459693365567e-08
3.8990253844583406e-08
0.0
-1.3421386704163922e-08
-1.2480262412406518e-07
0.0
1.5954619514841257e-08
0.0
4.6310292467650116e-14
-1.712595019380057e-07
-1.713132491776176e-07
9.88307041256296e-09
3.1135304565108015e-08
5.947811049225782e-07
0.0
0.0
0.0
4.5611693008968275e-08
1.6728273720069951e-09
2.532116312096768e-13
0.0003429213770679171
9.896945149625761e-09
0.0
-0.0003171635151701935
0.0
-0.00031716908024037593
0.0
0.0
0.0
0.0
9.975777980918808e-09
9.975775415362736e-09
0.0003451884870555933
6.6520225372713674e-09
0.0
0.0
0.0
0.0
0.0
1.4712719718662547e-06
-1.4313392311523718e-06
7.416694516778496e-10
0.0
0.0
9.960561953850862e-09
9.966907081422014e-09
9.55713466083268e-09
3.0383889781054835e-07
1.9578249432653284e-08
-9.767791589454511e-09
0.0
0.0
1.5994641942685464e-07
0.0
0.0
5.4445906930252624e-08
5.869095440363838e-08
4.7214472916815285e-09
0.0
0.0
0.0
0.0
0.0
0.0
0.0
1.8092931584225636e-08
0.0
7.176394101541268e-10
3.1207637571302247e-08
5.949488601101843e-07
8.927034235657151e-09
3.6000707046794147e-09
0.0
4.60945853980003e-08
5.317026446262868e-10
3.3413411787420925e-11
0.0
6.079757053093521e-08
-6.537637339997419e-10
0.0
0.0
0.0
0.0
0.0
0.0
6.23708575264526e-08
-3.951134813442612e-08
9.978373504207494e-09
2.2822941817539382e-08
-5.983505201024013e-08
0.0
1.1936646555480902e-07
0.0
0.0
0.0
0.0
-1.991128691733224e-06
2.0302204013900056e-06
9.944440062213677e-09
8.00038370236478e-09
1.9169364327127792e-10
1.020855370214138e-08
0.0
0.0
9.698110763098015e-09
1.8971450390345152e-09
0.0
0.0
2.580027773646011e-07
2.5800277625672337e-07
9.945387607759906e-09
9.945388512733189e-09
0.0
0.0
-7.427162393891691e-09
4.0485722556650735e-09
0.0
0.0
0.0
0.0
5.7528351783776414e-08
0.0
3.0824431798755437e-09
0.0
8.598222986413299e-08
0.0
0.0
1.9893639974845898e-08
9.960065824620143e-09
-9.772806639914044e-09
3.8009951726518306e-11
0.0
0.0
3.991037518624278e-08
9.96345875074954e-09
7.415201258950169e-10
7.415236426451007e-10
4.0231805116511334e-08
0.0
0.0
0.0
0.0
0.0
0.0
6.522671093048203e-15
6.197088104244877e-15
4.088178931939054e-08
6.04587040655932e-07
3.0256502633465373e-10
0.0
0.0
5.502582892981449e-08
1.0396046979918584e-08
0.0
0.0
0.0
0.0
3.361695166464182e-09
0.0
0.0
0.0
0.0
6.897047054848636e-09
3.9728118635023394e-08
0.0
1.8157957891541642e-08
1.0024128227912718e-07
1.0974709731518112e-07
1.0024128245145025e-07
1.0024128233970224e-07
1.0024128233455221e-07
5.736407327826147e-18
5.738262408051593e-18
0.0
8.455881611381486e-06
8.43927077917829e-06
6.897047047740336e-09
-3.771915155087655e-09
1.4321015834690593e-08
0.0
1.4864745485730034e-08
-9.883491780202092e-09
0.0
0.0
1.2717948247158494e-07
1.3150323938895406e-07
9.966471716383977e-09
-3.292147579612818e-08
9.644412834443952e-09
9.644412471946144e-09
9.644412253138803e-09
0.0
0.0
0.0
0.0
0.0
1.4481380421156381e-08
0.0
6.487184175602187e-10
5.729051472347705e-18
0.0
0.0
0.0
3.292147354727604e-08
0.0
0.0
0.0
1.9671164126230826e-08
1.8736778749730547e-10
4.5436632971969804e-08
0.0
0.0
0.0
0.0
0.0
4.2820865941447074e-08
4.5210544288060464e-10
6.334655102109805e-18
0.0
5.0678490623419125e-11
0.0
0.0
0.0
0.0
9.509713881980377e-09
9.509711848798e-09
0.0
2.466823231429543e-08
0.0
0.0
0.0
1.9578509078943962e-08
0.0
9.769469656797166e-09
9.778145409008606e-09
5.423201682547162e-10
0.0
1.172244590948398e-08
1.897143961767182e-09
1.8971437754089493e-09
9.825299928589379e-09
9.825298988254058e-09
0.0
0.0
0.0
0.003750987682441439
-1.0154670485561235e-10
3.7151035144206473e-08
0.0
-0.0037509875808947324
0.0
0.0
0.0
0.0
0.0
-9.93732277888848e-09
0.0
-1.4889723989250271e-07
0.0
0.0
5.703847842071306e-05
1.0907460928737473e-05
4.336808689942018e-19
6.79459393494509e-05
0.0
0.0
0.0
0.0
0.0
0.0
0.0
0.0
0.0
9.827418314765783e-09
7.225244243682022e-14
7.250138341421378e-14
7.1863931440985e-14
6.909923375825002e-14
3.991037454372852e-08
9.964874793862323e-09
0.0
3.512418009317563e-08
5.7880463709697856e-09
1.5707307727367198e-08
0.0
0.0
1.7676074330667795e-10
9.96342801930612e-09
7.229536669975081e-10
8.797780663098988e-16
3.0551704007566716e-07
6.672536165180239e-07
6.770264229146733e-07
9.772806178892646e-09
0.0
0.0
1.3907856698374665e-09
0.0
0.0
1.379726400546393e-08
0.0
0.0
-9.601087452621484e-09
1.3907498926159245e-09
0.0
-8.873665434394606e-09
4.474572423217374e-09
-4.770242867380148e-09
-7.527228160220112e-09
0.0
-1.0154721508115472e-10
0.0
7.277761610730312e-10
1.2843212810585355e-05
1.2843212810584122e-05
-9.55998094613936e-06
-2.317196826797793e-06
2.817383535150438e-05
5.4124542713953204e-05
0.0
8.229837757557056e-05
0.0
0.0
0.0
0.0
5.671019965916817e-08
0.0
0.0
7.470185320638707e-08
7.470185314533571e-08
7.470185321728118e-08
6.485999209745864e-08
7.47018533493761e-08
0.0
0.0
0.0
5.525172494436048e-09
7.105427357601002e-15
5.154972506866556e-09
-4.510976481242324e-09
-9.665970791594746e-09
-7.616303421276172e-15
4.510969043109512e-09
0.0
0.0
4.510969012504747e-09
0.0
1.4283014454757187e-08
7.18979335760407e-15
0.0
0.0
9.502460162777495e-08
0.0
9.910738310238644e-09
6.713181878021046e-10
0.0
0.0
9.714048286135583e-09
1.024001886366574e-08
1.0741680852748893e-08
1.2297587115295272e-08
0.0
0.0
0.0
1.1017045198554249e-06
3.016596618951782e-08
1.1016906706927338e-06
9.831359568737254e-09
-2.9789645333844206e-08
1.0790630119929747e-16
0.0
-2.6037066108567427e-09
9.733049684968189e-09
9.73304789482028e-09
9.73304610854802e-09
9.878026181453533e-09
7.08666719697837e-06
9.878025842450753e-09
9.878025504007383e-09
7.005581469078117e-06
1.7031592959903193e-16
0.0
0.0
0.0
3.8477836998129315e-06
9.930566544356548e-09
3.84770177342995e-06
3.675174465888107e-08
0.0003237124315124189
1.54235981741829e-07
7.431671908990887e-08
0.0
0.0
0.0
4.321461982930218e-08
9.964757653139339e-09
4.925602528244451e-09
0.0
-1.440939871306772e-08
-5.102124923802816e-09
0.0
1.2873350382184432e-07
-3.013791456396575e-07
1.99689195717049e-08
9.983299195105136e-09
0.0
1.3981261742540313e-07
7.592167204422796e-09
0.00020097813132105257
2.6003252030304234e-08
0.0
0.0
0.0
9.923037518468156e-09
9.985614808091054e-09
9.900268221091018e-09
1.0203164536440368e-09
-9.847615265552376e-09
0.0
-3.7151035157945156e-08
2.970121577465775e-08
0.0
0.0
0.0
0.0
5.2313207018486563e-08
0.0
0.0
0.0
0.0
9.963428769674686e-09
-4.045109136541214e-09
7.370355646142691e-10
0.0
1.1856750478176758e-08
1.9946820265837527e-08
9.969024228079909e-09
9.762649915584358e-09
0.0
5.308833618222141e-10
9.767392721233073e-09
9.729485727916156e-09
0.0
-1.8919048449308204e-09
-2.2923659252938207e-10
9.986281305023203e-09
1.9970144580497473e-08
7.429780723791163e-10
1.0208593582022336e-08
0.0
0.0
6.868398363052049e-08
7.355346554049902e-09
7.355347267454931e-09
0.0
0.0
0.0
1.625100137143284e-15
9.890029418400799e-09
0.0
0.0
0.0
0.0
0.0
7.592643040918798e-11
7.591824037849997e-11
7.592589898887823e-11
-1.5613843551420814e-11
-4.579710634160239e-15
0.0
8.186979964316298e-09
0.0
6.924678596562558e-10
9.673523270417263e-09
0.0
0.0
6.079762107125756e-08
0.0
0.0
0.0
0.0
0.0
9.98400032346271e-09
1.9962925717263073e-08
9.978920363201885e-09
1.970201330381656e-08
0.0
0.0
9.800840220929643e-10
0.0
3.819694320579326e-11
9.568465073260878e-09
1.8521651618311473e-08
0.0
0.0
8.740189627046217e-09
5.551115123125783e-17
0.0
0.0
0.0
2.1026433180604875e-16
9.71240800631823e-09
0.0
0.0
0.0
0.0
1.931425882485977e-06
0.0
9.63615043696294e-09
0.0
9.991873243839173e-09
0.0
8.350651055626795e-09
9.873943737245326e-09
9.873943598946028e-09
2.1478191281761054e-09
-1.0196617057993764e-09
9.963586561774428e-09
9.967581376667018e-09
0.0
0.0
2.2421254257779662e-08
1.9905513605237615e-08
9.93793168309158e-09
0.0
9.832433642002469e-09
0.0
0.0
-7.128371051301992e-10
9.708407412575045e-09
0.0
0.0
0.0
2.2762811003146766e-10
0.0
1.9586282750821884e-08
0.0
2.286830620019251e-10
0.0
5.371550415491348e-10
0.0
5.087886925730472e-10
0.0
0.0
4.15402492172234e-09
3.159361528633911e-09
0.0
0.0
0.0
0.0
0.0
0.0
0.0
0.0
0.0
0.0
0.0
0.0
0.0
-1.0539630261537135e-07
-9.367382479527793e-08
-8.400300110736285e-08
-7.452352365105216e-08
-5.96098477139595e-08
-4.923028762889545e-08
-1.0053048802772147e-08
0.0
0.0001485301810833126
0.00014852045159730065
0.0
0.0
0.0
0.0
0.0
0.0
0.00015460531633341054
0.0
4.739039093575355e-09
0.0
0.0
1.4641437108924747e-07
4.0684227083861033e-10
9.897138077835654e-09
1.332381016220219e-09
0.0
1.9169387613319118e-10
9.420892728589624e-09
6.112820211349771e-08
0.0
6.691594621999115e-09
0.0
1.1170139150192199e-07
0.0
0.0
0.0
0.0
0.0
0.0
0.0
0.0
5.169108319588235e-07
0.0
0.0
0.0
1.0667581370031434e-07
0.0
8.211192706148163e-07
3.621598852900086e-10
0.0
1.0446325482404413e-08
5.458479891514227e-07
7.558413466602108e-10
0.0
2.050109595828415e-09
9.325440917497214e-08
2.4396385044822775e-09
0.0
9.841595968431153e-09
0.0
0.0
-9.79746887650548e-09
-8.87771683894472e-10
-8.877716726043698e-10
-9.797469993665705e-09
3.859482991593489e-07
6.725411305075571e-06
0.0
9.883407232000793e-09
9.883407260784116e-09
6.445374858800746e-10
0.0
0.0
7.255442874185854e-06
0.0
0.0
1.3323805099118115e-09
1.897144167858353e-09
0.0
0.0
1.7926255424192967e-05
1.875357366785608e-05
-2.0127863168523628e-07
0.0
9.94664637139465e-09
9.94664613539925e-09
9.338860646158725e-09
9.338860946557117e-09
9.338861245250119e-09
2.5709419244909253e-08
0.0
0.0
1.183349070089322e-08
1.1833490755359264e-08
1.1833490811181614e-08
2.0650549791871547e-09
1.183349097502054e-08
3.199570577771078e-07
6.393436557606841e-07
0.0
0.0
1.5831511777623602e-08
0.0
8.289145789340358e-09
8.2891457040272e-09
8.28914567157871e-09
1.802899739685588e-08
8.289145723549535e-09
0.0
2.1305864825549894e-08
0.0
0.0
0.0
1.3498224585254629e-09
0.0
1.3498223962923365e-09
8.68735709787259e-09
0.0
0.0
0.0
0.0
0.0
4.749701983191069e-10
0.0
1.605943991863558e-07
0.0
1.0406360865792282e-11
0.0
8.050588337323536e-09
0.0
5.684822635951094e-08
0.0
0.0
0.0
0.0
0.0
0.0
9.998023888567767e-07
7.28583859910259e-17
0.0
-0.0003049434852430445
0.0003121931459285473
6.830834179251387e-06
0.0
0.0
1.961294173596917e-08
9.738638863268732e-09
1.9612941316651706e-08
9.874302178121458e-09
9.874301903911586e-09
0.0
7.696876720759862e-09
7.612633060907106e-09
0.0
0.0
0.0
0.0
6.445372328258799e-10
6.445372595485723e-10
4.787726639446198e-08
1.7755775792296075e-08
0.0
5.476575587705995e-10
1.7847713140053148e-05
1.7847713140053087e-05
3.003060214467136e-08
1.983136262733283e-08
0.0
9.871036986007411e-09
-6.901789839023603e-10
0.0
1.7238824470972666e-08
0.0
0.0
8.624460581612087e-09
1.2968880379135408e-08
7.302900809508391e-09
0.0
0.0
0.0
6.796694984532151e-10
1.0010802302336404e-07
0.0
0.0
0.0
1.1495657291897269e-08
7.162747654619961e-10
0.0
6.844217464847426e-10
0.0
9.93822479993565e-09
1.3229801930063889e-08
9.94448312238716e-09
0.0
0.0
0.0
1.3173985731242053e-07
0.00014852092779238114
0.0
9.899894683053483e-09
9.899894535983327e-09
1.941151519920683e-08
2.2181010314826736e-10
-8.033552569486e-09
9.887536863744288e-09
8.603218314615975e-09
0.0
8.603218422942097e-09
8.603218529560589e-09
0.0
0.0
6.485835575931708e-10
9.887536634063665e-09
5.205901751348385e-09
0.0
0.0
0.0
0.0
-8.249358805926317e-09
-1.614017478473789e-08
-1.6140174791568363e-08
5.503414834218767e-07
0.0
3.42831892830709e-08
-6.235516624563683e-09
9.932438524444514e-09
6.925833023936927e-10
1.6485132261592141e-09
1.6485131582293783e-09
0.00016145797499077117
-1.9705415383230668e-07
1.9670454563049393e-07
-7.105427357601002e-15
0.0
0.0
6.187418121522789e-08
5.876401447445431e-10
0.0
0.0
-9.797742920915353e-09
0.0
1.1611388893956e-08
2.09754254862428e-08
2.097542391309877e-08
2.097542298913726e-08
0.0
-1.986668819379644e-07
1.465686574266743e-06
9.851296753701674e-07
0.0
2.675090774442526e-07
1.313955501199123e-08
-2.3541021571397379e-07
2.063572598969777e-09
0.0
1.9761287186362978e-08
9.873750065520464e-09
6.350748915636508e-10
9.873749836838974e-09
0.0
0.0
0.0
0.0
9.831715751791137e-09
-1.9782754427655203e-10
-1.9996678267669016e-08
0.0
0.0
0.0001563036782101467
-0.0013484260560454016
0.001504949529896045
9.94597140832551e-07
0.0
1.1791245472975052e-08
0.0
6.561913429037608e-09
7.100674488300014e-10
-8.249358727369094e-09
0.0
7.45405706025382e-07
0.0
0.0
-6.276375391252603e-06
0.0
3.3883660309027347e-09
0.0
0.0
1.0977746180117746e-07
0.0
0.0
0.0
-6.736393881670298e-07
0.0
9.91270555495262e-09
0.0
8.000383304842054e-09
0.0
-1.259500890041232e-07
0.0
0.0
-1.5707307454704278e-08
0.0
0.0
1.5422380050703705e-09
0.0
9.782787705782392e-09
0.0
0.0
0.0
6.7194228570417245e-09
0.0
0.0
1.0586092504764673e-07
0.0
-1.1521214708282742e-07
0.0
-1.2077904449486754e-07
0.0
0.0
0.0
-1.3659746083761245e-08
0.0
0.0
2.7555240363070178e-06
2.4190936869331686e-07
0.0
2.8686931819231036e-06
-0.003751799343059185
0.003748940477490983
5.898735415120123e-10
0.0
0.0
0.0
0.0
3.840781038890125e-09
0.0
9.983675747732394e-09
0.0
0.0
0.0
5.614653336985311e-15
0.0
1.962835556307894e-08
1.4600752877789264e-07
0.0
1.3229802379092294e-08
0.0
0.0
1.5117899511067167e-08
0.0
1.8548108857255913e-08
9.750658243668188e-10
2.7049837196383907e-07
2.3023688799854102e-06
3.993560573948611e-08
7.494799505126241e-10
2.8335023499124163e-06
2.8335023521595832e-06
9.991872218506614e-09
2.6056813003621754e-07
0.0
2.994549911016495e-08
0.0
0.0
9.982891869490113e-09
0.0
0.0
0.0
4.6952281696606405e-09
0.0
0.0
9.797742781324323e-09
0.0
7.051223302935456e-08
0.0
4.154527516784825e-06
9.975274118286242e-09
-4.144552240362143e-06
0.0
-6.8146885059898895e-09
1.9798850718270065e-08
-1.8254502428123294e-08
-3.2000178533816296e-06
-4.2904080544241274e-06
0.0
9.105458274551456e-08
-9.105458277418098e-08
-2.7384741562819488e-09
0.0
-1.053963097630521e-07
-9.367383304129956e-08
-8.400301047337545e-08
-6.502228184684072e-08
-6.910462202718969e-08
-3.97668838435405e-08
-8.108177419324668e-10
0.0
1.0208601039143352e-08
1.7676076935843534e-10
6.510227022511313e-10
9.890025182059808e-09
-7.841062569183931e-10
7.028774835960618e-08
0.0
3.579883406666495e-09
9.918686124574406e-09
5.2980487638519675e-12
0.0
0.0
0.0
0.0
0.0
0.0
0.0
8.637193222477321e-05
0.0
7.059741323347679e-05
1.9273213746414004e-08
0.0
9.555765904478625e-09
0.0
0.0
0.0
0.0
1.0803103151505625e-06
-1.0723476250792952e-06
0.0
1.903574759480582e-08
9.890030293115754e-09
0.0
1.446139370275177e-12
0.0
6.370075062682654e-10
2.892577831656153e-08
0.0
1.903574682847312e-08
9.362222044933231e-09
1.343006456084826e-10
-9.461051027963576e-06
9.470896550126056e-06
0.0
-4.276914158237794e-08
6.242743032564383e-08
0.0
0.0
1.557951637546859e-07
4.3627148566654434e-10
8.4039248658165e-07
0.0
0.0
1.3482008539410622e-08
0.0
0.0
9.970756735555066e-09
9.970758888075849e-09
-0.0006205787842426121
0.0
7.427464326831817e-09
0.0
1.0597846835066102e-10
0.0
0.0
-1.7668133673630414e-07
1.1020956866190056e-08
0.0
2.812111696178569e-09
0.0
0.0
-0.0005965535482606301
0.0005965454333325962
-2.1690190874793908e-08
-3.110439936631547e-08
0.0
0.0
0.0
9.756683633373956e-09
0.0
2.8958567448179247e-11
0.0
0.0
6.537589295459266e-10
0.0
7.392666396752896e-10
0.00012895395622880527
0.0001289475738397082
-6.3823891206725675e-09
8.609882818166079e-09
0.0
0.0
-1.055058997840957e-08
0.0
2.8090339613374244e-08
9.977481403578015e-09
0.0
1.2790085054621459e-08
0.0
3.229170259314018e-09
3.2291703951679385e-09
0.0
0.0
0.0
1.4509920439076254e-08
1.450992153659306e-08
9.917287394241563e-09
-5.203942850970437e-10
0.0
2.0829140579063488e-10
0.0
0.0
0.0
9.644413348036338e-09
0.0
6.389360641141037e-06
6.383388722739653e-06
-3.807956459277704e-09
2.561702885577969e-08
0.0
9.822448576723986e-09
9.822448563225668e-09
1.5954620436671052e-08
0.0
1.930541170166747e-08
1.2844671669110225e-08
7.374998316205339e-10
9.97826952010381e-09
7.264417456171161e-10
9.966986994486444e-09
2.623174459914884e-10
0.0
3.278992944033321e-08
6.054350728573831e-09
0.0
0.0
0.0
4.504273228132827e-10
-9.673038037135728e-09
1.1687259450281587e-06
1.854821651913853e-06
0.0
0.0
1.636782117783486e-07
-1.6933009443196342e-07
-5.651882660560707e-09
2.755524035057667e-06
0.0
0.0
0.0
0.0
0.0
0.0
1.0464777806630276e-10
0.0
2.0399434749905563e-11
0.0
-2.0440476568295285e-11
0.0
0.0
0.0
0.0
0.0
0.0
0.0
0.0
0.0
0.0
0.0
0.0
0.0
0.0
2.252785656117484e-08
8.799183515482026e-10
0.0
0.0
1.1446666709022747e-08
4.4257211264492984e-09
8.829392859675157e-09
0.0
0.0
6.142878651301427e-07
1.7935815867606104e-08
0.0
2.1269131108094608e-08
0.0
0.0
0.0
5.329249551740211e-09
0.0
8.032656110200935e-09
8.625598489689397e-09
0.0
0.0
8.341525367171836e-09
0.0
9.032770515912616e-09
0.0
0.0
9.449944125888234e-09
9.688829514351744e-09
6.259194393511831e-08
0.0
2.4747566201672627e-08
4.706590372670895e-09
0.0
6.248201830896542e-08
6.9431152168250075e-09
0.0
5.475678642777144e-09
0.0
7.924187744691454e-09
0.0
1.2082239909293355e-09
0.0
0.0
3.7151041302071665e-08
0.0
0.0
1.2029808398502023e-09
1.8729167248856548e-08
9.753244500226854e-09
0.0
0.0
0.0
0.0
1.1507405198918759e-07
0.0
0.0
0.0
0.0
0.0
-2.936019483090746e-16
8.62106773835826e-11
9.961038030013624e-09
9.940621662100113e-09
9.940621069741364e-09
9.887838215658748e-09
9.887837917643705e-09
9.935303884173989e-09
9.935303439789305e-09
9.897336838252626e-09
0.0
9.897336391288642e-09
3.569789691167509e-07
0.0
3.376497209909803e-07
9.636861062124117e-09
0.0
0.0
9.808316439247233e-09
9.80831632200422e-09
-7.499049353709708e-09
0.0
0.0
0.0
0.0
-8.4800112091837e-09
2.263437592827275e-07
2.263437603954553e-07
2.2634375879763618e-07
-7.312981264659406e-11
0.0
1.8691015233146308e-08
1.7732252486192747e-08
0.0
0.0
0.0
0.0
0.0
0.0
0.0
2.5162986156084218e-08
3.7218966743865406e-10
0.0
-1.1757897066462925e-07
0.0
0.0
5.172296882328659e-07
0.0
9.822401873312246e-09
9.824910513659566e-09
0.0
2.499623923513209e-10
-9.621783984847549e-09
9.76814452053812e-09
5.316515602465354e-10
9.829925987941964e-09
3.27037030067756e-08
0.0
0.0
0.0
0.0
0.0
3.938634793924379e-09
3.93863377226274e-09
2.655338165353912e-09
0.0
0.0
0.0
0.0
0.0
-5.532880944635103e-10
1.9184633773088045e-08
-1.6924117317263735e-10
0.0
0.0
2.988248655378258e-06
1.5213419012507353e-16
2.263437599084317e-07
1.6983160992938514e-07
1.6983160992937415e-07
9.969074354723151e-09
2.515693315232137e-08
0.0
0.0
1.41420992162367e-08
1.8463168592141194e-08
1.8463172696116882e-08
0.0
4.969164295703669e-08
3.0042539506893766e-08
0.0
0.0
0.0
0.0
0.0
3.2618722818322706e-08
0.0
1.256295737378857e-07
1.2858562250746726e-08
0.0
2.251861031637776e-07
0.0
-3.717030931120711e-10
2.2518609568097247e-07
5.0418426534449856e-08
4.2327062382758266e-08
0.0
0.0
-8.621236465187706e-09
7.49904932245772e-09
8.07787724608378e-09
-1.348690560951495e-11
0.0
0.0
0.0
0.0
0.0
0.0
0.0
0.0
0.0
0.0
-2.943826907044004e-07
0.0
1.5854389979767708e-08
0.0
0.0
0.0
0.0
0.0
0.0
0.0
-1.9468633920965983e-07
-1.946863462154829e-07
0.0
6.079762129326196e-08
5.009457516145744e-16
9.938299557947185e-09
6.983270507751969e-10
6.240142847296515e-10
-5.003194697426915e-11
0.0
0.0
0.0
0.0003149091049957215
0.0
0.0
0.0
0.0
2.099949447682181e-06
9.557131309613815e-09
0.0
0.0
0.0
2.099958520821304e-06
0.0
2.7668909153127904e-05
0.0
0.0
0.0
0.0
1.5178830414797062e-18
1.4517295551552982e-06
5.55676244438848e-07
1.1841236883169612e-08
-2.0085740127552543e-08
4.229955007030454e-08
1.3035052148779869e-08
0.0
0.0
-2.237781628087069e-06
-2.1602054614336397e-06
0.0
0.0
3.106839344250291e-07
-6.298554366311143e-12
3.1116679182160047e-07
0.0
9.74547662276784e-09
9.816438116137385e-09
0.0
1.9583893718434113e-08
0.0
7.067044059565282e-10
0.0
-9.907865621417832e-09
0.0
0.0
-3.977014300380385e-08
9.93962891816325e-09
0.0
0.0
0.0
6.913318742014939e-08
2.9604378360477935e-08
9.967269474822605e-09
2.3879241566681637e-08
0.0
-9.377645738065099e-09
0.0
7.049726407551244e-10
9.945080332385628e-09
0.0
3.981688879635498e-09
9.973506457168592e-09
0.0
9.980074189019394e-09
0.0
9.984002909436115e-09
9.967581719903091e-09
0.0
5.973719696325509e-08
0.0
9.977795695019935e-09
1.568042648977996e-08
9.96834838375094e-09
0.0
9.963587631979764e-09
3.031844665708887e-07
9.985617663034742e-09
0.0
9.98237355236773e-09
0.0
9.98628392474431e-09
7.797608098213763e-07
9.983678349810464e-09
0.0
0.0
0.0
0.0
0.0
9.797742921007225e-09
0.0
0.0
0.0
0.0
0.0
0.0
0.0
1.805315804727927e-09
0.0
0.0
0.0
0.0
1.5379028252225858e-06
0.0
0.0
0.0
6.948180850703012e-08
0.0
0.0
0.0
0.0
0.0
0.0
0.0
0.0
0.0
0.0
0.0
0.00016211941046622236
0.00016196025580901666
0.00015405253922276603
0.0
-9.883493776953516e-09
0.0
9.911737992705209e-09
9.841592784928907e-09
2.727605533042418e-10
6.707848434332075e-10
0.0
0.0
0.0
-9.953104164305376e-09
1.1877012756057458e-10
7.853016533437684e-11
0.0
7.97064308630739e-09
0.0
0.0
0.0
9.693375425413951e-09
2.892577817159844e-08
1.566873759653575e-10
8.044455780401053e-09
0.0
0.0
0.0
0.0
9.924138623672218e-09
0.0
9.923713728610695e-09
2.621779729019408e-10
0.0
9.670142553895589e-09
1.4851183620236513e-07
1.1009751411127566e-16
1.9562804415306886e-08
1.95628122230505e-08
1.5449175345636715e-08
0.0
0.0
5.934117292000036e-07
2.5787299384889227e-08
0.0
0.0
0.0
0.0
1.9562778884665843e-08
9.833883173791341e-09
1.9562788488691453e-08
1.9562780532241623e-08
0.0
0.0
0.0
1.4947274411706784e-07
0.0
0.0
1.7104937075510902e-08
0.00020098658867799153
0.0
3.2834168994728046e-08
0.0
0.0
2.1145853414416585e-09
1.4811466849467275e-09
1.0818125860858622e-09
2.9750902875943884e-08
2.9309333193022733e-08
0.0
0.0
0.0
0.0
0.0
0.0
0.0
0.0
3.9703606156853015e-08
0.0
1.4594963619176094e-08
0.0
0.0
3.35266025725892e-08
6.567030501940118e-09
9.72889488534608e-09
4.931771651497872e-10
-9.953104679198282e-09
0.0
0.0
3.7708476975035533e-07
0.0
6.735132085272019e-06
0.00031240691893504193
0.0
0.0
1.6660739272326008e-09
0.0
1.816375109806222e-08
7.171945810425317e-08
0.0
-2.0620537463775193e-08
6.846998576714335e-06
-6.25276424113973e-05
-0.0001614579749910518
0.0001485209277926615
2.246569270816985e-16
-0.00015461769583733297
-3.853780732587797e-07
0.0
0.0
0.0
0.0
0.0
1.983145904285756e-08
0.0
0.0
0.0
2.6314415282496677e-10
0.0
0.0
0.0
8.9396767652831e-09
0.0
9.638962479131054e-09
0.0
0.0
1.9831481291128214e-08
0.0
0.0
0.0
0.0
0.0
2.3290758460947706e-09
7.723481581341738e-11
1.4717119091302848e-08
0.0
0.0
0.0
0.0
0.0
0.0
0.0
9.969075201326592e-09
-1.3953932767693956e-07
-6.029812906878997e-07
2.2378169946433314e-08
0.0
6.142878473706891e-07
1.7935798407536507e-08
0.0
2.1269109717984723e-08
0.0
0.0
4.446164766210445e-08
0.0
2.0217034124525218e-08
0.0
0.0
4.325597991654011e-08
0.0
0.0
0.0
1.538597490736065e-09
0.0
0.0
8.749186592112481e-08
0.0
0.0
0.0
0.0
0.0
0.0
0.0
0.0
0.0
0.0
0.0
0.0
0.0
0.0
2.252784557039261e-08
8.799102471245419e-10
0.0
0.0
1.144666387333665e-08
4.425710198258279e-09
8.829381263563667e-09
0.0
0.0
0.0
0.0
0.0
0.0
3.6223770068270646e-10
0.0
0.0
1.3904135637354122e-06
0.0
0.0
0.0
8.935432661144604e-08
9.698110203142443e-09
-4.6303100769837884e-10
0.0
0.0
0.0
0.00015447191431441093
0.0
0.0
8.953717949472592e-08
6.656941240990536e-08
-1.5279226899818e-06
-0.0003471757853545236
-1.4251205983359088e-06
1.9314258823115797e-06
0.0
0.0
0.0
1.7834093321428658e-09
0.0
9.67352263971715e-09
9.673521876325114e-09
9.67352111427837e-09
0.0
8.941527681813956e-09
0.0
-6.878923964832057e-10
0.0
0.0
0.0
0.0
0.0
0.0
-9.837723705108381e-09
1.4272342951299361e-08
9.963457171288498e-09
7.229812857036798e-10
0.0
0.0
0.0
1.4093942827392376e-08
9.822988965719473e-09
1.6988572649314602e-08
9.738638588050017e-09
5.027204648744014e-10
-9.937027097006723e-09
4.949232127783623e-08
3.9577831672689307e-11
1.0092663578402061e-08
2.247998307452042e-09
0.0
4.3302619629908083e-08
9.775399723977011e-09
6.846998576983709e-06
7.118072123973065e-10
6.846998577267511e-06
9.95205448051412e-09
4.949230565098732e-08
3.955985718677462e-11
1.0092646192447407e-08
2.2479924060578396e-09
0.0
4.33025976538654e-08
9.775378052060527e-09
8.935432619796687e-08
0.000651805795286009
9.969492642631916e-09
0.0
-4.3969947103974415e-08
2.7055516044636117e-08
6.327694075801125e-08
0.0
9.904538560406156e-09
6.788032175851959e-08
1.848484175282046e-07
-1.4828191555989776e-06
1.5484492800807285e-06
5.200397144084864e-09
1.305266134122054e-07
2.4225441739950862e-08
0.0
2.200836048945631e-10
9.332387831755776e-09
9.332385538274983e-09
1.3590134962424083e-07
0.0
0.0
0.0
1.2623486889116634e-07
4.3206704075251834e-10
9.666484709929652e-09
3.3517681782585164e-09
1.5454165266733815e-07
0.0
5.296530406830383e-10
5.296529077665019e-10
0.0
9.846649357600296e-09
-1.2041989627675775e-10
0.0
-1.2041991525029577e-10
0.0
2.1287942509291993e-07
2.1287942473539566e-07
5.661839338012644e-08
9.912186010942965e-09
9.912185869976687e-09
0.0
0.0
0.0
7.190712635116228e-10
6.897047059136697e-09
2.2149467124137068e-08
1.020857032137533e-08
0.0
8.756515670429456e-09
0.0
6.079762080905837e-08
0.0
-1.959115627439155e-08
9.752930673137539e-09
9.752930701795499e-09
5.167183711547798e-10
9.752930644368659e-09
9.752930875178614e-09
0.0
3.0843443959955345e-07
6.180309933301026e-08
0.0
4.0891390911125704e-09
0.0
2.160603306777788e-08
0.0
0.0
1.4759558657253736e-06
0.0
0.0
-1.0277836099416803e-06
-1.0283434045271767e-06
0.0
5.18621689920127e-11
0.0
2.5219908648384503e-09
0.0
2.5219955859922034e-09
2.522001373562333e-09
0.0
0.0
1.957824627192373e-08
3.501355691914462e-16
-9.279623437773252e-09
0.0
-9.279623456096269e-09
0.0
0.0
9.847628761978846e-09
0.0
0.0
0.0
0.0
0.0
9.50632875844043e-09
9.506328779718132e-09
9.506328755105636e-09
7.59098555623086e-11
0.0
6.995684521120867e-06
1.5232928214972928e-09
0.0
0.0
0.0
2.2146094125208293e-08
0.0
9.914301019530673e-09
0.0
0.0
0.0
7.591017628089611e-11
0.0
0.0
-9.946597714525704e-09
0.0
0.0
9.57818748412932e-12
0.0
-2.7529420372653674e-10
0.0
-1.708702623837155e-16
0.0
2.603706610785592e-09
3.9148827856374956e-08
2.946217573683227e-08
0.0
3.352500488097287e-15
3.352500489153588e-15
0.0
0.0
4.739855759751089e-10
0.0
0.0
0.0
0.0
5.617226657905047e-08
0.0
7.591073242158262e-11
7.591037555738518e-11
0.0
6.591206645137461e-07
0.0
0.0
6.8511189071775055e-06
0.0
0.0
1.0337175930829657e-07
0.0
0.0
8.050588047444428e-09
0.0
0.0
0.0
0.0
-9.0466252808112e-09
7.536956442635856e-09
-7.252088508039782e-06
0.0
0.0
-5.700146554515491e-10
-9.807341719986207e-09
2.1478190655213976e-09
0.0
0.0
-9.871869146790835e-09
2.603706611425949e-09
1.4041110617978392e-07
0.0
0.0
0.0
0.0
0.0
0.0
7.921975789549526e-09
2.069897425428645e-09
-8.249358222808508e-09
0.0004823221982195814
0.0
9.998023854232272e-07
0.0
1.0422558479722005e-05
-1.0402654725243701e-05
9.940165916939858e-09
9.854943955828798e-09
9.855063914509122e-09
0.0
0.0
1.0685509033482778e-07
0.0
9.969492342356092e-09
6.242743060325264e-08
0.0
3.2830769263054756e-06
3.16592505502522e-06
-7.840251496510748e-08
0.0
9.949402535625474e-09
1.6642194242571234e-08
-1.6642194453899903e-08
0.0
-5.169877859145799e-07
-4.971771389731053e-07
6.140094603316435e-09
1.943824017955567e-08
0.0
0.0
5.03854145190216e-10
-9.73979579518662e-09
0.0
7.311956082218261e-09
0.0
9.85482387375163e-09
1.4040688390926437e-07
0.0
4.306688601384608e-06
0.0
9.852820264495713e-08
5.034973751693796e-07
4.624473289595434e-08
5.345850583679465e-07
4.624473306554983e-08
0.0
1.5157049364470184e-08
6.125601215472682e-10
0.0
0.0
0.0
2.341487290856954e-09
0.0
9.908129860515015e-09
9.908129547397428e-09
-9.441357678552476e-06
1.0785231645432256e-16
0.0
0.0
9.90766167634026e-09
-9.377645654798372e-09
0.0
0.0
-7.815970093361102e-14
0.0
0.0
0.0
0.0
0.0
0.0
0.0
-1.086054215321984e-09
0.0
1.1675606123533452e-13
0.0
0.0
9.941304296558597e-09
9.967294925502348e-09
9.967294072836423e-09
0.0
-9.782770035889066e-09
-6.662668342459713e-10
2.9750890369935966e-08
3.003060238565649e-08
2.9723304045750968e-08
0.0
0.0
2.9750891401480602e-08
3.03586838241822e-08
6.894797939283797e-10
0.0
5.701996150818101e-09
9.941303688240644e-09
0.0
0.0
9.959840127516318e-09
9.959839515627511e-09
1.6037404959551176e-08
1.6037406297008404e-08
7.265866407144476e-10
9.960325498886265e-09
9.960324888193218e-09
6.712921440735459e-09
9.96713482039036e-09
5.205901905034043e-09
1.0949094240086009e-07
2.97509000355499e-08
0.0
1.6037410746610738e-08
1.5982217849211235e-08
3.9922381176095527e-08
0.0
0.0
0.0
7.012648113611562e-10
1.600981572066954e-08
1.6037413911052438e-08
0.0
0.0
0.0
0.0
0.0
3.953974661488975e-08
-2.133368854808808e-07
-1.8337709008014575e-07
1.485118355840268e-07
-1.8092931590968286e-08
-8.750070131318896e-09
2.480573872810668e-07
0.0
7.674136533523063e-09
0.0
9.765540340568308e-08
9.895909726999894e-09
0.0
6.9094978443122e-09
0.0
0.0
7.686850267418777e-09
0.0
0.0
0.0
1.5252419915628853e-08
2.48057385398837e-07
0.0
7.166767560895805e-10
1.933466997161397e-08
7.328297913849097e-10
1.2135007358810058e-08
0.0
1.0589289506102207e-08
9.97276934258895e-09
-8.53077979253141e-09
7.059913289214899e-05
0.0
5.608006418778494e-09
9.514517600776562e-09
2.8330357021889037e-10
0.0
1.0997616491924114e-09
-8.530779794436388e-09
0.0
1.5417054249378656e-06
1.542774056265218e-06
0.0
0.0
