0
0.0
1.6663990525666307e-08
0.0
0.0
0.0
2.687996765700338e-07
0.0
0.0
0.0
0.0
0.0
0.0
0.0
0.0
0.0
0.0
0.0
9.833122638461467e-09
0.0
9.857613271210022e-09
0.0
0.0
0.0
0.0
1.861745686675885e-07
0.0
0.0
0.0
9.855853423189178e-09
1.6361936249294784e-08
0.0
0.0
0.0
0.0
0.0
1.3803783853054977e-06
0.0
0.0
1.983745112975069e-08
0.0
0.0
0.0
0.0
0.0
0.0
0.0
0.0
0.0
0.0
0.0
0.0
0.0
0.0
0.0
0.0
0.0
0.0
9.559163558163047e-09
0.0
0.0
0.0
9.859736278582005e-09
0.0
0.0
9.393609953019873e-09
0.0
0.0
0.0
0.0
0.0
0.0
0.0
0.0
0.0
8.56302032654283e-12
9.971273584596929e-09
3.6433832284424074e-19
0.0
0.0
0.0
0.0
0.0
1.649532965364445e-23
0.0
0.0002820059367803362
4.896186537803326e-13
0.0
0.0
0.0
1.00096081446403e-09
0.0
9.065737862365041e-09
0.0
0.0
5.766188880540479e-09
9.30568876909736e-09
0.0
1.4551048819327547e-09
0.0
0.0
0.0
0.0
9.691867302824528e-09
0.0
0.0
0.0
0.0
0.0
1.3876574429811454e-08
0.0
0.0
9.164911739651102e-09
0.0
0.0
6.913917589527619e-23
0.0
0.0
0.0
0.0
0.0
0.0
0.0
0.0
0.0
0.0
0.0
0.0
-6.472338384889325e-08
8.971623252188588e-09
8.944303406923278e-09
9.38963908862189e-09
0.0
9.496495586328951e-09
0.0
6.841784466968051e-09
9.903954067048867e-09
0.0
3.785823862599235e-05
1.918173131307162e-08
0.0
2.7423561318356403e-09
0.0
0.0
0.0
0.0
0.0
0.0
0.0
0.0
0.0
0.0
0.0
9.565820671329002e-09
0.0
1.9010761029343682e-10
9.597342446418391e-09
0.0
0.0
1.8719135673757287e-08
0.0
0.0
0.0
9.23258365993431e-09
-5.3897531359282545e-05
2.1355782299074397e-09
9.581240814752459e-09
2.6909581315844732e-08
0.0
0.0
0.0
1.4369664237649537e-09
0.0
1.9695601188792356e-08
0.0
8.107441924674534e-08
0.0
0.0
2.8477747896304358e-08
0.0
0.0
0.0
0.0
0.0
0.0
4.18171560600138e-05
7.045160737069188e-09
0.00027815389996309553
2.9696468107191586e-08
5.965461814613315e-08
1.8965556411527506e-08
0.0
0.0
0.0
6.643239474075848e-19
0.0
0.0
4.7208307113930044e-08
0.0
0.0
0.0
0.0
1.171449295411499e-09
1.9959202357345388e-08
0.0
0.0
0.0
1.544748022171123e-08
1.07439857038818e-08
1.2891490556828623e-06
0.0
1.6447399894378406e-08
1.2761712126227706e-08
0.0
9.883001014078034e-09
3.7002029845153343e-08
0.0
9.840429981636756e-09
7.642217481911071e-08
0.0
0.0
0.0
0.0
0.0
0.0
0.0
0.0
0.0
0.0
7.236361203318327e-18
3.557919859646883e-09
0.0
0.0
1.6925817952068156e-10
3.464219681360985e-19
0.0
9.631810225187743e-09
0.0
0.0
2.652996745899916e-12
9.08481413290165e-09
2.463840671695434e-08
8.673617379884035e-19
5.417825555116639e-11
4.352366489780677e-09
6.3029515417686865e-12
0.0
0.0
0.0
0.0
8.266129996440025e-21
0.0
-0.0003026825164418521
2.9959091934591466e-24
0.0
0.0
9.44742947407966e-09
0.0
0.0
0.0
0.0
0.0
0.0
6.357816646262787e-07
9.491065927153759e-12
9.424879268978055e-09
0.0
0.0
0.0
0.0
0.0
0.0
0.0
0.0
0.0
8.74986446461008e-10
0.0
2.4079580199715704e-07
0.0
0.0
3.1754128868269777e-21
1.9748104616907505e-08
0.0
0.0
2.0745477633931503e-09
0.0
2.4661678722749945e-06
4.2525002950619946e-11
0.0
3.9161776013479814e-16
0.0
1.968848352055494e-11
0.0
0.0
0.0
3.164265421439647e-09
9.837288007663339e-09
9.92659625684039e-09
9.851909823242762e-09
0.0
0.0
0.0
0.0
1.0559402773002783e-08
0.0
7.586862691806584e-09
0.0
0.0
0.0
9.305688366589891e-09
0.0
0.0
0.0
-1.8628321270513365e-15
0.0
3.223926134267151e-08
0.0
0.0
0.0
0.0
0.0
0.0
0.0
0.0
0.0
0.0
0.0
0.0
0.0
0.0
8.510533524521985e-09
7.040947679671732e-11
6.6491432314502025e-12
0.0
0.0
0.0
0.0
0.0
0.0
0.0
8.102520999317346e-10
8.102520249594404e-10
8.164004730259836e-10
9.932121509690695e-09
7.341261867212345e-09
9.991140300539658e-09
9.994199096603827e-09
9.981088686019518e-09
8.766379261863635e-10
9.976177904954956e-09
9.891650863413401e-09
9.8916500693505e-09
9.976178555474873e-09
9.981089733933454e-09
9.994200962690506e-09
9.993935341148597e-09
-7.199545468116292e-10
0.0
0.0
0.0
0.0
0.0
0.0
0.0
0.0
0.0
0.0
3.362052087839307e-08
0.0
1.0461947675614311e-08
0.0
0.0
0.0
0.0
0.0
0.0
9.661149725935455e-09
0.0
0.0
0.0
1.0664550189554649e-09
0.0
4.7053868169421826e-11
0.0
9.400026981223047e-09
0.0
0.0
0.0
0.0
0.0
0.0
0.0
0.0
0.0
4.742154630711265e-08
0.0
2.544359676740515e-10
-9.857613271339362e-09
1.8617456884954539e-07
9.994301619861977e-09
8.600300880932012e-10
8.760679171696575e-10
0.0
0.0
0.0
5.15336098314459e-09
0.0
0.0
0.0
0.0
0.0
0.0
0.0
0.0
9.956221017351072e-09
9.9614309278161e-09
-1.8617456869489575e-07
1.8617456872230238e-07
1.435584214463481e-17
1.9948971115022584e-08
1.9957983859410326e-08
1.9988504449463675e-08
1.9987285846960053e-08
-9.915728879368417e-09
-9.933420274917462e-09
0.0
-8.527523532889503e-10
0.0
-9.815495487577874e-09
0.0
-5.420994465933854e-10
0.0
-7.400420496013239e-10
-9.851397534538231e-09
-9.848998041695584e-09
0.0
0.0
0.0
0.0
0.0
0.0
0.0
0.0
0.0
0.0
0.0
1.9965386106085312e-08
0.0
8.697782195756982e-10
8.560331941684354e-10
9.857613271469744e-09
-9.855853022600058e-09
0.0
4.0758385621334966e-09
0.0
2.4474929562924895e-08
9.990235244885011e-09
0.0
-7.134388893970111e-09
-1.636193624674192e-08
1.6663990506141778e-08
9.934342407913238e-09
0.0
-9.949531970445541e-09
0.0
0.0
1.04839947336798e-08
0.0
0.0
0.0
0.0
0.0
9.849838828122985e-09
2.188867495621286e-06
0.0
7.341261913793226e-09
2.649878472627032e-09
3.628021982756466e-18
1.8578020422158308e-06
3.285140330063886e-08
0.0
9.962831217348936e-09
7.920861162560628e-09
-5.8462851852018134e-08
-2.289269957822764e-08
-6.999229335698014e-08
-9.870461266132246e-08
-9.862858232228579e-08
-7.026552324172888e-08
-2.605508342412577e-08
5.495696873627923e-09
0.0
0.0
1.5790414850905327e-07
5.341680346446046e-10
5.341679759427548e-10
1.0249225024908696e-15
0.0
0.0
6.805309341666214e-05
1.9837451129581713e-08
7.451533045640126e-10
-1.0573724890356253e-08
1.995346016339692e-08
9.967222158735467e-09
2.6893183683740748e-08
0.0
2.990157496706932e-08
9.948114513825797e-09
0.0
0.0
0.0
-9.586038596167562e-07
0.0
2.6886694257912823e-08
0.0
9.969866840619354e-09
9.969866550663682e-09
9.97993191379456e-09
9.979931738612509e-09
9.958476141298928e-09
9.958475858041138e-09
9.958476423905996e-09
4.114134372032727e-08
2.2892710839554264e-08
6.999230370455352e-08
9.870462194675259e-08
9.862859064527219e-08
6.039069863129956e-08
8.314199977143069e-09
3.0693868186024285e-10
-1.2421957692665273e-07
0.0
0.0
-1.5470415747065314e-13
1.5470174796934133e-13
8.150368282005376e-05
8.150368266534715e-05
7.326037501953125e-09
1.1416431385059017e-08
1.8194600313184506e-08
0.0
1.38076483197638e-08
8.263630569177547e-09
0.0
0.0
5.712134544427714e-13
0.0
9.81470791791561e-09
0.0
-1.3609026271778382e-06
0.0
-1.3803783853114974e-06
1.0335584225639179e-07
0.0
0.0
0.0
8.754660851167778e-10
8.754642894116431e-10
-3.567970206615136e-08
-3.6063117194351686e-07
9.634034698908361e-09
0.0
0.0
0.0
4.9208627414184696e-08
0.0
4.7829515601371594e-08
9.993481589229444e-09
0.0
0.0
9.984739879655044e-09
9.98759192065128e-09
0.0
1.0784096373776124e-06
0.0
-9.802218649507081e-09
2.9626209580198293e-10
0.0
1.1359621942877674e-07
0.0
0.0
2.957563050703061e-08
6.063622243151307e-09
0.0
4.715495178233119e-09
1.9690748233088187e-08
0.0
0.0
6.0255052824034554e-09
0.0
0.0
0.0
4.817632321654775e-09
9.987721160537033e-09
0.0
1.8505059195776897e-08
2.9626800923742083e-09
1.4998362442751036e-08
8.076228178397626e-09
0.0
2.012584405267911e-09
5.833981318951868e-10
0.0
0.0
-9.605776616836148e-09
2.96256743488939e-10
-2.9625853506520805e-10
7.93081745134363e-05
9.841105679006835e-09
9.841105683833229e-09
0.0
1.3944429440692495e-08
-7.789322822530929e-09
9.979310169747546e-09
2.0712142563875623e-08
2.3086757662419202e-07
2.8127166940646204e-07
-2.024648923689036e-05
2.009716155570904e-05
2.3402195155492427e-16
5.016665182380943e-09
0.0
-0.0036894559791747408
0.0036894691221494333
9.937493050671264e-09
9.552281563620691e-09
6.219369860791398e-10
1.1201143282166848e-08
0.0
4.4398573119491446e-08
9.964652330183867e-09
9.948402564768844e-09
0.0
-9.559163552977064e-09
2.588738355326546e-07
2.5887383421067385e-07
8.649943120140336e-10
9.98198537009293e-09
-9.559163551432076e-09
0.0
-4.5326917949276964e-10
0.0
3.443431046370618e-09
0.0
0.0
0.0
3.5543005155497714e-08
0.0
5.967374324974928e-09
0.0
0.0
0.0
8.398396801835573e-08
1.9928343849358494e-08
9.958476715626885e-09
-9.935668643726303e-09
3.550273330484574e-11
0.0
1.1033637955305098e-06
3.004646123814097e-08
9.983206124116163e-09
8.767580226219694e-10
8.74433801638433e-10
1.6906762165755895e-08
0.0
0.0
2.188867495000899e-06
0.0
0.0
0.0
3.2313802370201162e-15
1.9181424881255012e-13
0.0
2.7703022315718882e-08
0.0
2.3659599458488783e-08
1.7738116451234198e-08
7.033000440805781e-10
1.352241600542449e-09
1.9822833964780474e-08
0.0
0.0
0.0
0.0
0.0
0.0
0.0
0.0
-7.458780331805604e-10
1.0707937792955863e-08
0.0
0.0
0.0
5.615463531947416e-10
0.0
0.0
0.0
4.34966180966909e-19
4.2120762030355864e-19
0.0
-9.97354660230848e-09
0.0
-7.458780325099221e-10
-2.001265746443524e-10
0.0
0.0
1.6748332711254766e-09
-8.229940612516986e-10
0.0
0.0
0.0
0.0
8.716161004951489e-10
3.959560736526256e-08
9.887205485964923e-09
9.887205481879663e-09
9.887205480966235e-09
4.106591928547186e-09
0.0
0.0
0.0
4.2887749368201175e-17
0.0
2.7351314297306174e-08
9.960390510369965e-09
0.0
1.1390899074675831e-17
0.0
0.0
-3.95956077393207e-08
0.0
0.0
0.0
1.9175820777903834e-08
1.458011120332591e-07
-1.8210266178061222e-08
2.380596231378474e-16
0.0
0.0
0.0
1.6900913852221476e-07
-1.3022791628547653e-07
8.16601962966833e-10
0.0
2.5517101248619147e-08
4.833854363062596e-09
0.0
0.0
0.0
-8.481289084439409e-07
9.887542569680732e-09
7.729649037204135e-10
2.1161946026177213e-08
0.0
0.0
0.0
0.0
0.0
7.26393293201214e-09
0.0
9.945042868564504e-09
9.945945854964366e-09
0.0
1.8307637929947253e-08
9.948402139466244e-09
9.9484019265789e-09
8.359235147831212e-09
8.35923493250866e-09
0.0
0.0
1.1071487749090054e-15
0.0035377626122451715
0.0
0.0
0.0
-0.0035377625106882632
0.0
0.0
0.0
0.0
0.0
-9.975558848147187e-09
1.861745686395107e-07
-2.7879256987842e-07
0.0
0.0
0.0
2.0158937116769317e-08
-3.5236570605778894e-19
1.1082365410412126e-08
7.552237647183709e-09
0.0
0.0
0.0
0.0
0.0
0.0
0.0
0.0
9.164466800685867e-09
3.033059083102081e-13
3.033814686923726e-13
3.024703617466478e-13
3.0217288490687316e-13
3.004646039531408e-08
9.95716378099365e-09
0.0
2.8381986475773272e-08
6.092059120020718e-10
1.9695601164583655e-08
0.0
0.0
1.6579449572037262e-10
9.986421886215827e-09
9.986421398108542e-09
0.0
0.0
4.7282391706559336e-09
1.0003798913492582e-08
5.275559747624885e-09
0.0
0.0
0.0
0.0
0.0
0.0
0.0
0.0
-9.044500899323149e-09
-6.68944556692086e-09
-9.874219105560078e-09
-3.5192587721969803e-09
-3.530162779716782e-10
-9.758149242122685e-09
-9.283411216837179e-09
0.0
-1.0155690714469236e-10
1.0272377443651996e-08
8.611897233494074e-10
-9.614205735272295e-09
0.0
-0.000282005936780335
-0.00022844106799284542
0.0
0.003362294485476993
-4.89386309254769e-13
0.0033622846029888304
0.0
0.0
0.0
1.0767627793369136e-08
1.3912259344079855e-08
0.0
0.0
0.0
0.0
0.0
0.0
0.0
0.0
0.0
0.0
8.386164421149977e-09
0.0
0.0
9.065741965073523e-09
1.671988769658128e-08
4.311492569214481e-15
0.0
0.0
0.0
-9.065737863916176e-09
0.0
8.89236667104204e-09
0.0
6.707506158717491e-10
9.065745504397305e-09
8.151635935914143e-05
1.0795197295391762e-08
9.965563848472193e-09
8.489880711025956e-10
1.6719889064596805e-08
0.0
8.843001345071322e-09
9.888531100291781e-09
1.774088780346966e-08
0.0
0.0
1.4380899346082075e-09
0.0
0.0
0.0
0.0
9.86704420090276e-09
1.5619403935821993e-08
4.089759054444829e-16
0.0
-9.305688769117295e-09
4.7971400720245555e-09
4.797139730600356e-09
4.7971394627756446e-09
0.0
5.134351066803935e-08
0.0
0.0
0.0
3.917508403243214e-16
0.0
1.5869328213280065e-16
0.0
0.0
3.657728400086363e-10
0.0
4.727602560105773e-06
0.0
0.000599846858718652
3.009876863630242e-08
0.0
9.474056850572791e-09
4.5529549012719025e-05
-4.5489636899195985e-05
9.976044601511802e-09
-5.152723758783395e-08
-2.3243418806686861e-10
-1.6086972211122749e-09
-1.6086972089910487e-09
0.0
1.9130869118010906e-08
-1.9018754623105577e-08
1.998831764980679e-08
8.766891646861867e-10
0.0
0.0
0.0
3.5499682116136443e-07
0.0
0.0
7.933403363837782e-08
0.0
1.5364392458139992e-09
9.994328013412425e-09
9.891651657073844e-09
7.158603154679392e-10
-9.930344417470843e-09
0.0
5.579743552047796e-10
0.0
0.0
0.0
5.26397450374933e-09
0.0
0.0
0.0
0.0
0.0
0.0
9.986422377519494e-09
-9.691867298294854e-09
9.984623592544997e-09
1.183299824302985e-08
1.0377398408462956e-08
1.9966420536406447e-08
8.648074245156254e-10
9.596729742093835e-09
0.0
2.962957290294519e-10
2.9629573289283083e-10
0.0
0.0
-4.904154986186577e-10
-3.2410611520983235e-10
8.767964782137663e-10
1.9987832876270698e-08
8.764426491776542e-10
1.0700517378965604e-08
0.0
0.0
0.0
-4.682827424301523e-09
-1.3876574421652077e-08
-7.794896108789806e-11
0.0
0.0
0.0
9.956220787177338e-09
0.0
0.0
-9.903181897089313e-09
0.0
0.0
7.069574736585687e-11
7.070952552502684e-11
7.07008141254762e-11
-1.552713513319759e-11
-2.4029172748796235e-15
0.0
0.0
9.359572429031846e-09
9.97328358234243e-09
9.980547684106638e-09
0.0
0.0
0.0
0.0
0.0
-2.0311985600429683e-15
0.0
0.0
8.765298014210068e-10
1.9986931796769036e-08
9.99310652348255e-09
1.8225986182188273e-08
0.0
0.0
9.140926914231794e-10
1.3681115238225975e-08
3.612051261376473e-11
0.0
1.8043115233038734e-08
9.061255000617475e-09
0.0
9.16491172601834e-09
0.0
-9.164911739706393e-09
0.0
0.0
1.3235099878225132e-17
9.857613071629322e-09
1.4838130338003718e-09
1.4838130338023174e-09
0.0
0.0
9.369925361140612e-08
9.84679044148407e-09
0.0
0.0
9.992529459178808e-09
0.0
1.866465813263503e-08
9.80750801460305e-09
9.807507808483329e-09
0.0
-1.2221826661816705e-09
8.615297940659394e-10
8.553686554916342e-10
0.0
0.0
3.384540906781544e-08
1.993981208576131e-08
9.96770089384258e-09
0.0
9.168965562845652e-09
0.0
0.0
-9.228037261416189e-09
9.6668301454989e-09
0.0
0.0
0.0
5.597604789981528e-11
0.0
1.1984508807575866e-08
0.0
5.7476144024448856e-11
0.0
5.348435666290586e-11
0.0
0.0
1.8093558125677364e-10
0.0
0.0
0.0
0.0
0.0
0.0
0.0
0.0
0.0
0.0
0.0
0.0
0.0
0.0
0.0
0.0
-5.0541999030429e-08
-3.223437663686508e-08
-7.944269715603005e-08
-9.870461886891946e-08
-8.915712328975413e-08
-7.971627238711439e-08
-2.6055085703098407e-08
-5.495700520931465e-09
1.0156211906520716e-08
1.9711733060450524e-08
0.0
0.0
0.0
0.0
0.0
0.0
8.27995516329838e-05
0.0
0.0
8.816648208485934e-09
0.0
6.815602481676764e-08
3.1077417994128535e-08
7.952973405471226e-10
9.303293743793613e-09
2.0448552932430775e-10
9.732469052892156e-09
6.219370566824821e-10
1.3706366430721317e-08
0.0
9.948931119174854e-09
8.327803546277695e-10
0.0
0.0
0.0
0.0
0.0
0.0
0.0
0.0
0.0
0.0
0.0
0.0
0.0
0.0
0.0
3.1800212405990894e-07
9.814479485969114e-09
0.0
9.00024901253669e-09
3.3842616689748886e-08
0.0
0.0
7.796282368630674e-09
0.0
0.0
0.0
0.0
0.0
0.0
6.845723987680685e-10
6.578804674057234e-10
9.769384024839456e-09
0.0
9.621961250242219e-06
2.2577285321538962e-05
2.622577687431749e-06
9.804620881322243e-09
9.804620825979421e-09
9.804621114994916e-09
0.0
0.0
5.358419122295018e-05
2.679843198285343e-09
0.0
9.303293698952756e-09
9.948402359744847e-09
0.0
0.0
0.0
3.480174472120479e-05
0.0
3.449906414837379e-05
0.0
0.0
0.0
0.0
0.0
1.0706418308451924e-08
0.0
0.0
0.0
0.0
0.0
5.541153551839844e-10
0.0
3.29549361610368e-07
2.8150367512165846e-07
-2.6188942700871356e-08
5.6201566808377775e-08
0.0
0.0
9.340684889780745e-08
9.340684886712707e-08
9.340684884496013e-08
1.0290334444782756e-07
9.340684886142687e-08
0.0
2.2198604786712496e-09
1.31050286976396e-09
0.0
3.62905217199527e-09
0.0
0.0
0.0
0.0
0.0
1.338795422707033e-08
0.0
0.0
0.0
4.866937667586139e-10
0.0
7.926201383063692e-08
1.5866431737939049e-07
3.460667577323313e-08
3.8654198846330344e-07
9.95188365994773e-09
0.0
5.067222820206394e-06
0.0
0.0
0.0
0.0
0.0
0.0
9.389886402027272e-05
1.4162390878091902e-18
0.0
-3.7848490015135985e-05
9.142324315615973e-05
0.0005077099041270205
6.989118292271267e-07
0.0
1.0590504326546452e-08
8.182785669089148e-10
1.9854383484455247e-08
9.920334539998168e-09
9.920334581147577e-09
-2.742356131784675e-09
0.0
0.0
0.0
-1.918173131313164e-08
2.094903024661878e-06
0.0
9.804620991265425e-09
6.921951228443349e-10
8.190547657390277e-05
1.4121468310054521e-08
0.0
0.0
-9.614364887028883e-09
0.0
0.0
1.9849263065989888e-08
0.0
7.556689615670937e-10
-9.973996626224182e-09
0.0
1.8334643055131042e-08
3.2100874353941618e-09
0.0
2.9658888030532725e-09
0.0
0.0
0.0
6.603395013256396e-10
1.198088623300599e-09
8.593632229334798e-10
1.4095078042674258e-07
0.0
0.0
0.0
0.0
8.594524775706422e-10
0.0
8.577360048089883e-10
7.301266195750141e-09
8.568644964868815e-10
7.482154433570746e-09
9.964418627511022e-09
1.5552404375784721e-07
0.0
0.0
1.3349590428273993e-07
6.748603658517507e-05
0.0
9.959841408423235e-09
9.959841384642979e-09
1.9912254075257674e-08
9.930421977750277e-09
-4.597457907842619e-10
0.0
9.583094709753862e-09
0.0
9.583094722380554e-09
9.583094734422204e-09
0.0
-9.597342446156579e-09
0.0
-1.9010761020954448e-10
3.955886874801682e-08
0.0
9.940857875872831e-09
0.0
9.347555428684434e-09
2.4750029441766955e-10
-1.8719135673602935e-08
-9.465954728642362e-09
0.0
4.3693993553997117e-08
0.0
9.370069713188212e-09
9.972311291084483e-09
8.555644315435198e-10
9.899703011047324e-09
7.848133014178225e-10
8.732026320605783e-05
0.0
0.0
0.0
2.664315051238104e-09
0.0
0.0
0.00016056393354059117
6.112329967064993e-08
0.0
-1.357862210889918e-10
0.0
-5.425661288817714e-10
0.0
0.0
0.0
3.362890207189023e-17
2.0838047964131516e-06
0.0
0.0
2.6181788399630423e-18
5.267864744667019e-09
3.132286520049043e-09
0.0
0.0
0.0
0.0
0.0
-9.581240814626746e-09
-9.581240812892022e-09
0.0
0.0
0.0
0.0
9.855174291657082e-09
-7.074878221346686e-09
-2.6909581315841258e-08
0.0
3.94103024282918e-05
1.4507425089240269e-05
5.3904564060266096e-05
0.0
0.0
0.0
0.0
3.0290517856711014e-17
1.9866318743537425e-08
8.573313929846065e-10
9.347555407555712e-09
0.0
-1.622766404642453e-08
0.0
1.8246387381918119e-06
-2.4465271713016606e-05
1.082438279550494e-07
0.0
0.0
6.404388810860371e-10
0.0
0.0
0.0
4.370076080129888e-08
0.0
0.0
8.446787015697021e-10
6.105892527578086e-08
4.4657398562288774e-10
4.4657398564039424e-10
2.1493847122272536e-06
0.0
0.0
-1.969560118878243e-08
0.0
8.190438755819362e-10
0.0
8.677040887364245e-08
9.961234320414453e-09
-8.107441926141767e-08
-8.107441925320484e-08
0.0
0.0
0.0
0.0
3.902876982530252e-09
0.0
-2.3649801199569174e-08
4.517059271580076e-09
-1.915438519133163e-08
0.0
0.0
0.0
9.751181064216255e-09
2.7555445511959906e-08
1.4933313256450382e-07
0.0
9.573666573814765e-07
2.744994293911813e-16
0.0
0.0
0.0
0.0
0.0
0.0
0.0
0.0
8.468252560133148e-09
0.0
8.765237399207413e-10
6.746618954840167e-05
0.0
0.0
4.0346262452945975e-15
1.1980886244473866e-09
8.778120208042242e-09
3.7078606621380304e-08
2.116695454072171e-08
7.482154626221854e-09
2.4822643799525113e-09
2.00906033511466e-08
0.0
7.3012662266448706e-09
2.672378735414769e-09
9.094154010398081e-10
0.0
0.0
3.9974026541186595e-08
9.992920650681025e-09
0.0
0.0
9.992527535881754e-09
-1.003247475262689e-08
0.0
2.0089295775540124e-08
0.0
0.0
9.983760148463139e-09
0.0
0.0
0.0
0.0
0.0
0.0
1.3578622196210878e-10
0.0
6.614287951022809e-08
0.0
4.402578280668176e-06
9.992361153787765e-09
-4.382897982854638e-06
-7.074878221978572e-09
-1.8719135674036616e-08
1.9834703094275425e-08
-2.969646928363545e-08
-0.00027814467196721275
-0.0002784254472342473
0.0
5.965461805041194e-08
-5.0234745632127494e-08
0.0
0.0
-4.11413351166424e-08
-2.289270331683941e-08
-7.944269364568157e-08
-8.923307889111956e-08
-8.915712051207936e-08
-7.971626997741408e-08
-2.6055083620312152e-08
-5.495698691238655e-09
1.9965390063436672e-08
1.6579162115536564e-10
8.398843584608151e-10
9.956221148829123e-09
-1.4156463850573489e-08
2.909808542029345e-09
0.0
4.917815082921182e-10
9.955254096374056e-09
4.789220197355638e-12
0.0
0.0
0.0
0.0
0.0
0.0
0.0
1.0397363040181863e-05
0.00016055425643317922
4.221012649912112e-06
-2.817280606869103e-08
0.0
9.743529849259831e-09
0.0
0.0
0.0
0.0
0.0
1.7835712517793798e-08
0.0
1.994197845315233e-08
9.956220718633255e-09
0.0
5.114344325005652e-12
0.0
9.938385349086325e-09
2.98981990376861e-08
0.0
1.9941978530510844e-08
9.961431002552396e-09
9.961431076904948e-09
-1.0057298673272626e-07
2.38005159599892e-08
7.677247077357971e-08
2.033571291282489e-08
0.0
0.0
0.0
1.6097164891650284e-07
-3.7815921039635045e-08
2.8046644614268375e-07
0.0
7.440116936683445e-09
4.556002459579964e-09
0.0
0.0
9.991576286499416e-09
9.99157769585382e-09
-4.1846001976881595e-05
0.0
2.3424796399874947e-09
3.0247207692439675e-09
0.0
3.0247214483232043e-09
3.0247223398980892e-09
8.094531756232292e-05
-0.15000015043965495
0.15000015043243722
0.0
5.681301904327535e-07
0.0
-4.3859768267959167e-07
3.976600078217981e-07
3.3331177507975058e-09
0.0
0.0
0.0
0.0
9.96042813441474e-09
4.254811155869972e-16
0.0
1.3013245044263613e-08
0.0
9.605773954035612e-09
0.0
8.758029077092578e-10
1.270210669242025e-07
1.163562039816967e-07
0.0
0.0
0.0
0.0
-1.069438111929246e-08
0.000874463647572141
-0.0008744436619263496
9.992564314518192e-09
-1.2764686221650862e-08
0.0
7.565456255116058e-09
-7.565456649780773e-09
-7.565457039171984e-09
7.565457433827327e-09
2.679843205161127e-09
0.0
1.5252945238566932e-08
1.525294519692347e-08
8.269570733589599e-10
-8.439891861412548e-10
0.0
0.0
0.0
0.0
0.0
9.887205502830224e-09
0.0
3.7191081429184117e-07
3.6585651317462677e-07
-3.808339011171242e-09
0.0
0.0
-1.2795097346124948e-06
-1.2891490556958941e-06
0.0
0.0
1.6233943062655775e-08
1.0727857952148751e-08
8.67232441657073e-10
9.984283887657317e-09
8.681307302456763e-10
9.985205575325772e-09
0.0
1.241159433381462e-06
3.069734886322199e-08
1.2703595984548003e-06
0.0
-8.164003507699034e-10
0.0
9.901507768968025e-09
-1.6137623253269142e-08
9.740074823029118e-07
0.0
7.565455479021939e-09
4.261952282730929e-16
0.0
-6.643738250516895e-09
-1.6447399893677417e-08
0.0
0.0
1.896555654523693e-08
0.0
0.0
0.0
0.0
3.024151999537898e-09
1.9376620195887083e-08
9.883521368622803e-09
0.0
-9.883001041459047e-09
0.0
1.1693311960707977e-08
1.889222915706787e-08
0.0
6.070541801242988e-09
7.688137353734789e-09
0.0
5.153982849862502e-09
0.0
4.921617188442381e-09
1.1520755408456215e-08
0.0
7.27076071181148e-09
0.0
0.0
6.538027777811793e-09
1.0907574829005223e-09
0.0
0.0
0.0
8.625586266593118e-10
0.0
0.0
0.0
0.0
0.0
0.0
0.0
0.0
8.034177111226594e-09
0.0
9.638449912409305e-09
8.570321662795646e-09
8.622819645997116e-09
0.0
9.70395664273726e-09
0.0
8.868523426439022e-09
0.0
0.0
0.0
9.743145290989831e-09
0.0
0.0
8.548452056413286e-09
0.0
2.6376104519476132e-08
0.0
1.0543956865573613e-08
0.0
1.489972144965188e-09
0.0
1.9420146467750372e-08
1.2164258045747915e-08
1.8465777418621255e-08
0.0
1.9728750383434557e-08
-1.8664658348266112e-08
0.0
4.497354680833851e-16
0.0
8.495991443948188e-07
8.673500357660071e-07
-3.700202989102559e-08
9.769432281533509e-09
9.769432287834233e-09
9.76943229091809e-09
0.0
1.3365143775130934e-07
0.0
0.0
0.0
-9.84042998128376e-09
4.0710880153141697e-07
0.0
1.264097630164822e-08
9.99109778971708e-09
9.98754238378377e-09
9.987542357189537e-09
9.97762552006241e-09
9.977625510873878e-09
9.984510728608365e-09
9.98451071484806e-09
9.956769647823137e-09
0.0
9.956769635334412e-09
7.395123568428875e-09
0.0
7.396653521923502e-08
-6.697572505744039e-08
0.0001606250568321614
2.981492981668499e-08
9.96435381312115e-09
9.964353789347971e-09
9.817234354440874e-09
9.961815827699234e-09
9.961816260783962e-09
9.961815827444735e-09
9.88875207557266e-09
7.741446088274469e-10
3.36136852559243e-07
3.3613685251729266e-07
3.361368525804349e-07
5.678207645287529e-10
0.0
2.952686587139402e-09
2.8007623228658245e-08
0.0
1.1912538043396698e-08
0.0
0.0
0.0
2.3248037589070843e-08
6.130033054281727e-09
0.0
8.70769610880711e-10
0.0
0.00010463123925090923
0.0
0.0
0.0
3.559202257037408e-07
9.15988235704951e-09
9.162185113088109e-09
7.727308819138329e-05
7.726314733351206e-05
8.249133346444583e-10
8.068374859528581e-10
1.1618021001974326e-09
9.166728437479178e-09
0.0
0.0
-7.37257477290143e-18
0.0
0.0
0.0
4.6820894456148134e-11
4.682089161230042e-11
9.658309204010188e-11
9.658308781381169e-11
0.0
0.0
0.0
0.0
0.0
-3.170782051444042e-09
-1.6925817952068156e-10
1.2893349976573807e-08
0.0
0.0
3.3960222415872e-17
3.361368525408876e-07
1.7862929353503231e-07
1.881553439351094e-07
9.985557300937932e-09
0.0
0.0
0.0
1.172086380528509e-08
0.0
0.0
3.2803233929390805e-08
4.993191700305248e-08
3.0052750028985664e-08
0.0
0.0
0.0
7.4370174167983645e-09
0.0
6.938702984741674e-09
0.0
2.1868777444397312e-08
2.4235884577006317e-08
8.298516871644844e-08
3.3554623085972557e-07
0.0
-5.239565806759576e-10
3.35546234838923e-07
1.2898283158159185e-06
0.0
0.0
8.99088993107775e-09
0.0
0.0
1.2935700733280442e-06
0.0
0.0
0.0
0.0
0.0
0.0
-2.652996745899916e-12
0.0
0.0
0.0
0.0
-2.2711799758176263e-05
0.0
6.102590257743269e-09
0.0
0.0
0.0
1.8617456877769436e-07
0.0
-9.084814133180491e-09
0.0
2.084008176740531e-06
2.084008178932639e-06
0.0
0.0
3.148847178784168e-16
-1.533775122611611e-08
-1.5337751225847288e-08
0.0
0.0
0.0
0.0
0.0
9.669193571298181e-06
0.0004589495137016134
7.32205667592557e-07
0.0
0.0
0.0
0.0
0.0
0.0
0.0
0.0
0.0
0.00018762639505437025
0.0
2.719445204512801e-05
9.268424733663374e-05
4.563501774534065e-06
-6.776263578034403e-19
-2.556629120406941e-07
-4.2424053205558945e-08
-6.322827595512565e-08
-2.033042554791531e-08
-1.1342054351271003e-08
0.0
1.1379913383586376e-08
-1.0239230009013837e-08
-1.3540844397955023e-08
-3.4537375139600693e-09
0.0
0.0
0.00013793198112457364
-6.295408638834488e-12
0.00013793250700836471
0.0
0.0
9.815091222319113e-09
0.0
1.0301540258563295e-09
8.951829649820941e-09
9.981981463624834e-09
0.0
-9.8705010703835e-09
0.0
0.0
2.97245511746147e-08
5.983628455585912e-10
0.0
0.0
0.0
0.0
2.61921441610875e-08
9.846207554188992e-09
0.0
0.0
-3.273437677531599e-10
0.0
9.583241132452621e-09
9.583241094210354e-09
0.0
0.0
9.992043507800474e-09
0.0
9.993078174062245e-09
0.0
9.993823909325423e-09
9.97211061007283e-09
1.8934633014761956e-07
5.987544927103548e-08
0.0
9.984624585747863e-09
0.0
9.978084001798764e-09
0.0
9.978431993635956e-09
1.845500072339325e-08
9.994329808146287e-09
0.0
9.994058566272088e-09
0.0
9.994097956105492e-09
6.2295811298163835e-09
9.993818185658238e-09
0.0
0.0
0.0
0.0
0.0
9.232583659893467e-09
0.0
0.0
0.0
0.0
0.0
0.0
0.0
0.0
0.0
0.0
0.0
0.0
0.0
0.0
0.0
0.0
0.0
0.0
0.0
0.0
0.0
0.0
0.0
0.0
0.0
0.0
0.0
0.0
0.00030268251644205435
0.00030257211986961925
0.0
5.085270252015135e-11
-8.229967633990091e-10
9.955404400114168e-09
9.963058151249417e-09
-3.445935143873609e-10
2.5519248578205375e-10
0.0
0.0
0.0
0.0
-9.2280372178396e-09
1.118917106044416e-10
7.41611042021678e-11
7.565455871510687e-09
0.0
9.3892206612889e-09
0.0
0.0
8.340324865581382e-09
2.989819910738467e-08
1.4708216887642403e-10
0.0
4.3282006508361524e-09
0.0
0.0
0.0
1.2595713188179151e-08
0.0
9.982857348709781e-09
5.0008771429093414e-11
5.000877088736505e-11
8.07780284095205e-10
2.6879967654649535e-07
5.320652761977729e-18
1.9965402002429945e-08
1.9965398020718854e-08
1.650122213652242e-08
0.0
2.604006132580298e-09
8.893803899687708e-09
0.0
0.0
7.368293330860567e-10
0.0
2.0024868527723575e-09
1.0700535449069532e-08
8.654063477969625e-10
1.996540997250003e-08
1.996541395228222e-08
0.0
3.5774690732866064e-09
0.0
2.986736777526835e-11
0.0
7.952131012434649e-11
0.0
3.6476389566903844e-07
0.0
0.0
0.0
0.0
0.0
8.897000538965285e-08
0.0
6.412900440700756e-09
0.0
0.0
0.0
0.0
1.6853150831313827e-07
0.0
0.0
0.0
0.0
0.0
0.0
8.40991453742645e-09
2.3535169094027923e-08
0.0
8.524993822290448e-09
0.0
9.98300194687161e-09
8.659827494977473e-10
-9.228037245803677e-09
0.0
0.0
1.2263618810688788e-05
9.347555398687843e-09
2.258702153777018e-05
8.933920756137127e-05
0.0
0.0
0.0
0.0
0.0
0.0
1.1732357869938185e-10
7.571233279885407e-10
4.50088654645949e-06
-1.7402893311868617e-05
-8.73104967408539e-05
6.749579781340713e-05
0.0
-8.28094621492252e-05
2.0859412170845006e-07
0.0
0.0
0.0
0.0
0.0
0.0
0.0
4.463111217166971e-10
0.0
4.960007882292072e-09
0.0
0.0
0.0
2.6377108926165435e-10
0.0
9.958510177618885e-10
0.0
3.3075771941963174e-09
0.0
7.194818959737157e-10
0.0
0.0
0.0
0.0
0.0
0.0
0.0
0.0
0.0
0.0
7.951837776899312e-10
4.27253064719891e-16
6.257958012033382e-09
0.0
9.985557321445553e-09
-9.455085808962323e-08
-6.357816646262787e-07
0.0
0.0
0.0
0.0
0.0
0.0
0.0
0.0
0.0
0.0
0.0
3.706394777346221e-08
0.0
1.0461944084938222e-08
0.0
0.0
0.0
1.0664514468159215e-09
0.0
4.705068707575992e-11
0.0
9.400023010514525e-09
1.1693309574502006e-08
1.889222637372897e-08
0.0
6.070536616257439e-09
7.688134455651855e-09
0.0
5.1539795205170854e-09
0.0
4.921614181624139e-09
1.152075268822592e-08
0.0
7.270757561915106e-09
0.0
0.0
6.5380254402608005e-09
1.0907547069111474e-09
0.0
0.0
0.0
8.625554370898757e-10
0.0
-0.00016056393353249085
0.0
0.0
0.0
0.0
0.0
-9.491037323465859e-12
1.861745685409005e-07
-5.0964852549927424e-06
0.0
0.0
0.0
6.801530985344794e-05
8.481008309528392e-10
-9.964652364748486e-09
0.0
-3.2266725990070325e-10
0.0
0.0
0.0
0.0
3.724379017894363e-08
0.0
1.933901216943923e-08
-4.2729006184930397e-07
-8.326997992447395e-07
8.423264035471932e-08
0.0
9.681448475917814e-09
0.0
0.0
8.721340576045492e-09
9.98054777764418e-09
9.980547860388711e-09
9.980547934114459e-09
0.0
9.90606918958815e-09
7.910161667795172e-10
-5.537622628307013e-10
0.0
0.0
0.0
2.962603265428532e-10
0.0
0.0
-7.878833588402157e-10
1.4377670757542054e-08
9.983205172087464e-09
8.661809014079911e-10
1.0451743523246362e-16
4.003156601860163e-09
6.240513369332027e-09
0.0
8.517019363578834e-10
-6.901419436616164e-08
9.934049027604634e-09
9.934049068488312e-09
-9.967237701857812e-09
0.0
4.601517569474098e-09
1.2936151737967889e-08
2.4558755416977892e-08
3.889678278246004e-09
0.0
0.0
4.5008865463955285e-06
7.954310671475199e-10
4.500886546659769e-06
9.910600638696636e-09
0.0
4.601511932102791e-09
1.2936146626179454e-08
2.455874432227071e-08
3.889672185584149e-09
0.0
0.0
6.801530985347562e-05
9.489784962676109e-07
9.960505771028262e-09
0.0
-2.083139073533306e-08
3.285140292990835e-08
0.0
4.9955908787224974e-08
9.984811449002817e-09
-1.1311645664591197e-07
1.0053562764112587e-08
4.5690339638638854e-08
0.0
1.325718373898499e-07
2.9358599974370315e-08
1.0785700300822378e-08
2.038785303993576e-05
0.0
9.420733188942557e-09
9.420429820472221e-09
0.0
0.0
0.0
6.79733153330483e-10
0.0
0.0
0.0
4.3274982800153034e-05
1.407355096698338e-07
1.8617456761485574e-07
-2.40795802009669e-07
-2.312516460278931e-07
0.0
9.805403671994403e-09
9.772545186276238e-12
9.772545186276238e-12
9.77254520999316e-12
0.0
1.0586323710137265e-06
1.0586323708105515e-06
0.0
9.824044447158495e-09
7.111124219628714e-10
0.0
0.0
0.0
0.0
0.0
6.161178865004573e-10
1.996540598743924e-08
1.1117515137517382e-08
1.1117515137518317e-08
0.0
0.0
0.0
-1.048518827302331e-08
3.6014563020648053e-10
9.463422669736101e-09
3.6014573411950896e-10
9.463422778151171e-09
3.6014552526369847e-10
2.7977378542504507e-08
0.0
0.0
0.0
0.0
1.969144504048019e-08
6.976005673109503e-10
0.0
0.0
0.0
0.0
0.0
4.521073700482131e-05
-2.225566730664017e-05
0.0
0.0
0.0
6.85371380976107e-09
0.0
6.853714432685982e-09
6.8537153705356834e-09
0.0
2.5517102827219773e-08
0.0
2.801384883535352e-16
9.715338443461174e-09
9.715338454952905e-09
6.052592945191909e-10
8.264087658297438e-09
0.0
9.930356981158184e-09
2.1921598847896176e-16
0.0
0.0
2.6056140728843035e-16
2.391082465340332e-16
0.0
0.0
0.0
7.072668375850056e-11
-6.979736434308563e-10
-1.968542216008526e-08
0.0
0.0
3.238525787634425e-16
4.334523500196676e-16
-2.444073553799204e-06
0.0
-2.4661678721314143e-06
6.845728921099558e-10
2.5517104329912464e-08
2.5517103952675223e-08
7.072407530781189e-11
0.0
0.0
-9.924892554910537e-09
0.0
0.0
0.0
0.0
2.074544383717291e-09
2.074544381761213e-09
-3.9164601195375986e-16
-3.916138247017642e-16
9.30568866408521e-09
9.77993975241896e-09
-1.9688483517590324e-11
2.5517103586497705e-08
5.17023619864305e-14
5.170236198945561e-14
1.0376802823403637e-09
0.0
9.868225406533399e-09
0.0
0.0
0.0
1.865474388095533e-06
0.0
0.0
7.071791362878378e-11
7.072115326924959e-11
0.0
9.740102536058887e-09
0.0
2.584139445441429e-10
0.0005902086215838492
0.0
0.0
-7.901434676988501e-05
8.356575586923891e-10
0.0
9.951883653824692e-09
0.0
0.0
0.0
0.0
-9.747835398376615e-09
9.136040964910204e-09
9.77089431017402e-09
0.0
-9.837288007664416e-09
-9.926596256842648e-09
-8.110166231201623e-10
0.0
0.0
0.0
-7.382542407634608e-10
2.2652267851540824e-10
0.0
0.0
0.0
0.0
0.0
0.0
0.0
9.732510750348801e-09
2.600188107675035e-10
9.347555390940314e-09
0.0
0.0
9.389886402136958e-05
0.0
0.0023798743876355362
-0.0023798544516447835
9.95755866013714e-09
9.936702331752072e-09
9.936158180089139e-09
0.0
0.0
3.464892810372426e-08
0.0
9.960505475969939e-09
0.0
2.8134346963376316e-16
0.0
0.0
1.9943026993009332e-08
0.0
9.940792855545055e-09
1.0559402676370077e-08
-1.4283611666635753e-09
0.0
2.2586758047900215e-05
2.2625211310540376e-05
9.477849305330794e-09
1.3742163005442015e-08
0.0
0.0
0.0
-7.586862692449993e-09
0.0
1.4283610013805987e-09
0.0
9.937246520789819e-09
0.0
0.0
3.236858468384505e-05
4.2247082467701205e-15
0.0
2.9088728455965987e-08
0.0
1.880330248614541e-09
0.0
0.0
1.9860386030109845e-08
8.359958723291328e-10
0.0
0.0
0.0
0.0
2.571253928396832e-16
8.141400230688989e-10
8.141396929988749e-10
-3.988777729331411e-08
4.016215102274863e-16
-9.305688365712772e-09
9.76839959734557e-09
9.949498316637906e-09
-9.614384074356323e-09
0.0
1.8628420652817252e-15
1.8628490677102816e-15
9.855854798956898e-09
0.0
9.85585342310744e-09
9.907169979779142e-09
9.907170488034198e-09
-9.681447569138616e-09
6.824428965237378e-16
-2.2332092097332272e-08
-2.289757021836362e-08
0.0
0.0
0.0
9.978458830018814e-09
9.98623763116998e-09
8.691363798472346e-10
0.0
-7.567979751774492e-09
0.0
6.412890488104885e-09
0.0
6.3871822700996e-09
0.0
0.0
6.412891338712792e-09
6.979261228357479e-09
6.424154576877839e-10
1.3209168141023113e-09
0.0
9.97845818027858e-09
-3.963611703433623e-08
0.0
9.981832100606931e-09
9.981831457523376e-09
0.0
0.0
8.625981968828456e-10
9.979475951207866e-09
8.625466922345492e-10
-1.7123244849290554e-09
9.979528799078328e-09
3.9558868749554584e-08
0.0
6.4128982328764364e-09
0.0
0.0
0.0
1.5397888916324703e-08
7.664776527237087e-10
7.664759395032205e-10
-3.6657125731793935e-08
8.532297718163524e-10
0.0
0.0
0.0
0.0
0.0
0.0
1.8617456825649108e-07
4.413583123509623e-05
-4.41351816066743e-05
6.496277952421428e-10
2.687996760801634e-07
9.6481129966265e-09
5.398227008546536e-10
2.4889184614397916e-07
0.0
1.7809931837803716e-07
0.0
9.763366536758283e-08
9.956009847057398e-09
0.0
0.0
4.245670878819328e-16
2.206763569510012e-10
0.0
9.16547200635609e-09
-2.092828673665511e-09
1.8711139662443486e-15
1.958622829038674e-08
2.4889184476808833e-07
0.0
8.719865228622852e-10
1.006479447845501e-08
9.992042088429864e-09
0.0
0.0
1.9983014593744075e-08
8.737492719993652e-10
-8.510533521400437e-09
4.220919110287751e-06
0.0
9.69902279286178e-09
0.0
0.0
5.781482365135082e-10
0.0
0.0
0.0
3.2816419535050143e-06
3.28198344405048e-06
0.0
-6.649143041714822e-12
