0
0.0
0.0
0.0
0.0
1.9368503682102758e-08
0.0
0.0
0.0
4.702155213628377e-08
0.0
0.0
5.56176447674733e-08
0.0
0.0
0.0
0.0
0.0
0.0
0.0
0.0
0.0
0.0
0.0
0.0
2.0507566224030152e-07
0.0
0.0
0.0
2.585402391439087e-09
0.0
0.0
0.0
0.0
0.0
0.0
3.414489310434897e-05
0.0
0.0
1.0944894601931643e-08
0.0
0.0
0.0
0.0
0.0
0.0
7.759667406287566e-09
0.0
0.0
0.0
0.0
0.0
0.0
0.0
0.0
0.0
0.0
0.0
0.0
0.0
0.0
0.0
0.0
3.98408931650564e-18
9.706849874411825e-09
0.0
0.0
0.0
0.0
0.0
0.0
0.0
6.747505370430453e-09
3.05116051167369e-09
0.0
9.870076291845711e-12
6.759361685549201e-10
1.2649806311627878e-22
0.0
3.4901583421935443e-09
0.0
0.0
1.015459430680609e-10
1.2540422449197352e-22
0.0
0.004620758701673334
0.0
7.713480571534476e-10
1.1037253299814887e-09
0.0
7.696409450528806e-09
0.0
5.724381646336025e-09
0.0
0.0
9.1241357798476e-09
8.956764973063806e-09
0.0
0.0
0.0
0.0
0.0
0.0
0.0
0.0
0.0
9.889641000616897e-09
0.0
0.0
3.867499431140081e-09
0.0
0.0
2.2228069189729453e-09
0.0
2.383993510757621e-09
5.51807143626756e-23
0.0
0.0
0.0
0.0
0.0
0.0
0.0
9.780033065084489e-09
0.0
0.0
0.0
-1.6651216755192925e-09
8.021260761072874e-09
0.0
9.55723157056588e-09
3.506991803785182e-10
0.0
9.67142167359501e-09
0.0
3.1221683005219804e-09
9.200062016916766e-09
0.0
4.727780211002083e-06
1.8644882219127177e-08
0.0
1.0430412002243375e-09
0.0
0.0
7.502189770287306e-22
0.0
0.0
0.0
0.0
0.0
0.0
0.0
0.0
0.0
0.0
0.0
1.4242589034800606e-09
0.0
0.0
7.895157088143204e-10
0.0
0.0
1.4286279403588586e-16
0.0
-0.0007806557880843996
0.0
0.0
1.2833140314743459e-08
0.0
0.0
0.0
0.0
0.0
6.429894631928914e-09
8.887891912180083e-07
0.0
0.0
0.0
0.0
0.0
0.0
0.0
0.0
4.698467025951283e-09
0.0
3.600017922257022e-05
1.2157285996209669e-09
0.004612118468205037
1.0136423061223306e-08
7.165783316847607e-08
0.0
0.0
2.4264640000414176e-08
0.0
4.1840047065623937e-22
0.0
0.0
2.815562048300213e-08
0.0
0.0
0.0
0.0
2.1079701758726294e-09
1.9783746020980866e-08
0.0
0.0
3.8079278757985335e-09
1.5605260604925397e-08
0.0
0.0
0.0
1.7236186213827117e-08
5.278120441257597e-09
0.0
9.682802152552261e-09
0.0
0.0
0.0
0.0
0.0
0.0
0.0
0.0
0.0
9.54547229384423e-09
0.0
0.0
0.0
0.0
1.809712330558874e-20
3.8439189146860277e-10
0.0
8.944931711174088e-09
0.0
2.064043767433187e-22
0.0
9.767600433638701e-09
0.0
9.792145026532099e-09
2.6710585418891525e-12
9.776256391682715e-09
0.0
0.0
5.7597805263092684e-11
2.8217747379494316e-06
6.2984895077278225e-12
0.0
0.0
0.0
0.0
0.0
0.0
-0.004621504109990443
1.1939602908728847e-24
9.328617511696879e-09
0.0
9.884140205823356e-09
0.0
0.0
0.0
0.0
0.0
0.0
5.494108181389179e-07
3.375588447504106e-11
9.676658284262416e-09
0.0
0.0
0.0
0.0
0.0
0.0
4.777883141604611e-09
0.0
0.0
0.0
5.669681787356344e-09
0.0
1.2525256303343003e-10
3.3611137721464264e-09
2.867620748415719e-23
0.0
0.0
0.0
1.138575988091703e-11
0.0
0.0
0.0
-9.349851429543699e-09
0.0
0.0
-2.7238268405486234e-08
0.0
0.0
0.0
9.547225039362915e-09
0.0
0.0
9.88602686799681e-09
0.0
0.0
0.0
0.0
1.057317294310456e-08
0.0
0.0
5.184377674147503e-09
0.0
0.0
8.956764968747302e-09
9.906493721043493e-09
0.0
0.0
9.04799239004328e-15
0.0
2.651457273148969e-08
2.6811336784985118e-09
0.0
0.0
0.0
0.0
0.0
0.0
0.0
0.0
0.0
0.0
0.0
0.0
0.0
9.052146256140458e-09
8.16138404307155e-09
6.648424025939084e-12
3.9946394560292395e-07
0.0
0.0
0.0
0.0
0.0
0.0
-4.7021552136284185e-08
-3.7501459315812314e-08
5.237963265529076e-10
9.870744619117842e-09
1.9613239649299166e-08
9.987506615888786e-09
6.39733531373034e-10
6.28314900631439e-10
9.989142595230073e-09
9.972419112713737e-09
9.822283938432849e-09
9.822283915036922e-09
9.972419151885347e-09
9.976909857266816e-09
9.988506921493968e-09
9.989142784068508e-09
9.82209283697399e-09
1.6978084372425053e-08
3.0247173611061237e-06
4.0415187052608824e-08
1.9044987163595104e-07
1.5803335653961594e-08
1.3047537659803111e-06
6.84362275181848e-07
4.8380370376737e-10
9.502383078033712e-08
7.968154265103204e-08
0.0
2.4084752475504555e-07
2.358591557780116e-08
3.134313935538839e-07
0.0
0.0
7.967659328603111e-08
0.0
2.3775629460627123e-07
0.0
3.3045260045858587e-07
3.849526717228889e-08
5.848763356333467e-08
3.562405754892598e-07
8.378723998597711e-08
0.0
2.8398809603296147e-08
2.2594772785450353e-07
0.0
5.017676869338648e-08
3.427841105340148e-07
0.0
7.688895159178408e-10
3.982341749677098e-08
2.2721781043526947e-07
0.0
8.135013740613603e-11
0.0
7.48790600390184e-09
6.207880427194198e-10
0.0
2.0507566223527978e-07
9.98920988721369e-09
9.975848469121959e-09
6.395690953174958e-10
0.0
0.0
3.539121841846174e-09
5.373078955517292e-09
3.5398947294421987e-09
0.0
0.0
0.0
0.0
0.0
0.0
0.0
9.944888314571663e-09
2.40486408802222e-10
-2.0507566223959255e-07
2.0507566223887374e-07
4.3322815294118693e-19
1.9940710598174224e-08
1.9952758375160182e-08
1.997771701577108e-08
1.997748268690959e-08
-5.326121143764064e-10
0.0
3.5389285785365394e-09
-9.908809093118337e-09
3.5397015555682107e-09
-4.325452041147838e-10
0.0
-9.441107964045046e-09
0.0
-9.797148728136335e-09
-9.796304756664307e-09
-9.79541835269054e-09
0.0
0.0
3.5387353201133287e-09
0.0
3.539508361837891e-09
0.0
0.0
0.0
0.0
0.0
0.0
1.9877138187205208e-08
4.727458916932791e-09
9.985308286410187e-09
6.198291945010511e-10
0.0
0.0
0.0
1.6441692602491341e-06
0.0
9.558185918038472e-09
6.412259800725287e-10
2.7037188629605227e-08
4.6441377160318547e-10
9.810414454029326e-09
0.0
9.788206791969123e-09
0.0
-9.889928758105918e-09
1.0117761492450984e-05
2.8504780381070613e-08
6.790830147375019e-06
0.0
1.893127515690117e-06
4.889661291997216e-06
0.00022380476098942008
0.0
1.2224388130996435e-06
9.054489054692291e-05
0.0
1.961323964899485e-08
0.0
2.456563004100022e-19
7.793455392503123e-08
2.5491336820460254e-08
1.8632226074471106e-07
6.068821935023718e-10
9.736454264790304e-09
3.576253959636233e-09
3.5140411966459555e-09
-2.464157814339378e-08
-4.41234906054113e-08
-3.9956366428782347e-08
-4.775765604682347e-08
0.0
-1.1176717905781591e-08
3.916272860446561e-10
3.916272857427645e-10
1.512189514517875e-07
7.98285448383668e-09
0.0
7.102194987090991e-17
0.0
0.0
17.564701049870905
1.0944894603028614e-08
0.0
-1.5824073417319543e-09
1.9926223018114588e-08
5.981222183401084e-10
1.6460023550637504e-06
0.0
2.981812288012538e-08
9.891899850557502e-09
0.0
0.0
0.0
-2.6316707140610974e-07
0.0
1.6459996215293452e-06
0.0
9.93351400447098e-09
5.855889600352528e-10
9.968790587289262e-09
9.968790575394268e-09
9.961468877021612e-09
9.961468865094544e-09
9.96146888894394e-09
-1.3312706915145911e-08
0.0
1.5179899117394874e-08
4.4123488888644924e-08
4.9480512395727594e-08
1.5414000139423325e-08
-1.4145480817066847e-08
-1.8769122459987323e-08
-1.1280649370909083e-07
0.0
7.759667386309092e-09
0.0
1.4000464487038495e-13
0.001311234124849241
0.0013112439516514418
8.604095435015306e-09
0.0002237232032781836
6.6144645258450025e-06
3.047483209920823e-08
7.142631633794762e-07
0.0
3.395312153996956e-06
1.234596170018639e-06
1.9268682006432756e-13
0.0019473585706257927
8.725619568863399e-09
0.0
-3.4135608524721306e-05
0.0
-3.414489310434878e-05
5.264896742763455e-08
0.0
0.0
0.0
9.985248531980491e-09
9.985248267333094e-09
1.1821659110070092e-07
0.0014204314194632417
-2.5000801439929027e-09
0.0
0.0
1.5306996500624325e-06
0.0
10.751265102297392
-10.75126506234212
9.988472448166418e-09
0.0
0.0
9.969020830223724e-09
9.972307039757148e-09
0.0
7.527043357883562e-09
2.6861505936289355e-08
-9.792676704256653e-09
0.0
0.0
3.3516866066791336e-06
1.2752965469472182e-08
3.7197337196005768e-09
0.0
1.5263470377427297e-08
1.6349649313763441e-06
0.0
0.0
4.2004713758312674e-08
0.0
1.616469589694947e-06
1.6520156674060886e-06
0.0
0.0
4.297770536776787e-09
6.256545302030261e-10
4.479735706390466e-08
3.5339391930432532e-06
3.0370750536206214e-08
7.364663123333762e-07
0.0
1.2979404351815288e-06
6.604064695554207e-07
7.745162491771315e-09
0.0
1.9368362524718794e-08
-9.279503797310351e-09
3.2590766148753656e-10
-3.259108434516822e-10
0.0012277576928870799
9.92544474940401e-09
5.776447602057933e-10
0.0
0.0
1.6267151566517948e-06
9.977468264348727e-09
2.8604324067127407e-08
-4.438088267678823e-08
0.0
0.0
0.0
0.0
5.37047941751455e-08
19.852006466149447
-19.852308740492443
0.0003022305804702053
9.942266953590019e-09
0.0
1.949549605545541e-09
1.9877137193075364e-08
0.0
4.700822968510781e-08
9.348808823426329e-09
0.0
9.917343812497014e-09
5.696695174770637e-10
2.5864676459817315e-07
2.586467645141984e-07
9.973267533510923e-09
9.973267431519686e-09
9.917343821760047e-09
9.917343812548438e-09
5.696695130709383e-10
4.4820367086957976e-09
0.0
0.0
0.0
8.753657611221027e-10
0.0
0.0
4.074354174165987e-10
1.0010735118418453e-08
6.889553081318453e-08
0.0
0.0
1.989498292151448e-08
9.96146890054138e-09
-9.851723610943691e-09
3.8168721445601e-11
0.0
0.0
4.0233538353546384e-08
9.978575416392375e-09
6.402988626000593e-10
9.987456510906698e-09
1.6360308309254958e-06
0.0
0.0
9.054489054689956e-05
0.0
0.0
0.0
4.2899623677317645e-16
0.0
0.0
3.543625051883332e-06
4.007915432006731e-08
7.235075085092088e-07
0.0
1.1109722607749185e-06
6.648845655729547e-07
0.00022372968551406268
3.070839474520615e-06
0.0
0.0
0.0
2.284339893492925e-06
5.697116046879378e-07
-1.1655173354219173e-17
0.0
0.0
0.0
1.2915030759825897e-08
3.167339030736601e-07
6.479257507824375e-07
6.382189009080441e-07
6.479257507824559e-07
6.479257507824825e-07
6.479257507824334e-07
0.0
0.0
0.0
2.9891047318105667e-06
2.973947310191288e-06
0.0
0.0
0.0
0.0
2.328283600909909e-08
-9.896965869179899e-09
0.0
0.0
0.0
0.0
9.983107673861014e-09
3.506482237208841e-08
9.80558759890754e-09
9.805587594414555e-09
4.596631055125208e-10
0.0
6.005782498188444e-07
0.0
5.863097519388276e-07
0.0
7.851092952032055e-08
-6.691329414885636e-07
9.956237826869619e-09
0.0
0.0
0.0
0.0
-3.506482239022169e-08
0.0
1.6442829090482374e-08
0.0
0.0
0.0
1.232041495630165e-07
0.0
9.529384091978402e-08
4.8347445168854324e-05
8.015162718805127e-06
0.0
-5.583898979111268e-05
9.94767908117239e-09
0.0
2.495764731248979e-08
-8.851304652982353e-09
6.679914475132079e-08
0.0
0.0
0.0
9.850797072640903e-09
5.041612834684845e-10
1.5534402025376056e-08
0.0
0.0
0.0
0.0
2.6861699050512918e-08
9.813862821834875e-09
0.0
9.854560739841303e-09
5.083133151327563e-10
0.0
0.0
0.0
0.0
-6.7475053705539184e-09
-6.747505370494891e-09
0.0
0.0
0.0
1.6797037253172096e-08
0.0
5.561764476865522e-08
0.0
-7.276925140530288e-09
0.0
0.0
0.0
0.0
0.0
-6.808016964699941e-10
2.0507566221830185e-07
0.0
0.0
0.0
0.0
1.896899989166945e-07
0.0
1.798489277066182e-07
5.5375105370729296e-08
0.0
3.713613369084229e-07
0.00010262549254006478
4.753646828243713e-07
3.1744994924065687e-06
0.0
0.0
0.0
9.82467063951427e-09
2.7953598234238155e-13
2.795502125238799e-13
2.7948748777012144e-13
2.7948143632533634e-13
4.0233538120421833e-08
6.171417685879849e-10
0.0
2.532267225395688e-08
0.0
6.429894632416352e-09
8.46983759427749e-09
0.0
1.777545554455998e-10
9.971524239738688e-09
6.230122046807355e-10
2.5711944316222904e-19
0.001487598389463111
4.673227401055015e-07
4.772513664878412e-07
9.92862638111991e-09
0.0
0.0
0.0
0.0
0.0
8.515537864396009e-09
1.1438512670803675e-08
5.71455370703495e-07
-9.632661419949279e-09
-8.251904566871303e-09
-9.245032403117946e-09
-9.212997326406985e-09
8.492642478532316e-09
2.069625913367985e-09
5.714435725500202e-07
0.0
0.0
7.46660623196558e-08
6.324606201464519e-10
1.0842784164776141e-07
1.1801184555539452e-07
-0.004620758701673333
-0.0045350732620330625
0.0
3.699095928638595e-05
-4.898839459817204e-13
3.698133289697341e-05
1.1037254095377925e-09
1.1037253564928662e-09
0.0
0.0
2.2972635273276664e-08
0.0
0.0
6.643292291418308e-09
6.6432922887689114e-09
6.643292292462057e-09
0.0
6.6432922988221685e-09
0.0
0.0
3.34852975853473e-09
0.0
1.3964523981613297e-16
0.0
0.0
5.9426663257797416e-09
0.0
0.0
4.175276568351813e-08
-1.9000565400457927e-08
-5.724381645511988e-09
4.0043123431177694e-08
-5.331930807983554e-08
1.4239548609081576e-16
1.9000565363982276e-08
0.0
0.0027988125284180224
7.474169219311665e-08
9.94104490547677e-09
5.930032663358465e-10
1.535094016235301e-08
0.0
9.677855497026988e-09
2.288100942743343e-08
1.4545710471172701e-08
7.592403437165786e-09
0.0
2.2775766077748568e-09
8.560805914362682e-09
0.0
-9.12413577992214e-09
0.0
0.0
0.0
4.339819484987492e-18
0.0
-8.956764973092318e-09
9.609032548750459e-09
9.609032536550518e-09
2.662593926513975e-10
9.689447472524485e-09
1.0295282400285581e-06
9.689447254570829e-09
3.453730190461618e-10
9.678203713824857e-07
1.2563681902484388e-17
0.0
0.0
0.0
2.7128026058879675e-09
9.695367574100472e-09
2.6400037337930605e-09
5.39867099097103e-07
0.0
0.009241302546071126
0.0
0.0
4.963689027008938e-08
8.526005186692984
-8.526005146782559
9.976548500686216e-09
0.00010779636327627566
-4.613069007244463e-09
9.765345684864535e-09
9.765345684471512e-09
0.0
0.0
-1.8569686298093406e-09
1.9976182348137776e-08
6.388593241531439e-10
1.6316054154917535e-06
0.0
0.0
0.0
0.0
4.180270903647812e-06
0.0
1.6755468402741485e-06
9.932961220448085e-09
9.988562865714812e-09
9.822283961799755e-09
2.040734039601074e-08
-5.412262259461191e-10
9.822092834530881e-09
-5.5617644768065754e-08
8.098613994505299e-08
6.960120255361451e-08
3.613610124098568e-07
0.00010310110870552754
4.661119827136401e-07
3.1885974356184416e-06
5.543812397392959e-07
0.0
0.0
0.0
9.971524267548226e-09
0.0
6.267433661665395e-10
0.0
1.5059682842278973e-08
1.9949336329189515e-08
6.254720496415687e-10
0.0
0.0
0.0
0.0
8.238983642042576e-09
0.0
0.0
7.387324408875823e-09
6.387942245469886e-10
1.9973727253274547e-08
6.374367706894813e-10
1.987713790977774e-08
0.0
0.0
4.6429659171012004e-07
0.0
-3.867499431125822e-09
-9.735917693822308e-09
0.0
0.0
4.904918287317018e-19
9.944888315336843e-09
0.0
0.0
-9.838348455468333e-09
0.0
0.0
7.605746555205482e-11
7.605769454866614e-11
7.605765509191537e-11
-1.5536888554954897e-11
0.0
0.0
1.5701560020658905e-09
0.0
6.023229823219662e-10
9.622646384400897e-09
0.0
0.0
1.9368503471652122e-08
0.0
0.0
-1.9896465117824613e-16
0.0
0.0
6.382703389183599e-10
1.997437361190114e-08
6.385971035070003e-10
0.0
0.0
1.9556872966956094e-08
9.801275368870915e-10
1.8623192228403585e-08
3.872917428703908e-11
2.7198309207202932e-09
0.0
0.0
1.1658316610248014e-08
0.0
-2.710505431213761e-20
0.0
0.0
0.0
2.336115206101372e-19
0.0
5.068487889659818e-05
5.068487889659818e-05
0.0
2.283928632555154e-11
7.469952900587485e-08
9.794158699892537e-09
0.0
0.0
9.992286963497949e-09
0.0
9.213324600096905e-09
5.666570076397233e-10
0.0
9.834311924197212e-09
0.0
5.924301572349643e-10
9.965546700840214e-09
2.916757953870183e-17
4.824375824677933e-06
2.5528038118285075e-08
1.9921423134352832e-08
9.955876368678224e-09
0.0
9.829679929589145e-09
0.0
0.0
-9.903698765070833e-09
0.0
0.0
1.7657659829457784e-09
0.0
0.0
1.2776275842157268e-08
0.0
1.5059874313932003e-08
0.0
1.311791345288077e-08
0.0
0.0
0.0
1.018736410655012e-10
3.3743618146722626e-10
0.0
7.169288884377536e-09
0.0
0.0
0.0
0.0
0.0
0.0
0.0
0.0
0.0
0.0
0.0
0.0
0.0
1.3312706780704842e-08
3.5140415750867238e-09
-1.517989957528197e-08
-4.412348946110367e-08
-4.948051301155443e-08
-4.775765474404614e-08
-4.0022999844846474e-10
1.1176718650465853e-08
0.0
0.0
0.0
0.0
0.0
0.0
0.0
0.0
0.0013262208269173036
0.0
1.2121812489161693e-08
0.0
0.0
1.1080032823332478e-07
0.0
0.0
0.0
-4.345129037315899e-10
0.0
0.0
3.352741380973842e-07
3.5521850996991935e-08
9.927414300442318e-09
9.927414298602222e-09
0.0
0.0
1.34264916845483e-08
0.0
5.326805718578714e-06
1.216511688698891e-08
1.203677024160887e-06
5.4005423614632025e-09
0.0
3.952310295492313e-06
4.161727877342027e-07
1.164540077890398e-06
2.0814374060580895e-07
1.308780682038979e-06
1.2150153345242435e-06
0.0004893132466670933
9.59777395405517e-09
4.351640332610943e-11
0.0
3.976786708601451e-06
4.3905379650434397e-07
1.1615713146068097e-06
2.22689450732641e-07
1.290011559178203e-06
1.2226077375890504e-06
0.0
0.0
0.0
0.0
0.0
9.092934959374543e-09
0.0
0.0
0.0006520883122153875
9.700299185566585e-07
0.0
4.731447344467143e-10
9.819285299965386e-09
9.819285304508204e-09
0.0
8.570464378024948e-05
0.0
5.478921913552986e-09
0.0
0.0
0.0
0.0
0.0
0.0
8.140286025975055e-05
1.1028725576784856e-08
8.064721050632177e-05
9.942105073766487e-09
9.942105082094239e-09
0.0
0.0
0.0
1.3440665888762853e-08
0.0
0.0
0.0
0.0
0.0
0.0
0.0
1.6604068290427298e-07
6.548442282137334e-09
-7.781046100774347e-07
5.6033318106019354e-08
0.0
0.0
7.275339819348995e-08
7.275339818839674e-08
7.275339818598299e-08
8.242481986227986e-08
7.27533981886808e-08
3.243849822110331e-08
0.0
0.0
1.857227416063517e-08
2.1694442463793344e-08
1.2143453946186975e-08
1.857227416318588e-08
1.214345394088563e-08
0.0
3.3367475001761616e-08
0.0
2.8038239968662586e-08
2.8038239968530006e-08
2.8038239968454243e-08
3.723830198544674e-08
2.8038239968529357e-08
1.961632636370427e-07
1.664612777284288e-07
5.149148782378698e-10
3.339523874298888e-07
9.938947664314246e-09
0.0
0.0019175243386106047
0.0
2.7967281155732443e-07
0.0
0.0
0.0
0.0
0.05824029936362198
0.0
0.042313317761134
-4.7277802110019585e-06
0.04240374083833419
8.526696065514498e-08
3.459358417188999e-07
0.0
1.020200384446869e-08
4.2803136226673433e-10
1.9639424864075165e-08
9.865977803826046e-09
5.191040686000364e-10
0.0
0.0
0.0
0.0
-9.21335036941579e-09
9.042551847972651e-05
0.0
4.731447346405728e-10
4.731447345447228e-10
0.001311484624857695
1.9144970443218067e-08
0.0
5.991606483424161e-10
-9.220176899301844e-09
0.0
3.2280560166716325e-06
1.90965093881589e-08
0.0
0.0
-5.991550801572295e-10
1.1304142761262727e-08
0.0
5.127959161853737e-08
0.0
0.0
1.2958803581747207e-08
0.0
1.8696817413538793e-07
0.0
0.0
5.723366198543571e-10
-9.070139896268092e-07
0.0
0.0
0.0
0.0
5.957279851481848e-10
0.0
5.832520788721482e-10
9.668516300225533e-09
9.837537007229002e-09
0.0
5.967929185192539e-10
0.0
5.584591012185851e-06
5.583732079217926e-06
2.929443126520865e-07
0.00038184112622161037
0.0
9.828408139982698e-09
9.828408138262907e-09
1.9857416533425732e-08
5.328499142059456e-10
9.190602834330264e-09
9.920409922480652e-09
1.664881469900777e-09
0.0
1.664881469904548e-09
1.6648814699104803e-09
0.0
0.0
9.920409924091267e-09
9.920409928319655e-09
4.783824325262497e-08
9.190602833595992e-09
9.914069996354308e-09
0.0
4.6104884273860804e-09
0.0
0.0
0.0
1.5798912710741485e-06
0.0
3.693451338737907e-08
0.0
9.83741052851271e-09
4.909847254860193e-10
9.896826319054936e-09
5.494710351016303e-10
0.0014344002945180234
1.8781498925535267e-10
0.0
-1.6653345369377348e-16
5.4633850257892285e-09
0.0
3.883828862385046e-10
7.748045009739265e-08
0.0
1.9498604960719603e-07
0.0
1.4957948576499376e-07
-3.2016929316092124e-09
0.0
0.0
0.0
-8.673617379884035e-19
9.042418332463279e-05
7.221753460413837e-07
0.0006962313969270454
0.0
2.5930108102142015e-06
2.5884497789291037e-06
5.152846800053764e-09
5.201541925662814e-08
0.0006613388427225598
1.9775531287011252e-08
9.855121366751947e-09
5.084176360273504e-10
9.855121371098521e-09
0.0006613893166385467
0.0
0.0
0.0
9.71248248168334e-09
6.840163529987439e-09
-3.448196901601336e-09
0.0
0.0007662064726406518
1.1849018426492589e-05
0.000531165901074198
0.00024948988701020057
3.489255420448554e-05
0.0006613893166383342
6.812801786985357e-08
0.0
0.0
6.227291013570114e-10
0.0
5.583732079201393e-06
1.7636711910491135e-07
2.9699298378693724e-10
4.5689768356595775e-08
-0.0001076420629563507
0.0
1.9278164998842892e-08
0.0
0.0
0.0
0.0
0.0
0.0
-8.135057545189097e-07
7.161506822950426e-07
9.95805657791301e-09
0.0
7.65821617644373e-09
0.0
9.051457089792841e-05
0.0
3.0490335026227486e-09
-6.429894631977077e-09
1.1304142756939941e-08
5.445627910187683e-10
1.4906298290112598e-07
6.896688475843531e-07
9.852153470058473e-09
0.0
0.0
1.328899530436881e-07
2.905717483077176e-08
0.0
0.0
3.6163975798084493e-06
5.892854261727178e-08
1.7756823567083302e-08
0.0
9.585766678583626e-09
3.2433082663038892e-06
4.803892311348925e-08
3.990280846811111e-07
-8.887891912179934e-07
-1.635432583994811e-08
3.358239101500834e-08
8.046586938509414e-05
1.0030591451639037e-05
0.0
0.8469099716694801
-0.8469702685919315
6.030683252818278e-05
9.910076818490715e-09
0.0
0.0
0.0
0.0
8.495649091932383e-08
0.0
6.388433459080723e-10
0.00038446868511927143
2.6177685137799587e-06
0.0
3.91473597033816e-16
0.0
1.8996590969479798e-08
1.1871161026841368e-07
0.0
0.0
1.9153975320345914e-08
1.3037526003619236e-07
3.609900900160972e-07
9.66851630312143e-09
1.690203604537577e-10
9.751127727584169e-10
1.278827254083253e-08
0.0
3.9952369347522426e-08
6.385292467493177e-10
0.00011034273754656955
0.00011034273754622881
6.43455515074041e-10
2.8560817304928987e-09
0.0
3.02679759582143e-08
0.0
0.0
9.984175234939614e-09
2.969932174602009e-10
0.0
0.0
0.0
1.8548432179547188e-07
0.0
0.0
7.94973466549979e-07
0.0
4.882339278159652e-08
0.017070068695313054
6.347999336294908e-10
-0.01707005871181674
0.0
0.0
1.9673303845147942e-08
-7.854029088005928e-10
-0.004612147451476645
-0.004626536845825623
0.0
7.16578329620135e-08
-6.210619424599937e-08
0.0
0.0
1.3312706647131134e-08
0.0
-1.5179899948855534e-08
-4.41234900329119e-08
-4.9480513629115985e-08
-3.823631939326238e-08
0.0
1.1176718278096617e-08
1.0438372187349894e-08
1.7775438905866042e-10
5.967872788206436e-10
5.967872785653754e-10
-7.881588715008547e-09
2.8936436750940224e-08
0.0
0.0
9.596249162089772e-09
5.292842980187621e-12
0.0
0.0
0.0
0.0
0.0
0.0
0.0
9.955565291126961e-06
4.059783618621663e-07
5.294646163254278e-06
-9.564542877047996e-09
0.0
9.856090589124492e-09
0.0
0.0
0.0
0.0
2.6921058076419784e-07
-2.6147265760380085e-07
7.73792315986177e-09
9.863132794015963e-09
9.944888315971117e-09
0.0
9.646983678015922e-13
0.0
9.907294562280897e-09
1.9808021110537927e-08
0.0
9.863132793424261e-09
0.0
2.404864085851061e-10
-6.250502744009623e-05
1.4119361483884341e-05
4.8385665957918245e-05
1.5712512708600526e-08
0.0
0.0
0.0
0.0
-2.8155620431584835e-08
0.0004892942484498255
9.21559770805913e-09
2.479773483359656e-08
0.0
0.0
3.025201945717219e-07
6.332985254905988e-10
6.596752828869747e-10
-3.596269995062892e-05
0.0
7.314747485820742e-09
7.207475747638021e-09
0.0
7.207476544634095e-09
7.207477368639149e-09
0.0012276151133913166
-0.001157730714590638
0.0011577210547311677
0.0
8.36288382601075e-05
9.367806883195478e-09
0.0
0.0
4.4869396768031444e-10
9.794442308737848e-09
0.0
0.0
0.0
9.91128541912023e-09
1.619078422578118e-19
1.0125861146894932e-07
-9.707431922678037e-08
0.0
9.279503620368557e-09
2.387394826814373e-07
6.380598676460908e-10
0.0
-1.049397546637465e-08
-2.107970176884466e-09
0.0
0.0
6.893760008526752e-07
-1.9783746021240356e-08
0.0
2.8358904557990172e-08
9.98609040302172e-09
-1.7640557381561344e-08
0.0
8.35520029950436e-09
-8.355200312648234e-09
-8.355200326742862e-09
8.355200339141042e-09
5.478921911240858e-09
0.0
1.5410746505287e-08
1.541074650315563e-08
9.822017367673314e-09
-9.911285401325762e-09
0.0
0.0
0.0
0.0
0.0
9.805587604182238e-09
1.2140375022579518e-05
0.0
1.2138764066396043e-05
-3.8079278757985335e-09
4.10661373500848e-08
0.0
3.475683336744337e-10
3.475683334089756e-10
7.759667346370974e-09
1.9841036209948263e-08
0.0
1.862275473378828e-08
6.329027125250381e-10
9.981569310009302e-09
6.329027318254454e-10
9.981569329611282e-09
5.645618335981941e-08
0.0
3.8585893420064974e-08
2.165576486829951e-08
5.6456183359846054e-08
-5.237963262768151e-10
0.0
5.91796505618139e-10
2.04519430511237e-09
9.216198451580039e-05
0.0
8.355200274222056e-09
4.687731228759219e-19
2.5642175828697316e-08
-4.287836204337498e-08
-7.81381311348875e-09
8.046586938484794e-05
0.0
0.0
0.0
0.0
0.0
0.0
0.0
1.8846877709198856e-08
9.682863740443578e-09
0.0
-9.682802183967262e-09
0.0
0.0
4.215108884405663e-07
0.0
6.121671426246758e-08
0.0
0.0
0.0
0.0
0.0
0.0
0.0
0.0
0.0
9.379994650370596e-09
0.0
0.0
0.0
3.9175718229940307e-07
0.0
0.0
0.0
1.6978085037959727e-08
3.0247173616650663e-06
4.041518758194647e-08
1.9044987187827737e-07
1.5803335866813248e-08
1.304753766251243e-06
6.843622754240879e-07
8.649309293783855e-09
0.0
9.06156871360128e-09
0.0
1.507166187542652e-11
1.6216233972510731e-09
0.0
0.0
9.818762113874154e-09
0.0
3.2463898538242204e-10
0.0
0.0
8.5063116092114e-09
0.0
1.0649756452121881e-07
0.0
5.607030790892748e-09
3.0761587025104657e-09
3.168882166345252e-08
0.0
5.609270721693399e-08
0.0
2.25180357687228e-08
9.315967844784923e-08
0.0
0.0
0.0
-9.213324612077339e-09
5.5617644555009644e-08
8.685642113516393e-19
7.231053941569269e-09
4.715509304168836e-05
4.7209135348481136e-05
0.0
8.582965422819093e-09
8.582965422887979e-09
0.0
-9.792145021865397e-09
1.030838244623675e-07
0.0
9.824952125669229e-09
9.824952125030798e-09
4.787222988653564e-10
8.392071251251563e-05
0.0
3.626727001390571e-10
9.988405734201387e-09
9.984065818988955e-09
9.984065819303666e-09
9.966985888097752e-09
9.96698588831e-09
9.97991092488154e-09
9.979910925188457e-09
9.94243679077272e-09
0.0
9.94243678650264e-09
1.4273980173165613e-05
4.101697505383459e-06
1.8365856499135248e-05
4.750090041755051e-10
6.75934351284078e-08
7.164533292509839e-10
9.713341126773984e-09
3.688836886391684e-10
-5.797122329322547e-09
9.898546567673887e-09
9.898546570949462e-09
9.898546569309627e-09
0.0
-2.0373902659046063e-10
1.9377004373811567e-07
1.841852536545896e-07
1.9377004373683104e-07
1.8473737817270575e-09
0.0
8.340603573897709e-07
0.0
0.0
1.2388590356123124e-07
0.0
0.0
7.05630049485633e-07
0.0
1.2227730461494057e-07
0.0
7.141088152197054e-07
0.0
0.0013811844184949532
8.225820834626346e-08
1.2022880939632822e-08
0.00010477299578659434
0.0
9.819658812987282e-09
9.822165068390553e-09
3.294300650209107e-09
0.0
7.051503887381808e-10
9.849217061861566e-09
5.025227499543461e-10
9.827175579011016e-09
0.0
0.0
0.0
0.0
0.0
0.0
0.0
0.0
6.265914916085361e-09
0.0
0.0
0.0
0.0
0.0
-3.843916244333778e-10
-1.0641568767536577e-05
-1.6923990594358562e-10
1.0649862309964625e-05
0.0
0.0
3.147825349368801e-18
1.9377004373927979e-07
0.0
1.2918821006446015e-09
9.946209337936558e-09
0.0
9.202052422915336e-10
0.0
0.0
0.0
0.0
0.0
4.9906875037411706e-08
4.9950624267924046e-08
0.0
0.0
0.0
8.270409462775482e-07
0.0
0.0
0.0
1.0864675870081442e-07
2.02386834410569e-08
-2.0609248433268307e-10
1.9406532580958223e-07
0.0
-4.2227763479428993e-10
1.940653256747005e-07
0.00011606432974788972
3.6079455879080563e-05
3.2849791176520417e-07
0.0
-4.464330303501122e-10
5.7971223292232974e-09
7.998486038200427e-05
0.0
0.0
0.0
0.0
0.0
0.0
-2.6710585376539878e-12
0.0
0.0
0.0
2.2839302243364336e-11
-9.061833567281816e-05
0.0
8.135798209987668e-07
0.0
0.0
0.0
2.0507566223744546e-07
0.0
-4.307961200005074e-10
0.0
9.043375009809562e-05
9.042395902141927e-05
0.0
1.9368503611961664e-08
7.851468447236178e-18
6.942437570997666e-11
9.408887466236596e-09
8.589329560254406e-10
0.0
0.0
6.500546114274455e-10
0.0
0.007837709728065679
8.463829786421754e-07
0.0
0.0
0.0
3.088254806925552e-06
0.0
0.0
0.0
0.0
3.088263748494994e-06
4.3428485816669837e-10
2.6223956263103547e-06
0.0
0.0003060880090761345
2.0738148442723727e-05
1.0599283341611892e-06
0.0
0.0014216288997594972
4.785437176770685e-06
0.00010782605923101771
0.0
0.0
8.474781294212554e-09
-8.898247624776717e-09
-4.5716959130035276e-09
-2.8120584564207837e-06
-2.133475621094133e-06
0.0
0.0
5.599648084392094e-05
-6.298507842602999e-12
5.5996552015799144e-05
0.0
0.0
1.9896826421315042e-08
9.608859703424065e-09
1.9522242459268476e-08
0.0
9.966984016892796e-09
0.0
4.34283025285611e-10
0.0
0.0
-3.847840468488092e-08
5.75828443403726e-10
0.0
0.0
2.9382585830129643e-08
2.3175509961702687e-08
0.0
5.568032336584265e-10
2.4077526569668697e-08
0.0
7.05824949497919e-05
7.05824949497919e-05
9.709434765845908e-09
3.65039926951067e-10
4.824417943530973e-06
2.7056608606576566e-07
9.985206608414211e-09
6.121209254137484e-07
9.986807119703879e-09
0.0
9.987020876124296e-09
9.965546734777698e-09
2.270348184058024e-05
5.981783745230336e-08
0.0
9.97531376085875e-09
0.0
9.981120339422391e-09
3.6828670038844606e-08
9.940462742110845e-09
0.0
9.988563212183327e-09
1.515941540260879e-06
9.98908107118496e-09
0.0
9.987552945134967e-09
0.0
9.987602831657847e-09
7.683371924521858e-07
2.500079951339596e-09
0.0
0.0
3.959526413354413e-07
0.0
2.541077601012815e-08
0.0
0.0
0.0
0.0
0.0
0.0
0.0
0.0
7.554004010273715e-09
0.0
6.679914514087835e-08
0.0
0.0
0.0
0.0
6.812705221888167e-08
0.0
0.0
0.0
0.0
0.0
0.0
0.0
0.0
0.0
0.0
0.0
0.004621504109990404
0.004621285692732348
1.7632248824936185e-07
3.256657536048396e-11
-9.896965025291138e-09
0.0
9.71032831839304e-09
-5.369826862809487e-10
2.7387074675401035e-10
0.0
0.0
0.0
0.0
-9.903698753770567e-09
1.198063219572206e-10
7.940779161490535e-11
8.355200286825488e-09
9.458340955541018e-09
0.0
0.0
0.0
9.881241098155144e-09
1.9808021110261006e-08
1.5769525873641147e-10
0.0
9.996927231292977e-09
0.0
0.0
0.0
1.1269339577689464e-08
0.0
9.976471204709014e-09
9.939106168025659e-09
5.910945382364481e-10
0.0
0.0
7.148463239440313e-19
1.9877137627868033e-08
1.987713776946946e-08
5.608888194719802e-06
2.0695649908915183e-07
4.186502707234768e-07
3.4457325353773484e-06
3.348254389455996e-08
2.524854945879676e-07
0.0
1.2740576242668717e-06
9.512701193970731e-08
1.0438371327519609e-08
5.940647287357886e-10
1.9877137343489903e-08
1.987713720116719e-08
2.283926855994376e-11
1.2321414685756335e-06
3.994639442892972e-07
7.48984938657513e-09
0.0
0.0
0.0
0.0
0.0
2.874027481619567e-09
0.0
4.190055771888429e-06
0.0
2.765502475395349e-09
0.0
1.6255450071452245e-06
0.0
3.635540024054504e-08
0.0
7.949734667411592e-07
0.0034367326836417817
0.0
0.0
0.0
0.0
0.0
8.697016002895154e-08
7.516178754633586e-08
0.0
2.373834826519148e-07
1.3877155124489305e-08
3.213138299325353e-07
9.935014175451957e-09
5.870658960848743e-10
-9.903698759453311e-09
0.0
0.0
0.0006520881014754577
4.61048843579996e-09
9.700299185597356e-07
0.0
7.701178910268686e-09
5.086188982355901e-08
3.4418618008706596e-07
4.759987017753012e-07
1.6204777148525369e-09
4.0053999552220283e-08
8.017232043487372e-07
-3.2280560166558087e-06
0.00010819942516445997
0.00039140043130997393
-0.0014343904665779393
0.0003818411262216091
4.89492390363863e-18
-0.0013262299265284928
-1.372629156897112e-06
1.1321532292314566e-08
0.0
0.0
0.0
0.0
0.0
0.0
1.6649303735262764e-08
1.1321533610608552e-08
6.851183505379222e-10
0.0
1.4020669297204217e-09
0.0
4.856387213570923e-07
0.0
8.07487285135284e-10
0.0
2.305807140706183e-10
0.0
5.74482797639975e-07
0.0
2.797083470741695e-08
0.0
0.0
4.758931002876464e-07
0.0
0.0
5.647058574639649e-07
0.0
0.0
8.110109653292064e-09
1.0620573632178637e-17
0.0
0.0
9.946209356257267e-09
9.123048892642672e-07
-5.397506723347434e-07
0.0
1.6978083704436994e-08
3.0247173605472077e-06
4.041518652174726e-08
1.9044987139366849e-07
1.5803335442758088e-08
1.3047537657093514e-06
6.84362274939662e-07
4.838030306619313e-10
9.502383021111437e-08
7.968154211634109e-08
0.0
2.408475245393582e-07
2.3585915296514537e-08
3.1343139331786896e-07
3.849526650675034e-08
5.8487633005067023e-08
3.562405749611139e-07
8.826927657004198e-08
0.0
2.839880933243841e-08
2.2594772761247165e-07
0.0
4.2151088788170344e-07
0.0
6.121671402045412e-08
0.0
0.0
0.0
0.0
0.0
0.0
0.0
0.0
0.0
9.379994411816513e-09
0.0
0.0
0.0
3.917571820577734e-07
0.0
0.0
0.0
-7.748044931256979e-08
0.0
0.0
0.0
0.0
0.0
0.0
2.0507566222051708e-07
-0.0019175534561856058
0.0
0.0
0.0
0.003039147092510497
1.0360108137521882e-11
-1.0360108475215289e-11
0.0
-3.327900664139377e-10
0.0
4.3068331259917454e-05
0.0
2.2277489371244222e-05
17.561661903106245
0.0
1.0245390921105693e-08
-0.003003836388359547
-0.0007860536055136305
7.469952899947715e-08
0.0
1.657994715081836e-08
0.0
5.59188216941962e-09
0.0
9.622646384219554e-09
2.79651869092422e-10
9.622646383758513e-09
5.848189004408309e-07
6.573696931014401e-09
0.0
-2.35573855286227e-10
0.0
0.0
0.0
3.2591402501808026e-10
0.0
0.0
-2.6270667398074783e-10
2.3125368161083892e-07
9.978575377401417e-09
9.97857533841995e-09
0.0
2.018828738011988e-08
0.0
0.0
9.961109404416904e-09
-0.0007864089857231114
9.773447063066873e-09
4.2803136502955687e-10
-9.893103157868066e-09
0.0
8.86251282959051e-08
0.0
0.0
0.0
2.360168377791761e-08
0.0
0.00010819942516446497
-4.777883138310174e-09
0.00010819942516448149
0.0
0.0
8.862512717101958e-08
0.0
0.0
0.0
2.3601683228826867e-08
0.0
0.003039147092510492
2.7279620045823205e-07
9.953690052301746e-09
0.0
-4.270216447146134e-08
2.5491336805006714e-08
0.0
6.248831604276405e-08
6.176079898196505e-10
-8.510733738993101e-09
2.475789862380897e-08
2.8027109442031305e-08
1.0194494137749643e-09
4.10486510093632e-09
3.3257821514115493e-09
2.98776838361897e-07
0.0
3.0829585628446615e-07
5.775664990798827e-09
5.775663497248606e-09
1.763871440808034e-06
0.0
0.0
0.0
1.7540781677978294e-06
4.475480480394038e-10
9.793275491297288e-09
0.0005376609868671609
2.2798464766271686e-05
2.050756621769303e-07
5.091679915744394e-10
9.85588367050181e-09
0.0
6.561866880325664e-09
0.0
-1.2525256309556254e-10
0.0
0.0
0.00080916504129517
0.0008091650412951607
3.394452739439906e-08
0.0
0.0
0.0
0.0
0.0
0.0
5.732726480694563e-09
1.5959894739125957e-08
1.987713748569206e-08
0.0
0.0
0.0
1.9368503261203772e-08
3.1453432323485627e-10
0.0
9.899636718148049e-09
9.899636717981647e-09
5.522376880569193e-10
9.899636718316394e-09
5.522376919722245e-10
6.6507160736243535e-09
0.0
0.0
0.0
0.0
4.631517531126237e-09
1.7936500076925835e-08
0.0
0.0
0.0
0.0
0.0
0.00025657185868306533
-0.00012789693769291386
0.0
0.0
0.0
2.4703011984898747e-09
0.0
2.470302134220897e-09
2.470303148457852e-09
0.0
2.4957647350171825e-08
2.6861505728339524e-08
1.2204071740385153e-17
1.4588432099707851e-09
1.458843205334292e-09
0.0
0.0
0.0
9.888450999001597e-09
0.0
0.0
0.0
0.0
0.0
0.0
-1.1385759881170691e-11
0.0
7.605811119085278e-11
-9.797689088569024e-09
9.590947517958484e-07
0.0
1.676738409267302e-05
0.0
0.0
-0.0002707696488045054
0.00027079344587877956
9.420982076990586e-09
0.0
2.495764738457276e-08
2.4957647374179006e-08
7.605799443815769e-11
0.0
0.0
-9.930514329918534e-09
0.0
0.0
3.7411225838110977e-11
0.0
9.34985143019422e-09
9.349851429992791e-09
3.0644974405302783e-16
0.0
8.956764972875477e-09
4.6576588022320346e-08
2.7238268405500776e-08
2.4957647366670697e-08
0.0
0.0
4.84581843146696e-08
3.873740105678134e-08
9.720783163401753e-09
0.0
0.0
0.0
0.0
8.616036453610578e-08
0.0
7.605771882807886e-11
7.60578634939846e-11
4.526732307493436e-07
3.4676108627148336e-08
0.0
3.611360568945211e-10
0.0013118847763338944
0.0
0.0
-17.562889481386108
5.909385102540418e-10
0.0
9.938947659642174e-09
0.0
-9.547225039358446e-09
0.0
0.0
3.5385420222222227e-09
0.0
0.00012730422096331694
9.7783363204394e-09
4.879348373818672e-10
4.3284306074961605e-10
4.3284306009835954e-10
9.834311923535604e-09
0.0
0.0
-9.88602686799323e-09
8.956764972062325e-09
1.7378329437773775e-06
0.0
0.0
0.0
0.0
0.0
0.0
4.9961435085507645e-09
4.996143508550761e-09
0.0
0.0
0.0
0.05824029936362189
0.0
16.365181979727673
-16.365181959841365
9.945843079022312e-09
9.897755936035086e-09
5.507237600256272e-10
8.851304665043942e-09
0.0
3.917095361203281e-08
0.0
6.05453013357903e-10
0.0
0.0
1.1839072418126706e-07
0.0
-9.832644831675452e-08
0.0
9.937056969649711e-09
1.0573172953973181e-08
-1.215795187132842e-09
0.0
0.0001282750305355157
0.000128303735896583
2.7198309208432077e-09
0.0
0.0
4.535771569369544e-09
-5.18437767412297e-09
0.0
4.6141807573258523e-08
1.0573172964580831e-08
0.0
9.897412934142864e-09
1.737829170789816e-06
0.0
0.000652634501303262
0.0
0.0
0.0
1.6067972945474784e-06
1.5812934821599826e-06
1.6067972945474886e-06
0.0
1.977242478674838e-08
5.704794496344916e-10
0.0
8.461939344108709e-10
0.0
0.0
0.0
9.850536033213682e-09
9.850536025513305e-09
-6.249513169009902e-05
4.329852327052826e-18
-8.956764968755509e-09
0.0
9.728152290089379e-09
8.137045602088513e-05
8.137045602088513e-05
0.0
0.0
0.0
0.0
2.5854023958612776e-09
0.0
-2.6811336732955333e-09
-7.162217620696816e-09
0.0
-2.919570638223628e-08
-1.7045530364927517e-08
3.428670062720764e-13
0.0
0.0
9.96955919103338e-09
9.979978789166967e-09
6.3133662708304e-10
0.0
0.0
0.0
1.6255450065114969e-06
3.22805601668787e-06
1.6255174264772453e-06
0.0
0.0
1.6255450065613437e-06
1.6261517916946832e-06
6.884269652101214e-10
0.0
0.0
9.969559157602462e-09
-5.7456522417013295e-08
0.0
9.977474624739251e-09
6.288709927849429e-10
7.8424101950067e-09
7.842410208770762e-09
6.124742559401288e-10
9.960825010713764e-09
6.12477849371606e-10
7.842410197915657e-09
9.960821360728022e-09
5.73737787113832e-08
2.666127620794767e-07
1.6255450069438814e-06
0.0
7.842410198641376e-09
7.787248311218513e-09
1.6368567663820443e-06
0.0
0.0
1.6000202569845781e-06
9.969178443719386e-09
7.814829254766657e-09
7.84241017548224e-09
0.0
0.0
0.0
2.2705734525642272e-05
2.0507566220538275e-07
16.234647403950277
-16.234647394124373
4.796628100232732e-10
0.0
9.066559977777538e-09
9.06655998352381e-09
2.486734968786975e-07
0.0
0.0
0.0
9.810702716829458e-08
9.962516253446537e-09
0.0
1.5148213527993448e-07
1.3555697501445423e-18
0.0
1.9536427836586157e-08
9.858572624755797e-09
1.332820792872085e-07
0.0
1.0227168988405502e-08
2.4867349675754814e-07
0.0
9.97889498529592e-09
1.9199079825948928e-08
9.985206464972621e-09
3.2278582925939784e-08
0.0
1.0530372858194769e-08
6.35738355957771e-10
0.0
5.239487295792601e-06
0.0
4.2158137966222126e-10
0.0
0.0
0.0
4.500009480936894e-10
-9.052146256140534e-09
1.8854960488399654e-08
0.0
0.0
1.7814339888148425e-08
-6.648424866195768e-12
