0
1.8941145639914216e-06
1.9280707420432052e-06
0.0
2.6650062774515204e-08
3.801345762159988e-06
1.8043409941570984e-06
2.357029767028834e-07
0.008464988678799574
2.5421694666417066e-06
0.0
6.286427748091719e-09
1.0230074847700055e-06
9.704378892998598e-10
1.0750166350415349e-09
5.006109835371462e-09
1.0610701378359224e-09
1.4144544474175487e-09
0.0
0.0
0.0
0.0
0.0
7.5751559230893e-10
3.1704175597356564e-09
1.4290073639330475e-05
1.987601572472452e-09
0.0
0.0
0.0
0.0
6.223828823730447e-07
0.0
0.0
0.0
0.0
7.099759411602589e-06
9.591865900304109e-11
0.0
0.0
1.3938236763190459e-10
0.0
1.3395765182275979e-09
0.0
7.464397374664187e-09
4.031750384436365e-09
1.0224331109268507e-07
1.186650413764905e-05
2.3421209073418952e-06
2.265117131791967e-06
0.0
0.0
0.0
0.0
0.0
0.0
4.2310598380153925e-07
0.0
8.728806321068462e-10
3.896779959423552e-06
0.0
0.0
0.0
0.0
3.9087531271394686e-10
0.0
0.0
4.732754290461766e-09
0.0
0.0
7.999091350286624e-07
9.71961025185748e-09
0.0
7.812373584405024e-09
-4.4061433274209856e-05
0.0
0.0
0.0
0.0
8.106776809336811e-10
3.5373453310083626e-09
0.0
-4.4061433274292404e-05
0.0
0.0
0.17888000159304468
-2.1163037384145981e-07
3.168533076426734e-08
7.588128358977057e-09
0.0
3.8394182282174355e-10
0.0
1.3796049544359935e-10
0.0
0.0
-5.99524148059259e-06
7.104903470461607e-10
3.47486179741334e-09
4.690257507860429e-09
0.0
1.833140495128111e-07
0.0
1.6676922348249723e-09
0.0
1.279610774736205e-09
0.0
0.0
3.9123350943847744e-09
4.966265164939777e-10
0.0
2.768751423873624e-09
0.0
0.0
1.967363368398641e-09
1.164159512541479e-09
0.0
0.0
2.0952749580724745e-09
0.0
3.785936521814417e-08
0.0
1.638660505718746e-06
0.0
6.8930671646531166e-09
0.0
0.0
0.0
-1.6182393739796979
1.6181029703711225
8.762882595085723e-09
7.817586306089735e-09
0.0
4.282808598348313e-10
0.0
4.2775790175463323e-10
0.0
0.0
4.282484393838809e-10
5.844766332695701e-05
8.846531951840424e-10
8.69518322002991e-10
4.023445771703411e-10
0.0
3.94654870223435e-10
0.0
0.0
3.7727609341858916e-09
0.0
0.0
0.0
0.0
0.0
0.0
1.18917796451109e-09
3.205269160577649e-10
1.902141996863015e-09
4.031200461578897e-09
5.7090780136658e-09
1.1654449972069324e-09
0.0
3.793620836819146e-10
0.0
0.0
0.0
-0.0878842859458561
1.4776692541513783e-05
1.902141996863015e-09
0.0
4.308161877279639e-10
0.0
3.7110811086081536e-06
3.413259124484261e-08
0.0
0.0
9.26721275641499e-06
0.0
0.0
1.1998263786854005e-06
9.115940086632397e-06
1.748981462705835e-09
0.0
3.3878975638424894e-09
0.0
1.1978903994617151e-09
1.4530375535829352e-05
-1.5398518133157477
0.0
1.2122167130005037
0.0
1.0649860504562954e-05
0.0
0.0
0.0
0.0
0.0
7.822053525196718e-06
6.311794272861717e-06
7.103106181422385e-07
6.256804408346213e-07
6.313326498708888e-07
0.0
0.0
0.0
0.0
2.094102895969405e-06
5.9110359227261965e-09
-0.0016523503028666692
0.0
0.0
0.0
0.0
0.0
4.94622245769903e-09
0.0
7.914095777760043e-09
0.0
3.45708965875147e-09
3.942298004061767e-09
0.0
7.83498417754476e-09
0.0
0.0
4.744714840393132e-09
2.6527860231308037e-09
0.0
0.0
2.5872016061260335e-09
0.0
2.665006450226002e-08
4.0103799995590315e-20
7.832015650621023e-09
3.6537643218112052e-09
3.6537643218112052e-09
-7.343572204525291e-05
0.0
2.602822454980084e-09
8.679412623666038e-09
-5.849462269609061e-06
4.086513467752103e-11
-1.092015830869608e-06
5.5840895429585185e-09
3.5458749889425583e-09
0.0
0.0
-0.09181516188234126
-2.7342637040660278e-06
0.0
1.3581821695669272e-09
0.0
4.19441453507502e-09
2.0940043951806843e-21
0.0
-0.5655515327968623
0.0
0.0
0.0
0.0
0.0
0.0
1.8334480750204605e-10
3.027216654119903e-09
0.0
4.379809407235908e-07
-0.008167670810916187
1.3252029605047345e-09
1.4366460161315938e-10
0.0
3.951589513347764e-09
1.7292248378930765e-09
2.077298246169886e-06
2.293681183630928e-09
4.594155196249174e-10
0.0
0.0
0.0
0.0
0.0
0.0
3.205771210539597e-07
2.2114790262847653e-09
0.0
0.0
9.748344157080984e-10
4.086513467752092e-11
0.0
0.0
7.86867299780074e-06
2.672039518834769e-10
0.0
1.2816575759484458e-19
0.0
-0.0021464013211095092
6.207933014940471e-07
0.0
2.997749617207429e-09
7.278298876335598e-09
4.5932900915601315e-09
5.48905206691807e-10
7.868152987511911e-09
0.0
6.369526583269524e-09
7.758844668482291e-07
0.0
6.253791534571102e-06
7.87446733852643e-07
0.0
2.0464291311635945e-09
0.0
2.950471861051098e-06
7.104903465649139e-10
0.0
0.0
3.6813818567228736e-20
0.0
1.16415951254148e-09
5.779858381371769e-07
0.0
4.435540586386574e-09
2.439677036840474e-09
1.4568847901318092e-09
2.744557859877063e-09
2.9346577694846177e-09
0.0
0.0
4.7266033450175224e-05
0.0
0.0
1.8886304294739178e-05
8.831194627932219e-10
0.0
1.4656836729676644e-09
1.5344903459078733e-10
-2.886637507235089e-06
4.8071641489425775e-05
1.8002061071707235e-06
0.00016239054971057068
9.529383803421549e-05
0.00013057186757901978
0.00014598157566306544
9.351396575511781e-05
-2.542169466641708e-06
-2.5421694666417104e-06
0.0
0.0
0.0
0.0
0.0
0.0
0.0
0.0
0.0
0.0
0.0
0.0
0.0
0.0
0.0
8.510863636053734e-06
8.945278038529849e-05
4.4976326308330306e-06
9.656225325534307e-06
8.705446051099916e-06
0.00013087418274693876
1.3259034580520743e-05
6.675279821679717e-05
0.0001329038762754033
8.677615838441518e-07
0.00018684270533459555
0.00017790364008908203
1.1841232949517573e-05
5.953204218025693e-05
3.7627234331124e-05
8.475278943376047e-06
8.714522838822236e-07
0.00018683929313161247
2.8691261919549244e-07
1.1844822410959426e-05
5.953516857533399e-05
2.5192032196595933e-05
4.6010208970576806e-05
7.237435561428781e-05
4.799102935443498e-06
6.709672328728256e-07
2.7535262226645613e-05
2.0918679187882854e-05
4.100260426707034e-06
4.6016086276592066e-05
2.9644667363574274e-07
4.807917958514416e-06
6.734660624986007e-07
2.7547861971084003e-05
2.093138925164013e-05
0.0
0.0
0.0
5.335968859639494e-10
0.0003057108501521058
0.0
1.4290073639330433e-05
0.0
0.0
0.0
4.917812948469226e-05
0.0002571214301716162
3.88310593826696e-05
5.132031407927547e-05
3.883105938296573e-05
0.00015002715548109065
0.0002119519163755507
8.657560216733157e-05
0.00013878688488334312
4.88581508807612e-05
4.88581508810569e-05
4.8858150881352746e-05
0.0
0.0
-1.429007363933047e-05
1.4290073639330465e-05
0.0
8.702582340827457e-10
8.359966889335801e-10
1.0981454492977342e-09
0.0
4.917812948461826e-05
0.0002571214301715422
3.8831059382595576e-05
0.0007106826214146073
3.883105938289169e-05
0.00015002715548101658
0.00021195191637547666
8.65756021672575e-05
0.00013878688488326904
4.88581508806873e-05
4.885815088098297e-05
4.885815088127877e-05
4.917812948454425e-05
0.00025712143017146813
3.8831059382521545e-05
0.0007106826214145334
3.883105938281764e-05
0.0001500271554809425
0.00021195191637540258
8.657560216718339e-05
0.00013878688488319497
4.885815088090902e-05
4.885815088120479e-05
0.0
7.973080345278992e-05
0.0
0.0
0.0
0.0
5.1033860916645645e-21
0.0
0.0
0.0
0.0
-6.234195780319142e-07
0.0
0.0
1.9280707420429854e-06
-6.223828823743531e-07
6.223828823764154e-07
0.0003298532369206388
0.0006775273639593068
0.0005307130706892438
0.0013354931320469603
0.001792552760430415
0.00017303207146867827
0.0007072131694089891
0.0013033481514906269
0.00031841076842548127
9.248442225295478e-06
0.00021933998141368207
1.514375018288147e-07
0.0
0.0
0.0
0.0003350112008137781
0.00015616922726726417
3.8690897329086047
0.0
0.0
0.0029652549712707076
0.0029652481888358586
0.002964537878217697
0.0029642122671068166
0.002717441903042822
0.0022637274421643603
0.001991762949059988
0.0002253695161429274
0.0
0.0
0.000490169571765913
0.0
0.0
5.652486163513914e-20
1.360598696420905e-17
0.0019528297948046736
10.051882815323346
0.0
0.0
0.0
0.0
0.0
0.00017962397198988863
1.5143750830328716e-07
0.0
0.0
0.003422457818320761
0.003422457818320761
0.0024593854144386736
-3.3373502536644475
0.007400868730816068
0.00017962004493784502
1.514375051209292e-07
1.2152121343957225e-09
0.0
0.0
0.0
0.0
0.0
0.0
-0.0029652548753520344
-0.0029652481888358447
-0.002964537878217683
-0.002964212267106802
-0.002717441903042808
-0.0020906159022146967
-0.0007915506098747933
8.65848181500554e-05
-0.00010176729989097764
0.0028058188289535667
1.0224331106656827e-07
0.0
3.3336415279848386e-16
0.04317940421692671
0.04317940421692616
-0.0028058188289535662
0.0001245604491617047
0.000226048385233392
0.0001866054033925051
0.0005375559394862129
0.0003780541615851411
0.0005857568104617267
8.324149101585976e-05
8.169581507961878e-17
3.3462889390988315
-1.186650413764905e-05
1.1866504137649049e-05
-2.114561419301186
2.1145543195417744
-7.0997594116025915e-06
2.4963672268379546e-05
5.663287672372654e-06
5.66328767237272e-06
7.619795619808525e-05
-2.3421209073413912e-06
-2.342120907341664e-06
0.34324847835508976
0.2233617748152188
-0.00032948939740556167
6.223828823918519e-07
0.00019585348826039382
0.00017110771895388654
1.0283344961826317e-05
0.15301397310584947
-0.1530162351715574
-2.2651171317918294e-06
1.6313207656017898e-17
1.0877121370943487e-17
2.46319305282391e-09
2.463193052412526e-09
0.00011266284503964615
2.8765512518253525e-05
0.0021387760586806023
0.002904022268370156
0.003924625922055815
0.002904022268370156
0.0003592321846387592
7.377063503696432e-06
7.972839548973785e-05
9.212229116863258e-05
9.95079483166407e-05
0.0
0.0
0.0
4.8702779127856005e-05
4.1215394255110245e-07
3.954898036024054e-07
8.709306422403608e-05
6.88333011160733e-07
4.726603345017517e-05
7.972407121497678e-05
0.0
6.200517416732791e-05
0.00024290302311759238
0.00014791903602560968
0.0005961513119215458
0.0008361902207793914
0.00013251838017696278
0.00013119408760697384
-0.0034224578183207604
0.0
3.801345761964405e-06
0.004734425770906349
0.003924625922055814
-0.003924625922055813
0.03303868159799491
0.0
0.0
6.346000085150405e-05
0.0001305597630277098
0.0003477543217224275
0.0
7.20658536563449e-05
0.001316183505950141
9.659262485627452e-06
-0.005158699423914115
6.720138123667112e-05
0.0
0.00013752520383944215
9.366981641977324
-10.180201798625065
0.8130822083379184
-4.2310598380154306e-07
0.0
0.0
0.0
4.506217878504713e-05
0.0007333293135368882
4.359356663821037e-11
0.0
0.0
0.0
8.742392205125641e-05
8.742392205125634e-05
-3.8967799594234465e-06
-3.896779959423508e-06
0.0
0.0
0.0
4.291087252996557e-10
0.0
0.0
0.0
0.0
9.254259888265248e-05
0.0
4.203077140198971e-07
0.0
0.0
0.0
0.0
0.0
0.0
2.6650062744405205e-08
5.259220986485591e-11
1.8941145638933165e-06
5.130631730916023e-05
9.714188676842612e-06
0.0
0.0
0.0
0.00017962750933521972
0.0004841367263803591
0.0004841367263803592
0.00021933998141368205
2.665006358115273e-08
0.00011382348451022979
0.00011382348451022954
2.606632632488333e-19
3.548339528186542e-18
6.015969602218504e-05
0.00014528936563885114
0.00012521673195043306
0.0005011108683506372
0.0002696965323845923
5.7004799239183216e-05
3.381070987763771e-05
6.440075313951983e-05
8.075901959454101e-05
6.138867144207219e-05
3.644507113557592e-05
0.00010835762920054901
0.0005287520112225436
4.9430781138222254e-05
0.0
3.7754900742712143e-06
0.0
4.515511463394499e-05
1.0750166174083658e-05
4.058801275806416e-06
0.00011992816416767013
0.00011992777329235743
0.00011992816416767015
0.00011992816416767013
0.00011992816416767013
1.45411077544277e-20
1.6412688560508445e-20
2.5467965154439058e-05
0.0001309408654008809
0.00015640734541401627
0.0
-1.7915715172684986e-05
2.935031827749012e-05
1.790756254614906e-05
0.000248261212597869
0.0025834705845441067
0.0025834705845441067
0.0
0.00010025828389089747
0.00034850333470305765
0.0
-0.009413230546901198
0.0
0.0
0.0
4.3816567355846645e-05
7.278279269722566e-05
3.1591065503953176e-05
0.0021255840161393614
0.0
9.534204747684824e-05
-0.00016811750661664535
0.0
0.0
0.0
4.876645362950745e-06
0.002821764046248172
0.009413230546901198
2.8109322500625778e-08
0.0
0.0
1.9267761784816296e-05
0.0002417858016063303
-0.025995012790040663
0.0
5.3082335897392716e-05
0.0010033990178861785
0.00019928320021647206
4.161541353150968
-4.162725134821405
-7.999091350286695e-07
0.0
3.227703585059327e-05
-2.180599100021003e-05
2.9285676079683938e-05
0.00033473111165654556
0.0008097998488505333
0.502088782975861
6.491026687673364e-10
0.0
0.0
0.0
1.0327559603566794e-06
1.0327559603572571e-06
1.0327559603579792e-06
0.0021387760586806842
0.0
2.175643682610591e-09
0.0
-2.2585688231499842e-10
2.6650060941667888e-08
0.0
0.0
0.0
0.0
0.0
8.856686925739744e-18
4.36978628046119e-18
1.3435931068947716e-17
7.878523674756476
4.4061433274209856e-05
1.0230074847699824e-06
0.0
-7.878567736189751
0.0
1.993382558220829e-17
1.9493821037249104e-17
0.0
0.0
0.0
1.4290073639330384e-05
0.005292186287653232
0.00011124400214488893
0.0
0.00012452782881960128
0.0004915642082674716
0.0
0.0006160920370870729
0.0003347969500439633
0.00010550398891793561
6.6701949728531e-05
3.8233005186087865e-05
0.0003661707511309123
2.6599883845560332e-05
7.018049156205427e-05
0.0
0.0
2.0224422714679996e-05
2.2708811372917195e-16
2.2708014627440174e-16
2.3792757890885247e-16
2.2708245148211886e-16
9.714188676842517e-06
0.0
0.0
0.0
0.0
0.0
0.0027380960938308443
0.0032346817575762453
1.8877451077642823e-06
0.0
0.0
4.76217516619002e-20
0.0012224794416760506
2.7103444233037425e-05
2.710443560942109e-05
0.0
0.0
1.820040849955942e-05
2.276137300438301e-05
5.487832200365271e-05
2.6832022165449055e-05
4.240731358500105e-05
0.00011160676315754179
2.1238049803547387e-05
1.820040849955881e-05
2.276137300438237e-05
5.487832200365215e-05
2.683271607501169e-05
4.2407853344816964e-05
0.00011160676315754103
2.123832793305918e-05
2.2030716637146205e-05
4.406143327429239e-05
3.2358590467588084e-05
0.0
3.088136777351518e-05
3.088136777351517e-05
-0.17888000159304468
-0.17870827330604688
0.0001354103638115055
0.0008295882704077536
2.1163037384146183e-07
0.0009652102645931006
7.588128201853569e-09
7.588128306246457e-09
1.7208325466908913e-07
2.439249083593694e-08
1.9065302148035326e-07
0.0
0.0
3.4624480399188793e-07
3.462448039918837e-07
3.4624480399187565e-07
3.458608621690684e-07
3.462448039918797e-07
0.0
2.065515220584746e-06
2.3300402849410084e-06
0.0
0.0
1.2612509470167349e-10
0.0
0.0
0.0
0.0
0.0007265272712929787
5.328708065956391
0.0
0.00030498428379168536
-5.329739577511475
0.0
5.329434593365644
0.0
0.04440190019299157
3.23505159463891e-05
5.537391922580021e-10
0.0
1.183518539527741e-11
0.0003612904138977582
-0.000361290413897754
-0.00017311153994964987
-0.0012002123391851814
0.00013878469799288558
0.0018597934501879572
1.64858912049304e-09
5.113951392431584e-09
0.00017574106250512842
5.995241480592591e-06
0.000181742898342203
0.0
0.0
2.4696731762370414e-19
0.0
0.0
0.0
0.0
0.0
0.0
0.0004636913792522017
0.0
0.0
0.002562674709182448
5.0749861435034826e-20
0.0013035460459687434
0.0
4.902787818701598e-05
5.640467005548682e-05
0.0
7.376757670046993e-06
3.481493754287771e-05
0.0002560277578617078
0.32103031037851537
8.666360710594589e-05
0.0
2.2201189579931567e-05
3.0682351713705156
-3.0682353520624672
-1.8331404951269278e-07
0.0031987752583840737
-0.0002893899852185035
0.0
0.0
0.0009537092131757047
0.00022155209102939346
3.4543490143984344e-06
0.0
0.0
0.00030256730265960615
0.0005074501891268035
0.0003292370085975796
0.00033524847720814183
0.00017683204111286377
0.0004323973023999756
0.00023112989978666177
0.00021537959447704813
0.0
0.0
0.0
0.0029059515959372487
0.0031411728289361153
8.2154345014314e-11
-1.0230074847699955e-06
0.0004031997477293588
0.0002526724483537329
0.00019364033725260756
0.0006052543583489071
0.001222871645838392
0.0001381761065576977
0.00010451656044933527
8.17530638394124e-06
7.550980148543352e-06
2.6650061854299954e-08
0.0
0.0
0.0
7.318321313530875e-05
0.0003085369874829515
0.0
0.0
8.896598649762087e-09
0.0
0.0
0.0
0.0
0.0032350026019012513
0.0
-7.999673320203782e-05
0.0
0.0
0.0
0.0
0.007400868730816068
0.0024593854144386736
0.00023279482151317303
0.0
0.0
4.897746800323764e-06
2.7064315357296904e-05
2.216656855697316e-05
9.51565466100058e-20
0.0
0.0031411728289361153
0.0031411728289361153
0.00023420497145489722
5.663287672372785e-06
0.0
1.0518285122371104e-10
1.0520311396698078e-10
1.0519373140845379e-10
5.663287672372155e-06
0.0
0.00042603052349769337
0.0023295434885294555
6.619003422102294e-05
-0.002821764046248171
0.0
3.7754900742710373e-06
5.663287672372602e-06
3.8013457621013286e-06
0.0
0.0
0.0
0.0032350026019012513
0.003234682024780197
0.0
0.0
0.0
0.0
9.307278836893633e-10
7.499562104018459e-09
2.3534903732484705e-06
4.537349385931736e-06
5.258893915278031e-11
0.0
0.0
1.3575062593988704e-11
0.0
0.0
0.0
0.0
5.66328767237079e-06
5.6632876723706055e-06
0.0
0.0
0.00018165416341997133
0.0001816541634199713
4.875969262635612e-06
4.877294465620084e-06
0.0008094160566512971
0.0
2.902205218945917e-09
1.6939487818400282e-09
0.0
1.6939487818400282e-09
-9.534601041625139e-05
2.125185602633739e-10
0.0
0.0
0.00023344824856625946
0.0
0.0
0.0
0.00018300378252096165
0.0002767347488900219
0.0
0.0
0.0001967410129854878
2.0224422714864145e-05
2.4002009662063848e-05
0.0
1.8834723831503904e-06
1.0355676454075448e-05
0.0
0.0002571299955272535
0.0
3.8839423807707256e-05
0.0
5.13281560526858e-05
0.0
3.883942380800339e-05
0.0
0.00015003573482864015
0.0
0.000211960444832506
0.0
8.658425182297099e-05
0.0
0.00013879548777879786
0.0
4.8866581402916536e-05
0.0
4.886658140321227e-05
0.0
4.8866581403508145e-05
0.0
3.785936525501973e-08
3.785936532844838e-08
3.78593764635821e-08
3.785937285430189e-08
3.7859369133960455e-08
1.5143749838848972e-07
0.0029652548753520396
0.002965248188835849
0.0029645378782176884
0.002964212267106807
0.0027174419030428125
0.002263727442164351
0.0019917629490599793
-0.00022536951614293647
0.00024132625091121852
0.0002413329008270164
1.6216623433594557e-07
1.6216623434796638e-07
0.0
0.0
2.6650066771387073e-08
0.0
0.12351422780006302
9.021438452432332e-06
6.693661375304326e-06
6.978006724554384e-07
2.6650064904775098e-08
0.000331147069333459
0.0
0.0
0.0
0.0
0.0
0.0
2.1066082151235282e-05
0.00012907753943129896
7.845248486363125e-10
0.0
7.163640835640582e-05
0.0006612136925393465
1.2100121793832626e-05
3.6547020366377435e-07
0.00017019699038234827
8.498655246370681e-05
8.923817308181365e-06
0.0002467743600690753
0.0005607330012779747
0.0004252840873795899
0.00039355497712957886
0.0013108474591137151
0.0014138492827564914
8.699584902742993e-05
0.00019082465003576073
0.0004166521108136137
3.278934059921818e-07
3.9960050996485175e-09
0.00010701854039953183
0.000326431134224886
0.0002204434371799336
0.0002939273330959989
0.00021363694357131465
0.00017358066717748988
0.00032960934802865084
0.00016276879765205507
2.2822951299840796e-09
0.014839722784489648
0.0004282389832073304
0.0
0.0
0.0
0.0
0.026453531747955325
0.039276928561622224
0.00014283255448423475
0.0
4.33570285089282e-11
0.0
2.325778540543658e-06
0.00013882640999112383
1.499431446052115e-05
0.0
0.0
0.0
0.0
0.0
0.00016861592996580935
0.0008203808421289432
0.0018853336300204582
1.6182393739796979
0.00043220741355184277
0.0
0.0
0.0
0.0
0.0
3.9343306021782085e-05
0.0
0.0
7.865138823214586e-05
7.865138823214586e-05
7.865138823214584e-05
7.865095995128604e-05
7.865138823214586e-05
0.00012984112616407816
0.00012842715087977376
-1.6185750762731903
1.1413380871259775e-05
0.0
0.0
2.279153978955246e-05
2.2791539789552458e-05
2.2791539789552448e-05
2.279111203165071e-05
2.2791539789552455e-05
6.700422247280927e-05
2.3712552848899526e-05
0.0
0.000182113906917483
0.00018210517025467283
0.00018374383076039162
0.00018211390691748306
0.00018374383076039168
3.4160338810274255e-05
0.0
0.0
6.828545392430427e-05
6.828545392430426e-05
6.828545392430426e-05
6.828502567586489e-05
6.828545392430426e-05
0.40467587585601766
9.83287160169565e-05
6.415808346674388e-09
0.0001966702636506065
0.0
0.0
5.090854868076488e-05
4.023978876372027e-06
0.0
4.439668240559228e-20
1.8877450371366816e-06
1.9012781418229856e-05
1.5381132833798113e-05
8.676693844716173
0.0
0.002707984020168868
-5.844766332695704e-05
0.0029202524079474696
0.008828905763715013
0.2005115510087752
0.0
0.0
0.0
0.0
0.0
0.0
0.0
0.0
6.288270165698139e-09
0.0
0.0
0.000612680281741015
0.0004172242184417165
0.0
0.0
0.04375318922188329
0.0
1.805016800563718e-10
0.0
0.002432812276848304
0.002432812276848304
0.001159692196475344
0.0
3.2352075523748513e-07
0.0
3.370818862669743e-05
0.0
5.837448384327324e-09
1.8454781451427036e-06
9.761365747874105e-05
2.2702304075176477e-05
9.504044357090848e-05
0.0005664936883947989
7.551358093777936e-05
9.738337772933594e-05
0.0
0.0
-0.0017918652257702204
0.0001194598638596374
9.465673961360526e-05
0.000178667477888951
0.0
0.0
0.0
0.0
6.744053308527461e-10
0.0
0.0
0.0
0.00018685195009851107
0.0034173050922864353
0.002800666102919241
0.00015554592080920876
0.04202093646332218
4.213693455830473e-05
6.005625296141138e-10
0.0
0.0
0.0
0.0
0.0
0.0
0.0
0.0
0.0
0.0
0.0
0.0
0.0
0.0
0.0
1.3592847290113548e-09
1.7208325361253072e-07
0.0
0.0
0.0
0.0
0.00020603882842749877
0.0
0.0
0.0
7.595649936403966e-10
0.0
0.0
0.0
0.14036048009158966
0.0033604641108547287
0.0005660559257649771
0.0
5.6573766364494515e-06
0.0
7.221382372603702e-06
5.0747729382656215e-05
0.00030392605070298515
4.3939979772592756e-05
0.0
0.0009560055524428835
0.00011282949275846598
0.00011282949275846599
0.00011282949275846598
0.00011282949275846595
0.0
0.009421996633039744
0.002928787801777637
7.517276907235468
0.0
8.633541571941589e-05
7.155872317790209e-05
-1.4776692541513793e-05
6.383477401538625
0.0773629131145616
0.0
0.0
0.0
0.0
6.460840350995521
1.7208325338008635e-07
1.7208325385321553e-07
1.7208325410177875e-07
0.0
0.0
0.0
0.00021664336808184073
0.08729053767854637
0.0002907590870141709
-4.785976079548512
4.873860365494368
7.439913994120906
6.460840350995521
0.01756245985097398
0.0
0.0
0.0
0.0
0.002800666102919241
3.8690897255113637
9.719261721431865e-06
6.600508354736829e-05
-0.07697169127009192
0.0001057007269118716
2.5548800426746434e-09
0.0039265200366197075
-0.0003072863824397477
0.00011849297066332758
3.3708188626697564e-05
3.37081886266976e-05
0.00031552444587327284
-5.645534951107437
1.7761357064319052
-3.7110811086081523e-06
2.1123796952393534e-05
0.0
0.0
2.432880671105744e-05
2.4227631429230006e-09
2.1606754721291405e-09
0.0
0.0
0.0
9.973081124756998e-05
0.00018183962004448588
-1.1998263786854082e-06
0.0
0.0
0.00021172671189646037
2.1001062270992637e-05
1.1811441232892154e-07
0.0004130031521706698
0.0002609686469464801
0.0003936743652146684
-3.1571628486445813
3.1571537327044945
-9.115940086632402e-06
0.0002408362377203666
0.00010771750671879756
0.0003026307042718741
-9.267212756415014e-06
-0.0003017425863737018
0.0003699819355358252
0.0001402225458804976
0.00021354972361160632
0.0
6.058925497840434
-9.311160072775928
3.252234540802902
-3.41325912448125e-08
0.0
6.883330111220312e-07
6.883330110737852e-07
6.883330110930849e-07
0.0008362675652144304
0.002999284104728008
0.0
0.04185053304419164
7.092948169647372e-05
0.0
2.8784182153918177e-19
0.0
0.0
0.00033115434486336834
0.0
0.0
6.7337487191469e-09
9.311873668390909e-05
1.3078197663710426e-05
6.744053308501952e-10
0.0
2.3534903726774263e-06
0.0018508953765797025
0.0008097644488008606
0.0
0.0
0.0005182529758461648
0.0005182529758461668
0.0
0.0018508863035425374
0.0
9.7138079344456e-06
9.710522580928815e-06
0.0
0.0
9.71926172143192e-06
5.663287672369113e-06
3.775490074270861e-06
4.080309039161276e-05
8.474307016420535e-05
4.403936218247413e-05
0.0
7.728767054233351e-05
4.132673090698344e-05
0.00019070184010806698
0.0011851746603322524
-1.4530375535829269e-05
-0.0011997050358680812
0.0
0.0
0.0
0.0
-1.2122167302460847
-0.4060065130678896
2.9096830970206863e-05
1.0649860504562914e-05
-1.0649860504562939e-05
0.0
0.0
0.002965254875352044
0.0029652481888358543
0.0029645378782176927
0.0029642122671068123
0.0027174419030428177
0.002263727442164355
0.0019917629490599836
-0.00022536951614293192
0.0
1.8877451077474494e-06
0.0
0.0
0.005988696244143579
0.0
0.0
2.6487008524656387e-08
9.35310200080671e-09
5.256268035092221e-11
1.72083252354309e-07
1.7208325271232152e-07
1.7208325213260757e-07
1.720832522142653e-07
1.7208325250433825e-07
1.7208325435784634e-07
0.0
0.0005658481304987372
0.00025560728218792253
0.0005563052030701357
-0.0001634791082701972
1.0262871124975984e-10
0.0
0.0
0.000809799848850534
0.0008097998488505339
0.0
0.00010120118232527007
-0.0001090232358504667
-7.822053525196683e-06
0.0
0.0
4.213523578337062e-06
1.3434175831391993e-19
6.311794272861716e-06
-6.311794272861718e-06
0.0
5.663287672372363e-06
0.0
0.0
0.0
-5.639839011004394
5.639443704365075
0.00039530663931957905
-0.006272057717965081
0.004962199877723476
0.0013035460459687434
0.0008097998488505339
0.00030062240640818316
-7.103106181421855e-07
0.0002531730025434166
0.00011204114431462399
0.0
1.3763134019787366e-09
1.3447111148999226e-09
0.00033460662467401167
-6.256804408345335e-07
-6.256804408344155e-07
1.5398518356752806
3.52492263554826e-08
2.3232651422365156e-06
2.1205340222631852e-06
2.3798034632879673e-07
2.1205340222632394e-06
2.120534022263301e-06
0.042485296814241014
-4.9807389997602804
4.980743897612303
4.897746800323807e-06
0.0006941074026851628
1.4947992560506294e-05
-9.304004693088787e-06
9.937945729550994e-06
-6.313326498709074e-07
-6.313326498708972e-07
0.0008097998488505337
0.0008097998488505337
0.00048413672638035894
-0.002459385414438673
0.0
9.85324439502907e-05
-9.852662216146243e-05
0.0
-0.004734425770906347
0.0027235017629267154
0.0
5.318549242260409
5.318549244376178
0.0
0.0
3.1312335970537795e-05
8.251680584150439e-05
0.0
2.970521818082497
-2.970523911342809
-2.094102895969318e-06
-2.18385901241877e-06
1.5687073328176756e-05
0.003813840044646185
-0.003813840044646185
-0.003813840044646185
0.003813840044646186
0.0
0.0
0.0001646852418996392
0.0001646852418996401
-0.0074008687308160705
0.002459385414438674
2.242222602010773e-05
2.643592486050566e-05
0.0003298532369206388
0.0003298532369206388
0.0003298532369206388
0.0
0.0003811796793352202
0.00161936190445778
0.00034819128092633105
0.0016523503028666696
8.018394918997152e-05
0.0
0.0
0.0
1.0224331101439534e-07
8.201652987435788e-09
0.0
7.206506728653521e-05
0.0
7.863698096706807e-10
0.0
1.401102059224776e-09
2.550927751675268e-06
8.017382987358834e-05
7.206725475840412e-05
8.017424296727638e-05
2.550927751675265e-06
0.0
0.0005152214379427448
0.0
0.0005152296395942376
0.00018260505510635109
0.0003507888404171242
0.003813840044646185
0.0
0.00013673756367694301
-0.0001367346082971424
0.0
0.00014022254588049753
0.0
0.0
0.0
0.0
0.0
0.0
0.0
4.646314070560826e-09
7.91480294831915e-09
0.0
0.0
0.00016484057683385211
3.2919213454397833e-06
2.9043156300881485e-05
7.136133787435441e-05
4.6305755598643466e-05
1.3186327673906774e-05
1.6747378754304874e-06
0.00010483506816066066
0.0
0.0
0.0
3.805796383849306e-09
0.0
0.0
0.0
0.0
0.0
0.0
0.0
0.0
0.0
1.311463199292684e-05
8.510863636053898e-06
8.945278038529866e-05
4.497632630833183e-06
9.656225325534505e-06
8.705446051100107e-06
0.00013087418274693898
1.3259034580520933e-05
0.0
0.0
4.272211518275996e-09
3.6338547891767566e-09
0.0
4.066784772395244e-09
4.2634913335032295e-09
9.103802543845002e-10
2.5758692358045693e-09
0.0
0.0
4.5794520872240004e-09
0.0
0.0
2.9126474265928134e-05
0.00012443117320126365
0.0
0.0
0.00017762130692197445
0.0
0.0
2.1090861389634642e-05
0.0
7.20821811521704e-05
0.0
0.0
0.0
0.0
9.534601041625136e-05
1.0230074847735095e-06
0.0
6.428328170333118e-06
0.0005256545980101766
0.0005331006184921976
0.0
0.0
0.0
0.0
0.0
0.0001241895259110115
2.665006769863908e-08
0.0
0.0
0.0
0.0007340135480884885
0.0
1.666707388292039e-10
4.1848119639444755e-09
1.0853726913717215e-10
1.0853726913856998e-10
0.0
0.0
0.0
0.0
0.0
5.247211218939371e-20
0.0
0.0006332241227856645
0.0007776111176285884
0.0014108320810743116
0.0
0.0003546737800856404
0.0
1.5579761556823586e-09
0.0
0.0
0.0
0.0
0.0
2.5540842899564044e-10
0.0
0.00015611132301976494
0.00015611132301976492
0.00015611132301976494
0.0019528031374301778
0.0
0.00014235965709369746
6.503805846634972e-05
0.0
2.4280960187606675e-05
0.0
4.627514661288695e-08
3.795342900882993e-08
0.0
2.4271114075065344e-05
4.7432332015236376e-07
0.0
0.0
0.044014718001513777
0.0003505022254644773
0.00038014029246270456
7.945876611978328e-05
4.3465814542107935e-05
2.022442271433853e-05
2.022442271452901e-05
0.0004360296972003717
0.00043602833791709126
0.0
-2.6650064458074257e-08
-2.6650064392991373e-08
2.0224422714791686e-05
8.26619448618989e-06
0.0
0.0
0.0
0.0
0.0013073570759452094
0.0
0.0
0.0
0.0
0.0
0.0
5.305261351061459e-20
0.0
0.0
-0.0005328486101814204
7.343572204525291e-05
0.0005553362209033671
5.094811132330633e-05
0.0002171482874186518
1.1739489543366471e-20
0.00015611132301976494
0.00036020951754409385
0.0003602095175440938
0.0
4.744659204533604e-07
0.0
0.0
0.0
6.504309194716106e-05
6.504309194716098e-05
0.0
0.0
0.0
9.045939952342464e-06
1.8058404545098137e-05
2.1338797647353998e-05
2.4316329242251415e-05
4.648173449186408e-07
6.503437366680197e-05
0.0
-9.05223633463625e-06
-1.806480940515884e-05
-2.134310096529201e-05
0.00012460971873448057
0.0
0.0
0.0001246097187344853
0.0013043818370288194
0.0012837589398004162
0.00020485955280526621
0.0
0.0
0.0
2.6472359498012295e-05
5.849462269609062e-06
4.131030441169797e-06
0.0001648405768338541
0.00016484057683385504
1.720832529297573e-07
1.0920158308696145e-06
1.0920158308696099e-06
1.6499204428465551e-12
1.0327592601972042e-06
1.6499203803345297e-12
4.8772944656206604e-06
-0.0003810791707911286
2.0655152205851487e-06
0.00020743124363355064
0.0
2.0655152205848925e-06
4.131030441169727e-06
1.4290073639330453e-05
0.0
0.0
6.223828823797815e-07
0.008292335933418958
0.008292335933418158
0.0013073571285069732
3.801345762140434e-06
0.0
0.0
0.0
0.0006166389893671937
0.0
7.036639735540409e-10
1.9961697820287114e-05
1.913707902765106e-06
0.07554070104091352
0.0058894679759501165
0.19990938556488236
0.00017921753554635416
5.3410260243454274e-05
0.0002326654013259997
0.00011266284503964606
0.00024281919128314982
4.5261779785745855e-05
6.74537009086905e-05
0.0002288814460273699
0.00013677205329365382
0.0011688780996624772
0.00011265708438056203
0.00010530001939233295
0.00028895255025404885
6.1813868770765845
0.0
0.23068106588040216
0.004492846237712927
0.002967806091916195
0.00023377176932124443
0.00042607965574255476
0.00011206723695833889
5.805607919754591e-05
0.00016317585568472652
0.09181516188234126
0.09188793802312686
0.0
0.00012418868893394422
0.0006351165584620888
2.7342637040660286e-06
0.000719023512153407
4.301599894669218e-05
1.5136270942054513e-05
4.836679834140263e-06
0.0
2.4972355365669477e-09
2.291397309933056e-09
0.0
0.00011265638071658483
0.00013677205329365374
3.691931462925e-18
1.9278289078955215e-05
0.0
0.0
4.801290315427116e-09
0.0
0.0
0.0
0.0
0.0
0.0
0.0
0.0009185883256535107
0.0009185883256535108
0.0
0.0
0.0001512031117239252
0.00023512824910529892
0.0
0.0001670129310597194
8.425839690048094e-10
8.175306383941364e-06
0.0
0.0
0.0004599454572041194
0.0
0.0003085370356377875
0.0
0.00010903686037741027
1.7861011967742506e-09
1.0499100930436611e-05
2.94868412756921e-10
0.0002382130890609695
0.0
0.0002313207429046814
1.9532784165457406e-09
0.00018048945819670244
0.0
0.0006598850159271395
0.0
0.00010945784600826552
0.00032948939740556156
0.0
0.0
6.744124655043254e-05
0.0
0.0001164768979481705
0.0001004927249946645
8.1753063839413e-06
4.40393621824744e-05
4.3976268036941e-05
1.9147050419283933e-05
4.268468622128677e-05
0.00024166743807536788
0.00012889263805775108
1.1947508184200203e-05
3.595944893781364e-05
2.9285676079684175e-05
9.955754224630649e-05
0.00011640251207411566
0.0
3.3491259129777044e-09
0.0
0.0
0.0
0.0
0.0
0.0
0.0
0.0
0.0
0.0
0.0
0.0
0.5655515327968623
0.1608756606477909
0.00013220762579013474
3.1501704358348647e-05
0.0025834705845441063
9.215982567877811e-09
9.274403360457409e-09
0.0
1.8878502928525256e-06
3.2684888781815726e-09
2.66500670866626e-08
2.6650067334740587e-08
2.665006751315659e-08
1.8834723831503747e-06
5.262546425648165e-11
5.26116125967506e-11
0.003813840044646185
0.0
3.4244614778171357e-09
0.0028217641382286547
0.0
3.4244744766364115e-09
0.0
1.8877451054600117e-06
1.7712424307478126e-06
1.1650267240841257e-07
2.6650065454469342e-08
2.6650065951613112e-08
2.665006639187751e-08
0.00022235461885673755
0.0001402536828293438
0.0
9.19804832542868e-11
0.0
-0.002821764138228656
1.8043409941570953e-06
0.0
0.0
0.0
0.0015439467994390658
0.0033579110522015112
4.1674017971358865e-05
9.753476978896664e-05
0.00018337119821210443
0.00012442379679294293
0.00011006119365093225
0.0001669237331278917
0.00019037198447481138
0.0
0.0
0.0
0.0
4.87729446561897e-06
0.00025449566117018006
4.807164148942544e-05
0.0005056499830196324
1.8002061071703711e-06
0.00016684645888700864
0.00016239054971057035
0.00023995463917392596
9.529383803421507e-05
4.62601735338436e-05
0.0001305767335109274
0.0002864157267369098
0.00014598157566306504
0.00013761593403154357
9.351593153717817e-05
0.00041485408389863325
0.0004223400070648831
0.001716436051615719
0.00019585348826039396
7.728767054233365e-05
0.06931969541139271
9.568833042281677e-07
9.280305740328085e-07
1.8834723831503675e-06
8.864054162717558e-05
6.674655892538418e-05
0.00013289703491784952
8.624488958781236e-07
0.000575786375850358
0.00035617327323388023
1.1835771631695881e-05
5.952853958878588e-05
0.0
0.0
1.8834723831503815e-06
0.0
0.0
0.026596371475362923
0.0
0.039276928561622224
0.0005304888882210097
3.194566696011181e-05
6.87717052867426e-05
0.00012725274000552518
3.160420704646861e-05
4.308060763401679e-05
0.00013914206092847866
5.528129617857843e-05
-0.001159692196475344
0.016867371468209966
0.04534857766209201
-0.1403604800915897
0.04202093646332219
0.0
-0.12351410968565071
-0.00025485903098371285
1.143806655773255e-05
0.0
0.0
2.1303783433237815e-08
0.0
0.0
0.0
2.784540653340405e-05
1.1438066557732832e-05
2.2755619010149774e-05
0.0
0.00012695629333188925
0.0
2.679763424484137e-05
2.1303783433594674e-08
4.2408187857258e-05
0.0
0.00011159419895739413
0.0
3.435044621558317e-05
0.0
3.928347309113633e-05
2.2746703461324862e-05
0.00012694739091208087
2.6818938028274277e-05
4.2399270189627086e-05
0.00011158527349140178
3.434152949392109e-05
4.379809407253898e-07
4.3798094072419065e-07
-0.0015683054772004314
3.607248438789383e-20
0.0
0.0
0.0
0.00866241175255857
0.008167670810916187
0.0003762463790545323
8.510863636053556e-06
8.945278038529832e-05
4.497632630832873e-06
9.656225325534095e-06
8.705446051099708e-06
0.00013087418274693857
1.3259034580520552e-05
6.675279821679704e-05
0.00013290387627540318
8.677615838446134e-07
0.0001868422762258701
0.00017790364008908187
1.1841232949517896e-05
5.953204218026701e-05
2.5192032196595798e-05
4.601020897057668e-05
7.237435561428769e-05
4.799532044168743e-06
6.709672328726654e-07
2.7535262226645467e-05
2.0918679187882722e-05
3.2919213454396194e-06
2.9043156300881315e-05
7.136133787435426e-05
4.630575559864326e-05
1.3186327673906575e-05
1.6747378754302842e-06
0.00010483506816066046
0.0
0.0
0.0
3.805796384532262e-09
0.0
0.0
0.0
0.0
0.0
0.0
0.0
0.0
0.0
1.3114631992926691e-05
-5.074772938265517e-05
3.7754900742713943e-06
2.665006430723421e-08
0.00030760496471599936
4.875969262654163e-06
0.0
0.0
1.42900736393304e-05
0.0005546281338568008
1.7702173879129042e-05
0.0010383543800787218
0.00010654405564728608
3.3084473924641604
0.0
0.0
0.0
0.0
1.6854094313348633e-05
0.025760629661336118
4.875969262648172e-06
0.0006621533776245775
6.743435422959256
4.802447276421662e-05
-0.00010941358804185348
-9.848887508510996
-2.812566632864068
0.0008094160566512971
4.875969262651465e-06
0.001169790616630413
0.0015683054772004314
0.0
2.332476784037708e-06
0.0
0.0
0.0
0.00033070269618484056
0.0
0.0
0.003926520036619707
0.0039265200366197075
0.000484136726380359
0.0008097998488505335
0.003924625922055814
0.0008097998488505334
0.0039265200366197075
0.0008097998488505336
0.001484552759354142
0.0
0.0
0.0
0.00012241828379714855
-0.8080581740058931
0.8079336784238498
-2.0772982461698777e-06
-2.802916234777786
0.0
0.0
0.003234681757576246
2.9119324594259884e-05
0.00012442175597447317
0.0
0.0005402024151345458
0.0008143016245178536
0.0
0.0
0.016867371468209966
0.0
0.016867371468209966
4.447503220186762e-11
2.9119324594259603e-05
0.00012442175597447287
0.0
0.0005402024151345455
0.0008143016245178533
0.0
0.0
3.3084473924641604
3.3373502536644475
8.946567917588369e-10
4.875969262644342e-06
-0.00010801390421580234
0.00015616922726726417
8.118127780142524e-05
2.6840918853609957e-05
0.0
2.27039410126673e-05
1.666018695363433e-05
-3.348364493051904e-05
0.00028004259148139824
7.605420120334671e-05
0.00022972473779167164
3.2415668958040106e-05
7.686256195243613e-05
0.0003346085429041824
0.0
1.9182302038597752e-09
0.0001154033145697665
8.864198312231933e-05
0.0
1.4414951768972468e-09
0.00011540240164099579
0.0
9.129288038513627e-10
0.004008756854333819
3.859006697296809e-05
1.4290073639330314e-05
0.0
0.0
2.9022052189449955e-09
0.0
-3.2057712105399334e-07
-3.205771210540339e-07
-3.20577121054081e-07
1.9278289078955246e-05
2.812702913097285
2.812702913097285
3.4368188928789036e-05
0.0
0.0
1.8877450371361596e-06
7.550980148543369e-06
3.775490074271789e-06
0.0007594179758769274
1.4851413036459515e-09
0.0
0.0
0.00019096016401059853
0.0001909601640105985
1.720832531562321e-07
3.8013457620426758e-06
0.0
0.0
0.0
0.0
0.0
0.0
0.0
0.00015084204544478787
8.879461225540178e-06
0.00041354538749178136
9.253100145281116e-05
0.0003361702769521696
1.1275787463879776e-05
9.029416213658671e-05
2.1773074821752184e-05
0.00030816762915638935
2.675247458183412e-06
0.0002629788203168143
1.149056289184015e-05
0.020776879183034308
-0.020736249644088153
7.331216909090638e-18
0.0
9.778596680223764e-08
8.833629151071038e-08
8.505098896611768e-10
8.83362915107469e-08
8.83362915108229e-08
6.883330110641536e-07
3.227703585059334e-05
0.002138776058680602
1.6393811542611524e-20
0.0
0.0
0.0
3.636453512240832e-07
0.003141172828936116
-0.0031411728289361144
0.0
0.0
0.0
0.0
0.0
0.0
0.0
0.0
1.0522273380543178e-10
2.7064315357296883e-05
0.002574541213320097
9.534622293481163e-05
0.0006775303261818605
0.0
0.0
-1.556411161499087
1.5564032996043131
-7.868672997800748e-06
0.0
3.22770358505934e-05
3.227703585059339e-05
1.0522072024213819e-10
1.8877450375685786e-06
1.8877450373523627e-06
0.003234682024780197
0.0032346817575762453
0.0013035460459687434
0.0
0.0
0.0
9.310779619795962e-10
0.0
0.0
0.0
0.002146410295887578
0.0021464013211095092
3.227703585059337e-05
2.1560481780384687e-18
2.156048178033677e-18
9.418345695184438e-05
9.480425025334177e-05
-6.207933014953402e-07
6.223828823805849e-07
0.0
0.0
9.044169755804885e-05
0.0002445695032557292
0.0
1.0521082646230376e-10
1.0521672802634548e-10
1.7723287735126334e-05
0.0002390352817679604
0.00022965123719594
0.0
0.24351292358594023
0.0
0.0
-6.771872495694101
0.0
0.0
0.0
0.0
0.0
0.0021387347116625243
0.0
3.883105938244754e-05
0.0
-0.027270394261386083
0.0
0.0
0.0
0.0
0.0
0.0
0.0
0.0
0.0
4.4833477851408497e-05
1.514375019374253e-07
1.5143750200624928e-07
1.7208325318783716e-07
1.7208325316765457e-07
3.235207552230075e-07
0.0001648405768338531
0.0
0.0
0.0
0.0006405703162084193
0.0031411728289361153
8.676693844716173
4.116122574513825e-05
8.720569503514865
-8.720570290666728
-7.874467338526724e-07
0.0
0.0
2.180599100021006e-05
0.0001062049182569219
0.00021681716570283457
0.002490887118797022
0.0
0.004962199877723476
0.0
0.00017067678067958633
5.268822446103736e-05
-0.583075445697519
0.5829566821514903
-7.758844668482129e-07
6.253791534571092e-06
-6.2537915345710986e-06
1.894114563981624e-06
0.012007222633247213
0.008769648225951741
0.0
0.0
1.3575062594282807e-11
0.0
0.0
0.0
3.458157529971678e-06
6.253791534571083e-06
0.00022854168378252422
0.0
4.672122288863207e-05
1.8941145638937434e-06
0.06432774531326274
4.4860874832634295e-18
0.0014543309003871904
1.537626037991327e-05
0.00018987300823774302
0.00020524825234787298
0.00018987300823774305
0.0
1.0162697832318326e-09
0.0
0.00026630429358221873
8.362121569444043e-06
0.0007420810141610452
0.0004757746048109149
1.1823203424289664e-20
-2.9504718610511445e-06
-2.9504718610511174e-06
-5.639817891011726
3.426619016926339e-19
0.0
9.223181031226405e-09
9.317042636997188e-09
0.0006957873396112733
0.0006957873396112733
2.3133491339423096e-17
0.0
0.0
1.8941145639914216e-06
0.0
1.1451724192025827e-09
0.0
-0.0011697906166304127
3.5803097510186e-20
-5.76840665718103e-07
-5.77985838137236e-07
4.466508351518356e-17
0.00032968115366770325
0.0003072863824397477
0.0
0.0
0.0
1.5143750518437037e-07
1.5143750520143715e-07
0.00032968115366770277
0.000414854083898633
0.001159692196475344
0.00041485408389550364
0.0003072863824397477
0.0003072863824397477
0.000414854083898633
0.0004148540840645139
4.6558751626703573e-07
1.4384923080987342e-07
2.5368066681146435e-07
0.0
0.0
0.0
0.0
0.0
1.0224332174731501e-07
1.0224332169044547e-07
0.0
0.0
0.0
1.0224332157665217e-07
0.0
0.0
8.561958105709938e-05
0.00041485408389863314
0.000329681153667703
1.0224332144612316e-07
1.0224331446867126e-07
0.00010757650047603556
0.0
0.0
0.003819028547979879
0.0
1.0224331788694029e-07
1.0224332125926748e-07
1.8877450377846976e-06
4.2135235783354184e-06
2.3257785405490047e-06
0.000814142470295252
1.4290073639330367e-05
7.597307663688576
-7.597307657544987
0.0
1.8043409941570669e-06
-4.726603345017521e-05
-4.726603345017519e-05
9.132070201067972e-05
0.0004807510685370009
2.726184948149017e-05
7.733820075447
-7.7338200815263205
9.045261385175229e-10
0.00016484057683385163
-0.004375683321121926
0.0
3.0812461705187246e-07
-3.0105973047174123e-07
0.0
-0.0007935319294194443
1.821117289084907e-17
0.0
9.132070201067961e-05
0.00015192296587097971
-1.8886304294739107e-05
-0.00017080927016571864
0.0
0.00046687122872411706
0.00020271342875632882
0.0
0.0
0.0
0.00042723066138845406
0.0
0.0
0.0
0.0
0.0
0.0
0.0
1.0884668780730442e-05
0.00073257085415021
0.0007297760106673743
1.656614977080117e-05
2.886637507235091e-06
