0
0.0
5.971902034302019e-09
0.0
0.0
3.7763918292776345e-09
1.1979123886360486e-07
0.0
0.0
1.1176115445257093e-08
0.0
0.0
3.579891412798189e-08
0.0
0.0
0.0
0.0
0.0
9.7690799762247e-09
0.0
8.29454815730637e-09
0.0
0.0
0.0
1.4908133143259908e-09
2.0283130994894304e-07
8.524823235587881e-09
0.0
0.0
0.0
0.0
0.0
0.0
0.0
0.0
0.0
5.803226791070159e-05
4.145857521031958e-09
0.0
1.9901890499250854e-08
0.0
0.0
0.0
0.0
0.0
0.0
0.0
0.0
0.0
0.0
0.0
0.0
0.0
0.0
0.0
0.0
0.0
0.0
0.0
0.0
0.0
0.0
0.0
0.0
9.464375324269246e-09
0.0
0.0
1.2645051505769518e-09
0.0
0.0
0.0
0.0
0.0
9.741765620003423e-09
0.0
1.253561804825687e-11
5.690869545636787e-10
0.0
0.0
1.372002260859265e-08
0.0
0.0
1.015465143883957e-10
1.1809080209099643e-25
0.0
3.608213234083684e-05
4.898866579694592e-13
2.1293915208863434e-08
0.0
9.614410701325518e-09
0.0
0.0
7.192326323456931e-09
0.0
3.941783493913868e-08
-2.9877826572171353e-08
0.0
0.0
0.0
0.0
0.0
0.0
0.0
0.0
0.0
0.0
0.0
0.0
0.0
0.00020019625224463968
0.0
0.0
3.1337373334416796e-09
0.0
0.0
0.0
0.0
0.0
0.0
0.0
0.0
3.6143342875868537e-09
0.0
9.746717889840851e-09
0.0
0.0
0.0
5.94125996193867e-07
-6.273960985011036e-07
9.456927682134077e-09
9.616326788108863e-09
9.398216375925387e-09
0.0
8.441916831147931e-09
0.0
0.0
9.827630080709816e-09
0.0
0.0008095997152196403
1.9219879931965332e-08
0.0
1.3912005459608068e-09
9.133168654339392e-10
1.763627125916082e-08
1.666061153648086e-20
0.0
0.0
0.0
0.0
0.0
0.0
0.0
4.0680738848888043e-08
0.0
0.0
1.941159106578189e-09
9.44170557535825e-09
9.646153936883557e-09
9.754893820586801e-09
0.0
0.0
0.0
0.0
6.065718616755386e-09
-0.00025937681661986067
1.7492536096977445e-08
7.542088251228196e-09
0.0
1.887974171942077e-08
0.0
0.0
0.0
0.0
0.0
7.911658779603627e-08
1.5763290228069709e-09
0.0
0.0
0.0
0.0
0.0
0.0
0.0
0.0
0.0
0.0008682971251090521
5.0321481583571075e-09
2.958641756896521e-05
9.431318940973714e-09
8.142455730828087e-08
0.0
0.0
0.0
0.0
3.039326496986988e-21
0.0
0.0
6.05178626599434e-08
0.0
0.0
2.5575190911954397e-09
0.0
1.1069317519980845e-09
1.9819057859761667e-08
0.0
9.327998872764991e-09
3.807949301225884e-09
1.590764380138009e-08
4.371754943016187e-08
7.71227687985553e-08
0.0
9.444402245365361e-08
1.1010188131672972e-08
0.0
4.152000362863695e-09
0.0
8.886295718352502e-09
5.762313705692092e-09
6.56172896867537e-09
0.0
0.0
0.0
0.0
0.0
9.861811283514746e-09
0.0
0.0
0.0
0.0
8.307755261933982e-20
3.0607614170910848e-09
3.880372215852319e-10
0.0
0.0
0.0
0.0
9.521860460729332e-09
1.3486880757568277e-11
7.54972448966773e-09
2.6649816717216e-12
9.8183155737038e-09
0.0
0.0
5.2475013104309795e-11
2.646595334165891e-06
6.298543284155578e-12
0.0
0.0
0.0
0.0
0.0
0.0
-0.0004407321966467564
5.551532238776328e-25
0.0
0.0
9.481434568802455e-09
0.0
0.0
0.0
0.0
0.0
0.0
5.94796323455667e-07
3.5756112375049426e-10
9.825318936510051e-09
0.0
0.0
0.0
0.0
0.0
0.0
0.0
0.0
0.0
0.0
2.9588634883244314e-09
0.0
4.711852322287029e-11
0.0
0.0
1.805643874339865e-08
9.577573977726382e-09
9.880024592370613e-09
7.896834599207744e-09
0.0
0.0
1.4201740585268643e-10
-7.896834442184777e-09
8.681925553982433e-18
1.2520127962964539e-09
-4.839508146698701e-08
0.0
9.718337936964983e-07
0.0
9.62541022730646e-09
1.8531872136903543e-09
8.775364044336799e-09
9.771889520203156e-09
1.252012796296454e-09
0.0
0.0
0.0
1.29335335913229e-08
0.0
9.769515780060613e-09
0.0
0.0
0.0
0.0
9.603998641222077e-09
0.0
0.0
0.0
8.770986153325166e-09
3.951797227540535e-08
0.0
0.0
0.0
0.0
0.0
0.0
0.0
0.0
0.0
0.0
0.0
0.0
0.0
0.0
0.0
0.0
6.648462362650277e-12
0.0
0.0
0.0
0.0
0.0
0.0
0.0
-1.7785730758762555e-09
-1.1176115446902908e-08
0.0
1.7226231648537118e-09
1.9739222079247827e-08
9.9791592308846e-09
6.081094219003425e-10
5.956054931783488e-10
9.9905153043308e-09
9.971688295831033e-09
9.879168089185822e-09
9.87916808678057e-09
9.97168830290784e-09
9.977664646495861e-09
9.990346906214997e-09
9.99051542537702e-09
-3.9000110285440775e-10
1.6158446453359577e-08
0.0
5.187491252622236e-10
0.0
8.603186668329762e-08
1.058315570127047e-08
6.465507226568132e-08
0.0
1.6413147470762299e-09
0.0
5.2308050000327015e-09
2.549889500989064e-08
4.962560668169567e-08
0.0
0.0
0.0
0.0
5.897122258230852e-09
0.0
6.824536824082418e-08
2.30535004368881e-11
1.3120791519500912e-08
5.5336460338763086e-08
3.805560895005771e-08
2.8079432353360604e-08
0.0
0.0
0.0
0.0
5.8435371918289583e-08
9.776475358216072e-09
0.0
0.0
0.0
0.0
0.0
0.0
1.1741309884360254e-09
3.6361345656265766e-08
2.7105167998481635e-06
0.0
2.028313099486264e-07
9.989559401901715e-09
5.9464434396567e-10
6.079818764258421e-10
2.094716462361371e-08
1.579636316467066e-08
0.0
6.53947508648894e-09
0.0
0.0
1.2749203925374082e-08
2.1245028308846664e-08
6.609581999835096e-09
3.918207762801498e-09
3.918930711021426e-09
3.919653751434126e-09
0.0
0.0
-2.0283130994905633e-07
2.0283130994916366e-07
0.0
1.9940570808764232e-08
1.995435443135128e-08
1.997990484947321e-08
1.9980732949627288e-08
2.0946984019998716e-08
6.356240795194247e-09
0.0
-9.737725710414619e-09
0.0
-8.238004032583225e-09
1.2749023298843608e-08
1.177343752491844e-08
6.609401424303915e-09
0.0
0.0
3.919473051184393e-09
2.0946803415383762e-08
1.5796002035276287e-08
0.0
0.0
0.0
0.0
1.2748842693184217e-08
2.124466715292602e-08
6.6092208752489395e-09
3.918569262327942e-09
3.919292349895766e-09
1.981084932746175e-08
0.0
5.916939945620714e-10
5.869469512586994e-10
8.294548157419434e-09
0.0
0.0
0.0
0.0
8.954841733857024e-09
5.974112321868259e-10
3.550792008512327e-08
0.0
0.0
5.971902122289115e-09
9.73858453320669e-09
0.0
-9.918665964296983e-09
9.534238466543828e-08
1.1849447159759915e-05
4.594144230806995e-05
5.463286384298382e-06
0.0004559904505437637
1.3137462717600494e-05
1.045797937421818e-06
0.0
4.211527713804762e-10
1.5166484706352972e-07
0.0
1.9739222085975912e-08
0.0
1.3048661149562155e-18
1.690828148430113e-07
1.744319059804784e-07
8.62431741430103
9.893551213699327e-09
0.0
-4.8822860235567256e-08
-4.957155013837162e-08
-1.1964554176915887e-07
-1.4069341813814304e-07
-1.4459261047684857e-07
-8.980229837800479e-08
-6.811592125405875e-08
3.866560047407206e-08
0.0
0.0
1.0822672857398012e-05
0.0
0.0
2.210632753107791e-18
0.0
3.112876918673696e-08
14.820396537042317
1.9901890499401335e-08
5.395138567685502e-10
-1.043707971431343e-08
1.9888414351850765e-08
5.27542424308304e-10
8.62124349808994e-07
0.0
2.93962930225188e-08
1.3266893277161367e-10
1.3978083322040393e-07
1.3978083320692446e-07
0.0
-1.3136754854438856e-08
6.780502235588106e-08
8.620853518967152e-07
0.0
9.940121104937286e-09
9.94012110327265e-09
9.937436866037164e-09
9.937436862992274e-09
9.934650515358671e-09
9.934650512617368e-09
9.934650518198725e-09
5.296871779213175e-08
5.912767913212118e-08
1.1004561760421182e-07
1.406934180932722e-07
1.4459261037970406e-07
1.0264652424048226e-07
4.933459630401815e-08
3.117218228523486e-08
1.3698468595411988e-08
1.3776111017173907e-07
0.0
-7.018227687373424e-14
7.018808651037277e-14
1.663884771050696e-06
1.6638847008532132e-06
-1.377611101496118e-07
1.0420128418930637e-06
1.509622432396231e-07
1.1755956050994387e-05
4.49140535734119e-05
1.628012265825609e-07
1.3156080363560737e-05
0.00045596670801460737
1.80738948416379e-13
0.0
9.833346539388401e-09
0.0
-0.1133416566498427
0.11328362438193201
-5.8032267910701574e-05
5.611813643828863e-08
0.0
0.0
0.0
9.986331024812537e-09
9.986330885924121e-09
0.0005391034485899837
5.1903931964192296e-05
7.006564814449057e-09
0.0
0.0
1.1737317838402512e-05
0.0
0.00048103458939729413
-0.000480994630605025
6.065261028394997e-10
0.0
0.0
9.971508492463153e-09
9.975683205580259e-09
2.8593079673671993e-08
4.1927427213147345e-05
4.8104273605699254e-08
-9.5880441173396e-09
1.2410342309050678e-10
0.0
1.7834572012009268e-06
0.0
0.0
8.306573718831855e-07
8.315932080622168e-07
4.852769387889398e-08
0.0
0.0
3.561000118082928e-07
0.0
2.945762277822455e-08
3.092565195786763e-08
0.0
0.0
0.0
5.956233468129803e-10
5.629828198661851e-08
0.0
0.0
1.8899978674698704e-08
1.1900474011529247e-07
9.803261826789272e-09
3.415312573201016e-08
-1.397808332345707e-07
0.0
3.7763164720466564e-09
-9.614824103554298e-09
1.241021783310814e-10
-1.2410273156349128e-10
0.0
9.76795843992892e-09
9.767958435239745e-09
0.0
1.8094806536679577e-07
6.420909439378899e-07
5.854669309514914e-10
1.901009838398447e-07
2.3878491877194607e-09
6.184109465983452e-08
-4.831041664488112e-07
5.481537042055353e-07
0.0
1.6914335671581514e-07
0.0
-1.4297518902139927e-07
0.0
9.860146220089399e-09
0.0
2.362193315410231e-09
1.9810849431571836e-08
8.6975330276019e-06
8.977830949881722e-06
9.295396726991921e-10
0.0
3.9825891332569633e-10
0.0
2.5846931974265014e-07
2.584693196933516e-07
9.973754061905603e-09
9.973753994480086e-09
0.0
3.9825891330243384e-10
0.0
9.613030437785866e-09
0.0
1.99343464918883e-08
1.993434649145654e-08
0.0
8.29764747442932e-07
0.0
0.0
0.0
2.3123873099760382e-08
2.312138075557075e-08
2.310017334437601e-08
1.987477162779422e-08
9.934650519870664e-09
-4.6471713977260164e-10
3.825099694076044e-11
0.0
5.250827402112954e-05
3.798594942957441e-08
9.958166474808596e-09
6.079121394897327e-10
6.007800687856775e-10
8.521479150263088e-07
0.0
0.0
1.5166484706252083e-07
0.0
6.598390973578898e-07
6.598390970710838e-07
2.876446518772603e-16
0.0
6.56733629070869e-08
0.0
7.768796453962409e-09
0.0
1.285827141358961e-07
1.697877998799574e-08
3.795377905687462e-08
9.763394790335824e-07
1.5941593796208515e-07
1.1748187254689063e-05
4.4923703479366634e-05
3.42185125313682e-08
1.3139101583635947e-05
0.00045592875423558965
0.0
0.0
0.0
0.0
6.496412052515766e-08
0.0
9.749357517580646e-08
8.802919985178816e-08
9.74935751760591e-08
9.749357517555071e-08
9.749357517609204e-08
0.0
1.1916541475206849e-20
0.0
8.806579869277957e-06
8.789700054226055e-06
0.0
-1.256967769103119e-10
0.0
0.0
1.598848566675083e-05
0.0
0.0
0.0
6.093788620561205e-09
1.59746223047657e-05
5.973833182657403e-10
-7.496640316315133e-08
0.0
0.0
-1.264505150545478e-09
4.249078169416211e-06
0.0
0.0
4.235024387699914e-06
3.912754767312262e-17
0.0
2.6845692249711714e-08
5.691300690266507e-10
0.0
0.0
0.0
0.0
8.454589025907013e-08
1.8979346451753172e-08
0.0
0.0
0.0
0.0
0.0
3.978355606235594e-17
0.0
1.3207507100934046e-05
1.6246797311832337e-06
0.00044427441271046567
-0.0004590962777140106
4.0118610702556453e-10
0.0
2.655123160750201e-08
-2.7986659557503366e-05
0.0
0.0
0.0
0.0009633262560253836
9.836598205220499e-09
9.836598337073673e-09
3.736274407767905e-09
0.0
0.0
0.0
0.0
4.810445463287889e-08
0.0
4.0449332741665186e-09
9.84756121142318e-09
9.848006796688027e-09
0.0
0.0
0.0
-3.630840663635595e-10
0.0
0.0
0.0
0.0
0.0
0.00014201768582610056
0.0
3.5798914129565793e-08
0.0
-0.00014201758427959121
0.0
0.0
0.0
0.0
0.0
-5.752648022991376e-10
2.0283130994591614e-07
-1.2876954549878583e-07
0.0
0.0
0.0
9.60959608452861e-05
1.0164395367051604e-20
9.608659473363764e-05
0.0
0.0
2.8788785342410306e-07
0.0
0.0
0.0
0.0
0.0
0.0
9.871689981341827e-09
1.4023830015241267e-13
1.4023005605005772e-13
1.4033063315122156e-13
1.4030564065912334e-13
3.7985949392285165e-08
5.788016490632007e-10
0.0
0.0
-1.3720022611074523e-08
0.0
8.167127596697714e-09
0.0
1.779143407668605e-10
9.976434835971963e-09
9.97643483135243e-09
3.71920554731487e-18
9.235570241976651e-07
9.667191893769079e-07
9.695825755931073e-07
0.0
0.0
5.954557672197484e-08
3.4663829819794736e-09
0.0
0.0
0.0
0.0
5.6359554111286285e-08
5.954557653550796e-08
3.466382606843489e-09
-9.663441141656874e-09
0.0
-9.40364368266456e-09
0.0
5.6347756664686035e-08
0.0
-1.0154651440194822e-10
0.0
9.977474035719521e-09
1.4303852472252743e-05
1.4303852472088578e-05
-3.6091912373414914e-05
-3.612101746119922e-05
2.7997866244472512e-06
4.539140098126083e-09
-4.898866579694592e-13
2.8043252746587193e-06
0.0
0.0
0.0
1.1383717713628552e-08
7.454020591658503e-08
0.0
0.0
1.1261459659602413e-07
1.126145965959756e-07
1.126145965959892e-07
1.222290072974385e-07
1.1261459659611419e-07
0.0
0.0
0.0
8.699581408023396e-09
0.0
1.656948764150567e-08
7.192327255711118e-09
-3.947311805886317e-12
0.0
0.0
0.0
6.16659323283265
0.0
2.8433065615033854e-08
-6.16659325156923
0.0
6.166593230328493
0.0
2.6034922643825646e-06
0.0
9.953181513045983e-09
9.953181507606733e-09
0.0
0.0
9.705447249585934e-09
-3.2549651752168554e-09
2.8355515269140597e-08
1.7034983409174893e-08
0.0
0.0
0.0
3.4278858615411777e-07
3.940400686369358e-08
3.4277475807858803e-07
9.618187987280767e-09
-2.029666536128495e-08
0.0
1.2520127962923777e-09
0.0
9.865608211651591e-09
9.865608069702382e-09
4.851381478670601e-10
8.757133258412222e-09
2.699306243186873e-07
8.757133220505046e-09
0.0
1.9726554090299878e-07
8.810600649286812e-18
0.0
0.0
2.724906100854621e-07
1.0604959070824535e-06
3.3338556478684245e-10
7.782936701831473e-07
1.0080781522280625e-05
8.184621950110302e-05
0.0007881912450360133
5.167497909566814e-09
0.0
9.236875674130008e-05
11.48972030054441
-11.489720260639466
9.973113665585036e-09
4.1544464828881245e-07
-6.071640189231342e-08
-4.371755046861381e-08
-3.4183311229032176e-08
0.0
0.0
-1.505129406975973e-08
1.997838601617173e-08
6.065018264080345e-10
2.78884733200279e-07
3.681444399599983e-06
2.886315007260473e-07
0.0
3.2512273341218158e-06
6.512719895917068e-07
4.801137025991457e-07
1.3233819447124727e-06
5.1296361767826e-10
6.074416236915234e-10
9.879168091621355e-09
8.835184505573487e-10
-9.798653060819063e-09
0.0
-3.5798914128763216e-08
5.4624939147170226e-08
0.0
2.868850821580917e-07
6.6947995471068104e-09
1.6275168372398355e-08
0.0
2.517970519618071e-08
5.463411850236257e-08
0.0
0.0
9.97643484191819e-09
0.0
5.938584298915953e-10
7.726124071327484e-10
7.15021279320101e-08
1.9943197860402994e-08
5.853918627148295e-10
9.727498464714199e-09
0.0
9.21810053876575e-09
0.0
0.0
0.0
-6.750141571916354e-11
-2.3630857047313072e-07
6.063041850532966e-10
1.99768326558041e-08
9.988316592010257e-09
1.981084935571834e-08
6.780502235538822e-08
0.0
0.0
-0.00020019625224463965
-0.00020019625224463962
-8.602599061569993e-09
0.0
0.0
6.344474511815391e-18
0.0
0.0
0.0
0.0
0.0
0.0
7.636159806967527e-11
7.636172603256868e-11
7.636165944142252e-11
0.0
0.0
7.645195249390272e-09
0.0
0.0
9.937100297133239e-09
5.678573317434794e-09
0.0
0.0
3.776391025300454e-09
0.0
0.0
0.0
0.0
0.0
6.058363753790151e-10
1.9975667482589778e-08
6.054267504117017e-10
1.9771388085659896e-08
0.0
0.0
9.84635616794725e-10
1.934130132361696e-08
3.8531967181628086e-11
8.913262077343304e-09
1.1715567814965466e-08
0.0
0.0
0.0
0.0
0.0
0.0
0.0
1.323731799837714e-19
0.0
2.2862447659613764e-05
2.2862447659613764e-05
0.0
3.4656581707292464e-10
4.597290395507299e-07
0.0
6.8648535618249756e-09
0.0
9.989434155500322e-09
0.0
0.0
9.386812100037754e-09
9.386812100131453e-09
0.0
-2.0415110264185993e-09
5.771913488789325e-10
5.730283539776339e-10
0.0
1.940802945927132e-06
8.910700479401474e-08
1.9907349088417137e-08
5.708784624939592e-10
0.0
9.87672912757667e-09
0.0
0.0
-9.948325020134362e-09
0.0
3.1014290829750526e-08
2.5517772282284725e-08
0.0
9.288237497344282e-09
0.0
1.6223974050427073e-08
0.0
9.288959049866598e-09
0.0
1.494134771816361e-09
0.0
2.2367395879771698e-08
0.0
0.0
3.102505169500427e-08
0.0
8.949013928058796e-09
1.3599427169575255e-08
0.0
1.3600148975885111e-08
0.0
1.360087068806278e-08
0.0
0.0
0.0
0.0
0.0
0.0
0.0
-5.296871777998868e-08
-5.9127679127534494e-08
-1.1964554177436304e-07
-1.5030573153121396e-07
-1.4459261041613325e-07
-9.939155912012942e-08
-7.769011115769248e-08
-4.820716574847417e-08
0.0
1.0344184525191861e-10
0.0
0.0
0.0
0.0
0.0
0.0
5.859671090060999e-05
0.0
1.1703084404181263e-08
0.0
0.0
0.0
0.0
0.0
0.0
-3.679641759366942e-10
0.0
0.0
-4.607708322016229e-07
0.0
9.894747994975258e-09
5.138623161697492e-10
0.0
0.0
0.0
8.932521770146959e-08
9.504567424346399e-07
5.207042200419495e-06
0.0
0.0
3.7974833504758174e-08
0.0
0.0
3.625228822550429e-08
7.389433864414239e-08
6.033084982203406e-08
0.0
3.736109654694597e-05
2.117875522266548e-08
1.7600949789474864e-10
8.317588462004202e-08
1.5438468086008396e-08
0.0
3.7379718603712255e-08
1.0224985438895509e-07
9.150303205252628e-08
1.0280897713094688e-08
0.0
0.0
0.0
0.0
-3.2200677009530925e-09
0.0
0.0
0.0
-6.540986959610514e-07
0.0
6.87100228077295e-07
0.0
0.0
0.0
0.0
0.0
0.0
0.0
0.0
0.0
0.0
0.0
0.0
4.2230250528483356e-06
3.512906998109755e-05
-5.941259928476939e-07
2.9534565549160524e-05
0.0
0.0
0.0
0.0
0.0
1.0648933907144738e-07
0.0
0.0
1.7669766758226969e-07
1.766976675823193e-07
1.7669766758228043e-07
1.8609588395832752e-07
1.7669766758240362e-07
4.468373234756247e-07
1.6215922482543507e-07
-6.233496522365506e-07
5.415465474072396e-08
0.0
0.0
7.282640650469531e-08
7.282640650464484e-08
7.28264065046549e-08
8.126832333592244e-08
7.28264065047783e-08
2.7874695186506668e-08
0.0
0.0
2.0290196034637005e-08
1.0605115995915073e-08
1.4219450283689616e-08
2.029019603494502e-08
1.4219450283816924e-08
0.0
3.6298408389655126e-07
2.3909051127394896e-08
7.550800127140396e-07
7.550800127142958e-07
7.550800127144573e-07
7.649076427951349e-07
7.550800127144255e-07
1.963772192654445e-07
3.799079063272126e-07
0.0
7.593250361213e-07
9.480141809639328e-09
0.0
0.0007493334407324968
0.0
0.0
0.0
0.0
0.0
3.575812654910267e-07
0.04407277926816529
0.0
0.0
-0.0008095997152196404
0.0008095706101368282
1.6904664333455607e-06
8.763073837949893e-05
0.0
9.787869440193809e-09
9.658389487601955e-09
1.9249240813571744e-08
9.590851326212277e-09
9.590851326469194e-09
0.0
0.0
0.0
0.0
-9.758667168668726e-09
4.033315996453872e-08
2.9753383441337264e-08
-9.13316865468498e-10
0.0
8.46628837782663e-07
0.0
0.0
-1.7636271259363623e-08
5.742320641411629e-08
5.7423206414108714e-08
1.6588964587605153e-06
1.9608226306975985e-08
0.0
9.633559727717511e-09
-9.931839152612981e-09
6.036280317963944e-09
1.6044823923284482e-09
0.0
0.0
0.0
2.854988442917769e-08
0.0
0.0
0.0
1.146137545024914e-08
9.909971072517179e-09
-0.00020074379086447447
0.0
0.0
1.0755993605325297e-07
0.0
5.784429291796101e-10
0.0
5.479278024161764e-10
0.0
9.88838302103903e-09
1.5195319620099504e-08
5.420283668821498e-10
0.00020055857965751926
0.0
0.0
1.3374343278199933e-07
0.0007831517568113455
0.0
9.904584850426484e-09
9.904585596132165e-09
1.9506767601127258e-08
1.5697704089048106e-10
3.3820024924662397e-10
0.0
0.0
0.0
0.0
-9.646153936884407e-09
0.0
-6.750141931253464e-11
0.0
0.0
8.083220215548588e-09
9.71651298775272e-09
9.656262520598008e-09
0.0
0.0
-3.7602109393722995e-10
0.0
0.0
1.1477061558728837e-05
0.0
0.0
-3.115205436688531e-08
9.936452961063294e-09
5.549752283710121e-10
8.948476924217673e-09
0.0
5.859792593346757e-05
-8.01741955446661e-08
7.040979327767521e-08
0.0
0.0
0.0
1.771166293983325e-08
3.717906409759356e-06
1.5532180900936833e-06
7.335484618449575e-10
-6.065718616786713e-09
0.0
-7.442666929074549e-09
0.0
0.0
0.0
0.0
-8.80176736980931e-08
6.9759072191567795e-06
0.040699874266018926
-1.328147661294743e-18
0.0
-1.7745181364069818e-08
-1.7492536096988522e-08
0.0
0.005059038671827766
0.0
0.0
0.0
-7.54208825124239e-09
0.005059029917122399
0.0
0.0
0.0
-1.8879741719454785e-08
-8.108242742369334e-09
0.0
0.0
5.725737350792545e-05
0.0002021241134468259
-0.005352113217030663
0.005611490033648965
0.035640835594191164
0.005059029917122255
3.3371103129949785e-07
0.0
1.95087795219692e-08
5.812441615769639e-10
-3.760210930939135e-10
0.0
8.624317404407478
0.0
0.0
-2.5796621305320553e-07
1.9189254824448077e-07
0.0
0.0
-1.6931983089826103e-07
0.0
0.0
0.0
0.0
-12.493396347807368
3.869078981515029
9.919955402376193e-09
0.0
0.0
5.347570653652101e-09
2.805336720139944e-05
1.358061123323423e-08
0.0
0.0
6.0362803183456065e-09
0.0
0.0
2.928714265707567e-08
5.117196933623697e-10
0.0
0.0
0.00020065751306429764
0.0
0.0
0.0
0.0
0.0
-7.609174065766748e-05
7.611125149997543e-05
9.718291518000092e-09
0.0
0.0
1.0578016269770157e-08
-7.911658779861225e-08
0.0
2.9302579834796297e-10
4.816546344302223e-07
0.0
1.1458789165313988e-18
0.010575318613467671
-0.010575295196546633
0.0
5.063042571892414e-10
0.0
0.0
0.0
0.0
3.40903796020892e-07
2.470363724153714e-07
6.074579637570979e-10
0.0007831421570165403
0.0
0.0
2.4634070606395825e-16
1.146137545217794e-08
0.0
1.8951046453346525e-10
0.0
1.51953196167758e-08
0.0
8.629905669120439e-08
0.0
0.0
1.7635161262278598e-08
9.795930933516776e-10
0.0
0.0
3.9959797470479706e-08
6.071545024444327e-10
0.0
0.0
6.07209522577761e-10
-1.920972990155116e-08
0.0
2.8025328579622832e-08
0.0
0.0
5.934457300809445e-10
0.0
0.0
0.0
0.0
0.0
0.0
0.0
1.3228812140565211e-06
0.0
4.1975666515128426e-06
7.283380492681094e-08
9.986366584817486e-09
-5.3287139660314335e-08
0.0
0.0
0.0
-5.7273581970146075e-11
-2.9615373425750588e-05
-3.129922036488441e-05
0.0
8.142455727191815e-08
-8.142455729010943e-08
0.0
0.0
-5.2968717766110895e-08
-4.957155014566104e-08
-1.1964554177073096e-07
-1.5030573154509175e-07
-1.3498462202674598e-07
-9.939155917390585e-08
-6.811592119163578e-08
-4.8207165800895346e-08
1.0346508669368976e-08
1.7791430369607465e-10
0.0
0.0
2.17211617621816e-08
1.3341243117202837e-08
0.0
2.812082695632794e-08
9.925067138490437e-09
5.334375531009691e-12
0.0
0.0
0.0
0.0
0.0
0.0
0.0
0.00021376299385234064
3.864085048794653e-06
0.0
-5.079697746088836e-08
0.0
9.498055856377927e-09
0.0
0.0
0.0
0.0
0.0
7.926830980617692e-09
7.871419527450953e-09
0.0
0.0
0.0
5.811509299464253e-13
0.0
9.865042704926795e-09
0.0
0.0
0.0
0.0
0.0
-7.172493873749145e-05
7.173928616597598e-05
0.0
-9.434454309464619e-08
1.1397184282658849e-07
0.0
0.0
4.186827273322138e-07
-6.051786265070372e-08
3.731029956949439e-05
0.0
0.0
2.07196165879457e-08
0.0
8.654752184553638e-07
9.98431766988583e-09
9.984317788660178e-09
-0.0008682875638930029
0.0
0.0
4.7600198005865536e-09
0.0
4.760020073745411e-09
4.760020336505226e-09
-5.939307411531071e-08
-0.30546794401423044
0.3054679354879932
0.0
1.7232777749969003e-06
0.0
-3.8701406883585344e-08
0.0
8.690486713938683e-09
8.690486713817558e-09
0.0
0.0
0.0
3.1695063830439185e-09
0.0
2.9214818246342283e-08
-3.177233733528124e-08
0.0
9.614823982123655e-09
6.603986129074463e-08
9.987215583836737e-09
5.138761781116633
5.1387617800097
0.0
7.746778235797869e-09
0.0
1.8981525206777854e-06
-1.0354674677394487e-08
8.708723206801055
-8.708723186826493
9.987351190944068e-09
-1.835414448615562e-08
0.0
8.556298643685763e-08
-7.59827610452254e-08
-8.556298643908056e-08
8.556298644131672e-08
0.0
0.0
1.5713128819992427e-08
1.5713128820234344e-08
-6.78050223561742e-08
-3.169506370900854e-09
3.977645845048308e-09
0.0
0.0
0.0
0.0
0.0
9.262386839592926e-07
0.0
9.208936148686948e-07
0.0
0.0
0.0
-7.712276879905285e-08
-6.754904418314698e-08
0.0
1.8040891705863823e-08
0.0
1.8977108243952676e-07
9.956638160905289e-09
9.956638182986951e-09
9.9575123702067e-09
9.957512414516231e-09
0.0
6.702324575541628e-08
2.0968523308132058e-07
5.8254978076489366e-08
0.0
0.0
0.0
9.884415936436012e-09
0.0
1.3044658516995212e-06
0.0
8.556298642973991e-08
0.0
0.0
-7.659017346964395e-08
-9.444402245288239e-08
4.816546343791334e-07
0.0
0.0
0.0
0.0
0.0
0.0
1.659492999882713e-09
0.0
4.151966892324885e-09
0.0
-4.152000215537112e-09
0.0
3.580097144890024e-08
5.0696881400477375e-09
0.0
1.0462619027157693e-08
0.0
0.0
0.0
0.0
0.0
0.0
0.0
0.0
8.946050974207236e-09
0.0
0.0
0.0
0.0
0.0
1.0830888680265493e-08
1.2571128773456224e-08
0.0
1.6158446500913826e-08
0.0
5.187492746922047e-10
0.0
8.60318667689535e-08
1.058315576427167e-08
6.465507230275229e-08
0.0
0.0
2.8877960046872784e-09
8.968584520835256e-09
0.0
0.0
0.0
9.68347270207028e-09
6.399953773382129e-09
0.0
0.0
9.338257545359428e-09
8.812747198286374e-09
5.887487769068957e-10
1.4257908448191078e-09
1.7407091704033607e-08
0.0
0.0
4.4455416925369344e-08
0.0
0.0
1.212184974430065e-08
0.0
3.116693017837055e-08
4.660999376809499e-08
0.0
0.0
0.0
0.0
3.579891302390592e-08
1.3613735383869985e-19
4.445922398848783e-05
2.062911026962763e-06
4.6549032301338875e-05
0.0
0.0
0.0
-8.886295699284119e-09
-7.549724512223577e-09
0.0
0.0
0.0
0.0
0.0
1.8690046333958297e-06
0.0
2.1584348110026645e-10
9.975906316184721e-09
9.969556292996326e-09
9.969556287733645e-09
9.934836628079053e-09
9.934836625479358e-09
9.94626595892716e-09
9.946265955045454e-09
9.779596848122176e-09
0.0
9.779596844190059e-09
0.0
0.0
0.0
0.0
5.27112449935751e-06
1.2073749125763917e-10
9.874372471653109e-09
4.937774071819895e-10
9.499443288493774e-09
9.483202227196391e-09
1.0836624815951496e-10
9.483202229785966e-09
0.0
-4.813958258698252e-10
4.511510206335766e-09
4.5115102110951724e-09
4.511510207351721e-09
3.1433560971578654e-08
2.7336263447994393e-18
2.568477640686449e-07
1.534979335810704e-07
0.0
0.0
0.0
0.0
2.5694204803997047e-07
1.9549095892698308e-07
0.0
0.0
2.6679666986632044e-07
0.0
1.9488006833953644e-06
1.324957956192998e-08
1.390962675180247e-06
0.0
9.549603736907264e-09
9.866649245517123e-09
9.869169815001094e-09
1.2656161966629158e-08
2.999899452861812e-09
9.65626250694926e-09
9.842532280987683e-09
9.842458330381737e-09
9.87420975405389e-09
0.0
0.0
0.0
0.0
0.0
0.0
1.151858232238179e-10
1.1518581265667835e-10
0.0
0.0
0.0
0.0
0.0
0.0
0.0
9.255512919354751e-09
-1.692408580899335e-10
0.0
0.0
4.036798626392316e-07
1.2000499028409446e-18
0.0
1.5653609471330023e-07
1.6615361658663528e-07
9.930674829981492e-09
0.0
2.5360362186859163e-07
3.4444123983805816e-08
4.1895905585410886e-08
0.0
0.0
1.6104683487340556e-07
4.9805724473916894e-08
3.0110781969579607e-08
0.0
0.0
0.0
0.0
3.9779225160970716e-07
3.436045136477425e-08
0.0
5.647799064593907e-08
5.00282037799567e-08
3.285590044494201e-08
2.016480189488257e-08
0.0
-1.46439742327014e-10
2.016480190959983e-08
7.74052885259848e-06
5.178533386225213e-06
1.4617863903567506e-07
0.0
-7.549724489672172e-09
0.0
2.5619819794925066e-06
-1.3486880754180145e-11
0.0
0.0
0.0
0.0
0.0
0.0
0.0
0.0
0.0
3.4656581820114326e-10
-6.494148822476158e-07
0.0
4.255155588718813e-07
0.0
0.0
0.0
2.0283130994936216e-07
0.0
-9.818315573702132e-09
0.0
-7.087472408129095e-08
-8.045111785440207e-08
0.0
3.776391561706289e-09
7.265956744288524e-18
5.911432265229858e-10
9.973138696828254e-09
2.019723097933851e-09
0.0
0.0
2.018418289218539e-08
0.0
0.0007801383412942543
1.0408152111697564e-05
8.730473282385684e-05
0.0
0.0
0.0
2.859307952644759e-08
0.0
0.0
1.8673707885299736e-07
0.0
5.825464500311107e-08
0.0005961289863411013
8.891383902328455e-09
3.7825479006472284e-06
4.1406014906721776e-08
3.982489422277138
0.0
0.00014966072686117826
1.3109576527085484e-05
3.3530035119967393e-07
-1.199886361276381e-08
4.271289100188369e-09
-1.0909100012224116e-09
7.569933886545158e-10
5.6866266584520986e-08
-2.646595334165891e-06
-2.5960764795662783e-06
0.0
0.0
0.00022592485272885653
-6.298543284155578e-12
0.00022592301178510335
0.0
0.0
5.931982983064195e-08
0.0
1.984551973952504e-08
0.0
5.857419464470903e-10
8.948035620179544e-09
5.825464483770557e-08
0.0
0.0
-3.986483309805682e-08
9.961494688967478e-09
2.9698490048761804e-08
2.4874371192243905e-08
0.0
0.0
0.0
5.889735929331281e-10
2.3201545822314334e-08
0.0
5.707691030825042e-05
5.7076910308250505e-05
5.680861865973331e-10
9.949751935443973e-09
1.938500473694204e-06
0.0
9.985584847804363e-09
2.161094042517916e-06
9.987215704520411e-09
5.463411889698583e-08
9.988041471178195e-09
9.954764880441334e-09
6.5141929562629916e-06
5.986098208559498e-08
5.155893006401113e-08
9.975892657857646e-09
9.232417549782377e-05
9.977474043191826e-09
0.0
9.958987444612922e-09
9.912470252126883e-09
9.989669598373201e-09
1.1183283201694125e-06
9.990146814676445e-09
2.3080551721005293e-07
9.988515943340752e-09
0.0
9.989686151878303e-09
0.0
0.0
0.0
0.0
0.0
6.065718616842483e-09
0.0
0.0
5.463411876998191e-08
0.0
0.0
0.0
0.0
0.0
0.0
0.0
0.0
0.0
2.4055082672396307e-09
3.8845997771601625e-06
0.0
6.963824750887046e-08
0.0
0.0
0.0
0.0
0.0
0.0
0.0
0.0
0.0
0.0
0.0
0.0
0.0004407420138603513
0.0004405460597799171
0.0
0.0
-8.931488080371475e-09
9.9267870660925e-09
9.939450255726364e-09
-1.0662542046952727e-10
2.7444587372906506e-10
1.1936660897165365e-08
0.0
0.0
0.0
-9.948325016511602e-09
1.1963360584437768e-10
7.915300665200847e-11
8.556298643424624e-08
1.3510039114450866e-10
0.0
0.0
4.777128843221232e-10
0.0
0.0
1.5774426544336471e-10
8.97522371708405e-09
0.0
0.0
0.0
0.0
1.5665399793735102e-07
0.0
9.961399646395575e-09
9.918716793879012e-09
5.374903899721945e-10
1.8383494474415694e-11
1.1979123885437776e-07
1.220818782143803e-18
1.9810849385689563e-08
1.9810849370684735e-08
2.155175026932734e-08
0.0
0.0
0.0
0.0
0.0
8.569254915335372e-08
4.506831849779624e-10
0.0
1.9810849433215927e-08
5.220880618648612e-10
1.9810849414830332e-08
1.981084942983812e-08
3.465658157458088e-10
2.800839300733025e-07
0.0
3.6861141147763907e-06
0.0
2.983529985907297e-07
0.0
0.0
0.0
3.2610559758659036e-06
0.0
6.610144388734465e-07
0.0
4.889803714557106e-07
0.0
8.416669441836333e-07
4.362570688635778e-08
4.478566863288697e-09
0.0
1.322881214179255e-06
0.0
0.0
0.0
0.0
3.239546321972756e-07
0.0
0.0
0.0
0.0
5.642094157944454e-09
5.857165742072551e-08
0.0
9.907756936758535e-09
9.90775693759546e-09
-9.948325018907858e-09
0.0
0.0
3.3113072397725965e-08
0.0
0.0
0.0008096713541975955
7.305739728072841e-08
5.8545297291688234e-08
2.828917264469779e-08
2.04437474710396e-08
8.37655686572242e-09
1.0360076356421914e-08
4.683145756111608e-08
-1.658896458758656e-06
0.0
-0.0005233723569203763
-5.858813760947033e-05
0.0007831517568113568
4.026977962930166e-18
-5.859807650350634e-05
-1.131811737684063e-05
0.0
0.0
0.0
0.0
0.0
0.0
0.0
8.174192793438765e-08
0.0
1.0992489887507165e-10
0.0
1.8512696567253697e-08
0.0
2.994866669773169e-08
0.0
1.8157803625673168e-08
0.0
1.8731132108395617e-08
0.0
5.4471782613418305e-08
0.0
7.267545223231446e-08
0.0
8.772537173426452e-09
2.021187428860808e-08
8.860623864445666e-09
9.28384070109129e-09
4.4651894714572646e-08
0.0
0.0
1.9038208313284902e-10
0.0
5.914458149812126e-09
0.0
9.930674833389084e-09
-1.743362150849853e-07
-5.94796323455664e-07
1.1308592163490451e-08
1.61584464061204e-08
0.0
5.187489752958568e-10
0.0
8.603186659718217e-08
1.0583155638755248e-08
6.465507223092584e-08
0.0
1.6413146587606728e-09
0.0
0.0
2.5498894943347417e-08
4.9625606625163636e-08
0.0
1.3120791474605554e-08
5.533646024471067e-08
3.805560879649267e-08
3.769246273660694e-08
0.0
0.0
0.0
3.580097140035393e-08
5.06968804665391e-09
0.0
1.046261893318986e-08
0.0
0.0
0.0
0.0
0.0
0.0
0.0
0.0
8.946050918632866e-09
0.0
0.0
0.0
0.0
0.0
1.0830888602240206e-08
1.257112870930573e-08
0.0
-3.7179064092629185e-06
0.0
0.0
2.700629459752326e-06
0.0
0.0
0.0
2.0283130994665951e-07
-0.0007493584932504599
0.0
0.0
0.0
-8.300034437525028e-09
0.0
0.0
0.0
-4.4542721027691976e-10
0.0
0.0
0.0
1.02045692122491e-06
14.820396554238132
7.94837227432488e-09
-3.8868080751531e-06
-0.005669417783412456
0.0
4.5972903954878715e-07
0.0
1.7733601124890906e-08
0.0
0.0
8.569033311364818e-09
5.678573316676901e-09
5.678573333778303e-09
5.67857332738151e-09
0.0
6.4170462083835346e-09
0.0
-9.764402626732949e-09
0.0
0.0
0.0
1.24103286824496e-10
0.0
0.0
-9.738927802226127e-09
1.788394289142693e-08
9.958166462950584e-09
5.763819381188966e-10
0.0
0.0
-2.015781037063153e-05
2.0187228948548713e-05
5.602249675177983e-10
5.2491714020774793e-05
9.65838948783625e-09
2.8093112180116046e-10
-9.94363491373107e-09
0.0
1.4358703060203076e-09
0.0
0.0
1.462292583946377e-08
0.0
0.0
0.0
9.635707443221759e-09
0.0
9.635707438912808e-09
0.0
1.4358701246526391e-09
0.0
0.0
1.4622925688169803e-08
0.0
0.0
0.0
1.3136754853165616e-08
9.90450272581668e-09
0.0
-1.6008187047144456e-05
1.744319059696758e-07
0.0
1.6026423250457538e-05
5.770337907583439e-10
-1.0630983315683352e-05
2.96078389088334e-08
3.924876504932096e-06
2.435498648285755e-07
3.442906555746364e-07
6.53671684004405e-08
8.867449174727502e-09
6.166816926822495e-07
8.72162112787899e-07
0.0
6.686894849083268e-09
0.0
3.209957672055802e-07
0.0
0.0
0.0
6.215839270782463e-09
6.21583893179553e-09
1.508067610638347e-06
6.424068407076978e-06
2.0283130994152104e-07
0.0
7.043317925826921e-10
6.864853562561439e-09
0.0
-4.711852321990617e-11
-4.711852321736507e-11
-4.711852349265078e-11
0.0
8.346235688188318e-08
8.346235687916912e-08
2.8107099345712765e-08
9.790041854012818e-09
4.106591900509296e-10
0.0
0.0
0.0
0.0
7.175020061504504e-09
0.0
1.9810849400184183e-08
2.428082249782807e-05
2.428082249782806e-05
0.0
3.7763902213441596e-09
0.0
-1.8056438743393848e-08
-2.013164150119831e-10
0.0
-9.57757397772732e-09
0.0
-9.577573977375166e-09
7.992533135345857e-08
0.0
2.5036605630371364e-07
0.0
4.7997307644103115e-08
1.3476087627842581e-08
8.35458846365997e-09
0.0
0.0
0.0
0.0
0.0
0.0005220932650831155
-0.00026104901825293715
0.0
0.0
1.6833859137555732e-09
0.0
0.0
0.0
0.0
0.0
2.6551231631491138e-08
4.810427346301359e-08
1.3228115333476085e-18
-4.993488231114022e-10
0.0
-9.8800245923751e-09
0.0
0.0
4.1914586747569546e-10
0.0
0.0
0.0
0.0
0.0
0.0
-7.896834599050831e-09
0.0
7.636185986737949e-11
-9.775723644383301e-09
1.8743219437015318e-07
2.8227754629579793e-09
0.0
1.7942146976094845e-18
1.7789899415611524e-18
-0.00015365800523281514
0.00015367151168655695
9.142745770694943e-09
0.0
2.6551231682191814e-08
2.6551231667147642e-08
7.636184547344099e-11
0.0
0.0
-9.801620065932881e-09
0.0
0.0
0.0
0.0
0.0
7.896834442134499e-09
0.0
-8.72782748850831e-18
0.0
6.654890466051683e-08
5.7949817544415694e-08
2.655123165272471e-08
0.0
0.0
1.622290821147545e-07
1.5255792063869798e-07
2.9351426429870405e-10
0.0
0.0
0.0
1.7891862964314682e-07
0.0
0.0
7.636178460352773e-11
7.636181959076791e-11
0.0
0.0
0.0
-9.718337936957366e-07
9.023099255668975e-05
0.0
0.0
-14.820396538340296
1.0535228380773145e-10
0.0
9.480141807014516e-09
0.0
-2.484400621979197e-10
0.0
0.0
0.0
8.586485939523193e-11
0.0002610492677236955
0.0
0.0
0.0
-8.775364046531564e-09
0.0
0.0
0.0
-3.9276987294547887e-10
0.0
3.2555431630618945e-05
0.0
0.0
0.0
0.0
0.0
0.0
4.99471707742966e-09
4.99471707742966e-09
-9.754893815188802e-09
2.071190560440634e-06
0.0
0.0440727792681652
0.0
0.14981796437612527
-0.14981794446077976
9.956358065984914e-09
9.88400964177248e-09
5.036981501483978e-10
2.7986659557499947e-05
6.3731912218381e-08
8.49572031687006e-08
0.0
9.904503883717553e-09
1.1397184279470027e-07
7.364084216231106e-18
5.775742504823825e-08
8.169557758619318e-08
-2.6446654867978703e-05
2.649038250178598e-05
9.88497855954365e-09
1.2933533591073145e-08
-1.2933533591201788e-08
0.0
0.00026103458263321137
0.0002610614061016002
9.785773993892184e-09
1.819048173913779e-08
0.0
0.0
3.9043058037872564e-10
-3.9043058087488796e-10
0.0
1.2933533590842646e-08
0.0
9.883582285970848e-09
3.255542802646289e-05
0.0
-0.0002017456832524349
3.5469051097046734e-18
4.108204661403808e-07
1.1514429437819476e-05
0.0
1.1485669218362422e-05
0.0
0.0
1.9113654554456472e-08
3.9211818899719027e-10
-7.534231387794246e-09
0.0
0.0
7.128601010742128e-11
0.0
9.731057073355162e-09
9.731057071009728e-09
-7.175236332756813e-05
0.0
0.0
0.0
9.877825433978326e-09
6.16763333499172e-05
6.167633334991717e-05
0.0
-4.341253918849208e-15
-8.770986153314891e-09
0.0
0.0
9.181624882606654e-09
9.181624851259743e-09
-1.773360114830369e-08
0.0
-3.0336347330612394e-08
-3.9517972244344204e-08
4.27333823799743e-13
0.0
1.6931983094638353e-07
9.981121122517318e-09
9.979788825729029e-09
9.979788816573496e-09
0.0
-8.149459641067595e-09
-8.138510184784592e-09
8.416669439779297e-07
1.6588964587634329e-06
8.416392105763149e-07
1.6931983091056688e-07
1.6931983088821074e-07
8.416669439914641e-07
8.422770920882814e-07
6.922490180787149e-10
1.0254868067621599e-09
0.0
5.990133689382471e-10
0.0
0.0
9.974208454899128e-09
5.92197923944436e-10
0.0
0.0
9.979995994408497e-09
9.974666063085751e-09
9.974666053652034e-09
-1.2374146035422814e-09
9.979996001357636e-09
0.0
1.3867808093782338e-07
8.416669441347372e-07
0.0
0.0
0.0
6.136688440178575e-07
5.867826913829335e-08
5.8678269097817986e-08
7.923190334571154e-07
5.893158995615005e-10
0.0
0.0
0.0
0.0
0.0
6.308945998198391e-06
2.0283130994506418e-07
12.930450654902716
-12.930450645009627
5.122268938321903e-10
1.197912388336793e-07
9.694797516042713e-09
9.694797515697124e-09
2.4849556556399846e-07
0.0
1.869493253596645e-07
1.900784409273474e-05
-1.890831465500322e-05
9.95992214114053e-09
0.0
-4.2837681485294435e-15
0.0
0.0
1.857172643492458e-08
3.840061805802547e-10
-1.8104532983898025e-08
0.0
0.0
2.4849556547190036e-07
5.064473593047744e-08
9.981604825808508e-09
-3.113448032645089e-08
6.034142652230324e-10
1.8104186118120823e-07
0.0
1.0505398927134246e-08
6.028154092270335e-10
0.0
-8.593605877713116e-09
5.276759143952147e-09
0.0
4.226733195967159e-10
0.0
1.47281657281592e-08
0.0
0.0
0.0
0.0004211196172802343
0.0004211270088740935
0.0
0.0
