0
0.0
1.3986033585166967e-08
0.0
0.0
7.307446445897559e-08
6.100862698535594e-08
0.0
0.0
8.71760887812449e-06
1.3216898015029416e-09
0.0
4.5597741596202585e-08
0.0
0.0
0.0
0.0
0.0
9.334233938365505e-09
0.0
8.677956043222832e-09
0.0
0.0
0.0
0.0
4.165964365275178e-06
0.0
0.0
0.0
8.67795604322283e-09
0.0
7.64720620651332e-09
0.0
0.0
0.0
0.0
0.0029911014044245797
9.333650942408225e-09
1.8394675632417734e-06
1.0000982200666556e-08
0.0
0.0
0.0
0.0
0.0
0.0
2.2508494550833646e-08
2.833686820404001e-09
0.0
0.0
0.0
1.2160515844569316e-21
0.0
2.8700577450366955e-09
0.0
0.0
0.0
0.0
3.99174866062613e-09
0.0
0.0
0.0
1.0885778277317176e-09
0.0
0.0
5.6492438303980004e-11
0.0
0.0
0.0
1.368346787621062e-20
0.0
0.0
5.161431956116606e-10
8.811961551914384e-09
1.0149217425682588e-10
1.7783441641858252e-12
5.568058310535513e-10
6.543972482490277e-21
0.0
0.0
0.0
0.0
1.0149295900235833e-10
2.282320000771433e-22
0.0
0.06400963203075641
4.896283828007648e-13
0.0
0.0
0.0
9.79878931466957e-09
0.0
7.060897650196952e-09
0.0
8.33186799196439e-09
-8.318047837809096e-09
0.0
0.0
0.0
0.0
0.0
0.0
0.0
9.804526142522879e-09
0.0
0.0
9.935231032153472e-09
0.0
0.0
5.110943868575718e-09
0.0
0.0
0.0
9.570210669272925e-09
0.0
2.2819619617356003e-22
0.0
0.0
0.0
0.0
0.0
3.1544733669064013e-09
0.0
9.589647957013944e-09
0.0
0.0
0.0
0.0007716370071602086
-0.0007716380664053446
9.682274465676083e-09
9.140603698869965e-09
8.016987646413137e-09
0.0
9.857859698461334e-10
0.0
0.0
0.0
6.278510601428102e-09
0.0016442914209483137
6.649193734784412e-09
0.0
3.5442651272006597e-09
4.260265174511484e-09
1.4208280931079926e-10
0.0
0.0
0.0
0.0
0.0
0.0
0.0
0.0
0.0
7.693471168139333e-09
0.0
8.023562352625622e-09
9.097393832320632e-09
7.433213745313274e-09
0.0
8.249565298507999e-10
0.0
0.0
1.2520252347173378e-16
9.651018316127895e-09
-0.01221718589901083
6.67212117413171e-05
1.8171103736289743e-09
1.0225884340252201e-08
0.0
0.0
0.0
0.0
7.472340568759257e-10
1.9390885188773946e-08
7.6639888589892e-06
9.800684640229444e-09
0.0
0.0
0.00037105336719717055
0.0
0.0
0.0
0.0
0.0
0.0
0.005868443666466661
0.0
0.06366184694000587
2.6388121601156313e-08
1.1766513911310898e-05
0.0
1.9447172875370488e-08
0.0
9.860353364690535e-09
1.8569301190102083e-21
0.0
0.0
1.5897033941369355e-05
0.0
3.9046665717614923e-08
0.0
0.0
2.926179775185449e-09
1.839998957254079e-08
0.0
6.771511220027219e-09
0.0
3.1566070584556146e-07
9.6840178626161e-09
2.4538684381656743e-07
1.6557309975665495e-08
2.6309660087746522e-05
0.0
7.495545901791e-08
9.854752151523173e-09
0.0
6.101107584735465e-09
0.0
6.5220269703040795e-09
0.0
0.0
0.0
0.0
0.0
2.5073333373193523e-09
0.0
7.354799681814704e-09
0.0
0.0
0.0
9.894252736740023e-09
9.84508775902691e-09
9.823853574592271e-09
1.6915160081743485e-10
5.2398913969439796e-21
0.0
9.811568018216873e-09
1.3479767866156345e-11
1.5850045340597858e-09
2.6608923398008244e-12
9.09348776206909e-09
0.0
-1.0076303940537157e-16
2.2404351543149404e-09
-2.556307510059084e-05
6.29522135137952e-12
0.0
0.0
0.0
0.0
7.828959199733917e-21
0.0
-0.06473830488349286
1.7531405733613828e-24
8.574806699878373e-09
9.923078459744563e-09
9.79315598999674e-09
0.0
0.0
4.517317119823412e-09
0.0
0.0
0.0
-2.1599965527654974e-07
3.219045375732503e-09
7.877124181216262e-09
5.259612802067735e-10
0.0
0.0
0.0
0.0
0.0
0.0
0.0
0.0
6.702037571930244e-09
1.0225057851428793e-09
1.2890821734228378e-09
2.384084910042383e-05
0.0
1.1620156425290428e-21
6.067574510405713e-09
7.50881943791989e-09
1.5850045340597842e-09
0.0
0.0
0.0
6.326988337530741e-09
0.0
9.070599063653524e-18
3.227985975963558e-09
-1.1795198628645857e-05
7.714595544897153e-09
0.0
7.834400059361128e-11
9.499037273277388e-09
9.356946899276593e-09
8.991801353535956e-09
4.7005126009684584e-09
3.227985975963558e-09
0.0
0.0
0.0
1.0073989906001551e-08
0.0
0.0
3.7606764930062856e-10
0.0
0.0
0.0
9.858193613727575e-09
9.846380338420503e-09
2.211657093712883e-21
0.0
0.0
1.1334954083174966e-06
0.0
0.0
0.0
0.0
0.0
0.0
0.0
0.0
0.0
0.0
0.0
0.0
0.0
0.0
9.887651798860655e-09
2.8920686937507538e-09
6.644955934239846e-12
3.45276026495071e-05
4.2873455338275576e-05
1.9623073296081598e-05
4.421258289551164e-08
8.592179355988452e-06
1.9964372873416165e-05
6.723105872379452e-05
-8.717608878124494e-06
-8.717608878124492e-06
0.0
0.0
0.0
9.912984318281774e-09
5.704966830816857e-10
5.5251068380329e-10
5.665968825386441e-10
5.108591763584766e-10
9.816177204797388e-09
4.04770830095058e-10
9.923670376821568e-09
9.96586718693985e-09
9.984087598884891e-09
9.980137030632552e-09
0.0
0.0
0.0
9.650622256398404e-07
8.748534380331306e-07
1.4993224224409817e-05
3.3158031262374625e-06
1.711801434509682e-07
2.0117783146712027e-06
4.639084721712775e-07
0.0
6.86066621426702e-06
1.0465029326336743e-06
1.3245955228215766e-07
1.666093080513027e-07
1.6916524042832832e-06
3.038614225277819e-07
0.0
5.281024428247309e-06
0.0
6.434361130348562e-08
1.6300601424209347e-07
2.4914662515537764e-06
1.0407278633847585e-07
1.2340543868125607e-06
0.0
6.322925093264969e-07
7.357550715696633e-07
5.049816236522968e-06
2.5098575002963924e-06
1.2329966910858424e-07
3.4119477536742946e-07
7.803663998267307e-09
0.0
7.515448988410598e-07
5.068774009273479e-06
0.0
0.0
0.0
2.0493804490304137e-08
0.00011901633429472699
0.0
4.1659643652751695e-06
5.691692951950898e-10
5.504246461947706e-10
5.6590414063364e-10
1.7704750478179535e-05
1.0784832079331213e-05
6.910392008715487e-06
8.622653829101544e-06
6.91039200888061e-06
8.0201398365143e-06
2.23338036657315e-05
1.877379846253184e-06
1.3765162579943023e-05
1.7724200297149182e-05
1.7724200297315102e-05
1.7724200297480623e-05
2.6245653310417718e-09
8.844269732549279e-09
-4.165964365275181e-06
4.165964365275177e-06
6.478682714101587e-20
1.986870846210102e-08
1.9929621109082622e-08
1.9966830533302622e-08
1.995957229804778e-08
1.7704750478138298e-05
1.078483207929011e-05
6.910392008674226e-06
1.0195075123662235e-05
6.910392008839321e-06
8.020139836473233e-06
2.2333803665690204e-05
1.8773798462120021e-06
1.3765162579901737e-05
1.7724200297107617e-05
1.7724200297273662e-05
1.7724200297439274e-05
1.7704750478096997e-05
1.0784832079248992e-05
6.910392008632967e-06
1.01950751236214e-05
6.910392008798034e-06
8.020139836432164e-06
2.2333803665648896e-05
1.8773798461708143e-06
1.3765162579860444e-05
1.77242002972322e-05
1.7724200297397922e-05
4.514893287800272e-09
2.604122376543646e-08
9.932680344881817e-09
5.319503274726018e-10
8.677956044068134e-09
0.0
0.0
1.8353490912205583e-07
8.878438453291779e-09
0.0
5.409505464123446e-10
-4.768060379887353e-09
0.0
0.0
1.3986033652402617e-08
-7.64720624273293e-09
7.647206279859046e-09
7.889393633031191e-07
1.3815781178193667e-08
2.2008455405943794e-05
2.0883000232292056e-06
4.4970937730296616e-05
1.3636494749780775e-06
1.17248932688637e-05
0.0
2.574865111811812e-08
0.00019174213744564916
0.0005299539725454268
0.0
0.0
1.910335133330042e-08
3.658937657103574e-21
0.00044004507628827585
0.0003457972121974169
0.0
4.5953457956042066e-10
0.0
1.112732009658779e-08
-7.534435093187186e-09
-1.5904568375961492e-05
-1.5904766433094686e-05
-1.590504456829185e-05
-1.532790641253865e-05
-3.0246147678236225e-05
1.5624530434654423e-05
-9.333650942411342e-09
0.0
0.0026730180242977085
-1.8394675632416035e-06
-1.829748142981847e-06
3.393319365695909e-18
0.0
0.0005623278832082957
12.466682779614187
1.0000982200662526e-08
0.0
-5.871745577569598e-10
1.976744473539587e-08
3.891793022928473e-10
3.217353984925457e-05
0.0
2.9488857681276677e-08
3.1126419140434074e-10
0.00038057351037073525
0.00038057351037072625
0.0
-0.00213653447639605
2.6286075421119798e-05
3.217349326990603e-05
0.0
9.738244193556911e-09
9.738244185420928e-09
9.874684895221574e-09
9.874684886401901e-09
1.0158323866271333e-09
0.0
1.0158323933723038e-09
-1.793669528876718e-09
7.534434716752192e-09
1.5904568375586792e-05
1.5904766432695666e-05
1.590504456791715e-05
3.076116444895426e-05
2.1759876508065015e-05
1.8688050398620872e-06
-0.0004017322326066511
0.0003805825582610188
2.2508494399047092e-08
0.0
3.7195681843026365e-16
0.01654607987632864
0.01654607987632828
-0.00038058255826100163
3.0140084155084286e-07
4.340267490695333e-07
4.674415886618199e-06
4.524941749533746e-06
6.915855842821125e-08
7.19384401262459e-06
1.01294489428356e-05
0.0
2.511505285078821e-05
-2.8336868159085197e-09
2.8336868114094657e-09
-4.9705744114075605
4.967583310003136
-0.00299110140442458
4.270957688718449e-06
0.0
0.0
0.0
9.978121933258837e-09
9.978121887771474e-09
-1.4721860123692379
-3.09851107065815
-1.3244554612796861e-05
7.647206574245439e-09
2.85360590825958e-07
7.882225766482013e-05
4.809725674833486e-05
3.7478660917357934e-05
-3.742894503350032e-05
9.980851496944917e-09
0.0
0.0
9.939773790766629e-09
9.940364683668022e-09
2.000583947627108e-08
1.280941471948846e-07
1.2819942971056164e-05
7.717615091297828e-05
9.354382915367776e-05
7.71761509129331e-05
6.439719731747131e-05
5.510432680756194e-09
7.230105097329148e-09
2.9000010206404434e-05
2.9014634011524715e-05
1.9725901229492813e-07
0.0
0.0
6.645088774137447e-06
2.9534943410286592e-06
3.141639981100946e-06
2.101140377945913e-07
1.0914863448078685e-08
0.0
7.344592801299954e-09
5.534230686361568e-10
3.0082304620904906e-07
1.2332331438618964e-07
1.8567299140402561e-06
3.7115336665881067e-06
2.6632055054961602e-05
5.4172327040959e-06
4.352014750447699e-06
-0.00038057351037074257
1.2149755388790556e-21
7.307446424368735e-08
9.353680539277501e-05
9.354382915358749e-05
-9.354382915361531e-05
0.001357379744364231
0.0
0.0
0.0
2.2404354820077333e-05
9.730493005245123e-06
5.258199998727003e-10
8.493820424838864e-07
0.00012272042432096486
0.00012277033003828204
-8.164938794319454e-05
0.0
0.0
0.0
0.0
-2.667359863762592e-05
2.6711456317062884e-05
9.823720612181164e-09
-7.472340567485358e-10
0.0
0.0
0.0002144055954723295
0.00014474866144039897
0.0
0.0
0.0
0.0
9.379913938581498e-05
9.379913938577933e-05
9.957400237681213e-09
5.441524040570865e-10
0.0
0.0
0.0
8.880705765850723e-09
0.0
0.0
0.0
0.0
3.196322176164204e-05
0.0
2.963211555359316e-06
0.0
0.0
8.825178505664987e-08
0.0
1.331126262153048e-09
1.0158324008449256e-09
-7.073913516550076e-09
5.256096639153509e-12
0.0
1.104932921601935e-05
0.000120122554553295
9.900348745015976e-09
5.692212178862455e-10
9.93920079898035e-09
3.216361858500201e-05
0.0
0.0
0.0005299539725454089
0.0
3.8955023168564044e-07
3.8955023159633e-07
8.928728233768004e-17
1.4182316066629078e-16
3.096887694046344e-07
1.325833301198222e-07
1.8614574665676077e-06
3.710455282351669e-06
7.768697894881175e-08
4.426036305617458e-06
3.7046663887276766e-06
0.0
3.014434189491461e-07
2.8129584200502663e-06
8.144864671816275e-07
0.0
2.7678077070067323e-06
6.4247825541075706e-06
0.0
0.0
0.0
1.0138791966309598e-05
2.170699812251003e-05
0.00011245181595246102
0.00028859521208256125
0.00028859526857499953
0.00028859521208256125
0.00028859521208256125
0.00028859521208256125
2.3922057169987003e-20
2.3847438571320568e-20
2.9237667427264363e-05
9.645913524113804e-06
3.8884669529205944e-05
-1.0885778279224462e-09
-7.626690390338808e-10
0.0
0.0
0.0005854042693259369
-6.28408042095685e-09
0.0
0.0
3.843846322236108e-06
0.0005892281767210079
5.586980701171989e-10
-7.966508783589787e-07
5.104050023716017e-09
5.1040500237406485e-09
0.0
1.8986097822312299e-06
1.799520103926395e-06
4.382375363043518e-07
3.245230782399705e-06
0.0
1.3648684923647411e-05
-1.5438292725531528e-05
4.996383409814241e-10
1.370305549149875e-20
0.0
0.0
3.951410585988008e-06
7.966508783485704e-07
0.0
0.0
0.0
2.1689322413852473e-08
0.0
-0.00017541074432586568
0.0
0.00010027148460986504
5.2499249686628164e-05
1.4969840047673872e-05
0.00015048416598946183
-0.00031641555841144253
9.661817989253348e-09
8.85046422384245e-21
2.7991669575268594e-08
-0.003026649690606889
3.628165026468991e-07
3.115123051049781e-05
0.0
0.16939315494101215
8.02711442930596e-09
0.0
2.916172455742772e-08
0.0
0.0
0.0
0.0
1.2819942971106119e-05
0.0
7.55066493800696e-09
7.073874271602023e-09
0.0
0.0
0.0
0.0
0.0
0.0
0.0
0.0
0.0
0.0
8.474460688651336
-1.0149217425682588e-10
4.559774164665689e-08
0.0
-8.474460688549842
0.0
0.0
0.0
0.0
0.0
-5.577093612135821e-10
4.1659643652662324e-06
-1.6418049823517522e-06
5.525922860864086e-06
0.0
0.0
0.0004920038212552894
0.0
0.0004919947363608819
0.0
2.0357788052379523e-07
0.0
3.795136840826823e-07
0.0
3.90552262047532e-09
0.0
0.0
0.0
1.756057905975406e-09
7.354322161781961e-16
7.443828524435024e-16
7.355542860665749e-16
7.444111720613972e-16
0.00012012255455327208
4.958613432230369e-10
1.0782085899692258e-08
0.0
1.0835375583155579e-10
1.9390885188756506e-08
1.1034616371300288e-06
1.0858078596731162e-06
2.9228601508868264e-11
9.921264000325768e-09
5.084840006712382e-10
0.0
1.3173625730230245e-05
1.7966395185263916e-07
1.807725935275655e-07
0.0
7.495545901728552e-08
5.099091451137447e-06
1.924028177477468e-08
1.9082237798534367e-06
3.5385310865893976e-07
3.3562571983947e-05
1.9364577317387894e-06
6.546873207739819e-05
5.0990914511393314e-06
1.924028177687794e-08
1.908223779854635e-06
3.5382369072377024e-07
3.356254910111026e-05
1.936457731740284e-06
6.546872028624282e-05
0.0
-1.0149295900235833e-10
1.2663994124833711e-05
5.478214406660222e-10
0.0001846227540826951
0.00018462275408269514
-0.06400963203075644
-0.06303732699714115
0.00016902971541039212
0.00021339551044722034
-4.896283828007648e-13
0.0003824252253679841
0.0
0.0
2.72872356221582e-09
0.0
2.9655326275366537e-05
6.6974825766015655e-09
0.0
5.931534937499932e-05
5.931534937499932e-05
5.931534937499932e-05
5.930555058568465e-05
5.931534937499931e-05
0.0
0.0
0.0
5.491290381908648e-09
0.0
0.0
0.0
7.2199609395728344e-09
0.0
0.0
2.5350321148877304e-05
9.08757246858334
0.0
0.00013571393930250053
-9.087733532843794
1.2452923807343565e-16
9.087597825965387
7.060896547478825e-09
0.016559271757966117
1.2664578209978348e-05
9.954220470049645e-09
9.954220442712214e-09
1.6692135225149538e-08
3.6273549242614256e-05
-3.6273549242584976e-05
-1.5433258036791207e-05
8.486271169796077e-06
1.3755725394417202e-05
0.00041785543071235745
0.0
0.0
9.45578101591156e-06
8.318047837809096e-09
9.455767195757405e-06
7.2532354918363025e-09
0.0
4.988776464147307e-19
3.22798597596356e-09
0.0
9.786380385294083e-09
9.786380376396057e-09
9.786380367486549e-09
9.10862657731259e-09
3.3546452341032887e-07
9.108626568161544e-09
9.108626559169858e-09
3.248762848500818e-07
9.023178327835693e-18
3.691567768689582e-08
0.0
9.101418727252322e-06
0.00015118107212613616
0.0
0.00014207080183916988
7.0433097288377e-05
5.074100306954529e-06
0.1293796140746595
0.0004049202390609506
0.0
0.0
5.691829983998526
-5.6918299441510545
9.956734410924352e-09
-0.0002991510207805779
-3.2918083017882335e-07
-2.7437042419990137e-10
-2.743704241993958e-10
0.0
7.265261423826653e-05
-2.921810046774105e-06
1.995856000821449e-08
5.653869487256166e-10
0.0002509932602355205
0.0001768383618128786
0.0001526987120684922
8.803783881904943e-05
0.00018607530619612744
0.00022783431290200745
0.00014050146688037536
1.6404951667901843e-05
3.977153889267005e-10
5.661147982708383e-10
9.81617722259084e-09
1.213406889253347e-08
0.0
0.0
-4.559774162134377e-08
5.403563331370361e-06
3.4550010377312156e-07
2.7855514117833108e-06
2.2768418942836447e-06
3.5230382176804756e-05
1.977934335063567e-06
6.957990059010295e-05
0.0
0.0
0.0
9.921264018035219e-09
-3.932734289890752e-10
5.401818410912561e-10
0.0
3.5228830812649494e-07
1.9895217376888763e-08
9.941840049626654e-09
0.0
0.0
0.0
0.0
0.0
2.493298394846323e-05
0.0
-8.196341501265011e-07
5.649160684204641e-10
1.9956039331935916e-08
5.640974116716241e-10
0.0
2.6286075421117816e-05
0.0
4.142929207690272e-06
0.0
0.0
-9.883532148527314e-09
0.0
9.94462197592048e-10
0.0
2.6245653310229125e-09
1.0385279565805507e-09
1.0385279567531547e-09
-9.720118139197598e-09
0.0
0.0
1.0511179143514515e-11
1.0514099600386026e-11
1.0512839473068315e-11
-1.559852016636324e-11
0.0
3.885118196231777e-06
7.586231736792532e-08
0.0
-3.951410586006468e-06
3.250365924610388e-09
0.0
0.0
7.307446441062738e-08
0.0
0.0
0.0
2.493298394846309e-05
1.0921348480386885e-06
5.636888867840522e-10
1.9954200334631757e-08
9.977008552652933e-09
0.0
0.0
1.2059329640770233e-08
1.724902040783384e-10
5.889371286030376e-09
5.259674927416071e-12
9.25289962375847e-09
0.0
0.0
0.0
-1.6210682607641902e-10
0.0
1.621068260571596e-10
0.0
0.0
4.0898930306741676e-20
0.0
2.4015615065348906e-05
2.4015615065348902e-05
0.0
3.207535235012893e-09
4.166378036057737e-06
8.572785929894056e-09
0.0
0.0
9.975633180997572e-09
0.0
-1.0400997139632293e-05
9.213867137046736e-09
0.0
0.0
0.0
5.029458091119875e-10
4.961637710645181e-10
1.7835125737386548e-17
0.000624000968672571
3.6317491947111966e-07
1.980120290238819e-08
4.800160062452623e-10
0.0
1.7567647503836312e-09
0.0
0.0
-1.8113092099946858e-09
1.0803121687175554e-05
0.0
1.0793745076088385e-05
0.0
6.919016382593384e-06
0.0
8.629162020155386e-06
0.0
6.9190163827585244e-06
0.0
8.028012696605066e-06
0.0
2.234206839641325e-05
0.0
1.8856198675183356e-06
0.0
1.3773632561807986e-05
0.0
1.7732825982410858e-05
0.0
1.7732825982576676e-05
0.0
1.7732825982742092e-05
0.0
0.0
0.0
0.0
0.0
0.0
0.0
0.0
-7.534434843387006e-09
-1.5904568375709957e-05
-1.5904766432822334e-05
-1.5905044568041875e-05
-1.5327906412287984e-05
-3.0246147677986425e-05
-1.5624530434404325e-05
1.9538029256145578e-08
2.846883873691599e-08
2.683569601526751e-09
2.683569619101734e-09
7.495545901107995e-08
7.49554590141484e-08
0.0
0.0
0.019693201151949113
0.0
1.0510574772063175e-08
0.0
0.0
3.1859840081039547e-06
4.750847685990737e-11
2.2286307770018172e-10
0.0
-9.589647957013517e-09
0.0
0.0
-2.222392889419685e-06
2.4550360204915043e-05
8.311258490993006e-09
0.0
3.5275041539330216e-08
0.0
0.0
5.8625501126689674e-08
0.0
2.0904166783624896e-07
0.0001917478002620673
0.0
3.9228943292486e-06
1.3980951812454973e-08
1.760462698354384e-05
4.131430564770574e-06
2.8060466393980537e-05
6.404844832050496e-06
1.4821279869953376e-08
1.779850239150481e-05
0.0
0.0
4.500032484501233e-06
5.28997722405381e-07
2.171368946627544e-06
1.0266776638056015e-05
3.65467375636513e-05
8.273649871787576e-06
1.3770546674162112e-05
7.68152086788373e-09
0.0
2.4984669592440278e-05
8.20861079339179e-06
0.0
0.0
0.0
0.0
0.0043951936021214
0.004846179045894045
0.0006326167345578793
0.0
0.0
0.0
0.0
0.0009128556678148647
5.945856992338898e-05
0.0
0.0
0.0
0.0
0.0
3.2335144333914696e-06
9.372382978407944e-05
0.0009572062538443524
-0.0007716370071602086
8.820868881088528e-05
0.0
0.0
0.0
0.0
0.0
4.4023357940505736e-09
0.0
9.431698789815039e-07
1.8763239098180426e-06
1.8763239098180385e-06
1.8763239098180487e-06
1.88434089746446e-06
1.876323909818047e-06
7.012727479759241e-05
0.00013192957272476546
0.00013152635906621413
1.3754037630852403e-05
6.697618688955562e-09
0.0
2.7512772431600036e-05
2.751277243160004e-05
2.7512772431600046e-05
2.7513758217569885e-05
2.751277243160004e-05
4.097536798907164e-05
4.1322227365693036e-08
4.638710831262929e-09
8.203552563506395e-05
8.202603201141892e-05
8.202918648478584e-05
8.203552563506394e-05
8.202918648478584e-05
9.024236356919375e-05
1.2762496853302293e-07
2.6529242950225515e-08
0.000180793035561354
0.000180793035561354
0.000180793035561354
0.00018078675705075257
0.000180793035561354
1.0080341437220606e-07
4.1754013672592245e-06
0.0
8.350779724127463e-06
0.0
0.0
2.5712917494001018e-05
1.8415742912385025e-08
0.00011339903993809031
8.165006311861487e-17
0.0
2.1844591143394885e-05
0.0
4.863353827059236e-05
0.0
0.0002249226514538873
-0.0016442914209483137
0.002841528310140455
5.257207957028409e-08
0.08833180322318622
0.0
7.431762544773718e-09
0.0
1.6905219019115964e-08
9.163963096312435e-09
0.0
0.0
0.0
1.7057082367256017e-09
0.0
0.0
0.002496046828555949
2.486502092689799e-06
0.0
0.0
0.016717776721722935
2.0086773259651813e-09
0.0
0.0
0.00044765575887379544
0.0004476557588737954
6.507474427426492e-05
1.864619891821564e-08
0.0
0.0
-7.57971752667042e-09
0.0
1.1547664115425515e-08
0.0
0.0
0.0
1.078384236860344e-09
2.6554368076013123e-05
9.911963984788345e-07
6.473483617203702e-07
1.8390896624632604e-08
4.629963113929826e-10
-0.0025101254808305136
0.0023069238327070216
1.0588120504899316e-07
0.00018912525612441156
0.0
9.91820511324023e-09
0.0
3.657636651392363e-10
0.0
0.0
0.0
4.4682124831204914e-10
4.7408741076156066e-05
0.0016547429906331771
0.001654752038523416
0.0008413790493435991
0.00851863797985171
0.0003301413016597624
8.305478805682664e-09
0.0
1.6403753113293664e-08
0.0
-7.693471164116527e-09
0.0
0.0
0.0
0.0
0.0
0.0
0.0
-8.023562352634525e-09
-8.023562352634525e-09
0.0
0.0
3.0323190694803522e-09
2.7287188171360242e-09
5.297731019676986e-09
0.0
-8.249565298457454e-10
0.0
1.9061321591601105e-06
0.0
7.612589548103952e-09
2.7251629997822086e-09
9.87801084505752e-09
9.878010836168228e-09
9.675439167353142e-09
2.6590713071750065e-10
0.021356169256771917
7.697383726907973e-05
1.6560359425320606e-05
0.0
0.0
0.0
0.0
5.235182159696531e-05
0.0002510620863029163
1.4329577672487116e-06
-2.418156629435543e-10
0.0008420370428503625
3.479568514003597e-05
3.4795685140053966e-05
3.4795685140017936e-05
3.4795685139990994e-05
0.0
0.0016437748744515604
0.00025192885311856733
7.737374362602629
0.0
0.00024652685298690914
0.0001798056412455921
-6.672121174131708e-05
0.17551163885665474
5.258683778668237e-05
0.0
0.0
0.0
0.0
0.17556422415372733
2.7287177235821758e-09
2.7287199282352263e-09
2.7287210568375514e-09
0.0
0.0
-8.092419464574463e-10
7.77450710270283e-06
0.011932320928163353
3.058651885409383e-05
-5.977860215175046
5.990077401074056
7.737321775764842
0.1755642241537273
0.0035517537536086806
0.0
0.0
4.781015939895164e-10
0.0
0.0016547520385234071
-1.846156294504908e-08
0.00012008274560933395
5.94423072816597e-05
-0.0005193335446685204
0.0005535631167049012
1.5276599969284196e-08
9.353419669437233e-05
-8.190458567098073e-07
0.001504595572474745
0.0
0.0
2.754091324116991e-07
-2.8106120364590037
2.8107319167778746
9.343762516589927e-09
9.738615000112965e-07
0.0
0.0
0.003556611994910657
0.0
0.0
-9.90399172684994e-09
0.0
0.0
8.122475360418617e-06
9.399890703959725e-06
9.518998340226598e-11
-3.894826445662168e-10
-3.8948264456682136e-10
6.380157833747317e-06
9.56237298724662e-07
0.0
0.0010203517983966009
2.9419914596880046e-05
0.00083964484609713
-0.00040493001709762666
3.3876649900775224e-05
-0.00037105336719717055
1.9120180164563295e-05
1.370921076018545e-07
0.00047874733411518643
-7.663988858989202e-06
-0.00010480170651388978
0.00014725821727665692
0.0002460977813393116
0.0002670633345264501
0.0
12.736345143242527
-16.483239646004883
3.7468945105963902
0.0
0.0
1.091486324652381e-08
1.0914863050529477e-08
1.0914863128892969e-08
4.060973283909938e-05
4.0684667269744943e-05
5.659777223401123e-10
0.008698382183679822
0.00017977267266685437
0.0
8.924026286222387e-17
1.8390896624573977e-08
0.0
3.18593649961821e-06
0.0
0.0
1.833716382325064e-08
1.4360276685789416e-06
4.106041386175613e-06
0.0
1.4597939479138447e-08
1.7155383824552915e-10
1.0717711219848497e-05
0.00019500516876009736
3.991784434607919e-08
5.65239766597797e-10
3.5314529553424034e-05
3.531452955342926e-05
5.621509282053768e-10
1.074923360861596e-05
3.1522388802907594e-08
0.00012011264607792901
0.00012007329304003763
0.0
5.33860694216951e-10
0.00012008274560935692
0.0
0.0
1.9744044302999592e-06
3.4073621975042253e-06
0.0
2.4181566299065517e-10
7.043466790019762e-08
1.5028612484903814e-07
2.523031817954973e-08
0.0006210840315972352
9.977260335272582e-09
-0.0006210740543368552
0.0
0.0
9.963084842148985e-09
-2.638812160143434e-08
-0.06366182646540908
-0.06445102209382414
1.0246597665648952e-06
1.1766513911310529e-05
-1.1766513911310719e-05
0.0
5.780500257820632e-09
1.7936692790765374e-09
-7.534434968287096e-09
-1.5904568375835725e-05
-1.5904766432947234e-05
-1.5895274657554922e-05
-1.5327906412412884e-05
-3.0246147678111325e-05
-1.5624530434529364e-05
0.0
2.9227971856507064e-11
0.0
0.0
0.0006614074216031336
8.011378135568474e-08
0.0
0.0
0.0
0.0
2.728714057064893e-09
2.728715220644279e-09
2.728713354620278e-09
2.7287135991653442e-09
2.7287145321621487e-09
2.7287222029025234e-09
0.0
1.862419103766169e-05
5.234292911430114e-05
0.0007145230578019982
-1.590471546223735e-05
0.0
5.579717793307127e-09
0.0
0.0
0.0
0.0
3.88635417872436e-06
-3.881196941149118e-06
5.157237573605799e-09
1.2094635657142148e-08
2.6245653310221233e-09
0.0
5.3776179138664675e-14
0.0
8.01023154266449e-09
1.4719200988154705e-08
0.0
1.209463565715161e-08
0.0
0.0
-0.0031436232458618633
0.003143575810580572
4.743528129146024e-08
-7.956123504078427e-07
7.667069043487075e-07
3.69156776149002e-08
0.0
2.494246971710512e-05
-1.5887264040507156e-05
1.8937869292673944e-06
0.0
3.4641372304365135e-08
0.0
0.0
4.232584192466705e-05
9.974469240570103e-09
9.974469276348352e-09
-0.0058684656840739535
2.770093285196499e-09
0.0
1.1175024437945271e-08
0.0
1.1175024627051088e-08
1.1175024816731045e-08
0.001797243288188602
-5.264418066697391
5.2644180568243755
0.0
0.014748836588139663
1.2717297528567992e-08
2.8558190061860706e-08
0.0
-3.9046665717612396e-08
-3.9046665717613666e-08
0.0
0.0
0.0
7.795974673978356e-09
0.0
8.580509475356563e-08
-7.413827035088011e-08
0.0
-9.35368053928097e-05
0.0001093518775170614
5.645272971094272e-10
1.1645915109305596e-07
1.0392126880145372e-07
0.0
6.121819301669643e-09
1.2714890381231086e-05
0.00018443628257798584
-8.918143263785414e-09
9.050538007662723
-9.050537987709328
9.97535437219821e-09
-5.71641456265036e-09
0.0
2.6300783734758087e-05
-2.6300783734761052e-05
-2.630078373476452e-05
2.6300783734768262e-05
0.0
-6.771511220022078e-09
3.154662950947192e-07
3.154662950973718e-07
-2.6286075421121102e-05
-7.795974671376271e-09
8.942344128001938e-06
8.781856169064118e-06
7.889393633014977e-07
7.889393633026367e-07
7.889393633032312e-07
5.1040500237494075e-09
2.9392594856775377e-06
0.0008325788729151325
0.0008355219383418051
-3.805940994652812e-09
7.707403559987552e-06
1.0970051587888197e-07
-2.3573811083553343e-07
-2.3573811083553444e-07
2.2508494095470305e-08
0.0
0.0
8.39475631971028e-07
4.93823335126626e-10
9.906410496026204e-09
4.941921325015464e-10
9.90678414981057e-09
8.724180514949234e-06
8.075581694096997e-06
8.592888266506478e-07
8.062490919683001e-06
8.724180514949242e-06
0.0
0.00016844974731530793
-7.08595915419038e-09
0.00016844216859766446
7.285679807918404e-08
0.0005452424743576185
2.6300783734748048e-05
0.0
1.7688786801097352e-05
-4.399844688884053e-05
-2.6305725228417098e-05
0.00024609778133927965
7.495545901603167e-08
0.0
1.944717287420146e-08
0.0
0.0
0.0
9.813152067328348e-09
1.37870030481254e-08
9.85472108746635e-09
0.0
-9.854752151415482e-09
3.9310532367750955e-07
0.0
6.509735305585798e-09
1.0279195903176448e-08
1.2932051270089608e-06
9.960490332684157e-06
2.0638584971504864e-06
6.249010100793701e-08
2.140685293260997e-08
0.0
0.0
0.0
0.0
0.0
0.0
0.0
0.0
0.0
0.0
0.0
0.0
4.14351584127803e-06
0.0
0.0
9.650622256395196e-07
8.748534380327104e-07
1.4993224224409478e-05
3.315803126237067e-06
1.7118014345061874e-07
9.879446480942551e-09
9.42199950154758e-09
0.0
9.382799391799572e-09
0.0
8.533608288081603e-09
9.391717648810346e-09
0.0
0.0
9.693099495955833e-09
0.0
9.51158271132294e-09
0.0
0.0
3.102464639154456e-07
1.5062505015030918e-07
1.7415989757212556e-08
1.5702589866363912e-06
1.0654037695684675e-06
5.958233269909648e-08
0.0
0.0
0.0
8.831665119488472e-07
0.0
6.323608837110474e-07
0.0
0.0
1.0400997139623294e-05
4.55977418389368e-08
3.7800866059961094e-17
9.059221357449867e-05
9.805962755989603e-05
0.00018868764138047132
9.797495645618055e-09
0.0
0.0
0.0
0.0
0.0004106745767346112
0.0
6.133548301583311e-09
6.133548301600434e-09
0.0
0.014469557342554576
0.0
2.9025231982910397e-08
9.92188064940147e-09
9.816273201272976e-09
9.816273201098775e-09
9.9128478735291e-09
9.912847873424184e-09
9.627879997059565e-09
9.627879996919646e-09
9.823866555476722e-09
0.0
9.823866555358056e-09
0.0
5.498317821627431e-06
5.4957561799080375e-06
0.0
0.0003034139078997025
0.0
8.766489004644532e-09
0.0
0.0
0.0
0.0
0.0
0.0
0.0
1.1678771062314503e-05
1.1678771062314033e-05
1.167877106231452e-05
0.0005623349574291978
0.0
4.8146443476393825e-06
1.128976260359362e-05
0.0
4.829135975810831e-06
0.0
0.0
0.0
1.5659258935899898e-07
4.819828353520418e-06
0.0
0.0
0.0
0.016823766521154304
0.000808084207372435
3.190093503646321e-06
0.013816222583570096
0.0005129621801481719
1.7552391674810829e-09
1.755662534534989e-09
0.0392874013077866
0.03928739827546761
0.0
7.073913221474555e-09
7.073913205176456e-09
1.7564253037789972e-09
8.762933443846224e-08
4.861918078231267e-21
0.0
5.605293651169679e-08
1.479621303901011e-10
3.968792904106386e-08
0.0
-4.123461369722525e-10
0.0
-4.333013263387612e-10
4.622908269144472e-08
0.0
1.6333941680463786e-16
0.0
-4.818237530594093e-10
-4.49231252068557e-06
-1.6915160082082298e-10
0.0
4.501122454279694e-06
3.338925243913003e-10
0.0
1.1678771062314494e-05
0.00014413676880400196
0.00014413676880400196
9.923869395357531e-09
0.0
0.0
0.0
0.0
1.1123372243085485e-05
1.1123372242859495e-05
1.6639036029993795e-07
4.919186604097929e-08
2.9456446581691706e-08
5.4714569412728744e-08
0.00024270969096455827
9.3871433949167e-05
4.818515121840884e-06
1.4923585980134313e-07
1.1113769741398102e-05
0.0
-3.4772473597044365e-08
-0.00024260160431453293
-9.38811383876867e-05
1.0883429539236783e-05
0.0
-4.0022241054062956e-10
1.0883429539111442e-05
1.0072214740998374e-07
2.6479462410997406e-08
0.0
0.0
0.0
0.0
7.422920523111941e-08
-1.3479767866156345e-11
0.0
3.931053236967598e-07
3.931053237033441e-07
2.7287159263631755e-09
0.0
-2.6608893980553986e-12
0.0
0.0
0.0
3.2075352338991866e-09
-0.0007768980434981097
0.0
1.608124747396043e-05
0.0
0.0
0.0
4.165964365275178e-06
0.0
0.0
7.647206353205635e-09
0.0026640934885886897
0.002664093488588582
3.968570081182245e-08
7.307446444286117e-08
8.271734298152291e-18
9.69807345541085e-09
2.882372867698724e-10
0.0
0.0
0.0
1.8188747381848858e-06
1.2255252547066707e-08
0.019590890375479647
7.51868748950181e-06
0.08739785715579769
1.474679067332216e-06
0.0
4.0803161923360945e-05
2.000583942908396e-08
3.559735021752677e-06
1.4752346377569803e-07
0.0002660719796234701
4.080317085670601e-05
1.3014388439192547e-08
0.01163867990699025
0.0
0.00033296913770329453
0.00019163164780703273
6.954774600696161
0.0
-3.0979081851876327
0.00048481924298765695
-0.000299365665480689
-8.178627780011313e-09
0.0
5.728751755742709e-09
-8.113391105984554e-09
-2.3078716010471994e-09
2.5572853862398937e-05
2.7462256290506845e-05
0.0
5.9595355457088176e-05
0.001230182633077882
-6.29522135137952e-12
0.0012874720460389877
2.305936200761234e-06
1.8258206534625338e-06
2.191475961122003e-08
0.0
1.9204278901860702e-08
0.0
9.937207558772046e-09
1.0823721538784587e-09
1.3014388382020983e-08
0.0
0.0
-2.7371454384102184e-08
9.828058001974671e-09
0.0
0.0
1.7824661286475017e-08
2.709717871536396e-08
0.0
0.0
0.0
2.015998079837181e-08
0.0001326323117689322
0.00013263231176893216
0.0
0.0
0.0006240017201615695
6.865787111835297e-05
9.97425678144658e-09
0.00013241668147419896
9.978040482050017e-09
0.0
9.977191148703639e-09
9.908781746921456e-09
9.698699234089457e-05
5.970725061374708e-08
3.3239309072282516e-07
9.95337730047399e-09
0.0004048617380722244
9.961116727093955e-09
0.00014825290971518055
9.915652987125433e-09
2.914033625902773e-06
9.97964866846768e-09
0.0001417374077107401
9.982795532969386e-09
8.197753125434952e-07
9.97843432626286e-09
0.00019430352630473463
9.979509807388756e-09
1.0540139291976586e-05
1.3244554612761131e-05
0.0
0.0
0.0
9.651018316127285e-09
9.857599871956765e-08
1.4116237233378765e-10
0.0
0.0
0.0
3.212260517286075e-09
0.0
0.0
0.0
0.0
0.0
3.6281650271830234e-07
0.0
0.0
0.0
0.0
5.7874765285857845e-08
0.0
0.0
0.0
0.0
0.0
0.0
0.0
0.0
0.0
0.0
0.0
0.06473830488349286
0.06473817977492369
9.839372254627394e-05
8.037446083194928e-07
-6.2840804825395336e-09
0.0
0.0
-3.820534781389287e-10
4.347891941098255e-11
0.0
0.0
0.0
0.0
-1.8111556848520206e-09
2.0231884307736145e-11
1.274655578979499e-11
2.630078373475363e-05
0.0
8.724631882470827e-09
3.961318763221668e-06
0.0
8.731925813997297e-09
1.4719200988161848e-08
2.5486957474512674e-11
0.0
5.160899054698995e-09
0.0
0.0
0.0
0.0003805987812695274
3.1278165358593055e-06
5.259192402980798e-10
9.908177162203471e-09
4.955670417273826e-10
-3.961318763203575e-06
6.1008626982376e-08
2.3686054014373876e-20
4.514892779174244e-09
4.51489290701794e-09
0.0016547671581754744
0.000119599470510089
2.941511906099454e-05
4.2854856429410415e-05
1.8690190937772956e-05
1.858418039281073e-06
0.0
2.3407576765067548e-05
1.9989454358044884e-06
0.0
0.0
4.514892523620521e-09
4.514892396103491e-09
3.2075352394309268e-09
0.0002164656575860143
3.452760264950798e-05
0.00013396490647460402
4.287345533827658e-05
0.00013307563877241113
1.9623073296082137e-05
8.799362623615468e-05
4.4212582896266485e-08
0.00017748312684013958
8.599089106786352e-06
0.00020786994002859195
1.9964372873416853e-05
7.327040815658142e-05
6.723400726874241e-05
3.215313644453589e-05
4.058895090063137e-06
8.761047881037876e-06
2.8536059087066716e-07
7.043466794485688e-08
0.034445373083847965
6.895571090432096e-09
0.0
0.0
0.00019312240176018995
2.033185167578707e-06
4.554990630517955e-07
0.0
6.8513550578250305e-06
1.0302137884467243e-06
1.2731585948332668e-07
1.539594786290313e-07
9.032209513579728e-09
0.0
0.0
0.0
0.0
0.005027818691581263
5.2977310196216224e-09
0.004846179045894045
0.00013880226591363577
7.3097564489286965e-06
1.1525742492289907e-07
3.1420691266393023e-06
3.44371990269093e-07
3.419476346714832e-05
2.671950285478599e-06
7.467124060716325e-05
-6.507474427425598e-05
0.0016639149701657696
0.00276232565212417
-0.021356169256771917
0.008518637979851704
0.0
-0.01969321052390488
-0.0003384180500981134
2.7187492283087397e-07
0.0
0.0
0.0
0.0
0.0
0.0
4.799898948634568e-06
2.718749228298689e-07
0.0
0.0
2.8008743512733544e-06
0.0
3.3651129904282073e-07
0.0
3.420429906825772e-05
0.0
1.9204053866393715e-06
0.0
6.960244373578283e-05
0.0
5.071773871466452e-06
0.0
2.791428156561971e-06
3.2729969091972506e-07
3.41950369201462e-05
1.911056564305591e-06
6.959322410620721e-05
0.0
0.0
8.333868242206555e-09
3.675541256416587e-19
0.0
0.0
9.923869395067902e-09
0.00011848474297627282
2.1599965527654974e-07
8.473486180488685e-05
0.0
0.0
9.650622256401663e-07
8.748534380335742e-07
1.4993224224410163e-05
3.3158031262378623e-06
1.7118014345132016e-07
2.011778314662744e-06
4.6390847216295034e-07
0.0
6.851785508492699e-06
1.0465029326251085e-06
1.3245955227365318e-07
1.6660930804281515e-07
2.4914662515544575e-06
1.0407278633916524e-07
1.2340543868128949e-06
0.0
6.322925093268475e-07
7.357550715700724e-07
5.049816236523332e-06
0.0
6.50973530613967e-09
1.0279195903499474e-08
1.2932051270093832e-06
9.960490332684502e-06
2.063858497150884e-06
6.249010100829483e-08
2.1406852924151773e-08
0.0
0.0
0.0
0.0
0.0
0.0
0.0
0.0
0.0
0.0
0.0
0.0
4.143515841278391e-06
-5.235182159678613e-05
0.0
0.0
0.00011900670194316157
0.0
0.0
0.0
4.165964365266259e-06
-2.5719630987553442e-05
5.9397178442353844e-05
0.17629462676715044
2.5751613569405405e-05
0.036513613346565124
0.0
5.259612802187004e-10
0.0
0.0
0.0
1.5669121557124703e-08
0.0
2.6558728735237e-05
12.430169174670707
1.969033795551569e-06
2.5774022541494076e-05
-7.441152048113364e-06
-4.571346053909684
4.156637179965529e-06
0.0
1.1117955053519725e-06
0.0
0.0
8.913126666804434e-09
3.2503659246349132e-09
0.0
0.0
0.0
9.163662398630163e-09
0.0
9.353419669438229e-05
9.353419669444394e-05
0.0
0.0
9.354382915364042e-05
0.0
9.353419669441716e-05
-7.023760972574983e-09
0.00011962363805237731
9.900348727090747e-09
4.878403866491354e-10
0.0
0.0
-3.021562432260199e-05
3.024226846469916e-05
9.911969065730825e-09
-4.571167706077771
7.741256051881296e-09
0.0
1.0858078596815562e-06
3.4153276328724023e-07
1.516376405160747e-07
0.0
1.5700285193152625e-06
1.0389658109024096e-06
6.297224817166867e-08
0.0
0.0016639149701657696
3.5825844205905375e-10
0.0016639149701657785
9.769041545281261e-09
3.415327632791416e-07
1.5163764050814996e-07
0.0
1.5700285193071323e-06
1.0389658108940943e-06
6.297224816347808e-08
0.0
0.036513613346565124
0.00213653447639605
9.902153193739721e-09
0.0
-0.0005822863917180846
0.0003457972121974079
1.8023857059115257e-05
0.0005642724746081943
5.269272506968887e-10
1.0586866086519271e-05
-6.971862205231081e-05
-6.677097323180402e-07
8.332489149217117e-07
-6.044358040284948e-05
7.266883618347824e-05
5.47446643108885e-05
0.00012277104545365644
4.2335373571173995e-05
1.242825198042775e-10
9.531753487140212e-09
3.093321510123733e-05
0.00019312137902431945
0.0
0.0
3.0939917289102114e-05
0.0
0.0
0.007724248153224177
-8.495657075263267e-05
4.165964365239504e-06
0.0
0.0
0.0
8.572785929898122e-09
-2.3840849100423892e-05
-2.3840849100424007e-05
-2.3840849100424183e-05
0.0
4.571265317579193
4.571265317579193
0.0001464250240962237
1.6030432427295499e-09
0.0
0.0
0.0
0.0
0.00029722762373895296
0.0
0.0
4.514892651364885e-09
1.8628061529010455e-05
1.8628061529010455e-05
2.7287166476180166e-09
7.307446436227931e-08
0.0
0.0
0.0
0.0
0.0
0.0
0.0
1.7493609898581445e-06
1.1701411852702931e-06
5.0454336346225807e-08
7.6503597137648e-07
2.9034153113381055e-07
2.2879167723034957e-08
7.121737297148131e-09
0.0
0.0
0.0
9.824815354869214e-09
0.0
0.0057875325496744776
-0.002910060712469166
0.0
0.0
1.3749402712260206e-09
0.0
0.0
0.0
0.0
1.0914863011326174e-08
2.7991669611051736e-08
1.2819942971011315e-05
8.972328410405448e-18
0.0
0.0
0.0
0.0
1.0385278553781673e-09
0.0
0.0
0.0
0.0
0.0
0.0
4.177288466335789e-09
0.0
4.177288466289423e-09
1.051677153841739e-11
-8.889069977890306e-09
3.27709971652268e-07
1.0410211006778307e-05
1.529465350878336e-06
0.0
0.0
-3.8614652813280124
3.8614653182070753
8.772857769500136e-09
0.0
2.7991669646993256e-08
2.799166963800578e-08
1.0516483840553435e-11
0.0
0.0
1.0921348480349286e-06
1.085807859690731e-06
3.691567763722369e-08
0.0
0.0
0.0
0.0
0.0
0.0
0.0
1.1804890585752511e-05
1.1795198628645993e-05
2.7991669629027363e-08
3.714516306560226e-17
3.7145164068043805e-17
1.6181150697168712e-06
1.6258296653348208e-06
-7.714595580968305e-09
7.647206276223838e-09
0.0
0.0
0.0
0.0004400508165811859
0.0
1.0515085138372103e-11
1.0515921689827778e-11
2.75650744245454e-05
6.634572458589621e-05
9.373775668519394e-05
0.0
0.10487893305022104
0.0
0.0
-12.431515609555527
0.0
0.0
0.0
0.0
-9.19127643133598e-11
1.2771476812737494e-05
0.0
6.90063939103825e-06
0.0
-0.0019399600748466195
0.0
0.0
0.0
0.0
0.0
0.0
0.0
0.0
0.0
6.0448628183099395e-06
0.0
0.0
2.7287160095074357e-09
2.728716319934756e-09
0.0
3.9310532368757294e-07
9.571772444255986e-09
4.038607367453052e-10
0.0
7.74261801516768e-06
1.0385279472338504e-09
4.8633538270542274e-05
1.6067702231540932e-07
10.580912358669321
-10.58091233940014
9.353528688666004e-09
9.628055631480641e-09
2.1921646926348566e-10
0.003026649690606898
3.811430161372313e-09
0.0
7.959486336541227e-07
4.896213911258361e-10
7.66706904357612e-07
0.0
3.7258829024820565e-08
0.034658911570017194
-0.008668084149956125
0.04332697818440888
9.821111377424671e-09
1.0073989914822008e-08
-1.007398991040933e-08
0.0
0.0029062298859104385
0.0028812877984081553
9.252899623762791e-09
0.0
0.0
7.470565849414168e-09
0.0
0.0
0.00014826210490847207
1.0073989923532411e-08
0.0
9.628002114667751e-09
6.044858468972282e-06
0.0
0.009231546003491242
0.0
6.363358297012408e-06
4.254718520976392e-07
1.4501051901468896e-06
1.8727396731021241e-06
1.450105190147034e-06
6.620244880921676e-09
2.8373691422324533e-09
9.457614022988746e-09
4.780952317215339e-06
0.0
4.77983817123962e-06
1.8120338009919148e-09
0.0
9.598423432629043e-09
9.598423424383177e-09
-0.003142659225034578
5.037950430106199e-19
0.0
0.0
0.0
3.6378690774655355e-05
3.637869077465536e-05
0.0
0.0
0.0
0.0
8.677956044068132e-09
9.35100000264721e-09
0.0
-1.1117955053432764e-06
0.0
-1.1241444083146957e-06
-1.1334954083174244e-06
5.361832124491965e-14
7.862106473263866e-07
8.190458567619753e-07
9.9489476156656e-09
9.967067488416322e-09
5.536955245924774e-10
0.0
-8.869632129644839e-09
7.862106472752463e-07
3.2153136444688835e-05
6.50747442742738e-05
3.215313130372597e-05
8.190458567187704e-07
8.190458566838282e-07
3.215313644471552e-05
3.2153249612128956e-05
1.27490743839532e-10
0.0
1.3551403357190789e-08
9.94894759978604e-09
0.0
0.0
9.949876935310969e-09
5.367266160352463e-10
2.252392123870465e-08
2.2523921030068804e-08
5.320316210076745e-10
9.952276630153188e-09
5.390953859890267e-10
2.252392059474646e-08
9.945120443019258e-09
0.0
9.373813075886529e-05
3.215313644462177e-05
7.862106473012479e-07
2.2523920162673397e-08
2.2513636083391054e-08
3.133883269510879e-05
0.0
0.0
0.00045038147258625216
5.308876561950435e-10
2.2518777894548028e-08
2.252391950394288e-08
0.0
0.0
0.0
0.0
4.165964365257334e-06
10.662977650787186
-10.662977640860857
5.13484118447948e-10
6.100862696751676e-08
8.50912574486295e-09
8.50912575237105e-09
9.378918198597804e-05
7.607113304724035e-05
0.0005108821895827275
10.13061567387008
-10.130615584349606
9.944516725146407e-09
3.9310532367251444e-07
-4.097407069458825e-05
0.0
1.0241315434805704e-05
-1.0231736717089546e-05
1.704975387556975e-10
-4.0991986542948666e-05
0.0
0.0
9.378918198594231e-05
0.0005559159001794015
9.970027297686045e-09
-0.0005559059301520682
5.607922630815311e-10
0.0
1.3933154132542707e-05
1.0457754132844751e-08
5.596190352379924e-10
-9.88765179886546e-09
0.0006899727759410836
0.0
0.0
0.0
0.0
0.0
0.0
-4.753088080932079e-10
6.351695506651291e-06
8.484808930748724e-05
8.800358538577912e-05
3.196192783403481e-06
-6.644955934239846e-12
