0
1.9072910040180993e-06
1.9394440852150097e-06
0.0
2.675764889786156e-08
3.826344295061252e-06
6.113103877746628e-06
9.709392363410201e-08
0.008522057703246643
4.163356990655597e-06
0.0
6.514072438386085e-09
2.876921994392693e-06
7.697677030244329e-10
1.2062509279572626e-09
5.12275525888085e-09
1.4164023392449393e-09
1.4014003871979743e-09
8.394435839618479e-11
0.0
0.0
0.0
0.0
8.370988528159024e-10
3.1667636895810686e-09
2.885626464318636e-05
1.9702010842900684e-09
0.0
0.0
0.0
0.0
2.7948280125957097e-06
0.0
0.0
0.0
0.0
3.0246529472149265e-05
5.897725159657024e-11
0.0
0.0
1.2334339872411786e-10
0.0
1.3368913587286654e-09
0.0
7.070249524441767e-09
4.100801721870484e-09
5.973605916632487e-08
1.7267222797629334e-05
2.7734621489324407e-06
4.307174528539124e-07
0.0
0.0
0.0
0.0
0.0
0.0
6.154108079396352e-06
0.0
9.290701793483339e-10
1.5022849947994682e-06
0.0
0.0
0.0
0.0
3.8745143958911235e-10
0.0
0.0
4.674798854186357e-09
0.0
0.0
4.070786832876739e-06
9.713336488195923e-09
0.0
7.75717111200618e-09
-4.4357791154028773e-05
0.0
0.0
1.3958523163869685e-20
0.0
8.047405920744777e-10
3.880446261537917e-09
0.0
-4.43577911545086e-05
0.0
0.0
0.17987419797858056
-2.1305377283533462e-07
2.1593050997925907e-08
5.217637918601672e-08
0.0
4.1527607573632953e-10
0.0
1.3976415452976198e-10
0.0
0.0
-6.035654187127669e-06
7.144948120544261e-10
3.456422014681271e-09
4.546395325248609e-09
0.0
9.645072505248532e-07
0.0
1.8512018325773321e-09
0.0
1.638989045091331e-09
0.0
0.0
3.920372078000978e-09
5.038826739349344e-10
0.0
2.6670118733832267e-09
0.0
0.0
1.9604133275883975e-09
1.165636967473488e-09
0.0
1.4866731403423065e-10
2.755178056763642e-09
0.0
2.706859036582812e-07
0.0
7.89040426062176e-07
0.0
6.6629974596051905e-09
0.0
0.0
0.0
-1.4767384320533559
1.4766013080011753
8.750293885074973e-09
7.773348754169737e-09
0.0
4.149078225076801e-10
0.0
4.1473000255801574e-10
0.0
0.0
4.152161114988975e-10
4.2999155073424614e-05
9.34664738560724e-10
1.0285268365152177e-09
4.02880150466767e-10
0.0
4.985339590842041e-10
0.0
0.0
3.869431968071903e-09
0.0
0.0
0.0
0.0
0.0
0.0
1.1568283696947602e-09
2.9004608673886386e-10
1.934152917111797e-09
4.053865027738042e-09
5.728137368322124e-09
1.2025417914572408e-09
0.0
3.9135446392555487e-10
0.0
4.0268939076967517e-19
0.0
-0.08849851014389148
7.955940875593652e-06
1.934152917111797e-09
0.0
4.1675403713145183e-10
0.0
2.2389949854189887e-06
4.387225181663622e-06
0.0
0.0
1.1224361624574884e-05
0.0
0.0
4.170222066073137e-06
6.556575807396151e-05
1.9369941064210007e-09
0.0
3.202332869713075e-09
0.0
1.2042987239557406e-09
9.182773418482285e-06
-1.397689439623008
0.0
1.144046665411686
0.0
8.70834617881875e-06
0.0
0.0
0.0
0.0
0.0
3.337299127232635e-06
1.003548166528733e-06
3.2220355681780427e-07
2.150794859168237e-06
2.1945459422841617e-06
0.0
0.0
0.0
0.0
1.443963479565325e-06
5.969194071458309e-09
-0.0016634640386405017
0.0
0.0
0.0
0.0
0.0
4.5037271196467555e-09
0.0
7.828337653684671e-09
0.0
3.5023914550234786e-09
3.9367177134639735e-09
0.0
7.98277196703215e-09
0.0
0.0
4.3989533332628906e-09
2.284700404396555e-09
0.0
0.0
2.685822905171813e-09
0.0
2.6757650196767356e-08
2.8772441398707765e-20
7.930455865129623e-09
3.7154246940370347e-09
3.7154246940370347e-09
-7.392965189181637e-05
0.0
2.5900912938076135e-09
8.698955954359802e-09
-5.888805760745149e-06
7.838256420179722e-11
-1.0993587455840419e-06
5.452346410455061e-09
3.5667251779035428e-09
0.0
0.0
-0.09249832338447522
-2.7526544459832093e-06
0.0
1.3339716743435764e-09
0.0
4.456647672649379e-09
3.705215437287297e-20
0.0
-0.5310721833725855
1.1116390163597382e-24
0.0
0.0
0.0
0.0
0.0
1.9817305144943634e-10
3.0418740854600624e-09
0.0
2.4399351256301267e-07
-0.008226509751069295
1.4738027497463608e-09
5.991922835553696e-10
2.0222456652873727e-10
3.957249532329884e-09
1.7381073282876013e-09
9.066238402464753e-07
3.5275717355700975e-09
5.382967148055771e-10
0.0
0.0
0.0
0.0
0.0
0.0
6.967087112473474e-07
2.2360680039261266e-09
0.0
0.0
9.479587349013696e-10
7.838256420179768e-11
0.0
0.0
4.779587918090102e-07
4.2826443649625525e-10
0.0
7.826893465772178e-20
0.0
-0.0021609908079034466
2.794173211172544e-06
0.0
3.2276972103577954e-09
7.204095839918206e-09
4.689665815246625e-09
5.995399010831556e-10
7.815652564683455e-09
0.0
6.850484068777892e-09
1.4296059673172547e-06
0.0
1.1528900032028503e-05
6.142856977536314e-06
0.0
2.0391701906439877e-09
4.457893893999752e-11
5.0331323817144644e-06
7.144948116985321e-10
0.0
0.0
9.957121541192153e-21
0.0
1.1656369674734881e-09
1.8444286497725691e-06
0.0
4.503462645248708e-09
2.486071783968871e-09
1.5156613029318148e-09
2.7665340662891053e-09
2.984968636921902e-09
0.0
0.0
8.045903513899322e-05
7.595493648721773e-07
0.0
2.0400917393977165e-05
9.204791629295376e-10
0.0
1.5463667508541995e-09
1.853193345760208e-10
-2.9060531352381975e-06
0.0001052744334919258
2.9651107851790535e-05
4.541367159535889e-05
0.00014768931345358888
9.676493863882005e-05
0.00013149231964738287
3.963009473387745e-05
-4.1633569906555974e-06
-4.163356990655599e-06
0.0
0.0
0.0
0.0
0.0
0.0
0.0
0.0
0.0
0.0
0.0
0.0
0.0
0.0
0.0
3.197548300055037e-05
7.897691075292236e-05
8.601727789887839e-05
2.169655027349861e-05
2.29435843052633e-05
9.525849085049507e-05
0.00017839858833862304
1.7865368453792863e-05
6.373087861543349e-05
5.557902803160906e-05
7.900288509473447e-07
0.00010584339964433668
5.119457945071229e-05
3.357661034088115e-05
1.2376331037023719e-05
1.4959933665756988e-05
5.558283406470564e-05
7.912215333215219e-07
3.474959044336808e-06
5.119903891934099e-05
3.3579549148190386e-05
8.796768164801132e-05
8.12911765069095e-05
8.697262200589824e-05
4.1512425369545514e-05
1.9785686087659963e-05
0.0002137596403884976
0.00017624450268765204
3.986362397939573e-06
8.129634572776071e-05
2.9139895050516614e-07
4.1520243036786675e-05
1.9788200084696367e-05
0.00021377114244856672
0.00017625738289215202
0.0
0.0
0.0
5.002475611909768e-10
1.1745608613731435e-05
0.0
2.88562646431863e-05
0.0
0.0
0.0
0.00011068708525301285
0.00019562854271041357
2.784201287971878e-05
0.0002043915110782323
2.784201287993963e-05
8.880248635157667e-05
4.754524292382301e-05
3.598284107808477e-06
0.0002394444814549199
5.691907323151791e-05
5.691907323173841e-05
5.691907323195901e-05
0.0
0.0
-2.8856264643186352e-05
2.8856264643186345e-05
0.0
6.453272078615885e-11
5.320428718517641e-10
1.6448545613772073e-09
0.0
0.00011068708525295768
0.0001956285427103584
2.784201287966358e-05
0.0008690864976845852
2.7842012879884414e-05
8.880248635152143e-05
4.754524292376778e-05
3.598284107753213e-06
0.00023944448145486467
5.69190732314628e-05
5.691907323168327e-05
5.6919073231903846e-05
0.0001106870852529025
0.00019562854271030315
2.7842012879608372e-05
0.0008690864976845299
2.784201287982919e-05
8.880248635146616e-05
4.7545242923712544e-05
3.5982841076979445e-06
0.00023944448145480943
5.691907323162814e-05
5.6919073231848694e-05
0.0
1.5726096644246928e-05
0.0
0.0
0.0
0.0
5.381276269018224e-21
0.0
0.0
0.0
0.0
-2.1865760642147287e-06
0.0
0.0
1.9394440852148225e-06
-2.7948280125964182e-06
2.794828012597515e-06
0.00033274326367544143
0.0005187247407169724
0.0004868928219722446
0.0015152897176931661
0.002840829259548618
0.0005686982695952972
0.0006519802581563046
0.001122450779932681
0.0002745646424596501
0.00011915866134749039
7.908141674528209e-05
1.0827436406890962e-06
0.0
0.0
0.0
0.0007128699673872635
0.00013831820139173097
3.98077876945651
0.0
0.0
0.002978416279533762
0.002978409591412149
0.002978087387855318
0.002924313758951365
0.002811534122609957
0.0021376991630478255
0.0022332253620492605
0.0002430564452066109
0.0
0.0
0.00022858972565613215
0.0
0.0
3.9993508373706e-20
9.027617420680742e-19
0.0019061347058328191
10.531978794576473
0.0
0.0
0.0
0.0
0.0
0.00015947063845771567
1.0827436451774776e-06
0.0
0.0
0.0028682250632411006
0.0028682250632411006
0.0024759270801546084
-3.386515119433705
0.007450644916452613
0.00015946744865445272
1.0827436429427995e-06
1.197142273964693e-09
0.0
0.0
0.0
0.0
0.0
0.0
-0.0029784162205565004
-0.0029784095914121393
-0.0029780873878553077
-0.0029243137589513545
-0.0028115341226099483
-0.0021180052108166554
-0.0007593780307817378
3.6074518035911167e-06
-8.346826938871116e-05
0.0027450522254538496
5.973605916783658e-08
0.0
2.432779535932248e-16
0.0431744154244786
0.04317441542447818
-0.0027450522254538496
0.00010644198535108609
0.00036487567847894053
0.000232236325144544
0.0006047270178760778
0.000586617608390858
0.0003571970785179824
0.0004995468540698894
6.089219997068621e-17
3.393815095360216
-1.7267222797629334e-05
1.7267222797629334e-05
-2.8368373332830616
2.8368070867535895
-3.0246529472149265e-05
0.00014149846216780616
5.7013432114286835e-06
5.701343211428729e-06
7.612143217245468e-05
-2.773462148932254e-06
-2.7734621489323555e-06
0.6620608077681833
0.4623007277633864
-6.39285807201241e-05
2.794828012605939e-06
0.0005190424800746582
0.000508027827475277
5.437238887671659e-06
0.17183387970915423
-0.1718343064628772
-4.3071745285381996e-07
1.012020231974175e-18
8.863460038666964e-19
2.204683892371512e-09
2.204683892268976e-09
5.382418312600498e-05
0.0008429138565584275
0.0022600500077461796
0.0028558039460757564
0.0038829353868401256
0.0028558039460757564
0.0003189257440103443
3.96792234218803e-05
1.5724396807673753e-05
9.912831636266949e-05
0.0001388160947146045
0.0
0.0
0.0
6.58764854240356e-05
4.954978202039995e-06
4.938384783603829e-06
5.539122433926781e-05
1.583081488703428e-06
8.045903513899317e-05
1.5720039405769136e-05
0.0
0.00018862879488584203
0.00013618623745828844
0.0001857705087455155
0.0006054510123555045
0.0007759540793650352
0.00018788128628389442
0.00018969403708943085
-0.002868225063241101
0.0
3.826344294922146e-06
0.004693644326735772
0.0038829353868401256
-0.0038829353868401256
0.03210130947509873
0.0
0.0
7.339573502360792e-06
8.868970956442516e-05
0.00031493302211984154
0.0
0.0001052222556831705
0.0008523214032353126
0.0002826082758699358
-0.00510298667434661
0.00039823244128759207
0.0
1.7849362733121952e-05
10.656586907069034
-10.845762017982018
0.18915110744217065
-6.154108079396353e-06
0.0
0.0
0.0
0.0006076818387561106
0.00014038113336227838
0.0
0.0
0.0
0.0
2.6981394146186908e-05
2.6981394146186857e-05
-1.5022849947993916e-06
-1.502284994799436e-06
0.0
0.0
0.0
7.450277827416788e-10
0.0
0.0
0.0
0.0
0.00010409136847225256
0.0
4.963052109583097e-06
0.0
0.0
0.0
0.0
0.0
0.0
2.67576488749577e-08
2.1674685295474512e-11
1.907291003953121e-06
0.0011850056509774304
2.876936159981665e-07
0.0
0.0
0.0
0.0001594745189039772
0.0004894563099406024
0.0004894563099406025
7.908141674528207e-05
2.6757649503540247e-08
0.00026317299195344863
0.00026317299195344847
2.1443432456885164e-19
1.9299715219018716e-18
5.741043390656256e-05
7.899803353698914e-06
0.00015550631877786042
0.00040638835980064483
0.00032673275552423594
7.738110882154738e-05
7.079217719842325e-05
4.903155144452367e-05
0.0003569758751252418
7.67300063666837e-05
0.00019833865807543307
0.0002598848528666222
0.0002798159696964351
0.00042875467687146626
0.0
3.8008810395375134e-06
0.0
3.4564081236788384e-05
1.114587797681787e-06
1.3562669966672771e-05
9.848267800228589e-05
9.84822905508463e-05
9.848267800228589e-05
9.848267800228589e-05
9.848267800228589e-05
9.726830314970061e-21
1.0877832289928303e-20
4.978349550930535e-06
0.0002463543896516968
0.0002513313212341399
0.0
-7.682448678837557e-05
3.6345483506175297e-06
7.68165044340342e-05
0.00016203781198720818
0.002652262070190067
0.0026522620701900676
0.0
0.0001494457030656241
0.00031146788537449757
0.0
-0.009256382431532387
0.0
0.0
0.0
0.00036245482789283736
0.00011169768089030224
7.050323334718904e-05
0.00245794935823555
0.0
4.992640884447939e-05
-0.00016161681037434118
0.0
0.0
0.0
4.909700002600821e-06
0.002867341761322118
0.009256382431532387
3.8898653185252665e-08
0.0
0.0
1.9387775452348925e-05
0.0006815776347371981
-0.026333300182636944
0.0
0.0001225702335958296
0.0002348218125227299
0.0009239187266046846
4.835165495412471
-4.836339179291135
-4.070786832876743e-06
0.0
5.103426583514821e-05
-0.00035171359261227075
4.0238162064858336e-05
3.1250209192457675e-05
0.0008107089398956461
0.5055534640232984
5.349770562412731e-10
0.0
0.0
0.0
1.0397023026897303e-06
1.0397023026901161e-06
1.0397023026906165e-06
0.0022600500077462407
0.0
2.0593634150487625e-09
0.0
-2.2414468909111428e-10
2.675764752377529e-08
0.0
0.0
0.0
0.0
0.0
2.97380806663446e-17
1.4866895617513396e-17
4.450488838005505e-17
8.641009844728005
4.435779115402879e-05
2.876921994392678e-06
0.0
-8.641054202519156
0.0
1.1911063871640244e-18
1.1573680597676674e-18
0.0
0.0
0.0
2.8856264643186234e-05
0.005417071963605986
9.641876402845258e-05
0.0
0.00034594186464013976
0.0003004711781380944
0.0
0.0006464130427782342
6.998853950378924e-07
0.00020472706750871816
3.169849060025897e-05
0.00015979100815365687
4.4442613974344014e-05
2.2974287328985034e-05
5.336172193682411e-05
0.0
0.0
2.0359841308008667e-05
1.581459174153258e-16
1.581265375158286e-16
1.6897244718037172e-16
1.5812435148284147e-16
2.876936159981091e-07
0.0
0.0
0.0
0.0
0.0
0.002757775257951599
0.0032571822950587955
1.900440570142347e-06
0.0
0.0
3.61171054110246e-20
0.0004568942627220854
3.096086215562024e-06
3.097017206258909e-06
0.0
0.0
2.6283691158606126e-05
5.0983493056289864e-05
0.00013404006839377717
3.676034901012472e-05
2.398689082281456e-05
0.00012223384088677345
0.0001548386371699583
2.6283691158605695e-05
5.098349305628933e-05
0.00013404006839377674
3.67606348546353e-05
2.3987113167899137e-05
0.00012223384088677286
0.00015483875174078767
2.21788955772543e-05
4.43577911545086e-05
0.00011452846245724386
0.0
5.8526661848476105e-05
5.85266618484761e-05
-0.17987419797858056
-0.17908204338383887
9.824673899846649e-05
1.2204323812090677e-05
2.13053772835336e-07
0.0001106641165833925
5.2176379038844324e-08
5.217637913687766e-08
3.957703731102973e-07
1.3172059409658713e-08
4.617513198907555e-05
0.0
0.0
9.231509298624895e-05
9.231509298624895e-05
9.231509298624895e-05
9.231467771017322e-05
9.231509298624895e-05
0.0
2.0794059647966747e-06
2.1495865970682155e-06
0.0
0.0
1.2762834046234966e-10
0.0
0.0
0.0
0.0
0.0010010581080560593
5.10392110990906
0.0
0.00019072387637094392
-5.105112891893487
0.0
5.10492216815688
0.0
0.043631326256797755
0.00011451997373242043
2.4237007839030504e-10
0.0
1.2136048417783333e-11
9.944774155335303e-07
-9.94477415531591e-07
-1.9693952231160008e-05
-0.0014738473312675125
0.00023944899340302977
0.001947448764389676
1.6375414445399563e-09
5.056661763998177e-09
0.0011238537086329494
6.03565418712767e-06
0.0011298959129858554
0.0
0.0
1.7927559010249265e-19
0.0
0.0
0.0
0.0
0.0
0.0
0.0003035345321664992
0.0
0.0
0.0024188024991121312
3.059997169588745e-20
0.0013144815462416805
0.0
4.010366297811941e-05
0.00021137646335423494
0.0
0.00017127264119917788
5.6051944383862855e-05
1.5414671091770054e-05
0.3226454149000897
0.00023155507454952455
0.0
2.3214145843759177e-05
3.8543740816322125
-3.8543750440064097
-9.645072505247577e-07
0.0026183335309237976
-8.35626855939078e-05
0.0
0.0
0.0002145222465081125
1.372826125792344e-05
-0.00021016268045067417
0.0
0.0
0.00026128093920240413
0.0004690326677954851
0.0001235560744829787
0.00031807567337178934
0.00013504012010288744
0.00018654476488445132
0.00017309920120644402
0.00025505916839037605
0.0
0.0
0.0
0.002927343860977875
0.003164148063757967
0.0
-2.876921994392687e-06
0.00011643859074239719
0.00030446125136517483
0.00025240190565633007
0.0007403685691114147
0.0008117616130199839
0.00014517880110093723
0.00021832410595074207
2.9232708496365594e-05
7.6017620790756815e-06
2.675764820792749e-08
0.0
0.0
0.0
0.00010472059611519554
0.00012767183902523407
0.0
0.0
8.850006195268333e-09
0.0
0.0
0.0
0.0
0.00325787943203448
0.0
0.0001764679636243866
0.0
0.0
0.0
0.0
0.007450644916452611
0.002475927080154609
0.001944341265269133
0.0
0.0
2.3488783548582495e-06
1.3429928855265001e-05
1.1081050500406766e-05
7.279284931501479e-20
0.0
0.0031641480637579675
0.0031641480637579675
0.0002463638191701624
5.701343211428779e-06
0.0
4.334822370753961e-11
4.336350469531384e-11
4.3356427972564725e-11
5.701343211428333e-06
0.0
0.0005489509443395523
0.0021161681453055747
0.000202222671676991
-0.002867341761322118
0.0
3.800881039537387e-06
5.701343211428649e-06
3.82634429501953e-06
0.0
0.0
0.0
0.00325787943203448
0.0032571827233232324
0.0
0.0
0.0
0.0
1.1019591727158867e-09
7.317814257407112e-09
2.36922420877473e-06
6.733151360515921e-06
2.1671365612758797e-11
4.130771692489556e-11
0.0
0.0
0.0
0.0
0.0
0.0
5.701343211427336e-06
5.7013432114272046e-06
0.0
0.0
0.00016765871398815742
0.0001676587139881574
4.908761176890375e-06
4.910234979657474e-06
0.00039810067749716864
0.0
2.5984666382455614e-09
1.6011664348035722e-09
0.0
1.6011664348035722e-09
-6.192405965538634e-05
2.610999018463347e-10
0.0
0.0
0.00026334424735065763
0.0
0.0
0.0
0.00032159545125429726
1.4446756498543349e-05
0.0
0.0
0.00012744002786406572
2.0359841308139294e-05
2.416346446020922e-05
0.0
1.8963321480092565e-06
8.285358156737287e-05
0.0
0.00019563709294371815
0.0
2.785038137699609e-05
0.0
0.00020439968845784617
0.0
2.785038137721695e-05
0.0
8.881101876971805e-05
0.0
4.755375051518123e-05
0.0
3.6069764888505915e-06
0.0
0.00023945309657567762
0.0
5.6927518139653916e-05
0.0
5.692751813987444e-05
0.0
5.6927518140095064e-05
0.0
2.7068590365872695e-07
2.706859036596228e-07
2.7068591079091403e-07
2.706859084550603e-07
2.7068590607703153e-07
1.0827436384048484e-06
0.002978416220556504
0.002978409591412143
0.0029780873878553103
0.002924313758951358
0.002811534122609951
0.002137699163047819
0.0022332253620492536
-0.00024305644520661754
0.0002274617624705412
0.00022746845758103208
3.858545943166425e-07
3.858545943223918e-07
0.0
0.0
2.6757651891027195e-08
0.0
0.12335291066961404
4.4766429517550275e-06
2.91222619930881e-06
7.84048417078179e-07
2.6757650497163204e-08
0.00015659916323523034
0.0
0.0
0.0
0.0
0.0
0.0
0.0011982456011625214
7.244893667408071e-05
6.806131686389838e-10
0.0
0.00016178117212291697
2.2317829148151088e-05
4.587374763292237e-06
1.891856807086763e-05
0.00019125323715071365
0.0008371448233766352
6.538601478777787e-05
0.00011278347033673299
0.0009460182531075778
0.00012567508374020756
0.0002744237856287296
0.0011463217471132433
0.0016417532315261662
0.0005418919405059799
0.00017139775543737696
0.00021597425508145947
5.377584064980126e-05
3.8339953396379895e-09
0.0002721832935454589
0.00024089523497281625
0.00025472983339757294
0.00014388727112489794
0.00016790590025865724
0.0005454993923095743
0.00041084674884041007
4.226217968820733e-05
2.2117458618373693e-09
0.016982988817852353
0.0002563176018233149
0.0
0.0
0.0
0.0
0.025645318173340412
0.039722621119094345
0.00043068521520157795
0.0
6.474416713175429e-11
0.0
2.14445568493314e-06
0.0002789294609460314
0.00043640862936163865
0.0
0.0
0.0
0.0
0.0
0.00022688957557509117
0.0015066046164938741
0.0021556543040982673
1.4767384320533559
0.00014363931111632588
0.0
0.0
0.0
0.0
0.0
1.5239919503840957e-05
0.0
0.0
3.044466935155029e-05
3.0444669351550293e-05
3.0444669351550286e-05
3.0444254443727788e-05
3.044466935155029e-05
0.00011308878614790061
8.216575184539121e-06
-1.4770087362790836
1.1515174874756439e-05
0.0
0.0
2.299518073863895e-05
2.2995180738638946e-05
2.2995180738638942e-05
2.2994766008636394e-05
2.2995180738638946e-05
4.278856977883173e-05
3.742816842970996e-06
0.0
9.38293366648528e-05
9.382064292221357e-05
9.460968334827578e-05
9.382933666485284e-05
9.460968334827581e-05
3.470361613224508e-05
0.0
0.0
6.93720614900499e-05
6.93720614900499e-05
6.937206149004988e-05
6.93716462739384e-05
6.93720614900499e-05
0.369254238213567
0.00014186041479518087
6.795253537999744e-09
0.00028373442009743785
0.0
0.0
0.0007029209849549337
1.3527818948345083e-05
0.0
2.338641969131993e-20
1.9004405197695756e-06
3.21473702772335e-06
1.5743159509905573e-06
7.158926608437298
0.0
0.0003334632667328116
-4.299915507342461e-05
0.0010918005121139064
0.005139847449997899
0.16787434429039608
0.0
0.0
0.0
0.0
0.0
0.0
0.0
0.0
6.216922684545478e-09
0.0
0.0
0.000377295784894591
0.00013054221957764154
0.0
0.0
0.04408812906570604
0.0
1.0140308156291013e-10
0.0
0.0001154698053696505
0.0001154698053696505
0.001127079296952924
0.0
1.478514013085452e-06
0.0
3.235916964130394e-05
0.0
5.887784164681494e-09
0.00013121836097927935
0.00012828643410458938
3.0264189967654973e-05
0.00019906265255485955
0.00044922132384079904
0.00011050017746234688
0.00011890185989100746
0.0
0.0
-0.002132729733785254
3.7022628272702674e-05
7.64432709742464e-05
7.297694146487035e-05
0.0
0.0
0.0
0.0
6.566301671414814e-10
0.0
0.0
0.0
0.0002418176191240597
0.0023167350285712676
0.0021935621907840162
0.00027038640589100186
0.04210983739061598
0.0001314933177085426
5.085444617735746e-10
0.0
0.0
0.0
0.0
0.0
0.0
0.0
0.0
0.0
0.0
0.0
0.0
0.0
0.0
0.0
1.2550152860714287e-09
3.9577037257200577e-07
0.0
0.0
0.0
0.0
9.934173061713859e-05
0.0
0.0
0.0
6.834171110049155e-10
0.0
0.0
0.0
0.1416629966882945
0.003780490196327988
0.00010435248151609098
0.0
5.6953740173568895e-06
0.0
0.0002617101304485975
9.4654928478749e-06
0.0004187615898450374
0.00022088153883922186
0.0
0.0010785396667709346
3.214702765907424e-05
3.214702765907425e-05
3.214702765907423e-05
3.2147027659074205e-05
0.0
0.009676233135125376
0.0033673078192415946
6.646722266740391
0.0
8.092674546759793e-05
7.297080459200426e-05
-7.955940875593659e-06
5.2483561533952745
0.06062982048796385
0.0
0.0
0.0
0.0
5.30898598885386
3.957703724542348e-07
3.957703726942947e-07
3.957703728210152e-07
0.0
0.0
0.0
0.0006044303965893741
0.08638826053339371
0.0014248847364092866
-4.4757405623739706
4.564239072517862
6.586092446252428
5.30898598885386
0.017310880754290946
0.0
0.0
0.0
0.0
0.0021935621907840162
3.980778761761046
2.9212163970923695e-07
0.0005423970428725859
-0.07883918067562981
8.759226979631686e-05
2.686744055987761e-09
0.0038848426778440785
-0.00034202561643331003
8.167462651768458e-05
3.2359169641304076e-05
3.23591696413041e-05
0.0002558442047919832
-6.590794861322079
2.6097583062253684
-2.2389949854189865e-06
3.777967315144774e-05
0.0
0.0
0.0003755602821946004
2.3961735765665237e-09
2.2779989835331384e-09
0.0
0.0
0.0
0.00010961174004034707
0.0001284990162730165
-4.170222066073142e-06
0.0
0.0
0.0007460936187000877
3.761560264887715e-05
1.5920167159657615e-07
0.0006124062735751119
4.2990344101557435e-05
0.0002465496914804953
-3.860785762689194
3.86072019693112
-6.556575807396153e-05
0.00012821349751870303
8.053233929525485e-05
2.092381471139707e-05
-1.12243616245749e-05
-0.0005480166322809278
0.0002143502969059007
0.0001240243266914142
0.00014881502131960892
0.0
5.79270947551731
-9.294176219730168
3.501462356987677
-4.387225181663606e-06
0.0
1.5830814886848116e-06
1.583081488661664e-06
1.5830814886709226e-06
0.0004417039387095609
0.0026304603658425744
0.0
0.041953147245701955
7.07783126669962e-05
0.0
2.3006377967059343e-19
0.0
0.0
0.0001566064689881721
0.0
0.0
6.748090935242515e-09
0.00017061417286356792
1.010751286257139e-05
6.566301671401271e-10
0.0
2.36922420836884e-06
0.0021235377395497643
0.0001539144558016302
0.0
0.0
6.194379873339079e-05
6.194379873339183e-05
0.0
0.0021235286538336135
0.0
2.8717736846342177e-07
2.8342007097770914e-07
0.0
0.0
2.921216397092734e-07
5.701343211426126e-06
3.8008810395372614e-06
1.2613288506218476e-05
0.0002334948273454402
7.912865657795351e-05
0.0
0.00042379409879362125
2.3448543481657037e-05
0.0006696585306743157
3.684338585468369e-05
-9.182773418482219e-06
-4.602615927316579e-05
0.0
0.0
0.0
0.0
-1.1440466825153432
-0.40924799842812554
0.0001360282867689461
8.708346178818727e-06
-8.708346178818742e-06
0.0
0.0
0.0029784162205565064
0.0029784095914121454
0.0029780873878553146
0.0029243137589513614
0.0028115341226099535
0.002137699163047822
0.002233225362049257
-0.00024305644520661418
0.0
1.9004405701304387e-06
0.0
0.0
0.005885485400279382
0.0
0.0
2.628000474053345e-08
9.350109896010355e-09
2.165259773977629e-11
3.957703719584276e-07
3.9577037212900214e-07
3.957703718530138e-07
3.95770371891768e-07
3.957703720298109e-07
3.9577037295207777e-07
0.0
0.00010549840943982682
8.512244873816799e-05
0.002530677459800365
-4.2584383245025055e-05
4.607606342665467e-11
0.0
0.0
0.0008107089398956468
0.0008107089398956468
0.0
4.0648752169121876e-05
-4.398605129635443e-05
-3.337299127232604e-06
0.0
0.0
4.0448962051628875e-06
7.318089155485895e-20
1.0035481665287356e-06
-1.003548166528734e-06
0.0
5.701343211428479e-06
0.0
0.0
0.0
-6.239748905060862
6.239062764919413
0.000686140141448829
-0.006092234367774417
0.0047767492733662075
0.0013144815462416805
0.0008107089398956467
2.388913246310238e-05
-3.222035568177644e-07
0.00017338987183643446
0.0002954544896666666
0.0
1.1650518775844417e-09
1.2597350184680679e-09
0.0008140376451864756
-2.150794859168182e-06
-2.1507948591681105e-06
1.3976894617833295
3.5359658785169556e-08
2.375935771854528e-06
2.168312093588071e-06
2.4298333705161475e-07
2.1683120935881032e-06
2.1683120935881435e-06
0.04198497412420206
-3.7944938055638096
3.7944961544855427
2.34887835485828e-06
0.0011894413002761374
1.51899583232766e-05
-0.0001587338849388003
0.00016093093479372126
-2.1945459422841723e-06
-2.1945459422841668e-06
0.0008107089398956466
0.0008107089398956467
0.0004894563099406022
-0.0024759270801546084
0.0
4.507673817352627e-05
-4.5071505664386356e-05
0.0
-0.004693644326735773
0.002552877856707207
0.0
3.8850041125363988
3.8850041140477516
0.0
0.0
8.691469910261934e-05
0.000807666426751416
0.0
4.448256058679834
-4.448257501746089
-1.4439634795652639e-06
-4.363927151553401e-06
1.3626689947087336e-05
0.0038394907945491796
-0.0038394907945491783
-0.0038394907945491783
0.0038394907945491783
0.0
0.0
0.0001657957060128741
0.0001657957060128748
-0.0074506449164526145
0.0024759270801546084
4.135229453794437e-05
1.5566778693463327e-05
0.0003327432636754414
0.0003327432636754414
0.0003327432636754413
0.0
0.00025171142870213505
0.001584173382266081
0.00017242077232771462
0.0016634640386405017
4.930152208622381e-05
0.0
0.0
0.0
5.973605917083829e-08
7.912223718698497e-09
0.0
0.00010522149759757653
0.0
7.580855939437266e-10
0.0
1.3537864221692935e-09
4.172127089721601e-06
4.9291103917117004e-05
0.00010522360946959267
4.9291625852538854e-05
4.172127089721598e-06
0.0
0.00031456407622007466
0.0
0.0003145719884427341
-5.895018729115274e-06
0.000438203867723483
0.0038394907945491796
0.0
3.689691697466813e-05
-3.6894026838734146e-05
0.0
0.00012402432669141416
0.0
0.0
0.0
0.0
0.0
0.0
0.0
4.63453887935831e-09
7.828628967966355e-09
0.0
0.0
0.0001661737466516025
6.719829769653977e-05
8.4586359052007e-06
1.30898841843444e-05
3.9937250134374436e-05
9.67339960728433e-06
9.26521225482222e-05
1.17016088533012e-06
0.0
0.0
0.0
1.9539540166683613e-09
0.0
0.0
0.0
0.0
0.0
0.0
0.0
0.0
0.0
1.0143423350641052e-05
3.197548300055049e-05
7.897691075292251e-05
8.601727789887851e-05
2.169655027349876e-05
2.2943584305263445e-05
9.525849085049522e-05
0.0001783985883386232
0.0
0.0
4.1816346115907145e-09
2.247910075807407e-09
0.0
3.15632897401859e-09
4.417666036837584e-09
9.171693056082245e-10
3.179304345098716e-09
0.0
0.0
4.31802433392878e-09
0.0
0.0
5.489954586075138e-06
4.87741242540221e-05
0.0
0.0
0.00010237275862433429
0.0
0.0
8.398040208076623e-05
0.0
8.668540469000457e-05
0.0
0.0
0.0
0.0
6.192405965538634e-05
2.8769219943945923e-06
0.0
0.00026887871716912363
3.742504382748448e-05
0.0003091758358724613
0.0
0.0
0.0
0.0
0.0
0.00012482056392660045
2.6757652569801607e-08
0.0
0.0
0.0
0.0010748726560891443
0.0
0.0
3.695600804903857e-09
3.530648836846921e-11
3.530648836980612e-11
0.0
0.0
0.0
0.0
0.0
3.877589050036319e-20
0.0
0.00026929366463109374
0.0002553072548423
0.0005245979666706499
0.0
0.0004282270826929115
0.0
1.5209427742097883e-09
0.0
0.0
0.0
0.0
0.0
2.8948282363594436e-10
0.0
1.607762154917434e-05
1.6077621549174337e-05
1.6077621549174337e-05
0.0019061079451703343
0.0
0.0001565851641882724
4.15674374716962e-05
0.0
3.264229461657703e-05
0.0
6.034482063925476e-09
0.0
0.0
3.2633145462516894e-05
5.545389324490035e-06
0.0
0.0
0.045361218493161104
4.24423850853939e-05
0.00037322029158233234
6.233565090586262e-05
9.144483247963888e-06
2.0359841307766433e-05
2.0359841307901565e-05
0.0008364622282074826
0.0008364609731932269
0.0
-2.6757650163073435e-08
-2.6757650113767792e-08
2.0359841308087896e-05
1.0487814561321597e-05
0.0
0.0
0.0
0.0
0.0013183179706232676
0.0
0.0
0.0
0.0
0.0
0.0
2.93794222603591e-20
0.0
0.0
-0.00012320505424588243
7.392965189181638e-05
9.125296058636647e-05
0.00010588174555133233
0.00024721239217351357
8.359614611492276e-21
1.607762154917434e-05
0.00034241942478630254
0.0003424194247863025
0.0
5.545448066313959e-06
0.0
0.0
0.0
4.157257361994925e-05
4.157257361994913e-05
0.0
0.0
0.0
9.563253233959257e-05
0.00011857925470803092
3.449157585080431e-05
3.263913784411158e-05
5.535879560565557e-06
4.156406326883858e-05
0.0
-9.56398205182544e-05
-0.0001185865781926266
-3.449608092989384e-05
4.130913062933955e-06
0.0
0.0
4.130913062937424e-06
0.000350396463134596
9.765822058553534e-05
7.565695589029301e-05
0.0
0.0
0.0
0.0002586270483098058
5.888805760745153e-06
4.158811929593595e-06
0.00016617374665160397
0.0001661737466516047
3.957703722327967e-07
1.099358745584047e-06
1.0993587455840438e-06
6.796572006283673e-13
1.0397036620038717e-06
6.796571406098647e-13
4.910234979657887e-06
-0.0006853566293847316
2.0794059647969597e-06
0.00019814585650983142
0.0
2.0794059647967886e-06
4.158811929593535e-06
2.885626464318633e-05
0.0
0.0
2.7948280125993185e-06
0.008722848264966934
0.00872284826496711
0.0013183179922752124
3.826344295047344e-06
0.0
0.0
0.0
0.00012317283778725136
0.0
4.4215924347749633e-10
6.494638049854834e-05
0.00021664736831421196
0.11362072755346314
0.0018382837860931175
0.16774630622606276
2.9778429664067722e-06
1.2758344170554698e-05
0.00011427355395158674
5.382418312600489e-05
0.0001811165035516114
5.817303330123724e-05
2.1375549097913573e-05
0.00011046415075725267
7.647315776810998e-05
0.001533670003175721
5.3817643765927464e-05
0.00010818847728576588
0.00014040796018338213
5.819835190316352
0.0
0.47066755092011014
0.00443487692907187
0.0025260021694991567
0.0002648227613636878
0.0004844519427579521
1.2607737299826013e-05
9.339263407401096e-05
6.131568917243889e-05
0.09249832338447522
0.09261001408387345
0.0
0.00018272532562650944
5.3223435430372685e-06
2.75265444598321e-06
9.06879690385698e-05
0.00010011235457696013
6.171087458305819e-05
3.246493857273685e-06
0.0
2.232342084611949e-09
1.7740803776732515e-09
0.0
5.3817201606683675e-05
7.647315776810987e-05
3.0781580237589e-19
1.9409020144909046e-05
0.0
0.0
4.250503636805892e-09
0.0
0.0
0.0
0.0
0.0
0.0
0.0
0.0003432972455586986
0.00034329724555869854
0.0
0.0
0.00020837300315962955
0.00013226568842505325
0.0
0.0008700255411453111
8.972242818353946e-10
2.9232708496365658e-05
0.0
0.0
2.8593423972663216e-05
0.0
0.000127672585208177
0.0
0.00025572286349554666
1.6010110384581427e-09
3.3184387276337883e-05
0.0
0.00022143765427432165
0.0
0.00017048726830126408
2.318875374765804e-09
0.00011112024393738796
0.0
0.0006002249394678545
0.0
3.0418796205018372e-05
6.392858072012402e-05
0.0
0.0
0.0003794149524215364
0.0
8.462395824327777e-05
0.00028758820756177443
2.9232708496365628e-05
7.912865657795371e-05
0.00011264765646182947
4.410989961426921e-05
1.8424007925600892e-05
1.127497382364742e-05
0.0004053274309542578
4.035367707267498e-05
2.2819236438637386e-05
4.023816206485852e-05
1.0342468200743334e-05
0.0001345283220698399
0.0
2.6084574505357652e-09
0.0
0.0
0.0
0.0
0.0
0.0
0.0
0.0
0.0
0.0
0.0
0.0
0.5310721833725855
0.16181794889462514
0.00012430145510771207
1.1947509902393626e-05
0.002652262070190067
9.167695668322738e-09
9.23323787949477e-09
0.0
1.900483919957603e-06
3.1940900888152456e-09
2.6757652124336647e-08
2.6757652306610798e-08
2.675765243603601e-08
1.8963321480092455e-06
2.1697390433752817e-11
2.168752225665379e-11
0.0038394907945491796
0.0
3.763659238103838e-09
0.0028673418005215716
0.0
3.763668776729808e-09
0.0
1.9004405685032208e-06
1.8175639494027652e-06
8.287661746167528e-08
2.675765090885371e-08
2.6757651280520757e-08
2.675765160888598e-08
9.279572340082668e-05
5.176243794314897e-05
0.0
3.9199453598906066e-11
0.0
-0.0028673418005215716
6.113103877746624e-06
0.0
0.0
0.0
0.0004319605559874964
0.00228044246767545
0.00017816452303040907
6.610316145362288e-05
1.0480765284803814e-05
0.00017256276485133623
0.00010540001895821599
0.0001971690921593257
6.436174780939097e-05
0.0
0.0
0.0
0.0
4.9102349796566665e-06
0.00015600650571047812
0.00010527443349192554
0.0004393815599436943
2.965110785179025e-05
7.814240288761956e-05
4.5413671595358645e-05
0.00017038635991820013
0.00014768931345358855
3.827518146406709e-05
9.67699258684835e-05
5.505244523706813e-05
0.00013149231964738255
0.00013346910647256627
3.963163575539668e-05
0.000396283158181906
0.00031070884586185824
0.0019493411618843215
0.0005190424800746584
0.00042379409879362136
0.07117166118708132
8.635837933419195e-07
1.0341327932880918e-06
1.8963321480092364e-06
0.0004374233488182743
1.7858805157594057e-05
6.372444811487031e-05
5.557379166600386e-05
0.0003923495334309183
0.00028531235049745183
5.118996804912495e-05
3.3571629857340506e-05
0.0
0.0
1.8963321480092506e-06
0.0
0.0
0.026076010540129414
0.0
0.03972262111909435
0.0005830128335660988
3.032319457121023e-05
0.0001322748959218071
0.00022101272978281426
7.827167489625453e-05
4.377381221092226e-05
0.0003359936233429312
0.0003412358768227733
-0.0011270792969529243
0.018347860823001022
0.043846319047229534
-0.1416629966882945
0.04210983739061599
0.0
-0.12335275146794239
-0.0003495579737963012
8.391939905351967e-05
0.0
0.0
0.0
0.0
0.0
0.0
2.633683217327017e-05
8.391939905351985e-05
5.097855019404573e-05
0.0
0.00022072133083230911
0.0
3.6751985974489344e-05
0.0
2.39860431263104e-05
0.0
0.00012222248089436416
0.0
0.00016497871608168405
0.0
0.00011025623122678966
5.0969669407344205e-05
0.0002207124574547726
3.674592135509126e-05
2.3977160881391306e-05
0.00012221358464216842
0.0001649698220100039
2.439935125647184e-07
2.439935125635815e-07
-0.0015788537644153542
2.4972954875297867e-20
0.0
0.0
0.0
0.00876332053016996
0.008226509751069295
0.0002724649866613909
3.197548300055023e-05
7.897691075292221e-05
8.601727789887828e-05
2.1696550273498446e-05
2.2943584305263144e-05
9.525849085049491e-05
0.0001783985883386229
1.7865368453792778e-05
6.373087861543337e-05
5.557902803160962e-05
7.892838231644946e-07
0.00010584339964433657
5.119457945071276e-05
3.357661034089128e-05
8.796768164801124e-05
8.129117650690938e-05
8.697262200589814e-05
4.151317039732821e-05
1.978568608765985e-05
0.0002137596403884975
0.00017624450268765196
6.719829769653965e-05
8.45863590520056e-06
1.3089884184344288e-05
3.993725013437428e-05
9.673399607284182e-06
9.265212254822204e-05
1.1701608853299773e-06
0.0
0.0
0.0
1.953954017388244e-09
0.0
0.0
0.0
0.0
0.0
0.0
0.0
0.0
0.0
1.014342335064094e-05
-9.465492847873982e-06
3.800881039537641e-06
2.6757650049021752e-08
1.365289961768471e-05
4.908761176903802e-06
0.0
0.0
2.8856264643186264e-05
-0.00014086445163622894
1.3581237760094698e-05
0.00021348420272776042
0.00015639868402856418
1.9608686359281213
0.0
0.0
0.0
0.0
1.6179584820651902e-05
0.024649448459621612
4.908761176899423e-06
9.285645749051358e-05
8.571110159449768
0.00027432341895481613
1.1530076789928992e-05
-8.748765666124166
-2.3051870006882016
0.00039810067749716864
4.908761176901838e-06
0.0011789214935362443
0.0015788537644153544
0.0
2.1501750128146993e-06
0.0
0.0
0.0
5.093895557914309e-05
0.0
0.0
0.003884842677844078
0.0038848426778440785
0.0004894563099406022
0.0008107089398956463
0.0038829353868401256
0.0008107089398956462
0.0038848426778440785
0.0008107089398956466
0.0003956679950916793
0.0
0.0
0.0
7.024825435609482e-05
-0.05129802387327382
0.05122686899507749
-9.066238402464665e-07
-2.2950693719791246
0.0
0.0
0.003257182295058794
5.482474120570141e-06
4.876451444911308e-05
0.0
0.0005438316396026672
0.0007433418381642492
0.0
0.0
0.018347860823001022
0.0
0.018347860823001022
1.1724394270851642e-10
5.482474120569956e-06
4.876451444911284e-05
0.0
0.000543831639602667
0.0007433418381642488
0.0
0.0
1.9608686359281213
3.386515119433705
7.101946638812937e-10
4.908761176896616e-06
-0.00011028094218110356
0.00013831820139173097
4.593621212661287e-06
0.00010569584980686668
0.0
-0.00048490301395242815
0.000207708258574401
0.0005808315596910752
0.00012145828788337952
0.00011549981120504659
4.295847450881634e-05
2.2329770529277843e-05
0.0006808426060079534
0.0008140395340369246
0.0
1.8888504724518837e-09
0.0004995456871179731
0.0004374247332569186
0.0
1.3844386678194304e-09
0.0004995448520352361
0.0
8.350827605104484e-10
0.0032705963434444714
-0.00012273256662915884
2.885626464318616e-05
0.0
0.0
2.598466638244918e-09
0.0
-6.967087112473688e-07
-6.967087112473946e-07
-6.967087112474257e-07
1.9409020144909043e-05
2.3052980262490457
2.3052980262490457
1.0314927271217518e-05
0.0
0.0
1.9004405197692418e-06
7.601762079075684e-06
3.8008810395379115e-06
0.0003995418364448358
1.4179684873586315e-09
0.0
0.0
0.0012772053229564767
0.0012772053229564767
3.95770372341065e-07
3.826344294977814e-06
0.0
0.0
0.0
0.0
0.0
0.0
0.0
0.00018255782407288095
8.8920545550232e-05
0.00022873755977674632
7.924641935681916e-05
0.0001758467130330213
1.1086066348974278e-06
7.686731176331982e-06
4.9210061234940585e-06
0.00020218256342550145
4.372165274275224e-05
0.00028568078139364045
1.0111694449044207e-05
0.02107138437180215
-0.02054141784814529
6.047236644382583e-19
0.0
6.139923790722961e-08
5.527561751675477e-08
0.0
5.527561751677671e-08
5.5275617516824794e-08
1.5830814886570476e-06
5.1034265835148266e-05
0.0022600500077461796
1.1990928700604866e-20
0.0
0.0
0.0
2.2474769959568488e-07
0.0031641480637579667
-0.003164148063757968
0.0
0.0
0.0
0.0
0.0
0.0
0.0
0.0
4.337830754900528e-11
1.342992885526499e-05
0.00243606972190976
6.192432075528819e-05
0.0028067557502996113
0.0
0.0
-0.7042811177860491
0.704280646692592
-4.779587918090138e-07
0.0
5.103426583514832e-05
5.103426583514831e-05
4.337678808901138e-11
1.9004405200708878e-06
1.9004405199199423e-06
0.003257182723323232
0.0032571822950587955
0.0013144815462416805
0.0
0.0
0.0
9.304876194653679e-10
0.0
0.0
0.0
0.002160999784923976
0.002160990807903446
5.1034265835148294e-05
1.1617160721417293e-18
1.1617160715906606e-18
0.00013400754666396332
0.00013680171987513767
-2.7941732111732515e-06
2.7948280125997805e-06
0.0
0.0
0.0005769241196679472
0.0001359458477193161
0.0
4.336932289830048e-11
4.337377566333099e-11
0.00031369260805506443
0.00022586534102483563
0.0005364582968345419
0.0
0.20723840974751004
0.0
0.0
-8.598677670886406
0.0
0.0
0.0
0.0
0.0
0.002260009146288722
0.0
2.784201287955319e-05
0.0
-0.02755783683730032
0.0
0.0
0.0
0.0
0.0
0.0
0.0
0.0
0.0
0.0005030093794039885
1.0827436407122945e-06
1.0827436407281228e-06
3.9577037234463794e-07
3.9577037234063094e-07
1.478514013081211e-06
0.00016617374665160324
0.0
0.0
0.0
0.002047956790527271
0.0031641480637579675
7.158926608437298
1.3780086304433466e-05
8.982502500814196
-8.982508643819841
-6.142856977536333e-06
0.0
0.0
0.00035171359261227075
7.025187357534076e-05
5.5234727162952356e-05
0.002487874590057002
0.0
0.0047767492733662075
0.0
3.5277767658429285e-06
0.001065384877644669
-0.7067791822471883
0.7078396104522946
-1.4296059673172439e-06
1.1528900032028498e-05
-1.1528900032028502e-05
1.9072910040126425e-06
0.012166367363282686
0.008905008517611553
4.1307716925126155e-11
0.0
0.0
0.0
0.0
0.0
1.551248159558717e-05
1.1528900032028493e-05
0.0002406624759587334
0.0
0.0005049098199238165
1.9072910039533549e-06
0.0650993701665557
3.1427108146827947e-18
0.0009192957200737503
4.1151985733468964e-05
5.654655622289004e-05
9.769891324033592e-05
5.654655622289009e-05
3.267050381656215e-10
0.0
0.0
-0.0003058134126955476
2.0252068089652434e-06
0.00018161920178862858
0.00048743110313163694
6.103946812064965e-21
-5.033132381714491e-06
-5.0331323817144754e-06
-6.2397111292560155
2.5168313103957314e-19
0.0
9.167144459441085e-09
9.27781250330595e-09
0.00021983744842676953
0.00021983744842676953
7.347703385479509e-17
0.0
0.0
1.9072910040180993e-06
0.0
9.050705544963161e-10
0.0
-0.0011789214935362447
2.5121273899422277e-20
-1.84352357921816e-06
-1.8444286497726085e-06
3.012998750962034e-17
0.00033234749330320426
0.0003420256164333101
0.0
0.0
0.0
1.0827436429537432e-06
1.0827436429566358e-06
0.00033234749330320393
0.0003962831581819059
0.001127079296952924
0.00039628315817968006
0.0003420256164333101
0.0003420256164333101
0.0003962831581819059
0.0003962831582965735
4.687186351895636e-07
1.0305671631073143e-06
1.1424795990787182e-06
0.0
0.0
0.0
0.0
0.0
5.973606663893845e-08
5.973606660426356e-08
0.0
0.0
0.0
5.97360665348025e-08
0.0
0.0
2.086829026844033e-05
0.00039628315818190593
0.0003323474933032041
5.973606645585069e-08
5.973606157567272e-08
5.426630927766863e-05
0.0
0.0
0.003784603287259666
0.0
5.973606397021678e-08
5.973606634279482e-08
1.9004405202217654e-06
4.044896205161398e-06
2.1444556849380764e-06
0.00016433145992688725
2.885626464318622e-05
7.749006278968358
-7.749006274215234
0.0
6.113103877746603e-06
-8.04590351389932e-05
-8.045903513899318e-05
2.8483679140986194e-05
0.00018694880784360992
0.00019516456586654668
8.646702108272049
-8.64670287596349
-7.595493648721293e-07
0.00016617374665160213
-0.004359114987625645
0.0
6.10920473029541e-05
-6.108502893865658e-05
0.0
-0.0007528711007012134
5.912579795845801e-17
0.0
2.8483679140986122e-05
0.0003725757114639178
-2.0400917393977114e-05
-0.00039297662885789497
0.0
0.00013071954098246668
0.00010993669104339257
0.0
0.0
0.0
0.0024582317508234953
0.0
0.0
0.0
0.0
0.0
0.0
0.0
0.00013211818746677553
0.0018337572065825166
0.00196531578143762
3.4656657469106885e-06
2.9060531352381983e-06
