0
0.0
2.6993778788532554e-09
0.0
0.0
6.676855156392926e-09
0.0
0.0
0.0
4.84308075046036e-07
5.8009726998163835e-08
0.0
1.1915776670075417e-08
0.0
0.0
0.0
0.0
0.0
0.0
0.0
0.0
0.0
0.0
0.0
4.821578262517331e-10
9.300725337619618e-08
7.709081731100038e-09
0.0
0.0
7.993746826969907e-09
0.0
0.0
0.0
0.0
0.0
0.0
2.8530960379531885e-05
9.850374516604133e-09
2.4809585685914617e-09
1.315578670765072e-08
0.0
0.0
0.0
0.0
0.0
0.0
0.0
4.181873360642772e-09
0.0
0.0
0.0
0.0
0.0
0.0
0.0
0.0
0.0
0.0
9.543484636983758e-09
0.0
0.0
0.0
8.441363249891403e-09
0.0
0.0
9.82561117980982e-09
0.0
7.437509262833798e-10
0.0
5.203421223464439e-16
0.0
0.0
0.0
9.776636515563521e-09
1.015482813668863e-10
8.245012657532758e-12
7.00975419926352e-10
1.3793574793414254e-19
0.0
0.0
0.0
0.0
1.0154892204905508e-10
7.509784557238143e-21
0.0
0.0008683347174184286
4.898984668792934e-13
1.3610490464054575e-08
0.0
9.474178351594592e-09
0.0
0.0
7.032397303082391e-09
0.0
2.0218798968996445e-10
-1.8836225735777016e-10
9.581092921573697e-09
0.0
0.0
0.0
0.0
0.0
0.0
9.910951840280332e-09
0.0
0.0
8.942206917087968e-09
0.0
0.0
0.0
0.0
0.0
0.0
3.584893000130117e-09
9.506960202324373e-09
5.893054837611242e-21
0.0
0.0
0.0
0.0
0.0
0.0
0.0
9.867313902361297e-09
0.0
0.0
0.0
-3.958840277817899e-08
0.0
8.818551014527256e-09
8.65460129284985e-09
0.0
4.517193914401287e-10
2.059687355650278e-09
0.0
0.0
2.485048631568555e-09
0.0
0.0
1.670252439301352e-08
8.705341068942384e-09
7.14501621918231e-09
9.871588665262923e-09
0.0
5.892894604780385e-21
0.0
0.0
0.0
0.0
0.0
0.0
0.0
2.0439387668327967e-08
8.471862699910857e-09
5.888088715053669e-10
5.830241177267489e-09
9.287866940894133e-09
0.0
9.773008015481519e-09
1.5449509999683516e-08
8.4388223393728e-09
0.0
0.0
0.0
-0.00016496408496198173
2.0324978172185848e-08
4.007226433199312e-09
1.1113332569671712e-08
9.103002774729966e-11
0.0
0.0
0.0
1.5393646553423904e-09
1.0356771435429101e-08
0.0
0.0
0.0
0.0
0.0
0.0
0.0
0.0
0.0
5.48424250365187e-09
0.0
4.085262590258765e-05
3.126540581182925e-09
0.0008706251526073849
7.038311010650889e-09
7.575366086321346e-08
0.0
0.0
2.9204970981319767e-08
9.796119892755808e-09
1.4161178054337434e-19
0.0
0.0
1.027380356411689e-08
0.0
0.0
1.3515665414945333e-08
0.0
0.0
1.9734628550299543e-08
0.0
8.914693103264267e-09
0.0
1.330111376326113e-08
3.760164507156353e-08
5.369770070014469e-06
0.0
9.140495725200978e-06
9.72077610392793e-09
0.0
9.758405560978096e-09
2.4421105119353615e-09
4.765974565104096e-09
0.0
0.0
0.0
0.0
0.0
0.0
0.0
0.0
0.0
5.258311342183547e-10
0.0
0.0
0.0
9.917065299411694e-09
0.0
1.6720050957348783e-11
1.692448753842432e-10
3.5529402003230127e-19
0.0
9.927911560743159e-09
1.3487207180349226e-11
9.123137785084363e-09
2.6473083902635113e-12
9.872752307623802e-09
5.007125417217334e-09
0.0
1.1267166734071679e-10
-6.624990007105917e-06
6.298692848151206e-12
0.0
0.0
0.0
0.0
5.8932138912280055e-21
0.0
-0.0008529338508475893
1.9150737907726752e-24
9.692697219620579e-09
0.0
9.908633894502823e-09
0.0
0.0
1.8328363291319814e-08
0.0
0.0
0.0
5.395766619181161e-07
9.710016589472066e-09
9.79768793034551e-09
9.904623008961397e-09
1.7329827808661223e-09
0.0
0.0
0.0
0.0
0.0
0.0
0.0
9.325242084692576e-09
0.0
2.3450301510307177e-08
4.3302549680674e-10
0.0
2.1142679377128026e-21
0.0
9.79937534849227e-09
6.9900367423485605e-09
0.0
0.0
0.0
8.29294772417051e-11
0.0
9.336906977704901e-17
0.0
-7.363620068215337e-08
0.0
0.0
0.0
9.812257804585017e-09
9.455011979121711e-09
9.068566164577179e-09
9.859612768269798e-09
0.0
0.0
0.0
0.0
7.672369513263121e-08
0.0
3.582006797399215e-09
0.0
0.0
0.0
9.581093135586582e-09
5.988318940043851e-09
0.0
2.092347719142796e-21
0.0
0.0
3.2355724759469844e-08
0.0
0.0
0.0
0.0
0.0
0.0
0.0
2.9713455444072096e-08
0.0
0.0
0.0
0.0
0.0
0.0
9.63077498698377e-09
4.055534794145342e-09
0.0
0.0
0.0
3.418067416535289e-09
0.0
0.0
0.0
0.0
-4.77956482310216e-07
-4.779564823158398e-07
-4.851728807392773e-08
-4.8517288082171853e-08
1.9518263913080385e-08
9.950688400672085e-09
7.257972351179254e-10
7.10713634365122e-10
9.991977485803965e-09
6.590145973580456e-10
9.92321741418765e-09
6.577718130293676e-10
9.924484067641841e-09
9.968173265052373e-09
9.99254877995223e-09
9.991977947780418e-09
0.0
0.0
0.0
0.0
0.0
7.30803981871927e-09
0.0
0.0
0.0
8.240530097863052e-10
0.0
1.2522750028273877e-09
4.72031139306936e-08
0.0
0.0
0.0
0.0
0.0
0.0
0.0
0.0
0.0
0.0
0.0
0.0
0.0
0.0
0.0
0.0
0.0
0.0
0.0
0.0
0.0
0.0
0.0
0.0
0.0
0.0
4.9201105305981416e-08
2.8392447928602116e-10
2.49654298649442e-10
9.300725351642807e-08
7.258188886627824e-10
7.027822416230908e-10
7.251630231516752e-10
0.0
0.0
0.0
6.1577403244834265e-09
0.0
1.6921939911929096e-08
0.0
9.691617214920223e-09
0.0
1.4685786127531834e-08
1.4685808794236672e-08
1.4685831760401642e-08
0.0
0.0
-8.350428009253298e-08
9.30072534187006e-08
9.08417665832943e-18
1.9824548632535358e-08
1.9937271436390563e-08
1.9985119632032144e-08
1.9983880411550787e-08
0.0
-9.502558758920173e-09
0.0
-8.650561699689169e-09
0.0
8.366527668309324e-09
0.0
9.691610996844945e-09
0.0
1.4685780591605635e-08
5.509907058772521e-09
5.509929606658691e-09
0.0
0.0
0.0
0.0
0.0
1.6921927651885557e-08
0.0
9.69160477737174e-09
0.0
1.468579738608614e-08
1.4685820203639016e-08
0.0
0.0
7.019702030328748e-10
6.350581599428342e-10
0.0
-7.993746831136406e-09
0.0
0.0
0.0
8.965723805842906e-09
1.979614563610217e-09
2.9396481177886165e-08
4.423379169110582e-10
9.703553863205094e-09
2.699377920192224e-09
1.3124047164176567e-10
0.0
-9.847850601174893e-09
0.0
0.0
0.0
5.492642769440372e-08
0.0
0.0
0.0
0.0
0.0
4.93782061857248e-05
0.0
1.951826390231653e-08
0.0
2.0652461950003054e-18
2.1795533319554274e-06
2.9592717287541207e-08
0.0
6.094561029097414e-10
0.0
2.20968758217396e-08
3.9488356361649584e-09
2.9911331926937845e-09
2.8833913728876226e-09
1.2107046164222535e-09
5.179352242229429e-10
0.0
0.0
-5.863158092392874e-10
-5.863158092274447e-10
2.5016814172995616e-07
0.0
0.0
9.309277140450191e-16
0.0
0.0
0.050414007101839395
1.3155786782377932e-08
0.0
-1.3155786682261805e-08
1.9372603873815176e-08
2.2743369781385607e-10
2.6672905285312423e-08
0.0
2.8406485653164118e-08
0.0
1.8023682765091606e-08
1.802368269109615e-08
7.788504141534484e-09
-6.066815481098331e-07
9.124356701802328e-06
2.6632452802887822e-08
0.0
8.21612617979401e-09
0.0
9.866934475303408e-09
9.866934533832437e-09
2.3652518995146403e-10
0.0
2.365251921558136e-10
-2.1678666172093852e-08
-1.3264953049180184e-08
0.0
-2.883342446746706e-09
0.0
-3.250731749754321e-10
-5.957860402944215e-10
-1.053273787632314e-12
3.3702219647372274e-09
0.0
0.0
-7.105427357601002e-15
7.08884778980705e-15
2.2572124206421407e-05
2.256236966969347e-05
2.5430005487780985e-09
9.316547723335385e-09
0.0
0.0
1.1901580300061936e-08
4.109693196837434e-08
4.3069216126676564e-09
4.3376532828881227e-10
2.0262286010150225e-14
0.0
0.0
4.181873282177336e-09
-0.004965492699533058
0.004936961739153187
-2.8521200819329014e-05
0.0
0.0
0.0
1.412641147837244e-07
9.991064144962688e-09
9.99106368818059e-09
-2.1344741778506204e-06
0.0
1.632491541826364e-09
0.0
0.0
0.0
3.539547043831324e-09
0.00013461270006581385
-0.00013456294134712695
9.992569657629128e-09
0.0
0.0
9.980138970314224e-09
9.98288622684798e-09
0.0
0.0
6.374453591591527e-08
8.117906808574604e-09
5.94333943448877e-08
8.117907310256805e-09
1.0007187801490747e-07
5.4951623653181e-08
0.0
0.0
3.58720782566519e-08
0.0
0.0
9.686017313758759e-09
3.650606599755014e-08
0.0
0.0
3.5525020559480987e-08
0.0
0.0
0.0
7.047417429987321e-10
7.74316483705848e-09
7.673456625173546e-09
0.0
1.1411815128248864e-08
4.1037797539880614e-08
4.7594055450591725e-09
0.0
-1.802368183694003e-08
0.0
6.6768501145285525e-09
4.9604290897065084e-08
5.9433396246476053e-08
-5.943339558694971e-08
2.013516319626215e-05
3.959793789617285e-10
3.9597938860852275e-10
0.0
1.6244154985252825e-08
-1.978644001052708e-08
6.590239577715943e-10
2.225768577081262e-08
4.306387583692282e-06
4.355359936878256e-06
-1.6499150544066477e-09
1.2552923177967692e-06
0.0
0.0
1.5550325969140839e-06
-2.246420422125084e-06
7.109476609102596e-07
5.894936944980534e-10
0.0
0.0
-5.141959205199741e-10
0.0
0.0
0.0
0.0
0.0
-9.54348564063956e-09
3.1785363455871887e-07
3.1785363418578313e-07
7.58465605686746e-10
7.584652457523028e-10
-2.854450198278924e-10
0.0
-2.854430589855739e-10
9.74357882808734e-09
0.0
4.831255180195845e-07
4.831255180100371e-07
0.0
0.0
0.0
0.0
0.0
6.257257279554528e-08
0.0
4.249696084322811e-09
0.0
2.3652519887944467e-10
-9.825859746349492e-09
4.7585558192472204e-12
0.0
0.0
3.0099597970787325e-08
9.91949977839637e-09
7.258285128813229e-10
6.898745214746064e-10
1.6765519385953638e-08
0.0
0.0
4.9378206185576486e-05
0.0
0.0
0.0
0.0
1.0538986972031935e-15
1.688344654672136e-08
3.0834381997178893e-09
3.4895271160545505e-10
2.114967201726874e-08
5.0802686177308845e-08
1.3870795298741264e-08
7.032326556779891e-09
0.0
0.0
0.0
0.0
0.0
0.0
0.0
0.0
0.0
-1.2587107587030645e-09
6.589952458233897e-09
0.0
0.0
0.0
5.829105872781869e-10
0.0
0.0
0.0
1.0019348858548732e-15
1.0019691260853136e-15
0.0
0.0
0.0
0.0
0.0
0.0
0.0
1.0257940408422714e-08
-6.819554253299549e-10
0.0
0.0
0.0
0.0
9.978616048515767e-09
-1.820689250702436e-07
0.0
0.0
0.0
0.0
2.797404131341351e-09
0.0
0.0
0.0
0.0
7.995652498882991e-09
1.7977453282184238e-09
5.202912471594623e-16
-5.203182840453482e-16
0.0
0.0
1.9163930860266465e-07
0.0
0.0
0.0
1.9820396141327856e-08
2.66796008215141e-06
-2.8581739385587242e-06
0.0
0.0
0.0
0.0
29.069497926273506
-29.069497885235574
7.099314411566018e-10
5.196779400684424e-16
2.5499241440244735e-08
-7.428783048782361e-09
0.0
0.0
0.0
-1.4419507800678133e-05
9.766095324681912e-09
5.036604815793283e-10
2.0088407179205584e-08
0.0
0.0
0.0
0.0
6.37445532330808e-08
0.0
9.743199181645008e-09
9.825895546539725e-09
5.623171280631605e-10
0.0
0.0
0.0
-5.139974581172453e-10
0.0
0.0
3.3149661674313523e-15
1.9035538274778784e-15
4.2342143346751225e-15
8.37066542417618e-06
0.0
1.1915776767317287e-08
0.0
-8.370563875814696e-06
0.0
0.0
0.0
0.0
0.0
-2.235120135792533e-09
9.300725357029332e-08
-4.0441550455683206e-10
0.0
0.0
0.0
6.507336745382189e-10
0.0
0.0
0.0
0.0
0.0
0.0
0.0
0.0
0.0
0.0
0.0
1.635085200203412e-09
2.524981273962959e-14
2.3055175551596788e-14
1.3875574025234149e-14
1.3925277347151483e-14
3.009959779423243e-08
2.156043726688654e-09
0.0
2.9462184160635287e-08
0.0
1.0356771442706139e-08
9.720019007651756e-09
0.0
2.701366858090128e-11
9.907385920067294e-09
6.422406063413864e-10
0.0
0.0
0.0
0.0
0.0
0.0
0.0
0.0
0.0
0.0
0.0
0.0
0.0
0.0
-9.123529435127345e-09
0.0
0.0
0.0
-9.489699248632633e-09
0.0
0.0
-1.0154892204905508e-10
0.0
7.029454522214042e-10
0.0
0.0
-0.0008683347174183007
-0.0007518566210129585
0.0
1.8999943239608783e-10
-4.898984668792934e-13
0.0
0.0
0.0
0.0
3.866314050851708e-09
0.0
5.851818131822853e-09
0.0
0.0
0.0
0.0
4.5043169333665376e-11
0.0
0.0
0.0
0.0
1.453599878010779e-09
0.0
1.6715843362359343e-08
0.0
-4.2256094681209646e-10
0.0
0.0
0.0
3.9097702853041483e-10
0.0
0.0
1.0000005422845548e-08
0.0
0.0
0.0
2.257133248662249e-05
0.0
9.913588165388046e-09
6.483227098404233e-10
0.0
0.0
1.5273055322148951e-09
0.0
2.145887382717926e-10
0.0
0.0
0.0
2.1520324643067582e-10
0.0
0.0
0.0
0.0
0.0
0.0
0.0
-3.222983146079483e-10
9.938050315074163e-09
9.938050217183991e-09
6.723241971933532e-10
1.6367814844430005e-09
2.7929083859888776e-05
1.6367814092147369e-09
0.0
2.7870584534673525e-05
9.333212267934832e-17
0.0
0.0
0.0
0.0
9.469451173349567e-11
0.0
0.0
0.0
0.0017060958688200655
1.499178736739207e-08
0.0
2.33348776329127e-08
0.00013631131634791462
-0.00013626165320408697
7.179301515772757e-10
5.561158043520723e-10
-4.646582154525124e-08
-2.8150595864634962e-08
-2.815059586087128e-08
0.0
0.0
-4.778052855800019e-08
1.9983569709412494e-08
7.253354792697636e-10
0.0
0.0
0.0
0.0
0.0
0.0
0.0
2.0654607384647954e-08
4.6517512738004015e-10
7.247611398457875e-10
9.923217585217325e-09
1.6227159315168573e-08
-9.255950873809926e-09
4.9943087664631804e-09
-2.6541912014434193e-09
0.0
0.0
0.0
1.1187466684497138e-09
3.283733152408628e-08
0.0
0.0
0.0
0.0
0.0
9.907384875948914e-09
-6.457388301069071e-10
7.065181755793887e-10
0.0
6.599685851771515e-08
1.9944782812092498e-08
7.055228784603064e-10
0.0
0.0
0.0
0.0
0.0
0.0
-3.506634220158881e-11
-4.115903590173886e-10
7.250213369237631e-10
1.9983488353894734e-08
9.9917312063047e-09
-5.142790205146208e-10
9.124356701762355e-06
7.78850405013255e-09
0.0
0.0
0.0
-3.853190679747473e-10
0.0
0.0
0.0
0.0
0.0
0.0
5.783912785566406e-08
0.0
0.0
9.50271165298276e-12
9.524444117563388e-12
9.50559288456532e-12
-1.5597201336064364e-11
0.0
8.478845687089717e-09
0.0
0.0
9.974258943085124e-09
0.0
0.0
0.0
6.6768550392497475e-09
0.0
0.0
0.0
0.0
0.0
7.237898980222079e-10
1.9980824933863366e-08
7.236135565256565e-10
1.973928046032246e-08
0.0
0.0
1.6036832739991125e-10
9.98068453054458e-09
4.788829683539651e-12
8.48410168192364e-09
5.026046060055816e-09
0.0
0.0
0.0
0.0
0.0
0.0
0.0
5.410235526543124e-18
-9.5069602051856e-09
-1.8321463004442212e-09
0.0
0.0
9.699512779857015e-09
1.6329236141641767e-07
0.0
7.524262988659944e-09
0.0
9.986825738255602e-09
0.0
-5.114692887971e-08
7.83181526318776e-09
0.0
0.0
-1.1529777300911329e-09
5.788293168702863e-09
5.958413688898912e-10
0.0
5.827268813479429e-08
1.7896976891793037e-08
1.9689951050934438e-08
5.662009734459941e-10
0.0
1.6357090797450036e-09
0.0
0.0
-1.6802239556982357e-09
0.0
8.448073491595919e-09
0.0
2.1609537955259137e-10
0.0
6.139374819575909e-09
0.0
1.5880010070472093e-08
0.0
6.120292512226913e-09
0.0
2.6600999570622916e-08
0.0
7.78834958763469e-09
0.0
1.9185565526951747e-08
0.0
7.868373797969369e-09
0.0
2.4383969925910338e-08
0.0
2.4550340352631576e-08
0.0
2.4400650597483795e-08
0.0
0.0
0.0
0.0
0.0
0.0
1.3042321111745071e-08
1.3264969317416941e-08
2.991100603311203e-09
2.8833587566168273e-09
1.2106718821902618e-09
5.17902179475449e-10
0.0
0.0
0.0
0.0
0.0
0.0
0.0
0.0
0.0
0.0
5.973651573398797e-10
0.0
3.059341378202034e-09
0.0
0.0
9.049792971368942e-08
2.4954564557377515e-08
0.0
0.0
-6.029313355459369e-10
0.0
0.0
-8.20791614512123e-07
0.0
9.718382805815565e-09
4.568759082559763e-10
0.0
0.0
0.0
9.475290427838241e-09
0.0
0.0
0.0
0.0
0.0
0.0
0.0
0.0
0.0
0.0
0.0
0.0
0.0
0.0
0.0
0.0
0.0
0.0
0.0
0.0
0.0
0.0
0.0
2.1083343104564448e-08
0.0
0.0
0.0
8.042184237999628e-09
0.0
1.12841927174534e-06
0.0
0.0
-6.07124503385761e-10
0.0
-6.071254923431559e-10
0.0
0.00011649617362890626
0.0
0.0
0.0
0.0
0.0
0.0
0.0
7.210867192939686e-07
6.269460234236059e-07
3.95884026508081e-08
0.0
0.0
0.0
0.0
0.0
0.0
0.0
6.0744125926128796e-09
0.0
0.0
0.0
0.0
0.0
0.0
0.0
0.0
2.7504212907203396e-08
0.0
5.962822608957803e-09
0.0
0.0
0.0
0.0
0.0
0.0
0.0
9.317340016372e-09
0.0
0.0
0.0
0.0
0.0
0.0
0.0
6.0712670795974746e-09
0.0
0.0
0.0
0.0
0.0
0.0
0.0
0.0
1.494482942094001e-08
1.0065759504427805e-08
9.719851166245763e-09
0.0
2.079111128067257e-08
0.0
0.0
7.111227684946285e-16
0.0
0.0
0.0
0.9373556062491081
0.0
0.0
7.679782574167775e-10
0.0001164685573214533
3.059334796394013e-08
8.773529019558176e-09
0.0
0.0
0.0
0.0
0.0
0.0
0.0
0.0
0.0
0.0
-7.370863445215987e-09
0.00011535454052015918
0.0
-6.071245032206429e-10
-6.071245032308605e-10
2.547104343209039e-05
1.7732374656561257e-08
0.0
5.582574516093929e-10
-1.832146300436568e-09
0.0
0.0
1.9149229920221618e-08
0.0
3.5331481380130616e-11
-9.9243875040754e-09
0.0
1.7644915030566854e-08
0.0
4.5900189414008755e-09
0.0
0.0
0.0
0.0
0.0
0.0
0.0
-9.351611001693141e-07
0.0
2.182652705482742e-07
0.0
0.0
0.0
0.0
4.191129590659723e-10
9.089738685142369e-09
5.288226341596896e-10
3.128094452404067e-09
0.0
7.923753697309833e-07
3.0229920189771742e-06
2.9955414504517783e-06
1.0174761619350043e-07
0.0004958688958266455
0.0
9.71839901074616e-09
4.56891796572245e-10
8.807695491146122e-09
0.0
0.0
0.0
5.9650353545345905e-09
0.0
5.965035356013714e-09
0.0
0.0
-3.506535514553898e-11
0.0
0.0
0.0
0.0
9.655709152249886e-09
0.0
0.0
-5.104392340644423e-10
-1.544951000118089e-08
-1.5449509999446165e-08
0.0
0.0
0.0
-1.1508217957994822e-08
9.935345631437076e-09
9.935344685851888e-09
0.0
0.0
0.00016620864564214456
4.9708704328001535e-08
0.0
0.0
0.0
2.9970564859530722e-15
0.0
0.0
0.0
0.0
0.0
0.0
-3.4038815512718604e-11
0.0
0.0
0.0
0.0
8.2321396958622e-05
-7.197478943572755e-08
0.0
0.0
0.0
-2.0769587810852667e-08
-1.0946051606996055e-08
0.07450047748178862
0.0
0.0
0.0
0.0
0.0
0.07450046672639377
0.0
0.0
0.0
0.0
0.0
-1.827210401145549e-09
0.0
0.0
0.00016505045762452245
-0.5671982060455869
0.5673631701305489
2.0303664054618894e-10
0.07450046672639526
0.0
0.0
1.944981259478179e-08
6.979089205277172e-10
-5.104402239720661e-10
2.9955414513788055e-06
-1.7078555458738265e-08
0.0
2.1492200097520667e-06
-0.0001833948470555402
0.0
0.0
4.953428991134422e-08
0.0
0.0
0.0
0.0
0.0
-4.564021580222288e-06
4.611431336103109e-06
6.916587458650136e-10
0.0
0.0
0.0
4.91214213538425e-05
0.0
0.0
-1.0833795192166231e-09
0.0
0.0
0.0
1.0807347534532687e-07
0.0
0.0
0.0
8.084086660273251e-07
0.0
0.0
3.321007954480294e-05
0.0
0.0
7.25832863363346e-09
0.0
1.921736113256215e-09
0.0
5.529843568863795e-10
0.0
0.0
-2.3322541887102455e-08
0.0
4.199287214172757e-05
1.4616518901017148e-06
0.0
0.00013713915763370496
-0.0001371096021509776
0.0
6.47397157718812e-10
4.4948751082898966e-15
0.0
0.0
0.0
8.646785188987461e-08
0.0
7.252010410548372e-10
0.0004958599019332505
0.0
1.4991739903484623e-15
0.0
0.0
1.7194231568393316e-08
6.554336531311286e-08
1.8085684070166554e-08
3.128093894607052e-09
3.5933855881282153e-09
0.0
4.223131917691123e-08
9.089738673848452e-09
7.014344577769252e-10
1.5949403512812404e-10
9.20751584397702e-09
5.178599205778397e-08
3.9967674822943224e-08
7.2511463723369e-10
0.0
0.0
7.201807819976911e-10
0.0
0.0
2.017026994464646e-08
0.0
0.0
7.043491634420342e-10
0.0
0.0
0.0
0.0
0.0
0.0
0.0
0.0
0.0
0.0
0.0
7.498243242297779e-10
1.7732648688150932e-08
0.0
-6.109468768096582e-09
9.62873395070233e-09
0.0
-0.0008706346271804429
-0.0008710997619734151
0.0
7.575366086134663e-08
-6.623871053280626e-08
0.0
0.0
1.2993970329457583e-08
1.3264985582184252e-08
2.9911168993035364e-09
2.8833750630175015e-09
0.0
5.179187027165577e-10
0.0
3.8894307363288784e-10
-5.142955772849442e-10
2.701179761151976e-11
-4.821578258179526e-10
0.0
4.759934768172797e-08
1.647085579413232e-08
0.0
0.0
0.0
0.0
0.0
0.0
0.0
0.0
0.0
0.0
0.0
0.00016201132639507437
0.0
3.132916041122703e-06
-3.69657216128165e-10
0.0
9.651025677734743e-09
0.0
0.0
0.0
3.1974321201985006e-18
3.365196620497264e-07
-3.192823788705913e-07
0.0
0.0
0.0
0.0
5.74491465736521e-14
0.0
6.98085841244778e-10
0.0
0.0
0.0
0.0
0.0
-1.4270529520348885
1.4266993554449512
0.00035359658993705826
-1.9148337082804648e-07
2.180117158596712e-07
0.0
0.0
1.8078767919960706e-07
-1.0018950288689e-09
0.0
0.0
0.0
0.0
1.403277102754638e-08
0.0
8.750036303860359e-10
7.226890136481234e-10
-4.0823364430351685e-05
0.0
1.7158702137459105e-10
9.736555795085644e-09
0.0
9.73655584138156e-09
9.736555862777882e-09
2.2095214874118252e-05
-2.5842117044610787e-05
2.5842246227134243e-05
0.0
4.769093251765009e-07
9.646105592349999e-09
-5.016299859178897e-07
4.6237595145072494e-07
2.217150430853713e-09
3.5392873684664607e-10
0.0
0.0
0.0
-7.78850399105191e-09
0.0
0.0
0.0
-4.196471940135659e-09
-4.960429032113689e-08
1.0883742086437669e-07
7.239673317124851e-10
0.0
-1.9205619317119726e-09
0.0
0.0
0.0
0.0
-1.035965224114568e-08
29.433276686635782
-29.43327666665439
2.3942750449379435e-09
-9.819879652212937e-09
0.0
9.131614478535859e-06
-9.121881423950866e-06
-9.121881423995347e-06
9.13161447867019e-06
0.0
0.0
1.310659410256847e-08
1.310659407516841e-08
-9.124356701785408e-06
0.0
3.5490002692001955e-11
1.4650284888313963e-08
0.0
0.0
0.0
0.0
0.0
3.7964021873672557e-07
3.735746671433748e-07
-3.808039683930731e-09
0.0
0.0
-5.360051361980177e-06
-5.3697700700158606e-06
0.0
9.08092483931164e-09
6.22991587989656e-10
2.175065520742247e-08
6.740493461024984e-10
9.939808563011851e-09
9.959884678069006e-09
9.959884809741947e-09
1.1825570647910215e-09
5.429457901473104e-06
4.165034879769833e-08
5.351777208465415e-06
0.0
5.800972702196816e-08
0.0
4.4269298342553187e-10
0.0
4.343497832633819e-05
0.0
9.131614478412212e-06
0.0
0.0
-9.121050482337924e-06
-9.140495725196499e-06
4.199287214148375e-05
0.0
0.0
0.0
0.0
0.0
0.0
1.0407751775882058e-10
1.955215287802596e-08
9.758381179641692e-09
0.0
-4.961199975188105e-10
0.0
8.316940981442175e-09
8.347039208199781e-09
0.0
7.999101509199223e-10
0.0
6.357911453784357e-09
0.0
0.0
0.0
0.0
1.0404196027420036e-08
0.0
0.0
7.837626245564766e-09
2.4027844959602567e-09
5.4179219891489885e-09
1.4355402445593255e-08
0.0
0.0
7.872763011527732e-09
4.612168332498706e-09
0.0
0.0
0.0
0.0
7.3080390759527454e-09
0.0
0.0
0.0
6.300651587739911e-10
0.0
9.607466648785666e-09
0.0
1.162127219070827e-10
0.0
5.011098177474619e-09
0.0
4.0243446325368913e-10
0.0
8.700969671761991e-09
0.0
3.0993064197321394e-09
5.392553783312472e-09
9.87135598454721e-09
0.0
1.5632820546832466e-09
6.584103941075809e-08
0.0
1.2783179283377722e-09
0.0
2.1527964032778153e-11
1.1882729524088122e-09
1.2563294413826679e-08
0.0
0.0
0.0
5.1146928792839116e-08
1.1915778135526052e-08
1.695939230206441e-16
0.0
0.0
0.0
0.0
0.0
0.0
0.0
-9.123138688948984e-09
0.0
0.0
8.623516016678623e-09
8.623516016732313e-09
8.035925150295026e-11
8.123826087610063e-07
0.0
3.7557078927780565e-10
9.943146322088294e-09
9.870543481124244e-09
9.870543487532295e-09
6.40991811736164e-09
6.409918119933767e-09
9.683807232218523e-09
9.683807234832077e-09
9.820325128502178e-09
1.0031392944242362e-15
9.820326134946918e-09
6.613400004914269e-09
0.0
0.0
0.0
0.0
2.5549663263864957e-10
9.537396373051963e-09
2.7947625421303894e-10
0.0
0.0
0.0
0.0
5.013667262382217e-10
0.0
0.0
0.0
0.0
0.0
1.398310938474232e-16
3.6729888235280966e-08
0.0
0.0
0.0
0.0
0.0
1.0864795639462864e-08
0.0
0.0
1.6840679733572505e-08
2.0403562920128894e-08
0.0
8.16863195926081e-05
0.0
0.0
0.0
0.0
1.6343370252202567e-09
1.6347285306827721e-09
5.087953093091139e-07
4.991396004801505e-07
3.954330368143733e-10
1.1789688398148527e-09
9.825791703633744e-09
1.6354137217252031e-09
0.0
5.622299053012913e-19
0.0
0.0
0.0
0.0
0.0
0.0
4.843243544296949e-09
0.0
0.0
0.0
1.4269679878948828e-15
0.0
-7.882685502770233e-10
-4.170267689651216e-06
-1.692448753842432e-10
4.17997368054386e-06
0.0
0.0
0.0
0.0
0.009062087213544193
0.009062087213544191
9.94345475896538e-09
1.6834632422005645e-08
0.0
0.0
0.0
0.0
0.0
0.0
4.585810348339834e-08
3.029632625959295e-08
0.0
0.0
0.0
8.715961056143447e-09
9.158334060784001e-09
0.0
0.0
8.939296448192682e-08
1.740559400859918e-08
4.557271995126019e-09
2.8872559514814828e-08
0.0
-6.623772924748177e-10
2.887257575552318e-08
5.596400010933097e-08
6.562081176758506e-08
0.0
0.0
-2.2802109493879512e-10
0.0
0.0
-1.3487204408857423e-11
0.0
0.0
0.0
0.0
0.0
0.0
0.0
0.0
0.0
9.699512819745386e-09
-5.535614018285876e-05
0.0
7.805960833379315e-09
0.0
0.0
0.0
9.300725346134576e-08
0.0
-6.082659436456014e-10
0.0
0.00011546122913191748
0.00011547101503098581
0.0
6.676855117493414e-09
4.8867798986185117e-17
-5.007125414249367e-09
0.0
2.7450568455644142e-08
0.0
0.0
0.0
0.0
0.0015668780060991345
0.0
0.0
0.0
0.0
0.0
0.0
0.0
0.0
0.0
0.0
0.0
0.0005718751815434233
0.0
0.0024623467654890517
7.748566206001296e-07
8.370666258123099e-06
0.0
2.2340158374226744e-08
-5.16781683557177e-08
3.5440611903525543e-09
-2.0340159570964716e-08
-1.0538510106889928e-08
5.288212959913066e-11
-5.94234867142873e-08
-6.830883239104537e-09
6.625012267430895e-06
6.657665034104365e-06
0.0
0.0
4.859951125989338e-09
0.0
5.108656652939141e-09
0.0
0.0
9.765555149071797e-09
9.796308284998019e-09
1.9688242657732365e-08
0.0
6.978805020192682e-10
0.0
-9.924615132201657e-09
0.0
0.0
0.0
1.5094014301127515e-09
0.0
5.86159925579509e-09
0.0
1.5103027878031602e-08
2.818970674129466e-08
6.515623675064144e-10
0.0
6.136053253352981e-09
-1.832146300451847e-09
0.0
0.0
0.0
0.0
9.670318686139832e-08
9.989943327092735e-09
0.0
9.990683840045418e-09
0.0
9.99050229657295e-09
9.860085192313374e-09
0.0
5.856446342162936e-08
4.6052077739287374e-08
9.972898559888106e-09
0.0
9.969264509049748e-09
4.886352254043978e-08
9.610937868034445e-09
3.78729960534474e-08
9.99149217707462e-09
4.781255146817343e-09
9.99258066004384e-09
0.0
9.991757351073388e-09
0.0
9.991941207546462e-09
0.0
0.0
2.812889607307548e-15
1.6104632591649447e-15
0.0
0.0
0.0
0.0
0.0
0.0
0.0
0.0
0.0
0.0
0.0
0.0
0.0
0.0
0.0
0.0
0.0
0.0
3.229006530537623e-08
0.0
0.0
0.0
0.0
0.0
0.0
0.0
0.0
0.0
0.0
0.0
0.0008529339012133513
0.0008529362431006938
0.0
0.0
-9.947867231352436e-09
0.0
8.966766527759794e-10
-6.434648564477032e-10
4.000019731120871e-11
0.0
0.0
0.0
0.0
0.0
1.8781596496751994e-11
1.1792679265576017e-11
9.131614478480119e-06
3.023717497228263e-09
0.0
0.0
0.0
9.608491054460857e-09
0.0
2.3525649160351974e-11
3.9524406796431245e-10
0.0
0.0
0.0
0.0
1.0471405200067035e-08
0.0
7.020517341851464e-10
6.850976481544939e-09
0.0
0.0
0.0
1.3277433654563204e-17
0.0
0.0
3.0471894118357963e-06
0.0
0.0
0.0
0.0
0.0
0.0
0.0
0.0
-5.14195915555838e-10
-8.963526980743204e-09
0.0
0.0
9.699512728564758e-09
0.0
0.0
0.0
0.0
0.0
3.4180670020230615e-09
0.0
0.0
0.0
0.0
9.115662991426097e-10
0.0
0.0
6.484885692969713e-10
6.2656897508625525e-09
6.50556600524742e-08
0.0
0.0
0.0
0.00010885206941112663
1.0220105115447936e-08
0.0
0.0
2.0072806934498e-09
0.0
0.0
0.0
1.08792120965172e-08
4.31725610042986e-08
0.0
0.0
8.551524405287868e-09
0.0
-1.680224934388902e-09
1.3099049898350717e-09
0.0
1.1273060646807699e-06
0.0
4.575826770633085e-09
1.1377115446000073e-06
0.0
0.0
0.0
0.0
0.0
0.0
1.0484520110237492e-09
9.818820810233997e-09
0.00016618838115409285
-0.00033368806247030536
-0.00016619888277655257
0.000495868895825638
0.0
-1.7525080397625956e-09
1.4881909421765883e-07
0.0
0.0
1.7407329835581175e-09
0.0
0.0
0.0
0.0
0.0
0.0
3.208447154467671e-09
0.0
7.958500835610099e-09
1.7407324707627611e-09
1.3317516726852645e-11
0.0
0.0
0.0
3.733456758461531e-09
0.0
1.0632806275285755e-08
0.0
0.0
0.0
9.699234629946635e-09
0.0
0.0
0.0
2.180397898466192e-09
0.0
0.0
9.227747224324623e-09
5.076874721527013e-17
0.0
0.0
9.943454460213563e-09
-1.3576637768412593e-08
-5.492068108348125e-07
0.0
0.0
0.0
0.0
0.0
7.308040656527537e-09
0.0
0.0
0.0
8.240531343945174e-10
0.0
0.0
4.720311586961741e-08
0.0
0.0
0.0
0.0
0.0
2.866317030809473e-09
0.0
0.0
0.0
8.316941235547144e-09
8.347039213736085e-09
0.0
7.999152417560477e-10
0.0
6.3579113096089e-09
0.0
0.0
0.0
0.0
1.0404201779286003e-08
0.0
0.0
7.837626331764697e-09
2.4027847218671983e-09
5.417921958591068e-09
1.4355402479059535e-08
0.0
0.0
7.872762841889744e-09
4.612168172568909e-09
0.0
0.0
0.0
0.0
0.0
0.0
-4.4867413767735997e-10
9.3007253491897e-08
0.0
0.0
4.541715498953861e-06
0.0
0.05041403633147275
-6.395300953404114e-10
6.395300953518081e-10
0.0
-5.346419302546895e-10
0.0
0.0
0.0
8.41935868214199e-07
0.0
0.0
1.177611771182884e-08
-0.0744952600394764
-1.4300290957864814e-06
1.6329236308130005e-07
0.0
1.8947765152380043e-08
0.0
0.0
8.67172422769286e-09
0.0
0.0
0.0
0.0
2.1987914929506714e-09
0.0
4.005618096516714e-08
4.9534286801558194e-08
0.0
0.0
5.9433394925506844e-08
0.0
4.953428747443785e-08
-9.82910103829171e-09
1.4693490592571937e-08
9.919499634060918e-09
6.541244618247127e-10
0.0
0.0
2.929920167872818e-08
0.0
6.811319546126973e-10
-1.7404211965302197e-06
7.13864884912668e-11
0.0
-9.680562650105085e-09
1.7655781131060184e-10
4.134161331169936e-09
0.0
2.0495422668890465e-08
5.247197562057403e-08
0.0
0.0
0.0001661883811530998
0.0
0.00016618838115219187
8.024310673092552e-09
1.7655743666611547e-10
4.134161288514627e-09
0.0
2.0495434796738217e-08
5.2471987050456476e-08
0.0
0.0
0.05041403633147377
5.970422891562704e-07
9.953457615478022e-09
0.0
-2.97393149595822e-08
2.9592717221271232e-08
5.481886717789838e-08
0.0
6.774402992899743e-10
5.093239319161582e-08
5.0146815741785255e-08
-2.0500648393417555e-08
6.110722761132337e-10
1.0167843945615259e-08
5.347169208243392e-10
1.0063020193665172e-07
5.616491047024189e-06
0.0
0.0
5.838949315115012e-09
0.0
7.16951486211493e-09
0.0
5.162323882708671e-09
0.0
-7.166147826091405e-11
0.0
8.798884971876462e-07
1.1286281657429259e-07
9.300725341221789e-08
-1.4052916479690896e-08
-2.345030170047835e-08
9.775687735984328e-09
0.0
0.0
0.0
0.0
0.0
1.7086652720078836e-06
1.708665273967753e-06
0.0
7.867910227795994e-09
0.0
0.0
0.0
0.0
0.0
0.0
-8.64427120161275e-09
-5.142290297625993e-10
-2.368980138226816e-09
0.0
0.0
6.676854922109209e-09
1.4595454745703628e-08
6.727544299423016e-09
-5.362967913284242e-10
0.0
-9.799375348496517e-09
0.0
-5.362977848896468e-10
7.2815174852823496e-09
2.43212094738757e-08
0.0
0.0
5.685278093631318e-10
0.0
1.6090516786587792e-08
0.0
0.0
0.0
3.93839485576602e-08
0.0
0.0003307905835157818
-0.0001650693923351814
0.0
0.0
0.0
1.6746174693711093e-11
0.0
1.6746225471574238e-11
1.6746245259701367e-11
0.0
2.549924177757398e-08
6.374453636917141e-08
8.81133327671068e-17
0.0
0.0
0.0
0.0
0.0
9.255950273595603e-09
3.638193824956294e-16
2.9475902731885744e-15
2.869368571234359e-15
2.5367475975396774e-15
1.954706086421851e-15
0.0
0.0
0.0
9.548500222830318e-12
-1.2645308131656128e-09
2.7874766407877047e-05
6.798575721708088e-08
5.566996079957276e-05
0.0
1.4055475877394725e-16
2.3460626510929394e-08
0.0
0.0
0.0
2.549924206235065e-08
2.5499241991722298e-08
9.546936534583054e-12
0.0
0.0
-9.597631498575732e-09
0.0
0.0
0.0
0.0
4.1888839064085914e-09
4.188885259951042e-09
0.0
0.0
3.222983121512131e-10
8.351080919714305e-08
7.363620068215337e-08
2.5499241927911504e-08
1.6567807461434184e-16
1.656780746145466e-16
0.0
0.0
9.311122539656935e-09
0.0
0.0
0.0
2.189161083315129e-06
0.0
0.0
9.543027195382202e-12
9.545113432640214e-12
0.0
0.0
0.0
0.0
2.2781924723729086e-05
0.0
0.0
-2.0068212082324882e-05
9.719852162308986e-09
0.0
9.719852164185445e-09
0.0
-5.489309294243327e-10
5.64126738489323e-09
0.0
0.0
9.484474644923984e-09
0.00016537636227966813
0.0
-1.9875973507860512e-10
0.0
0.0
0.0
0.0
0.0
-5.953773330119928e-10
9.581092919042078e-09
0.0
0.0
0.0
0.0
0.0
0.0
0.0
4.993412805522648e-09
4.993412805522708e-09
-9.773012028556268e-09
0.0
0.0
0.9373556062491086
0.0
1.7705250665392274
-1.7705250481797234
0.0
9.894734371823494e-09
6.298899104633197e-10
7.428783129220413e-09
0.0
2.544962948572614e-07
0.0
7.01930427788559e-10
2.1801171494767455e-07
0.0
0.0
0.0
2.7165873525310044e-08
0.0
9.931309741754025e-09
7.672369510683049e-08
-6.722099972624522e-08
0.0
0.00016537116317988376
0.00016539178293239034
9.823998820696976e-09
1.1909778647472919e-08
0.0
0.0
0.0
0.0
0.0
6.72209996828063e-08
5.7854727432747624e-08
9.89467261174434e-09
0.0
0.0
3.7030535837935385e-07
1.816906899199148e-14
6.688972154463364e-08
2.3426336262879472e-09
0.0
1.887784337908027e-09
0.0
1.9098398476318388e-08
0.0
5.318645237551569e-10
2.2236068437804526e-07
0.0
2.3695717608835874e-07
0.0
0.0
0.0
0.0
-1.4270529717008495
0.0
-3.222985243455986e-10
0.0
1.5023640953739037e-09
-2.373017275978482e-09
0.0
4.700893544250354e-15
0.0
0.0
0.0
7.993746833210617e-09
7.909647294923562e-10
0.0
-1.8947764499760433e-08
2.8559843243526704e-16
-2.2141678278558836e-08
-2.2920661497858496e-08
6.434135648004581e-14
0.0
1.2618534227277187e-09
9.802202142244075e-09
9.888323223604755e-09
9.888323208261469e-09
0.0
0.0
-7.404146333805234e-09
6.265704603128916e-09
0.0
6.2608981828354584e-09
1.2618553890600205e-09
1.2618573762568888e-09
6.265702494341953e-09
6.371517146094718e-09
1.1910122543588617e-10
0.0
0.0
5.390690379319977e-10
0.0
0.0
9.396504368806351e-09
1.4882210718067219e-10
0.0
0.0
4.5823100677892104e-10
9.86109121481077e-09
5.968275145384663e-10
0.0
9.719764024594983e-09
0.0
3.2749668874101e-07
6.26569187454663e-09
0.0
0.0
0.0
8.14007153270471e-09
0.0
0.0
-2.7700165459998427e-08
6.316382912901131e-10
0.0
0.0
0.0
0.0
0.0
0.0
9.300725348523146e-08
0.0
-2.1520996540402848e-08
-2.0287885080820753e-08
0.0
1.9849699904544995e-09
1.063716124937253e-09
3.0786911404313826e-07
0.0
0.0
0.0
9.582896456916679e-08
6.572440255659293e-10
0.0
-5.473171313497005e-06
0.0
0.0
1.0054388109047233e-08
0.0
-5.490128600627031e-06
4.699679972123887e-15
0.0
3.0786911367654795e-07
0.0
7.543410329507006e-10
7.190604624406464e-09
7.232406864659388e-10
0.0
6.5093206201742984e-09
1.060311232010646e-08
7.231058554659754e-10
-3.709924303882067e-10
3.119953886580215e-06
0.0
0.0
0.0
0.0
0.0
5.121962728216971e-11
-3.709924302448107e-10
0.0
3.3234677050915997e-08
3.338975212760942e-08
0.0
-6.648620224180657e-12
