0
0.0
0.0
0.0
0.0
1.6952867104546273e-08
0.0
0.0
0.0
0.0
0.0
0.0
5.678523368958575e-08
0.0
0.0
0.0
0.0
0.0
0.0
0.0
0.0
0.0
0.0
0.0
0.0
0.0
0.0
0.0
0.0
1.9110868786758257e-09
3.345916510357864e-08
0.0
0.0
0.0
0.0
0.0
0.00010462911345984955
0.0
6.800563367545755e-10
1.940399061080672e-08
0.0
0.0
0.0
0.0
0.0
0.0
1.702882739487384e-08
0.0
0.0
0.0
0.0
2.374573213852569e-18
0.0
0.0
0.0
0.0
0.0
0.0
9.261192205123846e-09
0.0
0.0
0.0
0.0
9.914373466986422e-16
0.0
9.58176660720614e-09
0.0
0.0
0.0
7.860077524477819e-18
0.0
0.0
1.5665300343955656e-08
0.0
1.0155387517246997e-10
3.5496743934592214e-12
7.94849131370824e-10
5.12958995553178e-20
0.0
0.0
0.0
0.0
1.0155387641930247e-10
2.0059083540601695e-21
0.0
0.00021269992403702564
4.905253178470736e-13
0.0
0.0
9.90186783799432e-09
0.0
0.0
3.5583058356215597e-09
9.694025501872387e-09
0.0
0.0
0.0
0.0
0.0
0.0
0.0
0.0
0.0
9.77325680458425e-09
0.0
0.0
0.0
0.0
0.0
0.0
0.0
0.0
2.0836308028736173e-10
0.0
6.9640540241227756e-09
4.799000177180923e-22
0.0
0.0
0.0
0.0
0.0
9.636667240338824e-10
0.0
0.0
0.0
0.0
0.0
-8.514349268717077e-08
5.027011340530407e-08
0.0
9.505357906148933e-09
9.770260848147223e-09
0.0
7.509745896858016e-09
0.0
0.0
7.508162237839831e-09
0.0
0.0
0.0
0.0
0.0
0.0
0.0
6.247942186210471e-21
1.813058070874771e-08
0.0
0.0
0.0
0.0
0.0
0.0
0.0
0.0
0.0
4.490782469630131e-09
0.0
0.0
0.0
0.0
8.773344787559602e-09
0.0
1.119828322244377e-14
0.0
-6.829186546959165e-05
0.0
5.24372244870041e-09
2.428985325524283e-08
0.0
0.0
0.0
0.0
0.0
1.9632193459511855e-08
0.0
5.855829968092308e-09
0.0
0.0
0.0
0.0
0.0
0.0
0.0
9.408435955470433e-09
0.0
0.00010222560374652581
0.0
0.00020658882677875696
4.8691414773897046e-09
7.202652151713616e-08
0.0
0.0
2.818444934436141e-08
0.0
4.793794810490431e-20
0.0
0.0
0.0
0.0
0.0
0.0
0.0
0.0
1.954198764093741e-08
0.0
0.0
0.0
5.240726054965499e-09
0.0
0.0
0.0
2.762625335703648e-08
1.976785063425297e-08
0.0
9.423538957341587e-09
0.0
0.0
0.0
0.0
0.0
0.0
0.0
0.0
0.0
0.0
0.0
0.0
0.0
0.0
0.0
2.7734919381694924e-09
2.970062355117811e-10
1.0149773586961366e-10
0.0
2.4199822179174876e-20
0.0
9.799579365131745e-09
1.348785842671292e-11
0.0
2.632269611664345e-12
9.73599646085625e-09
2.4202675195836698e-08
0.0
7.294545851945294e-11
2.1615793043467703e-06
0.0
0.0
0.0
0.0
0.0
4.245613078786833e-22
2.1884341206810005e-11
-0.00021219903972277015
1.529945727444099e-21
0.0
0.0
5.6993271511389064e-09
0.0
0.0
0.0
0.0
0.0
0.0
5.439863021549591e-07
0.0
8.738129486216428e-09
0.0
0.0
0.0
0.0
0.0
0.0
9.601580926011855e-09
0.0
2.3391839588301313e-09
0.0
1.8245578746965162e-11
0.0
3.849618049979209e-11
0.0
9.68967389569962e-22
1.224479591623419e-08
0.0
0.0
9.27908910233928e-09
0.0
0.0
0.0
-1.3166092760046704e-10
0.0
3.161030021093173e-10
-1.2621568156942486e-10
0.0
0.0
0.0
5.9575982478550425e-09
0.0
5.224846438034277e-09
9.737323228743896e-09
3.161030012272556e-10
0.0
0.0
0.0
1.7417152156569314e-08
0.0
9.901653617594891e-09
0.0
0.0
0.0
0.0
9.876010720373469e-09
0.0
1.7736657977024397e-20
0.0
0.0
4.18679718829165e-08
0.0
0.0
0.0
0.0
0.0
0.0
0.0
1.6761630434773937e-07
2.5277141250410726e-08
0.0
0.0
0.0
0.0
0.0
9.440540996941547e-09
0.0
6.648944260022761e-12
8.643778708347205e-09
5.881190872237492e-11
0.0
0.0
0.0
0.0
0.0
0.0
0.0
7.706497923177558e-10
7.706497530938218e-10
1.9870331531287835e-08
9.987389911796169e-09
9.987923136559745e-09
7.681431232233341e-10
8.219798873645455e-10
9.945411732874276e-09
8.911488098961959e-09
8.911489164305433e-09
9.945410123844245e-09
9.931658449568624e-09
9.98791871112111e-09
9.986777614550392e-09
9.769089867237533e-09
3.5873326273324825e-09
0.0
0.0
0.0
0.0
0.0
2.5966669343945762e-08
0.0
0.0
0.0
0.0
2.046963982068438e-09
4.260715139709644e-09
6.0099069568902605e-09
0.0
0.0
0.0
0.0
0.0
0.0
0.0
0.0
0.0
0.0
0.0
0.0
0.0
5.267128290056701e-09
0.0
0.0
0.0
0.0
0.0
7.020173090234811e-10
0.0
0.0
0.0
9.098697739276249e-10
3.702014552820179e-08
1.2518895265202793e-05
6.964053961321451e-09
0.0
9.987459571934691e-09
7.766054179726837e-10
9.985840869251676e-09
0.0
0.0
0.0
4.782978046686325e-09
0.0
3.4517465572026445e-09
4.2293839905103465e-11
0.0
2.1684228597006653e-08
0.0
0.0
0.0
9.853479482718906e-09
9.822006170146826e-09
0.0
0.0
1.782735491339709e-15
1.9905544568995216e-08
1.9871981858376364e-08
1.997537386053277e-08
1.997261405622928e-08
0.0
-9.883840464228622e-09
0.0
-9.894604091599006e-09
0.0
3.451792125568065e-09
4.234081931725201e-11
0.0
2.168427527733212e-08
-7.819092928684768e-09
-7.819277669796065e-09
-7.819462671549565e-09
0.0
0.0
0.0
0.0
0.0
3.4518376945472726e-09
4.2387976475936586e-11
0.0
2.168432199583118e-08
0.0
0.0
1.9847626083208963e-08
3.513143713507077e-09
9.982719705394034e-09
9.960136051047428e-09
0.0
0.0
2.4610593657856486e-15
0.0
0.0
1.366712505784478e-09
9.986273141748825e-09
0.0
-2.4083383293377525e-08
-2.4083383292300434e-08
0.0
9.833883426156338e-09
0.0
-9.807473222434027e-09
0.0
0.0
0.0
0.0
5.819880029456747e-08
0.0
1.0855478224537901e-06
0.0
1.6299702541007049e-07
1.379286640116698e-07
0.0
1.9870331507090903e-08
0.0
0.0
7.25277657768163e-06
9.022178900285632e-07
8.401080417059142e-08
9.961720562174877e-09
5.486807525942634e-09
-7.308010530155763e-09
-2.4711787755525477e-09
-6.8581378227230635e-09
-1.1760036859061631e-08
-1.3341787432072136e-08
-1.2917258393376916e-08
-2.2089636026812257e-08
1.1954825156911253e-08
5.486807538694627e-09
0.0
-6.473228507977138e-07
-6.800563364392845e-10
0.0
0.0
0.0
0.0
5.28040739910226e-05
1.9403990611985668e-08
3.0983369065051495e-10
-1.9403990611391395e-08
1.984580944111333e-08
9.881579133186498e-09
2.688921050879572e-08
0.0
2.9777824005328787e-08
7.684892323407173e-10
8.673900573671755e-07
8.673900589090798e-07
0.0
-0.0001024810709018802
0.0
2.687129642452139e-08
0.0
9.832066186198446e-09
6.708979875558659e-10
9.952414525975744e-09
9.952414919252353e-09
9.851756750185671e-09
9.851757222701816e-09
9.85175627739935e-09
0.0
1.1670641162540905e-08
6.858104401757416e-09
1.174413040207992e-08
2.2662117959981742e-08
2.2260413181382846e-08
2.1847183819534975e-08
-2.8144189281073366e-09
-7.477992918988874e-08
8.271704686445929e-07
1.7028827666539945e-08
0.0
0.0
3.523229906600763e-05
3.523229956043799e-05
-8.271704707851768e-07
1.0679092877588836e-06
1.9162879849385342e-08
0.0
1.121614940549102e-08
0.0
0.0
4.654967512184159e-08
0.0
0.0
0.0
0.0
-0.00010462054926811768
0.0
-0.00010461933921142374
2.0263676947698963e-08
0.0
0.0
4.247613344185404e-08
8.193172339463733e-10
9.984058914840784e-09
-5.26179258531509e-07
-0.0011872253054372034
6.961723723275428e-10
0.0
0.0
0.0
0.0
1.5307748299839942e-08
1.5307748299839942e-08
9.985889942200343e-09
0.0
0.0
9.963352015775002e-09
9.964542919082825e-09
0.0
0.0
0.0
-9.861165009127787e-09
2.3141876761244295e-10
0.0
1.1319247146571364e-07
5.292583227132481e-09
0.0
0.0
0.0
0.0
0.0
5.074807278108766e-09
1.355381159807388e-08
3.618593193306192e-08
3.15769128720874e-08
0.0
0.0
2.5277141255131062e-08
0.0
9.97776503780523e-09
8.641738460906207e-09
0.0
1.5415976338110168e-09
1.0962232658831503e-08
0.0
0.0
4.3198353191808656e-08
-8.673900568251811e-07
2.3743427643616458e-18
1.6953361204003742e-08
-9.535709274693119e-09
2.3142559425623757e-10
0.0
2.8198728081298217e-05
7.571699127096222e-10
7.571699214452628e-10
0.0
0.0
6.805682298965943e-09
9.963428099298743e-09
2.099589665151215e-08
-3.946325034617876e-08
1.4312126731450523e-09
1.4532287658476157e-07
0.0
7.702812382163328e-16
0.0
8.074059921509235e-06
-8.095462785514013e-06
5.0868168197367534e-08
9.85578191194797e-09
9.404930084722096e-09
9.860486466157727e-09
1.984754795704305e-08
1.3370002611510828e-07
1.0507242638500795e-06
9.730491494983745e-09
5.8157838251382284e-09
0.0
-9.26119121949715e-09
2.584297520558628e-07
2.584297542814583e-07
9.940302138065926e-09
9.94030436760572e-09
-1.142187807793621e-10
0.0
-1.1422070425357527e-10
0.0
9.235839324335401e-09
2.385101993170103e-09
2.38510189865368e-09
1.9529090321754003e-08
3.4964545096225186e-08
0.0
4.473096470367523e-08
0.0
0.0
0.0
8.89077703102801e-08
1.03859952699354e-08
9.851755810601677e-09
-9.798689138622134e-09
0.0
0.0
2.9304932252159086e-08
3.350639160700195e-08
9.970209125412239e-09
8.225093428738108e-10
8.151191481977544e-10
1.6918881298946818e-08
0.0
0.0
1.3792866542867376e-07
0.0
2.6324215378081137e-08
2.632422058099317e-08
0.0
0.0
0.0
9.393022396536058e-09
1.7201893779145604e-09
2.0873393995457522e-08
1.1079591819887995e-09
6.378341929127647e-09
5.306344526177935e-08
1.0772155765229717e-06
9.769859261415921e-09
0.0
0.0
0.0
0.0
0.0
0.0
0.0
5.847922975979895e-10
3.874569131470891e-09
6.52601338490294e-09
0.0
1.4598131345708442e-09
1.104157974179723e-08
1.459813132398465e-09
1.4598131345933027e-09
1.4598131323781826e-09
0.0
0.0
0.0
9.428172065978346e-09
0.0
9.743848394805354e-09
-3.242348611820489e-10
2.4952909633379083e-08
0.0
1.0609959267873551e-08
-9.936389960775362e-09
0.0
1.5327471807014597e-15
0.0
0.0
9.981620178051978e-09
2.9828560754342364e-08
9.869436304812802e-09
9.869434416322163e-09
9.869433521033765e-09
0.0
8.931832561858667e-09
0.0
0.0
9.29233230847589e-16
0.0
1.084777572803175e-08
7.846280545567747e-10
7.861658628975869e-18
-7.860465750519907e-18
0.0
0.0
-3.922445162088135e-08
0.0
0.0
0.0
1.9141415382582272e-08
0.0
1.2776704687116319e-07
7.706444625113807e-16
0.0
4.8981388621277714e-08
0.00032431997920640595
4.000796717966639e-05
-0.0003643491561513522
9.899932033874403e-09
5.624679581756134e-18
0.0
-2.840031012989352e-07
0.0
0.0
0.0
-0.00023758817610870187
1.1245545998237951e-10
0.0
0.0
2.2014641227052224e-08
0.0
0.0
0.0
0.0
0.0
5.271849857926892e-09
9.798418907490654e-09
9.798386672778964e-09
0.0
0.0
5.8157838109290315e-09
0.0
-1.566530016816614e-08
-1.5665300343957665e-08
2.011862215284153e-14
1.185955865186835e-14
2.4776813785846417e-14
0.0
0.0
5.6785233596273065e-08
0.0
0.0
-3.549385394971405e-12
0.0
0.0
0.0
0.0
-9.96082653224829e-09
0.0
-1.6578429132968475e-09
0.0
9.210222803076007e-15
0.0
1.2631264222185585e-10
0.0
0.0
0.0
0.0
4.5328298895981025e-08
0.0
0.0
1.15473526925034e-09
0.0
4.603413403155786e-15
1.3255619617983413e-14
0.0
0.0
0.0
0.0
0.0
3.3506393197368515e-08
7.883826820407361e-10
0.0
3.406568760417381e-08
9.673437873641832e-09
1.963219347559742e-08
9.787232805024469e-09
0.0
0.0
9.97031733703482e-09
9.970318190785719e-09
0.0
0.0
0.0
0.0
9.868090754695108e-09
0.0
3.4561783770508486e-08
0.0
4.639670740421087e-09
0.0
7.91675380970103e-09
0.0
0.0
2.5181789133424017e-08
-4.589187649965841e-09
0.0
-6.261169173305929e-10
0.0
-6.215857194843772e-10
-9.332055919686333e-09
0.0
-1.0155387641930247e-10
6.316093627551611e-08
9.925274726987725e-09
1.153591442437647e-06
1.1535914424376494e-06
-0.00021269013725761207
-0.0002124499082426043
0.0
1.35367202357481e-06
-4.902744876744691e-13
1.3438118495546533e-06
0.0
0.0
0.0
0.0
2.2145160113278804e-08
0.0
0.0
6.69407565712039e-09
6.694075657197965e-09
6.694075659428439e-09
1.6595943497382263e-08
6.69407565939062e-09
1.7850943474747835e-14
0.0
1.931485798559576e-09
0.0
0.0
3.0666285710757424e-09
3.5582946465630844e-09
0.0
-1.1174654951373597e-14
0.0
0.0
8.842180681831285e-08
0.0
0.0
-8.397236611108359e-08
1.1193521850960422e-14
9.676081343424686e-08
3.5582722835922342e-09
3.5202586476117595e-05
4.497356129556148e-08
0.0
-5.361729213289232e-10
4.916325261578426e-10
0.0
9.831047762355873e-09
0.0
2.424187448002435e-10
2.407957925068538e-08
0.0
8.168642264866566e-10
0.0
1.240483164833537e-09
-3.281276470505504e-09
1.2266635996661961e-09
5.3051770578110876e-09
0.0
0.0
3.1610300251245875e-10
3.1610300238894135e-10
9.49213449572937e-09
9.492135061300299e-09
9.492135624047742e-09
9.893040498720639e-09
5.2370927896159647e-08
9.89304121561083e-09
7.304309468141514e-10
0.0
0.0
0.0
4.129111670922626e-16
0.0
0.0
9.781843361353348e-09
0.0
0.0
0.000423240244106382
1.2130550838395654e-06
0.0
0.0
4.803678778820465e-08
1.520691082733994e-08
1.520691082733994e-08
9.949036147715879e-09
9.349598095220253e-09
-4.684573773968711e-10
9.779388440754946e-09
6.194768392379119e-10
0.0
5.021810153854513e-08
-3.117474257967858e-09
1.9976223647060725e-08
9.987759398612933e-09
0.0
0.0
0.0
0.0
0.0
0.0
0.0
3.965456903041218e-08
6.414553637256056e-10
9.988469684609619e-09
8.911487012562997e-09
2.0445204226387046e-08
-6.954425296892901e-10
9.769090100244288e-09
-4.7347161071563546e-08
1.6548422831448867e-08
0.0
5.6181601623210144e-08
0.0
0.0
0.0
0.0
0.0
0.0
0.0
9.970317476167462e-09
-9.773256804648973e-09
9.952804361917922e-09
0.0
1.0479331335713234e-08
1.9910102470218582e-08
9.95729905646503e-09
1.3133725363186012e-09
9.94442927922443e-09
9.73943777121916e-09
5.804863905154759e-10
2.5359233907301572e-08
0.0
9.9444302663183e-09
0.0
9.985766495483085e-09
1.997105618769279e-08
9.985295160208266e-09
1.0548409956667076e-08
0.0
0.0
0.0
9.573428737686546e-09
9.573428734129007e-09
-9.775917504542889e-09
0.0
6.701214715793357e-11
0.0
9.853479434916916e-09
0.0
0.0
0.0
0.0
4.592425818208375e-15
0.0
0.0
0.0
-1.5820962297402943e-11
9.18513771799471e-15
0.0
0.0
6.213055776895328e-09
7.988700767718046e-10
9.952623769338612e-09
0.0
0.0
1.6952867201562743e-08
0.0
0.0
0.0
0.0
0.0
9.986560911556808e-09
1.9973547760091552e-08
9.986991170378814e-09
1.9368029346805753e-08
0.0
0.0
0.0
7.555124496303441e-09
0.0
0.0
0.0
9.584255518718585e-09
8.21656789294973e-09
0.0
2.6020852139652106e-18
-2.0836307679239496e-10
0.0
0.0
8.852532339878453e-16
-6.964054033312475e-09
6.315609512206721e-06
6.315609512206697e-06
0.0
0.0
9.185411068516922e-08
4.553623644267426e-09
0.0
0.0
9.990873165848923e-09
0.0
1.0350175274840476e-08
7.364099673264289e-10
7.36410266804783e-10
9.809706155778647e-09
-1.0222800425429114e-08
7.23146219510542e-10
9.911802240081258e-09
0.0
0.0
2.2299584610394118e-08
1.9834311739246778e-08
7.59206164514969e-10
0.0
0.0
0.0
1.7682213883859668e-13
2.1835526750439704e-09
0.0
0.0
0.0
0.0
0.0
0.0
1.436235605309539e-08
0.0
0.0
2.69654180568113e-09
1.2296355183974805e-08
0.0
0.0
6.330485388127653e-09
5.236124758651789e-09
0.0
3.13974795239542e-08
0.0
1.9958504049330244e-09
0.0
0.0
1.856868471720392e-09
0.0
0.0
0.0
0.0
0.0
0.0
0.0
0.0
-1.821180673118334e-09
-1.1670652310660432e-08
0.0
-1.1744141441522197e-08
-1.3341765320696368e-08
-1.2917236256934264e-08
-1.2773234753945345e-08
-2.1265171461827017e-08
1.9378241979581544e-05
1.9352882744680088e-05
8.965703810861583e-10
8.96569048474939e-10
0.0
0.0
0.0
0.0
0.00011819129488373041
0.0
1.2975123627823368e-08
0.0
0.0
6.881508744313222e-08
4.738253157101092e-09
9.631491837214852e-09
9.522854153486676e-09
3.692146624018993e-10
6.986438403320952e-10
6.986438539543588e-10
-9.201542849500075e-09
0.0
9.895193399841521e-09
9.895194047612396e-09
0.0
0.0
0.0
0.0
0.0
0.0
1.450782108584109e-07
0.0
0.0
0.0
0.0
0.0
0.0
0.0
0.0
0.0
8.495510105933118e-09
0.0
0.0
0.0
0.0
0.0
0.0
0.0
1.4286290436089577e-08
0.0
0.0
0.0
0.0
-1.9709061475597173e-10
0.0
0.0
-1.9708756502030705e-10
0.0
4.9576985204925414e-05
0.0
7.712550322345018e-10
9.93484704079771e-09
9.93484798161165e-09
0.0
1.7246591854516435e-07
8.720340290284181e-08
9.905412327712106e-09
0.0
9.522854153221358e-09
5.8157838165990444e-09
0.0
0.0
0.0
8.336611829829429e-09
8.514349268684551e-08
2.8473057885712367e-08
9.96735262948044e-09
9.967352669170106e-09
0.0
0.0
0.0
1.4865639918038114e-08
0.0
0.0
0.0
0.0
0.0
1.3746656180050957e-09
0.0
1.4582284916555531e-08
0.0
-8.384822693843992e-08
0.0
0.0
1.347702060294782e-08
0.0
0.0
0.0
0.0
0.0
1.5247661586414832e-08
0.0
0.0
0.0
0.0
0.0
0.0
0.0
1.0394177026819229e-08
2.3237352879396316e-09
0.0
1.8200896241457295e-08
1.8200896241474745e-08
1.820089624368428e-08
2.570905848151996e-08
1.820089624368519e-08
2.087318777445381e-08
0.0
3.3866581443422274e-08
4.817645192804093e-08
9.918762938995532e-09
0.0
4.2926724871597054e-05
0.0
0.0
0.0
0.0
0.0
0.0
3.9482515090305145e-05
-1.0191500421363742e-17
0.0
7.363456588503799e-09
2.425388953840879e-07
2.1936987960875207e-05
0.0003667778992581718
0.0
1.989895964671362e-08
7.918623511454665e-10
1.9898958471083936e-08
9.943011095873272e-09
7.792280109540483e-10
6.493764637046382e-09
6.4937646499212826e-09
1.572044730744513e-08
0.0
9.887896479477223e-09
1.76140280467162e-08
0.0
7.71255136637433e-10
9.934847147765616e-09
3.548385189468899e-05
0.0
1.881132201469107e-08
9.88521866446268e-09
0.00014677089085834933
0.00014677089085834933
0.0
0.0
0.0
-1.8130580703760134e-08
-9.961332867578399e-09
0.0
1.9467403167992833e-08
1.7948029360334836e-08
0.0
0.0
0.0
0.0
0.0
0.0
0.0
9.958754874569986e-09
7.723752862385918e-08
4.22700421065662e-08
0.0
0.0
9.019704235500038e-09
7.614924351266929e-10
0.0
7.88692174475753e-10
0.0
7.925614695812193e-10
0.0
6.874297675852181e-10
0.0
3.05402621764228e-08
0.0
1.1375482447073918e-07
1.9989229593668067e-05
0.0
9.927421463008771e-09
9.927422439659495e-09
1.976367326908684e-08
9.834123458325825e-09
9.618988553318063e-09
0.0
9.912898294210725e-09
9.944429286364663e-09
9.912898289499311e-09
7.498205303656615e-10
9.944429288068827e-09
9.944429289580892e-09
-4.490782469631846e-09
0.0
5.838384920658912e-08
9.618988559072784e-09
9.923983325004952e-09
0.0
9.78437931705159e-09
6.24348159564943e-10
4.6024104954778044e-10
4.602410568089736e-10
0.0
0.0
6.753452129462736e-08
5.819007530634475e-11
9.504622276658591e-09
9.504623421641156e-09
0.0
-8.77334479956575e-09
0.00011912152421739153
2.1201975179858945e-10
0.0
0.0
9.8895913796578e-09
5.248903295320355e-15
0.0
1.379756882073339e-09
0.0
0.0
2.5767756910990963e-10
0.0
-5.711696007871867e-10
0.0
0.0
0.0
-6.938893903907228e-18
2.1845470166139086e-08
-6.306089249223656e-08
0.0021902212610491103
1.3118846287074604e-17
4.546971834236255e-09
1.4333575546436019e-08
9.786603716257938e-09
0.0003018486554270856
0.0
0.0
0.0
0.0
-5.243722448660185e-09
0.00030183785757166576
0.0
0.0
0.0
0.0
-1.0403058790250204e-08
-1.4958916841472922e-08
0.0
6.679901815895858e-06
6.160913823216435e-05
3.414105706915298e-05
3.414105706915298e-05
0.0021902305172789432
0.00030183785757426535
0.0
1.0448971115980448e-15
0.0
8.021856762626166e-10
9.784380321144898e-09
0.0
6.458414682421747e-08
0.0
6.350326864185893e-06
-3.7577917212852725e-07
8.352284664626953e-08
1.9783962060792535e-08
0.0
9.516331434536928e-09
0.0
0.0
0.0
0.0
0.0
0.0
9.947409600484557e-09
0.0
9.404928837781178e-09
9.404929463907932e-09
4.4112188080092096e-07
0.0
0.0
-1.9632193459448444e-08
0.0
9.823392586920604e-09
0.0
1.0727499343005541e-07
7.352561796586332e-10
0.0
-5.855829968712603e-09
0.0
0.0
0.0
0.0
0.0
2.015656174370614e-05
-0.00041050209298784906
0.00041051202972029147
9.936732437310775e-09
0.0
2.019270141749959e-05
0.0
9.553810774887584e-09
-4.172104041349104e-08
3.8718141773704245e-08
8.93026673410485e-08
0.0
3.834335417043164e-16
2.159509761585901e-05
-0.035989102870657604
0.03596751741365422
9.640613238813024e-09
7.871781386948423e-15
0.0
0.0
0.0
2.4089572981691574e-08
0.0
9.986279429525114e-09
6.26905238463748e-07
0.0
2.624578347899848e-15
0.0
0.0
1.9413451730880178e-08
6.40768346839336e-08
0.0
0.0
1.913798622957556e-08
0.0
0.0
0.0
1.9810238459098534e-08
0.0
0.0
0.0
3.994527973812538e-08
8.216021034454095e-10
0.0
0.0
9.990883819040175e-09
-1.0430254987119739e-08
0.0
2.355401034423637e-08
0.0
0.0
9.982897430037795e-09
0.0
0.0
0.0
0.0
0.0
0.0
-2.5767748364964026e-10
0.0
5.049752341422313e-08
0.0
7.878616531507552e-08
8.142183310299605e-10
-5.934956998046819e-08
-1.228891389232322e-09
9.616192030484881e-09
1.388679449063469e-08
0.0
-0.00020659738520969993
-0.00020711955394751153
0.0
7.202651851035637e-08
-7.202651630677792e-08
9.812473984770805e-09
1.0165964125617028e-08
0.0
-1.1670663464142947e-08
-6.8581266812650274e-09
-2.1052919407793524e-08
-2.266214027604666e-08
-1.2917247333571979e-08
-1.2773245835139514e-08
-2.1265182606564764e-08
1.984761492036433e-08
0.0
6.918027949285611e-10
9.853479533607906e-09
-7.715246575151656e-10
2.6862112500112963e-08
0.0
0.0
9.8210273745206e-09
0.0
0.0
0.0
0.0
0.0
0.0
0.0
9.787962629334598e-14
3.1688486739449473e-06
0.0
5.8539126738132565e-05
1.4616141151449318e-08
0.0
9.901533350835485e-09
0.0
0.0
0.0
9.274526000293508e-18
3.3902280467850514e-08
-1.666179122024e-08
0.0
1.9774629911211784e-08
9.853479409749731e-09
0.0
0.0
0.0
9.909757473991411e-09
2.962810930651919e-08
0.0
1.9774629927617198e-08
9.82200618694683e-09
6.610768189815765e-10
1.583268040636224e-08
0.0
0.0
2.0008987046285195e-08
0.0
0.0
0.0
1.6120406032363485e-07
4.81249222590574e-09
4.829990836819911e-09
0.0
3.3859275586275447e-08
0.0
0.0
0.0
8.155240348700023e-10
9.98017048474062e-09
-0.00010220279038857338
1.5988085933087352e-11
7.8835184593542e-12
9.418524201910344e-09
0.0
9.418525179057947e-09
9.418526157158898e-09
3.523095904257859e-05
-1.8385952786290072e-09
0.0
0.0
1.1092553356967527e-08
8.944963817074672e-09
-2.8839592635537854e-08
0.0
9.683977010885953e-09
5.263686120882698e-10
0.0
0.0
0.0
6.191231997512844e-10
6.052967742862973e-18
0.0
2.7158414953523506e-09
0.0
9.535712320023898e-09
6.7374005788156296e-09
9.985152031165984e-09
0.0
1.5625301786226665e-10
8.116058701543594e-09
9.853573752008609e-09
0.0
0.0
-1.954198764343284e-08
0.05975064571190318
-0.0597506257407201
9.986038953808517e-09
-7.78432976281454e-09
0.0
1.8744570623908536e-08
-9.454914512677587e-09
-9.454913038741295e-09
1.8744566150985784e-08
9.905412315473284e-09
7.425103554815286e-10
5.04619656261391e-09
5.046196847017788e-09
9.21096847947362e-09
-9.779028404108454e-09
0.0
1.9940123733953426e-09
0.0
0.0
0.0
9.869439979226936e-09
0.0
0.0
0.0
0.0
0.0
9.956057306678538e-08
0.0
4.548987003055727e-09
1.7028828207633482e-08
0.0
1.9188481594473564e-08
1.1016984862078476e-08
8.142983024979565e-10
9.978914813659259e-09
8.118113003265302e-10
9.976368637372915e-09
0.0
5.5594583841976675e-08
3.097226226468699e-08
8.53899909308957e-08
-5.439303857918022e-10
-9.934227274133178e-09
0.0
7.113958874413211e-10
-1.9074154478104788e-08
1.0219758613346004e-07
4.840964165007826e-09
1.8744573618704502e-08
9.745402472878232e-18
0.0
-8.485460392256846e-09
-1.8276544301901077e-08
8.930267052706086e-08
0.0
0.0
0.0
0.0
0.0
3.3652451060674635e-09
1.0717392211418267e-08
1.8846809565977815e-08
9.423504985395044e-09
0.0
-9.423538949469628e-09
0.0
1.3218394175359821e-08
4.630117751089007e-09
4.264074169952994e-09
1.28368897271636e-09
1.2094036043029493e-08
4.2570794964700424e-11
0.0
0.0
1.1575506491362048e-08
0.0
1.557291245543712e-08
0.0
0.0
0.0
0.0
0.0
5.1646260473852765e-09
0.0
0.0
1.1746438089517875e-08
0.0
3.58733214124811e-09
0.0
0.0
0.0
0.0
0.0
2.596666980735012e-08
9.699957698660095e-09
7.893306160352464e-09
0.0
9.498088502691128e-09
3.807732244882379e-09
9.340422772456883e-09
9.05161487131566e-09
0.0
0.0
1.8185898972143599e-09
0.0
0.0
0.0
0.0
0.0
0.0
1.0637480275912195e-08
0.0
8.1714438429801e-09
4.804078615774014e-09
6.888331031566816e-09
9.463227639326866e-09
7.880090936522541e-09
0.0
1.9183658877987216e-08
0.0
0.0
2.3019776847808057e-08
-1.1771652406447733e-09
5.678523088936259e-08
0.0
0.0
0.0
2.8199525743345204e-08
5.18635282301331e-10
9.895195451646884e-09
9.895194549656102e-09
7.325320144499188e-10
0.0
6.49669162108097e-08
0.0
9.876217630388758e-09
9.8762176303893e-09
9.876217630295872e-09
3.116841050337577e-07
0.0
1.0459891762648543e-10
9.987540581034246e-09
9.982092188539819e-09
9.982092208647691e-09
9.960142301019098e-09
9.960142311278284e-09
9.979539388948579e-09
9.979539407179512e-09
9.967061277461754e-09
0.0
9.967060289629342e-09
1.1152402521297246e-08
0.0
0.0
7.114819442055077e-10
0.0
2.8088491049198705e-08
9.765457454912981e-09
6.058806353392078e-10
3.9092941842755314e-09
9.928536992874604e-09
7.650926235527192e-10
9.928537974901055e-09
8.394504137852078e-09
0.0
0.0
0.0
0.0
0.0
0.0
3.340584010137918e-08
0.0
0.0
0.0
0.0
0.0
1.8435760522428217e-08
0.0
0.0
8.828953286133813e-09
2.6686585242502578e-08
0.0
3.6272025718324484e-05
0.0
0.0
0.0
0.0
0.0
0.0
3.034740900822631e-10
0.0
9.923983329490702e-09
6.385011008270058e-10
6.385327432843662e-10
0.0
0.0
2.23924703209675e-18
2.23955511254037e-18
0.0
0.0
0.0
0.0
-1.0149773621397074e-10
0.0
-2.970062353880882e-10
0.0
0.0
0.0
0.0
-2.773491826908161e-09
1.9509310722476414e-08
0.0
0.0
0.0
0.0
9.933842335679216e-16
0.0
1.8930379401699887e-07
1.9885003226532383e-07
9.585321879715344e-09
8.822916561325815e-09
0.0
0.0
0.0
0.0
0.0
0.0
4.989670418444451e-08
3.002734445085739e-08
0.0
0.0
0.0
2.283094972272335e-08
0.0
0.0
0.0
2.0807418267965834e-08
1.1063976808441155e-08
9.872936956867306e-08
0.0
0.0
-6.39184523526806e-10
0.0
0.0020032767697158714
0.0020032864161871017
0.0
1.0626841977969808e-09
0.0
0.0
0.0
-1.348785842671292e-11
0.0
0.0
0.0
0.0
0.0
0.0
0.0
0.0
0.0
0.0
-4.1578393552268843e-07
0.0
4.112683286174461e-09
0.0
0.0
0.0
0.0
0.0
-9.735996460855182e-09
0.0
2.5033537232687732e-08
2.5033545019022148e-08
0.0
1.6952867135072857e-08
0.0
-1.4872278741723162e-08
-2.420267519736988e-08
4.021958388749641e-08
-7.294546347166864e-11
0.0
1.0534719950800412e-08
0.0
0.0
1.511597314960693e-06
0.00036686984002298864
0.0
0.0
2.92963481953354e-09
0.0
0.0
0.0
0.0
2.9385736334151917e-09
0.0
0.0
0.0
1.4877562951529014e-06
0.0
0.03637559469120916
0.0
-0.0011872685716127762
-4.482204651878874e-08
0.0
-1.0865944816606293e-08
-2.64789189576356e-09
1.1706387210346034e-08
-3.962642586459453e-09
-8.951951196256137e-10
-2.1519090850825877e-06
-2.1321779576113033e-06
0.0
0.0
1.6873160963120232e-09
-6.298999841690411e-12
1.3965528861342657e-09
0.0
1.1036743939940228e-08
9.881453065233058e-09
9.304646142393257e-09
1.9688120475458204e-08
0.0
9.954650847339083e-09
0.0
-9.888800889257254e-09
0.0
0.0
1.9625215929182958e-08
9.841807436169483e-09
0.0
0.0
0.0
0.0
2.4492741254595317e-08
0.0
0.0
0.0
-9.536336126545202e-09
0.0
9.463831496248076e-09
9.463831493645991e-09
0.0
0.0
9.979835205549283e-09
0.0
9.985148166812126e-09
0.0
9.98655883964145e-09
9.91180240702959e-09
0.0
5.966474705093828e-08
0.0
9.952803978962562e-09
0.0
9.925272552403277e-09
0.0
9.885581624858527e-09
2.4567959011517067e-09
9.98846705521972e-09
0.0
9.987319657127715e-09
0.0
9.985763850246087e-09
0.0
9.986275001937301e-09
0.0
0.0
2.931827105138339e-16
2.116125874723091e-15
0.0
0.0
0.0
0.0
0.0
0.0
0.0
0.0
0.0
0.0
0.0
0.0
0.0
0.0
0.0
0.0
0.0
0.0
0.0
2.1883859886333976e-11
2.1882895008434192e-11
4.376354073042273e-12
1.0211128567474628e-11
1.6046684978134807e-11
5.835889725016438e-12
2.917665758757835e-11
1.7507232584576033e-11
1.1671640361619749e-11
2.33421524222833e-11
0.0
0.00021220882646352823
0.00021218226727018233
0.0
0.0
-7.727552755837443e-10
1.6666303209668923e-09
1.905260876586957e-09
-5.699327159519596e-09
0.0
0.0
0.0
0.0
0.0
2.1835528940528093e-09
0.0
0.0
1.874457211599951e-08
9.827956466454702e-09
0.0
0.0
2.2841209445531737e-09
0.0
2.9628109311016705e-08
0.0
9.603274337652103e-09
0.0
0.0
0.0
0.0
8.470776413664095e-07
0.0
8.063648709777118e-10
4.961146063397527e-10
4.9611460642765e-10
9.467007529570862e-09
0.0
0.0
1.9847581412042045e-08
1.984759257384655e-08
5.48271060259981e-08
0.0
0.0
0.0
0.0
0.0
0.0
0.0
3.3574952991827055e-08
1.9847547964944173e-08
9.925439330778392e-09
1.9847559101966364e-08
1.984754793963806e-08
0.0
0.0
8.643779153592665e-09
0.0
5.880963887652174e-11
0.0
0.0
0.0
0.0
0.0
0.0
0.0
0.0
1.193842047359861e-09
0.0
6.374746349273811e-09
0.0
0.0
0.0
0.0
0.00018243136145667418
1.1663297385321386e-08
0.0
2.1835486791382353e-09
0.0
0.0
8.014799878321641e-09
0.0
5.3287895798727486e-09
0.0
0.0
0.0
9.922108642190868e-09
9.922108820973816e-09
2.183552746140528e-09
1.2787208396669698e-09
0.0
0.0
9.784381313172113e-09
4.9576985203850915e-05
2.27932262370987e-07
2.68014797523005e-08
0.0
1.022835434990751e-08
0.0
0.0
0.0
0.0
9.55351404871856e-09
9.048252780121217e-07
-9.83765393872599e-06
-0.00011911174757533228
1.9989229594665323e-05
1.0012419739927894e-15
-0.00011821074012545467
2.1231753032783994e-07
0.0
0.0
0.0
0.0
0.0
0.0
0.0
3.6196150615501186e-08
0.0
0.0
0.0
1.9936560455768296e-08
0.0
1.7044498154296483e-10
0.0
0.0
0.0
0.0
0.0
7.3336265471342474e-09
0.0
2.6436093530899237e-08
0.0
1.0563623315355422e-08
0.0
0.0
0.0
0.0
0.0
0.0
9.921486925277526e-09
1.6974524571673403e-18
6.2692068320241e-09
6.269206831400684e-09
9.585322938786375e-09
-8.557127161659159e-09
-5.439863020634859e-07
0.0
3.5873326396393576e-09
0.0
0.0
0.0
0.0
0.0
2.5966668958242365e-08
0.0
0.0
0.0
0.0
2.0469637656939783e-09
4.260714267114212e-09
6.009906600857901e-09
0.0
0.0
0.0
0.0
0.0
0.0
5.267127035572322e-09
1.3218393648329921e-08
4.630116452078172e-09
4.264072926033701e-09
1.283687455288319e-09
1.209403604516636e-08
4.2570446533407774e-11
0.0
0.0
1.1575504491210389e-08
0.0
1.5572908802854832e-08
0.0
0.0
0.0
0.0
0.0
5.164623821858698e-09
0.0
0.0
1.1746436720633603e-08
0.0
0.0
0.0
0.0
1.2508981232781747e-05
0.0
9.74752269663935e-09
1.299600937561458e-09
0.0
-4.296833158434765e-05
0.0
0.0
0.0
5.281278778194374e-05
5.717559506455542e-10
-5.717559560336575e-10
0.0
0.0
0.0
0.0
0.0
7.635009293647822e-07
0.0
0.0
1.1515552298074598e-08
-0.0003025260422536006
-0.0011883428601563955
8.23691379089203e-08
0.0
1.9708723362983094e-08
0.0
0.0
8.706375530596767e-09
9.95262376897017e-09
7.886164357219221e-10
9.952623788967666e-09
0.0
9.649438972261703e-09
4.92672675669118e-10
-5.249541179250912e-10
0.0
0.0
0.0
2.3142204344638177e-10
0.0
0.0
-9.767121817274085e-09
1.4552831332374786e-08
9.970211420244477e-09
8.057965596392685e-10
7.653473770527547e-16
0.0
-2.704315748012012e-07
2.9017985337934044e-07
7.946506001877405e-10
-0.0011886080808346767
9.955947040657642e-09
7.918620243581337e-10
-9.883000240278534e-09
0.0
9.793109368183602e-09
2.8968464458513236e-10
1.4915580284262515e-08
8.34387268753987e-09
4.7783624736115434e-09
1.4701585061613102e-09
9.048252792366361e-07
-9.601580927846767e-09
9.048252791857116e-07
0.0
0.0
9.793106256585167e-09
2.8968175339608913e-10
1.4915572710454938e-08
8.343872589604432e-09
4.778360778835309e-09
1.4701580611613885e-09
5.281278778093891e-05
0.00010249084476399162
9.942409231639857e-09
0.0
-3.030694253796426e-08
9.022178915486503e-07
0.0
5.953283573116656e-08
8.023741562407607e-10
2.1446099858433237e-08
-1.8434563997005473e-08
2.7643949566946713e-08
7.751650460492453e-10
3.8300568165321126e-08
6.061509674987024e-08
2.6657595443595932e-08
0.0
0.0
-2.3391635295411106e-09
0.0
2.2333997036600394e-09
0.0
0.0
0.0
2.064441525615477e-09
0.0
1.6884664752482472e-10
0.00011216859957562759
4.2064974739478224e-08
0.0
3.211186888025055e-09
3.211186894173032e-09
9.697802807506582e-09
0.0
-3.8496180960849447e-11
0.0
-3.849618388819531e-11
0.0
0.0011885177571517482
0.0011885177571515542
0.0
7.98486896502378e-09
0.0
0.0
0.0
0.0
0.0
9.743850927449823e-09
2.9723785855784614e-08
1.0548376746420357e-08
-9.739887000088339e-11
0.0
0.0
1.6952867298579243e-08
0.0
-3.0351576469308263e-09
7.629382708013151e-10
9.926330933830344e-09
7.629383755675481e-10
9.92633104119561e-09
7.629391368522233e-10
0.0
1.2045150266512769e-08
8.836901471333232e-09
0.0
0.0
6.1756408265010295e-09
2.03862161392354e-08
0.0
0.0
0.0
0.0
0.0
6.422239280962867e-07
5.859389938786613e-09
0.0
0.0
0.0
0.0
0.0
0.0
0.0
0.0
0.0
0.0
0.0
7.243542900298863e-10
9.886817686087491e-09
7.243533032670394e-10
0.0
0.0
9.857207113094982e-09
2.81186400782549e-16
8.718455078277178e-15
2.4483302189332345e-15
0.0
0.0
0.0
-9.279089102257965e-09
0.0
0.0
-5.506895089194054e-10
-1.667650051780544e-08
0.0
8.995404133079163e-07
4.0210537569431793e-16
5.426960840432561e-16
5.178111759152762e-09
2.97660283910996e-09
7.860693077683077e-09
0.0
0.0
0.0
0.0
0.0
0.0
-9.891080120328168e-09
0.0
0.0
8.077475397674182e-12
0.0
1.316609273301026e-10
9.279097822266476e-09
1.5419337346887142e-15
1.5418981196002601e-15
-3.161030023076262e-10
1.0018285982422534e-08
1.2621568156942486e-10
0.0
2.495795199790489e-16
2.495795184841747e-16
1.8775477629266044e-10
0.0
9.7664501190085e-09
0.0
0.0
0.0
0.0
7.258709374734972e-06
0.0
0.0
0.0
4.598161661511482e-09
0.0
0.0
9.868098871222307e-09
0.00042424065162328706
0.0
0.0
-2.823320894963706e-05
9.918761953052121e-09
0.0
9.918761949571165e-09
0.0
-5.95759824769716e-09
0.0
0.0
0.0
-1.0232569527995627e-08
-4.9235122375732444e-05
0.0
9.809706173779555e-09
-5.224846440983239e-09
-5.2248464391807525e-09
9.80970616485045e-09
0.0
0.0
-9.737323228737075e-09
0.0
0.0
0.0
0.0
0.0
0.0
0.0
0.0
9.90850562953801e-09
8.236841602908656e-11
9.784383081523629e-09
0.0
0.0
3.94825150942116e-05
0.0
1.3043072648016861e-05
-1.3023283610611586e-05
7.405998270662301e-10
9.909481721677556e-09
9.909450593426072e-09
2.935752225917298e-07
3.452560700501799e-08
0.0
0.0
9.942409815298539e-09
0.0
3.826503936489983e-16
0.0
1.3328979218363037e-07
-1.845859954855542e-08
1.9063070770932776e-07
9.897823352047162e-09
1.7417152158544648e-08
-8.140136780855199e-09
0.0
3.319881014434803e-07
3.495318610397674e-07
0.0
0.0
8.019101565157996e-09
1.9351921450383606e-08
7.388400287804276e-10
-9.901653617593483e-09
0.0
1.7417152160521636e-08
0.0
9.909512868818046e-09
0.0
0.0
4.972603580768331e-05
0.0
0.0
1.1681860903491462e-08
0.0
0.0
0.0
0.0
1.941124649376652e-08
9.945336068573063e-09
-5.259186921032863e-09
0.0
2.677329832176781e-09
0.0
1.0016579995577471e-16
5.684953075544912e-10
0.0
-3.867585031343311e-09
6.023990462085988e-19
0.0
0.0
7.044877865832666e-09
3.764824435219588e-05
3.764824435219589e-05
2.7116691522485917e-14
2.7120666823421402e-14
1.911086400241402e-09
0.0
1.9110867438390484e-09
9.526579540418908e-09
9.52657915912153e-09
-1.9708725091195157e-08
0.0
-3.2341391932182205e-08
-4.186797167814171e-08
0.0
0.0
0.0
9.942044304989662e-09
9.964230596301649e-09
7.999545645246099e-10
0.0
-7.482105084913489e-09
-7.3388141189068e-09
6.374781182085353e-09
0.0
6.38056186244716e-09
0.0
0.0
6.374780692646234e-09
6.24640025244065e-09
0.0
4.102797272710386e-10
9.645911812525274e-09
9.942045734598272e-09
-5.8366343296673007e-08
1.7507263748433415e-11
9.929549627432104e-09
9.929551050044238e-09
1.701133050095268e-08
1.701133122974247e-08
7.909532083597178e-10
9.92446229010295e-09
9.92446389088767e-09
7.738469220560878e-09
9.955014898557813e-09
5.8383850206223525e-08
2.6679130409737463e-07
6.374761838372971e-09
0.0
1.7011332568230325e-08
1.702299627458543e-08
2.3562272837612062e-08
0.0
0.0
-1.627119860292214e-08
9.949446939450709e-09
1.701716465488602e-08
1.7011333399889316e-08
0.0
0.0
0.0
0.0
0.0
2.3423315193725936e-05
-2.3590931498071937e-05
-1.580823821188111e-07
0.0
-2.527714125142265e-08
-1.594027916787734e-08
2.4848945437298593e-07
3.8597937462873465e-08
0.0
5.740740192032947e-07
-4.7495956437979615e-07
9.94261328151648e-09
0.0
0.0
2.2674644965320635e-17
0.0
8.46884002655986e-09
6.914679206977114e-10
-1.8176226895249917e-08
2.7109494338225098e-14
2.937549569781953e-08
2.484894566246098e-07
0.0
9.978045605041341e-09
1.951438656651837e-08
8.151981369021799e-10
0.0
0.0
1.0662372436106597e-08
9.982684005815923e-09
-9.440540970219024e-09
5.853886428397459e-05
0.0
1.9506053820341625e-08
9.610857466509512e-09
4.550367898298108e-10
0.0
3.5740475068737054e-10
-9.440540991652346e-09
0.0
0.0
0.0
0.0
0.0
