0
0.0
0.0
0.0
0.0
1.98066337208273e-08
0.0
0.0
0.0
0.0
0.0
0.0
5.702545520100132e-08
0.0
0.0
0.0
0.0
0.0
0.0
0.0
9.925028004708964e-09
0.0
0.0
0.0
0.0
2.0563904346258275e-07
0.0
0.0
0.0
9.93018095489916e-09
0.0
0.0
0.0
0.0
0.0
0.0
0.00043517247384002874
0.0
7.792329901310368e-08
1.850112643836374e-08
0.0
0.0
0.0
0.0
0.0
0.0
0.0
0.0
0.0
0.0
0.0
0.0
0.0
0.0
0.0
0.0
0.0
0.0
0.0
0.0
0.0
0.0
0.0
4.24601784911132e-20
0.0
5.904127116414212e-09
0.0
0.0
0.0
0.0
0.0
0.0
0.0
9.613787110645212e-09
0.0
1.0076517989951603e-11
7.920491277412186e-10
4.636695747181797e-19
0.0
0.0
0.0
0.0
1.0155375688601295e-10
0.0
0.0
0.0038515058774398338
4.893326683522853e-13
1.9540307029781804e-08
0.0
9.743672680538423e-09
0.0
8.893306946374691e-10
0.0
0.0
0.0
0.0
8.023804880903034e-09
0.0
0.0
0.0
0.0
0.0
0.0
9.129630954011737e-09
0.0
0.0
9.801166403510695e-09
0.0
0.0
0.0
0.0
0.0
0.0
9.702073418986478e-09
0.0
0.0
0.0
0.0
0.0
0.0
0.0
3.819064667695914e-09
0.0
9.670535370793115e-09
1.3828552295365023e-08
0.0
0.0
-9.02944350400503e-08
6.152939183355803e-08
0.0
9.611026085961848e-09
0.0
4.268385285577331e-09
9.658837124639598e-09
0.0
0.0
9.683301312800555e-09
0.0
0.0
0.0
0.0
0.0
0.0
0.0
3.479619606563666e-18
0.0
0.0
0.0
0.0
0.0
0.0
0.0
2.292493685468126e-09
0.0
0.0
0.0
0.0
0.0
3.717057518989905e-09
0.0
0.0
0.0
1.0995234603929564e-15
9.20345738504106e-09
-0.0007860937683882852
1.533295018865597e-06
0.0
5.483763417255577e-09
0.0
0.0
0.0
0.0
0.0
1.5879638202902485e-08
1.928743346024015e-08
0.0
0.0
0.0
0.0
0.0
0.0
0.0
0.0
0.0
0.0
0.00043366943397167096
0.0
0.0038436316126999976
2.983314095221084e-08
8.984132294183075e-08
0.0
0.0
0.0
0.0
0.0
0.0
0.0
3.6657355769076493e-09
0.0
0.0
0.0
0.0
1.4747656372678554e-09
1.9935874594410384e-08
0.0
8.157516124948428e-09
3.80822087753252e-09
1.6145141528769908e-08
0.0
4.94553762157918e-09
0.0
2.7029889467879697e-09
1.1816364846200044e-08
0.0
6.801574846583523e-10
0.0
0.0
0.0
0.0
0.0
0.0
0.0
0.0
0.0
0.0
0.0
0.0
0.0
0.0
2.5355825358655545e-20
8.769349281128729e-09
0.0
0.0
0.0
2.2613956444853443e-20
0.0
9.52068100060035e-09
1.3487842671900101e-11
7.712057305154045e-09
2.719643087123469e-12
9.625435548668227e-09
0.0
0.0
4.970874468941148e-11
2.7974894236401957e-06
0.0
0.0
0.0
0.0
0.0
0.0
0.0
-0.0038515811267103572
0.0
0.0
0.0
9.85682923443159e-09
0.0
0.0
0.0
0.0
0.0
0.0
6.331945097137748e-07
0.0
0.0
0.0
0.0
0.0
0.0
0.0
0.0
0.0
0.0
3.4959250399313493e-11
0.0
0.0
0.0
8.099382519054775e-11
0.0
0.0
0.0
0.0
9.54586696880131e-09
0.0
0.0
0.0
0.0
-3.2133018319736514e-09
5.844542837905918e-17
0.0
-4.4867148375976784e-08
0.0
0.0
0.0
0.0
0.0
0.0
9.870526110819023e-09
0.0
0.0
0.0
0.0
1.0472215987003861e-08
0.0
0.0
8.830836967791949e-09
0.0
0.0
8.023804781178544e-09
2.460101336989325e-09
0.0
1.1557533148556883e-20
4.661487599459495e-14
0.0
3.9217387734003786e-08
0.0
0.0
0.0
0.0
0.0
0.0
0.0
0.0
2.2962368078113295e-08
0.0
1.3136746750914306e-08
0.0
0.0
0.0
0.0
0.0
6.648936528822179e-12
0.0
0.0
6.108144487623036e-10
0.0
6.405743490969538e-09
0.0
0.0
9.187380995427578e-09
9.187380994109436e-09
9.75931378718795e-09
4.708156128573163e-10
1.955912050703891e-08
9.990547142285957e-09
7.006418605885247e-10
9.98844748719644e-09
9.992732721737514e-09
6.915655310026627e-10
9.795444766615769e-09
5.062878195479751e-10
9.984103403407218e-09
9.988447559565964e-09
9.993343287398586e-09
9.992733093860598e-09
9.914559621494842e-09
8.621450916081385e-09
0.0
0.0
6.39498903409564e-09
0.0
0.0
1.3318844585448062e-08
3.8035399242064185e-09
2.9622967496508485e-09
0.0
0.0
0.0
0.0
0.0
0.0
3.4165481980839697e-10
0.0
0.0
0.0
0.0
8.605339061738465e-09
1.2246239263906577e-08
0.0
1.783778573433323e-08
0.0
7.606553480606405e-09
0.0
0.0
1.1932117774772844e-08
0.0
0.0
0.0
0.0
0.0
0.0
2.7596504198801964e-08
0.0
0.0
0.0
2.9008205544450913e-10
-6.33538432717973e-10
2.0563904346571383e-07
7.00659764079696e-10
9.987523187659792e-09
6.992804240614755e-10
0.0
0.0
0.0
7.724795646563668e-09
0.0
0.0
0.0
0.0
5.650363462614141e-09
0.0
0.0
0.0
9.960405486718124e-09
9.935880845240912e-09
-1.9604530086470937e-07
2.0563904346355647e-07
0.0
1.9967885563757512e-08
1.99759708198117e-08
1.9986704799988708e-08
1.998469035930618e-08
-9.860887401113086e-09
0.0
0.0
0.0
0.0
-2.2727936087680644e-10
0.0
-8.295697927465022e-09
5.649555969027215e-09
-6.434251470873504e-09
0.0
-6.427799460880998e-09
0.0
0.0
0.0
0.0
0.0
0.0
0.0
0.0
5.648748475679321e-09
0.0
0.0
1.995150736915512e-08
0.0
8.162578987477587e-10
9.983782106213427e-09
9.925028004729892e-09
-9.93018095529763e-09
0.0
3.038346403035497e-09
0.0
8.887665403550796e-09
6.990443069630427e-10
1.3365152951375081e-09
4.240468271278301e-10
9.711670741739415e-09
0.0
5.94037997637088e-10
0.0
-9.963995871442588e-09
0.0
8.107114173505778e-09
9.416369769335306e-09
0.0
3.3252274423408305e-10
4.5468816535222467e-08
0.0
0.0
0.0
4.446523653017243e-06
0.0
1.955912050777942e-08
0.0
1.1577897403151513e-19
7.0162864973921505e-06
6.387143372077394e-06
0.00017281766021024576
9.963089573836181e-09
9.873721118127754e-09
-9.049558150400682e-08
-8.178459273767741e-08
-7.591368844046118e-08
-9.255094113314044e-08
-9.996590709984146e-08
-9.810129727882578e-08
-5.005739769133738e-08
7.945056987494034e-09
5.831496133706544e-10
9.87372111849183e-09
0.0
-7.792329981270996e-08
-6.839358540767016e-08
0.0
0.0
0.0
0.0017163453446201562
1.850112643833813e-08
0.0
-9.114713010334323e-09
1.9950090573927422e-08
9.960731050737137e-09
2.7461751272682648e-08
0.0
2.990399349094974e-08
9.95390288630285e-09
6.564561202745614e-06
6.564561202720715e-06
0.0
-4.408643123619393e-05
0.0
2.7452186876527557e-08
0.0
9.953125279274546e-09
6.611359424376181e-10
9.974724986726441e-09
9.974724950702173e-09
9.977112528124674e-09
6.846982375308872e-10
9.977112559076492e-09
8.06218594107122e-08
8.178459154351003e-08
7.591368466833191e-08
9.255093698552503e-08
9.041794564641241e-08
8.45674583294792e-08
4.316637320159189e-08
0.0
-1.0557813144235689e-07
6.314327951427897e-06
0.0
0.0
0.0
0.0011007184232842138
0.001100708602969432
-6.314327951378179e-06
4.359811634361281e-09
0.0
1.493328848252783e-08
7.964514949147627e-09
0.0
3.16820402828238e-08
1.7443756416559794e-08
8.059461476099356e-13
0.0
9.588854835856659e-09
0.0
-0.04356408549716928
0.043128913023329475
-0.00043517247384002874
1.7019005174044313e-08
0.0
0.0
6.759924902259479e-09
6.97491442205422e-10
6.974909514919304e-10
-3.1538925782881695e-06
-1.805724114323226e-05
9.784680976451755e-09
0.0
0.0
0.0
0.0
0.019157857708802933
-0.01915781773645773
9.992446306240346e-09
0.0
0.0
9.980949390180363e-09
9.984303778432314e-09
0.0
7.740133574027634e-09
3.5027542021267066e-08
-5.820108223723675e-10
-1.6714019057673113e-11
0.0
1.1473245939186016e-07
5.1999771626073675e-08
0.0
0.0
3.694353721682607e-08
0.0
0.0
5.7010272314509194e-09
2.3110285406025354e-08
0.0
0.0
3.6101293212377065e-08
0.0
2.2962368076714357e-08
0.0
6.906882837235941e-10
1.0833193813543163e-08
1.5911147776358487e-08
1.5618520831089244e-08
7.774394597153977e-09
1.8519184567561173e-09
0.0
0.0
-6.564561202848651e-06
0.0
1.9806654246581008e-08
-6.046923326892999e-10
0.0
1.671681835248599e-11
0.0008821093571820378
6.559256682439481e-10
9.947820792371304e-09
0.0
0.0
3.8874816089742165e-09
9.972943103760806e-09
5.613912298175652e-08
-3.504332787319771e-08
5.541437735352552e-09
4.3632099996304364e-08
0.0
0.0
0.0
0.0
-1.6364640460037197e-07
2.0223072768252644e-07
9.908913453967455e-09
1.9017368970407495e-10
-4.482992983012754e-09
1.0555349307161445e-08
0.0002053853310914904
8.878731831123329e-06
9.902506552353501e-09
0.0
4.010618683535978e-09
0.0
2.5850229195708216e-07
2.585022917644561e-07
9.979171267104903e-09
9.979172991739793e-09
0.0
4.010618683499844e-09
0.0
4.980926853761441e-10
0.0
3.3085671229281704e-11
3.3085669976460166e-11
1.824329621893333e-08
0.0
0.0
0.0
8.602432309825207e-08
0.0
0.0
0.0
1.0534222746601774e-08
9.977112589788682e-09
-9.919183253345423e-09
3.778785129106182e-11
0.0
0.0
3.0150596325275574e-08
9.979825799319025e-09
7.004948067815178e-10
6.979973731022691e-10
1.747746185362432e-08
0.0
0.0
4.446523652967691e-06
0.0
0.0
0.0
1.0874574200733199e-15
2.080475265212778e-14
1.4123117584348685e-08
0.0
2.449939475074573e-08
1.7592044011414706e-08
1.4867661071197818e-09
0.0
8.131331816551889e-09
0.0
5.437660956853005e-09
0.0
0.0
0.0
4.001168745612508e-08
9.312425600489186e-09
-2.47198095326695e-17
0.0
2.284578112028559e-10
3.974189524072123e-08
0.0
0.0
4.074502546229084e-08
4.664915258747224e-08
4.07450254792222e-08
4.07450254700158e-08
4.0745025466904965e-08
0.0
0.0
0.0
0.0
0.0
9.512352770052468e-09
0.0
2.2515088998060412e-08
0.0
0.0
-6.774805363034987e-10
0.0
0.0
4.406413580577511e-08
2.4674050715057613e-08
9.985692985235785e-09
2.9756044170172495e-08
9.88677868257517e-09
9.886778684698323e-09
9.886778686973158e-09
7.610155668139928e-09
0.0
0.0
0.0
0.0
1.8567131099369715e-08
0.0
9.975692823877003e-09
0.0
0.0
0.0
0.0
-3.922695243753309e-08
0.0
0.0
1.688416213546113e-08
0.0
0.0
1.2827436041140672e-07
0.0
0.0
0.0
0.0
5.194308547237814e-09
5.194308547237814e-09
9.957663408012552e-09
0.0
0.0
-0.0002142803685671956
0.0
0.0
0.0
0.0
1.4363839072318186e-09
0.0
2.5766252248176417e-08
0.0
0.0
0.0
0.0
3.5028349058039395e-08
9.789363753995044e-09
0.0
9.933783329782946e-09
6.434249885671261e-10
0.0
0.0
0.0
-3.2797986768516435e-10
0.0
8.451050975368706e-09
0.0
0.0
0.0
9.427603210364711e-06
-1.0155375694022306e-10
5.7025455208487444e-08
0.0
-9.417763648671975e-06
-1.007549599307822e-11
0.0
0.0
0.0
0.0
-7.970161016282599e-10
2.0563904344466586e-07
-8.027842983321138e-09
0.0
0.0
0.0
9.213288706988919e-05
-1.734723475976807e-18
9.212504180183993e-05
0.0
0.0
0.0
0.0
0.0
1.0452721618790164e-08
0.0
0.0
0.0
9.793514163060616e-09
0.0
0.0
0.0
0.0
3.0150596235275346e-08
9.969533104170047e-09
0.0
3.46082688745898e-08
0.0
1.5879638202741433e-08
7.041862656586776e-09
0.0
1.7554460462948193e-10
9.984289753616856e-09
9.984289686465128e-09
4.899558653417997e-19
0.00017015401988302022
1.906771171814792e-05
1.907766698100285e-05
6.632356160860946e-10
0.0
0.0
6.8746544690843846e-09
0.0
0.0
1.855816994354344e-08
0.0
1.6661602351178003e-08
-6.384915722030442e-09
6.874652066363174e-09
-6.273197813641551e-09
-9.449060839707753e-09
1.853526911252054e-08
0.0
7.277553535085257e-09
0.0
-1.0155375688601295e-10
0.0
9.987776872837837e-09
5.9625841759931505e-06
5.962584175993185e-06
-0.0038515058774398338
-0.003758132269557235
0.0
3.9332855060320845e-08
-4.902744876744691e-13
2.971944207209427e-08
0.0
0.0
0.0
9.726981460803136e-09
7.484765358777274e-08
0.0
0.0
1.1016966981788549e-07
1.1016966980447295e-07
1.1016966979751489e-07
1.199133424845392e-07
1.1016966980399125e-07
0.0
0.0
0.0
4.286217770907717e-09
0.0
0.0
0.0
0.0
0.0
8.893273066962818e-10
0.0
4.1065495650747076e-05
8.893273049405404e-10
0.0
-4.1036258035310626e-05
1.0954458514067972e-15
4.10548408669808e-05
-8.893306938109421e-10
0.0012708425444680081
0.0
9.969897084843978e-09
9.969897015829642e-09
0.0
0.0
9.76571934430126e-09
1.3533834251056834e-08
0.0
1.601815768383346e-08
0.0
1.9385352485679373e-09
7.472372319822485e-09
0.0
-7.767982501487823e-09
0.0
0.0
0.0
9.976321353787151e-17
0.0
0.0
9.945048272200755e-09
9.945047568746735e-09
9.945046865314283e-09
9.869322917440684e-09
7.104428137037038e-08
9.869322867496594e-09
9.869322817591773e-09
0.0
5.849420407298345e-17
0.0
0.0
0.0
7.318421204354007e-07
6.149361464860828e-10
7.316503078786918e-07
0.0
0.00011713619450162884
0.007584502568530736
3.581881011309134e-08
0.0
2.018634296578406e-06
0.00011060732128690181
-0.00011056737445899945
9.98308006468996e-09
-1.4836956628572207e-08
-6.402317917575325e-09
9.309459298063871e-09
2.948348199597735e-11
0.0
8.911346536377675e-08
-7.537627711665801e-10
1.9986342528305994e-08
7.000140524100718e-10
0.0
5.4216695740076886e-08
0.0
0.0
0.0
0.0
3.126726943205499e-07
6.879996865831113e-08
5.859146722244397e-10
9.99363782762955e-09
9.795444815138997e-09
2.052387981398318e-08
-9.870342439211033e-09
9.914559608009168e-09
-4.7520777761389894e-08
0.0
0.0
0.0
0.0
8.577188831290977e-09
0.0
0.0
0.0
0.0
0.0
9.98428982089725e-09
0.0
9.986451954008962e-09
2.007754546297965e-08
1.646878672375045e-08
1.9972343588900853e-08
6.933220550106695e-10
0.0
9.625876149001324e-09
6.290154917309276e-10
6.290154920564971e-10
5.043494692928369e-08
0.0
3.3984303071108694e-10
0.0
6.995280859060677e-10
1.9983953160701784e-08
9.991743429166311e-09
1.9951505200538832e-08
0.0
0.0
0.0
0.0
0.0
-7.641913631409314e-09
0.0
0.0
9.028241221124468e-19
9.960405488110255e-09
0.0
0.0
-9.984426219827869e-09
0.0
0.0
7.562221565703698e-11
7.562090566805525e-11
7.562210113917762e-11
-1.563494146162355e-11
0.0
0.0
7.834713613792848e-09
0.0
6.658738560228284e-10
9.96220642847979e-09
0.0
0.0
1.980663328758981e-08
0.0
0.0
0.0
0.0
0.0
6.98456421796103e-10
1.9982214585261956e-08
6.984343720761052e-10
0.0
1.1117046622727389e-08
0.0
9.76547752470024e-10
0.0
3.769334146060436e-11
9.901426260409193e-09
1.752140143694944e-10
0.0
0.0
-9.702073418965673e-09
0.0
4.146264011270504e-10
0.0
0.0
0.0
9.925027980679443e-09
8.639472064235896e-06
8.649207918182843e-06
0.0
0.0
6.913427180190805e-08
9.685781055983757e-09
0.0
0.0
9.99375008324509e-09
0.0
7.596468617039826e-10
9.911645457855873e-09
9.911645433527026e-09
9.128195305644906e-09
-1.0414979688654893e-08
9.973220140347175e-09
6.91409652244854e-10
0.0
7.659436225169539e-09
2.761684909777872e-08
1.9962759460874654e-08
9.978814683418713e-09
0.0
9.798515271734954e-09
0.0
0.0
-9.890482782182086e-09
5.709118808248694e-09
0.0
0.0
8.109197757373379e-10
0.0
3.0757586356985875e-09
0.0
1.4271009338468865e-08
0.0
1.8569477438115744e-09
0.0
3.030311176476911e-10
0.0
1.3575991364138496e-10
1.3977468750675468e-09
0.0
0.0
1.5448439648907955e-08
0.0
2.790917036970383e-09
2.801344726437058e-09
0.0
3.1709477721258437e-09
0.0
0.0
0.0
0.0
0.0
0.0
0.0
-8.062185821201828e-08
-7.225122206959224e-08
-7.59136859393722e-08
-9.255093837798282e-08
-9.996590417601925e-08
-8.85546671794735e-08
-4.056397450890428e-08
-1.7322703367767846e-08
2.271884036715221e-06
2.2214490897861212e-06
0.0
0.0
0.0
0.0
0.0
0.0
0.0006278519922883924
0.0
1.222256155840849e-08
0.0
0.0
1.5385026734787677e-09
8.225644860746518e-09
0.0
0.0
-9.670535370751021e-09
-1.3828552295229099e-08
-4.48299298293016e-09
0.0
0.0
9.94678682517072e-09
6.549100672648692e-10
0.0
0.0
0.0
0.0
2.2828871548291396e-09
0.0
0.0
0.0
0.0
0.0
0.0
0.0
0.0
0.0
0.0
0.0
0.0
0.0
0.0
2.5302775201215965e-08
5.968686757383398e-09
1.603468011731887e-08
0.0
0.0
6.219017818258275e-09
0.0
0.0
0.0
0.0
2.2888524929542964e-10
9.85432062745829e-09
5.640981459743714e-10
2.288851360166314e-10
0.000780764803340738
1.3202570527401966e-06
0.0
5.397905536334063e-10
9.829566182297028e-09
5.39790552162217e-10
0.0
9.339179427228493e-05
0.0
0.0
0.0
0.0
0.0
1.973100350675107e-09
0.0
0.0
0.04336179194900128
9.02944350400503e-08
0.04335981425287273
9.9717181901809e-09
9.971718194028745e-09
0.0
0.0
0.0
1.844000918672906e-08
0.0
0.0
0.0
0.0
0.0
0.0
0.0
0.0
0.0
-2.094313423128824e-06
1.690951050716955e-07
6.315856041241965e-08
0.0
4.4472182013828703e-07
4.447218201253438e-07
4.4472182011844624e-07
4.543806572491696e-07
4.4472182012451375e-07
2.6781995385717136e-07
0.0
0.0
4.879556962338708e-07
4.783878814921355e-07
4.822069461566439e-07
4.87955696244164e-07
4.822069461471206e-07
0.0
0.0
4.7495878647455873e-07
9.203878519977768e-07
9.203878519969247e-07
9.203878519959875e-07
9.300711533087266e-07
9.203878519959241e-07
5.214453934636659e-07
8.465560466906456e-09
0.0
5.073196870539304e-11
9.945914043128614e-09
0.0
1.7611406155908757e-09
4.3615948651826394e-07
0.0
0.0
0.0
0.0
0.0
1.3044152269964218e-07
0.0
0.0
8.638551525475512e-09
9.336564651097781e-05
0.0062560973082495955
0.00020440797036595633
0.0
1.9852577724322265e-08
9.912934089198727e-09
1.985257773329198e-08
9.93964365321049e-09
9.939643662282803e-09
0.0
0.0
1.7537590264205974e-08
0.0
3.4361610620125807e-10
6.847219678646987e-05
0.0
5.397905552707439e-10
9.829566184008792e-09
0.0011010339226522434
0.0
1.804969781460958e-08
6.591373761289749e-10
-9.487243629591191e-09
0.0
0.0
1.984180329305732e-08
0.0
5.696374767962903e-10
-9.966803238834782e-09
1.1760578736172426e-08
0.0
0.0
2.5381286672058525e-08
0.0
0.0
3.6515121339200696e-10
6.911572938853745e-09
0.0
0.0
6.579896430011164e-10
-3.152256511221741e-06
0.0
0.0
3.2525722872025768e-06
0.0
6.604659395810014e-10
0.0
6.614408135591492e-10
0.0
6.619065742230307e-10
0.0
6.754488463072046e-10
0.0
1.2206055455625668e-06
9.7037229404935e-07
1.34007506538272e-07
3.396043285459141e-06
8.477747004953044e-06
9.836956648943734e-09
9.836956648984901e-09
1.9887746858700946e-08
6.11111726723392e-10
9.570316780380117e-09
9.880944918838137e-09
8.79337094768262e-09
9.625876148744834e-09
8.793370948105169e-09
0.0
9.625876148598871e-09
9.62587614868407e-09
5.902437173684733e-10
5.902437155475095e-10
4.696212961227426e-08
9.570316783028928e-09
9.9337884586386e-09
0.0
0.0
0.0
1.6722262392986497e-10
9.449925272853044e-09
9.160430854612335e-06
0.0
2.6823215259577777e-08
-2.2924936827887522e-09
9.968004484260565e-09
9.968004456844138e-09
9.773224661483375e-09
4.84472408423886e-10
0.0015680111533115104
-8.67732934117793e-11
0.0
0.0
0.0
0.0
0.0
2.6811859159515434e-06
0.0
0.0
-9.203457384979012e-09
0.0
-9.709394315675704e-09
0.0
0.0
0.0
0.0
3.640550964630055e-05
1.2201838322700392e-08
16.916909385781135
0.0
3.926081495206032e-06
2.3830872671173206e-06
-1.5332950188656606e-06
7.080864738590785e-05
0.0
1.9545868053356438e-08
9.664923132529537e-09
3.781633621179103e-10
9.664923128743091e-09
7.079963257034142e-05
0.0
0.0
0.0
9.880638414932607e-09
5.03105113153413e-09
0.0
0.0006607345084002224
9.271406142318829e-05
2.8717653817380183e-05
0.000758825130496632
2.7268637888784146e-05
16.91690939325433
7.079963256979755e-05
0.0002746019051424569
0.0
1.6764561772255437e-08
6.822925628268455e-10
0.0
9.703722940247638e-07
0.000172807697120648
0.0
6.28889429959359e-07
-0.0006649158246513087
0.0
0.0
0.0
-2.567835497478337e-08
0.00027472036761694193
0.0
0.0
0.0
-0.0001728181288527253
4.101764945765742e-08
6.735493643234929e-10
0.0
1.901736743378376e-10
9.473324626732256e-09
0.00021873678619991764
0.0
0.0
-6.513980535232914e-09
1.1760578728199886e-08
6.086868846101848e-10
0.0
1.1542906982392559e-07
9.927302085954194e-09
9.400510807047057e-09
1.1876040053159825e-10
0.0
0.0
3.930100068429294e-08
3.202836678046204e-05
2.643456111007057e-06
0.00019629574338407755
-0.06569934028204294
0.06569934977108886
2.0559494864453282e-10
0.0
3.008613515436182e-08
0.0001989195668164227
-1.9287433452447322e-08
1.9444892493234887e-08
4.151971298666541e-08
9.642487185556465e-07
2.6704790194922184e-06
0.0
0.09687693631092252
-0.10445056889589831
0.007573642390606098
9.805630287232879e-09
0.0
0.0
0.0
0.0
0.0
0.0
6.996020724178434e-10
3.5963860873500444e-06
2.412081688789259e-06
0.0
7.697732434508204e-16
0.0
1.9060209116743987e-08
0.0
4.240549815950021e-09
0.0
1.9119326320644503e-08
4.0223687700854145e-08
0.0
0.0
1.9779575331298494e-08
9.715396435375952e-10
0.0
1.0726282236092482e-07
3.996830648854477e-08
6.986656397843606e-10
0.0
0.0
7.010419365814549e-10
-1.9394115330395486e-08
0.0
2.0181063041314006e-08
0.0
3.718205414935749e-11
6.937795369818166e-10
0.0
0.0
0.0
0.0
0.0
8.160037922329414e-08
9.203457385087432e-09
0.0
0.0
6.646530528285079e-07
6.708428957881087e-06
9.989798812823358e-09
-6.688709897571276e-06
5.031051131319002e-09
1.67222623583981e-10
1.98662153439182e-08
-2.9833140952219674e-08
-0.003843651182074402
-0.0038470234640630365
0.0
8.984132291633511e-08
-8.984132292909111e-08
0.0
1.918817470593446e-08
-8.06218592996899e-08
-8.17845915851434e-08
-7.591368719670496e-08
-8.30084761863164e-08
-9.996590563749667e-08
-9.810129572053461e-08
-5.005739604074799e-08
-1.723815831141121e-08
1.9951506284869754e-08
1.7554484346742654e-10
9.960405486508783e-09
6.68287041728458e-10
-9.835189399387833e-11
2.941129772081366e-08
0.0
2.456692647295541e-08
9.938699957167604e-09
5.282299617338043e-12
0.0
0.0
0.0
0.0
0.0
0.0
0.0
1.8748515206330795e-09
2.671440743932719e-06
0.0007388197002862302
0.0
0.0
9.672192815056738e-09
0.0
0.0
0.0
0.0
2.4014659352727597e-09
0.0
0.0
1.9898087274716464e-08
9.960405488807454e-09
0.0
1.454954879165865e-12
0.0
9.920522958672962e-09
2.98584927639889e-08
0.0
1.989808727411378e-08
9.93588084488681e-09
9.93588084453275e-09
-0.0007267904355252597
0.0003696450578024546
0.0003571453777227736
2.9356609720942485e-08
0.0
0.0
0.0
1.4656172490404577e-07
-3.665735550298214e-09
0.0
1.6160330701496365e-07
0.0
0.0
3.458551187456216e-08
0.0
9.988742946491491e-09
6.961236136834643e-10
-0.00043363297340357686
0.0
7.0816832343876385e-09
0.0
0.0
0.0
0.0
0.0008889049309375161
0.0
0.0
0.0
0.00021181349237010735
0.0
-1.5478575228660993e-06
1.5675763475882137e-06
9.583541710120438e-09
9.58354171067948e-09
0.0
0.0
0.0
6.111734294464084e-10
0.0
3.5242059110902703e-09
0.0
0.0
9.89565679399007e-09
0.0
6.994122352237461e-10
0.0
-9.727795458047694e-09
0.0
9.825665494283054e-09
0.0
2.974077250805788e-07
-1.0539823549140599e-08
3.2324022697456244e-07
-2.936421013974165e-07
6.985072708987936e-10
9.512051035634106e-09
1.831900591435061e-08
0.0
6.178680365953593e-09
6.178680345370692e-09
0.0
0.0
-8.15751612615013e-09
1.595061262163829e-08
1.5950612588816264e-08
9.908119713575303e-09
-9.902256330879267e-09
0.0
3.2698390876964706e-09
0.0
0.0
0.0
9.886778676249067e-09
0.0
2.9749399225296487e-05
2.9743536792523818e-05
-3.808220889675584e-09
8.44691516617336e-07
0.0
0.0
0.0
0.0
1.9722375333233058e-08
0.0
4.615801791708983e-08
6.886200552260396e-10
9.981104979254726e-09
9.982858128684824e-09
9.98285821272028e-09
0.0
8.111564472687422e-07
6.612198127987162e-08
8.399704860668958e-07
-9.220466662808544e-09
-4.708156119439429e-10
1.0646627895844055e-07
9.862771181354257e-09
1.261886542881228e-07
1.8466734184481867e-06
1.815125164069237e-06
0.0
0.0
0.0
0.0
0.0
9.642487184432766e-07
0.0
0.0
0.0
0.0
0.0
0.0
2.368423540924772e-09
4.501216433977274e-09
6.801226621128861e-10
0.0
-6.801571285353081e-10
0.0
0.0
4.014310289260085e-08
4.4905044713232954e-09
0.0
1.1059639901272983e-08
1.0176854422659841e-08
0.0
0.0
0.0
0.0
4.796133573784014e-09
0.0
0.0
1.5815639838413088e-08
6.759676416566756e-09
0.0
0.0
1.1078603496916383e-09
0.0
0.0
0.0
8.621451853518637e-09
0.0
0.0
6.394989760340504e-09
0.0
0.0
1.3318845597641282e-08
0.0
0.0
4.942531924839335e-09
9.517014249722467e-09
9.024983749658482e-09
2.747071238727521e-09
0.0
9.183146503540838e-09
9.240707526977694e-09
0.0
0.0
0.0
0.0
7.127234211213468e-09
2.2515869612476212e-08
1.1861351957310334e-08
0.0
0.0
0.0
3.6090548913484183e-09
0.0
0.0
0.0
3.2188466235394234e-08
9.254628192687439e-09
2.649942485878611e-08
4.595696264591158e-09
0.0
0.0
5.7025476020741e-08
4.5223914364126505e-18
0.0
6.597981980576771e-06
6.635694899322888e-06
9.884010498950602e-09
6.573124852674033e-09
6.573124854704536e-09
6.573124856492176e-09
-7.712057305020751e-09
9.587242803516638e-08
0.0
9.78394061553909e-09
9.783940615141752e-09
4.949930560198419e-10
0.00021209601250135775
0.0
4.2176417572827947e-10
9.990337539051684e-09
9.988773239911966e-09
9.988773239332236e-09
9.976532922451054e-09
9.976532922151947e-09
9.984419764902909e-09
9.984419764458481e-09
9.941923954325937e-09
0.0
9.941923953859678e-09
6.852456641924483e-07
0.0
6.663505208197821e-07
9.933674416931292e-09
2.671999428742968e-06
2.0039263624610803e-08
9.941707165872038e-09
6.499206832514704e-10
-1.2861451315805794e-08
9.911775003204833e-09
6.205218870673238e-10
9.911775005162875e-09
9.627568591645812e-09
3.415038849433495e-10
2.2391367912569405e-07
2.2391367912706834e-07
2.2391367912502506e-07
0.0
0.0
3.3928215180662906e-08
0.0
0.0
3.2155569261913485e-08
0.0
0.0
0.0
0.0
2.4549369995004682e-08
1.0954476472225101e-08
0.0
0.0
0.0005286472583549527
4.0118639626053767e-05
0.0
0.0
0.0007490716257969975
9.788510151735174e-09
9.791012556443356e-09
1.2049689734125735e-09
0.0
9.933788451537025e-09
9.898226238647112e-09
9.899143043958936e-09
9.796015044207957e-09
0.0
0.0
0.0
0.0
0.0
0.0
1.1968848841723612e-09
0.0
4.077110456399072e-09
4.077110088173449e-09
0.0
0.0
0.0
0.0
0.0
2.002400069598542e-09
-1.6925292862114e-10
7.695620772878498e-09
0.0
0.0
1.466324651874506e-19
2.2391367912643137e-07
1.3907274124891691e-07
1.3907274124906655e-07
9.981964756856096e-09
1.0948426946327311e-08
2.1309435994522843e-08
0.0
0.0
0.0
0.0
2.3578649270462226e-10
4.9930610614925664e-08
1.2597840079040193e-07
8.202846050237743e-07
0.0
2.339792088837668e-05
0.0
2.3135452073407343e-08
0.0
0.0
-8.001325018668724e-07
2.17602043224574e-08
-2.3406694660612384e-05
1.5924430737132479e-07
0.0
-2.366278263289453e-10
1.5924430628818418e-07
9.240812758102027e-07
0.0
0.0
0.0
-7.712057305155218e-09
2.227122775537159e-08
9.329466133603067e-07
-1.3487842678676365e-11
0.0
0.0
0.0
0.0
0.0
-2.71964308458237e-12
0.0
0.0
0.0
0.0
-4.679471526853446e-06
0.0
7.300312682311589e-09
0.0
0.0
0.0
2.0563904346452672e-07
0.0
-3.3941065476347007e-10
0.0
6.846973350821573e-05
6.846973350683953e-05
0.0
1.9806633576451355e-08
2.831610839570758e-17
9.884025124783698e-09
5.932687139810655e-10
2.502332514887555e-07
0.0
0.0
1.44696928521844e-07
0.0
0.0
0.00625638840831353
2.0283306252111888e-07
0.0
8.908980104614746e-08
2.0811271663765732e-07
0.0
0.0
0.0
1.8707322608847935e-06
2.0812167399868556e-07
0.0
2.135120852776393e-09
0.0
0.0
0.0
0.15966078949358456
0.0
-8.38999801775152e-09
9.109413894608362e-06
-5.033097561640831e-08
-2.0398417960322253e-08
-1.7815808149709497e-08
-1.0075513782638676e-08
1.9258381082174562e-08
-1.0209906780042236e-08
-2.8071937037688066e-06
-2.7347831822085436e-06
0.0
0.0
1.8476442110710838e-05
0.0
1.8475758631748663e-05
0.0
1.448840873417566e-07
9.870647303291945e-09
9.544471141519906e-09
1.9602268410226446e-08
0.0
9.976237342028512e-09
0.0
-5.549998298538351e-10
0.0
0.0
-2.9927205577320256e-08
9.911761034989127e-09
0.0
8.21612780115352e-09
0.0
5.0440210542198284e-08
2.9200415414869928e-08
5.883021000022124e-10
0.0
2.070048027939981e-08
-2.354857778040639e-09
0.0
9.687872393193686e-09
4.006876583758206e-10
8.310163741848239e-09
7.178912094373238e-08
9.990585716363444e-09
4.5226196495148363e-07
9.99209150290686e-09
0.0
9.991118515554312e-09
9.98394472258942e-09
1.5995322141555326e-05
5.990779015577141e-08
0.0
9.986452043548274e-09
2.0050180403309617e-06
9.987776945399184e-09
1.1053322127380813e-07
9.973220117022345e-09
0.0
9.993638329257751e-09
5.947674655566946e-08
9.993193593117466e-09
0.0
9.992209366431518e-09
7.219917354572323e-07
9.99228469078529e-09
0.0
0.0
0.0
0.0
0.0
9.20345738496358e-09
0.0
0.0
0.0
8.160037993868755e-08
0.0
0.0
0.0
0.0
0.0
0.0
0.0
0.0
0.0
0.0
0.0
0.0
6.644207707564893e-08
0.0
0.0
0.0
0.0
0.0
0.0
0.0
0.0
0.0
0.0
0.0
0.0038515811267100606
0.003851027909640397
0.0
4.498836480170439e-08
-9.969764913153947e-09
9.597731610996537e-09
9.87971808272333e-09
-9.856829234305932e-09
2.7119917851133864e-10
0.0
0.0
0.0
0.0
-7.195742784646927e-10
1.1767942697932342e-10
7.766298512892534e-11
0.0
9.90239253685831e-09
0.0
5.311940870659177e-12
4.901183990808276e-09
0.0
2.985849276381224e-08
1.5551306554207365e-10
8.496906337818683e-09
0.0
0.0
0.0
0.0
6.334277527514688e-06
2.1103769867448917e-08
6.873491056853294e-10
9.963260532405795e-09
6.710914375629178e-10
-5.311886347447725e-12
0.0
3.612351565681941e-19
1.9951503031025896e-08
1.995150411614667e-08
1.2449201313129694e-06
0.0
3.836246076744582e-09
1.4060054123225086e-08
9.750808335871122e-09
2.079737963923966e-09
0.0
9.587437525978166e-10
0.0
1.055534930421325e-08
9.973567771684706e-09
1.9951500859507574e-08
1.995149977336154e-08
0.0
0.0
0.0
6.396402762467262e-08
0.0
0.0
6.108132926804983e-10
0.0
0.0
0.0
6.684889688342467e-09
0.0
0.0
3.192016288235488e-07
3.0821171528670725e-09
6.988308761504268e-09
1.7393039553798504e-08
1.7634503011748234e-08
0.0
0.0
0.0017266008275044547
9.810172728006033e-09
0.0
0.0
0.0
0.0
0.0
0.0
0.0
0.0
0.0
0.0
9.977931992601071e-09
6.855032155910638e-10
-9.890482778612689e-09
0.0
0.0
0.0007807700608325363
0.0
1.329936106535169e-06
2.485960917325646e-05
2.1625823941788516e-08
0.0
1.1478480621514589e-08
0.0
2.7535397236810155e-08
0.0
1.0434512409931927e-08
0.0
0.0009401887429311526
4.036253570265444e-05
-0.001568011153311546
3.4057534883478196e-06
2.93292418106489e-19
-0.0006278028779520569
-3.328701114148217e-05
0.0
0.0
0.0
0.0
0.0
0.0
0.0
9.693701513598629e-09
0.0
1.980395241409245e-10
0.0
2.0886623932169783e-08
0.0
2.327341835680882e-10
0.0
3.735884241562023e-08
0.0
8.601644351347776e-10
0.0
2.026087330418888e-08
0.0
6.888663530405541e-10
0.0
1.1378398652479143e-08
0.0
2.7523972985114412e-08
0.0
1.0507004153742678e-08
0.0
0.0
3.494173156668305e-10
0.0
5.983356590353803e-09
5.983356587968558e-09
9.981964757399285e-09
-5.690096556605628e-08
-6.331945097156179e-07
5.5723988887951206e-09
8.621449968521871e-09
0.0
0.0
6.394988302524127e-09
0.0
0.0
1.3318843562005321e-08
3.803538957152747e-09
2.962296087838576e-09
0.0
0.0
0.0
0.0
0.0
1.2246238311624248e-08
0.0
1.783778512539311e-08
0.0
7.606552273429286e-09
0.0
0.0
0.0
4.0143102284439054e-08
4.490503882710234e-09
0.0
1.1059638777120272e-08
1.0176853427106654e-08
0.0
0.0
0.0
0.0
4.796132821892135e-09
0.0
0.0
1.5815638827130073e-08
6.759675451901093e-09
0.0
0.0
1.107859652100856e-09
0.0
0.0
0.0
-2.6811859144117162e-06
0.0
0.0
0.0
0.0
8.513990566248501e-09
0.0
2.0563904344278709e-07
-1.4210249709638704e-08
0.0
6.465396305447545e-07
0.0
0.0017159521443679236
9.902506552375901e-09
-9.902506552380771e-09
9.778499316250713e-09
9.778499316063919e-09
0.0
0.0005366695206987689
0.0
0.0
3.7351924636369725e-07
0.0
1.0832016011743216e-08
-7.992443966344603e-05
-2.2369817546989094e-05
6.913427179984074e-08
0.0
1.667749512148915e-08
0.0
0.0
8.698518060412667e-09
9.962206428162983e-09
6.70056059684652e-10
6.700560593016215e-10
1.6477136854268952e-06
9.936903539177106e-09
6.452024903335106e-10
-9.918435510403167e-09
0.0
0.0
0.0
0.0
0.0
0.0
-9.879960308212254e-09
1.5691012877908346e-08
9.97982568187048e-09
6.873633376221984e-10
0.0
0.0
-0.0002710813373037686
0.0002711108850330973
9.976926729134703e-09
-2.2802580496694702e-05
9.912934098341016e-09
9.91293410747685e-09
-6.604452688570249e-10
4.220046764637548e-09
0.0
0.0
4.8442096113437035e-09
0.0
0.0
0.0
0.0009401887429311529
6.321227412525582e-10
0.0009401887429311774
9.92358664384441e-09
4.220044888162131e-09
0.0
0.0
4.84420822177318e-09
0.0
0.0
0.0
0.0017159521443679234
4.4076659660198843e-05
9.964168229935052e-09
0.0
1.2430926732464786e-09
6.387143372053156e-06
0.0
9.091531366731822e-09
9.976519865660856e-09
9.935985153253766e-08
-7.820180095782921e-08
6.448746458536167e-07
0.0
1.9768678422883712e-07
9.95598559605841e-08
1.0069173912315133e-07
0.0
0.0
0.0
0.0
0.0
9.24644847801502e-11
9.805795314458705e-09
9.805778818224424e-09
0.0
0.0
1.152816984219694e-10
1.9552206891994973e-08
1.4617604085140606e-07
2.0563904337424854e-07
4.017869735349347e-10
9.688992457982217e-09
0.0
9.779547537288449e-09
-8.09938253618081e-11
0.0
-8.099382275972289e-11
0.0
2.3568364504371434e-05
2.3568364504363103e-05
0.0
9.82193856883635e-09
5.323009629921392e-10
0.0
0.0
0.0
0.0
9.512352761555268e-09
3.568688005931955e-08
1.0555351468635332e-08
-9.487243501655335e-09
0.0
0.0
1.980663285435728e-08
1.882686323017193e-08
0.0
9.225158833451458e-09
9.225158832700954e-09
0.0
9.22515883431368e-09
0.0
0.0
2.596145127180016e-10
0.0
0.0
3.422139741138731e-08
0.0
0.0
0.0
0.0
0.0
0.0
0.0
2.6614661938050704e-06
-9.352356329472321e-07
0.0
0.0
0.0
2.4493116153968593e-09
0.0
2.4493156819234987e-09
2.4493199641456624e-09
0.0
0.0
3.502754147717599e-08
2.6687174916300557e-17
-2.6133679409005934e-10
0.0
-2.6133679422395093e-10
0.0
0.0
9.870342496456908e-09
0.0
0.0
0.0
0.0
0.0
0.0
0.0
0.0
7.561939878375565e-11
-9.836478526668857e-09
-1.8529497273350737e-08
9.151998620502257e-09
0.0009038806323048858
0.0
0.0
-0.04299681337812665
0.042996861106651435
9.90792624593756e-09
2.2888536213804594e-10
0.0
0.0
7.561950056393531e-11
0.0
0.0
-9.95325982330403e-09
0.0
0.0
7.295880204526769e-13
0.0
0.0
3.2133018320029626e-09
0.0
-5.843849709696869e-17
0.0
5.3995057563473835e-08
3.538359071469491e-08
0.0
9.019486236017327e-15
9.019486236018267e-15
6.524741058915003e-11
0.0
5.279735216136336e-10
0.0
0.0
0.0
6.735809297513928e-06
2.8047719987865574e-07
0.0
7.561971240170771e-11
7.56196049872568e-11
1.9087582876193257e-05
0.0
0.0
9.94394043484241e-09
0.007561583974487304
0.0
0.0
-0.0008823704091689422
6.540527910076966e-10
0.0
9.94591404281774e-09
1.9731003465704974e-09
1.9731003440482455e-09
0.0
0.0
-5.907304860742644e-09
-1.8243296219365362e-08
9.015380950054071e-09
9.210751920209502e-09
0.0
0.0
9.21075191950899e-09
9.128195305289317e-09
0.0
0.0
-9.870526110756887e-09
0.0
0.0
0.0
0.0
0.0
0.0
0.0
0.0
9.810815019495188e-11
9.895641970059375e-09
0.0
0.0
0.0
1.3044152201148562e-07
0.0
4.3964204072991695e-05
-4.394427217151625e-05
9.958681381848644e-09
9.893133873036424e-09
9.893219939018788e-09
0.00021428036856722
0.0
0.0
3.5086108536466546e-08
6.719830729786071e-10
0.0
0.0
0.0
0.0028821191112773223
0.0028821077331384615
4.104531105812638e-08
6.455880259933352e-10
1.0472215999842289e-08
-1.0472215993419565e-08
0.0
1.3290375762221209e-06
1.3680999375945135e-06
9.354560852567406e-09
6.064824876206506e-10
0.0
0.0
-8.830836967710018e-09
0.0
1.1999290671313706e-07
1.1713608590395526e-09
0.0
9.893047745574388e-09
0.0
0.0
0.0007822093902038643
0.0
1.2183643109496965e-08
1.9591510500424697e-06
7.228406643784684e-06
9.171905551143146e-06
7.228406643784809e-06
0.0
1.5652142683799768e-08
6.378492351777787e-10
0.0
0.0
0.0
5.1891884428973206e-11
0.0
9.93973727484625e-09
9.93973724880761e-09
-0.0007267801659018858
9.973907883643608e-17
-8.02380478118897e-09
0.0
9.779111059682339e-09
-9.487241788995373e-09
0.0
0.0
-4.6614892935253893e-14
9.930180930808213e-09
0.0
9.930180954909108e-09
9.92841027159759e-09
6.368603688574281e-10
-1.6677495159184152e-08
0.0
-2.928897737246327e-08
-2.9746502998915843e-08
8.42546619171834e-14
0.0
2.567835525889169e-08
9.981772432157002e-09
9.989359492067455e-09
9.989359407475314e-09
0.0
-7.550829295155381e-09
0.0
6.988306694273504e-09
0.0
6.960764660574394e-09
2.567835499932446e-08
2.5678354755035922e-08
6.9883069113841986e-09
7.594322083441866e-09
6.87545948784526e-10
3.777033201931257e-10
0.0
6.892757437240178e-10
-3.755689459742126e-08
0.0
9.98555326189258e-09
9.985553205341447e-09
0.0
0.0
6.930130299391611e-10
9.98184174541732e-09
6.893438321563271e-10
-1.606499286184565e-09
9.985576929040761e-09
3.7474413554084324e-08
2.606786475372129e-07
6.988308250658585e-09
0.0
0.0
0.0
0.0
0.0
0.0
-5.6377111839166216e-08
9.983686241049342e-09
0.0
0.0
0.0
0.0
0.0
0.0
2.0563904342042698e-07
0.12164862428616258
-0.1216486143239485
9.962214041686146e-09
0.0
-2.296236807766477e-08
-2.296236807719075e-08
2.485231178517848e-07
1.2322066350205172e-08
1.5962498197304805e-05
8.467589494591775e-05
-8.458603959313374e-05
9.97967701043945e-09
0.0
4.833266446991518e-08
0.0
0.0
-8.253048934060848e-09
-1.313674674812917e-08
4.36286611115516e-08
0.0
2.617452730013369e-08
2.4852311755917206e-07
8.75286224243791e-06
6.94326509607487e-10
-8.73314186876603e-06
9.990585365951218e-09
0.0
0.0
1.0584450566880167e-08
6.975555229453388e-10
9.663733762225187e-09
0.0007388183021306506
9.663733759692608e-09
1.6287748626146953e-08
9.714623775749384e-09
4.269454869428176e-10
1.1728968002453459e-08
0.0
9.66373376730315e-09
0.0
3.9610022208419295e-08
3.909618218202255e-08
0.0
-6.648936528306018e-12
