0
0.0
1.3528324990491347e-08
0.0
0.0
0.0
2.0312920762571086e-08
0.0
0.0
0.0
2.1275149128705694e-09
0.0
0.0
0.0
0.0
0.0
0.0
9.830816252573128e-09
0.0
0.0
7.927126510731798e-09
0.0
0.0
0.0
4.966602561639974e-10
0.0
9.291527695650699e-09
0.0
0.0
0.0
0.0
0.0
0.0
0.0
0.0
0.0
0.0003636973270600884
0.0
0.0
1.939458089527827e-08
0.0
0.0
1.9493105484198938e-08
0.0
0.0
0.0
9.994770203149152e-09
0.0
0.0
0.0
0.0
0.0
0.0
0.0
0.0
7.439283231383451e-09
4.457451706927706e-08
0.0
0.0
0.0
0.0
0.0
0.0
0.0
0.0
9.853107612695634e-09
0.0
4.615273495662001e-09
0.0
0.0
0.0
0.0
0.0
9.231847751269686e-09
1.0154666696274642e-10
7.588762754290072e-12
5.857440918349393e-10
0.0
0.0
8.485264239889588e-09
0.0
0.0
1.0154666701695653e-10
3.990491013273277e-22
0.0
0.004377468604697554
4.898875566714163e-13
0.0
0.0
9.858568414174976e-09
0.0
0.0
9.74216728511822e-09
0.0
3.8237821041108706e-08
-3.822399229620288e-08
0.0
7.791711314707013e-09
9.245981688257648e-09
4.746445455446889e-08
0.0
0.0
0.0
9.912851642625472e-09
0.0
0.0
2.1906633153668256e-09
0.0
0.0
0.0
0.0
0.0
7.639206864791545e-09
0.0
0.0
3.288654968226336e-23
0.0
0.0
0.0
0.0
4.294862095662162e-09
0.0
2.4638294076222236e-09
9.807655707361962e-09
0.0
0.0
6.546930813500502e-11
-3.9490171813670594e-07
3.4894169789528515e-07
0.0
5.356977844280064e-09
9.486683406432703e-09
0.0
9.854276565098359e-09
0.0
4.520958469981036e-09
8.500866012455297e-09
0.0
4.067682943859761e-08
0.0
0.0
0.0
0.0
0.0
4.383387131839157e-21
0.0
0.0
0.0
0.0
0.0
0.0
0.0
0.0
0.0
0.0
9.302268284074175e-09
5.966531813859121e-09
0.0
3.135294902765446e-09
0.0
9.386410456460873e-09
0.0
0.0
0.0
-0.0008513032583576016
0.0
0.0
0.0
0.0
0.0
0.0
6.754645889754644e-07
0.0
1.4551771750207406e-09
0.0
0.0
0.0
0.0
0.0
0.0
0.0
0.0
0.0
6.291970661298598e-09
0.0
0.00036576240619895934
1.4224001573935401e-08
0.0043737473445790076
0.0
0.0
4.241852898771272e-09
0.0
1.3879033367399185e-08
9.853845380817052e-09
6.586912050277122e-22
0.0
0.0
0.0
0.0
0.0
0.0
0.0
8.327108983839394e-10
3.2052556220580775e-11
0.0
8.857890299357215e-09
3.807955023814357e-09
9.851187629406139e-09
1.7516952075755949e-06
1.2307607990184347e-06
0.0
1.7934416057362203e-07
6.468844068543524e-10
0.0
9.61645557500119e-09
5.649642528409453e-08
9.461044901484484e-09
0.0
0.0
0.0
0.0
0.0
0.0
0.0
0.0
0.0
0.0
0.0
0.0
1.5510872686752748e-20
0.0
0.0
0.0
0.0
3.2987231668608756e-23
9.848274330457036e-09
9.7180711817872e-09
1.3486900832249127e-11
0.0
2.6667168365017424e-12
9.424045207115363e-09
0.0
-4.87890977618477e-19
6.32240691758416e-11
1.2127351137021709e-06
6.298552737043269e-12
0.0
0.0
0.0
0.0
1.971580738207198e-20
0.0
-0.00437710117682558
7.625974147675482e-25
2.513747457121353e-09
0.0
9.874705067589649e-09
0.0
0.0
0.0
9.934275172493897e-09
0.0
0.0
4.1376075285749856e-07
0.0
9.806824469708487e-09
0.0
8.94210292948297e-11
9.864247734493992e-09
0.0
0.0
0.0
0.0
0.0
0.0
8.964259170534083e-09
0.0
8.350652053654583e-07
2.556431097672512e-10
0.0
0.0
5.6387209501858894e-09
0.0
0.0
1.1245305815106913e-09
0.0
0.0
0.0
0.0
1.0873613721066906e-16
5.711358620175004e-10
-5.527446163267318e-08
0.0
0.0
0.0
8.158327005717566e-09
0.0
0.0
9.794633706849416e-09
5.711358620206676e-10
0.0
0.0
0.0
1.050518548298639e-08
0.0
8.619847442315015e-09
0.0
0.0
0.0
0.0
9.727653784872642e-09
9.805327977963774e-09
2.1251017747176606e-19
0.0
7.854938717270325e-09
3.350684602372587e-08
0.0
0.0
0.0
0.0
0.0
0.0
0.0
2.0163415963775155e-07
0.0
0.0
0.0
0.0
0.0
0.0
0.0
0.0
6.648472340698396e-12
0.0
2.905422921162968e-09
0.0
0.0
0.0
7.746891802277438e-08
0.0
0.0
1.699698758041851e-09
0.0
-2.127514923185459e-09
7.0901565323891324e-09
9.987908181412871e-09
6.418314800054415e-10
6.02187000743427e-10
6.333086267954895e-10
9.937079025953977e-09
0.0
-4.941026245580181e-10
9.937079018734026e-09
9.94065687409916e-09
9.980938533955179e-09
9.972279042003372e-09
3.612207770723464e-10
0.0
0.0
0.0
3.373789256936929e-10
0.0
0.0
0.0
0.0
0.0
0.0
0.0
0.0
0.0
0.0
0.0
0.0
0.0
0.0
0.0
0.0
0.0
1.3748687190092834e-08
0.0
0.0
1.983022508764277e-09
0.0
0.0
0.0
0.0
0.0
0.0
0.0
0.0
1.6575098562034943e-09
0.0
0.0
1.919638995464001e-08
0.0
0.0
2.435447760205675e-07
0.0
0.0
6.420691733951898e-10
6.047463874861346e-10
9.977015062256987e-09
1.1417542829104575e-08
0.0
1.7222083372711302e-08
1.176178932840159e-08
1.722210300298598e-08
0.0
5.511510315432482e-09
0.0
0.0
2.5537584491239185e-09
2.5537778007205318e-09
2.55379697929307e-09
0.0
0.0
9.486862101448779e-09
0.0
8.09193772310563e-19
1.989163810163151e-08
1.9883914362803376e-08
1.9962118567371383e-08
1.9949294443129402e-08
1.1417538085253332e-08
0.0
1.7222078531130787e-08
0.0
1.7222098047423067e-08
-2.833337075402358e-09
5.5115053617508015e-09
-9.719962738331811e-09
0.0
0.0
2.553772958727163e-09
0.0
1.1417533341301433e-08
0.0
1.7222073710318723e-08
0.0
1.7222093112262465e-08
0.0
5.511500370740088e-09
0.0
0.0
2.5537681141386737e-09
2.5537874312719565e-09
0.0
0.0
6.29063827487644e-10
9.954559090225024e-09
7.927126510766605e-09
7.854938718725429e-09
0.0
5.2607358248193575e-09
0.0
9.894379819961342e-09
9.978966001907566e-09
9.785159039638123e-09
9.855257970814435e-09
5.181510016552485e-10
1.3528324988824285e-08
6.192033771277967e-09
0.0
-5.467492384972273e-10
0.0
0.0
8.262216118466633e-09
0.0
0.0
1.136194418215589e-08
5.787569262731374e-08
0.0
1.813483239135659e-08
1.1984559564692323e-06
0.0
7.090156533805295e-09
2.8977516504244516e-09
4.26442164669045e-20
0.00014748004077534704
1.614230513712658e-07
1.071785486937497e-08
9.849782423173269e-09
1.584492377318062e-09
1.24313053080638e-08
7.529654711977492e-09
6.230370247697983e-09
-1.272199546924202e-08
-2.1392182115997915e-08
-2.1609973446324107e-08
0.0
-2.7025618075930726e-09
0.0
0.0
-4.871526002503401e-05
7.678816666209379e-09
0.0
1.7865740524505096e-16
0.0
1.1473424708595127e-08
6.612928400638196e-08
1.9394580895140826e-08
9.540700129529459e-09
-9.965997449591482e-09
0.0
-1.94931054841245e-08
2.66782683777538e-08
0.0
0.0
9.572111229951691e-09
3.105502399259928e-07
3.105502398173414e-07
0.0
-0.0003072438513989084
1.4469807765518094e-07
2.66273229832684e-08
0.0
9.517058882624445e-09
9.517058829537499e-09
9.901651990625292e-09
9.901651952455225e-09
9.241496243613128e-09
9.241496191634874e-09
9.241496296127474e-09
-1.4015791485744167e-08
0.0
-6.230363577854951e-09
1.2722002639004415e-08
2.1392189771332615e-08
1.9704759054799646e-08
-1.2393042470476871e-08
-1.2233726730649999e-08
0.0
1.2901038423712767e-07
9.994770144208204e-09
-4.7694283960598993e-14
4.769531290892696e-14
0.00014726765250480146
0.00014726765245710698
-1.29010384020939e-07
5.383886089956721e-08
1.9428717793925067e-08
1.0127372424686527e-08
1.6253628493035507e-08
1.5882260465827953e-08
2.0968331906397247e-08
0.0
7.368705463836332e-15
0.0
9.302397871967238e-09
0.0
-0.0003638257962088186
1.2846914873024806e-07
-0.0003636973270600884
1.3040445226577647e-07
0.0
0.0
0.0
9.969990012935562e-09
9.969989582178651e-09
0.0
1.238955281479548e-05
9.830782791661087e-09
0.0
0.0
3.7264196662458724e-07
0.0
0.0
4.828416333424457e-08
9.978965688934398e-09
0.0
0.0
9.935664425652974e-09
9.93818131315809e-09
0.0
0.0
4.537663789973052e-08
-9.213058172266586e-09
0.0
0.0
8.199690810982858e-08
1.9193151613849002e-08
0.0
0.0
1.8643752938148564e-08
2.086526582060987e-08
0.0
0.0
2.3877050080670503e-08
0.0
7.53373367654115e-09
3.060660083399434e-08
0.0
0.0
0.0
9.963826243702999e-09
4.98608108863033e-09
1.8416386311695983e-08
9.721422760170419e-09
1.7178428330077593e-08
1.152125802139683e-08
0.0
0.0
-3.1055024001837295e-07
0.0
0.0
-9.65348179171599e-09
0.0
1.5964923827382904e-11
4.1394572197772375e-09
9.841366222141821e-09
5.044826324890799e-10
0.0
1.3328985727577257e-08
-1.595137625329604e-08
9.9356410460173e-09
2.1460269815769283e-08
-3.9491559826592966e-08
0.0
0.0
0.0
0.0
0.0
0.0
-2.958957297533695e-06
2.9379350571248394e-06
-4.457451696244781e-08
9.822145993210998e-09
0.0
-9.195119375551147e-09
9.565420577804922e-07
4.780953917661273e-05
4.0883588238609555e-09
0.0
9.880754868605174e-09
5.43239121396396e-10
2.5738446992870546e-07
2.5738446960737615e-07
9.844548176651813e-09
5.076130616099966e-10
5.432391059882763e-10
9.880754868385522e-09
9.880754867075403e-09
2.743697729423153e-09
0.0
0.0
0.0
1.9459890402931685e-08
0.0
0.0
0.0
0.0
0.0
0.0
8.624389699103597e-08
1.8758555271614075e-08
9.24149634918225e-09
-9.477328021832365e-09
2.284623632608412e-13
0.0
0.0
3.0890761476297626e-08
9.948737303753993e-09
9.97985561186377e-09
9.974557045990332e-09
1.672567097008267e-08
0.0
0.0
1.1984559563450587e-06
0.0
0.0
0.0
7.834810905899134e-16
1.368657090443023e-17
0.0
2.813868468889906e-08
1.912144308249248e-08
2.5639182490816772e-08
2.1153629050015485e-08
0.0
6.021344013748556e-09
5.971848082160058e-08
0.0
0.0
0.0
0.0
2.129522312883098e-08
0.0
0.0
0.0
0.0
0.0
1.563841773896978e-08
0.0
0.0
1.979287635186597e-09
0.0
0.0
0.0
1.5673139158615428e-17
1.5681785509491598e-17
0.0
1.1507650609222757e-07
9.991549744563214e-08
0.0
0.0
0.0
0.0
-4.340220102343499e-08
-9.903636223607126e-09
0.0
0.0
5.358859596336627e-08
0.0
6.231733877197034e-10
2.9479644922876197e-08
0.0
0.0
-4.61527349671087e-09
0.0
5.385803431220675e-09
0.0
0.0
0.0
0.0
1.3487306637900796e-08
5.898070885931243e-10
1.427473521441252e-19
0.0
0.0
0.0
-3.897830233349151e-08
0.0
0.0
0.0
1.9639195293142176e-08
0.0
1.2698270038294629e-07
0.0
0.0
0.0
0.0
0.0
4.291996957839217e-08
9.903232475458626e-09
1.5826164996112e-19
2.499303324211712e-08
7.674743249231307e-09
0.0
0.0
0.0
-0.0003386230427837583
1.301493546221096e-09
0.0
0.0
1.046508613846902e-08
0.0
0.0
0.0
4.537664612316465e-08
9.032392884139563e-09
0.0
9.477316726759863e-09
1.4646490316881965e-10
0.0
0.0
0.0
0.0
2.7457132398468103e-09
0.0
0.0
0.0
0.0
0.0004648540181974766
-1.0154666696274642e-10
0.0
0.0
-0.000464844103019034
0.0
0.0
0.0
0.0
0.0
-1.01112998108065e-09
0.0
-3.027189148310794e-08
0.0
0.0
2.5361970342329667e-07
2.508205138165829e-08
0.0
2.787017548049619e-07
0.0
0.0
0.0
0.0
0.0
0.0
4.217677800041606e-09
0.0
0.0
4.985547811862106e-10
9.551206447929166e-14
9.561170771707616e-14
9.586346609406586e-14
9.609475346024622e-14
3.089076137428727e-08
5.546800670732065e-10
0.0
1.9943784336173113e-08
0.0
1.4551771746844964e-09
9.922785724532913e-09
0.0
6.747083817643531e-12
9.952597748209898e-09
6.13938622509788e-10
0.0
0.0
0.0003125313322912737
0.00031254123745485705
5.672580150490795e-10
0.0
0.0
4.220871545810366e-08
0.0
0.0
2.5547071756469364e-09
4.332323326114583e-08
0.0
-9.29751478839216e-09
3.2703188433003374e-08
-4.6637327591408665e-09
-2.2380718861436938e-10
2.5318127288957454e-09
4.332323399460977e-08
-9.796508817228326e-09
0.0
0.0
0.0
6.180689534980469e-10
2.022656403751712e-08
2.9700182885971214e-08
-0.004377468604697565
-0.0038630997297756076
0.0
0.0
-4.898876443393263e-13
0.0
0.0
0.0
0.0
0.0
1.2314901915367078e-08
0.0
0.0
0.0
0.0
0.0
1.6198509155294584e-09
0.0
0.0
0.0
0.0
6.811438008940936e-09
0.0
4.871133951297202e-09
9.74216938503668e-09
4.871041748178307e-09
0.0
0.0
0.0
5.1240966598626664e-05
-4.0689270882074e-10
2.694769455771822e-08
-5.126959840123486e-05
0.0
5.125239288238972e-05
9.742173633757216e-09
0.00014722835264319886
6.621777649508141e-08
9.689222837053676e-09
3.548170929954929e-10
4.871041723679891e-09
0.0
8.997188840992548e-09
1.905222405303175e-09
1.386543868695661e-08
0.0
0.0
0.0
0.0
0.0
3.822399229620288e-08
0.0
4.487930237878438e-10
-2.829309909706912e-08
0.0
5.711358619623042e-10
0.0
0.0
0.0
-7.791711312233555e-09
0.0
0.0
0.0
0.0
0.0
1.0853143866227351e-16
0.0
0.0
0.0
0.0
-3.794914018358177e-08
4.770173634978366e-08
0.0
0.0
0.008754472620080774
0.0
6.590648712669616e-08
0.0
0.0
4.816586862688155e-08
6.231302033990659e-10
-1.439302732553216e-08
4.7391997922194675e-11
-1.751695207575856e-06
-1.7516952075756747e-06
0.0
0.0
0.0
1.995668663203692e-08
6.39715261997702e-10
6.22411936245512e-09
0.0
0.0
6.749049145687256e-08
1.3341512272441793e-06
6.77519682836839e-08
1.142716914157019e-07
0.0
0.0
9.97789815679849e-09
0.0
2.0532316339698523e-08
-9.660647179790538e-09
9.695733685858764e-09
9.462094057496179e-09
0.0
2.2728263641511104e-08
5.507232155698566e-09
1.7079816315085381e-09
0.0
1.5516321500812566e-08
0.0
0.0
0.0
0.0
9.95259782450252e-09
-5.748235867905843e-10
6.080617937482227e-10
0.0
1.0010034939220333e-08
1.9885063462776897e-08
6.00002764807822e-10
0.0
0.0
9.912188704189586e-09
9.91218870405406e-09
6.829695072262918e-08
0.0
0.0
-1.4320340969683001e-08
6.332925634801044e-10
1.9942125160068456e-08
9.969862380110328e-09
0.0
1.4469807762405412e-07
0.0
0.0
2.633667928021546e-10
9.596228934204663e-09
-9.89503983991957e-09
0.0
1.23545585429508e-11
0.0
0.0
0.0
0.0
-5.67519424968091e-10
0.0
0.0
3.6146588849299884e-13
3.649678876418133e-13
3.6220770109749905e-13
-1.5582417792209128e-11
0.0
0.0
9.21013007986063e-09
0.0
9.92134282021273e-09
0.0
0.0
0.0
0.0
0.0
0.0
0.0
0.0
0.0
6.349964782512865e-10
1.994799117048661e-08
6.350000732794446e-10
0.0
1.928598804111269e-08
0.0
4.6779929849685635e-11
1.0060262260774066e-08
4.2002146564705206e-13
3.852478764552685e-09
1.149688737603659e-08
0.0
0.0
7.639206864307191e-09
0.0
0.0
0.0
0.0
4.489610249237043e-19
7.927126510623326e-09
0.0
0.0
0.0
0.0
7.560085672727915e-08
8.740881971019799e-09
0.0
0.0
9.979257172064192e-09
0.0
9.724913509387031e-09
9.353072686275586e-09
2.435510511106737e-11
9.806961341949468e-09
-1.0414782477185733e-08
9.95740911946541e-09
9.940950303818225e-09
0.0
0.0
2.987121024527182e-08
1.987904605715552e-08
9.938096149730673e-09
0.0
4.987461265119249e-10
0.0
0.0
-5.984926487997896e-10
3.619037052866839e-09
0.0
2.789788790073074e-09
0.0
2.7090842569736665e-08
0.0
2.1588563002695635e-08
0.0
0.0
2.663965678263752e-08
1.6486984676292672e-09
0.0
1.5323742250168834e-08
0.0
0.0
0.0
8.414246964983796e-10
0.0
1.2412067547170976e-08
0.0
1.2318957367542466e-08
0.0
0.0
7.1270637043080645e-09
0.0
0.0
0.0
0.0
0.0
0.0
1.4015793542113158e-08
7.529650361323201e-09
1.563287088611454e-08
-3.346922460953921e-09
-2.139218721955438e-08
-2.1609978789055573e-08
0.0
1.2070196037106129e-08
5.862373190989546e-08
0.0
0.0
0.0
0.0
0.0
0.0
4.2948621152866936e-09
0.0005145970093797204
0.0
9.572194208521881e-09
0.0
0.0
0.0
0.0
0.0
0.0
-4.713161613677511e-10
0.0
0.0
-9.166328546542091e-08
0.0
9.947523111658931e-09
6.089444422598587e-10
0.0
0.0
0.0
0.0
0.0
0.0
0.0
0.0
0.0
0.0
7.104519744845553e-09
0.0
0.0
2.8951802987528147e-09
0.0
7.312850189511108e-06
1.8480156697229755e-08
0.0
0.0
9.97047085358116e-09
9.009744821533479e-09
0.0
4.233324527592644e-09
0.0
0.0
0.0
0.0
0.0
0.0
-1.5845156327812913e-10
0.0
0.0
-9.489514780740282e-09
-0.0003361428728466903
-2.644884374648643e-10
0.00033612548298692286
4.238231020745708e-10
9.759378600083227e-09
9.759378575625085e-09
0.0
0.0005143815028830403
0.0
0.0
0.0
0.0
0.0
0.0
0.0
0.0
0.0
3.9490171813621805e-07
6.105357498799567e-08
9.925354412644619e-09
9.925354360613365e-09
0.0
0.0
0.0
1.6293065814588355e-09
0.0
0.0
0.0
0.0
0.0
9.506854420197693e-11
0.0
0.0
0.0
-3.4592113820454645e-07
0.0
1.481048673539279e-08
0.0
0.0
0.0
0.0
1.9369964175958244e-10
0.0
0.0
0.0
2.244664091763819e-08
0.0
2.8574819032957545e-09
0.0
0.0
0.0
0.0
1.535007659840397e-08
0.0
0.0
0.0
0.0
0.0
0.0
8.641348335952168e-08
0.0
7.700392781690694e-09
0.0
9.943966245107357e-09
0.0
0.0
0.0
0.0
0.0
0.0
0.0
0.0
0.0005632005164418074
2.7347252795493137e-19
4.139046790157131e-05
-3.117446594034448e-08
0.0005558040090605212
0.0
0.0
0.0
1.9737479262094126e-08
5.297951083936146e-10
1.973747928922317e-08
9.870387304314349e-09
5.330376036146518e-10
9.319248771115507e-09
0.0
1.7281862153826905e-08
0.0
4.0199159956389287e-10
2.0746433976145095e-06
0.0
9.759378625769435e-09
4.2382311047198247e-10
0.00014743962663077466
1.800000421486712e-08
0.0
9.81626734758434e-09
1.2741377356234861e-06
1.2741377356234857e-06
0.0
1.9750683858732045e-08
0.0
5.305829040733366e-10
-9.929696630735295e-09
0.0
1.5081706786749193e-08
1.0865701008623515e-08
0.0
0.0
0.0
0.0
0.0
0.0
0.0
6.019749910768893e-10
5.898098420168557e-08
0.0
0.0
0.0
0.0
5.75881685528986e-10
0.0
6.130374576384156e-10
9.197499440815434e-09
5.428180906198548e-10
0.0
5.793745060804815e-10
0.0
1.720049525342876e-07
0.0
8.236933210818653e-08
0.003565373851144635
0.0
9.947703217660277e-09
6.091216954650585e-10
1.9826345524008968e-08
9.880449078455388e-09
9.576799172694023e-09
0.0
9.82446820272557e-09
0.0
9.824468202635298e-09
9.824468202550697e-09
0.0
0.0
0.0
0.0
4.960154648820691e-08
9.576799182049057e-09
9.949665747714118e-09
0.0
0.0
-3.135294902769769e-09
9.635422199724164e-09
3.01906778769525e-10
0.0
0.0
3.9459576558157894e-08
5.154613283695738e-10
9.679106402064485e-09
3.448674924962677e-10
0.0
-9.386410455966207e-09
0.0005163670719920892
-3.5377042477123554e-08
2.55108446767904e-08
2.0915344109417866e-15
0.0
0.0
0.0
1.464075754711655e-07
0.0
0.0
0.0
0.0
-5.277731118597721e-09
0.0
0.0
0.0
-5.421010862427522e-19
1.899624233588082e-06
-3.478132111497773e-08
0.00019795420448953712
0.0
0.0
3.55711938814924e-09
9.775768214891067e-09
0.0
0.00017507556108900202
0.0
5.306216117442945e-10
0.0
5.306216117537121e-10
0.00017506431927711105
0.0
0.0
0.0
4.4484865934417574e-10
2.960562284342878e-08
9.887667125415032e-09
0.0
0.000529367866649355
0.00032195172833512844
0.0
0.0008513105598948889
2.2878643400535303e-05
0.00017506431927671135
0.0
0.0
1.9724322053925458e-08
9.915610502814198e-09
0.0
0.0
0.0
0.0
0.00014731404567222575
-1.346505732497855e-06
0.0
0.0
0.0
8.967251829972156e-09
1.182395924324409e-07
0.0
0.0
0.0
2.7494821324909313e-08
0.0
9.897161442460234e-09
0.0
4.85572609157429e-10
4.855724292457816e-10
1.1472276041772427e-06
0.0
1.7195902570672613e-10
0.0
0.0
9.907083757532131e-09
0.0
1.638032729737005e-07
9.91788309118169e-09
9.68060528513579e-09
9.680605284959607e-09
7.221826519210444e-08
0.0
1.0161325297946736e-08
1.2176948161851037e-07
0.0
0.0
5.444112046763431e-10
0.0
0.0
0.0
0.0
0.0
4.182502354452671e-10
-8.97561850709324e-08
2.382409033089537e-08
0.0
0.0
0.0
15.726780560964855
-15.726781227031495
0.0
-6.754645889241146e-07
0.0
0.0
0.0
0.0
8.433705421549664e-08
0.0
6.356582941890226e-10
0.0035654067211926765
2.3196829274858834e-08
0.0
1.5149000972167301e-15
0.0
1.969121124331313e-08
7.629537863328466e-09
0.0
0.0
1.9619775709688035e-08
1.1169123587875723e-08
1.0170750550882929e-08
9.197499426416809e-09
6.828275203623468e-10
4.6489393622733035e-11
0.0
1.5092045532185422e-07
3.989503123603414e-08
6.32871224307788e-10
0.0
0.0
6.40170878949189e-10
-1.6306328801813497e-08
0.0
2.0998379599555052e-08
0.0
0.0
6.245577906811473e-10
0.0
0.0
0.0
0.0
0.0
0.0
0.0
4.424087496627514e-09
0.0
0.0
3.516219676093312e-06
6.151379821255352e-10
-3.5062658594365063e-06
2.9605622843455887e-08
9.635422199916546e-09
1.9717955717831644e-08
5.248708049598237e-10
-0.004373751525427849
-0.004373954186635621
0.0
0.0
0.0
-1.4224001573803768e-08
-2.408824929800435e-08
4.627496616959482e-09
7.529652536891751e-09
1.5632873127621218e-08
-3.346920097156575e-09
-2.139218466768467e-08
-2.1609976117608525e-08
0.0
1.2070198282163568e-08
0.0
6.746584332899834e-12
-4.966602563244438e-10
0.0
-6.200260577963329e-09
1.6732662261264847e-09
0.0
0.0
0.0
0.0
0.0
0.0
0.0
0.0
0.0
0.0
0.0
0.00016336191130552995
1.8825627791721078e-07
0.00015871002947402075
8.567470068099273e-09
0.0
9.668569382376458e-09
0.0
0.0
0.0
0.0
5.267110761450022e-09
0.0
7.770006903570694e-09
0.0
0.0
0.0
2.2796511368023654e-14
0.0
9.824600891532434e-09
0.0
0.0
0.0
-9.291527695653263e-09
0.0
-1.2757903085969247e-05
1.2130116818413172e-05
6.277862675317489e-07
1.9845295530930245e-08
0.0
0.0
0.0
0.0
0.0
7.330837412588859e-06
1.0221928340687934e-09
0.0
0.0
0.0
0.0
6.112124280814654e-10
9.949827952196443e-09
-0.00036576848463241155
4.0820990501778606e-10
0.0
5.549023237326109e-09
0.0
5.549023137134257e-09
5.549022917424415e-09
0.00014726790682521518
-1.5314469692384591e-09
0.0
0.0
0.0
0.0
-1.9638016910482953e-08
2.919376596806238e-08
4.484884806996901e-10
9.784451913552058e-09
0.0
0.0
0.0
9.861452338749688e-09
1.6666776323574361e-19
0.0
1.3150430299389837e-08
0.0
9.653481420485166e-09
2.3723320434708966e-07
9.979931755934609e-09
11.836509558753121
11.836509557920412
0.0
0.0
0.0
5.05776919769613e-07
-3.205255592192424e-11
4.975940324982966e-07
-4.6798711028195757e-07
6.366273685495356e-10
-6.737246858361843e-10
0.0
1.7046311133666033e-07
-1.7046311139229994e-07
-1.6086192115782916e-07
1.7046311148965232e-07
0.0
-8.857890311107959e-09
9.656672355629554e-09
9.656672355834407e-09
-1.4469807763789477e-07
-1.3492165815011997e-09
1.2296633387865666e-08
0.0
0.0
0.0
0.0
0.0
0.0
4.831687553021085e-06
4.82563625475785e-06
0.0
0.0
0.0
-1.230760799026927e-06
-1.2307607990212765e-06
9.994770026342383e-09
1.9596188207765902e-08
0.0
1.152997884495005e-08
5.919851837513539e-10
9.930290762261342e-09
6.107906723622756e-10
9.949399276446658e-09
7.055416190992872e-09
1.20653539342025e-06
3.140966930078957e-08
1.2144254243411479e-06
7.055416180326915e-09
2.127514932021707e-09
1.1175168838960438e-08
9.9288293142763e-09
3.077135703720164e-08
-1.8972831272871238e-06
1.5600179025364547e-07
1.7046311118552972e-07
0.0
0.0
-1.7406108271833965e-07
-1.7934416055020996e-07
0.0
0.0
4.241852873932225e-09
0.0
0.0
0.0
0.0
0.0
1.8996645181216493e-08
9.616429273435883e-09
0.0
-9.616455577047926e-09
0.0
5.956912800965797e-09
3.6220352219619704e-08
0.0
0.0
3.829146733176564e-08
1.8801613699006092e-08
7.4493017280477114e-09
0.0
0.0
0.0
1.179045614229462e-08
0.0
9.82108089985233e-10
0.0
0.0
0.0
2.9003090898866854e-08
0.0
0.0
0.0
3.008453360877732e-10
0.0
0.0
0.0
3.3737908158948376e-10
0.0
0.0
0.0
0.0
0.0
0.0
9.799519791424494e-09
9.586908715045782e-09
9.696494938531213e-09
9.483328435254433e-09
3.62969148204731e-09
7.982477536837314e-09
1.9835923587732648e-10
0.0
0.0
0.0
0.0
1.900269505204497e-09
1.4443419375599602e-08
0.0
0.0
0.0
0.0
0.0
1.7091174043286335e-08
0.0
0.0
2.0970972781912946e-08
9.769214752354604e-09
0.0
9.334492318654777e-09
-1.915204192542389e-08
0.0
5.9700522221248466e-18
0.0
4.04015324189639e-06
4.077658311615531e-06
-4.696729564821146e-08
0.0
0.0
-9.461044901508397e-09
5.786652384372712e-10
1.1887051194372875e-08
0.0
9.691489239407931e-09
9.691489239323284e-09
3.570462022874582e-10
2.4077833675906976e-07
0.0
1.2885071520498846e-08
9.987319868673755e-09
9.984167253812297e-09
9.984167252719101e-09
9.966424571952613e-09
9.966424571352869e-09
9.97728206605735e-09
9.977282065271976e-09
9.934755414569321e-09
1.5210675631222575e-17
9.934755429368263e-09
4.4728538832577277e-07
1.2186763110287593e-08
4.4955693071989096e-07
9.915220715328056e-09
1.368913874805916e-07
1.0789432912474101e-08
9.927356540448164e-09
9.927356556216494e-09
-2.9426334433593236e-08
9.842698773941249e-09
9.842698773208924e-09
9.842698758633319e-09
4.527370813846694e-10
0.0
0.0
-4.37706961381603e-09
0.0
2.095073499618751e-08
2.1261248868764404e-15
7.634166109153007e-09
0.0
2.0844427601953393e-09
0.0
2.084443622915368e-09
0.0
1.159277547895148e-08
0.0
0.0
0.0
2.101662773302258e-08
2.0911728807626605e-09
0.00014911481751230188
0.0
1.1229762123316156e-07
0.0
0.0
4.983301883053379e-10
4.984462996957963e-10
1.0272636797655979e-06
1.0173140140274712e-06
9.949665728538711e-09
1.464478638361712e-10
9.477299713306005e-09
4.986555467149373e-10
0.0
0.0
0.0
0.0
0.0
0.0
1.0062184733302524e-10
0.0
1.0048753146741956e-10
0.0
0.0
0.0
0.0
5.717511084463414e-10
5.717510470333673e-10
1.9272557996111855e-08
-1.6924062151701946e-10
0.0
0.0
0.0
0.0
-4.377069614656286e-09
0.0
0.0
0.0
0.0
0.0
5.5924667387556695e-09
0.0
5.896775075329934e-09
5.896775416695641e-09
0.0
4.9903101951997094e-08
3.003300745913218e-08
0.0
0.0
0.0
1.459850901361667e-08
0.0
0.0
2.0911736849586092e-09
2.3572682645276942e-08
1.0552757347227663e-08
9.607290264767102e-08
1.2673244303198898e-09
0.0
-3.8319120599643173e-10
1.2673265147226282e-09
2.0546329792513767e-08
3.032237888095864e-08
4.1848702445755354e-08
9.916755451941814e-09
9.916755451967046e-09
3.892487161533015e-08
0.0
-1.3486901035537034e-11
0.0
0.0
0.0
0.0
0.0
-2.6667168365017424e-12
0.0
0.0
0.0
0.0
-1.5092345980835694e-06
0.0
2.0565632817284236e-09
2.084441776076468e-09
0.0
0.0
0.0
0.0
-9.41013342357861e-11
0.0
2.049356684801981e-06
2.049356684837001e-06
0.0
0.0
2.032080441481231e-16
0.0
0.0
1.815398561052078e-07
-6.322403711678248e-11
0.0
0.0
0.0
0.008092702446630694
0.0
2.4721905966496715e-08
0.0
0.0
0.0
0.0
0.0
0.0
0.0
0.0
0.0
0.03499207594971724
0.0
0.004729624920473031
0.0
2.640549077442245e-09
0.0
1.2364183694923373e-05
-2.292605917435242e-08
-1.0674600108506157e-09
-2.0300945579318844e-08
-1.144331190271403e-08
-1.9310005594519453e-08
-1.1680837191404116e-08
-1.1016190673229461e-08
-1.2030478452709055e-06
-1.173912154109766e-06
0.0
0.0
0.0
-6.298552825134696e-12
0.0
0.0
0.0
9.682192917990704e-09
8.027630438559198e-09
1.805677524962285e-08
0.0
6.015348329191177e-10
0.0
-5.662030349261592e-10
0.0
0.0
-2.3496627004314374e-08
9.954295037292818e-09
0.0
0.0
0.0
5.1201065037755535e-08
2.920715530491902e-08
6.316680192088312e-10
1.5699385400441077e-08
0.0
1.7363154132885223e-05
1.73631541328853e-05
0.0
9.15976792228686e-09
0.0
1.3112435348102209e-05
9.965937984399739e-09
3.4377394240411346e-07
9.979932084237234e-09
0.0
9.973993750916671e-09
9.940950097574075e-09
0.0
5.946051269274425e-08
0.0
9.946626141329558e-09
1.8762275009515592e-08
9.956794395089834e-09
0.0
9.957408873144007e-09
0.0
9.977898381587265e-09
4.265079030689954e-07
9.979856026386295e-09
4.5039017950415985e-09
9.972262531131516e-09
7.750908902730007e-08
9.973902150794929e-09
0.0
0.0
1.4653962100466033e-15
0.0
0.0
0.0
0.0
0.0
0.0
0.0
0.0
0.0
0.0
0.0
0.0
0.0
0.0
0.0
0.0
0.0
0.0
5.321293508771214e-08
0.0
0.0
0.0
0.0
0.0
0.0
0.0
0.0
0.0
0.0
0.0
0.0
0.00437710117682558
0.004377034184885009
0.0
7.407369861278776e-11
-9.903637021579925e-09
0.0
8.022499913049366e-09
-9.874705067660717e-09
8.288515198481358e-12
0.0
0.0
0.0
0.0
-5.984448923893504e-10
5.432369774308409e-12
2.9740175544494034e-12
1.7046311126780775e-07
0.0
8.942864430281344e-09
0.0
0.0
9.825425964177422e-09
0.0
5.5654785322320205e-12
0.0
3.20564749166601e-09
0.0
0.0
0.0
1.4883908104732662e-07
0.0
9.92505894066879e-09
7.635499601638278e-09
0.0
0.0
2.0312920734161333e-08
3.6388451026284156e-19
0.0
0.0
1.9623081721884854e-07
0.0
3.1672106396888744e-09
0.0
0.0
0.0
1.6296389454407253e-08
4.380537612402649e-08
1.1126992948868726e-11
-9.195119360372317e-09
7.391557366176471e-10
0.0
0.0
0.0
9.08500639696402e-09
0.0
0.0
2.9054240781978945e-09
0.0
0.0
7.564119096163354e-08
0.0
1.3377136556421113e-06
0.0
0.0
7.746891795681304e-08
1.24059775245984e-07
0.0
6.200818153616719e-09
1.9747500665706638e-08
2.5629137708972478e-08
0.0
4.424088084531494e-09
7.285196835641911e-09
0.0
5.295086064219778e-09
0.0
3.821043812815198e-07
0.0
0.0
0.0
8.00073685346126e-09
0.0
0.0
0.0
0.0
-9.934275172494481e-09
0.0
6.285763618249401e-09
0.0
0.0
0.0
0.0
0.0005123738202254449
9.041186626184523e-09
3.392918459686883e-08
2.4541635734192222e-08
0.0
0.0
3.3774055557961285e-08
0.0
5.114781445108095e-10
1.7808254708825027e-06
-0.0028723354978148208
-0.0005163768869704544
0.0035653738511446198
8.938843545566647e-17
-0.0005145868480544381
2.2943603163454607e-07
0.0
0.0
0.0
0.0
0.0
0.0
0.0
1.601336563443228e-08
0.0
4.378836725028201e-08
0.0
3.420975019121309e-08
0.0
3.2546527651783467e-09
0.0
1.2298703738764076e-09
0.0
3.2116547816784845e-08
0.0
0.0
0.0
7.905102139526172e-09
3.3977140839934367e-08
2.4396204568369425e-08
0.0
0.0
2.234472891791542e-08
0.0
0.0
0.0
9.911147717021429e-09
3.5218946909128305e-19
0.0
6.2591265503897375e-09
0.0
9.8006507234616e-08
-4.234068629038745e-07
0.0
0.0
0.0
0.0
3.373786693723475e-10
0.0
0.0
0.0
0.0
0.0
0.0
0.0
0.0
0.0
0.0
1.3748687434333878e-08
0.0
0.0
4.726720328995162e-09
0.0
0.0
0.0
5.956912796383869e-09
3.622035294562767e-08
0.0
0.0
3.829146736823627e-08
1.8801613710120703e-08
7.449301912310815e-09
0.0
0.0
0.0
1.1790457145497076e-08
0.0
9.821088893956085e-10
0.0
0.0
0.0
2.9003091878893752e-08
0.0
0.0
0.0
3.0084576277906023e-10
-1.46407572455137e-07
0.0
0.0
2.3369459029301524e-07
0.0
8.53963505110701e-09
0.0
0.0
0.0
0.0
0.000116538401429442
0.0
0.0
4.088358825093952e-09
-4.08835882400975e-09
0.0
-9.806824469708224e-09
0.0
7.5777394644404e-10
0.0
6.313748146846495e-07
7.654549276483975e-08
0.0
1.9341877018747532e-08
-7.087743590673244e-05
-3.211832465321862e-06
7.560085693299017e-08
0.0
1.9833933113542658e-08
0.0
0.0
8.718471833227837e-09
0.0
0.0
0.0
1.4178930029436542e-05
0.0
-9.864247734500502e-09
-9.866198129732513e-09
0.0
0.0
0.0
0.0
0.0
0.0
-9.637518238320153e-09
1.4409827752018844e-08
9.948737257961756e-09
6.101392978534908e-10
5.509238001369694e-18
0.0
2.2589461357025442e-08
0.0
9.919598541185705e-09
-1.480486477780573e-06
9.86709200732069e-09
5.297951304483948e-10
-9.827228808489963e-09
0.0
0.0
0.0
1.7368318665643273e-08
0.0
1.4921961756170245e-09
0.0
1.7808254708527161e-06
2.997863246575688e-10
1.7808254709168636e-06
9.633265957684738e-09
0.0
0.0
0.0
1.736832016167348e-08
0.0
1.4921976116466403e-09
0.0
0.0
0.0003072342521727024
9.481371769120661e-09
0.0
2.374472567062649e-08
1.6142305126380005e-07
0.0
0.0
9.921660405526247e-09
-3.4326161980270556e-08
1.8357521993712022e-08
-4.309923496777668e-08
1.47917091759776e-08
0.0
2.0752302404714734e-09
1.1152874556397737e-05
0.0
0.0
0.0
6.984039443896087e-09
5.4256085685057196e-08
3.846786071506374e-07
0.0
2.5742520120891083e-09
6.322037118526387e-08
0.0
0.0
0.0
2.076961442095891e-09
0.0
-8.253914396909505e-07
-8.350652053654411e-07
0.0
3.0002413225253155e-09
-2.5564261818544765e-10
-2.5564275522860225e-10
0.0
0.0
1.4295373963948342e-05
1.4295373963979713e-05
1.1966140826125229e-08
9.837987512726799e-09
9.837987528739291e-09
0.0
0.0
0.0
2.1336769492158275e-06
5.387423999914434e-09
1.02528550933171e-09
0.0
-9.440941702455047e-09
0.0
0.0
0.0
4.1992665628991e-09
-5.6387209484976e-09
0.0
2.5816731031123804e-10
2.5816732082749143e-10
2.5816731985370375e-10
2.581672858890764e-10
0.0
0.0
1.2752787932397897e-08
0.0
0.0
0.0
0.0
0.0
0.0
0.0
0.0
1.84017944763897e-08
0.002377196579540164
-0.0011882102187962102
0.0
0.0
4.40910953786482e-09
4.062328828421036e-09
0.0
4.0623287187876225e-09
4.062328492076854e-09
0.0
2.4993033613272088e-08
4.5376637429193e-08
1.8688717183807318e-16
0.0
6.6439003787010475e-09
0.0
7.057316964948848e-09
0.0
9.660647198872496e-09
0.0
0.0
0.0
0.0
0.0
0.0
0.0
0.0
3.690530887971774e-13
-5.45138905580001e-10
-1.904163550034966e-08
0.0
0.0
0.0
0.0
-0.004196790450058241
0.004196829342397323
9.639297347501636e-09
0.0
2.4993034049741922e-08
2.4993033939996992e-08
3.6865779952084115e-13
0.0
0.0
-9.918835485595023e-09
0.0
0.0
9.160427799311797e-11
9.160427657303044e-11
0.0
1.1245299373143042e-09
0.0
-1.0863705768304754e-16
-5.711358619928716e-10
6.516096527324534e-08
4.5747022082375e-08
2.4993033830609436e-08
0.0
0.0
0.0
0.0
6.124609413344926e-09
0.0
0.0
0.0
1.5606031580769963e-06
0.0001459194376172713
0.0
3.6765891500107807e-13
3.6819306439026585e-13
0.000313084854240485
0.0
5.15767045477011e-07
3.959902535347598e-11
0.0001474517943109804
0.0
0.0
-5.511010169807636e-08
6.054439301928887e-10
0.0
9.943966260573e-09
0.0
0.0
0.0
0.0
1.7222068947889612e-08
-1.0030919581215635e-08
0.0011886109364986797
9.661121417274776e-09
4.706330291345384e-10
3.271798029668351e-10
3.271798020761165e-10
9.806961341051045e-09
0.0
0.0
-4.5850507130191824e-10
-5.711358619928716e-10
0.0
0.0
0.0
0.0
0.0
0.0
0.0
2.5551904142806284e-10
9.723736965723087e-09
-3.1352949654366545e-09
0.027521663285683794
0.0
0.0005632005164418244
0.0
7.885403474928541e-05
-7.882436163410598e-05
9.928035366643137e-09
9.845781181721227e-09
5.088455911107773e-10
0.0
0.0
3.386798661425301e-08
0.0
1.5044739218532535e-10
0.0
0.0
0.0
0.0
-0.005724228771149698
0.005724246799168726
9.822993636425162e-09
1.0505185483069155e-08
-1.1581284373709879e-09
0.0
0.0011885914680752462
0.001188601775786799
3.852478764297003e-09
1.0154564231869867e-08
0.0
0.0
0.0
-8.619847442162959e-09
0.0
1.0505185483149085e-08
0.0
9.845761818963957e-09
0.0
0.0
-0.0003361059372491507
2.114400302170934e-15
0.0
1.9728211508034835e-08
0.0
0.0
0.0
0.0
1.9742310175336742e-08
9.94612747717838e-09
-8.921872145586929e-09
0.0
0.0
0.0
0.0
9.556482077651942e-09
9.55648200514931e-09
-1.2776478509810193e-05
0.0
0.0
0.0
0.0
1.4100511349030356e-07
1.4100511349026606e-07
0.0
0.0
-7.854938720297522e-09
0.0
0.0
1.1045874482180526e-09
0.0
-1.983393296302316e-08
2.1628496728823417e-17
-3.2402258661089135e-08
-3.350684606650504e-08
1.9013623613132622e-14
0.0
0.0
9.85388078150965e-09
9.901157817457643e-09
5.633161344391051e-10
0.0
-7.416774152293341e-09
-7.4165621188936395e-09
6.200815483075139e-09
0.0
6.199193203493263e-09
0.0
0.0
6.200815692167058e-09
6.236594235962342e-09
3.955133191879702e-11
0.0
2.550347651355893e-09
9.853880804204518e-09
-4.9606422914692374e-08
0.0
9.945896452212734e-09
9.945896465679387e-09
9.999645451307763e-09
9.999645781178208e-09
9.937203760378155e-09
9.882791246336237e-09
5.452429583917419e-10
9.999646022371793e-09
9.937203737565723e-09
4.960154648174956e-08
2.3707154949057237e-07
6.200817535665212e-09
0.0
9.999646323465536e-09
9.996395604977297e-09
0.0
2.1367961463577586e-08
2.1367960972533098e-08
-2.7550145795157528e-08
9.939582664187665e-09
9.998021114787726e-09
9.999646545734378e-09
0.0
0.0
0.0
0.0
0.0
2.4481392803289446e-05
-2.468302696101432e-05
-2.0163415963801723e-07
2.031292060030374e-08
9.140080546587992e-09
0.0
2.4753992112887996e-07
8.269901483869365e-08
0.0
2.106120424248088
-2.1061203349606177
5.969345146357017e-10
0.0
7.857194006533064e-08
0.0
1.2232992739863707e-08
0.0
0.0
6.135787344874188e-08
0.0
0.0
2.475399207972086e-07
3.384308939381618e-06
9.891570858776446e-09
-3.3744173681858616e-06
6.270677008541664e-10
1.287510250693482e-05
1.9794959567854486e-06
1.9935164741191613e-08
6.303045219481232e-10
0.0
0.00015870999340935167
5.464063981114905e-09
2.531344098121383e-10
9.714179310974347e-09
3.793631624609844e-10
0.0
1.5372857780854027e-08
0.0
0.0
4.4338940268648804e-05
4.433925810630817e-05
0.0
-6.648472354250923e-12
