0
0.0
0.0
0.0
0.0
9.306850596662673e-09
5.574412966187074e-08
0.0
0.0
8.586477960393787e-09
2.3309407767497584e-08
0.0
5.81273278549041e-08
0.0
0.0
0.0
0.0
9.496025266449732e-09
0.0
3.3940016800750256e-08
0.0
0.0
0.0
0.0
1.3812917877158737e-09
1.7488030309327442e-07
9.870584020582877e-09
0.0
0.0
6.012005953889575e-09
2.5705920175987076e-08
0.0
0.0
0.0
0.0
0.0
1.6522587375478072e-05
9.574182899420177e-09
0.0
1.3544036373284904e-08
0.0
0.0
0.0
0.0
0.0
0.0
1.757839960302609e-08
0.0
0.0
0.0
0.0
1.173473045620778e-19
0.0
1.3214582155855172e-09
0.0
0.0
2.7393469601826762e-08
0.0
8.647404569542902e-09
1.9562230126564304e-07
0.0
0.0
9.084785288451916e-09
0.0
0.0
1.6518623854578857e-10
0.0
0.0
0.0
1.5890654909165256e-15
0.0
0.0
1.6517709525303453e-08
0.0
1.0155632541516968e-10
8.210372854347511e-12
9.898525700491323e-09
6.546543444630709e-20
4.762399491795869e-09
0.0
0.0
0.0
1.0155300613021861e-10
4.609105987121527e-22
0.0
5.3447155089619836e-05
0.0
0.0
0.0
0.0
7.1360359347795046e-09
0.0
9.478288419724987e-09
0.0
2.304345477626748e-09
-2.2905023385928152e-09
3.9513368509235356e-10
0.0
0.0
0.0
0.0
0.0
0.0
9.751768585907833e-09
0.0
0.0
0.0
0.0
0.0
0.0
0.0
0.0
9.871895652887815e-09
0.0
9.781694860718245e-09
8.720389548853769e-21
0.0
0.0
0.0
0.0
6.687643025038785e-09
0.0
3.1191981338434594e-09
0.0
3.269797306664154e-10
0.0
1.1639145972054753e-08
-6.549148609980449e-09
-1.7839513416318957e-08
0.0
9.59334150402026e-09
9.719849702877576e-09
0.0
9.215580327543933e-09
0.0
3.310764966343723e-09
9.673578045365982e-09
0.0
1.8059095219217207e-05
0.0
0.0
2.682946117837908e-10
0.0
0.0
7.158479812716777e-20
1.965371940394657e-08
0.0
0.0
0.0
0.0
0.0
0.0
0.0
9.575987559416281e-09
1.8401174210345283e-08
0.0
0.0
0.0
0.0
0.0
0.0
0.0
9.79069580042321e-15
0.0
-1.584038622050505e-05
0.0
0.0
0.0
0.0
0.0
0.0
0.0
0.0
1.961623615088121e-08
0.0
0.0
0.0
0.0
0.0
0.0
0.0
0.0
0.0
9.405235069975725e-09
0.0
3.329416004239948e-05
0.0
4.852955485660452e-05
0.0
7.449027496614529e-08
0.0
0.0
1.9923502492508568e-08
8.268050156534572e-09
1.233717764588557e-19
0.0
0.0
1.0144002359308495e-08
0.0
0.0
0.0
0.0
0.0
1.7033629649449026e-08
0.0
0.0
3.808192733216215e-09
1.1331545575213631e-08
0.0
0.0
0.0
1.1585999165398798e-08
0.0
0.0
0.0
0.0
0.0
6.783265550887869e-09
0.0
0.0
0.0
0.0
0.0
0.0
0.0
0.0
0.0
0.0
0.0
1.6029883734237278e-18
5.05961488091904e-10
0.0
0.0
1.6925127965805586e-10
0.0
0.0
4.6672117746218906e-09
1.3487742987133638e-11
0.0
0.0
0.0
2.3890420938574517e-08
1.2197274440461925e-19
1.1894391730617962e-10
1.4660409382583062e-06
6.2989460110525475e-12
0.0
0.0
0.0
0.0
1.3605414966249193e-19
0.0
-6.207569823316716e-05
1.3395262079267529e-24
9.621767598259447e-09
2.5684452525464167e-09
9.667385930568655e-09
0.0
0.0
0.0
3.86594908652283e-09
8.491094093342436e-10
0.0
4.7476793674182186e-07
0.0
9.888898508372963e-09
0.0
0.0
0.0
0.0
0.0
0.0
0.0
0.0
0.0
8.534223110169564e-09
0.0
0.0
0.0
0.0
8.720832403072943e-21
1.9151159478105194e-08
0.0
0.0
0.0
0.0
1.9797039371615875e-09
8.854259671496656e-09
0.0
1.8876792540687107e-16
0.0
-2.486595395735647e-10
0.0
0.0
0.0
8.365045352128815e-09
4.427164352105195e-09
0.0
9.444556213551146e-09
0.0
0.0
0.0
0.0
3.486774357355392e-08
0.0
9.699237816441695e-09
0.0
0.0
1.6073105416688847e-09
3.9513370039226104e-10
4.83395363214729e-09
0.0
0.0
0.0
0.0
1.3424378901381666e-08
9.617939072480478e-09
0.0
0.0
0.0
0.0
0.0
0.0
0.0
2.5444987012133796e-08
0.0
1.1809176977170154e-08
0.0
0.0
0.0
0.0
0.0
0.0
0.0
0.0
0.0
0.0
1.4975929103348077e-10
0.0
0.0
0.0
0.0
-1.391849893130378e-08
-2.3309407778948632e-08
1.9844207861086387e-08
9.980835250709984e-09
9.052647613716163e-10
9.889389682079261e-09
6.769653987135217e-10
9.960843131654601e-09
0.0
-2.47126253691449e-10
9.960843457890872e-09
9.889390384922199e-09
9.964871907329478e-09
9.934597134731987e-09
6.210013076204786e-10
0.0
0.0
1.5215883591458614e-08
0.0
0.0
0.0
0.0
0.0
3.628788481733581e-08
0.0
0.0
0.0
0.0
2.717628327989022e-09
0.0
1.742989449165327e-08
0.0
0.0
0.0
2.58499265312766e-09
0.0
0.0
0.0
0.0
7.392419190207262e-10
0.0
0.0
0.0
0.0
0.0
0.0
0.0
0.0
0.0
0.0
6.3013179518048494e-09
0.0
3.5433236616927576e-09
0.0
0.0
5.270407248148997e-10
1.7488030314774637e-07
7.005838026155109e-10
9.90522178224328e-09
6.984031051787491e-10
0.0
3.7767734694871455e-09
0.0
1.5868099416180247e-08
0.0
2.61529141155182e-08
0.0
2.055370606252504e-08
1.998528613898337e-09
0.0
0.0
0.0
0.0
0.0
-1.7488030310290267e-07
1.7488030311235201e-07
4.1023186460344674e-17
1.9898459675174705e-08
1.979461286107121e-08
1.9923549617354807e-08
1.9887719691900066e-08
-9.599548966880838e-09
0.0
0.0
0.0
0.0
1.6747680073370748e-08
0.0
2.055370469511425e-08
1.9985276313477383e-09
-2.1580381626288344e-09
-2.158037324794665e-09
0.0
0.0
3.776771437051005e-09
0.0
7.282116106597631e-10
0.0
2.6152910838352597e-08
0.0
2.0553703315171263e-08
1.9985266765611594e-09
0.0
0.0
6.004946800275167e-09
0.0
9.934225161239985e-09
6.799268056397598e-10
0.0
0.0
0.0
0.0
0.0
9.464797830384924e-09
6.573567141112355e-10
-1.614911177022114e-08
-1.6302788802448702e-08
-2.5705920173675536e-08
0.0
5.008738312994865e-09
0.0
-9.946079433578031e-09
0.0
2.9862607206996356e-07
8.652928214892557e-09
0.0
0.0
0.0
0.0
0.0
0.0
2.366297171021867e-06
0.0
1.9844207938057466e-08
0.0
1.3506213631642329e-17
2.035162899632706e-07
6.321110997615594e-08
0.0
5.293729006594828e-10
0.0
2.5287633403112218e-08
6.069775793093868e-09
-4.074187041524378e-09
0.0
-9.45741208415484e-09
-8.658156327306932e-09
0.0
1.0848257592580013e-08
-3.2368351818070075e-10
-3.236835183632578e-10
2.933095534355702e-07
2.423984134037088e-10
9.491195385180617e-09
4.6214742098802925e-16
0.0
0.0
6.004842405509932e-08
1.3544036372497739e-08
0.0
-1.3544036372878333e-08
1.98028698545482e-08
9.841360512706076e-09
2.0251727719927422e-08
0.0
2.6382318975935228e-08
6.579448984379399e-09
0.0
0.0
0.0
-1.6882662676952275e-05
0.0
2.0239959709186473e-08
0.0
9.777697933008875e-09
9.77769778933834e-09
9.818627090376935e-09
9.818627000251129e-09
9.347649122508793e-09
9.347648988189405e-09
9.34764927847642e-09
-1.571347958868874e-08
-6.069805701894998e-09
4.074158153422394e-09
0.0
1.8819686058244717e-08
0.0
1.0031324231831677e-08
1.0931989925713065e-08
8.32541314284719e-09
0.0
1.757839947964368e-08
0.0
4.030214494157539e-15
4.254210308531031e-06
4.25421030450032e-06
2.244384234018071e-09
1.7554778699631317e-08
1.496328771753067e-08
1.2728922554599555e-07
0.0
0.0
2.3994594508404548e-08
0.0
0.0
3.676335367147211e-07
9.552746777934737e-09
0.0
-0.000567388738167196
0.0005508661507916794
-1.6512840996475704e-05
0.0
0.0
0.0
1.2880945567347744e-07
9.90849145211071e-09
9.908491103993722e-09
7.851030599199732e-08
8.323546064018813e-09
9.733639325104626e-09
0.0
0.0
0.0
7.664058762320445e-05
4.0981813189525257e-07
-3.6033899719352545e-07
7.113008362671733e-10
0.0
0.0
9.911177593761198e-09
9.913816518093575e-09
0.0
0.0
0.0
-8.136421304825829e-09
0.0
0.0
9.582974970956159e-08
1.0169831216234422e-08
0.0
1.0908013607588932e-08
2.993520402845351e-08
0.0
0.0
0.0
3.409172856380582e-09
8.895672138800029e-09
0.0
0.0
0.0
2.5444987012278685e-08
0.0
9.916242736374815e-09
6.734099116128939e-10
0.0
1.490239586049249e-08
1.261643926241832e-08
0.0
0.0
0.0
0.0
1.173812815133028e-19
9.306846035822027e-09
-9.024570556126488e-09
0.0
2.823608759999763e-10
4.272309404953571e-06
0.0
-1.3214582163237538e-09
0.0
2.1878257240437914e-08
-3.183888797053669e-08
8.766374293145418e-09
1.987026973428868e-08
-5.355531983814929e-08
0.0
-8.56561868828353e-08
1.4459161652844812e-07
1.6641389120679245e-16
0.0
0.0
-6.399123082617334e-07
6.325774138749575e-07
-1.7982663415256868e-08
5.880148491227185e-10
0.0
0.0
0.0
0.0
9.320159151104444e-09
6.8739969897747844e-09
0.0
-8.647404251073927e-09
4.701390275141306e-08
4.701390261235438e-08
-1.9562230112334217e-07
-1.9562230119465895e-07
-8.647404246188241e-09
0.0
-8.647404570183426e-09
2.2960703591144658e-09
0.0
0.0
0.0
1.8913912221730516e-08
2.748950974736087e-08
0.0
1.658149596965801e-08
0.0
8.910445648680236e-08
0.0
0.0
9.760793925877638e-09
9.347649425778036e-09
0.0
4.098798223366942e-12
0.0
0.0
1.526000898855809e-08
9.84231408154816e-09
7.134389543904019e-10
6.88032001577443e-10
1.0421332527775803e-08
0.0
0.0
2.366297170740419e-06
0.0
0.0
0.0
5.553020641018832e-15
0.0
1.0345984874755578e-08
9.081489424410008e-09
0.0
0.0
1.7499629749316696e-10
6.515367160367565e-09
0.0
7.2087942394795174e-09
5.8817992128287076e-09
1.3673867212884e-07
0.0
0.0
1.7479227804569528e-08
1.1431790836589553e-09
-1.3357370765021415e-16
0.0
0.0
0.0
1.3573074690149966e-08
0.0
0.0
0.0
0.0
0.0
0.0
1.2662144981810978e-17
1.2666998322707578e-17
0.0
6.780391001998668e-07
6.774550602488114e-07
0.0
-2.6565873101268788e-09
2.2788399361690176e-08
0.0
1.0557462263453205e-08
-9.642735351519938e-09
0.0
9.081992550483815e-17
0.0
0.0
6.809634945233934e-10
0.0
8.08743169797239e-09
8.087431679988772e-09
0.0
0.0
5.555033595572207e-09
0.0
0.0
1.0501211648726439e-16
0.0
4.161975764583293e-09
3.800473564052162e-10
1.5889316742041285e-15
-1.5889999277311773e-15
0.0
0.0
0.0
0.0
1.7032409045335673e-08
0.0
0.0
1.7672982469699925e-06
-1.6889243659037785e-06
1.7099321320303768e-16
0.0
0.0
0.0
3.9354648229654975e-07
-3.3912112313607974e-07
5.74729571876647e-10
1.5904014836509886e-15
0.0
8.888470994523331e-09
0.0
0.0
0.0
5.685729360604793e-05
7.174328617349975e-10
7.174327867898178e-10
0.0
2.9441180035582057e-08
0.0
0.0
0.0
0.0
0.0
9.417923052996918e-09
5.485761292176576e-09
0.0
0.0
0.0
6.873996995781384e-09
6.873996997969981e-09
-1.651770952479445e-08
-7.17425386636723e-09
0.0
0.0
0.0
9.907126162368236
0.0
5.8127327898232664e-08
0.0
-9.907126162266685
-8.206441114762958e-12
0.0
0.0
0.0
0.0
-6.455647112377449e-10
1.748803030226971e-07
-5.5767466047304675e-08
0.0
0.0
0.0
6.266672271207397e-08
0.0
5.287136943822903e-08
0.0
0.0
0.0
0.0
0.0
8.369763470267031e-09
0.0
0.0
0.0
1.4705471501634372e-09
8.050777460907204e-15
8.209550737297004e-15
8.502762298936764e-15
8.367150815918445e-15
1.5260008720868457e-08
-4.762399319845588e-09
0.0
3.9111057529870334e-08
4.2474095138561755e-10
1.9616236127349975e-08
7.907703265386831e-09
0.0
2.4029955197048374e-11
9.830395409505802e-09
5.747853074163544e-10
0.0
0.0
3.87587756700329e-08
4.8610749652036474e-08
5.959429173258373e-10
0.0
0.0
0.0
0.0
0.0
2.1606952488434105e-08
0.0
0.0
-9.558573421551621e-09
-2.6026245509322248e-09
-6.273563828856649e-09
-9.762133970333056e-09
2.158405660998835e-08
-9.574387672420736e-09
-5.9058670526719e-10
0.0
-1.015530060217984e-10
0.0
5.370148958488533e-10
6.311440853246759e-06
6.311440853246777e-06
-5.344715508959208e-05
-5.157816789660573e-05
0.0
3.565792535319943e-08
0.0
2.5817166200595185e-08
0.0
0.0
0.0
0.0
0.0
0.0
1.8041495404725443e-08
0.0
0.0
0.0
0.0
0.0
0.0
0.0
0.0
5.0625735815541645e-09
0.0
0.0
2.297456455353537e-10
1.9332667789150092e-08
0.0
0.0
0.0
1.939351541579981e-07
-9.478288409236861e-09
0.0
-1.744363005441982e-07
9.75833948882418e-15
1.9353884544369702e-07
2.2972237886276895e-10
4.227015164630773e-06
3.078955612868464e-08
9.860264101959321e-09
6.040710419922698e-10
1.9332669299475343e-08
0.0
1.9182153072378878e-10
0.0
-1.7567464627096796e-09
-8.376135798076278e-11
0.0
0.0
0.0
1.0694032097237885e-08
0.0
1.0680188973009453e-08
9.848482386938088e-09
7.544136911691573e-09
0.0
0.0
0.0
6.125150158583384e-09
6.125150002354802e-09
6.125149866476054e-09
9.513248097479156e-09
5.480507053707907e-08
9.513247908146214e-09
2.6399434910341446e-10
0.0
1.8933387767517769e-16
0.0
1.59688419492298e-16
0.0
0.0
5.764154022993081e-10
0.0
1.051767497239214e-05
0.00011326865178702324
2.732979160097852e-08
1.409992109815016e-09
3.066540690915369e-08
0.0
1.50395982628927e-08
1.50395982628927e-08
6.328210181060215e-10
-6.919727196449954e-08
-2.9958984339552644e-08
6.780155425815948e-09
0.0
0.0
0.0
-5.3524794771950615e-08
1.991340755856609e-08
7.061455659907829e-10
0.0
0.0
0.0
0.0
0.0
0.0
0.0
0.0
0.0
6.911501086220664e-10
0.0
2.2161049609099634e-08
0.0
9.877529292191415e-09
-4.863889717459586e-08
0.0
0.0
0.0
0.0
0.0
0.0
0.0
0.0
0.0
0.0
9.830395655221479e-09
-4.977053992132424e-10
6.953128528493224e-10
0.0
4.0041712265873375e-08
1.9908264284638434e-08
9.95496038830616e-09
1.8278530207300205e-09
9.911846220014266e-09
-2.4540706683624106e-08
-2.450476871274831e-08
1.0753744792883458e-09
0.0
9.911846236995253e-09
-5.922156172672798e-08
9.944430840925123e-09
1.989348967157999e-08
9.949058182878202e-09
6.0049274441809075e-09
0.0
0.0
0.0
3.3945555577142273e-10
9.590282128981928e-09
-9.359109875983762e-09
0.0
0.0
0.0
0.0
0.0
0.0
1.449461084490622e-08
0.0
0.0
8.189350402607268e-12
8.184510771909291e-12
8.191857146473531e-12
-1.561522152219534e-11
-3.62028657920066e-15
0.0
9.094356831529408e-09
0.0
9.812999518705751e-09
1.8386262404903726e-09
0.0
0.0
9.306850618716014e-09
0.0
0.0
0.0
0.0
0.0
9.94527872468648e-09
1.9901563436789495e-08
9.95628468558607e-09
0.0
1.9394083759363596e-08
0.0
1.4389274317948268e-10
9.614085845442929e-09
4.115312611559055e-12
9.50095964609522e-09
0.0
0.0
1.9646689782861858e-08
9.871895650275572e-09
0.0
-9.871895652823447e-09
0.0
0.0
2.809781220055834e-17
-9.781694860783868e-09
0.0
0.0
0.0
0.0
2.0950754958228846e-07
8.949724607562195e-09
0.0
0.0
9.969028792453159e-09
0.0
1.4025757593110616e-08
4.2314076770847214e-09
4.231407559735466e-09
0.0
-1.041929354020409e-08
9.94858329050885e-09
6.206376511650429e-10
2.6194324487249787e-16
1.462216389412752e-08
3.5451756649513156e-08
1.9817767485752717e-08
6.828617617879505e-10
0.0
1.4711398434099727e-09
0.0
0.0
-1.8127540052262185e-09
5.034297164305694e-09
0.0
1.3501666344470322e-08
0.0
0.0
0.0
2.559890398964944e-08
0.0
0.0
0.0
1.3097053278216727e-08
1.3055862475334371e-08
0.0
6.131018515173679e-09
0.0
3.0133620271535484e-08
1.1703847586864262e-08
0.0
0.0
6.174271902791977e-09
0.0
7.541975923284798e-09
5.601692604396945e-09
0.0
0.0
0.0
0.0
0.0
0.0
0.0
1.571346988236519e-08
6.069796037279563e-09
-4.074167783638127e-09
0.0
-1.8819694247440566e-08
0.0
-8.274587503034891e-09
-1.5741606697283946e-09
0.0
0.0
0.0
0.0
0.0
0.0
0.0
6.687642991758825e-09
1.9929563332965472e-05
0.0
1.2841162693616352e-08
0.0
0.0
0.0
0.0
-3.1191981137747293e-09
4.4172612870027324e-09
4.417261286715729e-09
0.0
0.0
-5.4465595269102254e-08
0.0
9.830697723962048e-09
5.750819460807833e-10
0.0
0.0
0.0
1.2694312250959325e-07
0.0
1.5147024599389777e-08
0.0
4.662426667092276e-09
0.0
0.0
0.0
0.0
0.0
0.0
0.0
0.0
0.0
0.0
4.5192098257926444e-10
0.0
0.0
0.0
0.0
1.1830382424999506e-09
0.0
0.0
0.0
0.0
0.0
-4.877759083320536e-10
-1.1639145972323559e-08
-1.1639145972648819e-08
-2.8518025419522734e-10
-8.36185690596136e-09
5.062537758704827e-06
0.0
9.875555003857443e-09
9.87555501941788e-09
6.190652661234223e-10
0.0
1.8856427456179348e-06
0.0
4.35296102740882e-09
2.1042686569698993e-09
4.417261288980287e-09
6.873996994947164e-09
0.0
0.0
1.1840078602344455e-06
7.98331501728701e-06
6.549150555201777e-09
6.854932541556807e-06
8.610327838430721e-09
8.610327828498208e-09
0.0
0.0
0.0
0.0
0.0
1.5974042821769195e-08
0.0
0.0
0.0
6.277869287041746e-09
0.0
1.3908561993707072e-07
0.0
2.9443114396815028e-08
3.243660067128162e-09
0.0
0.0
0.0
0.0
0.0
0.0
0.0
0.0
2.2908636734965254e-08
0.0
0.0
4.5224124755274973e-10
0.0
0.0
0.0
0.0
0.0
1.0734016390932682e-08
0.0
0.0
0.0
7.824346592500736e-10
0.0
0.0
1.1550541604359178e-07
3.38285355762808e-08
2.986679124833708e-07
9.931980857787482e-09
0.0
2.769730785065251e-08
0.0
3.383324972848528e-08
0.0
0.0
1.7950981886942347e-08
0.0
9.055438359215938e-07
-1.610633149204052e-18
0.0
-1.8059095219218643e-05
1.992673604607672e-05
0.0
3.564432873720023e-07
0.0
1.9618319562908083e-08
9.877021055577299e-09
1.9618319627760234e-08
9.741298633308838e-09
9.741298694228816e-09
0.0
0.0
1.8463456049858623e-08
0.0
9.813153311889452e-09
2.2063772395808294e-06
0.0
6.190652086071613e-10
6.190652239709575e-10
6.220830064059891e-06
1.9525511969419486e-08
0.0
4.41601846175251e-10
1.4995774593118134e-08
2.439241888309483e-08
0.0
0.0
0.0
-1.9653720428891575e-08
-9.907587267309406e-09
0.0
1.969001755710698e-08
0.0
0.0
2.4351841771338398e-08
2.030124610125352e-08
0.0
0.0
5.413862948654127e-09
0.0
9.938913926891765e-09
8.587168815298034e-08
0.0
0.0
0.0
0.0
9.945263267021289e-09
0.0
9.96145996527871e-09
0.0
9.962176111821819e-09
0.0
9.928917073150903e-09
7.916042162462176e-09
0.0
0.0
2.090765788242409e-05
3.464730809490946e-05
0.0
9.916137807725718e-09
9.916137802599387e-09
0.0
-1.8401174208013428e-08
-9.5759875589597e-09
9.770642401618801e-09
9.834095274025752e-09
9.911846199360338e-09
9.834095283820032e-09
9.834095293490995e-09
9.911846188170808e-09
9.911846176859302e-09
9.770642381105865e-09
5.162061888456312e-10
1.4752363025253334e-09
0.0
9.17031905003853e-09
0.0
9.859251463956849e-09
9.859251461777157e-09
0.0
9.07981694167712e-09
0.0
0.0
2.1305440251246237e-08
9.808537869068767e-09
9.921496086301091e-09
6.641172528374112e-10
8.808836284967952e-09
8.808836327034442e-09
2.2042338983706045e-05
-4.4462308726282707e-11
0.0
0.0
4.3373457899267595e-09
0.0
0.0
1.3603335449478955e-08
0.0
0.0
9.40523506737798e-09
2.0783253805545856e-05
-5.381743992506974e-09
0.0
0.0
0.0
2.667137344314341e-17
2.2303390985155134e-06
0.0
0.0
0.0
5.882495811178586e-10
8.9073712448293e-10
3.139462056070192e-10
1.1751922022301006e-07
6.2403382213858906e-09
1.6531319450231165e-08
6.76067701855671e-09
0.0
0.0
1.2221794756381934e-07
0.0
0.0
0.0
0.0
7.027660110464008e-09
0.0
0.0
4.907471402186703e-07
1.5352489723808748e-05
6.841890141268741e-06
8.988771934976904e-06
0.0
1.222179451327494e-07
2.083087983590241e-05
9.227853987137817e-17
0.0
9.911786946759094e-09
9.85925146699488e-09
0.0
-9.994730450172994e-09
0.0
1.359028494263158e-07
-3.5493085933995876e-06
8.745325638689457e-09
1.9785056042542147e-08
0.0
5.833918102976481e-10
1.0975578195663775e-07
0.0
0.0
0.0
-7.201805585822761e-06
7.2903517603636906e-06
9.79875351019878e-09
0.0
5.880148474119621e-10
9.843888248458225e-09
2.3671807992082594e-06
0.0
0.0
-1.0248175821235973e-08
0.0
9.894581595032426e-09
0.0
1.4688883170916437e-07
6.705375490818494e-10
0.0
2.368688346563629e-09
3.519838920442069e-08
2.301242029037828e-08
0.0
0.0
4.568149494760244e-06
6.492077022705772e-07
8.894911377306481e-09
0.0
1.7210421291566553e-09
3.389327424092412e-06
1.8439508405185648e-06
0.0
6.027395661971637e-10
-1.7512634001442863e-08
0.0
6.315172889792867e-09
2.3273712598481273e-06
1.8639685474505604e-16
0.0
-16.608593159218113
16.608593177331993
5.106473410208967e-10
0.0
0.0
0.0
0.0
8.308498111430551e-09
0.0
9.963472844376188e-09
3.464761056016403e-05
0.0
0.0
4.690265645340952e-15
0.0
1.9594204156171076e-08
9.646843396910489e-09
0.0
0.0
1.972708164482876e-08
0.0
2.340617683843739e-08
0.0
1.975140909337196e-08
1.431159423770498e-10
6.7801720560815506e-09
3.3528268318199227e-06
3.981130841594209e-08
7.019933446723579e-10
0.0
0.0
7.107313325179193e-10
0.0
0.0
2.0022407868632366e-08
0.0
0.0
9.943832349331924e-09
0.0
0.0
0.0
0.0
0.0
0.0
-9.405235070034275e-09
0.0
6.577080730581877e-08
0.0
5.483256676902327e-08
9.845225593324916e-09
-3.552292307237966e-08
1.636977367200365e-08
0.0
1.4564119479075289e-08
7.635638217491419e-09
-4.8540573246666186e-05
-4.8992783869412936e-05
0.0
7.449027496729036e-08
-7.449027497608007e-08
9.427144938594736e-09
1.0957162930507e-08
6.3775229498755435e-09
6.069786381845965e-09
-4.07417740516669e-09
-4.405549543283569e-09
-9.457402432873485e-09
0.0
0.0
-1.0848247893741059e-08
6.00493713829003e-09
2.4028647985767e-11
-1.3812917868966795e-09
-1.3812917872761503e-09
-1.3818812250060808e-08
1.4765962425271861e-08
0.0
0.0
0.0
0.0
0.0
0.0
0.0
0.0
0.0
0.0
0.0
1.535888082062983e-05
3.789502961012088e-09
8.175778883488641e-08
-2.593708242973336e-10
0.0
9.86559648807124e-09
-1.3552527156068805e-19
0.0
0.0
2.398629461132455e-16
0.0
1.6462391806458608e-08
6.8745877148442686e-09
0.0
0.0
0.0
4.8914976937487245e-14
0.0
9.773566438803227e-09
0.0
0.0
0.0
-9.870584020705425e-09
-9.8705840205699e-09
-0.0008904322200519018
0.0008904405364750929
0.0
-6.255241255526123e-09
2.5042990554114106e-08
0.0
0.0
1.4772390348041215e-07
-8.824049489945325e-10
0.0
0.0
2.436630395149999e-08
0.0
0.0
0.0
9.915455123632455e-09
9.91545543588268e-09
-3.329299013472495e-05
4.437023206079315e-09
0.0
3.073264679114051e-09
0.0
3.073268311766039e-09
3.0732717716394644e-09
4.2737372667779605e-06
-2.8323534153150687e-08
2.8419294042908008e-08
0.0
0.0
0.0
-7.678047064559577e-05
7.678049453898529e-05
0.0
6.166461246248818e-09
0.0
0.0
0.0
9.552506895302987e-09
2.6044581459410605e-16
0.0
1.3257584145570048e-08
3.82511561487775e-09
9.024569839130039e-09
0.0
6.886072908893813e-10
1.1507666767777915e-06
1.1499321038468225e-06
0.0
9.789232968723073e-09
0.0
1.4100459435587653e-09
-1.703362964566857e-08
5.110377419344701e-07
-4.815394605828128e-07
6.935193171991812e-10
-2.2145692739419134e-10
0.0
2.7043957497043687e-09
-2.704395797581416e-09
-2.704395829971956e-09
2.7043958746898625e-09
4.3529610366539315e-09
4.3529610448692974e-09
1.1137018208603266e-08
1.1137018078368752e-08
2.9079281419885222e-09
-9.552506624193575e-09
0.0
0.0
0.0
0.0
0.0
8.08743174824673e-09
0.0
0.0
0.0
-3.80819273318911e-09
1.9441949883523534e-08
4.0474369671460196e-10
9.146752742390308e-09
9.146752740635256e-09
1.7578399234481965e-08
0.0
1.971964429295861e-08
1.0554547192737851e-08
9.315721852991635e-09
9.315722196009795e-09
9.836937618153574e-09
9.836937963900112e-09
1.0285385944265278e-08
1.4236421252057678e-08
2.970720804422325e-08
1.069994083620385e-08
1.0211798533420483e-09
2.3309407789031712e-08
1.2147978863947352e-08
6.514075654356671e-10
0.0
-3.551494781224693e-05
3.7875654360114575e-05
2.7043955921000365e-09
2.35357012237223e-16
0.0
-1.8237468059578666e-09
-2.3000930261379625e-09
6.315172519475314e-09
0.0
0.0
0.0
1.8944486041160625e-09
1.894445658071825e-09
0.0
0.0
7.1720211952514016e-09
0.0
1.894445159240723e-09
1.894444853065198e-09
0.0
1.2715405881410804e-09
6.162679156575783e-09
0.0
8.48344043221101e-09
3.191421414881029e-08
1.4820652693941408e-08
0.0
0.0
0.0
1.82292046120732e-09
3.756011765442783e-09
0.0
3.959313088490893e-09
0.0
1.645213890262433e-08
0.0
0.0
0.0
0.0
8.912793159233765e-10
2.2076290115753155e-08
0.0
0.0
1.5215884101978967e-08
0.0
0.0
0.0
0.0
0.0
0.0
0.0
9.85488593139078e-09
0.0
0.0
9.606261242531848e-09
2.0811329111279457e-09
5.569432121416565e-10
1.3087825747636444e-10
0.0
2.161413619291811e-09
8.790305116255129e-09
0.0
9.832014368780077e-09
1.9414936508787206e-08
3.95464009672116e-09
0.0
0.0
0.0
0.0
0.0
2.102370577503828e-09
5.936054250883842e-09
2.044704608830393e-08
0.0
0.0
7.074101777521003e-09
-1.4025757761961552e-08
5.812732795631871e-08
3.0070693244647517e-16
0.0
0.0
3.111275354448355e-08
3.323226121767746e-10
9.797840825146704e-09
9.797840811624811e-09
9.797840797910219e-09
4.873269694267418e-10
0.0
0.0
0.0
0.0
-6.783265551200176e-09
0.0
-3.122502256758253e-17
1.18530559230345e-10
9.98190301886304e-09
9.970007764013307e-09
9.970007702335364e-09
9.94874338596927e-09
9.948743353101084e-09
9.940024860010315e-09
9.940024812009178e-09
9.919612454236358e-09
0.0
9.919612417917582e-09
0.0
2.256365529278957e-08
5.436874562640925e-09
3.7719136354116985e-10
3.890515564004034e-09
2.9612694484437826e-08
9.931418059426459e-09
9.931418054262564e-09
-1.6101479068754204e-08
9.792525851235296e-09
9.792525790253137e-09
9.792525871557757e-09
9.888741090224494e-09
9.888741086193467e-09
1.8195387803933806e-08
1.8195387818008926e-08
1.8195387802263672e-08
-4.241707169904316e-09
1.2380008673075368e-17
1.5334784466989538e-08
1.6502892264821613e-08
0.0
6.406230409854273e-09
0.0
0.0
8.607521816570173e-09
0.0
0.0
0.0
1.8514746718134768e-08
0.0
0.0
0.0
8.62391642743694e-06
0.0
2.8777085125552904e-07
1.4698752086066234e-09
1.4702219361929516e-09
0.0
0.0
0.0
5.485788354147756e-09
5.485788289149836e-09
1.4708526808307233e-09
0.0
0.0
-1.6027980944419498e-18
0.0
0.0
0.0
1.2170141692298032e-10
0.0
5.3692567373797e-10
0.0
0.0
0.0
0.0
0.0
-5.059610928739421e-10
1.9343095949741744e-08
-1.6925167750604306e-10
0.0
0.0
0.0
0.0
1.8195387815707537e-08
-9.303591096197598e-09
0.0
7.071453554047655e-09
0.0
1.3229297950366465e-08
0.0
0.0
1.5930968272085904e-08
1.593096846697603e-08
5.719244845675176e-10
4.982151482225679e-08
2.9972441381534785e-08
0.0
0.0
0.0
0.0
4.193002794623896e-09
6.236708325854112e-09
0.0
1.2894572767104418e-07
1.049152262941737e-08
1.4870163119514584e-10
1.876079911972348e-08
0.0
-4.667212147919269e-09
1.8760789456919033e-08
1.3117459478189401e-08
2.0298626218269407e-08
0.0
9.741180442645342e-09
5.447894897641907e-10
1.6101479058625513e-08
0.0
-1.3487743040496714e-11
0.0
0.0
0.0
0.0
0.0
0.0
0.0
0.0
0.0
0.0
-2.6628118576886673e-06
0.0
3.99253980750621e-09
0.0
0.0
0.0
1.7488030313155227e-07
2.104268653774239e-09
2.104268652777981e-09
0.0
2.2248148767028963e-06
2.2248148751138896e-06
0.0
9.306850607168998e-09
0.0
-2.389042093838066e-08
-1.4496388946836317e-08
0.0
0.0
0.0
0.0
0.0
6.53645466889182e-05
0.0
4.4503319170528134e-07
0.0
0.0
0.0
0.0
0.0
0.0
0.0
0.0
0.0
0.0
0.0
1.1347059309667971e-05
4.165011018305861e-05
6.701962980476144
0.0
-6.042856332894508e-08
-1.4875488535404102e-08
-9.775110160062991e-08
-1.3870038337478185e-08
-2.3952813787152717e-08
-1.024984688654079e-08
-1.1182787025651886e-08
-4.3155458492761283e-08
-1.4563661435029513e-06
-1.4612861713526383e-06
0.0
0.0
1.463970553479217e-07
-6.298945990723757e-12
1.4648457950457238e-07
0.0
0.0
9.934849430684446e-09
7.3711468732543275e-09
1.9126763830980085e-08
0.0
6.943275587377112e-10
0.0
-9.876432654931547e-09
0.0
0.0
2.0794734590792828e-08
0.0
0.0
0.0
0.0
0.0
2.7492892713233858e-08
9.851035541116882e-09
0.0
0.0
-9.303594469909499e-09
0.0
8.325396511944805e-09
0.0
0.0
0.0
9.935410341981722e-09
0.0
9.94646699610424e-09
0.0
9.94527887351317e-09
9.877158813930228e-09
0.0
5.951255956946542e-08
2.013344768804114e-08
9.95330360300985e-09
0.0
9.791869948048969e-09
7.31143270683468e-09
9.948583702099886e-09
4.3740659447318524e-08
9.949059444922367e-09
0.0
9.971783886763757e-09
4.942820963643261e-08
9.944431162090794e-09
3.302682732118418e-06
9.963473566338876e-09
0.0
0.0
0.0
0.0
0.0
0.0
0.0
0.0
0.0
0.0
0.0
0.0
0.0
0.0
0.0
0.0
0.0
0.0
0.0
0.0
0.0
0.0
0.0
0.0
0.0
0.0
0.0
0.0
0.0
0.0
0.0
0.0
0.0
0.0
6.208547225211363e-05
6.2093728022435e-05
4.752751341465735e-09
3.3183843026371846e-12
-9.642736123146624e-09
0.0
0.0
-4.150037817017376e-10
3.537488278842251e-11
0.0
0.0
0.0
0.0
-1.812753928573125e-09
1.677998797804918e-11
1.0451952530500865e-11
2.7043956873781124e-09
9.916048311130137e-09
0.0
0.0
9.918996262591015e-09
0.0
0.0
2.0869518448583353e-11
9.941649305862265e-09
0.0
0.0
0.0
0.0
1.7231094811547088e-08
5.582996096901737e-08
9.832744822730385e-09
4.989616641268438e-09
0.0
4.823382344529644e-09
5.574412972565265e-08
0.0
6.004908184426464e-09
6.004917835204481e-09
1.4639533896427072e-08
6.053279373272134e-08
0.0
0.0
9.136514550023465e-09
4.8544149100270105e-09
0.0
5.297902717600855e-09
0.0
0.0
6.144295988315864e-10
6.004888975571307e-09
6.004879429024897e-09
0.0
3.3359340895787106e-09
0.0
0.0
0.0
0.0
0.0
0.0
0.0
0.0
0.0
6.417365460224194e-09
0.0
0.0
0.0
0.0
0.0
0.0
0.0
0.0
4.977896156977738e-06
0.0
1.6898467065837843e-08
0.0
0.0
0.0
2.6800261028292713e-08
0.0
0.0
0.0
0.0
0.0
0.0
-3.865949052379793e-09
-1.812753982742576e-09
9.88792539686224e-09
0.0
0.0
9.859251485206033e-09
5.0722534342339e-06
1.7720406839508646e-05
6.011437153798183e-09
0.0
0.0
0.0
1.108862325061936e-08
0.0
0.0
5.881191546938065e-10
2.1355959706172714e-06
-1.8554199499642987e-05
-2.203258605100619e-05
3.4647308094920536e-05
0.0
-1.9920004754363463e-05
1.5696653009120437e-07
0.0
0.0
0.0
0.0
0.0
0.0
1.2663235093307248e-08
8.284584362556048e-09
0.0
1.250268371201173e-10
0.0
0.0
0.0
9.37698473725295e-10
0.0
1.3122396079827623e-08
0.0
0.0
0.0
0.0
1.2663234824126712e-08
0.0
0.0
0.0
0.0
4.170151164033714e-09
0.0
9.643349438503988e-09
0.0
0.0
2.803138300037228e-09
4.181630763533972e-16
-8.491097729448893e-10
0.0
7.071453525770074e-09
1.1688335114666201e-08
-4.843956205036193e-07
0.0
0.0
0.0
1.5215883134339264e-08
0.0
0.0
0.0
0.0
0.0
3.628788382796721e-08
0.0
0.0
0.0
0.0
2.7176283831234465e-09
0.0
0.0
0.0
3.035311630463247e-09
0.0
0.0
0.0
1.2715402724809503e-09
6.162678716739894e-09
0.0
8.483439723980854e-09
3.19142142156948e-08
1.482065228054986e-08
0.0
0.0
0.0
1.8229200788662235e-09
3.756010907957139e-09
0.0
3.959312570082365e-09
0.0
1.645213863175133e-08
0.0
0.0
0.0
0.0
8.9127893401351e-10
2.2076290250711927e-08
-1.360332599886218e-08
0.0
0.0
0.0
0.0
9.067330857532487e-09
9.067324478163752e-09
1.748803030120216e-07
2.6600808196623005e-08
0.0
0.0
0.0
0.0
9.320159162344056e-09
-9.320159156706205e-09
0.0
-6.321499192692184e-10
0.0
0.0
0.0
0.0
5.703720111709642e-08
0.0
1.2135770926591585e-08
-5.4496685103099167e-08
-7.664446335526351e-05
2.095075496025365e-07
0.0
1.0710840486349046e-08
0.0
5.87366689419322e-09
0.0
1.8386262562846159e-09
0.0
0.0
0.0
1.5300180030035826e-09
1.5300180127844273e-09
-6.399570996718876e-10
0.0
0.0
0.0
0.0
0.0
0.0
0.0
8.46101941861595e-08
9.842313777376143e-09
5.864708045694854e-10
1.883894223958074e-16
0.0
-2.889868132306153e-07
3.182836503207289e-07
9.87728553553677e-09
-2.0811667056364058e-07
9.87702111669878e-09
9.877021177685569e-09
-5.268704705081305e-10
2.4007027975499443e-11
9.370365160655547e-09
5.646678372098811e-09
4.787158271343212e-09
0.0
0.0
0.0
2.1355959706214943e-06
4.712022673683764e-10
2.1355959707888697e-06
9.724729340079907e-09
2.400633119480706e-11
9.37036378308074e-09
5.646677720257053e-09
4.78715668556263e-09
0.0
0.0
0.0
3.5799623041955556e-09
1.6882662676954074e-05
9.855456608901715e-09
0.0
2.606953361717528e-08
6.321110981838515e-08
0.0
0.0
9.811898143800846e-09
-7.659080650010015e-05
7.350941871188236e-08
-8.825001267570043e-09
6.524788361678396e-08
0.0
4.307472610258365e-10
1.7305845420749802e-08
1.3603152984105398e-07
0.0
7.108073314852589e-10
7.107985228521722e-10
0.0
0.0
9.633154445956567e-09
9.632918467513145e-09
5.330245753757402e-10
0.0
0.0
1.930889593331608e-05
4.078365555883027e-08
1.7488030260561646e-07
5.752935294919999e-09
5.752935285080864e-09
1.9853470571703604e-09
0.0
0.0
8.958770586486864e-09
8.958770577587936e-09
0.0
1.091652640794707e-07
1.0916526406945439e-07
0.0
9.504064471221145e-09
2.5499993293708317e-10
0.0
0.0
0.0
7.667619073073348e-05
0.0
9.353279594364446e-09
0.0
0.0
0.0
0.0
9.306850640765671e-09
0.0
-9.78641826589055e-09
6.404596281670824e-10
9.89737232534613e-09
6.40459597539184e-10
9.897372294232192e-09
9.897372337224885e-09
1.0705152335548573e-08
0.0
0.0
3.532775694021493e-08
1.8679608605207354e-08
9.658866403107887e-11
0.0
0.0
3.272562168743001e-08
1.8992888544261415e-08
0.0
1.944234564225236e-08
2.3249479139239007e-05
-1.1408095368775648e-05
0.0
0.0
5.281389197989905e-09
0.0
3.3142157641608416e-10
0.0
0.0
0.0
0.0
0.0
1.1320778303170684e-16
9.759110901409501e-09
9.759110911687325e-09
5.049025071519524e-10
0.0
0.0
0.0
1.1804735778232783e-15
6.4694639227977694e-15
5.612425359794114e-15
4.383556086953326e-15
2.7828440473800033e-15
1.489601139716408e-09
0.0
1.4896011395142217e-09
8.180768304442065e-12
-9.939416401039125e-09
-1.945252515198146e-08
0.0
0.0
1.829903617306612e-16
7.732384199802695e-16
-2.8641032957604065e-07
3.2348475399721477e-07
0.0
0.0
0.0
0.0
8.17969122653796e-12
0.0
0.0
-9.272609937293748e-10
0.0
0.0
0.0
-8.854259671644844e-09
0.0
0.0
-1.8865117801247777e-16
-1.9081958235744878e-16
0.0
1.009703150040737e-08
0.0
0.0
0.0
0.0
0.0
0.0
0.0
0.0
0.0
0.0
2.106759301308721e-07
0.0
0.0
8.1769906894627e-12
8.178425620622511e-12
5.342505405644516e-06
5.49862289660478e-10
5.275297792605198e-06
9.306780039320634e-09
4.769148156393941e-06
0.0
0.0
-4.343117795541085e-06
9.931980815471725e-09
0.0
9.931980836248067e-09
0.0
-8.365045351928571e-09
0.0
0.0
0.0
-9.550909606814284e-09
6.555931430979985e-06
9.839945637592993e-09
-4.427164352997781e-09
5.841491939640592e-10
9.83994565234396e-09
0.0
0.0
0.0
-9.44455621357059e-09
0.0
0.0
0.0
0.0
0.0
0.0
0.0
0.0
1.8271574123299792e-10
9.786312048290446e-09
6.030786938359005e-10
4.9596561791344365e-06
0.0
9.055438351338701e-07
0.0
3.4570149449918775e-07
-3.1624607424851946e-07
9.899317515374298e-09
9.60895137193192e-09
9.608995427904526e-09
0.0
6.912078014512852e-08
0.0
0.0
9.855456462861886e-09
2.504299070998442e-08
1.8535300267169057e-16
0.0
0.0
-8.446043906081317e-07
8.769974679001436e-07
6.429892462068501e-10
3.486774347852922e-08
-2.5429565197752855e-08
0.0
1.1628392509492591e-05
1.1639868649122279e-05
0.0
0.0
9.867055499251672e-09
1.948292662119183e-08
9.699237814737036e-09
-4.4621852700369726e-10
0.0
3.486774338354315e-08
1.451022096093723e-08
9.60890718391909e-09
0.0
0.0
5.170547566990535e-06
0.0
0.0
1.7727317059692608e-08
0.0
0.0
0.0
0.0
1.7910723125305328e-08
4.2927799137152427e-10
-2.0095830398998617e-08
0.0
0.0
1.47026045991697e-09
2.869573157295759e-16
-1.6073106020322228e-09
0.0
-0.0008904215609462085
0.0
0.0
0.0
5.7197010098438405e-09
-9.303575207221537e-09
0.0
0.0
-4.904738182438806e-14
0.0
0.0
6.012005918600033e-09
0.0
-9.617939072774362e-09
-1.0710840136693434e-08
3.4532338145865464e-16
-1.3652882631411632e-08
-1.3424378985174568e-08
4.1541525038687786e-14
0.0
0.0
9.926591305159708e-09
9.96150921027531e-09
9.961508729006141e-09
0.0
-1.0675877105176306e-09
-7.569944127485198e-09
0.0
0.0
0.0
0.0
0.0
0.0
2.624484267533934e-11
1.0761955829893405e-10
8.604602120417761e-09
1.6436874322579233e-08
9.926590983787054e-09
-1.4880596495192116e-09
0.0
9.837374530153098e-09
5.816279638432239e-10
1.759145093692607e-08
1.7591450140235883e-08
6.607510711566297e-10
9.945772474854995e-09
9.945772150177375e-09
8.238754006822587e-09
9.918063865793453e-09
1.47523643926804e-09
0.0
0.0
0.0
1.7591448098767118e-08
1.7582748595500712e-08
1.1512490097126254e-08
0.0
0.0
-2.772803116106448e-08
6.65835425017211e-10
1.7587097812747825e-08
1.759144685813218e-08
0.0
0.0
0.0
0.0
1.7488030288009733e-07
0.0
1.7991627159668136e-08
9.817780874752112e-09
5.5744129753472015e-08
-2.5444987012177402e-08
-2.5444987012228224e-08
2.426362036644035e-07
3.890442264672176e-08
0.0
1.2878106811543269e-05
-1.2788772925863409e-05
9.922866112769777e-09
0.0
0.0
1.7910378285096678e-16
0.0
0.0
-1.1809176960961287e-08
3.46585283304108e-09
0.0
2.7799583713155886e-08
2.4263620357852085e-07
0.0
9.859967540354342e-09
1.916356048793557e-08
9.93541018901034e-09
0.0
0.0
1.0512948944125242e-08
9.947450614173923e-09
9.805195585546882e-09
7.21483616546048e-08
9.80519560032875e-09
1.9712151955040573e-08
9.914311116361191e-09
6.5707104280631e-10
0.0
1.9728373932214673e-08
5.500793583470326e-10
0.0
9.131117506534474e-05
9.131118593789065e-05
0.0
-6.648888037363854e-12
