0
0.0
0.0
0.0
0.0
1.9753960236236483e-08
1.7013395893545132e-06
0.0
0.0
4.840481168931339e-07
0.0
0.0
1.4028834845747152e-07
0.0
0.0
0.0
0.0
0.0
7.705905014773192e-09
1.654329303862084e-08
9.47176860979718e-09
0.0
0.0
0.0
0.0
1.2007960873050766e-06
0.0
0.0
0.0
0.0
0.0
0.0
0.0
0.0
0.0
0.0
3.2305124780700636e-06
7.321754850309542e-09
0.0
2.1286021841798368e-09
7.82819127909123e-09
0.0
0.0
0.0
0.0
0.0
0.0
4.4125562270618206e-08
0.0
0.0
0.0
4.0986571520465065e-21
0.0
0.0
0.0
0.0
0.0
0.0
0.0
0.0
0.0
0.0
0.0
1.1886423258105902e-19
9.590757283612823e-09
0.0
0.0
1.8856778575572517e-09
0.0
0.0
0.0
0.0
6.218728752966793e-11
9.444961454806673e-09
1.0152768933186472e-10
1.6836740956040497e-11
8.689738260021209e-10
2.087112980079312e-21
0.0
0.0
0.0
8.00225936675226e-07
1.0152833169454686e-10
8.935795887786617e-25
0.0
0.006599494874330869
4.897991734420515e-13
0.0
2.0032506207540078e-09
9.815075194331199e-09
0.0
0.0
9.333092481762788e-09
0.0
2.2766959949658824e-09
-2.2628701278030344e-09
8.288075428934037e-10
0.0
0.0
0.0
0.0
0.0
0.0
9.551754966469569e-09
0.0
0.0
9.813391879453946e-09
0.0
0.0
0.0
0.0
0.0
6.032821637943145e-09
0.0
0.0
9.880986456394258e-22
0.0
0.0
0.0
0.0
0.0
0.0
0.0
9.586403727535409e-09
0.0
0.0
0.0
0.0
-3.613813248648512e-09
9.87677871585254e-09
9.446559265347687e-09
3.069507311781523e-10
0.0
5.021440947064494e-09
0.0
0.0
0.0
9.640656705164894e-09
8.695297560435823e-08
0.0
0.0
0.0
0.0
1.9325763903498825e-08
0.0
0.0
0.0
0.0
0.0
0.0
0.0
0.0
0.0
3.3742332594371887e-09
6.078970252372245e-09
9.48868666340161e-09
8.422022999319844e-09
0.0
0.0
0.0
0.0
0.0
9.47341019932905e-17
1.7321497196968216e-09
-0.0011138827660639537
0.0
0.0
1.8145734515470032e-09
7.722686677172303e-09
0.0
0.0
0.0
0.0
1.1565361033978736e-08
1.645519034620056e-06
1.4717033794858938e-08
0.0
0.0
8.589898166325123e-07
0.0
0.0
0.0
0.0
0.0
0.0
1.8158269358713073e-05
0.0
0.006603914873380745
0.0
7.175500228310791e-07
7.2380263947944525e-09
1.5515288893999675e-09
1.1577493612852963e-09
9.915112979363205e-09
3.7528285041671894e-21
0.0
0.0
2.8649693296210066e-06
0.0
0.0
0.0
0.0
0.0
1.1890851613593202e-09
0.0
7.55466521407113e-09
0.0
0.0
1.289630910376926e-08
1.641435116608211e-09
0.0
7.67659605084376e-06
6.036958848902345e-10
4.7234693992617904e-08
9.485958845714125e-09
0.0
1.1164597539354141e-09
2.5011294538615933e-09
1.8109194608159812e-08
0.0
0.0
0.0
0.0
0.0
0.0
0.0
0.0
0.0
0.0
4.184450008751682e-20
9.660164812024345e-09
9.703973680378378e-09
9.820683809173455e-09
0.0
3.744224122375905e-21
8.657505735113726e-09
9.78577480288875e-09
1.3484465836142469e-11
0.0
2.6658293628134544e-12
9.816742560376854e-09
0.0
0.0
2.5827010668498317e-10
-6.887254753538828e-06
6.29741543437532e-12
0.0
0.0
0.0
0.0
2.7000845831208395e-20
0.0
-0.0065810289146392975
1.0652658211614977e-24
9.958115085764987e-09
9.918250556761562e-09
9.836288498776633e-09
0.0
0.0
0.0
6.976425884975618e-09
0.0
0.0
3.671492789618369e-07
1.1923185450749514e-09
8.51734424300433e-09
0.0
0.0
6.321430566672147e-10
0.0
0.0
0.0
0.0
0.0
0.0
0.0
8.831933179187425e-10
0.0
0.0
0.0
0.0
0.0
0.0
0.0
0.0
0.0
0.0
3.1807706001014034e-10
0.0
0.0
0.0
-7.253554521469141e-07
0.0
2.168752794106925e-08
0.0
6.1432514997682214e-09
9.355386216353171e-09
0.0
9.815278686228606e-09
0.0
0.0
0.0
0.0
1.1815362748786722e-08
0.0
2.50527234075514e-10
0.0
0.0
3.1286661523820694e-09
8.288075269527434e-10
9.947494393449173e-09
9.666504798752222e-09
2.0916739398919814e-21
0.0
5.524147317603146e-09
3.576558897163067e-08
0.0
0.0
0.0
0.0
0.0
0.0
0.0
0.0
0.0
0.0
0.0
0.0
0.0
0.0
0.0
0.0
6.6472718188793955e-12
6.603914927949032e-07
1.8121373224954393e-07
1.2240813423085076e-07
1.0653527138732698e-07
8.771384962334177e-07
0.0
0.0
-4.840481168931746e-07
-4.840481168932178e-07
8.074927261949357e-09
0.0
0.0
9.980169231261574e-09
5.653272318910705e-10
5.460731743990656e-10
5.633762372304971e-10
5.161580464601099e-10
9.843422361185547e-09
9.84342233959802e-09
9.932808298089221e-09
9.963110575459019e-09
9.982612885215778e-09
9.980636770289868e-09
0.0
2.4836819633168614e-08
4.962022979825846e-10
2.2145934002050714e-08
6.3192384909021545e-06
4.255632199590314e-08
3.261308958227517e-09
1.0534864429872393e-05
6.163173594373143e-07
1.3178122412924715e-08
3.27082634344888e-06
2.667895699709337e-07
1.1410917049641243e-05
2.519841996453115e-06
6.948725949646144e-07
6.119685491373859e-07
0.0
3.1674953473697476e-06
0.0
8.174382795597713e-06
2.522941277383271e-06
6.076940175280786e-07
0.0
1.0020257574267444e-06
1.5460127420653716e-07
7.581740818278567e-06
5.088568539515171e-08
6.579342858598264e-08
1.3113778335684404e-06
0.0
6.169384452730107e-07
1.3226621605636336e-07
9.245867600334857e-08
7.050524550788658e-08
0.0
0.0
0.0
0.0
1.6915740773713247e-08
0.0
3.1408423781600925e-06
-6.123412038811706e-11
1.2007960873046643e-06
5.658297830449255e-10
5.482476394313801e-10
5.639969706080013e-10
1.8147278190450997e-08
0.0
2.3640680397680368e-08
1.1394671565476968e-07
2.364068064929453e-08
1.1091082262049688e-08
1.7533319691776197e-08
8.916483878033416e-08
0.0
3.7349085091011986e-08
3.7349085347782454e-08
3.734908559676092e-08
9.523122681356363e-09
9.730595987165899e-09
-1.2007960873050203e-06
1.2007960873049728e-06
9.429537205752839e-19
1.987251119717617e-08
1.9928423687403934e-08
1.996573479136563e-08
1.9961902267413287e-08
1.8147278128940927e-08
-5.396752904914155e-09
2.364068033512108e-08
2.2512205612992484e-07
2.3640680586212207e-08
1.1091082198868337e-08
1.7533319628477557e-08
8.916483871730356e-08
0.0
3.734908502557501e-08
2.7804696479262933e-08
3.734908553493319e-08
1.814727806730199e-08
0.0
2.3640680272673978e-08
2.2512205606566103e-07
2.3640680523244836e-08
1.1091082135623443e-08
1.7533319565138283e-08
8.916483865421095e-08
0.0
3.734908522046656e-08
3.734908547303096e-08
0.0
7.632998475630907e-07
5.242405422747155e-10
5.229644085396424e-10
9.47176860992728e-09
0.0
0.0
0.0
4.706727115850259e-09
0.0
5.403868891301956e-10
3.668842696748299e-08
3.6344869567218837e-10
9.778094586704829e-09
0.0
9.587556107736606e-09
0.0
5.319738972898655e-08
5.902866153656585e-05
5.774328630976711e-07
6.812825622956196e-05
6.477236930977e-06
3.479090872888375e-05
3.7071969435343705e-05
3.404323494171613e-07
2.493435298062783e-06
4.820709391890922e-06
4.7821784557858e-07
0.0
0.0
1.8828235931591866e-08
5.7572880656504005e-21
0.00019296915199062373
7.778737377424352e-05
8.855750358828082
4.4324050979137306e-10
0.0
3.123521702451476e-06
3.1066927992477733e-06
2.417234700180515e-07
2.3195354016878732e-07
2.3195466002275122e-07
0.0
5.292798240033236e-08
5.5096579736925005e-08
0.0
-7.321754850290476e-09
0.0
0.0
0.0
1.5731986597046256e-16
0.0
1.2566461303750022e-05
0.055462351193535916
2.1286022528972817e-09
0.0
-2.1286021834043822e-09
1.9844841220262546e-08
9.875011286442602e-09
9.768724533411197e-07
0.0
2.972630480313129e-08
4.6547334061100796e-10
0.0001877999138952924
0.00018779991389528066
0.0
-0.12428542309247703
7.651393625387383e-06
9.767442267762227e-07
0.0
9.476546194833414e-09
6.594605450829088e-11
9.838048854766053e-09
9.838048844398045e-09
9.738995515606174e-09
3.248636357194411e-10
9.7389955264441e-09
-3.116199947902909e-06
-3.106692799539207e-06
-2.4172347031121977e-07
-2.416030638191513e-07
-2.3195466029163336e-07
2.341073189471299e-09
-2.085479012007771e-08
7.920672380452116e-08
-1.2038914695354746e-05
0.00018565043523252308
0.0
0.0
2.1782954564840712e-16
0.0019878520661547328
0.0019878427583080054
-0.00018565043523250096
3.681754468838984e-08
5.850588224872591e-05
3.8380101914668104e-07
3.9921899917031064e-05
3.2325077884589816e-06
3.363263641793942e-05
2.2724087272778676e-05
1.9936944367644558e-17
0.12458557427686653
-4.4125562265647644e-08
4.41255622606783e-08
-0.0007972824087473769
0.0007940613993702933
-3.2305124780697544e-06
2.3339752624578338e-08
0.0
0.0
5.346544471638077e-07
9.979473652977998e-09
9.979473598734008e-09
7.969548436573476e-06
0.12489126001154638
0.0
0.0
0.0
1.3483992830004222e-05
6.0695707802898405e-05
5.3777607080406626e-05
-5.373767510619132e-05
9.983066982904541e-09
0.0
0.0
9.961590738303332e-09
9.96719378600078e-09
7.684229955492005e-08
0.0
7.164073940429802e-07
2.12746024885746e-06
2.3058041982611244e-06
2.127460248619192e-06
2.0125248021769983e-06
1.273820833388491e-07
7.486521248814472e-07
7.744530053159485e-08
0.0
0.0
0.0
2.1418700621786869e-07
7.646920829151142e-07
2.2386971773131197e-08
2.274845267603968e-07
8.670739055227564e-07
0.0
0.0
7.487812733433057e-07
5.344981584436873e-10
4.206117925108035e-08
3.7891627563459554e-07
2.1754159403930004e-07
1.406433617200247e-05
3.2327731822013953e-06
1.8061143497562717e-06
1.2071101209084723e-05
-0.00018779991389530556
4.09884630080588e-21
1.9753960127111154e-08
2.296613160996091e-06
2.3058041981419977e-06
-2.3058041981778576e-06
0.0017950989271587029
0.0
0.0
4.656123425997708e-08
0.0
1.0081753920587744e-06
5.225259783552182e-10
9.931753043020217e-07
3.5393059646413125e-06
3.589389238522377e-06
-0.00021944394302864212
0.00021597440207259775
0.0
0.0
0.007420533964654696
-0.007420771196937462
2.6298029153968666e-07
9.763989641358968e-09
2.2073646125850598e-10
0.0
0.0
5.716831915723755e-06
3.33974207117816e-05
7.410071050374193e-09
0.0
4.781670838586946e-10
0.0
2.5634538737905193e-06
2.563453873749944e-06
9.963274897885718e-09
9.963274856960474e-09
4.781670840531271e-10
4.781670838090414e-10
0.0
9.557676526068134e-09
0.0
1.857097977464806e-07
1.8570979774647385e-07
1.5303301078425568e-08
1.0242195978012112e-07
0.0
2.4976659216989856e-08
0.0
7.518672478434482e-08
0.0
1.677089628762229e-09
9.726568770002414e-09
9.738995536958918e-09
-9.334782439136e-09
3.709376803458269e-11
0.0
8.141018430026133e-06
4.5536112414295483e-07
9.868946932830074e-09
5.658794615225997e-10
5.562095063590442e-10
9.669061779109578e-07
0.0
0.0
4.782178455575519e-07
0.0
1.0569474816965482e-06
1.0569474815892435e-06
1.069228560834395e-16
5.939802562164438e-17
0.0
3.825227069784853e-07
2.265787387823549e-07
0.0
3.235570304715731e-06
8.373084320488921e-08
1.2080477505107137e-05
4.4603265553277277e-08
5.812335954174434e-05
1.572222803613176e-07
3.993092692987701e-05
0.0
3.3548905574731133e-05
1.0643609767668207e-05
0.0
0.0
0.0
1.2394304465525576e-06
6.891680779186522e-07
5.392688879274347e-07
4.935734824797248e-06
4.926144067513685e-06
4.935734824797298e-06
4.9357348247972496e-06
4.9357348247972945e-06
0.0
0.0
0.0
3.760931324228122e-07
3.7592157471385304e-07
1.3324580250468655e-09
-5.359495154806399e-10
0.0
0.0
2.2194701887661307e-06
4.491064580751269e-06
4.4910645807068e-06
0.0
1.0158927303862257e-05
1.2358479922642355e-05
9.966183966530397e-09
-1.2752565768103796e-05
0.0
0.0
0.0
0.0
6.706153730705059e-07
0.0
6.575155364280052e-07
0.0
1.8615513130963767e-07
-8.468853057187336e-07
4.691602241510953e-10
0.0
0.0
0.0
9.87380012937217e-07
1.2752565768095827e-05
0.0
8.816752883765094e-09
0.0
7.770276716004961e-10
0.0005202358831401611
-0.0005428533545441261
0.0
0.0
0.0005911617542889486
0.0
0.0
-0.0005904551449145146
9.149253297966169e-09
0.0
4.524029391423884e-06
-1.768634258542317e-05
5.9509935869596877e-08
5.8458442710897304e-08
0.0
9.628220715887179e-05
9.72697189231308e-09
3.1299870197658913e-10
0.0
1.4989473789308044e-08
0.0
0.0
0.0
7.164073941763438e-07
5.461536248946959e-09
0.0
9.33474394487622e-09
9.334743904937381e-09
0.0
0.0
0.0
-3.479619526362878e-11
0.0
0.0
0.0
0.0
0.0
11.442879171922511
-1.0152768933186472e-10
1.4028834845758796e-07
0.0
-11.442879171820984
0.0
0.0
0.0
0.0
0.0
-5.246335163313653e-10
1.200796087293873e-06
3.7770132382194954e-06
9.176603021725434e-11
0.0
0.0
5.627194806634622e-07
0.0
5.539694877156459e-07
0.0
0.0
0.0
9.0439055149533e-06
3.2216856435661326e-05
4.457847664167424e-06
1.8009991249428313e-06
0.0
0.0
9.613569102255251e-09
4.3311340297815333e-16
4.428358036872132e-16
4.335563978922115e-16
4.436412559718501e-16
4.5536112410043685e-07
5.323959916283504e-10
0.0
1.1882988911915677e-09
0.0
1.1565361034095433e-08
9.736718215336566e-09
0.0
1.724966416901162e-10
9.966275482667416e-09
5.491977621899936e-10
2.2103967434970315e-19
0.0
0.0002852809748305465
0.000284480748893873
-7.905309802331108e-07
4.7234693992379265e-08
1.710291194226268e-07
1.809891480582258e-07
5.9447740195628884e-08
1.5917444171231307e-06
3.7198245024271466e-08
4.406912345454755e-09
0.0
1.7102911942906538e-07
1.8098914806964693e-07
5.9447740206625826e-08
1.5917149890431762e-06
2.7631309352753985e-08
4.406912358119594e-09
-9.82546293583136e-09
0.0
-1.0152833169454686e-10
0.0
5.484551714767458e-10
-8.590396815221467e-09
0.0
-0.006599494874330869
-0.006597775794708181
3.464677526680097e-08
0.00040410225796099413
-4.89798956601617e-13
0.0004041369042464619
2.0032514681311953e-09
2.003250903195035e-09
0.0
0.0
8.596592063956404e-08
0.0
0.0
1.3263441330151796e-07
1.3263441330151714e-07
1.326344133014727e-07
1.424494884958063e-07
1.326344133014751e-07
0.0
0.0
2.7268692950358016e-09
0.0
0.0
1.8844604822869086e-08
0.0
-1.0043510430312336e-10
0.0
0.0
3.0794761294477454e-07
4.5596718452500795e-05
0.0
0.0
-4.5885417563553184e-05
9.550751800451789e-17
4.5913999156890355e-05
0.0
0.001988665388064727
0.0
9.937483316333495e-09
5.207732125341655e-10
0.0
1.8701327406566972e-07
-1.8701327407174596e-07
-3.5591435629728e-09
-3.2073192567528414e-08
-1.4528732041849428e-08
0.0
0.0
0.0
1.7552354704977406e-05
2.262870127823363e-09
1.7552340879110994e-05
8.619636960158499e-09
0.0
1.5862984368501064e-17
0.0
0.0
9.88363151599323e-09
9.883631504525144e-09
4.676132912131861e-10
9.871355712850804e-09
3.021026859819748e-07
9.871355690039495e-09
4.554959665025461e-10
2.675027734948526e-07
1.173324931337471e-17
1.7014823993755737e-08
0.0
2.2821318471558206e-09
7.586532769026632e-06
2.957413964960051e-10
7.574541153910457e-06
9.659350312643652e-07
0.013078789025912942
3.157916045703661e-06
0.0
0.0
3.3015373097725358e-06
0.0
4.841453282722341e-08
9.968790237735448e-09
6.30968086511672e-05
-7.804207612239339e-08
-1.2896309103725505e-08
-1.2896309102214398e-08
0.0
1.1587464598295539e-06
-2.375249539412712e-09
1.9969509492595586e-08
5.664971764421207e-10
6.512237998667016e-07
1.7256033987757835e-07
7.896571623553498e-06
1.8868754567870382e-06
5.377294445469601e-06
8.094144459337393e-07
1.4387080700534833e-06
1.7405726358221815e-06
4.325710904629834e-10
5.683865734905503e-10
9.84342238276268e-09
1.043061999733537e-07
8.201254880946082e-08
0.0
-1.4028834845752083e-07
1.5112884227257813e-07
5.596425994812194e-07
1.5783127054625497e-07
1.8382643157975592e-05
3.5451693287415605e-05
4.704785330590397e-06
3.1669128890492636e-06
4.535963829429572e-07
0.0
0.0
9.966275503488795e-09
-1.4012798606385434e-10
5.431199120186041e-10
0.0
8.977918538519896e-08
1.9924536950185436e-08
9.964417743791383e-09
0.0
0.0
-7.068930112032761e-09
-1.6543293038630627e-08
0.0
0.0
0.0
-4.43093322650554e-06
5.643017517764478e-10
1.9963700132391223e-08
5.648464658783538e-10
0.0
7.651393625385357e-06
0.0
2.022217150596891e-06
0.0
0.0
-9.846181960933483e-09
7.040068168230467e-07
7.13852998793636e-07
3.839348839017618e-19
9.523122681965346e-09
9.161439638310207e-08
9.161439637548249e-08
-8.524549409514182e-09
0.0
0.0
7.418702315032988e-11
7.418817334336556e-11
7.418768469203761e-11
0.0
0.0
9.595698348696118e-07
0.0
3.680675667853824e-08
-9.873800129595045e-07
9.858441308958518e-09
0.0
0.0
1.975396021333154e-08
0.0
0.0
-5.4401385869121984e-17
0.0
0.0
5.615707420790268e-10
1.9958341801267716e-08
5.622872906983227e-10
0.0
0.0
1.0807493474963174e-08
9.586108881884154e-10
5.344500469134878e-09
3.7095187018337496e-11
0.0
1.5419159566296505e-08
6.786145167692897e-09
0.0
0.0
0.0
0.0
0.0
0.0
5.025219727957276e-19
6.123411500211878e-11
0.00029838699491640917
0.00029838699491640917
0.0
1.1807995704689275e-09
5.105523616987019e-06
0.0
9.40819061171998e-09
0.0
9.984432209301425e-09
0.0
1.9594089850638596e-08
9.871916797444805e-09
9.871916787501656e-09
0.0
0.0
4.787909895878977e-10
9.933639688597395e-09
0.0
3.805349732200837e-07
1.1995212528267225e-07
1.9868387574290314e-08
5.180736318758888e-10
1.795605626580409e-09
9.618447897264414e-09
0.0
0.0
-3.1732496674219156e-10
4.289116389455738e-09
0.0
3.5109546685811107e-09
0.0
3.314491522562094e-08
0.0
1.236749787997669e-07
0.0
3.314491547725544e-08
0.0
5.71307964305206e-09
5.378002682190329e-09
2.726402675422513e-08
0.0
8.81367921781606e-08
1.0280466652128143e-09
4.6246432024770135e-09
0.0
4.710110024703652e-08
0.0
3.637727061478024e-08
9.718147958617145e-10
4.7101100748991654e-08
0.0
0.0
0.0
0.0
0.0
0.0
0.0
3.1064654697101857e-06
3.09695839916118e-06
2.4172347021234053e-07
2.416030637217764e-07
2.3195466019622357e-07
1.2180702783221031e-09
5.292798259132897e-08
-6.467799185809508e-08
6.80320579084356e-06
6.803525593897659e-06
0.0
0.0
4.7234693987789055e-08
4.723469399131204e-08
0.0
0.0
0.002011325916386065
2.346689389556658e-07
2.509000737673389e-07
0.0
0.0
3.8403404515746e-06
1.2272893217090436e-07
2.2431231117332117e-10
0.0
-1.7430772479670508e-10
0.0
0.0
1.7792549142203046e-06
2.6910178057551145e-08
9.761961013260398e-09
3.475268526574698e-10
2.4933386491372975e-06
0.0
2.1268599351555037e-07
0.0
0.0
0.0
4.822513290326626e-06
9.664892770331601e-11
8.754339203464936e-07
8.918327276164095e-07
3.5809254020771083e-06
1.4204698743436463e-05
1.1475568220473448e-05
5.968972848937083e-06
1.2813331049837682e-05
7.738284418896603e-05
0.0
0.0
6.44697330043987e-07
9.471017831104447e-07
3.577366258418409e-06
1.4119165961172197e-05
1.1443495027810293e-05
6.048179572646232e-06
1.2798802317700402e-05
3.5355126580011163e-07
0.0
0.0
0.0
-7.820621974792094e-09
0.0
0.0
0.0
0.000583278831051498
0.0003129338813180893
0.0
8.372051595956437e-09
8.372051595870271e-09
0.0
0.0
0.0
1.7339040310305306e-06
0.0
0.0
0.0
0.0
0.0
5.415347658388562e-09
0.0004348429428246978
0.0005997723401872157
6.054802881294563e-09
1.1434607254654907e-05
0.0
0.0
0.0
0.0
0.0
1.3160386740542861e-05
0.0
0.0
2.628161642707173e-05
2.6281616427071735e-05
2.6281616427071687e-05
2.6281923377802864e-05
2.6281616427071687e-05
3.4773587980349407e-06
6.9913623209382484e-06
-0.00014650406724214804
1.6056702794170822e-06
0.0
0.0
3.1880653300608545e-06
3.1880653300608532e-06
3.1880653300608083e-06
3.1930867710078744e-06
3.1880653300608104e-06
4.941707285604871e-05
0.0
0.0
9.878813233027028e-05
9.87840592794166e-05
9.878170364563774e-05
9.878813233027033e-05
9.87817036456378e-05
6.613160455870094e-06
0.0
0.0
1.3189658729627232e-05
1.3189658729627229e-05
1.3189658729627181e-05
1.3180018072922068e-05
1.3189658729627183e-05
3.837385739073697e-05
0.0
0.0
0.0
9.851467778185108e-09
0.0
0.002595234157238686
5.08045974061573e-07
0.0
4.504554659348651e-17
0.0
5.068186114567702e-07
9.300455016746336e-08
3.450973426255829e-05
0.0
1.386098807290177e-07
-7.735406342668211e-08
1.9540579153640577e-06
0.000379040310093744
0.010707633860043711
1.683175480653386e-08
1.0165141235605466e-08
3.9421633025125016e-10
1.9656248561454582e-08
9.846978676286515e-09
9.84697867592154e-09
5.173448674664072e-10
0.0
0.0
1.683175480644275e-08
1.2823751598462956e-10
1.1850401647133809e-07
6.895952434862433e-07
8.372051596091962e-09
0.0
0.002517276906121843
0.0
0.0
-1.9325763903510918e-08
-8.590373843728595e-09
0.0
1.9542291562225123e-06
1.962136773512724e-08
0.0
2.5043779685080485e-10
-9.512765548465806e-09
0.0
1.3976564321278366e-08
4.9846900119257095e-08
0.0
0.0
1.4073363184854482e-05
0.0
1.7223835065543542e-06
0.0
1.9815339518665787e-08
5.358751112490161e-10
-1.7484175109857884e-06
0.0
0.0
0.0
0.0
9.95464390553308e-09
0.0
5.368151276067991e-10
0.0
4.3105184479895703e-10
0.0
5.418465739526182e-10
6.9982047186799605e-06
2.1511658300864577e-06
1.6871672594597579e-09
0.00016023797818893158
0.0006264631788522783
8.7640111995629e-06
9.921873762518971e-09
9.921873544982418e-09
3.866098909148386e-09
0.0
0.0
0.0
9.489209292652621e-09
0.0
9.489209292532464e-09
7.84354190670068e-11
0.0
-8.422023002607748e-09
-7.791995446032158e-11
-9.488686663651491e-09
1.0881920939387201e-08
0.0
9.777666212000339e-09
0.0
5.471372700240166e-09
0.0
0.0
0.0
9.072297843695423e-09
0.0
8.927940845771965e-10
0.0
9.936412289387299e-09
5.197159128483441e-10
9.903254708600719e-09
4.869837357753998e-10
0.0020113818633072378
0.0
2.2890908336893755e-06
0.0
0.0
0.0
0.0
2.5813981439108794e-07
2.70151164246744e-06
2.0173925162386404e-06
0.0
0.00016015984287595794
0.00010339451703485902
0.00010339451703488136
0.00010339451703483715
0.00010339451703480469
0.0
-4.081801062381091e-06
1.4465083398960445e-05
1.4187249590679656
0.0
0.0
3.6573477251957602e-09
9.824646188744388e-09
0.006464909282148928
5.905033155752738e-06
0.0
3.3200761154952613e-09
0.0
0.0
0.00647081277405833
0.0
0.0
0.0
0.0
0.0
-1.8145734515464412e-09
0.0
0.0009717900323851695
0.00014210689647383635
0.0011139011491589912
0.0
1.4187190540348098
0.006470812774058283
0.0003018486913669891
0.0
1.3570065434499016e-08
4.6251243400915103e-10
0.0
1.6871672484599277e-09
8.855750348969142
4.154749735176127e-07
1.1777402243363432e-05
-0.0008414602342483313
0.00010473605387349413
0.0
2.29599185730518e-06
-9.628615304864592e-07
3.173627427047788e-05
0.0
0.0
6.031039520135916e-07
-20.389086996693152
11.533336496038553
9.698230564437159e-09
0.0
2.207364611787171e-10
2.2073646121847835e-10
1.8003387953665063e-05
0.0
0.0
-2.1300491220632353e-09
0.0
2.000956569235742e-10
0.0
1.957156460948295e-06
4.02754265487285e-10
-5.2547514729742375e-09
-5.254751471989869e-09
2.3373429669928884e-07
0.0
0.0
5.822322039675247e-06
0.00019621393416463132
5.8505378679533866e-05
-0.14372257671700792
0.14372171772719128
-8.589898166346861e-07
1.724139417482659e-06
0.0002521376393013483
0.0
-1.6455190346201763e-06
-3.9398231577592254e-07
1.6420418438241273e-05
1.2104499336085375e-10
0.0
0.0
13.354280920389323
-15.78469455748558
2.4304136466590673
9.562812228590552e-09
0.0
0.0
0.0
0.0
0.0
6.759443909608559e-07
5.640581082943363e-10
0.0006196826390879938
2.2985829612403908e-08
0.0
1.0671548326880566e-16
1.9815339517929236e-08
0.0
3.7176115193932822e-06
1.1309184226955144e-07
0.0
1.9562441543666623e-08
9.256696255489734e-06
0.0
0.0
1.9344605841829457e-08
9.536954239217843e-10
1.447933597643972e-06
8.925409851259959e-07
3.992512343521864e-08
5.646172330439904e-10
2.774118988387975e-06
2.774118988350292e-06
5.67123382635162e-10
1.43811026738494e-06
0.0
4.4541186747828654e-07
4.0574713432659925e-07
0.0
5.48727975517344e-10
4.154749735605038e-07
0.0
0.0
6.102688318085e-10
2.0180027850173623e-06
7.395607060353705e-07
0.0
6.1336167093306e-06
1.551500151722653e-08
7.400815249160247e-06
4.968571516632548e-07
9.978386424854e-09
-4.772012027649073e-07
0.0
0.0
2.2174174889373063e-09
0.0
-0.006603906083825883
-0.006584802206333449
0.0
7.175500228192318e-07
-7.175500228255106e-07
0.0
2.6673357975473544e-09
3.1161999476999463e-06
3.106692799344918e-06
2.41723470115196e-07
2.4160306362312756e-07
2.319546601459166e-07
1.2180701823837634e-09
5.292798249591918e-08
-6.467799195351842e-08
0.0
1.7249626350986826e-10
9.52312268116557e-09
1.1188520004197989e-10
1.48822408994366e-05
2.8831296841849096e-08
0.0
0.0
0.0
5.14454257653122e-12
0.0
0.0
0.0
0.0
0.0
0.0
0.0
0.00011164736347484501
2.488923991763511e-07
3.9602451387129936e-05
-3.2185205954219503e-06
0.0
9.364266099887964e-09
0.0
0.0
0.0
7.261431550642699e-17
3.0382097726355004e-07
-2.964971130836602e-07
7.323862955178166e-09
1.958903729692272e-08
9.523122682606373e-09
0.0
4.3139000578244777e-13
0.0
9.267726441181438e-09
2.9112159980007026e-08
0.0
1.958903729631602e-08
3.1657494474487437e-10
3.165749445135729e-10
-0.02230092322366499
0.02230088003774899
4.318591599782503e-08
-1.2660951371739476e-05
1.2653204274261063e-05
1.7014823938659377e-08
0.0
0.0
-2.8552370079645536e-06
7.416432359354506e-05
2.1767580036978534e-06
0.0
0.0
2.1418910708891772e-08
4.965193933694828e-06
9.975155188538193e-09
9.975155231893575e-09
-1.8175678549781082e-05
3.021055433271622e-10
0.0
9.304696615935074e-09
0.0
9.30469713213414e-09
9.304697641086092e-09
0.001987857475707497
-0.052618614681590986
0.052618604909598916
0.0
0.0
7.499242858212187e-09
-7.920322183272918e-07
7.749106723160844e-07
9.550387297728273e-09
9.550387297267487e-09
0.0
0.0
0.0
5.872928293855495e-09
0.0
1.9804921013097022e-07
-1.979022821738466e-07
0.0
-2.2868866752528945e-06
2.4480195561808126e-06
9.980385030244378e-09
3.9258853019628352
3.925885309928261
0.0
9.498014945359663e-09
0.0
1.3415635356625823e-05
0.0
2.2834512390129822e-05
-2.281455099631596e-05
9.981008696337783e-09
-4.383432283816546e-09
4.261718350859746e-09
7.66771660454215e-06
-7.667716604545932e-06
-7.667716604549988e-06
7.667716604553066e-06
0.0
0.0
0.0
0.0
-7.651393625386441e-06
-5.872928286916601e-09
4.5657360244309414e-08
0.0
5.319738972930233e-08
5.319738972930924e-08
5.31973897290124e-08
0.0
7.392983489741794e-07
0.0014539344374404305
0.0014546775430568603
-3.807267456162888e-09
3.783016266220989e-08
0.0
0.0
-1.6414351165582692e-09
0.0
1.914755165585384e-08
0.0
9.832592391368672e-07
4.996295537520224e-10
9.91606514321419e-09
5.368168261309788e-10
9.953734616061752e-09
2.9833831914677334e-07
4.928944175245918e-09
1.003129038939878e-06
3.1074329241763035e-08
2.9833831914678906e-07
0.0
9.459801130631021e-05
3.6948309735228663e-10
9.46171588579489e-05
8.355032074878598e-07
1.1884965630361821e-07
7.667716604529772e-06
0.0
2.3319695043037204e-07
-7.90979300127056e-06
-7.66684037572497e-06
1.2104493951517826e-10
4.723469399194395e-08
7.238026344189534e-09
1.5515289096450667e-09
0.0
0.0
0.0
2.1552247721226963e-09
1.7397909216036837e-08
9.485926023934113e-09
0.0
-7.522953462423796e-11
2.7793835163822006e-08
2.862331626971733e-08
0.0
8.902675141023721e-08
0.0
0.0
1.5603222866903681e-06
1.5179693306242428e-07
0.0
0.0
0.0
0.0
0.0
1.4755511331468112e-07
0.0
0.0
0.0
0.0
0.0
0.0
2.6743076863652592e-08
0.0
2.4836819631355176e-08
4.962022949270488e-10
2.2145933999068215e-08
6.319238490898937e-06
4.255632199290615e-08
3.2613089548531227e-09
1.0534864429869086e-05
9.839392042811042e-09
0.0
0.0
9.414001994800867e-09
9.76611035690424e-09
6.149028959960707e-09
9.712692555212637e-09
0.0
6.583605191090169e-09
9.510729329806505e-09
0.0
0.0
0.0
0.0
0.0
2.9241768656577298e-08
1.128417254080846e-07
2.669734828362755e-07
3.2267681436937068e-06
0.0
7.746588488811025e-08
1.247196711185689e-08
3.7850370695959474e-07
1.2824328817477891e-08
7.4986961442578126e-06
0.0
7.748087376149143e-08
1.3252110701311283e-06
-1.9594089860830097e-08
1.4028834851707638e-07
3.168182483910257e-20
4.655376011567121e-06
0.0
4.7813676715751995e-06
1.5081145921546723e-10
0.0
0.0
0.0
3.478784106751807e-10
1.208457205553315e-05
0.0
0.0
0.0
0.0
0.0
0.0
2.880910148585881e-08
9.980865573176452e-09
9.974719325764482e-09
9.974719338229854e-09
9.951434120412141e-09
9.951434126475838e-09
9.962011941872067e-09
9.962011947893158e-09
9.941820440459789e-09
5.981191205267102e-18
9.941820452547816e-09
0.0
0.00025893105355270237
0.00025894092203610544
-8.625898295171607e-09
2.9596514566447813e-06
2.9131620109058665e-08
9.929128932003655e-09
9.929128932028783e-09
-9.201889051625202e-10
9.35207273923385e-09
0.0
9.352072737756563e-09
9.850418225275e-09
9.850418225288774e-09
6.739230646735666e-08
6.739230646966984e-08
6.739230646602319e-08
1.2575796392057856e-05
0.0
5.192198614413666e-07
0.0
0.0
5.084689462115022e-07
0.0
0.0
0.0
0.0
4.990328837543735e-07
1.2405188897324891e-08
0.0
0.0
0.002727571958986888
2.7602099761793474e-08
0.00011561358722386993
6.04810202623427e-08
0.0
9.60867320062222e-09
9.611123306880876e-09
5.174636042390696e-05
5.173658275771208e-05
3.6302590175992976e-10
9.334781190193734e-09
9.334781226172054e-09
9.616010621233622e-09
0.0
0.0
0.0
7.82798321789354e-10
0.0
1.7723262327339555e-08
0.0
-4.0548148289127563e-10
0.0
-2.9030484841272696e-10
0.0
0.0
8.953715265634959e-17
0.0
-2.4707871130274343e-10
-5.5981426949074696e-08
0.0
7.519715840518168e-08
0.0
1.2641615550836492e-09
1.2036295709894661e-20
5.780837084976018e-08
-8.590397755766851e-09
0.0
0.0
1.2399141254482439e-08
0.0
0.0
0.0
0.0
0.0
0.0
4.984920007061288e-08
3.011520395166957e-08
7.725474170495053e-08
6.160453350429819e-08
5.038524163939199e-09
4.992652341951003e-07
0.0
0.0
0.0
2.786773709977661e-08
-4.893373070687253e-08
0.0
0.0
0.0
-3.710283018269928e-10
0.0
0.00011368761108437619
0.0
0.0
9.762317251879053e-09
3.478784106990381e-10
9.201889052706657e-10
0.00011369687816810947
-1.3484465849694996e-11
0.0
2.779383517935237e-08
2.7793835186366622e-08
0.0
0.0
-2.6658320462138313e-12
0.0
0.0
0.0
1.1807995736659332e-09
-0.0003260156481671127
0.0
4.829383106894932e-07
0.0
0.0
0.0
1.200796087304873e-06
0.0
-9.816742560335434e-09
0.0
1.7301325487169283e-06
1.730132548970198e-06
1.7721033440562434e-08
1.975396022860763e-08
0.0
5.534781087467997e-10
5.534781308147512e-10
2.1494786628160576e-06
0.0
0.0
8.723378202284538e-06
1.0558431844765085e-05
4.494069384057963e-06
0.0
0.010697235953311594
0.0
5.596759075204579e-06
0.0017210704127436994
7.684229949961407e-08
8.151169872300987e-10
5.269414256427097e-09
4.809733669217217e-06
0.0017210704216801338
4.15142437873037e-08
0.00011587405456874143
5.763179955909324e-08
2.7257007042868825e-05
0.0
3.078477963502817
0.0
0.12490720859632454
1.9218290157332513e-06
6.307255984473823e-05
-7.2047338544375256e-09
-3.631507723461831e-08
1.987187752792256e-08
-5.333215112764716e-08
3.044714175504115e-07
6.89700808226279e-06
7.620498572280532e-06
0.0
0.0003333505172731408
8.308607102912339e-07
-6.29741543437532e-12
0.00033419042938826534
0.0
8.75866070572257e-06
0.0
0.0
1.9452746746965802e-08
0.0
5.169945928397817e-10
5.789567757754715e-08
3.1962202014328274e-08
0.0
0.0
-3.0232897294131913e-08
4.984774614267192e-10
0.0
0.0
0.0
6.70828408342486e-08
2.743637855772573e-08
4.825254223416935e-10
0.0
2.461366284975603e-08
-8.59039960172947e-09
0.0
9.936871942905351e-09
5.201697054980784e-10
3.908395255209208e-07
4.240723450781156e-06
9.976348362129142e-09
1.3368573334340952e-05
9.980385073875162e-09
4.535963830721128e-07
9.978808011669023e-09
9.933638847224928e-09
3.3838803370493922e-06
5.972265788960753e-08
6.985464840106704e-08
9.96011917247789e-09
3.2429304375924954e-06
9.965523322630771e-09
0.0
9.894955140784646e-09
4.679612745106952e-08
9.98571160250305e-09
6.931541167434964e-06
9.983172224114495e-09
4.423116290655005e-06
9.981574202540645e-09
3.661536929060467e-06
9.981327422025262e-09
3.212783266571366e-07
1.1370117690824743e-09
0.0
0.0
4.001116929946136e-08
1.7321497194828414e-09
4.6111849623834777e-10
0.0
4.5359638302868715e-07
7.395607061203585e-07
3.1774485583048385e-07
0.0
3.913666997607563e-07
3.498307264624855e-08
0.0
2.8347442819728825e-09
0.0
5.9509935955558624e-08
0.0
1.639950296766332e-07
0.0
6.944415307497663e-08
0.0
0.0
0.0
0.0
0.0
0.0
0.0
0.0
0.0
0.0
0.0
0.0
0.006581028914639273
0.006542658655227124
4.938910487631927e-06
7.687525642864423e-08
4.491064580673838e-06
0.0
0.0
-4.208831931545608e-10
2.6634372670805913e-10
0.0
0.0
0.0
0.0
-9.731341171056784e-09
1.157420248475668e-10
7.64189338437012e-11
7.667716604536769e-06
9.59897186834294e-09
0.0
9.972535072060899e-07
9.836573311650912e-09
0.0
2.9112159979776788e-08
1.5283527896019957e-10
9.745212271069157e-09
0.0
0.0
0.0
0.0
0.00018116929741407648
2.223378906411701e-06
9.926761634915238e-09
9.87349417871141e-09
4.5760682282177444e-10
-9.972535071832672e-07
1.7013395893522834e-06
9.375474376562892e-20
0.0
0.0
2.175019741880567e-06
8.250106177998998e-05
5.428225092840951e-07
0.0
1.7413307946321454e-07
4.832133800356174e-06
8.750748266704068e-07
1.5533625281841228e-06
1.0695502099982522e-05
-2.8195405538938433e-11
0.0
0.0
0.0
1.1807995672953022e-09
0.0
6.603914927977549e-07
0.0
1.81213732254881e-07
7.774163489327789e-06
1.2240813423597703e-07
1.7803401854053935e-06
1.0653527139298284e-07
4.500155949241261e-06
8.777866210284298e-07
8.152286010769572e-07
0.0
1.4483934150434199e-06
0.0
9.564334382838473e-07
3.41864424436778e-07
3.7454296966698825e-07
0.0
6.133616709384346e-06
0.004579339204581894
0.0
0.0
0.0
9.012344138686431e-06
6.071849578576497e-07
3.312828406556719e-09
3.2609847703760714e-06
2.5764835118531697e-07
1.1401763787122414e-05
2.6673971097512162e-06
6.77138133656062e-07
0.0
0.0
-9.731348610000824e-09
0.0
0.0
0.0005832529795467853
5.471372700425828e-09
0.00031293388131808247
4.628555484049275e-06
1.544507098112159e-08
1.1821760633845616e-06
2.143662484820994e-07
9.173947636817172e-06
8.841451961054874e-08
9.982449000899754e-08
1.3021363398516357e-06
-1.9542291562115593e-06
4.123923795734882e-08
0.0004482710106250287
-0.0020113818633072378
0.0006264631788522785
0.0
-0.0020113348798092567
0.0
1.392067023519003e-07
0.0
0.0
0.0
0.0
0.0
0.0
2.520705172647248e-08
1.3920670234869817e-07
5.652376181256703e-07
0.0
8.21000324392367e-08
0.0
9.081431913912708e-06
0.0
1.786490251419204e-08
0.0
1.053629062538197e-07
0.0
1.3062340135856093e-06
0.0
1.644137540816001e-07
5.56343449216103e-07
7.232722582924934e-08
9.071793592721033e-06
8.093315801679021e-09
1.0248183409090956e-07
1.2965191975313402e-06
0.0
0.0
0.0
4.1040929308706634e-17
0.0
0.0
0.0
3.0663396455420794e-06
-3.671492789618369e-07
9.124088298042825e-07
2.4836819635029522e-08
4.962023010184133e-10
2.214593400498092e-08
6.319238490905353e-06
4.255632199872688e-08
3.2613089615836535e-09
1.0534864429875681e-05
6.163173594290578e-07
1.31781224058154e-08
3.2708263434417095e-06
2.5723189343798625e-07
1.1410917049634143e-05
2.5198419964466395e-06
6.948725949578089e-07
0.0
1.002025757429766e-06
1.5460127420940048e-07
7.59129849480633e-06
5.0885685397794226e-08
6.579342858932416e-08
1.3113778335717155e-06
2.8623316271112e-08
0.0
8.902675141277458e-08
0.0
0.0
1.5603222866933215e-06
1.5179693306530956e-07
0.0
0.0
0.0
0.0
0.0
1.4755511330806272e-07
0.0
0.0
0.0
0.0
0.0
0.0
2.6743076866965486e-08
0.0
-2.581398141772136e-07
0.0
0.0
3.131030900230277e-06
0.0
0.0
0.0
1.2007960872933581e-06
-0.0025949960798076674
0.0
2.3271695191733212e-07
1.3376568566983562e-07
0.05236619738849657
0.0
0.0
0.0
0.0
0.0
6.234923083909888e-05
0.0
4.300580942204365e-05
0.0030961549123123037
0.0
-1.201789774408016e-09
-0.13144296820943424
-6.693315213784508e-05
5.105523616986832e-06
0.0
1.4111837216874182e-08
0.0
0.0
8.379966593695336e-09
9.85844130882915e-09
4.42748670356381e-10
4.4274867016753366e-10
3.707907836749587e-07
0.0
0.0
2.295991857316146e-06
2.2959918573993317e-06
0.0
0.0
2.305804198214893e-06
0.0
2.2959918573636936e-06
-9.191037356540144e-09
8.252491569177274e-05
9.868946910969922e-09
4.5311832409171843e-10
0.0
1.538033323613695e-07
-1.3585981362140842e-07
0.0
9.628222633923663e-09
1.4413773108401529e-05
9.80926988443772e-09
9.809269883344351e-09
-5.837676761530786e-09
0.0
1.2792869456242265e-08
9.348942300179988e-08
2.6694405033427796e-07
3.2267435359868074e-06
1.444558323644818e-07
6.939456660789431e-08
4.1239237957515e-08
3.203992955663702e-10
4.123923796787767e-08
9.734471500484471e-09
0.0
1.2792869451858415e-08
9.348942299703407e-08
2.6694405033022184e-07
3.2267435359821707e-06
1.444558323607179e-07
6.939456660387318e-08
0.052366197388496696
0.12428542309247936
9.905962332064903e-09
0.0
0.0
7.778737377423305e-05
2.4068999224977882e-08
0.0
4.746757770873435e-10
-6.723156724355861e-05
-1.0919808228313128e-06
2.972916097100371e-06
4.433435767044441e-06
0.0
1.6323011847464144e-06
0.0
0.0002195706072860541
4.972009923751215e-06
0.0
6.816005176912494e-09
1.5396842770952381e-06
9.011460903426055e-06
0.0
0.0
1.5358901123058912e-06
0.0
3.7941799146648545e-09
0.0010173992774130008
-2.4805434136213013e-06
1.200796087260211e-06
8.602051754753935e-10
0.0
9.408190611544364e-09
0.0
3.1288347464835035e-09
3.1288347211273373e-09
3.128834693716815e-09
0.0
2.002407972985028e-07
2.0024079729831431e-07
1.9019847662414944e-06
4.592361268497099e-10
0.0
0.0
0.0
0.0
7.03968745654747e-05
1.3324580251289202e-09
0.0
0.0
0.000850613833018347
0.0008506138330183471
0.0
1.9753960190426367e-08
6.9425161047217e-09
0.0
2.8481121601731134e-10
9.69840620908437e-09
2.8481121618225545e-10
9.698406209256641e-09
9.69840620903802e-09
3.2592411017915893e-07
0.0
3.3415154241039324e-06
1.0531027251133584e-06
2.42530028511072e-08
4.569221093029932e-10
0.0
2.9470618693839115e-08
1.8359853710125404e-07
1.8327843391182956e-08
3.6400427435698576e-08
0.0
0.0004099845239914789
-0.00020964493554027908
0.0
0.0
7.913544070368282e-10
1.761467517673933e-10
0.0
1.7614725192081188e-10
1.7614775951087955e-10
0.0
4.524029391468348e-06
7.164073939840226e-07
1.0339193943347034e-17
0.0
6.277263712100131e-09
0.0
0.0
9.16143963971484e-08
-9.16143963851368e-08
0.0
0.0
0.0
0.0
0.0
2.4790329734843644e-09
0.0
2.4790329734915137e-09
7.418966972044133e-11
7.040068168033867e-07
3.1162833574564786e-07
0.0
0.0
0.0
0.0
-0.3900004163422042
0.3900004552844026
9.645285218714633e-09
0.0
4.524029391514566e-06
4.524029391502409e-06
7.418938391189455e-11
0.0
0.0
-5.519599421618948e-09
0.0
1.7014823950419215e-08
0.0
0.0
0.0
0.0
0.0
0.0
0.0
7.351968578570556e-07
7.1575596092118e-07
4.52402939149068e-06
1.5863415240937862e-17
1.5863416873692366e-17
6.3554991652137845e-09
0.0
9.52014339542927e-09
0.0
0.0
0.0
1.6742017207896254e-05
0.00017622713478272805
0.0
7.418858659614234e-11
7.418902276266681e-11
0.0003403942574313134
5.382697403010478e-08
5.598888622662234e-05
-1.2187387685881749e-08
0.013074852802698036
0.0
0.0
-0.0048866295293201745
4.3586548606695635e-10
0.0
9.85146777803404e-09
0.0
0.0
6.640460910159982e-07
0.0
2.3640680210364282e-08
-5.836915895593098e-09
-0.00010794190665967818
1.3681278893076384e-10
0.0
0.0
0.0
0.0
0.0
0.0
-4.0014677941468047e-10
8.288075428871874e-10
9.625410901805406e-06
0.0
0.0
0.0
0.0
0.0
2.779383517173679e-08
9.752040350726949e-09
2.3239185860034216e-10
0.0
0.00043334530684390675
9.161439638649879e-08
3.450973426268631e-05
0.0
0.00012923557190422486
-0.00012921575706670296
9.919883821817542e-09
9.808249077903098e-09
9.808663712252298e-09
1.768634258543405e-05
1.2455540961310813e-05
1.51399538349803e-07
7.100232814400746e-08
4.896565414254645e-10
1.265320427427202e-05
0.0
0.0
0.02314496068105378
-9.770098224960854e-09
0.023145009006641456
9.832712882490984e-09
1.1815362746850398e-08
-1.1815362747819204e-08
0.0
0.0002049824134933223
0.00020501035444844135
0.0
0.0
6.786145167891359e-09
7.0091385261757405e-09
0.0
0.0
0.0
1.1815362744908799e-08
0.0
9.807834126236205e-09
9.625407274119628e-06
0.0
0.000896479364521266
0.0
4.0074440474274765e-06
4.459007004688881e-08
0.0
2.1162715685893192e-08
0.0
0.0
1.948472169889614e-08
4.530765233477629e-10
6.500301430510756e-08
0.0
7.67538661377753e-08
3.785426682369791e-09
4.360895037285108e-18
-3.128666169042187e-09
-3.1286661606997596e-09
-0.0223009325663881
1.594382796190756e-17
0.0
0.0
0.0
2.9478389879016607e-07
3.044431794744335e-07
0.0
0.0
0.0
0.0
0.0
9.126687909413608e-09
0.0
-4.654045008480442e-09
0.0
-2.6638900889873398e-08
-3.576558888549909e-08
4.1521652338042795e-13
5.5587670297715096e-08
9.628615305519444e-07
9.956793532009916e-09
9.9698299233432e-09
5.527069168315011e-10
0.0
-7.112695212869965e-09
4.601583190989177e-08
9.564334379276151e-07
1.954229156233242e-06
9.564064056076878e-07
9.628615304978922e-07
9.628615304552786e-07
9.564334379592656e-07
9.570282733089503e-07
6.748335450241183e-10
0.0
0.0
9.956793509471873e-09
-1.0962672895444148e-08
0.0
9.945069151127853e-09
9.945069121365223e-09
0.0
0.0
5.23360543717196e-10
9.957798410512062e-09
5.408287631615861e-10
-2.285949602930478e-09
9.940104166120967e-09
1.0881920959535627e-08
8.621142844715304e-07
9.56433438207089e-07
5.5587670269772796e-08
0.0
0.0
9.541108021195279e-10
0.0
0.0
9.652627998568697e-07
5.361534932618986e-10
0.0
0.0
0.0
0.0
0.0
0.0
1.2007960872823672e-06
2.8468626511855205e-07
-2.6523344025790415e-07
4.983801480638876e-10
1.70133958933672e-06
7.217512809686109e-09
7.217512816489477e-09
2.553490598811138e-06
3.5514480013221202e-06
2.393604779269762e-06
0.0
9.808336010053154e-08
9.936394445128721e-09
2.7793835159846043e-08
1.7026631425956507e-08
0.0
7.610648099012498e-08
-6.694273991298576e-08
0.0
0.0
0.0
0.0
2.5534905987695012e-06
0.0003157603657944559
9.974091100902846e-09
-0.0003157503917033127
5.591423786332943e-10
1.7290875793978571e-06
4.259902109554361e-06
1.0461216652031232e-08
5.601595048924986e-10
0.0
3.9565689741294114e-05
7.988079005545821e-09
8.090911211552831e-10
1.925550875067034e-09
0.0
1.6851513260820127e-08
0.0
0.0
0.0
0.0009508683702197237
0.0009508324240336707
3.239788820529681e-08
-6.6472718188793955e-12
