0
0.0
0.0
0.0
0.0
1.5413744764256174e-07
4.3411440317170765e-08
0.0
0.0
3.152936076190353e-07
2.4782423665122086e-10
0.0
3.7104778179957214e-08
0.0
0.0
0.0
0.0
0.0
0.0
4.682082035750125e-10
0.0
0.0
0.0
0.0
1.5400768468496464e-10
2.1906860007357822e-07
6.271073171180315e-09
0.0
0.0
9.129970506432494e-09
0.0
0.0
0.0
0.0
0.0
0.0
0.00018008273138629067
7.297482504639301e-09
9.152415319101638e-08
0.0
1.9470431211731876e-08
0.0
0.0
0.0
0.0
7.252868717219807e-09
0.0
0.0
0.0
0.0
0.0
0.0
0.0
6.365906496976478e-06
0.0
0.0
0.0
0.0
0.0
0.0
0.0
0.0
1.995621926487871e-09
7.056728896435252e-19
0.0
9.439018403072439e-09
0.0
0.0
0.0
0.0
0.0
0.0
0.0
9.729841677260877e-09
1.0153746333313451e-10
4.3097600935854765e-12
8.072561372187706e-10
1.6812908773497968e-20
0.0
1.0003571119807482e-08
0.0
0.0
1.0153727457353628e-10
6.336748331729261e-21
0.0
0.006641384844384146
4.898421241534661e-13
0.0
0.0
0.0
9.35118882832116e-09
0.0
7.9669445128972e-09
0.0
8.026056686100937e-09
-8.012218597109764e-09
0.0
0.0
0.0
0.0
0.0
0.0
0.0
9.725428115300193e-09
0.0
0.0
7.256029699672319e-09
0.0
0.0
0.0
0.0
0.0
6.895808729965332e-09
0.0
8.99197083607355e-09
1.6569762846083164e-20
0.0
0.0
0.0
0.0
0.0
5.49783881194033e-09
0.0
9.678407355783406e-09
0.0
0.0
0.0
6.77796695641695e-05
-6.78086856247262e-05
9.225039905894189e-09
3.056124210266309e-09
9.759002988405655e-09
0.0
7.88619948614577e-09
0.0
0.0
9.410207882152769e-09
0.0
0.0
0.0
8.164515645543944e-09
3.0661829368385106e-08
9.46841839252747e-09
1.9266342380238277e-08
3.401083018654905e-21
0.0
0.0
0.0
0.0
0.0
0.0
0.0
0.0
0.0
0.0
9.149431536391581e-09
0.0
7.75553852737964e-09
0.0
0.0
0.0
0.0
5.02727163154296e-15
0.0
-0.001185754704496231
0.0
0.0
0.0
0.0
0.0
0.0
0.0
0.0
0.0
3.7058140253537257e-09
1.6907127502797758e-05
0.0
0.0
2.2250753348006577e-09
0.0
0.0
0.0
0.0
4.376100825253175e-09
0.0
0.00023770452212268367
0.0
0.0066181563366534135
0.0
2.135102283218462e-05
1.1793485393146803e-08
6.179958781528725e-09
0.0
9.913512654163168e-09
3.2155712006030616e-20
0.0
0.0
2.0853823587463124e-06
0.0
1.720246424480274e-08
5.778658521791523e-09
0.0
7.567227472456607e-09
0.0
0.0
9.506278749932081e-09
3.80760281073686e-09
0.0
0.0
0.0
0.0
2.645332898006921e-06
0.0
1.513681395010522e-08
9.195108900363722e-09
3.639445225506348e-08
5.821647697504843e-09
0.0
0.0
0.0
0.0
0.0
0.0
0.0
0.0
0.0
4.264327798526874e-09
0.0
0.0
1.0076256151087468e-19
9.791561400099156e-09
1.164202864146647e-11
1.1642028641467152e-11
1.6922545884121704e-10
5.0579663859616686e-21
7.092321414920066e-09
9.87635901304902e-09
1.3485653562681768e-11
9.676166409562749e-09
2.7154874731805047e-12
9.759202051593023e-09
0.0
0.0
3.1513270070454334e-10
-2.446438706073771e-07
6.297970218932915e-12
0.0
0.0
0.0
0.0
0.0
0.0
-0.006586280300341747
8.47158238475671e-24
9.95318657468255e-09
9.954602766086035e-09
9.574814785867841e-09
0.0
0.0
0.0
9.791792881788889e-09
0.0
0.0
4.5015698480702776e-07
5.146985300522719e-09
8.89487344396406e-09
8.927525819982283e-09
3.476070234369757e-09
0.0
0.0
0.0
0.0
0.0
0.0
0.0
7.220237809776633e-09
2.5731184910578295e-10
0.0
9.274153742439223e-07
5.906521470997254e-09
6.816483488298142e-21
1.5743632132318788e-09
9.358454784568834e-09
0.0
0.0
0.0
0.0
9.064903163373396e-09
0.0
7.939091250732484e-16
5.372058995489686e-11
-2.134784511203386e-05
0.0
1.3017785253949359e-08
0.0
9.839813660503553e-09
0.0
0.0
9.574158529062519e-09
5.3720589954897655e-11
0.0
0.0
0.0
1.550959383479827e-08
0.0
9.629278693198962e-09
0.0
0.0
0.0
0.0
9.71264999201995e-09
9.797423534267634e-09
4.437540938647367e-20
0.0
0.0
2.621307179885213e-07
0.0
0.0
0.0
0.0
0.0
0.0
0.0
0.0
0.0
0.0
0.0
0.0
0.0
0.0
0.0
2.8410365251698653e-09
6.6464699243179e-12
0.0
4.770868353337696e-10
3.3491788955711237e-07
1.2653827682509759e-07
0.0
0.0
4.316570536181039e-08
-3.1529360761917894e-07
-3.056606417353359e-07
0.0
-2.4782423866959863e-10
6.186463535781082e-09
9.974760392116662e-09
9.984650644039722e-09
6.187112794939093e-10
6.432188076756624e-10
9.931692801501413e-09
9.835729693890192e-09
4.980523475477145e-10
9.931691947493622e-09
9.958341987216731e-09
9.984654638192931e-09
9.983243372394997e-09
0.0
9.465465752107226e-07
3.7817948175520456e-07
5.917802299864453e-07
1.062573719920852e-06
1.0068419225818622e-06
1.6237457227175102e-08
9.619804802391453e-07
7.760474602419713e-07
1.8445205970054547e-07
0.0
0.0
4.841193766649811e-07
1.4663839956719228e-06
1.6141847739525498e-08
7.561344785483354e-07
1.8205542401793513e-07
8.014095445326917e-09
4.416481351447103e-10
0.0
1.4642553297056322e-06
2.0125717766550357e-09
7.885749169258735e-07
3.031801547665513e-08
1.267974358204612e-06
0.0
3.5633727210252866e-07
6.217052021615978e-07
2.630436290609697e-11
3.898473278733596e-07
0.0
8.288160427318934e-07
0.0
3.751683414927977e-07
0.0
0.0
0.0
0.0
0.0
4.326941215815018e-08
1.7493913691607938e-09
0.0
2.190686002332894e-07
6.422201516934588e-10
6.197031682983421e-10
6.423003724083335e-10
1.9420243114690957e-08
5.585244814939381e-08
0.0
9.375708971456131e-08
0.0
0.0
1.050721561961588e-06
0.0
5.617202680368621e-08
3.750207413448361e-08
3.7502076121006477e-08
3.7502078083844204e-08
0.0
0.0
-2.094536318011899e-07
2.190686001215922e-07
1.1595047832251803e-18
1.9871398205297087e-08
1.991769176411469e-08
1.996688343040898e-08
1.996555364140137e-08
1.9420242632008262e-08
5.585244767310378e-08
0.0
7.904643388738537e-08
0.0
0.0
1.0507215614964828e-06
0.0
5.617202633995969e-08
3.750207363422721e-08
3.750207562671975e-08
3.7502077595468267e-08
1.9420242149152657e-08
5.585244719677646e-08
0.0
7.904643342063292e-08
0.0
0.0
1.0507215610315845e-06
0.0
5.617202587666093e-08
3.7502075132196275e-08
3.750207710687893e-08
0.0
0.0
5.778650459488803e-10
9.939704814429517e-09
0.0
-9.129970506992127e-09
0.0
0.0
0.0
9.588868767538204e-09
9.958678710722622e-09
1.206676744345281e-09
9.756939589600222e-09
4.205380088536826e-10
0.0
7.353683331249534e-09
0.0
-9.618970182433823e-09
2.7265398133992402e-05
4.236278142113096e-06
7.258579350036327e-05
0.0018184097075256227
0.00010126085998157486
2.1532070360199793e-05
2.964878430884441e-06
5.0483354240089685e-08
0.0
8.44163413309618e-06
0.0
6.1864635341330335e-09
3.788296854586773e-09
0.0
0.00010413689690522565
3.147037068167837e-07
7.706934607660152e-05
9.736751222488556e-09
0.0
2.151106177810183e-06
2.125413712249384e-06
4.9737392137164105e-08
4.904936007701921e-08
7.911164389804149e-09
-4.19406983524258e-09
-9.823405093372167e-07
3.0493445260168506e-08
-7.297482505210992e-09
0.0
0.0017579713456059372
-9.152415319201024e-08
-8.196018425324057e-08
0.0
0.0
1.3105022484009323e-06
0.002743062934684528
0.0
-1.9470431211754402e-08
9.530787336317452e-09
1.9761494136815276e-08
4.911409386370355e-10
2.1056586984781847e-07
0.0
2.9627698989133516e-08
5.280395583140175e-10
1.6357721370195994e-06
1.6357721362284696e-06
5.2156558024975834e-11
-9.328437301394562e-07
2.623475805572133e-06
2.0581391607066365e-07
0.0
9.661436698957598e-09
3.265998736804321e-10
4.924815382460771e-09
4.924814760971937e-09
0.0
0.0
0.0
-2.1438087103708287e-06
-2.1351197457414317e-06
-4.0217802624822357e-08
-4.904937508931617e-08
0.0
1.079117258500091e-06
2.00746929079898e-08
-1.6210084595967827e-08
2.0493861414562194e-08
1.5317890985986396e-06
0.0
0.0
3.2610379416204266e-15
0.0018804843735898968
0.0018804843735866488
-1.5317890970142217e-06
2.0125079938976406e-07
2.1384567846602585e-05
8.467144399407197e-08
6.852341333522388e-05
0.001812100535912398
1.9302458876889875e-05
0.00010029118230982383
0.0
1.95697116111299e-05
9.300038775176167e-09
0.0
-1.3317991714834998
1.3316190887521133
-0.00018008273138629091
2.789414327955388e-08
0.0
0.0
0.0
9.981185185135725e-09
9.981181189107024e-09
-0.025716520967022132
-0.00242959100688935
-8.153964864013693e-05
0.0
0.0
1.916784904072955e-07
2.715414844624295e-07
8.484956677109771
-8.484956637177339
9.981997785045943e-09
0.0
0.0
9.952385489941045e-09
9.95381149276653e-09
3.2267283138759324e-07
0.0004362221805914997
2.1337971510913437e-05
2.6596721249428495e-06
-3.293874548115916e-11
2.6596721209482295e-06
4.580928309373262e-07
1.130284088120887e-09
0.0
2.0303667092329888e-07
2.139183171532993e-07
0.0
0.0
0.0
4.53520400481312e-08
7.292717041223986e-09
0.0
0.0
0.0
0.0
0.0
9.963030491347558e-09
1.370493857840659e-06
1.5313737885169294e-06
1.0857190737778783e-06
1.0339971414727582e-06
1.6095936744611545e-06
2.212556475241651e-06
9.73563687708125e-07
-1.635772137810118e-06
0.0
1.5413744664611102e-07
-5.15757011404494e-09
0.0
3.294462581088383e-11
0.0006054891304781709
-6.356212272251785e-06
-6.356170057182819e-06
0.0
0.0
1.9005918062121548e-07
6.093893991989334e-10
2.458822695359478e-08
0.0005094433953262444
0.0005094923331164379
-0.00042164407570410845
0.0001228295832186274
0.0
0.0
2.51810270362888e-06
-0.0002688662352983528
0.00026637706933255786
4.635176282209581e-10
0.0
0.0
-3.138145517594195e-10
0.0
0.0
0.0
0.0
8.874057821961391e-09
8.874057821445193e-09
2.577194356607528e-07
2.577194325200789e-07
9.964795463063801e-09
9.964792312880508e-09
8.874057820171255e-09
8.874057822317426e-09
8.87405782276487e-09
0.0
1.0801275776604824e-09
3.230145141179245e-07
3.230145141179382e-07
0.0
2.1983515883960526e-07
0.0
1.679848532973212e-08
0.0
8.873801709999808e-08
0.0
0.0
0.0
0.0
-9.459979355419534e-09
7.73654754619447e-12
0.0
1.1373488395686786e-06
2.2373697818086031e-07
9.943366967767226e-09
6.435184824439655e-10
9.964370672977882e-09
2.0088909993608891e-07
0.0
0.0
8.441634131508621e-06
0.0
1.2275626784679454e-07
1.2275625986046644e-07
7.985569886656969e-15
1.6079592997007177e-15
0.0
1.5229876792514656e-06
0.0
0.0
1.6192563792930354e-06
2.201758376803714e-06
9.212776759716106e-07
2.088786308610756e-07
1.9861580167310703e-05
8.965262374882143e-08
6.85327910299723e-05
0.001810481279533064
1.710070050004016e-05
9.936990463381015e-05
0.0
0.0
0.0
1.2038355671140553e-06
0.0
0.0
2.3965823353217883e-06
2.4060213537249926e-06
2.3965823353222465e-06
2.3965823353219196e-06
2.3965823353220187e-06
0.0
0.0
7.673291483054768e-07
0.0
7.731404263577605e-07
-1.9956219265526536e-09
0.0
0.0
0.0
0.0003928969485409439
1.244679780994587e-06
1.2446797778257056e-06
0.0
0.0
0.0003928672473040447
9.966656244189807e-09
-4.791340993473558e-07
9.542241794157398e-09
9.542241794663945e-09
9.54224179527404e-09
9.624811329732788e-09
0.0
0.0
0.0
0.0
0.0
2.914605838285917e-08
5.916468056985168e-10
0.0
0.0
0.0
9.547354483031857e-09
4.694823504896631e-07
0.0
0.0
0.0
1.9853248192270396e-08
0.0
-4.330026044704086e-06
0.0
1.1713735154491133e-07
0.0
0.0
6.9850957767885085
-6.985095874983042
5.072668490909037e-10
4.930657636605112e-20
1.280042410501402e-06
-0.001744207651141219
0.0
0.0
0.0
0.0017905019191340596
9.903071979239735e-09
5.643186118113174e-10
2.6248312594953096e-09
0.0
0.0
0.0
0.0
2.133797151837652e-05
0.0
9.492342736614885e-09
9.459940382463388e-09
9.459940497613673e-09
0.0
0.0
0.0
-3.938819085778579e-10
0.0
0.0
0.0
0.0
0.0
8.871616770526739
0.0
3.7104777942409504e-08
0.0
-8.871616770425199
-4.309167179171198e-12
0.0
0.0
0.0
0.0
-9.948896701156111e-09
2.190685995992446e-07
1.2205960812205346e-06
0.0
0.0
0.0
1.7452955690729653e-07
0.0
1.6493578005405599e-07
2.1983392944164385e-06
0.0
0.0
0.0
0.0
0.0
2.3439738329173442e-07
0.0
0.0
2.372618989776328e-09
5.845253518436809e-15
6.628898822046388e-15
5.8278975576306834e-15
6.632217756443159e-15
2.237369765915352e-07
6.122211577254645e-10
1.1923761993004993e-08
0.0
-1.0003571108632234e-08
0.0
2.3405332237532034e-07
2.2108367525199562e-07
4.0405093795750267e-11
9.676774317829667e-09
3.4168365227763244e-10
0.0
6.623419185262645e-05
1.1431934334773863e-05
1.1441698434004544e-05
9.764099231565886e-09
1.5136813950399255e-08
9.6677781247629e-07
0.0
0.0
3.647435001945032e-07
0.0
0.0
1.0138437076439225e-06
9.66777812653265e-07
-9.858561525668255e-09
-8.807549247514873e-09
3.647140699168964e-07
-2.0470874044844536e-09
-9.700030657796037e-09
1.013831911700347e-06
0.0
-1.0153727457353628e-10
4.3788058801241863e-07
6.254150818882765e-10
3.793807906212633e-06
3.7938079062126397e-06
-0.006641384844384146
-0.006632977611146562
4.105426730292873e-07
1.6673641527446657e-06
-4.898421241534661e-13
2.077906335931829e-06
0.0
0.0
0.0
7.62293953779782e-09
2.6063426944792255e-05
2.304391704291457e-07
2.0136399184608715e-07
5.299046021413537e-05
5.299046021413524e-05
5.29904602141352e-05
5.298110902530705e-05
5.299046021413543e-05
0.0
0.0
2.3307783976046144e-09
0.0
0.0
7.224447073943605e-09
0.0
0.0
0.0
0.0
1.4106147161428058e-07
4.235991045173732e-05
0.0
0.0
-4.248164165019169e-05
5.026292265434792e-15
4.250893886786411e-05
0.0
0.001946727251423126
5.635122220771947e-07
9.957239884788119e-09
6.176265707053034e-10
7.424773359320178e-10
2.1770542883841105e-09
-2.1770542856793754e-09
-1.0655383833584205e-06
9.719461695999188e-07
4.6703514915993026e-08
5.40504169547972e-07
0.0
0.0
0.0
8.01221859713687e-09
0.0
9.779235728020684e-09
1.7531790425331407e-09
3.0123634489273095e-18
5.3720589688021285e-11
5.372058972048289e-11
9.732425162233637e-09
9.732424367164788e-09
3.964216288646274e-10
9.753788664682486e-09
1.896634929046246e-06
9.753787874042094e-09
9.753787084482713e-09
1.845207916215707e-06
7.935612076821534e-16
0.0
0.0
0.0
0.0
0.0
0.0
0.0
0.0
0.013172439654633779
0.0
1.1567439192905928e-07
0.0
0.0
4.8209880120875064e-08
6.220544377100579e-10
6.266513658677655e-06
2.7095142573612066e-10
0.0
0.0
0.0
0.0
0.0
1.996031198674712e-08
6.412870664080032e-10
0.0
0.0
6.025451537007809e-06
1.2588368449604688e-07
0.0
2.6019190162192155e-06
3.333996075974108e-08
4.371490306668106e-07
9.88987192151753e-09
6.390728312504604e-10
9.835731278177725e-09
6.508509154950942e-08
3.6584259477737135e-08
8.08513598026757e-09
-2.7609924775364807e-08
3.5758176031477727e-06
1.9153079603327102e-10
4.0254728633498275e-07
3.3584972424325197e-07
5.958662487517266e-07
6.267122589772018e-07
1.2509523014372302e-06
2.757107509747277e-06
0.0
0.0
9.676775850880661e-09
-9.725428115329756e-09
6.257796631235945e-10
4.8460006492839265e-08
1.0733604265245246e-08
1.9934071906962528e-08
9.96854606313439e-09
0.0
2.280061217772398e-09
0.0
0.0
0.0
1.1575639538120322e-06
0.0
-9.858975126496408e-06
6.401197597892099e-10
1.996078546167117e-08
6.40706213924526e-10
-3.137893062705297e-10
2.6234758053719624e-06
5.215502789147507e-11
2.7672625838053312e-05
2.2260973192428113e-12
9.331469520616493e-09
-9.888843671871592e-09
4.4699949908912415e-06
4.479883835354088e-06
0.0
0.0
3.658425817571631e-08
3.658425768592627e-08
-4.737348469996232e-09
0.0
0.0
1.5466095767055633e-11
1.546735559181327e-11
1.546947736579648e-11
-1.5651871000720106e-11
-7.95491331227055e-15
0.0
2.79476420417441e-08
0.0
-2.1442050637566732e-10
0.0
0.0
0.0
1.541374476086978e-07
0.0
0.0
-3.972625180204137e-15
1.1575639537992151e-06
2.3014857945751856e-07
6.356970737966572e-10
1.9954409710992424e-08
6.388549538983399e-10
1.7228263620827923e-08
0.0
0.0
2.341462575856352e-10
0.0
7.753192509187053e-12
0.0
2.9612823497819542e-09
3.4327484922215057e-10
3.934526380216563e-09
0.0
0.0
-6.895808730023739e-09
0.0
0.0
8.027330309379142e-19
0.0
4.4134918956294237e-07
4.5099833636873425e-07
0.0
5.135188483165368e-09
1.2765208032346362e-05
9.539248073077772e-09
0.0
0.0
9.981836427063505e-09
0.0
1.9043681469969986e-08
9.672579523639124e-09
3.375587102739417e-10
4.192077567078592e-09
-1.032933101899336e-08
5.473159654611443e-10
5.799268607042617e-10
0.0
0.0
9.410935164488876e-08
1.9791276753814943e-08
5.340795198768657e-10
5.886275364063881e-08
2.3734860891910856e-09
0.0
0.0
-2.4132579163069966e-09
3.412456206218187e-08
0.0
0.0
6.561462202664342e-08
0.0
0.0
1.4272453640015407e-08
7.948463654101953e-08
4.6740159460286806e-09
0.0
0.0
0.0
2.7057699297587473e-07
7.801445694512202e-07
3.5809926660117228e-09
0.0
6.584907540152864e-08
0.0
4.718600064525305e-08
0.0
4.7186002624580506e-08
0.0
4.7186004580212623e-08
0.0
0.0
0.0
0.0
0.0
0.0
0.0
2.13410256148118e-06
2.135119740720212e-06
4.021779762206399e-08
4.9049370084638944e-08
7.911174394401033e-09
-1.3578880126222104e-08
-9.92020867491769e-07
-2.101669109306144e-08
3.999393085925166e-06
4.00844639928097e-06
0.0
0.0
1.5136813914139194e-08
1.5136813952172e-08
0.0
0.0
0.002057231062640108
1.4899983313645311e-06
1.5038789134391076e-06
0.0
0.0
5.928534453340563e-07
1.072635955406296e-07
3.246000290068603e-10
0.0
-3.4329129663624105e-10
2.3745639664770033e-09
2.3745639658398227e-09
0.0
0.0
9.880061787042932e-09
5.416757744337049e-10
1.9070566672828875e-08
7.780316019252264e-10
4.437879408144834e-06
9.194463984122216e-07
1.9820362905611144e-06
5.688653366657332e-06
0.0
3.141278758935256e-08
2.5360164284095356e-06
2.724480385425836e-06
3.0507492257619837e-06
1.0100735112671752e-06
1.1415630786813403e-06
5.235819265498033e-06
9.002100063189445e-07
0.00013067354537658996
0.0
0.0
2.514526353928482e-06
2.81157676148434e-06
1.985210837418634e-06
9.996547539323184e-07
2.1135092432990127e-06
5.2196091759232506e-06
9.469135162559213e-07
0.0
0.0
1.1920994271987477e-08
2.1313711064438996e-05
-1.454405519578997e-11
0.0
0.0
-9.34400775851052e-09
7.920365169132609e-07
0.0005845505675972917
0.0
-1.3681815417292317e-10
0.0
-1.3681815696694487e-10
0.0
0.0
8.426113888634284e-06
0.0
0.0
0.0
0.0
0.0
1.2573027242788702e-09
3.7105140477121856e-05
0.0004963454557067269
-6.777966956416942e-05
0.00039145836639188094
0.0
0.0
0.0
0.0
0.0
2.9547351267768186e-06
0.0
0.0
5.870307604968603e-06
5.870307604968832e-06
5.870307604968372e-06
5.880066607956909e-06
5.870307604968503e-06
0.0
8.41961542084117e-09
0.0
2.711110227788814e-06
1.8397471567166103e-07
0.0
5.770882854513621e-06
5.770882854513401e-06
5.770882854513182e-06
5.778769053999468e-06
5.770882854513317e-06
0.0
3.7145176728652214e-07
0.0
6.974153928067666e-07
6.87604794783747e-07
6.93102633595654e-07
6.974153928069232e-07
6.931026335955087e-07
4.5529437962400926e-08
0.0
0.0
5.8306938059859865e-08
5.830693805963302e-08
5.8306938059409846e-08
6.771714594170043e-08
5.830693805954708e-08
2.554927076590714e-10
0.0
0.0
0.0
9.829564869446927e-09
0.0
0.00015166442720767817
1.7232625245702043e-07
0.0
7.734347761575612e-16
0.0
7.248807348394701e-07
0.0
1.676404119093675e-06
0.0
0.0
9.116149134961649e-09
8.39804406140606e-06
0.0019427534874931912
0.009278697708828162
0.0
1.650229202799277e-09
4.774062858576494e-10
1.6502288920289862e-09
0.0
0.0
-2.118455846587499e-08
-3.066182936766132e-08
1.9493639150092527e-08
0.0
4.770498312810759e-10
8.056600178379977e-06
1.9202568699319756e-07
-1.3681815403407796e-10
-1.368181540739254e-10
0.0018781230591401465
0.0
0.0
-1.926634238258451e-08
6.559973780181134e-06
6.559973780181139e-06
3.581268320406984e-07
1.892818293721077e-08
0.0
0.0
-2.344734764529212e-09
0.0
1.8085088588831538e-08
1.3781216893791163e-06
8.386109306335848e-09
1.090700253609682e-06
1.0433748363058812e-06
0.0
1.0798098483267787e-08
5.228601177535146e-08
0.0
9.743569506781569e-09
-3.5740830652028314e-05
8.11748312051836e-06
0.0
4.9169425734815516e-08
0.0
1.1579633142649592e-09
0.0
5.305042170091359e-10
0.0
0.0
0.0
5.698689231744584e-10
2.3810605277677606e-05
0.00034254717009012684
0.00034244318704775034
6.191602123374866e-06
0.0017689585037103939
1.4156201380306136e-08
9.893890181358389e-09
5.552836089480568e-10
1.9250768875890516e-08
9.317267346021766e-09
4.900925032588388e-10
0.0
0.0
2.280061219226047e-09
0.0
0.0
2.2800612205323223e-09
0.0
0.0
0.0
4.864473898339856e-08
9.82763814078202e-09
9.742958200589022e-09
0.0
7.757326341112573e-09
0.0
0.0
3.9912717794088836e-09
0.00020898288005088172
6.789636592634743e-08
0.0
1.3057626359229262e-10
9.833484697595623e-09
4.958442250487942e-10
7.50679334308189e-09
0.0
0.0017709273017051253
0.0
0.0
0.0
0.0
0.0
4.776194600254773e-07
3.936739104145665e-06
7.06111823373549e-08
1.7848638866545385e-09
0.0
6.074295844862169e-06
-3.1998340167292203e-10
0.0
0.0
0.0
0.0
7.853522515115727e-06
1.0284731139744707e-05
0.03811830947866724
0.0
0.0
0.0
2.713145829254366e-10
0.00013395212496138646
0.002599911317281859
4.541824159510139e-11
9.194849779714036e-09
0.0
0.0
0.0027338619008720933
0.0
0.0
0.0
7.391492536585712e-09
1.6380617884035406e-08
0.0
0.0
0.0004732107604028203
0.0007125924453654395
-0.015059655260187663
0.016245419789758003
0.03551839816138538
0.0027338619008681004
9.050626083757905e-06
0.0
1.9286423741115194e-08
5.389928194533149e-10
7.757326338469865e-09
0.00034244318704695974
7.705960932458795e-05
1.8385152720525933e-07
0.00010382211115244766
-0.0006538417536065233
1.996717207054764e-07
0.0
0.0
5.76556942387302e-09
2.164322828500178e-06
0.0
0.0
3.469864441760295e-08
-1.157411887042425
1.157335006592106
9.481506353919283e-09
0.0003200575754180774
0.0
0.0
0.0017526581075125018
0.0
9.754824966565782e-09
0.0
0.0
0.0
0.0
2.9675170022295116e-06
9.023398935752662e-09
-1.6897368556305555e-05
-1.6907127502798093e-05
2.766435650314239e-05
0.0002975504707083284
5.59575829680428e-06
0.0
0.0
0.0
-3.3218323856825287
3.3218323834574535
0.0
0.0
0.0
2.6341871355530767e-09
-3.7058140254370153e-09
-2.379316688492757e-06
1.1824823030115264e-08
8.109712995047583e-06
0.0
0.0
9.634630752238672e-05
-9.631933038737814e-05
0.0
9.9242037517802e-09
0.0
0.0
0.0
0.0
0.0
1.435755617702008e-07
6.423548044833341e-10
0.0017649425182489759
0.0
0.0
7.935785330834393e-15
0.0
1.2775125360781917e-08
4.855898490079856e-07
9.760419212642238e-08
0.0
1.9460297150301012e-08
1.4861906553811914e-06
5.002684854750063e-08
0.0
1.3875630777370986e-08
2.328998752429034e-10
2.4060930903003577e-05
9.655007302827302e-06
3.992966120763838e-08
6.417410334947412e-10
0.0
0.0
6.418331986425742e-10
2.405100084491331e-05
0.0
2.1378522948877127e-07
1.7610863577186444e-07
0.0
9.96776299759354e-09
1.8385152878886564e-07
0.0
0.0
0.0
0.0
0.0
-4.3761008250257916e-09
3.987923310648107e-07
2.3721754723555642e-07
5.715826830976943e-09
5.314477772545963e-05
9.978453450236539e-09
-5.313479926803867e-05
2.5840991568770733e-08
0.0
1.7333691286580497e-08
5.216793885666133e-10
-0.006618138363208459
-0.0066389986215841645
0.0
2.1351022832184998e-05
-2.135102283218475e-05
0.0
1.459417522454206e-08
2.1379408824148007e-06
2.135119735698684e-06
4.021779261501038e-08
4.90493650812221e-08
7.911169391458528e-09
-1.3578885110950012e-08
-9.92020872473895e-07
-3.0493440279343725e-08
-3.137842692970926e-10
4.0403517276384635e-11
0.0
-1.5400768469753592e-10
1.3007311738809907e-06
1.63545306398313e-07
0.0
0.0
0.0
0.0
0.0
0.0
0.0
0.0
0.0
0.0
0.0
0.0009217892408738743
4.478693231004223e-06
0.0
-2.065848965347602e-06
0.0
9.496079247497528e-09
0.0
0.0
0.0
0.0
6.87708367882124e-09
0.0
3.257293943578204e-09
0.0
0.0
0.0
6.62572380473935e-14
0.0
9.881835423048877e-09
0.0
0.0
0.0
-6.271073171165709e-09
-6.271073171165709e-09
-0.00034235978791485877
0.00034236711747445816
0.0
-4.329015161225443e-07
4.525878486263054e-07
0.0
0.0
0.0
-2.085382358796295e-06
0.00012859799126956707
1.3300493742881829e-05
0.0
0.0
3.312214128256715e-08
8.708618598173564e-07
6.31479890889822e-10
9.971316044462915e-09
-0.0002377322748032373
2.447507677869966e-10
0.0
9.1189878898794e-09
0.0
9.118988067550338e-09
9.118988242163264e-09
0.0007157931645308813
-2.9697479903991426
2.9697479805257694
0.0
0.001164691209055748
8.72348007185552e-09
-4.901113773387884e-07
4.817382705020483e-07
-1.7202464244801905e-08
-1.7202464244801905e-08
0.0
0.0
0.0
-5.215423926063778e-11
0.0
0.0
-2.7543384241131633e-09
-5.778658518276053e-09
5.157566908275957e-09
1.4223616832241608e-07
6.363218351773119e-10
2.5732443102757733e-05
2.571510835181698e-05
0.0
9.16233597100471e-09
1.0525345938179317e-05
3.4094155396577074e-08
0.0
2.324246495225971e-06
-2.304291019328275e-06
9.979237952701021e-09
9.882873002918795e-09
1.2019077226537994e-08
2.6364526706393122e-06
-2.636452670947826e-06
-2.636452671241074e-06
2.6364526715348916e-06
0.0
-1.7403599369893697e-10
0.0
0.0
-2.6234758054722706e-06
0.0
1.118191184501366e-08
2.6320161288803886e-08
0.0
0.0
0.0
9.542241795522663e-09
6.915767349173735e-08
8.593606184322126e-10
7.382463692110848e-08
0.0
3.2263403412665097e-08
0.0
4.106537198451336e-09
0.0
0.0
0.0
1.9600045557036194e-08
1.4650130687028285e-08
5.987847081993994e-10
9.938094740949052e-09
5.470430980172689e-10
9.885517687753477e-09
0.0
3.748814240160413e-08
3.44737461669972e-08
1.8413447155904597e-08
-7.720906498320676e-09
2.4782309537840774e-10
1.5304099739491445e-06
5.545629916042386e-10
1.5207030862876821e-06
8.315398261576554e-06
0.0
2.636452669734416e-06
0.0
0.0
-2.625771740531481e-06
-2.6453328979112356e-06
8.109712992667737e-06
1.5136813951088154e-08
1.179348556267836e-08
6.179958597490299e-09
0.0
0.0
0.0
2.9899704232576126e-09
1.8807600906291267e-08
9.19507419606449e-09
0.0
-9.19510889898687e-09
0.0
1.324678599878427e-08
1.1333520797829347e-06
7.309763650997419e-08
0.0
0.0
1.5504132323960503e-06
0.0
1.4354428589543143e-09
0.0
8.732114349024116e-09
1.6539637985826458e-09
6.433087210883112e-08
2.118843115733642e-08
0.0
0.0
0.0
0.0
0.0
7.713500155756108e-08
0.0
9.422974180803105e-11
9.465465751696059e-07
3.78179481713597e-07
5.917802299469787e-07
1.0625737198767145e-06
1.0068419225411237e-06
1.6237457180446514e-08
9.61980480191963e-07
9.527598292450511e-09
0.0
0.0
0.0
9.134216406059848e-09
9.607631757898604e-09
0.0
0.0
9.73755491588545e-09
8.412207186122901e-09
9.753473198574328e-09
0.0
0.0
9.692425908314211e-09
1.0385384137579394e-08
1.2134191185215938e-08
0.0
0.0
4.7560999020626213e-07
0.0
2.3821702446255954e-08
4.0825518716177275e-07
2.6890192387378772e-08
4.307461082289775e-07
0.0
0.0
6.411801329875013e-07
0.0
-1.9043682261910217e-08
3.710477931259521e-08
0.0
0.0
2.386537668742308e-05
2.3929893715779243e-05
-2.6901324501951855e-08
0.0
0.0
0.0
-9.676166410656217e-09
0.0
0.0
7.700176841228873e-09
7.700176842084762e-09
0.0
0.0005247687793983876
0.0
1.3760777928567298e-08
9.972481075729354e-09
9.948296577659059e-09
9.94829657916342e-09
9.933592252420692e-09
9.933592253383225e-09
9.922351973768706e-09
9.922351975028583e-09
9.92624126227736e-09
5.600220369788304e-19
9.926241263502409e-09
1.4147604186224208e-08
0.0
3.0888469234186656e-09
2.437494159049602e-10
4.007350270610173e-06
8.218410943863839e-10
9.725032064981573e-09
3.8915090693612267e-10
0.0
0.0
-4.264327798658035e-09
0.0
4.703955301795098e-09
0.0
1.721058794244846e-05
1.7204635708524162e-05
1.7210587942450506e-05
1.3102721101580828e-06
0.0
1.1763344168717087e-07
1.8048722508354982e-09
0.0
1.3190475530279284e-07
0.0
0.0
0.0
0.0
1.2293924923436755e-07
0.0
0.0
0.0
0.003044000700224897
0.0
0.0
0.0
0.0
2.3715671114511077e-09
2.372117268700802e-09
5.2375332913664394e-08
4.263237471238384e-08
4.067843469994845e-10
1.2851829133234583e-10
9.459974661976092e-09
2.373074530504238e-09
1.3130974534567984e-07
0.0
-1.0164395367051604e-19
0.0
0.0
3.123367357559855e-10
0.0
0.0
0.0
0.0
0.0
0.0
1.5405930658595753e-15
0.0
-9.79156140219886e-09
-8.085460288704085e-06
0.0
8.094712944305745e-06
0.0
1.1212881134667404e-08
8.260420161346033e-19
1.721058794244639e-05
1.130944580223078e-06
1.1309445802231375e-06
0.0
0.0
9.054430099731931e-08
0.0
9.093146636382836e-08
0.0
0.0
7.947125018443496e-09
4.975148225934491e-08
2.9939160270769546e-08
2.8117246677405066e-08
2.4051000044191552e-09
0.0
2.2638964748812095e-08
0.0
8.480268069930712e-08
0.0
9.051630845780066e-08
7.883792814758483e-09
0.0
1.7238134156941744e-05
0.0
-9.87635901398198e-09
1.72381341519193e-05
1.515864131707089e-08
0.0
5.419541268584344e-07
0.0
-9.676166409626225e-09
0.0
2.473738216454686e-08
-1.3485653562681768e-11
0.0
0.0
0.0
0.0
0.0
-2.7154874723334717e-12
0.0
0.0
0.0
5.135188735336574e-09
-0.0006410643416762899
0.0
9.969882831700286e-08
0.0
0.0
0.0
2.190686001696398e-07
0.0
-4.2276366628589004e-10
0.0
7.852792105508821e-06
7.85279209522538e-06
3.1010390639607275e-10
1.5413744763128117e-07
8.422571253048816e-16
9.91760096269445e-09
5.786172310900199e-10
1.0398304158581773e-07
0.0
0.0
0.0
0.0
6.893909985687515e-05
0.0019342557244573402
0.009278445452761349
0.0
1.677051222381716e-08
2.74352953003593e-06
3.2267282739532695e-07
0.0
4.810643144678096e-08
1.7445910850629026e-07
2.7435384769291887e-06
3.1108879169221075e-07
0.0012625110224846591
3.298240836624183e-07
3.258155865243626e-05
3.631396480352618e-05
0.0
0.0
-0.002395380610508689
0.00020987298455791767
6.264039688402675e-06
-2.024327387785552e-08
-9.864144433233872e-06
0.0
-1.6609372603952795e-08
2.757673333524829e-06
2.3502326753093083e-07
2.659023530255546e-07
0.0
0.0
5.359958206605573e-07
-6.297970218932915e-12
1.8344530213889315e-07
3.4307210196704016e-07
2.9090661994963274e-09
0.0
0.0
0.0
1.379684081318577e-08
5.898900329126216e-10
3.3014064705637627e-07
3.110887876863952e-07
0.0
0.0
-3.9561805756346054e-08
9.946003819150118e-09
2.5484884585609885e-08
3.2302269762636275e-08
0.0
0.0
0.0
9.955765989388965e-09
0.0
2.4447180981553616e-08
0.0001121168250035609
0.00011211682500421977
4.6270765975447834e-10
9.79980478982352e-09
5.481585274126273e-08
2.597373014237419e-08
9.974508961930634e-09
1.0508007834986529e-05
9.9762354275026e-09
2.757107519348546e-06
9.975600675690834e-09
9.9189331057463e-09
0.0
5.963813725967405e-08
0.0
9.965523607196716e-09
5.788809484417964e-08
9.96515320557652e-09
5.030987735292358e-07
9.885793766439567e-09
0.0
9.979031186192858e-09
0.000435084956365612
9.983547858987153e-09
9.849789268187999e-06
9.980094818656704e-09
0.0
9.982365570493982e-09
0.0
8.153964863690858e-05
0.0
0.0
1.4565560667582891e-08
0.0
0.0
0.0
2.757107516147196e-06
0.0
0.0
0.0
0.0
0.0
7.777373256235318e-08
0.0
0.0
0.0
0.0
0.0
0.0
6.927670520555689e-08
0.0
0.0
0.0
0.0
0.0
0.0
0.0
0.0
0.0
0.0
0.0
0.0
0.006586290143071771
0.0065862917051563484
0.00019530415552609348
0.0
1.2446797754469413e-06
0.0
0.0
-2.414186644154273e-10
6.084516598104601e-11
0.0
0.0
0.0
0.0
-2.4132578229029794e-09
2.7695871095672314e-11
1.7728500481844856e-11
2.636452670235237e-06
9.69641413355676e-09
0.0
1.947945934371719e-08
6.5292055744310005e-09
0.0
0.0
3.542531154938758e-11
0.0
8.855656496700222e-09
0.0
0.0
0.0
2.9703332842723877e-07
0.0
5.849170168359157e-10
9.932098928626679e-09
5.928839011304574e-10
-1.9479457890464458e-08
4.34114400674769e-08
0.0
0.0
0.0
0.0003425710753324547
1.494057626222828e-05
0.0
1.5218672103420125e-06
1.0086033057232715e-06
8.148593455691435e-07
9.963214107090867e-07
1.5677648650553424e-06
1.7447476161155574e-10
-3.138145542438244e-10
0.0
0.0
0.0
5.13518818274898e-09
0.0
0.0
0.0
4.770869152144128e-10
5.690533647524126e-06
3.349178896310156e-07
0.0
1.2653827691045498e-07
1.0450762982554737e-09
0.0
2.6105048720449018e-06
0.0
0.0
5.298301482117796e-08
1.9038456879571746e-07
3.019350856778008e-08
2.1307778006339556e-05
0.0
3.9879233503353106e-07
0.0027306529802424368
6.934314869859169e-09
0.0
0.0
0.0
7.774829009284836e-07
1.747002819908554e-07
0.0
0.0
5.481236240709498e-07
1.4875724247296868e-06
0.0
0.0
-9.791792881727601e-09
-2.4132578848922386e-09
1.311498242362801e-10
0.0
7.921889315500065e-07
7.757326336440948e-09
0.0005845505675972798
5.786564044928674e-07
1.7555946420140049e-06
2.068969100879594e-08
8.221807355302889e-07
3.565360398945231e-07
4.396159679612443e-07
6.123615204277643e-07
1.0235990710782755e-06
-3.484879459250368e-07
1.684246807005442e-05
-0.0005827560890645511
-0.0017709273017051386
0.0017689585037106333
0.0
-0.0020516353043433175
-0.00020882005205416672
0.0
0.0
4.276153691776217e-07
0.0
0.0
0.0
0.0
1.3657473143639855e-06
0.0
2.6999423146826122e-08
0.0
0.0
4.2761536906938645e-07
3.649585696477555e-07
0.0
6.440325772696034e-08
0.0
6.222288200713551e-07
0.0
1.0318871315006236e-06
0.0
1.3561298899147589e-06
1.7338810408329606e-08
4.209800623358037e-07
3.5526633732735455e-07
5.6151546436986196e-08
6.128886626969862e-07
1.0222091070026123e-06
0.0
0.0
9.837352439590052e-09
0.0
0.0
6.185669424807819e-09
0.0
3.7767274638778048e-06
-4.5015698480705487e-07
0.0
9.465465752545871e-07
3.781794817967215e-07
5.917802300241532e-07
1.0625737199655045e-06
1.006841922621206e-06
1.623745727320957e-08
9.619804802901208e-07
7.760474595051093e-07
1.844520589634964e-07
0.0
0.0
4.841193759388048e-07
1.4663839949595069e-06
1.6141847003847615e-08
7.885749169772014e-07
3.031801553504982e-08
1.267974358263748e-06
0.0
3.5633727217144966e-07
6.217052022305155e-07
2.6304421676170024e-11
1.3246786041306909e-08
1.133352079823594e-06
7.309763654788416e-08
0.0
0.0
1.5504132324416952e-06
0.0
1.4354421227040378e-09
0.0
8.732113615508017e-09
1.6539630675861147e-09
6.433087138327177e-08
2.1188430437229503e-08
0.0
0.0
0.0
0.0
0.0
7.71350016192762e-08
0.0
9.422980332373677e-11
-3.93673908827288e-06
0.0
0.0
0.0
0.0
0.0
-5.146985247728164e-09
2.1906859951879044e-07
-0.00014176055756174433
0.0
0.0
2.2297578144922867e-08
0.002737414925744226
0.0
8.92752582018945e-09
0.0
0.0
0.0
1.1412621644232526e-06
0.0
0.00030672669532983636
5.65599719564384e-06
4.6781379051696834e-07
4.483833313494168e-08
-0.005524907499700453
-0.03037756658916546
1.2756889293589129e-05
0.0
2.4389067342419707e-07
0.0
0.0
9.602561132723201e-09
0.0
0.0
0.0
0.0
5.6798086160192794e-09
0.0
-9.734297584575863e-09
0.0
0.0
0.0
0.0
0.0
0.0
-5.124637768053552e-09
1.4964481503764868e-05
9.94336538011021e-09
6.039719026773952e-10
0.0
3.729437574875625e-08
-3.0319691096637476
3.0319690819741196
9.604746991831473e-09
-0.030351682902292284
9.814743905495179e-09
9.814743615800688e-09
2.2108367559066366e-07
2.1348421680439327e-08
0.0
0.0
0.0
5.481109433711021e-07
2.331709435710346e-08
0.0
1.6842468070053703e-05
4.3095224024132694e-10
1.6842468070845628e-05
9.767526713772949e-09
2.1348420982607828e-08
0.0
0.0
0.0
5.481109427035163e-07
2.3317093697284675e-08
0.0
0.0027374247598881533
9.231656056673467e-07
9.941475746776217e-09
0.0
-0.0003929083892248008
3.147037060265647e-07
0.0
0.00039292486263326653
5.928572030431374e-10
0.00043463377467994034
1.1841234578087086e-08
-9.633951410184503e-06
9.866906322859349e-06
0.0
2.767401792656081e-06
0.0
0.0006323318039619185
8.807497515294218e-07
9.888421362443632e-09
9.88815657008726e-09
0.0
0.0
0.0
0.0
0.0
0.0
0.0
0.001860250104611908
-4.671855115870294e-07
2.1906859735960726e-07
0.0
1.4946284617942118e-09
9.253395231351587e-09
0.0
-9.274153742679266e-07
-9.274153742920873e-07
-9.274153743170477e-07
0.0
0.03080209096207998
0.03080209096207998
1.0240525023017277e-06
0.0
0.0
0.0
0.0
0.0
1.2519943478626617e-05
0.0
0.0
-3.1380446909573417e-10
6.335054835653324e-05
6.335054835653326e-05
0.0
1.5413744757483386e-07
0.0
0.0
-2.874285302078667e-11
0.0
-9.358454785418635e-09
0.0
-2.8742856984148037e-11
3.83246008075304e-09
2.7539181081984243e-06
4.312087973425223e-09
0.0
0.0
0.0
0.0
1.6103278503761346e-08
0.0
9.851588711799561e-06
5.5613735808944485e-08
3.7877312433923275e-09
0.0011679288347004046
-0.0005970233204079235
0.0
0.0
1.857043589428971e-11
7.100631053026147e-11
0.0
7.100648676894444e-11
7.100666149082096e-11
0.0
1.2800424136707834e-06
2.1337971506919612e-05
7.977262674996973e-16
0.0
5.696239259414603e-09
0.0
0.0
3.6584259034494436e-08
-3.658425831373768e-08
0.0
0.0
0.0
0.0
0.0
3.2903331927152727e-10
0.0
3.2903331815230914e-10
1.5469138098511042e-11
4.469994989308502e-06
1.8359078762545604e-06
0.0
1.2291081481032875e-06
0.0
0.0
-0.028629082183435413
0.02862912101207619
9.600816123909355e-09
0.0
1.2800424168320275e-06
1.2800424160415905e-06
1.5468155593927797e-11
0.0
0.0
2.301485792788609e-07
2.2108367593131011e-07
0.0
0.0
-9.064903165774407e-09
0.0
0.0
0.0
0.0
0.0
2.135766411472216e-05
2.134784511203386e-05
1.2800424152525802e-06
1.4388420529479416e-16
1.4388420545734212e-16
0.0
0.0
7.286268351139278e-09
0.0
0.0
0.0
3.656236134970371e-05
6.757453555551747e-05
0.0
1.546475319197e-11
1.5466694336608313e-11
1.0572275978756132e-05
8.574709221221668e-07
0.0
-1.3017785183144781e-08
0.01309570826921415
0.0
0.0
-0.0005925710588128479
4.919882276492848e-10
0.0
9.829564870262843e-09
0.0
-5.020722437706937e-10
2.1279883812846334e-05
0.0
-5.019415551412278e-09
3.764266746679493e-09
0.0
9.616994328113638e-09
0.0
2.828945408719803e-10
2.8289454109707647e-10
4.192077567324874e-09
0.0
0.0
-9.57415852904952e-09
0.0
0.0
0.0
0.0
0.0
0.0
0.0
0.0
9.854412217781272e-09
1.2742420898995242e-10
0.0
9.252843108163942e-07
3.65842583855291e-08
1.6764041139498597e-06
0.0
2.4444833265387686e-07
-2.2472637795090122e-07
4.984755921899422e-10
9.69693240586528e-09
3.6157367316806425e-10
0.0017442076511420147
4.95876491252106e-07
0.0
0.0
6.021129419387931e-10
4.5258784940945073e-07
0.0
0.0007016264083914803
6.384267256829782e-06
-0.000762414415889312
6.719206917342742e-05
5.149902341034198e-10
1.5509593519561484e-08
-1.5509593677358342e-08
0.0
0.0005845408945882313
0.0005833849821846296
0.0
0.0
3.432748494798301e-10
1.928321140529934e-08
2.94974841455527e-10
-2.949748424978475e-10
5.073111338877418e-07
1.5509593204345498e-08
0.0
9.696869275544998e-09
0.0
0.0
0.0005854187563344437
0.0
0.0
0.00020900921745928982
4.271839339402489e-09
0.0002089939695186667
4.271839338790746e-09
0.0
1.9519779963393e-08
5.382889379406392e-10
5.426106437295608e-06
6.053974523294972e-09
5.409366430375562e-06
0.0
0.0
9.565621415027082e-09
9.565620573187929e-09
-2.2292402405521237e-05
3.1473020120012637e-18
0.0
0.0
0.0
0.00011581878380951388
0.00011581878380951382
0.0
0.0
0.0
0.0
9.129970507506954e-09
5.8211579060260144e-09
0.0
-2.438906727296117e-07
0.0
-2.5630955989151916e-07
-2.621307178933461e-07
5.927983467862181e-14
0.0
0.0
9.939643875299845e-09
9.932789637967029e-09
5.935629219651066e-10
0.0
0.0
-7.355329798572688e-09
1.9038454325632763e-07
3.5812683281710297e-07
1.903777340482002e-07
0.0
0.0
1.9038454545078462e-07
1.9053569990604258e-07
1.705389961429051e-10
0.0
0.0
6.003094094175647e-10
-5.8197232928602904e-08
0.0
9.933501530644634e-09
9.933500088905082e-09
0.0
0.0
6.028238636058886e-10
9.951592689285514e-09
9.951591217749467e-09
-1.972952815685206e-09
9.942198748751662e-09
4.864473898286751e-08
2.1430799842934965e-07
1.9038456315404382e-07
0.0
0.0
0.0
1.9062066170178266e-07
5.52946235823205e-09
5.5294575092479434e-09
7.176629423327016e-07
9.938409333618743e-09
0.0
0.0
0.0
0.0
0.0
5.214775367956478e-07
2.1906859882038252e-07
15.777819759650285
-15.777819749741688
5.697539505847062e-10
4.341143877406196e-08
9.602687992753094e-09
9.60268845730662e-09
2.4775463390693517e-07
5.402014711902584e-07
0.0
0.00018838335033657507
-0.0001882939173451615
5.843779363109706e-10
0.0
-0.0002105419678386511
0.0
1.3928669843109379e-08
-4.157390503687838e-09
4.346441181454998e-10
-0.00021056007989628256
0.0
8.795575720869237e-10
2.477546307466386e-07
2.2239549786849232e-07
9.973074871067358e-09
-2.124224198270675e-07
6.346225681763691e-10
3.6525803749694964e-08
5.060857524958878e-08
1.9952634360909452e-08
6.381820975485468e-10
0.0
-2.8079144977930275e-10
7.974733143893677e-09
0.0
0.0
0.0
0.0
1.7830051767397617e-08
0.0
0.0
0.07724413242153934
0.07724407921296275
4.338567796179526e-08
-6.647127293035737e-12
