0
0.0
0.0
0.0
0.0
2.981430285559827e-08
1.4318795822427856e-08
0.0
0.0
0.0
0.0
0.0
3.3992639038323496e-08
0.0
0.0
0.0
0.0
0.0
8.477318414132777e-09
0.0
1.702215864950461e-09
0.0
0.0
0.0
8.650528265157051e-09
0.0
6.970376518720037e-09
0.0
0.0
0.0
0.0
0.0
0.0
0.0
0.0
0.0
0.0007597117116388439
0.0
0.0
3.2142116675392266e-09
5.814477465889763e-09
0.0
0.0
0.0
0.0
0.0
5.1993480746338655e-09
2.327104396085946e-06
0.0
0.0
0.0
2.478274258318838e-19
0.0
0.0
0.0
0.0
0.0
0.0
9.653179824138548e-09
0.0
0.0
0.0
9.661365284596475e-09
7.571178186088502e-17
6.024103998506092e-09
0.0
0.0
5.800224761047524e-09
0.0
0.0
0.0
0.0
0.0
4.503619271804722e-09
1.0154673750153268e-10
1.2526515434238858e-11
9.933628034725084e-09
0.0
0.0
0.0
0.0
0.0
0.0
0.0
0.0
0.003782861264822858
4.898976189993132e-13
4.406271600872356e-09
6.424116091191822e-10
9.419603746414178e-09
0.0
0.0
9.59247726849279e-09
0.0
3.9746119796554607e-08
-3.973229349766823e-08
6.978255901872861e-09
0.0
0.0
0.0
0.0
0.0
0.0
9.572999632502235e-09
0.0
0.0
0.0
0.0
0.0
0.0
0.0
0.0
0.0
9.619502257974275e-09
0.0
0.0
0.0
0.0
0.0
0.0
0.0
0.0
0.0
0.0
0.0
0.0
0.0
-0.00022440297618904164
0.00022438241972366768
0.0
9.233060135324493e-09
9.804856287658028e-09
0.0
9.901761987230391e-09
0.0
0.0
0.0
7.871341994271347e-11
1.3775600751052695e-09
0.0
0.0
4.366919766570996e-09
0.0
0.0
0.0
1.8134043269245052e-08
0.0
0.0
0.0
0.0
0.0
0.0
5.1617935773935845e-08
0.0
0.0
0.0
0.0
0.0
0.0
1.4878208679759254e-08
4.1630260622832225e-09
0.0
0.0
4.754161159753312e-10
-0.0008877253408537802
3.7768285330168653e-06
1.1790462179352036e-09
4.366396713012618e-09
0.0
0.0
0.0
0.0
6.009439322683147e-09
1.4930042029587564e-08
4.12294745516823e-07
0.0
1.551107352416738e-08
4.922584927344371e-09
0.0
0.0
0.0
0.0
0.0
0.0
0.0
0.0005382270529530331
0.0
0.0038933457484586573
0.0
5.087445472608584e-07
0.0
0.0
0.0
0.0
0.0
0.0
0.0
1.1001070630528392e-07
0.0
0.0
0.0
0.0
1.4279694096301438e-09
1.7139733731254413e-08
0.0
0.0
3.807957669647128e-09
1.5186546983583215e-08
0.0
6.66373015310034e-09
0.0
2.3737692763297525e-08
1.1174543553830847e-08
0.0
9.784999601701364e-09
0.0
0.0
0.0
0.0
0.0
0.0
0.0
0.0
0.0
2.599420367663105e-10
0.0
0.0
0.0
0.0
6.0391483395013615e-19
2.931363233643304e-09
0.0
2.7410331700957155e-10
1.692412299441736e-10
0.0
0.0
9.77888251222835e-09
0.0
9.176599146683594e-09
0.0
6.5902764006693366e-09
2.3828487978147774e-08
0.0
6.699294282079122e-11
-3.576182998797845e-08
6.298556816353943e-12
0.0
0.0
0.0
0.0
0.0
2.5787347325575622e-11
-0.003840794973579858
0.0
0.0
0.0
7.028798519778087e-09
0.0
8.631434412840673e-11
0.0
2.570632213094298e-09
0.0
0.0
4.519880853655345e-07
0.0
0.0
0.0
0.0
0.0
0.0
0.0
0.0
0.0
0.0
0.0
7.904079931877248e-09
2.9598509402330775e-09
3.0060645712242812e-09
0.0
0.0
1.4694140911849233e-20
1.9228726085839e-08
0.0
5.633960412645623e-09
8.26691604061125e-09
0.0
0.0
2.6288152046228444e-10
0.0
0.0
0.0
-4.344005712401956e-07
0.0
0.0
0.0
5.144509562702601e-10
8.99171215653123e-09
9.608456939776319e-09
9.854665659264844e-09
0.0
0.0
0.0
0.0
5.651960086254896e-08
0.0
4.157441180919429e-09
0.0
0.0
0.0
6.978255839940628e-09
0.0
0.0
4.70774473036172e-22
-1.7763568394002505e-15
7.789571465229901e-09
2.472359636053925e-08
7.769226985366968e-09
0.0
0.0
0.0
0.0
9.441589796050763e-09
0.0
1.229877982592971e-07
0.0
0.0
0.0
0.0
0.0
0.0
4.422868195954451e-09
0.0
0.0
1.1833471812425125e-08
1.5586837085756746e-09
0.0
0.0
0.0
0.0
1.3237263681812281e-08
9.616980312295178e-09
2.398791222029946e-10
4.2570559629614155e-10
4.2570560022594564e-10
1.6856885790394534e-08
9.977751725254794e-09
6.002350973077765e-10
5.722946778106306e-10
6.022419922139444e-10
9.905058877268669e-09
9.822176949907833e-09
4.4207687207741893e-10
9.905058881651039e-09
9.954276754404225e-09
9.982615308074797e-09
9.984650712909609e-09
0.0
1.559879956357167e-08
0.0
0.0
1.1181658768832453e-06
0.0
9.809547748165932e-08
1.88291547853647e-09
8.962948863278513e-08
0.0
8.798822277587902e-08
3.6587259741348546e-07
6.118550462310551e-08
0.0
9.473583269394195e-09
0.0
0.0
8.811680980739001e-08
0.0
0.0
0.0
0.0
0.0
0.0
0.0
9.526802311081139e-08
5.786499640103835e-08
0.0
4.7265058624724616e-08
9.835340918503897e-09
0.0
1.112330175628096e-08
0.0
0.0
0.0
4.8988189336632995e-08
0.0
2.585368555881283e-08
1.2904718305005526e-08
0.0
1.6213414445597288e-07
0.0
0.0
6.035766902345449e-10
5.603364278718637e-10
9.984168938977599e-09
0.0
0.0
0.0
7.169868708137321e-09
0.0
0.0
0.0
0.0
0.0
0.0
0.0
0.0
0.0
0.0
6.663732269110434e-09
0.0
0.0
1.978138317918273e-08
1.9896424028553025e-08
1.996861979514597e-08
1.9968818498680563e-08
-9.361209411210426e-09
-9.31450967138295e-09
0.0
-9.825698954121775e-09
0.0
-9.721823779275558e-09
0.0
0.0
0.0
-9.64354640586862e-09
-9.64179634646811e-09
-9.640008127338858e-09
0.0
0.0
0.0
0.0
0.0
0.0
0.0
0.0
0.0
0.0
0.0
6.804534515398284e-09
9.730504054370688e-08
5.976972992293318e-10
4.954477725622835e-10
1.7022158584723135e-09
0.0
1.5639090640414024e-13
0.0
5.81299552154382e-08
0.0
6.024587548947684e-10
0.0
8.402343355772815e-09
8.40234335645383e-09
0.0
4.0279774446561943e-10
0.0
-9.92067355607589e-09
6.004781297890723e-07
2.8043959502413008e-06
3.2363093134799564e-06
0.0001608096883837586
8.716145033499948e-07
5.310078668055012e-07
1.1107927274158921e-07
9.372448672123536e-08
8.367644930195147e-08
0.0001072858133008108
0.0
1.685688581399018e-08
0.0
3.424419740626249e-19
3.793245012371374e-07
3.834367610364751e-07
3.206605359339361e-05
5.175614411741399e-10
9.397683849382978e-09
-1.35510597552152e-08
7.24000996643186e-10
-9.969180584932206e-08
-1.2637805711299133e-07
-1.267459541504784e-07
-1.0933222320056433e-07
-5.328535014788305e-08
9.210554793794186e-09
2.3895982286190504e-11
9.397683845197881e-09
-1.7879133124255065e-08
3.9614622539749974e-10
3.961462275889461e-10
0.0
0.0
1.3003228907328702e-09
0.011519384297205925
3.214211719317494e-09
0.0
0.0
1.968718291344148e-08
9.828274029013593e-09
7.41374963184857e-08
0.0
2.920193784262474e-08
9.514753429584744e-09
0.0001686068348877364
0.0001686068348879795
0.0
-0.000575010519136104
0.0
7.412497211583169e-08
0.0
9.518618282887648e-09
9.518618475978387e-09
9.9500843309893e-09
9.950084492112512e-09
9.49267042966342e-09
1.1743353050133146e-10
9.492670238357778e-09
0.0
0.0
1.0928671522782152e-07
1.2637806085305514e-07
1.1714271571618406e-07
8.943072808168145e-08
3.909172823727408e-08
1.0259064638388701e-09
-1.467243397577651e-07
3.542339556400389e-07
5.199348538846219e-09
0.0
6.032112727867252e-13
5.304203056136762e-05
5.305181666528935e-05
-3.542339561583194e-07
0.0
3.0304762323662655e-07
1.3983157372202485e-06
1.5637914335349825e-06
0.0
4.3229729266039225e-07
8.87367723723567e-07
4.210778699699593e-13
0.0
-2.3271043962195065e-06
2.3271043963575576e-06
-0.0007597022376477636
0.0
-0.0007597117116388436
0.0
0.0
0.0
1.2984611235511107e-07
9.982236070639423e-09
9.982237228213284e-09
0.00017719233501516988
-1.4532572289876772e-06
0.0
0.0
5.554576230251484e-07
0.0
2.8570996556809e-07
0.00044183115101970743
-0.00044179121163079316
9.985773405444038e-09
0.0
0.0
9.954382506115329e-09
9.958549432674978e-09
0.0
2.0142963841069844e-07
4.341839254046006e-07
-8.90454997790665e-09
0.0
0.0
2.0643830223789627e-07
0.0
2.9195042941377728e-08
0.0
0.0
3.061029667131879e-10
3.8690157958164786e-08
0.0
0.0
2.2442560882265645e-09
0.0
6.90336882752738e-08
0.0
0.0
7.786305229627323e-08
5.910260676387984e-10
6.72245675796654e-08
2.3636118267097366e-08
1.412182823048396e-06
1.57043538600803e-06
1.1308684423195583e-07
7.887949494719571e-08
0.0
-0.00016860683488757224
2.478311521685225e-19
2.98136979301637e-08
0.0
3.283748070089422e-10
0.0
5.290241217577393e-05
5.399009711260655e-10
5.399009399163379e-10
0.0
6.051455832840672e-08
-1.628980316090547e-08
5.71765420060405e-10
4.358789264710989e-08
-5.943424712018979e-08
0.0
-1.8533365550319e-05
3.6338846435549855e-05
1.365630223558457e-16
0.0
0.013197520002386656
-0.013978953050582277
0.0007814527129149258
9.917424495692361e-09
0.0
4.853220240250859e-10
0.0
1.557166732140509e-05
2.5531565896162347e-08
9.71645647206467e-09
0.0
0.0
-9.653179747952725e-09
2.585291695803406e-07
2.5852917059166605e-07
9.962204130721343e-09
9.962205122764637e-09
-9.653179671530025e-09
0.0
-2.7554256544097294e-10
0.0
9.687356807272543e-09
0.0
0.0
0.0
4.724575713071139e-09
0.0
1.1827631639845712e-08
0.0
2.2297402875533604e-08
2.2320737522783534e-08
2.2323918126222605e-08
9.551012790152512e-09
9.492670043913991e-09
-9.825606708175764e-09
0.0
0.0
1.923923188865978e-09
3.223586281231355e-08
9.954751604067003e-09
6.025832057218497e-10
9.977851630864343e-09
6.417488786989465e-08
0.0
0.0
0.0001072858133013543
0.0
0.0
0.0
0.0
0.0
0.0
1.528469232101792e-08
1.408171174880705e-06
1.5728407593574578e-06
0.0
6.780283626644962e-08
0.0
0.0
2.877629316873511e-07
0.0
0.0
0.0
3.644944573210544e-07
8.88991893879091e-07
0.0
0.0
-9.661365284700926e-09
0.0
0.0
1.6709651618839978e-08
0.0
0.0
0.0
0.0
0.0
0.0
0.0
0.0
-1.3302750020462162e-08
0.0
-2.8360722770705015e-10
-1.3350609370259736e-10
0.0
0.0
1.9672963890472468e-08
0.0
0.0
5.41365939982135e-16
0.0
0.0
9.979781515068176e-09
3.694200278119659e-08
0.0
0.0
0.0
4.056540538218326e-08
0.0
0.0
2.6070594117248963e-08
2.601213714117577e-16
0.0
1.8909445376478197e-08
9.92887321237835e-09
0.0
0.0
0.0
0.0
-2.7420814747812512e-08
0.0
0.0
0.0
1.892507116732887e-08
0.004723055929576606
-0.004722947798492809
1.2266108092340038e-16
3.363057300986713e-08
5.455713419546102e-08
0.0
0.001232019672786708
-0.0012320971737289632
5.105308168971912e-10
0.0
3.172927468016366e-08
-1.8852215855157192e-08
0.0
0.0
0.0
-2.5706464758470585e-06
4.464276195787157e-09
0.0
2.4709922784896472e-08
0.0
0.0
0.0
0.0
4.3418434450443673e-07
0.0
7.623418240095038e-09
9.832009985426283e-09
9.832999481790066e-09
0.0
4.877382898345658e-09
0.0
-4.503619270938966e-09
7.470972283026333e-12
9.381000865005262e-09
2.425466501155874e-15
1.7877512686409387e-15
1.913239218742327e-15
6.382310126687751e-05
0.0
3.399263896321011e-08
0.0
-6.382299972014e-05
0.0
0.0
0.0
0.0
0.0
-9.939925548450856e-09
0.0
-8.609143276695768e-09
0.0
2.5056568959133648e-15
0.0
5.324215396317845e-08
0.0
4.357043429336316e-08
0.0
0.0
0.0
0.0
0.0
0.0
0.0
1.2525769549244317e-15
3.4829685140753566e-15
0.0
1.2045715782453237e-12
1.204292717479177e-12
1.2053561453876813e-12
1.204892527215849e-12
3.2235863223963635e-08
5.743134104315937e-10
0.0
1.3044848967559899e-08
9.447752802316245e-09
1.4930042137450245e-08
9.976310226750762e-09
0.0
0.0
9.962608156761966e-09
5.805086427590141e-10
7.280981315140803e-18
0.0
7.827396942472942e-07
7.926339102866044e-07
9.894216008022975e-09
0.0
2.5882358854408263e-08
0.0
2.743406608970073e-07
0.0
0.0
1.3663213097871742e-08
1.2967924846265626e-08
2.588235646670413e-08
-6.889392909932074e-09
2.743406583047768e-07
0.0
0.0
1.366320944969511e-08
1.2956125526997328e-08
0.0
0.0
0.0
9.944999837638475e-09
9.865652473696086e-08
9.865652473696028e-08
-0.003782871105456942
-0.0026908024389381067
0.0
9.271163870439908e-08
-4.898859096158503e-13
8.306388076968305e-08
6.424072061722597e-10
6.424101412583019e-10
0.0
0.0
0.0
2.0164410134024004e-08
0.0
4.36481414710784e-09
4.3648141315530485e-09
4.364814125430463e-09
1.3784417881850665e-08
4.364814135400292e-09
4.7365964138195615e-15
0.0
3.489649595595843e-09
0.0
0.0
1.8894896644589053e-08
2.1574211505272675e-10
0.0
1.5549551324821852e-15
0.0
2.9104120653348856e-06
0.003100177323226487
-2.1574064789492126e-10
0.0
-0.003103074585685378
0.0
0.0031030973277690905
2.157451129786151e-10
5.3012876555337165e-05
0.0
9.71168949057561e-09
3.331924596496795e-10
0.0
0.0
9.747292306627742e-09
1.0312336978364977e-08
1.4193624241047326e-08
8.18465037340536e-09
1.1073297969538597e-07
0.0
8.636762516288488e-09
0.0
3.973229349763435e-08
0.0
0.0
-4.8382882313416364e-08
6.251350742046942e-17
0.0
0.0
9.911763185583945e-09
9.91176346175241e-09
9.911763737893708e-09
9.867563167589787e-09
1.183338701128514e-07
9.867563390289403e-09
4.868121964127835e-10
5.688479478785887e-08
0.0
0.0
6.899269719950159e-17
0.0
0.0
4.90854318329168e-10
0.0
0.0
1.0776115229734842e-05
0.007558540075800303
1.9187612601329974e-07
0.0
1.0272069311195576e-06
8.14758528059902e-06
-8.107813130077006e-06
5.490777544116715e-10
7.302150278480281e-07
3.820858765826978e-10
8.613536796309423e-09
0.0
0.0
0.0
-1.145283788888795e-08
1.997365276311742e-08
6.04721191167375e-10
1.0227178078916818e-07
0.0
0.0
0.0
0.0
0.0
1.5171612910799966e-07
4.335343698090842e-08
4.843315393404235e-10
9.986488634303181e-09
9.822176399990365e-09
2.3172288802820176e-09
-9.737563644307556e-09
0.0
-3.3992639000789533e-08
7.744339010414032e-08
2.6920387046671138e-08
2.656410019233771e-07
4.371592108331077e-07
1.0163546063292636e-07
0.0
0.0
0.0
0.0
0.0
9.962607871679341e-09
-1.9655380918433868e-10
9.958841986921281e-09
0.0
1.0221258173929298e-08
1.991748887331814e-08
5.766032927402461e-10
7.108588600646794e-09
9.293257856083026e-09
9.640489824784462e-09
2.6304014357470817e-10
0.0
0.0
9.293257936615637e-09
-2.765657413984244e-08
6.041983927660811e-10
1.9971398421173665e-08
6.023532183237984e-10
6.804537436190126e-09
0.0
0.0
0.0
4.372747383139092e-09
0.0
-9.775352419833415e-09
0.0
5.773827837697402e-10
1.5188811183780034e-17
0.0
0.0
0.0
3.615279758407194e-08
0.0
1.2945274329446843e-15
0.0
0.0
0.0
0.0
0.0
0.0
0.0
8.884259234682927e-09
9.78266289503038e-09
9.885361574590979e-09
0.0
0.0
2.9814302544780346e-08
0.0
0.0
1.0182826803983858e-15
0.0
0.0
9.98567148680457e-09
1.9970125709785826e-08
6.020488470806123e-10
1.978652903757629e-08
0.0
0.0
0.0
7.01940182899358e-09
0.0
0.0
0.0
9.794328075058897e-09
0.0
-9.619502257977115e-09
0.0
9.61950224980833e-09
0.0
0.0
0.0
0.0
2.6923350004666545e-07
2.7887598691256594e-07
0.0
0.0
1.4956148379633806e-05
0.0
7.949312654605525e-09
0.0
9.988608025955308e-09
0.0
-7.231242285364202e-07
9.704605313620462e-09
3.2621193752760793e-10
0.0
0.0
9.934034039815742e-09
9.90592994855018e-09
0.0
0.0
3.6573895052659884e-07
1.9838802664451488e-08
5.511925622542053e-10
3.718469791833283e-07
0.0
0.0
2.616801909888e-13
2.4006217563968198e-09
9.497868801442488e-09
0.0
0.0
0.0
0.0
0.0
1.6513891450840334e-08
0.0
2.6742643126631673e-10
0.0
0.0
0.0
0.0
9.213946840752279e-11
0.0
3.4604799105395616e-10
0.0
7.66345405656688e-09
0.0
0.0
7.38743279645303e-11
0.0
0.0
0.0
0.0
0.0
0.0
0.0
0.0
0.0
0.0
0.0
-1.092867138226955e-07
-1.2637805960405424e-07
-1.2674595632466925e-07
-1.0933222505116191e-07
-5.328535170219528e-08
0.0
1.8127545494366912e-05
1.8131936380992374e-05
0.0
0.0
0.0
0.0
0.0
0.0
0.0006543705067597914
0.0
1.1213188705551082e-08
0.0
0.0
5.756922057536282e-07
3.549641507511892e-10
9.834639997285868e-09
4.874393054734685e-09
4.874393084476625e-09
4.853220183315583e-10
4.853220211772528e-10
-2.7314680066392594e-09
0.0
9.089595595023745e-09
9.089595521248085e-09
1.0292958908294836e-07
0.0
3.015767296473452e-07
0.0
1.0352342420972292e-07
0.00016058553878363558
6.380313492731919e-08
0.0
2.930264874407056e-08
0.0
2.951660650457098e-06
1.5381773707696072e-06
6.757173857208867e-08
3.926888859330119e-08
2.2956298717821146e-09
3.81894927519963e-07
1.0062542165160354e-08
0.0
4.67163838821869e-08
3.645465968119636e-08
2.9619729883601686e-06
1.5680585448335387e-06
8.176536359002253e-08
4.029479570726561e-08
1.0480281051899969e-08
4.621671581389409e-08
0.0
0.0
0.0
-1.8958238741351684e-10
0.0
0.0
0.0
-0.0008408376099997422
0.0008461271625139766
0.0008859067984097666
8.823706964741773e-10
8.823706970507182e-10
0.0
0.0
1.5443009993145073e-08
0.0010920630632780316
9.869047594033617e-09
0.0
4.874393017512862e-09
0.0
0.0
0.0
9.24636996577062e-07
1.2639832142165498e-05
0.0002244029761890415
1.0920278565019073e-05
9.957710168977709e-09
9.957710179564143e-09
0.0
0.0
0.0
3.6446946533191e-07
0.0
0.0
6.92316643613335e-07
6.923166436418539e-07
6.923166435986173e-07
7.021214999006246e-07
6.923166436129563e-07
1.8965066363851145e-08
0.0
-0.0002252153410395863
3.964540961124257e-08
0.0
2.3937361641757487e-09
6.606901694161885e-08
6.60690169140514e-08
6.606901690056685e-08
7.597077890241978e-08
6.60690169151877e-08
4.9889380396071104e-08
0.0
0.0
5.59294336151895e-08
5.573465331272538e-08
4.959552544449578e-08
5.592943363205393e-08
4.959552541738302e-08
1.5374409007865135e-08
0.0
0.0
0.0
0.0
0.0
0.0
0.0
5.6301536557713985e-05
0.0
3.375862025323572e-08
5.419100847534023e-08
9.725008567686703e-09
0.0
8.155965422355975e-05
0.0
0.0
0.0
0.0
0.0
0.0
1.3374943749055605e-07
0.0
0.0
0.0
0.0010920703093245314
0.0013628700182908285
0.006130899046081598
0.0
8.748581144305959e-09
2.653655667581138e-10
1.8204288224096388e-08
8.561437877948967e-09
8.561437702417308e-09
0.0
-4.366919767120761e-09
1.623875214910578e-08
0.0
0.0
0.00010713706191705877
0.0
0.0
0.0
0.004776346141760862
1.801497737674036e-08
0.0
3.843154798777705e-10
8.842557453191419e-09
1.8298814659972207e-08
8.178038423068642e-08
0.0
0.0
-1.8134043269166963e-08
-9.919177053372503e-09
0.0
0.0
6.841029733863839e-08
8.351425195769274e-09
4.011647530804419e-09
0.0
1.2246906107315278e-07
1.1076657757711002e-08
0.0
1.1308456484040158e-08
5.482288775726651e-09
-3.982180714397904e-07
3.2645160044481985e-08
0.0
0.0
0.0
9.880166057909048e-09
0.0
3.941185796661034e-10
9.879972871329094e-09
0.0
0.0
9.392388739955476e-09
0.0
0.0001682447564274737
0.0
1.2246410380236515e-07
0.0025694149880133824
0.0
9.772131684383161e-09
9.772131548402285e-09
1.9395292159933307e-08
1.8118576993226947e-10
1.3609670699699218e-10
8.799881317480745e-09
9.543832246952891e-09
9.293257853083383e-09
9.543832246251303e-09
9.543832391045726e-09
9.293257850084445e-09
0.0
8.79988131517219e-09
0.0
-2.970400080597886e-09
9.511620294491289e-09
9.926628452628069e-09
0.0
9.645271203691811e-09
2.677508030381651e-10
-1.4878208679778876e-08
-5.444913276515997e-09
1.531564904780329e-07
0.0
0.0
-5.1617935795255526e-08
9.760563117168296e-09
3.813533512515561e-10
0.0
0.0
0.0008898220007364199
0.0
0.0
1.4892601041260889e-15
9.853760531564163e-09
2.14818352396703e-15
0.0
1.9143295145819785e-08
0.0
2.213643548261523e-07
0.0
0.0
-5.118614923829332e-09
0.0
0.0
0.0
-3.2443902978681466e-17
0.00010716104675777044
1.4436838897905618e-05
0.00010044852865411313
-1.1384122811097797e-18
6.4762087002239315e-06
2.6993801672059252e-06
-3.7768285330174345e-06
5.017273468940893e-06
1.303108256162068e-07
7.620835104299354e-09
0.0
0.0
-1.179046217681606e-09
5.146042777122357e-06
0.0
0.0
0.0
9.477906115214034e-09
-4.330080323979897e-09
0.0
9.010634106941998e-08
0.0006545443536118433
0.00022658956651421978
0.0006727793760354928
0.00021494596481607935
0.00010031821782850523
5.146042778113522e-06
3.038011382744441e-06
2.5817515387245845e-16
1.9693500117917396e-08
5.810873235314834e-10
9.6452712795847e-09
0.0
3.205615483607978e-05
0.0
0.0
-0.004991302717914283
0.0
0.0
0.0
-3.6630541550710193e-09
3.0363752222485508e-06
0.0
0.0
0.0
-0.045810614492108215
0.045778586500110345
5.685780973113796e-10
0.0
0.0
-6.00943928662543e-09
0.00010727807614896223
0.0
0.0
-1.493004203545424e-08
0.0
-1.5511073512034738e-08
0.0
1.3864118063553018e-06
0.0
0.0
0.0
0.0
0.0
2.5536547619627067e-08
0.0
6.78319058102802e-08
5.687494273791027e-06
-1.4725739823973072e-05
1.4735587599202035e-05
9.847774959584327e-09
4.366701845989618e-06
1.417993220485654e-06
0.0
-4.122947454669203e-07
1.0717779073660496e-07
0.0
1.20547727104908e-06
9.470213353789742e-05
1.3668818943127893e-16
1.765408915014079e-05
-1.9912583049064292e-05
2.2672372630326635e-06
8.743364375762223e-09
3.2221766580845645e-15
0.0
0.0
0.0
0.0
0.0
6.02339536264893e-10
0.0025540005222718294
2.7174706392866585e-06
1.0740497976936665e-15
0.0
1.130845650234804e-08
0.0
5.753372418457494e-07
0.0
0.0
1.891458495957575e-08
1.1539629569357214e-07
7.705631202303903e-09
9.879972928791212e-09
0.0
0.0
8.102990891396855e-08
1.4460869320904181e-05
3.993642313671483e-08
9.982856221575532e-09
2.8833061227340806e-06
2.8833061232863372e-06
9.988609495081846e-09
7.110063587108945e-08
0.0
2.2279538907002122e-08
0.0
0.0
5.961071347916962e-10
0.0
0.0
0.0
0.0
2.2103061058745671e-07
0.0
0.0
0.0
8.315086765914219e-08
0.0
0.0
9.982894903335125e-09
1.9449351731687554e-08
-4.330080326415964e-09
-5.444913276475514e-09
3.6316391954293995e-11
8.657987830146263e-09
-0.003893373562421587
-0.003792861253880675
0.0
5.087445472095927e-07
-5.087445472357198e-07
3.1507290826219224e-10
1.9492414121414755e-08
0.0
7.239995660113143e-10
-1.0928671241756949e-07
-1.2637805835852278e-07
-1.2674595523756726e-07
-1.0933222412594444e-07
-5.328535092513403e-08
-9.210555412439946e-09
0.0
0.0
0.0
-8.650528264981258e-09
1.7348058325328708e-09
3.966391022082624e-08
0.0
2.835680661965828e-08
9.903623453337117e-09
0.0
0.0
0.0
0.0
0.0
0.0
0.0
0.0
0.0002269776093605408
3.0357080538738657e-07
0.0
-1.562274220440771e-07
0.0
9.603031444631741e-09
7.453889935837843e-20
0.0
0.0
3.2438840831427738e-18
8.726889468644934e-09
0.0
7.650851268335441e-09
2.9149850998637457e-09
0.0
0.0
8.279724392600938e-14
0.0
9.811489176669852e-09
0.0
0.0
2.914985082197026e-09
-6.970376513070094e-09
0.0
-5.183322125819692e-06
1.0191197114858945e-08
5.1731309287049e-06
2.720443676288952e-08
0.0
0.0
0.0
1.2620379319521852e-07
-1.100107062713696e-07
2.2566750551711998e-07
2.733912341896843e-08
0.0
0.0
3.8444544919217444e-08
6.486589775513361e-08
9.977932759165035e-09
5.95616366661028e-10
-0.0005381894214028905
0.0
2.269838927088497e-09
8.987974705872029e-09
0.0
8.987975860184548e-09
8.987977298990163e-09
5.306129604066827e-05
-1.3315499813870701e-09
0.0
0.0
0.0
9.553982794236035e-09
-4.9447281570084295e-08
3.6274309353275036e-08
9.688128727532072e-09
3.099767720457271e-10
0.0
0.0
0.0
5.139757349512376e-10
0.0
0.0
8.30912640640202e-09
4.168082038056285e-09
9.189989818398844e-09
9.154550553879786e-09
6.000129610931043e-10
8.744774822605702e-05
8.743652549159792e-05
-1.427969407927492e-09
0.0
1.6754507522191556e-05
0.0
-7.69051448498621e-09
0.000121322940367607
-0.00012130297575296822
9.98222488163298e-09
0.0
0.0
1.485663690718758e-08
-1.4856636722931915e-08
-1.4856636539051227e-08
1.4856636354145666e-08
9.869047579127513e-09
9.86904756528073e-09
1.4992031631695645e-08
1.4992031616614978e-08
8.769133045681728e-09
-9.895120533717772e-09
0.0
1.1345893599947698e-10
0.0
0.0
0.0
0.0
0.0
0.0
0.0
-3.807957669620023e-09
1.1400976839277582e-05
0.0
0.0
0.0
5.199349467873181e-09
5.9964282567022404e-09
3.817566785587356e-09
3.361306607648907e-08
5.925557092739974e-10
9.974827059635885e-09
9.975634801664412e-09
9.975634312528632e-09
0.0
1.1378103202679662e-05
5.3563526470571996e-08
1.1398581381738966e-05
-5.467771704154023e-10
-4.2570560416198765e-10
3.243825366596659e-07
4.340124686947403e-10
3.3037896504184774e-07
9.598966884748717e-05
0.0
1.4856637318665941e-08
2.3783068279365732e-17
0.0
-5.737676204958247e-09
-1.42552794972713e-08
1.2054772717002313e-06
0.0
0.0
0.0
0.0
0.0
0.0
1.5128584054030648e-09
1.9596222516027096e-08
9.785451180419041e-09
0.0
-4.054355044861863e-10
0.0
0.0
0.0
1.420552878877399e-06
0.0
0.0
0.0
0.0
0.0
0.0
2.9324685597604067e-08
0.0
0.0
0.0
0.0
0.0
4.1675923434477464e-08
0.0
0.0
0.0
0.0
0.0
1.5598800164522517e-08
0.0
0.0
1.1181658778165907e-06
0.0
9.809547840882272e-08
1.8829160588699002e-09
9.600614313735419e-09
0.0
9.70822843418034e-09
9.526325654705256e-09
0.0
9.747402710941453e-09
0.0
0.0
9.430118333245527e-09
0.0
0.0
4.081082505174264e-09
0.0
7.851448348594769e-09
8.93751239885677e-08
1.909373396795323e-08
0.0
3.6612769733398273e-07
7.478959958717803e-08
0.0
2.7165932144680802e-08
0.0
0.0
0.0
1.0718859765688766e-07
6.327683774361917e-08
1.0079147287461625e-08
0.0
7.134433272130352e-07
3.399263786904878e-08
0.0
0.0
0.0
1.1808060067067293e-08
6.706578403736785e-09
4.218834922568973e-09
4.218834922921667e-09
0.0
0.0
1.3696649318800973e-07
0.0
8.949656643520082e-09
8.949656641115584e-09
8.949656638893487e-09
2.7291723326096255e-07
0.0
3.0928307754885223e-09
9.971964794654084e-09
9.959012126668969e-09
9.95901211199081e-09
9.861012380850081e-09
9.861012374257063e-09
9.923554116285115e-09
9.923554109915762e-09
9.837569992599852e-09
0.0
9.837569902333603e-09
2.5450304381067955e-07
1.2740338909236748e-08
2.66066858299004e-07
1.1765243907151807e-09
9.286468729140872e-09
1.0352103543758242e-08
2.2529771973393017e-09
0.0
0.0
8.359072449623733e-09
0.0
8.359072526673106e-09
0.0
0.0
6.834496038834611e-08
6.83449604597808e-08
6.834496034489823e-08
1.702620522722306e-09
0.0
0.0
0.0
0.0
0.0
0.0
0.0
0.0
5.83340717632708e-08
0.0
0.0
1.2622168849671087e-10
0.0
0.004920049378964786
0.0
0.0
5.397761727547664e-07
0.0
0.0
0.0
1.6445862341187722e-10
0.0
9.926628880186803e-09
4.399963290838772e-10
9.819921628123459e-09
0.0
6.160999747539336e-10
0.0
-6.098637220230962e-19
0.0
0.0
0.0
0.0
0.0
2.9541952507021524e-11
2.954194939890076e-11
0.0
0.0
0.0
0.0
-2.9313628226168564e-09
-7.41689545256355e-08
-1.6924122992384482e-10
8.38512704978409e-08
0.0
0.0
5.89872845525197e-17
5.877892499278425e-08
8.582783841410026e-06
8.582783841410016e-06
9.90962553815835e-09
0.0
0.0
6.781254756687858e-08
0.0
1.6350462947282844e-10
1.6350416298705225e-10
0.0
4.969329529830345e-08
3.242108969364468e-08
0.0
0.0
0.0
0.0
4.87203463671723e-08
0.0
0.0
6.200954879045613e-08
4.836103529361766e-08
3.1661996586183905e-08
4.889352112264492e-08
0.0
-5.26323362453498e-10
4.8893522588707923e-08
0.0
0.0
2.844275102423404e-07
0.0
-9.176599146672415e-09
0.0
1.1929993090241456e-09
-1.3486910468942968e-11
0.0
0.0
0.0
0.0
0.0
0.0
0.0
0.0
0.0
0.0
-0.00014394109561270563
0.0
3.082446630491886e-08
0.0
0.0
0.0
0.0
0.0
-6.590276402829338e-09
0.0
0.00010714202130141653
0.00010714202130368555
0.0
2.9814302751983524e-08
0.0
-1.4345711197956752e-08
-2.382848797617687e-08
0.0001682526009311707
-6.699294623820767e-11
0.0
0.0
0.0
0.0
0.00026870493829544176
0.006129958390646399
9.150614229547101e-10
9.580912221208868e-07
0.0
0.0
0.0
6.378087688569921e-07
0.0
0.0
0.0
3.6275320572151904e-08
0.0
0.04571877109474583
0.00011901096476459425
0.020185768916316058
9.676504389433127e-18
0.0
7.322243234129597e-07
7.409662071986099e-07
0.0
1.4389812632189256e-05
-7.930597871188511e-09
-9.641502611400102e-09
-1.7168663808434458e-08
3.5761829987959815e-08
0.0
0.0
8.167375220964349e-07
0.0
0.0
8.212778189543469e-07
0.0
0.0
1.0793513663155965e-08
0.0
2.2738993050381863e-09
7.64182160852614e-09
5.342743506042029e-10
0.0
-8.80143222127712e-09
0.0
0.0
1.9237215143809176e-08
4.966385271462987e-10
0.0
0.0
0.0
0.0
2.9003816198725993e-08
9.59500085972452e-09
0.0
0.0
0.0
0.0
0.0
9.005092173975998e-09
3.259663736020195e-07
1.204731197002301e-07
9.98003530867453e-09
0.0
9.982390249267322e-09
0.0
9.985670651111937e-09
9.90593002943146e-09
0.0
3.7679518069444674e-08
0.0
9.958841791747753e-09
1.1695662339522023e-06
9.94499947129667e-09
2.704051768231269e-08
9.934036519553357e-09
2.8610635116812774e-09
9.986487555924784e-09
2.2676352275457585e-07
9.984996857315537e-09
2.8191710831035726e-08
9.986634971252284e-09
0.0
9.984749645738872e-09
8.9104412344087e-08
0.0
7.410443369722684e-16
8.006839866953922e-16
0.0
4.754161561427851e-10
0.0
0.0
0.0
0.0
0.0
0.0
0.0
0.0
0.0
4.352356261599567e-09
0.0
0.0
1.4452535007271844e-05
0.0
0.0
5.397050122456521e-10
0.0
2.5786864395245678e-11
2.5785899153037916e-11
5.155935270542694e-12
1.2031034915679456e-11
1.8907732444051147e-11
6.876410294196046e-12
3.4377265021146775e-11
2.0628718784982353e-11
1.3752693133393995e-11
2.7503249012291322e-11
0.0
0.003840804814358556
0.0037845218723188134
0.0
5.857893697831964e-11
-3.768223717434682e-09
9.780251796319779e-09
9.827034715080714e-09
-7.02879849608238e-09
0.0
0.0
0.0
0.0
0.0
2.4004657758877525e-09
0.0
0.0
1.4856637105463507e-08
1.8203816790044272e-09
0.0
0.0
1.8154158688262174e-09
0.0
0.0
0.0
1.8083564532651584e-09
0.0
0.0
0.0
0.0
3.679516013035101e-07
0.0
5.675090283413257e-10
0.0
0.0
9.868977270816037e-09
1.4318795870313049e-08
0.0
6.8045403593950995e-09
6.804538897918281e-09
0.00016826902191424437
0.0
0.0
0.0
1.1291295307956793e-06
1.1193562462687012e-06
0.0
7.25167634291611e-08
1.6148705270161934e-09
6.804544716858436e-09
1.735656656134009e-12
6.804543288134344e-09
6.8045447559189744e-09
0.0
9.043830798542717e-08
1.1833470778622568e-08
0.0
1.5586822130293653e-09
0.0
0.0
0.0
0.0
1.7836125349730273e-10
0.0
0.0
0.0
1.3847886450823805e-07
2.2341539845639884e-08
5.362983772681864e-08
3.392337671267382e-07
9.495015730670792e-08
5.554576219482546e-07
0.0
2.4032104363432536e-06
0.0
8.670044506365421e-09
2.400153071762749e-09
2.4383722449145496e-08
8.102730348732326e-08
0.0
1.1731290584949199e-07
3.555552774263934e-07
5.018259948544482e-08
0.0
0.0
0.0
-2.5706322112237248e-09
0.0
0.0
0.0
4.507686851635099e-05
9.645271355810045e-09
0.0008461271625138252
0.0009849390311733482
2.1655268572619635e-10
3.504747907544619e-08
2.659864110757432e-07
1.61682912099206e-08
5.267851145607327e-08
3.036217121213058e-09
6.011943036671219e-08
-8.178038437509647e-08
0.00023546711487109696
-0.0016878224315103607
-0.0008898220007365749
0.0025694149880134587
1.2860901377588917e-16
-0.0006543351481875802
0.0
6.521114073974025e-09
0.0
0.0
6.215276133140453e-08
0.0
0.0
0.0
0.0
6.521115405935312e-09
4.4869724164779476e-08
0.0
2.5486310576839677e-07
0.0
1.8505474224347997e-08
6.215276343792132e-08
6.212825499103005e-08
0.0
1.2482767978260916e-08
0.0
1.110956882752257e-08
0.0
0.0
3.512688250780794e-08
2.455657959269535e-07
8.065823341394375e-08
5.240231617147787e-08
4.1768610509829945e-09
1.6656628086394814e-09
0.0
0.0
9.930242956049384e-09
0.0
6.278219550194617e-09
6.278219549755854e-09
9.909625987397242e-09
1.3206683990337332e-06
-4.423250835639677e-07
4.433399900888622e-08
1.5598798977673854e-08
0.0
0.0
1.1181658759581579e-06
0.0
9.809547655248075e-08
1.882914990838935e-09
8.962948818189977e-08
0.0
8.798822212123918e-08
3.755599538678473e-07
6.118550406074516e-08
0.0
9.47358282181543e-09
0.0
0.0
0.0
8.558066521667768e-08
5.786499554905505e-08
0.0
4.726505820339027e-08
0.0
0.0
1.4205528782328262e-06
0.0
0.0
0.0
0.0
0.0
0.0
2.932468494948174e-08
0.0
0.0
0.0
0.0
0.0
4.167592250001968e-08
0.0
0.0
0.0
0.0
0.0
-1.9143299365294818e-08
0.0
0.0
1.5226574759370708e-07
0.0
5.3694342652818204e-09
0.0
0.0
-8.112144565437449e-05
0.0
0.0
0.0
0.0011249695052912285
3.378893292897439e-10
-3.378893472432969e-10
9.676405170073158e-09
3.052447567177173e-10
0.0
0.0
0.0
3.470753859011842e-08
0.010394385570848038
0.0
-1.4445111897672634e-05
-0.00019679835684272007
-3.144010818343924e-05
1.4956148379553623e-05
0.0
1.990655418644158e-08
0.0
0.0
8.699376977070808e-09
9.885361557701001e-09
5.043561407988309e-10
5.043561248506908e-10
3.0328722420396035e-07
9.799113323449236e-09
4.1934506274544494e-10
-9.540188274786976e-09
0.0
0.0
0.0
3.283752426684078e-10
0.0
0.0
-1.4273710793576077e-10
1.441182713314416e-08
9.95475196479296e-09
5.727631814533854e-10
4.2946604464979054e-17
0.0
0.0
1.559442196868691e-08
9.953203837695764e-09
3.9166865883899504e-07
9.642849984670612e-09
2.653652122332687e-10
-9.407209065545596e-09
9.037355164886652e-08
0.0
2.9196094820257193e-08
3.650344297359353e-07
5.906923853828358e-08
0.0
2.061624869044446e-10
0.00023546711487117488
3.7670630428748737e-10
0.00023546711487097767
9.755847502904558e-09
9.037355054620808e-08
0.0
2.9196093592832323e-08
3.650344279394115e-07
5.906923716624466e-08
0.0
2.0616185264999594e-10
0.0011249793334961312
0.000575020339622867
9.912946846699471e-09
0.0
-2.9519099014199e-08
3.8343676127935353e-07
0.0
5.815789141421975e-08
9.965263944389853e-09
0.0
3.2523904519961766e-08
-1.4436097893583697e-05
1.4500698115298399e-05
-1.6741456457101115e-05
6.678082531408336e-10
1.331263855354264e-07
3.63381932292724e-05
7.332481156949152e-08
0.0
8.458846552762255e-09
5.348692805521915e-07
2.142398537801009e-08
-2.9598285805523383e-09
0.0
5.427732779577561e-07
0.0
0.0
5.8880054004466947e-08
0.0
0.0
0.0
-3.006064572610989e-09
7.949312654430662e-09
0.0
7.64733531055702e-10
7.647335314080677e-10
0.0
0.0
3.80502025583045e-07
3.805020254287493e-07
0.0
9.483704746380218e-09
1.0860344528339157e-10
0.0
0.0
0.0
1.7283529325188726e-05
0.0
0.0
0.0
2.1318536181263764e-05
2.131853618126374e-05
0.0
2.981430223396624e-08
0.0
-1.922872608610003e-08
4.106012798581825e-10
9.790241274218504e-09
9.79024127181283e-09
9.79024127256895e-09
9.790241351989581e-09
8.595581877771516e-10
0.0
1.4416066371060446e-05
1.0924538509388454e-08
0.0
0.0
0.0
0.0
0.0
5.3209642283686e-08
0.0
3.98806726154793e-07
0.0016929766237439026
-0.0008610338370222403
0.0
0.0
0.0
7.923849603563475e-10
0.0
7.923863294923438e-10
7.923877440482075e-10
0.0
3.172927363007866e-08
4.3418392646012967e-07
0.0
0.0
0.0
-5.633960412538023e-09
0.0
0.0
9.737565111883617e-09
8.977598315826338e-17
1.9729228952069746e-15
6.646301152058136e-16
1.072455891625033e-17
1.1001149396044896e-17
0.0
0.0
0.0
0.0
0.0
2.383989191417045e-06
7.328288335764108e-07
0.00012469858336090558
1.3626636876494116e-16
1.8115457409556832e-16
-0.06522906332173228
0.06522910121042917
9.218264647816755e-09
0.0
3.172927270277162e-08
3.1729272918403076e-08
0.0
0.0
0.0
-9.144328150592629e-09
0.0
0.0
0.0
-2.628815139746679e-10
0.0
8.266917818310338e-09
0.0
0.0
0.0
4.539090897898366e-07
4.4406286162351066e-07
3.172927313521384e-08
0.0
0.0
0.0
0.0
9.71489784024083e-09
0.0
0.0
0.0
3.5605369249859066e-07
2.3270808802771186e-08
0.0
0.0
0.0
7.129248069606128e-07
7.175566644194803e-08
0.0
9.868767335882017e-09
0.007547096203474082
0.0
0.0
-0.010447233592535436
3.4631640867289876e-10
0.0
9.725008491810244e-09
0.0
-5.144509552515095e-10
4.274643528675158e-07
0.0
-9.250101173962147e-09
5.334376432762633e-09
3.465705489155021e-07
0.0
0.0
-2.3148240390282502e-10
-2.3148240417375904e-10
0.0
0.0
0.0
-9.854665659258429e-09
0.0
0.0
0.0
0.0
0.0
0.0
0.0
0.0
2.3513420935462927e-10
9.753473816311297e-09
9.645271509134016e-09
0.0
0.0
1.3374943862486234e-07
0.0
9.785146238097284e-08
-6.843499663504634e-08
5.265243410087288e-10
9.863738574879055e-09
9.863709607611532e-09
2.8350977828513356e-08
0.0
3.6088130765082053e-08
0.0
9.912947038638424e-09
0.0
1.3363088141951467e-16
2.141536084547204e-08
1.2641360771946353e-07
1.3426917638896963e-07
0.0
9.89366132280477e-09
5.651960085884729e-08
-5.651960086070338e-08
0.0
0.0008464776937053275
0.000846490894681081
0.0
0.0
7.800574871622388e-09
1.3971893660821962e-08
0.0
0.0
0.0
4.696646551239854e-08
3.616808959082682e-08
9.863767551781558e-09
0.0
0.0
4.9371771648033384e-06
1.2345489342550263e-15
1.4727314995979544e-05
1.8263807026015986e-07
0.0
1.5360849785737637e-07
0.0
0.0
1.9492033613046697e-08
9.840385010722449e-09
0.0
0.0
0.0
0.0
1.3442674095195261e-16
9.832887343951989e-09
9.832887613609163e-09
-5.175461288987278e-06
6.190170171312295e-17
-6.978255839940419e-09
9.600705159138116e-09
9.83037599158824e-09
-9.466441902554473e-09
0.0
1.655393605551457e-15
1.655392911235811e-15
0.0
0.0
0.0
0.0
0.0
-1.990655474104315e-08
0.0
-3.249282286707175e-08
-1.523733634118055e-08
0.0
0.0
1.3080954603552339e-08
9.02868915451216e-09
9.858909004704823e-09
4.782814543155507e-10
0.0
-8.490858272123397e-09
-8.497574186677476e-09
5.362983962157892e-08
8.178038410670529e-08
5.3636696889650386e-08
1.3080955090720743e-08
1.308095536736763e-08
5.362983961529128e-08
5.347865817982177e-08
0.0
0.0
0.0
0.0
0.0
2.0629644300382467e-11
9.837894083649054e-09
4.575675307859166e-10
5.178743873774735e-09
5.1787447588259155e-09
-9.44158979560307e-09
8.514087496308725e-09
0.0
0.0
0.0
0.0
2.442103728026494e-07
5.3629838380262424e-08
0.0
5.1787497809290235e-09
5.1924837149585354e-09
4.9943248298025583e-08
0.0
0.0
5.207894271346224e-07
9.88152848435675e-09
5.185618505545695e-09
5.178753918582063e-09
0.0
0.0
0.0
4.988224293996635e-07
0.0
16.61168290395975
-16.61168302694755
-1.1338622205267799e-07
1.4318796300395047e-08
9.71366311779793e-09
9.713662959260467e-09
2.4856696745291393e-07
2.644998327221405e-07
0.0
4.517457892684236e-06
-4.450337832489644e-06
9.659159018128902e-09
0.0
-1.7647842949218242e-05
5.337943475723343e-17
0.0
1.9652192394844625e-08
9.904901343560368e-09
-1.7656322749134708e-05
1.6563645251022255e-15
6.048878024391105e-09
2.4856696842415987e-07
3.587638816223924e-06
5.952117834775878e-10
-3.5776612956808632e-06
5.976911360813666e-10
1.11199340043235e-07
7.307742485296683e-09
1.9961009271347993e-08
5.986166782179666e-10
0.0
0.0
0.0
1.1849102558301463e-08
7.630267636141642e-09
0.0
0.0
5.195433476527406e-09
0.0
0.0
0.004435086612396271
0.004435038451510284
3.866190893401652e-08
0.0
