0
0.0
1.1357621634699942e-08
0.0
0.0
0.0
6.498451808020941e-08
0.0
0.0
3.360771956959218e-08
0.0
0.0
0.0
0.0
0.0
0.0
0.0
0.0
9.859114248566167e-09
0.0
1.506399515542017e-09
0.0
0.0
0.0
4.403142656404062e-10
2.0509010980128434e-07
9.859994550578566e-09
0.0
0.0
8.810270269234431e-09
0.0
0.0
0.0
0.0
0.0
0.0
0.021630358119833947
0.0
4.285958068972576e-09
1.981337617778733e-08
0.0
0.0
0.0
0.0
0.0
4.421185987150882e-09
0.0
0.0
0.0
0.0
0.0
0.0
0.0
0.0
0.0
0.0
0.0
0.0
9.884903642022411e-09
0.0
0.0
0.0
0.0
1.0915504847341398e-19
0.0
9.59992997267851e-09
0.0
0.0
0.0
0.0
0.0
0.0
6.887268775935521e-09
2.998733514904795e-09
1.0155763429113736e-10
1.413026327313095e-11
8.580122724264599e-10
9.162834976322644e-22
0.0
0.0
0.0
0.0
0.0
0.0
0.0
0.014306151832763792
4.901895025295305e-13
3.208938219805404e-09
0.0
9.541889787462926e-09
0.0
0.0
7.857879982028766e-09
0.0
1.1044489818692833e-08
-1.6354641118413106e-09
9.243147914203384e-09
0.0
0.0
0.0
0.0
0.0
0.0
9.900089865875287e-09
0.0
0.0
9.850262953512234e-09
0.0
0.0
0.0
0.0
0.0
9.43720335269811e-09
0.0
0.0
1.0112642301220565e-25
0.0
0.0
0.0
0.0
0.0
4.800138666235245e-10
0.0
8.407542842328686e-09
0.0
0.0
5.343659124987432e-09
3.3403573240775586e-09
-3.4997746922726947e-08
0.0
9.833459995705628e-09
9.819011193651273e-09
0.0
9.6788323215666e-10
0.0
0.0
9.671158777824833e-09
0.0
0.007695094007360686
1.920523166573858e-09
0.0
7.0894317593322245e-09
6.030286115238236e-09
0.0
0.0
1.0667274054036814e-08
0.0
0.0
0.0
0.0
0.0
0.0
1.4736401706164624e-08
9.472680593702979e-09
0.0
9.045496504018525e-09
9.10914076024539e-09
9.659439592248633e-09
8.815926690868066e-09
0.0
0.0
0.0
3.7744948709720905e-16
6.067376739734228e-09
-0.010891096347868445
2.2521186294087487e-07
7.621002997797655e-10
2.040824451401499e-08
0.0
0.0
0.0
4.204321726777881e-05
0.0
1.4327547209858735e-08
0.0
8.918074368266744e-09
0.0
0.0
4.1891772282811663e-07
0.0
0.0
0.0
0.0
0.0
0.0
0.02936902558164466
1.880718604141577e-08
0.014343307283382956
6.097096941722653e-09
7.183594713023973e-08
7.669906580098996e-09
1.1690175895343156e-08
0.0
0.0
0.0
0.0
0.0
5.963956941257354e-08
0.0
0.0
0.0
0.0
1.3193521693528711e-09
1.99399235095657e-08
0.0
0.0
0.0
1.4233917173380557e-08
1.903043345664847e-07
2.432492469802952e-07
0.0
7.40006013053269e-09
0.0
0.0
8.909531207579618e-09
2.9992941647476214e-08
6.2998524568013944e-09
9.796290033101897e-09
1.274866316360363e-08
0.0
0.0
0.0
0.0
0.0
0.0
0.0
0.0
0.0
0.0
1.6712214236383708e-21
5.996851203989758e-09
0.0
0.0
1.6926042856595124e-10
0.0
0.0
9.69543229347165e-09
0.0
0.0
0.0
0.0
0.0
-2.710505431213761e-18
5.69567099065199e-11
-3.932576353586242e-05
0.0
0.0
0.0
0.0
0.0
0.0
0.0
-0.018175186070987687
5.74418728684662e-22
4.9814902382872756e-09
0.0
9.880141041531897e-09
0.0
0.0
0.0
4.219572843437631e-09
0.0
0.0
5.914308817238367e-07
0.0
9.917478921159557e-09
8.529302555569736e-09
0.0
0.0
0.0
0.0
0.0
0.0
0.0
0.0
9.130762551084447e-10
0.0
1.912033746103951e-06
0.0
0.0
0.0
0.0
0.0
9.860795009734803e-09
0.0
3.675628212531963e-09
0.0
1.0405700086861894e-10
0.0
5.42215043055063e-19
0.0
-4.528894737530764e-10
0.0
3.3439441939741876e-07
0.0
0.0
9.859301195418802e-09
9.798304689876716e-09
9.887168458635093e-09
0.0
0.0
0.0
0.0
1.0638119158181304e-08
0.0
9.924269458431931e-09
0.0
0.0
0.0
9.243147931075589e-09
9.79816510368635e-09
0.0
0.0
1.3322676295501878e-14
0.0
4.023236699845636e-08
0.0
0.0
0.0
0.0
0.0
0.0
0.0
0.0
3.744614616107784e-09
0.0
7.411138373660453e-09
0.0
0.0
0.0
9.504360688686159e-09
3.416509468921068e-09
0.0
0.0
0.0
0.0
0.0
0.0
0.0
0.0
-2.4094875132938868e-08
-3.360771956976744e-08
0.0
0.0
1.9767070676802175e-08
9.986727079643262e-09
9.991624233361826e-09
9.982518488272794e-09
6.093158719747975e-10
9.97619826989028e-09
9.842588057345125e-09
4.630791333422684e-10
9.976198271887812e-09
9.982518491114372e-09
9.991624416829005e-09
9.990934242087718e-09
-9.859114247223744e-09
8.236588800329265e-09
0.0
0.0
0.0
0.0
0.0
0.0
5.315529115461303e-08
0.0
0.0
0.0
3.403890932241028e-08
0.0
0.0
0.0
0.0
0.0
0.0
0.0
0.0
0.0
0.0
0.0
0.0
0.0
0.0
0.0
0.0
0.0
0.0
0.0
0.0
0.0
0.0
0.0
0.0
0.0
0.0
3.9258118632784074e-08
3.7053522901700104e-10
0.0
2.0509010980105136e-07
9.991262900624058e-09
9.981610787993802e-09
6.090800811987432e-10
0.0
0.0
1.1081294687513753e-09
5.073443696384893e-09
1.1090739726979704e-09
8.95806730487715e-09
8.629691923405644e-09
1.610889582552391e-09
0.0
0.0
0.0
0.0
0.0
0.0
-2.05090109801269e-07
2.050901098012247e-07
1.9047238790249078e-19
1.9948005779944777e-08
1.996412928194592e-08
1.9982887500847883e-08
1.9981629330601463e-08
-6.26745054504085e-09
-3.5847921465440327e-10
1.1078933263201662e-09
-9.893189775213307e-09
1.1088378898695242e-09
8.95783148742793e-09
8.629455964068244e-09
1.610653872671482e-09
0.0
-4.8848221682342395e-09
-4.883880554178632e-09
-4.8829377738738525e-09
0.0
0.0
1.1076572138759531e-09
0.0
1.108601803458292e-09
8.957595669958804e-09
8.629219996151203e-09
1.6104181627784999e-09
0.0
0.0
0.0
3.041718218148249e-09
0.0
5.897006792592402e-10
9.971807506461983e-09
1.506399515531962e-09
0.0
0.0
4.817243080616089e-08
0.0
8.931274371350446e-09
6.020421841178796e-10
3.1864205239095936e-08
5.354808196465582e-11
5.3548081939835267e-11
1.1357621634273266e-08
9.840736511885579e-09
0.0
-9.942038687541649e-09
2.709141208010481e-07
0.0
6.54510262007755e-08
2.47678910108858e-08
0.0
0.0
5.1681197967402726e-08
0.0
0.0
5.889868203268133e-07
0.0
1.9767070677332004e-08
0.0
9.436588832584237e-21
3.47033953134845e-08
4.437987449261538e-08
5.493489354468958e-06
9.956256007794863e-09
5.116531571821011e-10
5.45540186601412e-08
4.517967109284038e-08
-1.4459896372290282e-08
-3.1864089197058965e-08
-3.940164480190772e-08
-3.960969943012094e-08
-2.433695454804471e-08
-1.1313785908291778e-09
0.0
0.0
1.560198713160244e-06
0.0
0.0
0.0
0.0
0.0
2.246385277500323e-07
1.98133761777858e-08
9.834468968079445e-09
-1.9813376177785897e-08
1.9724152710768637e-08
3.657053606054204e-10
2.665126265531423e-08
0.0
2.914657854749521e-08
4.9158500109281346e-11
0.0
0.0
0.0
-0.06521315164147926
0.0
2.6646126827638953e-08
0.0
9.89586066658146e-09
5.1558883235896e-10
9.952661387916424e-09
9.952661392028948e-09
0.0
0.0
0.0
-5.506567293464548e-08
-4.517967240429133e-08
5.03069772788662e-09
3.186408667533346e-08
3.9401641999570365e-08
3.794958428927908e-08
0.0
-3.3700884339313373e-09
-5.663893128709112e-08
0.0
0.0
0.0
1.734405366209024e-14
6.318495887989363e-05
6.318495886258385e-05
9.200435999645248e-09
4.0398220893781866e-08
2.927187461850329e-07
1.8677672545179182e-09
8.661241991005243e-08
3.482352984441856e-08
0.0
0.0
2.354855323497753e-13
0.04358280538102494
8.319349449381662e-09
0.0
-0.021717907162230432
8.754904239657286e-05
-0.02163034826417096
1.2528973576175174e-07
0.0
0.0
0.0
9.987813108615518e-09
9.987812925552216e-09
-1.8074744101278454e-05
-0.25080600488595906
9.862330905601932e-09
0.0
0.0
0.0
0.0
6.793643875039081e-08
-1.847528599167521e-08
6.089307806487415e-10
0.0
0.0
9.975041108923796e-09
9.979727156916035e-09
0.0
2.5723146254638256e-07
0.0
-3.339021645366691e-10
0.0
0.0
9.787643985694915e-08
6.024298610125655e-09
0.0
0.0
8.234076036788597e-09
3.67760603464342e-08
0.0
0.0
0.0
0.0
1.8101416882188168e-08
3.31583316107962e-08
0.0
3.744614614086846e-09
0.0
5.962832907768261e-10
4.041890742376663e-08
1.1112404662028557e-08
4.646460731098732e-11
5.4287436125157956e-09
3.4725310564897265e-08
1.0652453853057372e-09
7.136895804232871e-10
9.841621431000425e-09
0.0
0.0
-5.328209275536905e-10
0.0
3.459647152093126e-11
6.31944547107058e-05
4.91522435005225e-10
4.915224344330352e-10
0.0
1.425774187871945e-08
-1.790010908168081e-08
5.858580861329262e-10
1.1147329512062483e-08
1.4509791969607739e-06
1.5011034774386336e-06
0.0
0.0
0.0
0.0
18.207039868746662
-18.220613476792792
0.013573627367882571
9.655195938064725e-09
3.682017181399756e-10
0.0
0.0
0.0
0.0
0.0
0.0
0.0
-9.88490364214889e-09
2.58349898524292e-07
2.583498984647189e-07
5.861865349446033e-10
5.861864545800664e-10
-9.88490364193205e-09
0.0
-5.04788218704571e-10
3.411645273988964e-11
0.0
0.0
0.0
0.0
0.0
0.0
0.0
0.0
0.0
0.0
8.916084535562805e-08
0.0
0.0
-9.857000136417078e-09
3.7946619897091774e-11
0.0
0.0
2.997174787704644e-08
9.963702972957114e-09
6.091537894763815e-10
6.00338023540397e-10
1.6693465443715598e-08
0.0
0.0
5.889868203259874e-07
0.0
0.0
0.0
3.727550412873443e-16
0.0
5.00179697231147e-08
2.0248661483555214e-08
9.914158347280939e-09
1.5080626141062496e-08
4.456839058602686e-08
3.4615272021281286e-09
2.1371049909924973e-09
0.0
2.724700854106694e-07
0.0
7.153179439726166e-08
0.0
0.0
0.0
-4.0996394647108136e-19
0.0
0.0
0.0
1.419410794263184e-08
0.0
0.0
0.0
0.0
0.0
0.0
0.0
0.0
0.0
3.125341570503308e-09
0.0
2.586025752051972e-09
-1.65784415221467e-10
3.5788301960725285e-09
0.0
2.038540867360661e-08
-9.960083143661924e-09
0.0
0.0
0.0
0.0
9.980027736514185e-09
3.932568907322187e-08
9.77299600493595e-09
9.77299600482495e-09
9.772996004832511e-09
0.0
4.234474057199286e-09
0.0
0.0
0.0
0.0
1.5497532705266784e-08
5.627235457864811e-10
2.0906122913742927e-19
0.0
0.0
0.0
-3.9325689071487147e-08
0.0
0.0
0.0
1.7290203544969666e-08
9.946425170365942e-08
1.841799240898112e-08
0.0
0.0
9.53203708650448e-09
0.0
8.506129193749281
-8.506129170586659
9.614927408461651e-09
2.1059924204479868e-19
1.2084491186967002e-08
-1.0319500663099776e-06
0.0
0.0
0.0
-0.043358328112667044
2.453915113414033e-09
0.0
2.4063780393764212e-08
0.0
0.0
0.0
0.0
0.0
0.0
9.790803490219519e-09
9.86165047313105e-09
9.862461432687925e-09
0.0
0.0
0.0
0.0
0.0
0.0
0.0
0.0
0.0
0.0
-1.0155763429113736e-10
0.0
0.0
5.136179481723957e-09
-1.4129142300589592e-11
0.0
0.0
0.0
0.0
-8.648340531843431e-10
2.0509010980003314e-07
-7.498164299180043e-08
0.0
0.0
0.0
1.7543276386854204e-05
0.0
1.7533382414316088e-05
0.0
0.0
0.0
0.0
0.0
0.0
0.0
0.0
0.0
9.817062348449523e-09
3.32812534739674e-14
3.2824072409393495e-14
3.2247960619596424e-14
3.2251631709033475e-14
2.997174759685517e-08
9.8879255774531e-09
0.0
3.393453640720084e-08
4.3616987450274025e-09
1.4327547209838697e-08
9.189599573583423e-09
0.0
1.7638464556820637e-10
9.957797158637223e-09
5.76646022394578e-10
0.0
0.0
3.331974809431574e-07
3.430096713012247e-07
4.331195310831057e-10
0.0
1.4041544659909143e-09
0.0
3.724268701347742e-10
0.0
0.0
3.4185748731563774e-09
0.0
1.4041133662939884e-09
-3.0002455955060395e-09
0.0
-9.825322800474564e-09
-9.513200996679209e-09
3.4185731385112466e-09
-3.257753157840347e-09
0.0
-1.0155825673668678e-10
0.0
5.99735085393527e-10
2.6126845770450956e-09
1.2019131024160563e-08
-0.014306161685104346
-0.01430587080187351
0.0
6.3725093931828076e-06
-4.902744876744691e-13
6.362705633562732e-06
0.0
0.0
0.0
1.0797344226260474e-08
1.4641730802148807e-08
0.0
0.0
0.0
0.0
0.0
0.0
0.0
0.0
0.0
0.0
6.641656378492613e-09
3.7453679345217025e-16
0.0
0.0
1.7634383729409238e-08
-4.0115480381963664e-16
0.0
0.0
2.5796384543141926e-05
0.0
0.0
-2.577674100834315e-05
3.7600433257245515e-16
2.5794355887328807e-05
0.0
6.314673437617715e-05
5.128601136069706e-09
9.9652177705518e-09
5.83961824425874e-10
1.7634383748180464e-08
0.0
9.886536180925363e-09
1.6601120944946372e-09
3.497097994693832e-08
2.2387064909929876e-09
0.0
0.0
0.0
0.0
1.6354641119638916e-09
0.0
9.868805524577672e-09
0.0
0.0
0.0
0.0
9.903834013421999e-09
9.903833706756207e-09
9.9038333992163e-09
9.060801674255822e-09
5.2923622163530044e-08
9.060801507751905e-09
0.0
0.0
5.403914044618455e-19
0.0
0.0
0.0
0.0
4.507992125402419e-11
0.0
0.004550714024070623
0.0
0.03179937987059696
5.0393525949094586e-08
1.2388907180733474e-09
0.0
0.0
4.838824235131004e-08
9.978301074298201e-09
-2.773671653813481e-08
-6.8504333574224605e-09
-1.9030433456683482e-07
-1.806802303637389e-07
0.0
0.0
-3.19355928964126e-07
1.998246757939991e-08
6.094356285338317e-10
0.0
0.0
0.0
0.0
0.0
0.0
0.0
0.0
4.1205401221179283e-10
9.991411637870213e-09
9.842588058799366e-09
7.021987762318518e-10
-9.891669981373918e-09
0.0
0.0
3.1107863902110235e-08
0.0
0.0
0.0
4.462687969999274e-09
0.0
0.0
0.0
0.0
0.0
9.957797152858817e-09
-9.900089865738301e-09
6.021991213986615e-10
0.0
1.699097634162202e-08
1.9964580248187005e-08
5.993878938269608e-10
0.0
0.0
0.0
0.0
0.0
0.0
-9.109140760047915e-09
0.0
6.079820678940073e-10
1.997820370364085e-08
6.070364304699776e-10
0.0
0.0
0.0
0.0108215347698958
0.0
0.0
-9.64965430011542e-09
0.0
0.0
0.0
0.0
0.0
0.0
-9.803087673977522e-09
0.0
0.0
7.585848185183206e-11
7.585801238451122e-11
7.585843479658113e-11
-1.56035829060059e-11
0.0
0.0
0.0
7.439065571064799e-09
9.958657051778452e-09
6.067379583416598e-10
0.0
0.0
0.0
0.0
0.0
0.0
0.0
0.0
6.07681685562542e-10
1.997835790695175e-08
6.074887962766699e-10
1.9440811130050055e-08
0.0
0.0
9.790191406684545e-10
1.8859973787616358e-08
3.801566215072851e-11
0.0
0.0
9.612804091249842e-09
1.9026263878901975e-08
6.370945207053827e-11
0.0
-6.370945206365559e-11
0.0
0.0
9.834478880655905e-20
0.0
6.86853969746222e-08
6.868539697478753e-08
0.0
0.0
3.951230731230636e-07
9.655854975588665e-09
0.0
0.0
9.989347101910073e-09
0.0
-9.367285223049748e-07
0.0
-3.6756282124339175e-09
0.0
-1.042466237595116e-08
9.966410146819427e-09
5.894006663471364e-10
0.0
0.0
3.7046007150820515e-08
1.994332236766673e-08
5.912279976574243e-10
0.0
9.822076177340204e-09
0.0
0.0
-9.921411271798005e-09
2.284429388371272e-09
0.0
3.569112784243168e-11
0.0
0.0
1.003513650221731e-08
2.9292511483261706e-09
2.144428461871383e-09
1.0667670345371142e-08
0.0
1.8507148041692503e-08
0.0
0.0
1.52533681689762e-08
1.1237904217687028e-08
0.0
1.53541513519042e-09
0.0
0.0
3.3273209563479577e-09
4.833438541676194e-09
0.0
0.0
3.0840615234193243e-09
0.0
0.0
0.0
0.0
0.0
0.0
5.506567256341466e-08
3.5643316853712906e-08
-1.4459895260332534e-08
-2.2355745500537146e-08
-2.987585895318415e-08
-3.960969739942382e-08
-2.4355508583750985e-08
1.1313808334742666e-09
2.398622419428023e-05
2.3995714988397748e-05
0.0
0.0
0.0
0.0
0.0
0.0
0.021667711275141867
0.0
0.0
7.921724782366486e-09
0.0
1.1412326720253051e-07
5.970287335596642e-10
5.04290799780312e-10
0.0
0.0
0.0
0.0
0.01082154271946879
0.0
9.951812246053625e-09
5.707457139732938e-10
0.0
0.0
0.0
0.0
0.0
0.0
0.0
0.0
0.0
0.0
0.0
0.0
0.0
0.0
0.0
4.005030399070786e-08
7.524054351298061e-09
0.0
0.0
0.0
0.0
0.0
2.506456759775202e-08
0.0
0.0
0.0
0.0
0.0
0.0
0.0
-5.343659124394576e-09
0.0
0.0
5.32588846635651e-08
4.011423032634909e-08
0.0
0.0
0.0
-6.030286115506905e-09
0.0
4.0873766589610955e-09
2.9660778525697584e-07
9.654073188579147e-09
1.1872100451239317e-09
0.0
0.0
9.921171468157864e-09
0.0
0.0
0.0
-3.3403575538377866e-09
5.216048150524301e-08
9.25450641953543e-09
9.254506449513758e-09
0.0
0.0
0.0
0.0
1.0828435082542572e-08
5.061423375911159e-09
1.2469705405452562e-08
1.246970540681075e-08
1.2469705404904622e-08
2.228871659936774e-08
1.2469705405716126e-08
0.0
0.0
2.9923723943170444e-08
1.4089279058295583e-08
0.0
0.0
0.0
0.0
0.0
0.0
0.0
0.0
1.3664280312176965e-08
0.0
0.0
0.0
0.0
0.0
0.0
0.0
0.0
1.382872238724483e-08
0.0
0.0
0.0
4.728778794557105e-10
0.0
0.0
0.0
2.2651482982078596e-11
0.0
9.810133993758811e-09
0.0
2.7517657459086492e-05
0.0
0.0
0.0
0.0
0.0
2.9054987409087747e-08
5.049606830582296e-05
0.0
0.0
-0.0076950940073607366
0.0076953849825368344
0.004172081923634142
1.58980814959546e-06
3.4990141693210134e-09
9.97966452734479e-09
1.62373641301602e-10
1.9441574589183015e-08
9.904184944321896e-09
9.904184958275941e-09
0.0
0.0
0.0
3.4990141691183364e-09
0.0
4.256401187776212e-05
0.0
-6.030286115244325e-09
-6.030286115235855e-09
6.314409346128147e-05
1.9782853088865904e-08
0.0
9.883876089756757e-09
-9.677213466761231e-09
0.0
0.0
0.0
0.0
-1.2766005570622713e-09
-9.955507339814767e-09
1.3255252333437264e-08
0.0
0.0
0.0
0.0
0.0
0.0
0.0
0.0
0.0
9.965848452504167e-09
1.4025804393261176e-07
0.0
0.0
0.0
0.0
5.912301668218604e-10
0.0
9.971279148763136e-09
0.0
5.857303785686892e-10
0.0
5.755367399841355e-10
0.0
0.0
0.0
1.1913154545292485e-07
0.00016154649137131022
0.0
9.900896879187088e-09
9.90089687907575e-09
1.4628807876614666e-08
0.0
-9.864493695890124e-11
0.0
0.0
0.0
0.0
-2.8260136543876267e-10
0.0
0.0
0.0
0.0
2.7347133986673352e-11
0.0
9.273940047785769e-09
0.0
0.0
-8.815926690866952e-09
0.0
0.0
0.0
0.0
0.0
-5.3049812587933055e-09
9.962713532251197e-09
5.814929434474236e-10
9.888100457824432e-09
9.888100458282446e-09
0.021713631194646088
0.0
0.0
0.0
9.638469611990647e-09
0.0
0.0
6.0124873524370016e-06
0.0
2.247596758807164e-10
0.0
0.0
-3.8511090210094896e-10
0.0
0.0
0.0
0.0
4.254461294164735e-05
-4.428988550041202e-08
10.241196446039336
0.0
1.97926257439606e-07
-2.728560550126639e-08
-2.2521186294087236e-07
0.004194344633523981
3.663021884769734e-08
0.0
0.0
0.0
0.0
0.00419437972205185
0.0
0.0
0.0
3.9808748998070974e-10
0.0
-1.0941357307524013e-08
0.0
0.010810607053071773
8.027120431920576e-05
0.0
0.010891095664605928
10.241196409409117
0.004194379722051665
0.0
0.0
1.9254939780070254e-08
5.841461645993117e-10
0.0
0.0
5.4737923331096705e-06
0.0
0.0
-4.681513305481913e-05
0.0
0.0
0.0
9.807994100371163e-09
1.1193920393296849e-07
0.0
0.0
0.0
-5.439505319677829e-06
0.0
9.948312891137553e-09
0.0
9.746315774323286e-09
3.6820153169504876e-10
1.6308828716408255e-06
0.0
0.0
-4.899436564340384e-09
1.3255252143807306e-08
4.859062502625424e-10
0.0
1.324625648435176e-07
9.946520132793255e-09
0.0
-8.918074368254513e-09
0.0
0.0
0.0
0.0
0.0
8.203766799052918e-07
-0.6267411336847104
0.6267407147669877
-4.1891772282087153e-07
4.06396871821398e-07
7.837067878189948e-09
0.0
9.40661529753666e-09
2.3064214988940436e-08
0.0
1.8679183361396548e-07
1.3925110617156432e-07
0.0
0.1323677862475389
-0.13241702327915061
7.19381434394634e-06
-4.204321726777866e-05
0.0
0.0
0.0
0.0
0.0
0.0
6.090851433921545e-10
0.00013754104766858374
0.0
0.0
6.649312123249567e-16
0.0
1.9651934555448378e-08
1.1352623846709682e-07
0.0
0.0
1.9686205861377213e-08
0.0
0.0
0.0
1.957738400142792e-08
9.740013837074182e-10
0.0
0.0
3.996195547375573e-08
6.080259481879399e-10
0.0
0.0
9.98934653978446e-09
-9.715366414788531e-09
0.0
2.0083821739124337e-08
0.0
0.0
9.97442099591071e-09
0.0
0.0
0.0
0.0
0.0
0.0
0.0
0.0
7.634474976519482e-08
0.0
1.5278446666642193e-06
6.039845587898156e-10
-1.5178591397991582e-06
0.0
8.707255680993497e-11
1.9754776429212064e-08
0.0
-0.014343278268632974
-0.014343739611732756
0.0
7.18359469620639e-08
-7.183594704623778e-08
-9.348737325175307e-09
-1.3904842885235483e-08
5.506567219044911e-08
4.517967154213376e-08
-5.030698964713386e-09
-3.186408836265697e-08
-3.9401643871228575e-08
-3.9609698415307704e-08
-3.3850399285228995e-08
0.0
0.0
1.7638473670657348e-10
-4.4031426595092515e-10
0.0
-5.333090242350631e-10
7.97342234905005e-09
0.0
0.0
7.49333083350983e-09
5.29683634849943e-12
0.0
0.0
0.0
0.0
0.0
0.0
0.0
7.523340743211986e-05
6.002689520749693e-06
5.169513416990184e-06
-4.9919431839229246e-08
0.0
9.33525064865151e-09
0.0
0.0
0.0
0.0
0.0
4.149310256616532e-09
0.0
0.0
0.0
0.0
5.272889802075436e-13
0.0
9.899676791093825e-09
0.0
0.0
0.0
-4.802356730875389e-10
-9.859994550578577e-09
-0.008707723932181631
0.00870773909420174
0.0
2.9434018622564594e-08
0.0
0.0
0.0
1.5170946349444162e-07
-5.963956936411077e-08
0.0
1.8075850469270913e-09
0.0
0.0
0.0
0.0
9.98394591049986e-09
6.024261446250498e-10
-0.02936905481053209
6.53907964591949e-11
0.0
9.339459936879392e-09
0.0
9.33946100820039e-09
9.339462276080913e-09
6.300871926992468e-05
-5.593116578962406
5.5931165693886085
0.0
1.7623959264074426e-07
7.828821649146946e-09
-3.946379698395981e-08
0.0
8.130007346722858e-09
8.13000734659411e-09
0.0
0.0
0.0
9.709672035146388e-09
0.0
0.0
4.2647689809971645e-09
0.0
5.328202376585355e-10
0.0
9.989683774581839e-09
7.12631045892243e-06
7.124991106753516e-06
0.0
9.610372349679974e-09
0.0
0.0
-1.9939923509603493e-08
0.0
2.8443428945479354e-08
9.988888037215493e-09
-1.7878445807899095e-08
0.0
0.0
1.4820028435241599e-09
0.0
0.0
9.654073195865708e-09
9.654073203143741e-09
1.4039379796044695e-08
1.4039379735489583e-08
9.821365887230371e-09
-3.320938137520143e-10
0.0
4.844729427901266e-09
0.0
0.0
0.0
9.772996005229743e-09
0.0
1.8560042327611696e-08
1.2551744343668332e-08
-3.808389632799374e-09
0.0
0.0
-2.3361334783108642e-07
-2.3361334783099822e-07
0.0
1.9354199838752677e-08
0.0
1.0644988931189747e-08
5.889233863079379e-10
9.97025033496734e-09
9.97542401576213e-09
9.975424015678869e-09
4.185376869548004e-08
2.194316607188857e-07
3.059066327814954e-08
2.2368171109004435e-07
3.2323259404142756e-08
0.0
0.0
3.2907497301665407e-10
1.0373413728914996e-08
1.7166212064941445e-07
0.0
0.0
6.363789065879079e-20
0.0
2.4864758063996542e-09
-7.400060130641206e-09
1.867918333322197e-07
0.0
7.669906606825362e-09
1.1690175873453356e-08
0.0
0.0
0.0
2.812624917772938e-09
2.750906362083569e-09
8.909511612064947e-09
0.0
0.0
0.0
0.0
2.5622268807848815e-08
1.0316210932843619e-08
8.87945190636646e-09
1.0384990922685159e-08
1.8342711501873782e-08
5.363380284725583e-09
0.0
0.0
1.5953058702599135e-09
2.8579326400464917e-09
0.0
0.0
0.0
0.0
0.0
0.0
1.3829857123885207e-09
0.0
0.0
1.3457951107432538e-09
8.236599013242223e-09
0.0
0.0
0.0
0.0
0.0
0.0
0.0
2.6411776912696127e-09
9.739000227897222e-09
0.0
0.0
9.343538018412313e-09
9.882104638404268e-09
7.740804484628675e-09
0.0
0.0
8.18698885283242e-09
9.121758405826824e-09
0.0
0.0
6.768930490012765e-08
5.072026100324001e-09
0.0
8.398093983148784e-09
5.301401535588299e-08
0.0
0.0
0.0
2.4195466364236845e-09
1.3507911616626487e-08
0.0
0.0
7.947967255964333e-09
9.964815262870199e-09
9.367285228044126e-07
0.0
1.9452502175373784e-18
0.0
4.731539111206051e-07
4.902077610399944e-07
-2.0489822236013498e-08
0.0
0.0
0.0
0.0
4.6908909331443536e-08
0.0
0.0
0.0
-9.796290033510513e-09
0.0
0.0
2.064970905726784e-10
9.98684068667497e-09
9.981890239557009e-09
9.98189023914722e-09
9.963053824303083e-09
9.963053824072943e-09
9.970987300854347e-09
9.97098730056301e-09
9.912936543237995e-09
0.0
9.912936542781543e-09
0.0
0.0
0.0
-1.2748663163526406e-08
6.002919659738756e-06
1.727234804599903e-08
9.92485599043556e-09
5.441714897670006e-10
0.0
8.891866933930009e-09
0.0
8.891866934080693e-09
7.948590179877643e-09
0.0
0.0
-9.145557465893984e-09
0.0
0.0
1.1232500402435836e-17
3.042256148664652e-08
0.0
0.0
2.7930011796035836e-08
0.0
0.0
0.0
0.0
1.8999604053905277e-08
2.7908223085688264e-09
0.0
0.0
6.554202116945684e-05
0.0
0.0
0.0
0.0
9.812046668690483e-09
9.814554741881475e-09
4.0965207957102667e-07
4.003781395234083e-07
0.0
9.853028729717161e-09
9.853036536223552e-09
9.819569492305936e-09
0.0
0.0
0.0
0.0
0.0
0.0
1.364693181552247e-09
0.0
1.3296199758866233e-09
0.0
0.0
0.0
0.0
0.0
0.0
1.8474029997612995e-08
-1.6926042858966817e-10
0.0
0.0
0.0
2.3173738248069993e-20
-9.14555746640898e-09
1.3261934756690326e-07
1.326193475669098e-07
9.972911857818066e-09
2.7847730798348254e-09
1.2762533843214567e-08
0.0
0.0
5.676900857954008e-09
5.676900783040558e-09
0.0
4.9889499134891235e-08
3.0028956707894104e-08
0.0
0.0
0.0
0.0
1.5355799631412416e-08
0.0
0.0
2.0545052658712456e-08
2.0200941098494005e-08
9.896021974635126e-08
0.0
0.0
-9.695432308466146e-09
0.0
5.025652651548277e-05
5.026535458072936e-05
0.0
7.490460979928336e-09
7.490460979882492e-09
0.0
0.0
-1.3488440324795157e-11
0.0
0.0
0.0
0.0
0.0
0.0
0.0
0.0
0.0
0.0
-2.384112522251739e-06
0.0
7.574832352533698e-09
0.0
0.0
0.0
2.0509010980116473e-07
1.187210055187895e-09
0.0
0.0
4.256182233284417e-05
4.256182233201844e-05
0.0
0.0
3.536973598849941e-18
5.522721031803227e-10
5.522721064122514e-10
0.0
-5.69566607588987e-11
0.0
0.0
0.0
0.027562094278036277
0.008722763017402746
1.682255490879282e-06
0.0
0.0
0.0
0.0
0.0
0.0
0.0
0.0
0.0
0.000328007424978927
0.0
0.4106961628436579
1.99250836741107e-06
0.0002252158469746539
0.0
-0.25080609282585353
-4.9618900159925826e-08
-3.422709832570647e-08
-2.033699564307767e-08
-1.1735427879683638e-08
7.1101238182150715e-09
-8.095206128344565e-10
-1.1247171686589773e-08
3.932576353586258e-05
3.938648515694476e-05
0.0
0.0
1.6374645762616143e-05
-6.29927160712934e-12
1.6374768227838744e-05
0.0
0.0
9.94070843518521e-09
0.0
5.927444615220193e-09
4.049715999754164e-09
9.977092716692603e-09
0.0
-9.932133815913902e-09
0.0
0.0
-3.023903971147253e-08
9.95590667741443e-09
0.0
2.355880528615267e-08
0.0
2.7128455749177708e-08
2.0885995587726887e-08
5.769729515228614e-10
2.425832111698714e-08
0.0
1.4669844980857993e-06
1.466984498085721e-06
9.935118982771903e-09
5.542888504289924e-10
0.0
2.9578989282390865e-08
9.988165488468091e-09
0.0
9.989683934797969e-09
0.0
9.989276773954465e-09
9.970734449808682e-09
0.0
5.986363322890865e-08
0.0
9.983715810273763e-09
1.8454739731283749e-09
9.981216587086832e-09
0.0
9.966410149202281e-09
3.094636304036507e-07
9.991411822729503e-09
0.0
9.99076989676355e-09
0.0
9.989581415494967e-09
0.0
9.990700222899242e-09
0.0
0.0
0.0
0.0
0.0
6.067376739735613e-09
0.0
0.0
0.0
0.0
0.0
0.0
0.0
0.0
0.0
0.0
0.0
0.0
0.0
1.1368852659915885e-08
0.0
0.0
6.951847422424524e-08
0.0
0.0
0.0
0.0
0.0
0.0
0.0
0.0
0.0
0.0
0.0
0.01817517621670554
0.018175192677174712
0.0
1.8433052022312883e-08
-9.960083148866095e-09
0.0
9.854290073242002e-09
-5.000936854529171e-10
2.7231406499785287e-10
6.158604652877824e-09
0.0
0.0
0.0
-9.921411270562184e-09
1.1840238052858364e-10
7.82263536079904e-11
0.0
9.966830556419688e-09
0.0
0.0
9.980276413281013e-09
0.0
0.0
1.5631401051757102e-10
1.0054820189558076e-08
0.0
0.0
0.0
0.0
1.0726799417556227e-08
0.0
9.96715226195613e-09
9.758931069330394e-09
3.8063273604530787e-10
1.9972597707640372e-10
6.498451806837869e-08
2.055337214183143e-21
3.041716716184766e-09
3.0417170927751783e-09
1.4842723430515808e-08
0.0
0.0
1.0521650804443486e-08
0.0
2.3362195227445687e-09
1.0480641105674953e-08
0.0
0.0
3.0417155843490053e-09
0.0
3.041715963710457e-09
3.0417155880824987e-09
0.0
0.0
0.0
0.0
0.0
0.0
0.0
0.0
0.0
5.728934271866869e-10
0.0
0.0
0.0
2.855812778702424e-10
0.0
6.213249622260034e-09
0.0
0.0
0.0
0.0
0.014068139276021619
0.0
0.0
0.0
0.0
4.3757847996402504e-08
0.0
0.0
0.0
1.502602851133543e-08
0.0
0.0
0.0
-4.2195728421762224e-09
-9.92141127120847e-09
0.0
0.0
3.98735884608968e-08
0.0
4.011423032279583e-08
0.007652818609799051
0.0
0.0
0.0
0.0
0.0
0.0
0.0
9.90834336626889e-09
4.5890283415498084e-05
0.010724552032470608
-0.021713631194646088
0.00016154649137131138
7.58183868575153e-18
-0.021667731018544523
1.7975191455655085e-07
0.0
0.0
0.0
0.0
0.0
0.0
0.0
4.0723209059872884e-11
0.0
0.0
0.0
1.738811376923248e-09
0.0
8.372001382328984e-10
0.0
0.0
0.0
6.706488848363432e-09
0.0
7.888246467833342e-09
0.0
0.0
0.0
0.0
0.0
0.0
0.0
0.0
0.0
0.0
9.871352576063669e-09
0.0
0.0
0.0
9.972911857847153e-09
-7.209036477842656e-08
-5.914308817238367e-07
0.0
8.236578578459941e-09
0.0
0.0
0.0
0.0
0.0
0.0
5.3155280947063963e-08
0.0
0.0
0.0
3.403890856339276e-08
0.0
0.0
0.0
0.0
0.0
0.0
0.0
0.0
0.0
0.0
2.5622268095686773e-08
1.0316210176176906e-08
8.87945127781202e-09
1.0384990189223964e-08
1.834271111323556e-08
5.363379132710986e-09
0.0
0.0
1.5953050161570887e-09
2.8579319309150855e-09
0.0
0.0
0.0
0.0
0.0
0.0
1.3829848704847774e-09
0.0
0.0
1.3457937482715425e-09
-6.012487351106176e-06
0.0
0.0
0.0
0.0
7.397023975903487e-09
0.0
2.0509010980017833e-07
-2.754169605376525e-05
0.0
0.0
0.0
1.215427696266147e-07
0.0
0.0
0.0
-9.917478921159642e-09
0.0
0.0
0.0
0.0
1.21542539640173e-07
0.0
0.0
-0.047777244177503064
-0.29440706101192143
3.9512307312139505e-07
0.0
1.9060952196066527e-08
0.0
0.0
8.687730668651704e-09
6.067379583560105e-10
6.067379584862032e-10
0.0
0.0
4.902343156185284e-09
0.0
-9.923726479454942e-09
0.0
0.0
0.0
0.0
0.0
0.0
-9.879578423042067e-09
1.4513618201590545e-08
9.963702895616378e-09
5.824682609805663e-10
0.0
0.0
-5.194166828507531e-08
8.132297967313708e-08
9.961694061766564e-09
-0.29440716127632527
9.537389652335385e-09
9.537389656041916e-09
-9.94630333650548e-09
5.0550995684426016e-08
6.278095484953942e-10
5.028997046578696e-09
1.9893760521912564e-09
2.4241758236544448e-08
0.0
7.710178459735815e-10
4.5890283415498104e-05
0.0
4.589028341549855e-05
2.562151823225434e-09
5.05509752662359e-08
6.278081294878121e-10
5.028995402834717e-09
1.989374773540655e-09
2.424175676202722e-08
0.0
7.710153428096448e-10
1.2154276937486703e-07
0.06521315164147978
9.914537541925333e-09
0.0
-4.009008079588344e-08
4.437987449148997e-08
4.771979330218469e-08
2.3418717560445607e-09
5.902384960136808e-10
-7.486973634444026e-08
3.3395803340703937e-07
5.1461999139509884e-08
7.405483014300256e-09
1.546183096957465e-07
6.075431061129688e-09
5.9326861901647446e-08
1.5015144924261865e-06
0.0
4.659021492267034e-10
9.8454434564345e-09
0.0
0.0
9.846226489034545e-10
9.846221600818441e-10
0.0
-9.130765289363553e-10
0.0
3.548133980388057e-05
1.318387633219417e-07
2.0509010979759e-07
-1.912033746103942e-06
-1.9023212604255002e-06
9.231104842078485e-09
0.0
0.0
6.213939608636261e-11
6.21393959034035e-11
0.0
0.29440739299693375
0.29440739299693375
6.818101566971879e-09
9.149207766885455e-09
0.0
0.0
0.0
0.0
0.0
2.586025752194249e-09
2.6426598319037077e-09
0.0
-1.188044529770087e-10
0.0
0.0
0.0
9.161351893613815e-09
0.0
9.758111715431535e-09
9.75811171536104e-09
3.798253182578723e-10
9.758111715502016e-09
3.798253179907035e-10
3.016688855775958e-07
6.439871514588477e-09
0.0
4.857747317795184e-09
5.927210375055839e-09
0.0
1.0368752790084524e-08
0.0
0.0
0.0
0.0
0.0
9.175161578509061e-05
-4.5789607670034935e-05
0.0
0.0
5.051411079564394e-10
0.0
0.0
0.0
0.0
0.0
1.2084491190477729e-08
0.0
2.7222568984919694e-18
-4.810246533922431e-10
0.0
-9.860795009523915e-09
0.0
0.0
9.891670092396221e-09
0.0
0.0
0.0
0.0
0.0
0.0
0.0
0.0
7.585741451720348e-11
-5.365370487572488e-10
-1.8164341812794416e-08
9.330528945927468e-07
2.3983533687732352e-06
0.0
0.0
-0.18112171035935543
0.18112174031812023
7.710407165387526e-09
0.0
1.208449119575752e-08
1.2084491194158682e-08
7.585747459762221e-11
0.0
0.0
-9.842266652723697e-09
0.0
0.0
0.0
-1.0405543093838787e-10
8.226506411843082e-10
8.226506412587866e-10
0.0
0.0
9.243147914200975e-09
1.0380398916678212e-08
4.528894741867573e-10
1.2084491192569826e-08
0.0
0.0
0.0
0.0
9.773305584726681e-09
0.0
0.0
0.0
2.0669744736094276e-08
1.4033650955458782e-08
0.0
7.585758729170424e-11
7.585753218132622e-11
0.0
0.0
0.0
-3.247442562049468e-07
0.004236751665520728
0.0
0.0
-6.333571312922004e-05
4.31092876837029e-10
0.0
9.81013399357832e-09
9.921171471730616e-09
5.405393132185141e-10
0.0
0.0
1.1074210507635727e-09
1.9682525576014234e-10
4.582726774658187e-05
0.0
-9.859301195445404e-09
-4.194346615281795e-10
-4.19434661542111e-10
0.0
0.0
0.0
-5.070206836186848e-10
0.0
0.0
0.0
0.0
0.0
0.0
0.0
0.0
4.994673551064022e-09
4.994673551064019e-09
0.0
0.0
0.0
5.04960683054102e-05
0.0
0.0019083813001844429
-0.001908361384224122
9.949549901434232e-09
9.885228003673672e-09
5.057068042155126e-10
1.0416434162867004e-06
6.425751811122506e-09
0.0
8.723379989544295e-09
9.914537541758257e-09
0.0
0.0
0.0
0.0
-8.859941020872286e-05
8.861994334725369e-05
9.78077550201073e-09
1.0638119157776364e-08
-1.0638119157979533e-08
0.0
4.5857546290037354e-05
4.5887207794193476e-05
4.632909385714805e-09
0.0
0.0
1.9803201580117027e-08
5.435932876405709e-10
-5.435932876368417e-10
0.0
1.063811915736967e-08
0.0
9.884620312200378e-09
0.0
0.0
0.01082175405000535
0.0
2.8986733723717475e-07
3.1908544247681796e-08
0.0
2.3717709380132785e-09
0.0
0.0
1.97762631979859e-08
9.939208804963819e-09
0.0
0.0
0.0
1.2757992303934001e-10
0.0
9.919352314687567e-09
9.919352313585577e-09
-0.008707749334698783
0.0
0.0
0.0
9.179713937117563e-09
6.943617625760354e-08
6.94361762576152e-08
0.0
0.0
8.810270268975323e-09
0.0
8.810270269208009e-09
8.568192432911394e-09
0.0
-1.9060952233251882e-08
0.0
-3.166417449123454e-08
-4.023236696137217e-08
6.119674263367239e-13
0.0
0.0
9.978907209702873e-09
9.980369891037966e-09
5.989003154093318e-10
0.0
-7.425821515606414e-09
0.0
6.2132495781120715e-09
0.0
6.185652079397712e-09
0.0
0.0
6.213249592069579e-09
6.820420745317069e-09
6.888638081043026e-10
1.2874627564390492e-09
0.0
9.97890720749739e-09
-9.483070463356955e-09
0.0
9.975724141405502e-09
9.975724139389794e-09
0.0
0.0
5.966949323494088e-10
9.977145487387988e-09
5.957213306462741e-10
0.0
9.978133002105712e-09
2.734713411018151e-11
1.9336538051652528e-07
6.213249624324268e-09
0.0
0.0
0.0
2.5307104879323987e-08
0.0
0.0
-1.8342354409861042e-08
5.919827846881956e-10
0.0
0.0
0.0
0.0
0.0
0.0
2.050901097992796e-07
5.898926142731774e-07
-5.702900146721514e-07
9.930145010505836e-09
6.498451804398438e-08
0.0
-3.744614615022908e-09
2.483824240585528e-07
2.10479482229227e-09
0.0
0.0
9.824449320738893e-08
9.967996748979843e-09
0.0
-1.3725338341430415e-06
1.3645485967291899e-18
0.0
2.4753978376639008e-09
0.0
-1.3734651886920801e-06
0.0
5.6634079611354e-11
2.483824239543162e-07
2.700366378728992e-07
6.01378173594866e-10
-2.6005375460913614e-07
6.065860648761005e-10
3.9209511060705195e-08
0.0
1.0511145855176112e-08
6.061108235764857e-10
-1.2984382452949276e-10
5.169483244987501e-06
0.0
0.0
0.0
0.0
0.0
2.130942343016219e-10
-9.504360688663421e-09
0.0
2.4104023868419412e-05
2.4104088218117437e-05
0.0
0.0
