0
0.0
0.0
0.0
0.0
1.1733225055730657e-08
4.1223861210030324e-07
0.0
0.0
0.0
0.0
0.0
8.207448687739648e-10
0.0
0.0
0.0
0.0
0.0
0.0
0.0
4.80225847218892e-09
0.0
0.0
0.0
0.0
2.8009764042688526e-09
0.0
0.0
0.0
8.653989667138676e-09
3.386951077618813e-08
0.0
0.0
0.0
0.0
0.0
2.536696707613357e-06
0.0
0.0
1.9473829638877527e-08
0.0
0.0
0.0
0.0
0.0
0.0
4.8691305499915296e-09
0.0
0.0
0.0
0.0
0.0
0.0
0.0
0.0
0.0
0.0
0.0
0.0
0.0
0.0
0.0
0.0
0.0
9.491462191721853e-09
0.0
0.0
0.0
0.0
0.0
0.0
0.0
0.0
8.391722760501985e-10
1.0152612111473738e-10
4.166785279486994e-12
9.92524497137102e-09
7.046362309879861e-20
0.0
0.0
0.0
0.0
1.015245968891132e-10
0.0
0.0
7.54649650284156e-05
4.897809677393997e-13
1.6803250623375392e-08
0.0
0.0
9.218120147089222e-09
0.0
8.951985808054243e-09
0.0
7.751855470149941e-09
-7.7380373852261e-09
0.0
7.68667756707675e-09
0.0
0.0
0.0
0.0
0.0
0.0
0.0
0.0
0.0
0.0
0.0
4.371792171418322e-07
0.0
0.0
8.595302120988814e-09
0.0
0.0
0.0
0.0
0.0
0.0
0.0
0.0
7.878937791599316e-09
0.0
8.553046033312428e-09
0.0
0.0
0.0
0.00010026320649814124
-0.00010022457620032534
0.0
0.0
0.0
8.121585283880235e-09
5.410908270785607e-09
0.0
0.0
9.770179354867678e-09
0.0
0.020646034378515577
1.959718464090282e-08
0.0
0.0
0.0
0.0
2.9224413707183862e-19
0.0
0.0
0.0
0.0
0.0
0.0
0.0
2.8609827298020916e-08
0.0
6.287882398691605e-09
0.0
0.0
3.2348004426848016e-09
0.0
0.0
6.27158972194104e-09
0.0
0.0
8.554350063509909e-09
-0.003778913427848452
8.463346009447656e-06
0.0
0.0
0.0
0.0
0.0
0.0
0.0
1.1131340563904473e-08
3.9850181197013074e-07
0.0
0.0
0.0
0.0
0.0
0.0
0.0
0.0
0.0
0.0
0.021073867884126685
2.239279338938541e-09
2.0376403568889145e-05
2.3423044662458593e-08
9.035687578093735e-08
0.0
0.0
0.0
0.0
0.0
2.0947661349601127e-08
0.0
0.0
0.0
0.00031749144574964324
0.0
0.0
3.025487912856155e-08
1.9829072132121716e-08
0.0
0.0
3.807127413332583e-09
1.5141428798416708e-08
0.0
0.0
0.0
1.9148121244320052e-08
9.774022371614307e-09
0.0
0.0
4.514968027917805e-08
8.508253980874166e-09
0.0
0.0
0.0
0.0
0.0
0.0
0.0
9.244381766731556e-09
0.0
0.0
0.0
0.0
8.724425544027501e-22
9.863910792533589e-10
9.999424849059764e-10
7.140908912105024e-10
1.6920433018033018e-10
0.0
0.0
9.295541587894656e-09
0.0
9.67160938236669e-09
2.6330151336421016e-12
4.935797042477577e-09
0.0
0.0
0.0
1.1349306809952049e-06
6.297183762393917e-12
0.0
5.8801868850513767e-08
0.0
0.0
0.0
1.8274667481337363e-11
-0.010537532302607566
0.0
0.0
0.0
0.0
0.0
0.0
0.0
0.0
0.0
0.0
6.05745869020069e-07
0.0
0.0
0.0
0.0
0.0
0.0
0.0
0.0
0.0
0.0
0.0
2.8955655809530055e-09
8.422611578474415e-09
0.0
7.508874215295502e-10
0.0
0.0
7.999029173583678e-09
0.0
6.6385795804964004e-09
0.0
0.0
0.0
0.0
0.0
0.0
8.884055004832553e-09
-2.29503953933043e-09
0.0
0.0
0.0
0.0
8.48036089137541e-09
8.711362261640605e-09
9.691918931529717e-09
8.884055004919504e-09
0.0
0.0
0.0
1.0251467494380832e-08
0.0
1.939222931850076e-10
0.0
0.0
0.0
0.0
0.0
0.0
0.0
-1.9839165033008754e-14
0.0
2.0844723134184776e-08
0.0
0.0
0.0
0.0
0.0
0.0
0.0
0.0
3.336715607618736e-07
1.924659038513664e-07
0.0
0.0
0.0
0.0
0.0
9.805983334542822e-10
0.0
0.0
3.8428580096410076e-07
1.3428221835525494e-06
0.0
5.024686469287352e-08
1.0995893555633689e-06
1.4752295884567343e-07
6.161990364913668e-09
6.1619903719046544e-09
9.884288942885178e-09
5.482129902657682e-10
7.079633800506422e-09
9.974200444056379e-09
6.392337608076412e-10
5.854451187523212e-10
6.388903652665514e-10
6.101198599162542e-10
9.828789060553079e-09
4.936092927660519e-10
9.947199779565326e-09
9.922125417103109e-09
9.976782322995016e-09
9.97643340539937e-09
3.831650425241754e-10
1.9499779084667294e-08
1.3238220874849314e-08
4.0085427205364725e-08
5.916104647679947e-05
5.229113606420909e-06
8.052451004266105e-07
9.9002932083219e-06
1.535559847663409e-05
8.129610908065493e-06
6.985222882977487e-06
1.0554664468916212e-05
6.301288286020892e-07
1.68711434306408e-06
1.417633724517018e-08
1.537529498409573e-05
8.126965298194833e-06
7.005001881312424e-06
8.372683676340718e-06
6.496871456829881e-07
1.7065389750429206e-06
1.5045806268548453e-08
4.5383416809479295e-05
9.616405252891999e-07
2.6092504651250862e-05
2.0695727329253002e-05
2.1015459276796387e-07
1.5221773739897157e-05
3.3940079548906037e-07
4.5382743437661374e-05
9.81061567709613e-07
2.6046950915878287e-05
1.6677454052542363e-05
0.0
1.5221571545685265e-05
5.2156260050231096e-08
0.0
0.0
4.7733843914290105e-08
0.0
1.667453281589859e-05
0.0
2.8009760947219776e-09
6.376526802732903e-10
5.974778197948021e-10
6.350939692831132e-10
1.8260200276713035e-08
3.8752970251141014e-08
3.744601406770886e-08
1.0180152145798666e-08
3.744597658564882e-08
2.176109093758725e-06
4.7764780327853433e-08
0.0
1.7559717788835057e-06
0.0
0.0
0.0
9.969425391389943e-09
9.940367905168252e-09
-2.800976358633689e-09
2.800976312930415e-09
0.0
1.987644587638491e-08
1.9856478535849083e-08
1.9951958140851106e-08
1.9949009338971596e-08
1.8260209665946908e-08
2.9255748141714422e-08
3.744602344690851e-08
-4.221833780854435e-10
3.744598594254386e-08
2.1761091030763464e-06
4.7764789664411876e-08
-1.551895375891837e-09
1.7559717882110405e-06
-7.4342315627097186e-09
0.0
-7.4343085512825705e-09
1.8260219065323945e-08
3.875298902026991e-08
3.7446032841707625e-08
0.0
3.744599531542209e-08
2.1761091124040307e-06
4.77647990156064e-08
0.0
1.7559717975487243e-06
0.0
0.0
1.9934372210545886e-08
0.0
6.403049444812074e-10
5.9245203653936e-10
4.8022584063001014e-09
0.0
1.221653026361453e-13
0.0
0.0
2.2348434971453534e-09
9.983863825946404e-09
-0.00031750591270096606
-2.4384433827059987e-08
-2.4384433820600914e-08
0.0
1.0757088603827917e-11
0.0
-5.348694774662537e-10
0.00013527903639529813
2.0687749227474772e-06
0.00028815335349164105
0.00012017097574613653
1.8552981172680353e-05
1.3482834852010823e-05
0.004815723931774915
6.946263137010067e-05
0.00017643746523312548
0.0
0.0
7.0796337489329505e-09
2.8945665919751458e-09
0.0
0.00014826079640830513
1.7267790099619354e-06
0.24319644442789887
5.939252793768717e-10
9.751320888920348e-09
-1.9617721445409908e-07
-1.7745914983151312e-07
-1.6753810778459555e-07
-1.8309270235356e-07
-2.3110934796073814e-07
-1.530780847029792e-07
-2.2990753248842283e-06
1.7748717533022087e-06
4.174024803867794e-10
4.1740249028260435e-10
0.00013188425544773683
4.6429280406624796e-10
4.642928040832916e-10
0.0
0.0
4.0693328932927625e-06
0.0031421802242583463
1.9473829638781967e-08
4.2135389368504347e-10
-1.0045933413053749e-08
1.97957523533859e-08
5.050433254732968e-10
3.2809112874698837e-06
0.0
2.953456073092474e-08
4.0509532147921743e-10
0.00025719062616968795
0.00025719062616987113
0.0
-9.346948657888593e-05
0.0
3.280911700721717e-06
0.0
9.73824199425774e-09
9.738242163532954e-09
9.961403781966733e-09
9.961403961332347e-09
9.906883322148487e-09
9.906883501962504e-09
9.906883142312278e-09
1.768203924960362e-07
1.7745915224104403e-07
1.579384847516634e-07
1.7348818142045542e-07
2.311093495439647e-07
1.6302093129623175e-07
3.984905225503342e-06
0.0
-1.0363426841723245e-08
1.6651228249777417e-06
4.869130726173162e-09
0.0
0.0
0.006832024002771969
0.006832024002865783
-1.6651228253120737e-06
0.0007066620823243817
0.00012650893633710012
0.0
0.00015373552533381072
0.00010082677736312434
1.2765712140130235e-07
5.4319288859216144e-08
0.0
0.0005494232117506076
9.562088506415156e-09
0.0
-9.001098833299812
9.001096296603105
-2.5366967076134194e-06
0.0
0.0
0.0
4.323799439442936e-08
9.970944577071224e-09
9.970945275073807e-09
0.0
0.006903652364936619
9.507838777153923e-09
0.0
3.2954478021278704e-08
0.0
6.615136082105078e-05
1.5220793471416827e-08
1.5220793471416853e-08
9.971582045511448e-09
0.0
0.0
9.930699891333147e-09
9.932085467941884e-09
3.0890157895174223e-06
1.753296829967315e-07
2.312725349210665e-09
5.307875359029354e-07
1.4573166876724608e-07
5.404436299589187e-07
6.620963662705049e-06
1.720173673689325e-08
0.0
3.2725038234234877e-06
0.0
0.0
0.0
3.2993865032431094e-06
0.0
0.0
3.288718964501406e-06
0.0
1.264780137933993e-10
3.336715608976325e-07
0.0
9.955179676272852e-09
3.376558558742606e-06
3.6254719230496994e-06
1.035944585066233e-06
6.684989040298821e-05
1.2950480543987907e-05
6.673813934966812e-06
1.0159318752381839e-05
-0.0002571906261694939
0.0
1.1733323535187465e-08
1.648122258356144e-07
1.4573167015362885e-07
-1.4573166973869123e-07
0.006521175775713809
5.36130187643827e-10
5.361302077903265e-10
8.487788051602158e-06
1.0399654949994809e-08
1.1737799020053842e-05
6.366468772832585e-10
1.4331483240074931e-06
1.5373778074470968e-09
6.119448685417432e-08
-2.577084214873679e-07
5.893239416117228e-07
8.541558171577811e-17
0.0
20.50540744623026
-20.573411441164033
0.06800401430564523
5.475323128232796e-10
0.0
4.3330634618077683e-10
1.9934378695592343e-08
0.0
3.544713717116146e-05
9.925093683159651e-09
0.0
1.0107719700928102e-09
0.0
4.031034706290033e-07
4.031034710908881e-07
9.870790910667808e-09
9.870791397034127e-09
0.0
1.0107719702286856e-09
0.0
9.730684948826597e-09
0.0
3.153096622697686e-09
3.153096621110343e-09
0.0
3.2629939718541863e-06
8.576921283255776e-09
0.0
0.0
0.0
8.90843973295548e-08
0.0
1.0216218729727102e-08
9.906882972480913e-09
-9.362068020812046e-09
0.0
0.0
0.0
1.5931392749823177e-05
9.962142652189509e-09
6.344949528505424e-10
6.390619416334331e-10
3.270950297129413e-06
1.9283649403260938e-08
1.9283647056411265e-08
0.0
0.0
5.436403678041242e-05
5.4364036781875644e-05
0.0
1.1030189945253188e-15
3.386026477553075e-06
2.294627543935112e-06
0.0
6.685845986730866e-05
1.2405106005564878e-05
0.0
6.400386031740879e-08
0.000703276055847202
0.00012421430879358121
0.0
8.687706546691852e-05
8.842167135796564e-05
1.3365505957067772e-07
0.0
0.0
0.0
0.0
4.9940714211647956e-08
3.138086324767058e-07
5.9045871561595794e-08
8.455904365027703e-07
8.360989743105537e-07
8.455904365022692e-07
8.455904365048518e-07
8.45590436501477e-07
3.136053477866135e-19
3.1363542627672524e-19
8.963995834456487e-07
0.0013882057149939384
0.0013890944393099114
0.0
-3.3410621818278654e-07
0.0
3.241510389308942e-07
1.027011754542376e-07
3.001557818092804e-07
3.001557823005589e-07
2.398511357875465e-16
1.4194908425226622e-05
1.4287266880424589e-05
6.261962992670593e-10
7.114479946140895e-09
5.796055406610862e-09
5.796055426173185e-09
5.796055433938151e-09
0.0
9.60475213843132e-05
0.0
9.603419641035325e-05
1.714713296713608e-16
0.0
-9.602881103678552e-05
5.833194847782908e-10
0.0
0.0
0.0
0.0
0.0
0.0
0.0
0.0
1.9427255124882992e-08
0.0
-9.1183360326208e-07
9.154391717254054e-17
0.0
7.942213074383766e-05
0.00012534686363405848
15.677049012450079
-15.67715771454263
9.881726647023581e-09
0.0
0.0
-2.8875671402467298e-05
5.621985028600668e-07
7.011617558157096e-08
1.9080560201050942e-08
0.01033059332827682
5.086217598323364e-09
0.0
0.0
1.6738689992539214e-08
0.0
0.0
0.0
2.312714304389528e-09
7.152410769815525e-09
0.0
9.361979231394742e-09
3.463148369535756e-11
0.0
8.966747260209748e-09
0.0
0.0
4.71110172166122e-10
9.80591929759854e-09
1.2269498793982321e-14
6.498701344517455e-15
1.731237738218062e-14
0.0
-1.0152612111473738e-10
8.207448414611877e-10
0.0
8.193055123228987e-09
0.0
0.0
0.0
0.0
0.0
-9.927380866902973e-09
2.8009759095947135e-09
-1.0167833734509968e-07
0.0
1.4114142334491665e-15
0.0
0.00021071174472253303
0.0
0.00021070217558464194
0.0
0.0
0.0
8.95969736366924e-08
0.0
0.002085994693835401
0.0
6.9562692805264665e-16
1.9572418374112625e-15
0.0
0.0
0.0
0.0
0.0
1.593139275019194e-05
6.163023018435835e-10
3.0071523945570715e-08
0.0
0.0
1.1131340571005238e-08
0.0
0.0
0.0
9.960989535423398e-09
6.236909005403042e-10
0.0
0.00011772732282084648
1.2723363728061713e-05
1.2733224115199917e-05
5.246967458056527e-10
0.0
4.980437178183352e-07
4.7365255500416196e-07
2.3197179588713586e-06
6.00869884359324e-05
0.0
7.792711114125461e-06
1.218498322265268e-08
4.883910595884194e-07
4.7365255335034083e-07
2.3197179573289264e-06
6.0086959007403546e-05
-9.755174565302714e-09
7.792711112469862e-06
2.805712450066234e-09
0.0
-1.0152459716016374e-10
5.105476290439819e-07
5.641061461062792e-10
-9.095737500859624e-10
0.0
-7.54649650284156e-05
-1.9449442697184108e-06
1.8049525968377324e-05
0.0
-4.897809677393997e-13
1.804376517848472e-05
0.0
0.0
4.303973198202546e-11
6.760980482491982e-09
1.002235050498777e-06
0.0
0.0
1.966435332869217e-06
1.9664353328683517e-06
1.9664353328696883e-06
1.9572172127221424e-06
1.9664353328718868e-06
2.652891272768337e-15
0.0
0.0
8.478264087085106e-09
0.0
0.0
0.0
8.66097473842468e-09
0.0
0.0
0.0
6.048577430028956e-05
0.0
0.0
-6.0457009870643264e-05
0.0
6.048526974710882e-05
0.0
0.0069497216330153405
5.104791372217606e-07
9.657075727819432e-09
9.657075872518818e-09
1.808015285087468e-08
0.0
9.45653334628936e-09
0.0
-1.6858298992013704e-06
1.756742866437927e-06
3.031330560806032e-05
0.0
0.0
0.0009340099053986092
7.7380373852261e-09
0.0009340098915805305
8.325547249654482e-09
0.0
5.9986611993677566e-18
8.88405500491894e-09
0.0
0.0
0.0
0.0
9.825671989652147e-09
7.115042587124968e-08
9.825672176783435e-09
9.825672363805997e-09
0.0
0.0
0.0
1.039405477525144e-16
6.268803192743209e-09
5.189800191287336e-06
5.766535454550074e-10
5.173618196972466e-06
3.4445092509776095e-07
1.0296658855211209e-07
0.02107440154466579
5.3404334949196735e-08
0.0
0.0
0.3994990847636311
-0.3994990451079465
9.89876650092647e-09
0.002166317602208751
-1.0775323619244217e-05
9.838781310295763e-09
5.034395802885502e-10
0.0
2.3905873695306862e-08
8.567518726310293e-07
1.995593810480271e-08
6.383013968472339e-10
5.1393436497644584e-08
3.8340387935106063e-07
1.5198748280915514e-05
6.6366543406933256e-06
5.304295335020793e-08
1.0903043362140832e-06
1.3937999828779968e-07
3.249622812681366e-06
9.943775361744668e-09
6.42501993895216e-10
9.828788740858453e-09
2.105690277021735e-08
-9.184408029244695e-09
9.716511680990789e-09
0.0
1.6724468143612406e-06
5.210223353066429e-07
2.3373290038458347e-06
6.656164180151897e-05
1.0289730187800316e-06
0.00209377299630755
2.718255977961928e-07
0.0
0.0
0.0
9.960989175658338e-09
5.855240396500617e-10
6.022657991278426e-10
1.7924734385760005e-05
1.189704484751357e-05
1.988967919679298e-08
9.950460766168599e-09
9.968026801664172e-09
9.095847543728032e-10
3.763609151653049e-10
9.709593500745184e-09
4.577429853483227e-08
0.0
0.0
-1.8123775343570857e-05
6.355096823887696e-10
1.994482809873105e-08
9.971830468020852e-09
1.0503791026423033e-08
0.0
0.0
0.0
-4.3717921714182817e-07
-4.3717921714177396e-07
-9.910898360842007e-09
2.6211384478340815e-07
2.720247429625472e-07
0.0
9.969425256804969e-09
0.0
0.0
-9.852229554863264e-09
0.0
6.804169542448292e-16
0.0
0.0
0.0
-1.5655672066153107e-11
0.0
1.0365185586879438e-08
0.0
0.0
8.531355455421163e-09
9.96774866909706e-09
0.0
0.0
1.1733225259045453e-08
0.0
0.0
0.0
0.0
0.0
6.417040070334899e-10
1.9957902910223826e-08
9.978610989152398e-09
1.8908063238832775e-08
0.0
0.0
0.0
0.0
0.0
1.0120498153062325e-09
0.0
0.0
1.8394627435406716e-08
8.595302123347534e-09
0.0
0.0
0.0
0.0
0.0
0.0
3.570348897009379e-05
3.570348897009385e-05
0.0
0.0
0.0001340106528651139
0.0
6.602662056974106e-09
0.0
9.986992008941345e-09
0.0
1.852592908359225e-08
9.843426331566796e-09
5.080097000996613e-10
0.0
2.672529060891672e-07
5.367068737719059e-10
6.144765323539871e-10
0.0
0.0
7.265965845934449e-05
1.9817414081530125e-08
9.865787187202102e-09
6.0732959624027764e-05
0.0
0.0
2.5602111972657693e-13
0.0
0.0
0.0
4.852244756392989e-08
0.0
4.1492002737651e-08
0.0
1.643711880498282e-08
0.0
4.149196822368215e-08
0.0
2.1208887535296116e-06
5.5220330901543706e-08
5.1004891164240126e-08
0.0
8.210971161670034e-09
0.0
0.0
1.7651206378096712e-06
1.6213944127423262e-09
0.0
2.354842281183483e-09
0.0
2.3548044003007533e-09
0.0
0.0
0.0
0.0
0.0
0.0
0.0
-1.8642589535815268e-07
-1.7745915145347957e-07
-1.5793848408752725e-07
-1.8309270354878449e-07
-2.3110934902446922e-07
-1.6267606013468938e-07
-2.299075325826183e-06
-1.7748717542429167e-06
0.0032994138057490575
0.003299368031450543
0.0
0.0
0.0
0.0
0.0
0.0
0.0028942339742793325
8.737128141283012e-08
9.555305591910593e-08
0.0
0.0
4.367689978006312e-06
2.2721623724477513e-06
3.0489567626205776e-10
0.0
-8.553046033347203e-09
4.333063264245363e-10
4.3330633629161847e-10
4.246353148824505e-07
0.0
9.887021905087002e-09
9.88702191537065e-09
6.94046925203431e-05
0.004105753224044785
1.6677557158168279e-06
0.0
6.975416818073988e-05
4.150085977707252e-06
0.00017642138527015192
5.793884940545586e-08
6.745221365878442e-05
1.850853596071906e-05
3.506830064087436e-05
9.121095702401712e-05
2.2811299009051374e-05
2.9491267647744563e-05
8.443199532611916e-06
4.1797927426651765e-05
2.5443597212849487e-08
9.922206141223546e-09
6.752064694964512e-05
1.6372481567595546e-05
3.506795577068347e-05
9.342099049668442e-05
2.112546911032572e-05
2.9499697048525806e-05
1.020964188748927e-05
2.833555569072015e-07
9.8890054021606e-09
4.435773102920773e-05
1.1374786293454814e-07
0.0
1.9924214630581694e-09
0.0
0.0
-5.430909263970385e-09
-4.126407743276772e-09
0.0
0.0
8.410992985959509e-10
0.0
0.0
2.7412220234097425e-08
7.315875478306395e-05
9.841294346271635e-09
0.0
0.0
0.0
2.0780282961688605e-09
5.24457555759289e-07
6.720625272406912e-05
0.004224055862129869
-0.00010026320649814124
0.004056101395691644
9.916095175031503e-09
9.916095221055118e-09
6.515529368680452e-09
6.515529363798677e-09
6.515529359454939e-09
4.634424385423108e-05
0.0
0.0
9.265852979310349e-05
9.26585297931044e-05
9.265852979310472e-05
9.265040820782059e-05
9.265852979310687e-05
1.5582707463705717e-07
4.200041907485451e-09
4.365038351687243e-08
6.3512643938009e-07
2.043747074556059e-07
1.2842561629108579e-08
1.7046874169342895e-06
1.7046874169323656e-06
1.7046874169315226e-06
1.7100983252036294e-06
1.7046874169325996e-06
0.0
0.0
1.4530210495197476e-07
2.49071046409362e-07
2.4006254784108706e-07
2.4794148563274105e-07
2.4907104641149583e-07
2.4794148563202467e-07
1.407747194440194e-06
0.0
0.0
2.7772703695577704e-06
2.7772703695555643e-06
2.777270369554215e-06
2.787040548909937e-06
2.777270369555068e-06
0.0
1.4903052730244382e-07
0.0
2.97920172512144e-07
3.917722185148727e-09
0.0
0.01377553123925266
1.986872217121046e-07
0.0
1.407066780560656e-15
0.0
1.010294930462494e-08
4.717664758310919e-07
0.0009050924828830661
0.0
0.0
-0.020646034378515577
0.02071921121707473
8.776944337974058e-05
0.00028988612464459347
0.0
8.730816992876422e-09
0.0
1.8150457791194428e-08
9.398795678576965e-09
7.081478185037408e-11
1.2649610962804187e-10
1.2649611971129097e-10
0.0
0.0
-1.959718464242255e-08
0.00011856208534113281
0.0
0.0
0.0
0.006833300814719057
8.343118666625169e-09
1.2233951567070764e-09
2.3566704236844973e-10
0.001252602813589944
0.0012526028135899448
6.491286396677886e-06
1.7946011139610066e-08
0.0
0.0
-9.88743473337092e-09
1.9522863219084776e-08
0.0
0.0
1.3308443786986862e-06
1.0398578334220266e-06
0.0
5.453745380171186e-07
6.679811872303283e-06
1.0095314891658038e-05
0.0
5.918917136622511e-10
-3.613953228423375e-05
3.423829889206271e-07
1.8350525800652787e-06
3.365705384830915e-05
0.0
6.206428244764847e-10
0.0
5.728485705755345e-10
0.0
5.41671125226194e-10
0.0
6.159710062800886e-10
0.0
0.00028190594469470136
2.6380441350875898e-05
4.61385462311206e-05
0.0034874031954509055
8.773985875211416e-06
9.65019845118398e-09
3.1794980432811343e-10
3.644271101010751e-09
-6.287882408164986e-09
9.636248783455575e-09
7.539739074529855e-09
0.0
9.095847646062369e-10
0.0
0.0
9.095847648372833e-10
0.0
0.0
0.0
0.0
9.636248772405398e-09
9.229391709973299e-09
4.3043858245763876e-11
2.814032995409928e-10
0.0
0.0
0.0
7.574586331476585e-05
1.3580976904785784e-08
0.0
-2.8609827309127424e-08
9.771606822967062e-09
4.3735673805242856e-10
0.0
0.0
0.002953224546963008
-9.13844308051033e-06
9.27455146770984e-06
0.0
9.825638672869591e-09
1.4807106591908873e-15
1.44571580078654e-05
3.1409717298855325e-09
0.0
0.0
-8.554350063224244e-09
4.6005368948407915e-05
1.4486010278683473e-09
1.4486006790058063e-09
1.4486013766077477e-09
1.4486018777217147e-09
2.899499657569877e-19
5.4785082414499716e-05
0.001102529373203981
11.335610860756315
1.0259263057144086e-17
0.00033114905097834685
0.00032268570496889914
-8.45360302069025e-06
9.240055373185848e-05
9.547426737254308e-05
1.7204252944525375e-08
9.664513889698079e-09
3.3202726608632297e-10
3.3202727559373546e-10
0.00018787327992072199
4.304498313134262e-11
4.304259819981938e-11
4.304120297208206e-11
5.506279155240602e-10
1.967639148397098e-08
0.0
0.0
0.00305281388409842
0.0003950332425892642
-1.0636104266928789e-06
0.0037799867208513035
11.335515386488943
0.00018787327992145895
0.00023398703243467618
1.7174677106497854e-16
1.9776358548156187e-08
6.150155674697559e-10
0.0
2.6380441351059013e-05
0.24319643449715583
1.5891486700027388e-05
0.00014652263805477254
-1.3775800592067116e-07
0.0
0.0
1.3610838766278125e-07
-1.402660191237139e-06
6.005302210654433e-05
0.0
0.0
3.3017544856507947e-06
-0.24318380614763413
0.0
9.914413899733413e-09
0.0
0.0
0.0
2.8838508894606357e-05
0.0
0.0
-1.7769602776477494e-09
1.9522863219385883e-08
9.876660796506731e-09
0.0
2.2962963532229323e-05
9.788107694155834e-09
0.0
7.0593482664831585e-09
0.0
2.3433317976090517e-08
0.0
5.478496308656106e-05
0.0010451228030397685
0.0007900422573399904
1.5383014899045987e-09
0.0
1.733834814062726e-10
0.0018350774275298029
0.0
1.0795642990506165e-07
-3.9850181196063233e-07
-7.085011010432452e-05
7.54135518692843e-05
0.0002914299645316708
0.00020839710127263793
8.543616826887227e-17
8.590017805753812e-05
-9.485340046286307e-05
8.97289744564532e-06
9.884518597427039e-09
2.2260100739124807e-15
1.2647737126532601e-10
1.2647567958752608e-10
1.2647634766263958e-10
9.2895756971182e-05
9.735840930202402e-05
6.354153181485618e-10
0.00019319555370864394
5.1603897083088385e-06
7.353257400471058e-16
0.0
0.0
1.932819722387858e-08
2.0955276057086504e-06
2.262525449424625e-06
0.0
1.8935884924512415e-08
4.542059750734859e-06
8.475575950893912e-08
0.0
1.7348503409976787e-08
0.0
2.466852742083808e-06
9.183684974231996e-05
3.988765882385893e-08
6.283732836289259e-10
5.90703018271224e-09
5.907031413735112e-09
9.986993121380294e-09
2.4473771732096086e-06
0.0
1.5921439268475427e-05
1.5881830741458178e-05
0.0
6.388221533792337e-10
1.5891486699646375e-05
0.0
0.0
5.0282029832641725e-06
5.019465680718306e-06
1.5168910028510162e-07
0.0
0.0010391868807201473
4.3855658262037185e-06
5.488028583331017e-05
2.914910337814472e-07
9.969639573636536e-09
-2.7189469478802484e-07
2.9147175488853196e-08
0.0
1.9839213256874873e-08
-2.3423044655333097e-08
-2.038654987564498e-05
-0.0008436984215585142
0.0
9.035687579824148e-08
-9.03568757894677e-08
0.0
5.733744149177128e-09
-1.8642589446828528e-07
-1.678563385995998e-07
-1.579384833723695e-07
-1.830927029566373e-07
-2.214925138409443e-07
-1.6267605966872978e-07
-2.2990753253612772e-06
-1.7748717537775907e-06
1.9934373122901597e-08
0.0
6.319926846071708e-10
9.969426173483953e-09
4.198017459895037e-06
2.116913425090444e-08
0.0
2.9884290081325636e-08
9.97997251515595e-09
0.0
3.0565404406548266e-11
3.8826224064333586e-11
2.2308423319249148e-11
2.6435964555738646e-11
3.4694941514263435e-11
4.3039672545880396e-11
1.3088195410748858e-13
0.0005425011848878899
2.780256191285882e-08
1.2876441844672473e-05
-2.638092379831731e-07
0.0
8.573368528410443e-09
4.658681209898652e-21
1.9080556745853497e-08
1.908055697267093e-08
1.0368115652333516e-16
0.0
-1.9282881403412117e-09
-1.151146722174144e-08
1.990811649479082e-08
9.969425207879826e-09
0.0
0.0
0.0
4.50053714834304e-10
2.98775416736889e-08
0.0
1.990811653452236e-08
6.033966983244279e-10
6.033967375255773e-10
-1.5518067685243709e-06
4.981865036434498e-07
1.0627942310480623e-06
0.0
2.1591166032562194e-08
0.0
1.9080557249025604e-08
0.0
5.84381776003687e-10
4.1524492914976736e-05
9.451473659551579e-07
0.0
4.522054753514364e-09
8.099968040515888e-09
3.2063915258938747e-09
9.970883961663878e-09
9.970883425362426e-09
-0.021073856300869664
1.0894047082420274e-11
0.0
4.933639622230915e-09
0.0
4.933638372917825e-09
4.933637160735791e-09
0.0066692169199616125
-4.907328349384837
4.907328339455098
0.0
0.00016280708290412557
0.0
5.5712476747635156e-05
0.00026174065837934106
-0.00031749144574964335
-0.0003174844932700016
1.908055760515255e-08
1.9080557412293064e-08
1.9283651067717614e-08
9.894423582540446e-09
5.047449210252556e-18
2.280693018833971e-06
-2.276524384682427e-06
0.0
-1.6481222431252718e-07
9.319406056070341e-05
6.360225762049622e-10
3.462670123504069
3.4626700932491903
-2.078046760192589e-08
7.470864307063165e-09
3.4675349557572425e-05
0.00014641306678946453
-1.982907213210136e-08
14.364895151446634
-14.36489513150713
9.965984059648238e-09
7.321072762438615e-10
0.0
1.0269001786553621e-08
-1.0269001676777023e-08
-9.269256489594226e-10
1.0269001490574662e-08
9.841294349897925e-09
5.05912008015633e-10
1.494695495908868e-08
1.4946955641106007e-08
9.817535225747909e-09
-9.894423818462839e-09
0.0
0.0
0.0
0.0
0.0
5.796055383232769e-09
5.4368052029752025e-09
0.0029510622028833255
0.002951071446815942
-3.807127413237715e-09
2.857682790161733e-08
3.1014226868939934e-07
2.648545179237722e-10
9.596200731287231e-09
4.869131078535757e-09
0.0
1.9315709423459662e-08
1.4231849895753474e-06
6.259989270415967e-10
9.963334775445273e-09
6.275301963100124e-10
9.964890722799746e-09
0.0
3.1103615087271485e-07
1.4431132143867106e-06
3.2912289586498977e-07
-9.3150870003611e-09
-5.482129988130522e-10
0.0001504744352216314
4.967923519700547e-10
0.00015046495153699368
0.0005018858673352953
1.231948951045256e-06
1.0269002022619477e-08
1.2752537726016784e-17
5.974416927388276e-06
-5.993565048654332e-06
-9.722180681936916e-09
0.00029142996453223273
0.0
0.0
0.0
2.5092866856429094e-10
2.5092992965043976e-10
0.0
0.0
0.0
0.0
2.50930289583545e-10
2.509304749935288e-10
0.0
2.1728396018381723e-06
3.5573544982104165e-06
9.692999886798686e-07
1.3037875384219395e-06
6.663967581743803e-06
5.882977480700977e-06
0.0
1.0826295164808072e-06
8.054382491002543e-08
1.0318536584943352e-08
1.954179569999318e-07
8.684801978951637e-07
1.4275483864809776e-08
0.0
1.2061281127040608e-07
0.0
0.0
0.0
0.0
0.0
0.0
1.949977945769368e-08
1.3238221290795818e-08
4.008542759339009e-08
5.916104647721567e-05
5.229113606826832e-06
8.052451008429427e-07
9.900293208728297e-06
0.0
9.70493850678916e-09
0.0
0.0
0.0
0.0
0.0
9.830124363744127e-09
0.0
9.862002752931701e-09
3.700063761857595e-09
9.695788241389057e-09
9.612209376617369e-09
7.696883270285022e-09
0.0
0.0
0.0
2.1856808578417924e-06
0.0
0.0
6.827415718920139e-09
0.0
0.0
3.5691733007349034e-08
4.014573213364695e-06
2.094071360799535e-07
0.0
2.795476525748811e-07
-1.8525928912222238e-08
8.207459171443823e-10
0.0
1.7364605291078115e-05
0.0
1.740587012563982e-05
-4.514968025858858e-08
0.0
0.0
0.0
-3.3900499221523767e-10
1.928069871953984e-08
0.0
8.60701039600307e-09
8.607010405805538e-09
0.0
0.00016283912008289403
0.0
1.2862033614683791e-08
9.967467074282484e-09
9.961064147304381e-09
9.961064188557915e-09
9.913881565100653e-09
9.913881585835682e-09
9.942500727490583e-09
9.942500758423555e-09
9.929393184996947e-09
2.0841009645807068e-17
9.929393216379536e-09
1.1518420794674056e-07
3.385842634159618e-08
1.3914159791934215e-07
9.901036379384841e-09
0.0
0.0
9.867276329219944e-09
5.31474984873364e-10
-3.860262918745945e-08
2.1888697124799448e-10
0.0
2.1888695482296374e-10
0.0
0.0
1.1793198130991446e-06
1.1793198130481653e-06
1.179319813119739e-06
4.068971567049029e-06
0.0
1.4951104016464837e-06
0.0
0.0
1.4807130635302493e-06
0.0
1.5961067998541848e-07
1.5047538453538345e-07
0.0
1.4743691401124996e-06
2.3677553522539335e-08
0.0
0.0
0.006997110838121018
1.6447618741879657e-08
0.0
0.0
0.0
0.0
0.0
1.9689801000344682e-07
1.8766861824769615e-07
0.0
9.362116834537172e-09
9.362122748799956e-09
0.0
0.0
0.0
0.0
0.0
0.0
0.0
0.0
0.0
0.0
-9.999426349601142e-10
0.0
0.0
2.803684373431369e-15
0.0
0.0
-0.0003171238698977309
-1.6920433018033018e-10
0.0003150791587208754
2.0445419725253615e-06
0.0005001409041394344
0.0
1.1696339018844443e-06
-8.675392903839327e-09
0.0
9.95143308899915e-09
2.3671507731517443e-08
0.0
0.0
0.0
0.0
0.0
1.7336525065446878e-09
4.9759113597075465e-08
2.993117341652191e-08
0.0
0.0
0.0
1.6344755522087752e-06
8.991704917171691e-09
0.0
0.0
2.9175021394535657e-08
1.1886118337668672e-07
0.0
1.158332707880046e-06
0.0
0.0
1.1583327087822142e-06
0.0003614655017745187
0.0002702513483826883
2.4661590180260633e-08
0.0
-3.3900499198965223e-10
3.860262918713852e-08
9.121413990786051e-05
-1.3483970016936464e-11
0.0
0.0
0.0
4.295745084977121e-11
0.0
-2.6330151336421016e-12
0.0
0.0
0.0
0.0
-9.503447500861135e-07
0.0
1.6334127261449016e-06
0.0
0.0
0.0
2.8009762215900695e-09
0.0
0.0
0.0
0.00010959460951455923
0.00010959460951352057
0.0
1.173322512017833e-08
1.8970672967973256e-16
5.425214440546218e-10
9.878503338455045e-09
0.0002555255033439985
0.0
3.5295015124656956e-10
1.441742575135211e-07
1.198828203919153e-05
0.011696672291629422
0.0
0.000244592452632596
0.0
1.0195307856766148e-05
4.249238777768584e-05
3.089015790255458e-06
0.0
7.870603028254631e-07
1.3319462856050744e-06
4.249239671183415e-05
3.2358154744386797e-06
0.0
3.069775182394268e-06
0.0
0.0018037029827140808
9.083874599015553
0.0
0.010662341532568398
0.00011645233340682045
0.0021555247297822024
2.575186167423594e-07
4.299850809608261e-05
3.8893989596325615e-05
0.0
9.69621506359341e-07
-1.1446155421812598e-06
9.48968549679033e-05
0.0
5.372388835702912e-06
0.0005284574092100362
-6.297183803051498e-12
0.0005242948034816225
9.534988266932726e-06
0.0
1.75955978805598e-07
0.0
1.9282282449506354e-08
0.0
1.8854320184817333e-10
3.06942361977571e-06
3.2358154751221946e-06
0.0
0.0
1.967481336466833e-08
0.0
0.0
0.0
0.0
0.0
2.4079653521473938e-08
0.0
0.0
0.0
0.00013594831718609897
0.00013594831718609897
-5.880186885052672e-08
-5.880186885055382e-08
6.0733920410058685e-05
0.0
9.96561036883871e-09
0.00014724647766215396
9.973519645758642e-09
0.0
9.979292467883288e-09
9.951626833646017e-09
3.0440449354888934e-05
5.950134139524048e-08
1.187715516847249e-05
9.939218586347626e-09
2.0373568581266363e-09
9.900439751410895e-09
0.00013624109245474687
9.8725937419964e-09
1.7695951142916255e-07
9.980103122841035e-09
0.0
9.971967273827844e-09
1.9024420480157064e-05
9.972998338070689e-09
8.800731738529983e-05
9.97290245450404e-09
9.379827123652658e-07
0.0
5.690426360801783e-16
5.678099650607884e-16
0.002643406683044418
8.554350062941934e-09
0.0
9.006451373036288e-07
0.0
1.516890991395546e-07
1.7974814120367943e-07
1.1018315493941388e-06
6.776798295331756e-07
1.033711384777641e-06
7.486132267518094e-05
2.67761886392516e-07
0.0
5.62198501715683e-07
4.2088707107387055e-05
1.9124543053021714e-06
0.0
0.0
0.0
1.8274395809575636e-11
1.8273852470709305e-11
3.655494828313681e-12
8.528116478776659e-12
1.3400926495345096e-11
4.874082260760063e-12
2.4367671836579186e-11
1.462192618949112e-11
9.748081909002285e-12
1.9494949051229873e-11
0.0
0.010537532302607566
0.010537520680111712
2.5097670649703105e-07
1.1435933612631214e-09
2.9052598252226006e-07
9.98129014664759e-09
9.98376455136072e-09
9.889005103398511e-09
0.0
9.363634585160877e-09
0.0
0.0
0.0
1.5450518293155108e-09
0.0
0.0
1.0269001894845366e-08
0.0
6.913192677215812e-09
1.268178607563813e-09
0.0
9.394047208360974e-09
2.987754168336196e-08
0.0
9.338306322360835e-09
0.0
0.0
0.0
0.0
1.3749211932764068e-06
9.127636753387491e-08
9.954151601837373e-09
9.799534233993736e-09
4.648289125380637e-10
0.0
4.122386121145994e-07
0.0
1.9934375859294555e-08
1.9934374937113993e-08
0.00028193019805011126
0.0
1.685866324780028e-06
3.481225962539339e-06
3.2489638227754096e-08
3.733052700649139e-07
1.1962986705828717e-05
0.0
1.002594283107889e-05
1.050379571021349e-08
6.301786469061614e-10
1.993437772327797e-08
1.9934378655351055e-08
0.0
5.982277181691481e-08
0.0
0.0
3.8428580012209024e-07
1.385592609657672e-05
1.3428221827662773e-06
6.641194646566988e-06
0.0
2.796087835277914e-09
6.017323612720802e-08
0.0
1.0995893547204686e-06
0.0
1.4739444888997933e-07
3.2604106223286098e-06
0.0
1.0995488261485136e-08
3.295447729464107e-08
0.0010391868807194196
0.0
0.0
0.0
1.5448074903821253e-09
3.178597043006644e-06
1.6438227992104323e-05
8.210154731793682e-06
6.995541418490825e-06
1.0749305332392823e-05
1.4882249377396539e-06
1.701389825744345e-06
5.308597850500446e-09
9.96679659025778e-09
6.294056952696068e-10
1.5451738501951037e-09
0.0
1.2850913266876965e-10
0.0
2.8140327893730676e-10
0.0
0.02060994793601978
4.6006745073940614e-05
1.3949847937392162e-06
2.6038512016466094e-05
5.688282036517719e-05
1.712672792986832e-07
2.3014061908395463e-05
4.237121697289913e-08
-6.491286396848473e-06
5.9010513929807286e-05
-5.216366333002376e-05
-0.002953223497815141
0.0034874031954508886
0.0
-0.0028942462519468463
-7.557294063530757e-05
0.0
3.1419108409212145e-08
2.3641764987158134e-06
2.3890416113441216e-05
1.966948825796491e-08
0.0
3.0049393262475036e-07
6.240016344136615e-07
0.0
4.13923223950345e-07
3.1419109231011934e-08
0.0
2.3641764994818556e-06
4.020530926599918e-05
2.3890416114263635e-05
1.8017104970059352e-07
1.966948906026752e-08
7.792490360628373e-06
0.0
0.0
3.0049393342779927e-07
6.193298931120609e-07
4.453423315377193e-07
2.3557375965972846e-06
6.409572537861796e-05
1.9984053715626928e-07
7.783451623438675e-06
2.906858284035267e-07
0.0
0.0
8.282361831091212e-09
1.4948196617477213e-17
0.0
0.0
9.951433029181125e-09
5.248906860885055e-05
-6.057458690157322e-07
0.0
1.9499778711621107e-08
1.3238220458900817e-08
4.008542681733076e-08
5.916104647638325e-05
5.229113606014976e-06
8.052451000102665e-07
9.900293207915502e-06
1.5355598476421708e-05
8.129610907810314e-06
6.985222882749707e-06
1.054493378371177e-05
6.301288283566989e-07
1.6871143428081087e-06
1.4176336993430238e-08
4.538341680910647e-05
9.616405248735886e-07
2.6092504650863155e-05
2.0705458013994152e-05
2.1015459236198394e-07
1.522177373948114e-05
3.3940079508267974e-07
2.172839601465142e-06
3.5573544977945335e-06
9.692999882918333e-07
1.3037875380057158e-06
6.663967581337898e-06
5.88297748028463e-06
0.0
1.0826295162682644e-06
8.054382465465969e-08
1.0318536357188211e-08
1.9541795674417655e-07
8.684801976496733e-07
1.4275483608805181e-08
0.0
1.20612810897629e-07
0.0
0.0
0.0
0.0
0.0
0.0
-3.14097469832509e-09
0.0
0.0
1.6664909443402908e-05
0.0
4.831785559058907e-09
0.0
2.8009760821336924e-09
-0.013752556098482369
0.0
2.6308701420269697e-07
4.5052916993821287e-07
0.0031394355616954583
4.813888241026779e-09
-5.883658444024405e-10
9.918419097717992e-09
5.817978007879258e-10
0.0
0.0007865104643447261
0.0
0.0009483243716865157
2.7149836836970976e-06
1.9485360990381817e-05
-4.3540700698933155e-05
-0.010640541596476538
-0.0002408755171976458
0.00013401065286512432
0.0
0.0
0.0
0.0
8.551898627316735e-09
9.967748698787907e-09
6.30342559592178e-10
6.303425987255104e-10
5.263332785272978e-10
7.973023479018662e-09
0.0
1.3610838751551557e-07
1.3610838641412374e-07
1.9283650343788412e-08
1.908055882371111e-08
1.4573166932550726e-07
1.9080559482651396e-08
1.361083868738416e-07
1.9080558214586846e-08
2.238004528396449e-08
9.962142995751319e-09
9.96214333926328e-09
9.133489420135645e-17
1.0036613904701513e-06
-3.1144378253049e-05
3.0150651494040124e-05
9.934631633974145e-09
0.0
8.751662093363807e-09
0.0
0.0
1.0629330074229498e-06
8.318943292752552e-08
0.0
2.3763194505822048e-06
8.379001686070246e-07
0.0
0.0
5.9010513929787466e-05
9.868170369829038e-09
5.9010513929615606e-05
9.868170198626737e-09
1.062933006847565e-06
8.31894322664745e-08
0.0
2.3763194499205073e-06
8.379001679657783e-07
0.0
0.0
0.003139445397061879
9.346948658084386e-05
9.946371655997602e-09
0.0
-2.1478343026195118e-08
1.72677901012742e-06
0.0
4.4343328445881254e-08
9.964636888833123e-09
-6.610622888228734e-05
1.7300957513009026e-07
-1.8771903936019924e-06
6.113116146589406e-05
-3.382763771783425e-05
3.466094822268673e-08
1.972863066685706e-08
6.602868338250715e-07
1.2974700705978252e-08
9.768117024766568e-09
9.768213049282068e-09
1.1633742135767513e-05
3.1701745511297018e-06
-8.422607537647545e-09
0.0
1.163663752269193e-05
0.0
0.0
0.0
-4.0585145210230686e-05
2.800976044657222e-09
4.4960199426995244e-10
4.4960200412080086e-10
9.83163273115838e-09
0.0
-7.508874195255637e-10
0.0
-7.508874030914305e-10
0.0
9.849904362432561e-05
9.849904362434697e-05
1.3036079573378213e-05
5.296647032742068e-09
0.0
0.0
0.0
0.0
0.00011651033687044278
7.67526747825943e-09
0.0
1.0503793776903966e-08
0.00034242109643429965
0.00034242109643429987
4.3045972882377416e-11
1.1733225462353206e-08
0.0
0.0
0.0
7.361357924207909e-09
0.0
7.3613579269438315e-09
0.0
1.225042579082481e-07
0.0
5.9536771925673285e-05
1.58551151470761e-06
9.893789439470736e-06
8.895136024014373e-07
3.890352283617053e-05
0.0
5.437757085120017e-08
0.0
1.9018060458146322e-05
3.914235641968003e-06
3.957012383399922e-05
-0.00015362554300453989
0.0
0.0
4.941318883860179e-09
0.0
7.580563950331931e-10
0.0
0.0
1.2647534711029329e-10
0.0
2.312726077684246e-09
0.0
0.0
0.0
0.0
0.0
0.0
9.184408010162737e-09
6.446996690916583e-17
1.7647867924076005e-15
6.397334120355866e-16
7.664371459237338e-17
7.554310261601956e-17
0.0
0.0
0.0
0.0
2.6211384512639905e-07
-1.9302642609297926e-08
0.0
0.0
8.562605967018771e-17
1.1786137047146768e-16
-0.00012086056070421004
0.00012089909487761771
3.96547964930459e-10
0.0
0.0
0.0
0.0
0.0
0.0
-9.800775802037975e-09
0.0
0.0
9.523910541904324e-09
9.523909104202722e-09
0.0
5.260507401662863e-09
1.6085494481538065e-16
1.6085155668359163e-16
-8.884055004675095e-09
2.1499504542768162e-08
1.1656234422119383e-08
0.0
6.792200811310001e-16
6.792200805370111e-16
3.71066469093302e-05
3.7097376646079384e-05
9.27026391996532e-09
0.0
0.0
0.0
1.1347658765716415e-05
0.00013691313764257806
0.0
0.0
0.0
0.00041243399358407713
0.00018102930902507135
0.0005807289339961478
5.202426256797525e-10
0.007209966472420307
0.0
0.0
-0.00652277905072296
0.0
0.0
3.917722204420287e-09
2.07802830524154e-09
2.078028311924829e-09
0.0
0.0
3.744604223194451e-08
0.0
1.9797139872990144e-05
0.0
0.0
-8.711362262712292e-09
0.0
0.0
0.0
0.0
-3.5897819983667823e-10
0.0
2.4394996471911387e-06
0.0
0.0
4.322471410998138e-11
4.31354021334559e-11
0.0
0.0
1.1309363400922014e-10
9.873898380204883e-09
0.0
0.0045037498013032196
0.0
0.0009050924828825392
0.0
5.093845057896225e-09
5.093845057896225e-09
9.706467272599284e-09
9.61878668866233e-09
9.618743718361492e-09
2.8875671402306494e-05
2.6999890469389083e-08
2.8198334282295163e-08
0.0
6.093050673734534e-10
2.1591165826162758e-08
9.061979156735203e-17
0.00228038631754195
0.013529983189962496
-0.005168314754331844
0.01641793148328691
9.910163036354889e-09
1.0251467506178636e-08
-1.0251467500234633e-08
0.0
1.979313994061871e-05
1.9790756174245882e-05
9.766882416156013e-09
1.1207858704379204e-09
0.0
0.0
0.0
0.0
0.00013625042004819884
1.0251467517980927e-08
0.0
9.618829782889046e-09
2.439495103514891e-06
0.0
-0.0005004469017161894
9.148500363774555e-16
0.00010842850934135588
0.0
7.574192549478235e-05
7.574079275766828e-05
7.574192549477185e-05
1.8414706191500414e-08
0.0
9.798254818615959e-09
-8.613449647759328e-09
0.0
0.0
2.906320194900175e-08
0.0
9.850957196507808e-09
9.850957007732117e-09
-1.5536592302307578e-06
5.995014009180826e-18
0.0
9.973613577580527e-09
9.973939404446553e-09
0.0019185556108407076
0.0019185556108407076
1.983900033124843e-14
0.0
0.0
0.0
8.65398965170161e-09
9.796471432984105e-09
4.6181593991339974e-10
1.2930199510922946e-09
4.172286088298659e-17
-1.1048251843523681e-08
-2.0844723204576456e-08
0.0
0.0
1.4026601905043077e-06
9.939733817325238e-09
9.955341130288851e-09
6.181320111309485e-10
0.0
-4.4794436015754667e-10
-9.9700737284103e-09
3.2604106256695317e-06
6.49128639649782e-06
3.2604154903968826e-06
1.4026601910639716e-06
1.4026601914407932e-06
3.260410625453184e-06
3.2603032053761953e-06
0.0
0.0
0.0
6.027726906677403e-10
0.0
1.462254642633186e-11
9.932153518592334e-09
9.932153544923994e-09
4.85451844828915e-09
4.85451872489814e-09
6.153074875581142e-10
9.845599243819496e-09
5.101473850736933e-10
4.854519314884526e-09
9.952471174396743e-09
0.0
0.0
3.2604106231301604e-06
0.0
4.854519753986053e-09
4.8642606439516935e-09
1.8468756287200133e-06
1.0874804425666295e-08
1.087480508610902e-08
7.635480562506736e-05
5.401001691079988e-10
4.859390431227804e-09
4.8545204960389055e-09
0.0
0.0
0.0
3.526116416115621e-05
2.80097602400978e-09
9.798618686379912e-06
-9.788857518344685e-06
4.2709216055918296e-10
4.122386122278302e-07
-3.336715608066236e-07
-3.336715608537322e-07
3.932326806665833e-07
2.6692115804389785e-06
6.829669920305388e-05
0.011823707350503037
-0.011823820438619626
-1.9246590384786636e-07
0.0
-2.577084199923906e-07
4.0517704906269615e-17
0.0
1.4204043438674297e-08
0.0
-2.8257575479528896e-07
1.9838866129077226e-14
0.0
3.932326811876391e-07
0.00010478059274161632
9.963330960545183e-09
-0.00010477062941119161
9.965610926212197e-09
4.003222692403366e-06
0.0
1.0498317689923173e-08
9.963259276819401e-09
4.41950830602035e-10
1.2881929344665637e-05
9.776277333764113e-09
0.0
0.0
0.0
0.0
1.9665678497364603e-08
9.776277339825932e-09
0.0
0.0005249292848570182
0.00019769134877677987
0.000327228411183584
-6.6470274346275195e-12
