0
0.0
0.0
0.0
0.0
1.84059423925463e-08
0.0
0.0
0.0
2.9014686438200127e-07
6.6604757141582194e-09
0.0
3.738120307234584e-08
0.0
0.0
0.0
0.0
0.0
0.0
0.0
0.0
0.0
0.0
0.0
0.0
2.0553909257047461e-07
0.0
0.0
0.0
6.748347931034468e-09
8.24689035312749e-09
0.0
0.0
0.0
0.0
0.0
1.5146963881119245e-06
0.0
0.0
1.9908019785472172e-08
0.0
0.0
0.0
0.0
0.0
0.0
0.0
0.0
0.0
0.0
0.0
0.0
0.0
0.0
0.0
0.0
0.0
0.0
0.0
0.0
0.0
0.0
0.0
0.0
9.661176502579872e-09
0.0
0.0
0.0
0.0
0.0
0.0
0.0
1.5745867108850005e-08
0.0
1.0155835200587049e-10
7.326356147357197e-12
7.683328534394153e-10
0.0
0.0
0.0
0.0
0.0
1.015583521142907e-10
4.463688820330477e-24
0.0
9.50405359915486e-05
0.0
0.0
8.479657162620813e-10
9.918824966927615e-09
0.0
0.0
6.628153982505124e-09
0.0
1.2496748348400477e-08
-3.197846038027825e-09
9.583689276738116e-09
0.0
0.0
0.0
0.0
0.0
0.0
9.863043617744555e-09
0.0
0.0
8.579038600529784e-09
0.0
0.0
0.0
0.0
0.0
9.766051576318447e-09
0.0
9.53478533759756e-09
4.373935943864938e-24
0.0
0.0
0.0
0.0
0.0
0.0
0.0
2.2898046619186642e-09
1.446223003276291e-08
0.0
0.0
-1.0588996196288462e-08
7.728431894449272e-09
0.0
9.512668996091482e-09
9.600863122038712e-09
0.0
9.012869128194389e-09
0.0
0.0
0.0
2.619485676921441e-10
5.727240182415138e-06
0.0
0.0
3.394285863405684e-08
0.0
0.0
0.0
0.0
0.0
0.0
0.0
0.0
0.0
0.0
0.0
0.0
0.0
8.78604674563676e-09
0.0
3.462931387952468e-09
0.0
0.0
1.7691824912312888e-09
0.0
2.935518826508365e-16
9.844119590213135e-09
-1.586699024247616e-05
0.0
0.0
0.0
0.0
0.0
0.0
0.0
0.0
1.876719447169117e-08
0.0
2.2528432823478758e-08
0.0
0.0
4.079781000633436e-08
0.0
0.0
0.0
0.0
0.0
0.0
5.112477557927726e-06
3.90436582653992e-08
8.75019534103645e-05
7.178221285290711e-09
9.081861660183115e-08
1.0504639808849671e-08
5.657901345930203e-09
0.0
0.0
0.0
0.0
0.0
4.411921532804002e-09
0.0
0.0
0.0
0.0
1.0378357971630533e-09
1.992304548243658e-08
0.0
5.393007250671576e-09
3.808393213026377e-09
6.381405948228949e-10
4.538161350850689e-09
5.067190587534055e-08
0.0
4.929817119782166e-07
0.0
4.790851872033454e-09
2.0563752969315036e-10
2.670547254385712e-09
0.0
0.0
0.0
0.0
0.0
0.0
0.0
0.0
0.0
0.0
0.0
0.0
0.0
1.1474127372957247e-18
4.190643621745818e-09
2.3301771042239523e-11
0.0
1.6926058707292073e-10
3.026708808780383e-19
0.0
9.817511737779341e-09
1.3488453192919692e-11
1.16597809144035e-09
2.6913523628680283e-12
1.3432324021854801e-09
0.0
-1.3992984288641042e-18
4.297408044224695e-11
2.367648652004389e-06
6.29927742116349e-12
0.0
0.0
0.0
0.0
0.0
0.0
-9.582760766668863e-05
4.484146020809327e-24
0.0
0.0
9.80580118464278e-09
0.0
0.0
0.0
0.0
0.0
0.0
6.171837851005153e-07
0.0
9.23885631124351e-09
9.70626742930883e-09
0.0
0.0
0.0
0.0
0.0
0.0
0.0
0.0
5.110886713260339e-10
7.134640753453878e-09
1.9773425564277497e-09
0.0
0.0
0.0
1.9719976036576467e-08
0.0
2.094788525026836e-09
8.58337001058689e-09
0.0
0.0
5.46158815342291e-11
-8.583367011941179e-09
4.036537903342626e-16
0.0
0.0
0.0
0.0
0.0
0.0
1.958057400851684e-09
9.918158812114192e-09
9.827194921805015e-09
0.0
0.0
0.0
0.0
1.0506014288336531e-08
0.0
9.738629062442325e-09
0.0
0.0
0.0
9.583689429209663e-09
9.92231812190904e-09
0.0
0.0
2.3866325582488912e-14
0.0
4.183253853867741e-08
0.0
0.0
0.0
0.0
0.0
0.0
0.0
0.0
0.0
0.0
0.0
0.0
0.0
0.0
0.0
0.0
0.0
0.0
0.0
0.0
0.0
0.0
0.0
0.0
-2.9014686438530316e-07
-2.805506091975371e-07
0.0
-6.660475732143262e-09
1.3519626741941867e-08
9.9928405594228e-09
7.50259299139183e-10
7.444828011998373e-10
7.50096734284945e-10
7.398130250501362e-10
9.887407358280651e-09
9.887406789144126e-09
9.98323491902878e-09
9.98799905810463e-09
9.993892486509403e-09
9.993726650509816e-09
0.0
4.258066220079711e-08
0.0
0.0
1.8154742305799183e-08
0.0
0.0
1.0303924517555252e-08
0.0
1.3553740553094583e-08
0.0
2.3905639575788253e-09
1.6439726234827638e-08
8.31012063020669e-10
0.0
0.0
6.305729790734001e-09
0.0
3.907010786259904e-09
0.0
0.0
0.0
0.0
0.0
0.0
0.0
0.0
0.0
0.0
0.0
0.0
0.0
0.0
0.0
0.0
0.0
3.30945196251406e-08
0.0
6.184425747054462e-09
0.0
1.9147687098319695e-07
9.534785399157447e-09
2.055390925565673e-07
9.993712524192233e-09
7.413456590879879e-10
7.494337611003041e-10
0.0
0.0
0.0
5.116399647470803e-09
0.0
0.0
8.874015000246888e-10
0.0
0.0
0.0
0.0
0.0
9.707261168900449e-09
6.107869294302086e-09
-2.0553909257058078e-07
2.0553909257085006e-07
1.9153883126271976e-16
1.996310673171713e-08
1.9972797834382955e-08
1.9987602444662316e-08
1.99867770287844e-08
-6.089496550918998e-10
-9.838299732398484e-09
0.0
-9.814109635641194e-09
0.0
-1.0494557478352325e-09
8.871827537344904e-10
0.0
0.0
-9.732492477893245e-09
-9.731606158697311e-09
-4.923782898252628e-10
0.0
0.0
0.0
0.0
0.0
0.0
8.86963977216873e-10
0.0
0.0
0.0
0.0
1.991555755539759e-08
3.0514492532935445e-09
7.381829449854527e-10
9.979871164953998e-09
0.0
0.0
0.0
0.0
2.850187917338724e-09
0.0
9.987910368751017e-09
-2.3811645498912872e-08
0.0
-8.246890338323414e-09
0.0
0.0
0.0
-6.960733769000903e-10
0.0
0.0
0.0
6.3267296222082146e-09
3.5891122027856863e-09
0.0
4.162785245977998e-08
0.0
0.0
9.087863829987801e-07
0.0
1.3519626899417024e-08
0.0
1.6823565675390318e-17
7.560326139426182e-07
1.256859881926752e-08
0.0
6.72986943113227e-10
9.688977173624654e-09
-1.3137166807685157e-09
-8.172304198379027e-10
0.0
-5.803404452519945e-09
-6.947804231862309e-09
-1.5912018375045334e-08
-5.885279174352203e-09
3.027273514738483e-10
4.515005782597844e-10
4.515005348576463e-10
2.5638945479861233e-05
9.745542569607971e-09
9.745541262873303e-09
1.0150322259304871e-15
0.0
0.0
6.083338407041964e-08
1.990801978544715e-08
9.921653193078817e-09
-1.9908019785459566e-08
1.993456544059699e-08
7.052664227082154e-10
2.6791428292465686e-08
0.0
2.986122805605642e-08
9.926662355491309e-09
0.0
0.0
0.0
-1.3296052625847663e-06
4.562486878523933e-07
2.678851674467693e-08
0.0
9.954978072570059e-09
9.954977812627695e-09
9.97628918171027e-09
9.976288915892747e-09
9.911666787087748e-09
6.696663813903681e-10
9.911667129047537e-09
-8.375261631031646e-09
8.172294211064368e-10
5.229150445984487e-09
1.512068217510154e-08
1.627668804252136e-08
6.301341691508284e-09
-1.2257583338094735e-10
0.0
-1.041770246655011e-07
0.0
0.0
-1.0152416017247812e-12
1.0154411872141374e-12
2.578460005194411e-05
2.5784599035461042e-05
9.910550759011875e-09
3.5914445045821544e-08
1.8010099891419832e-08
0.0
8.419684307662246e-09
1.5585983269327744e-08
0.0
0.0
2.203319229938665e-13
0.0
9.749482114858321e-09
0.0
-9.484693350856304
9.484691836159914
-1.5146963880940945e-06
0.0
0.0
0.0
5.2729393711821586e-08
9.991640342766353e-09
9.991638766360111e-09
-4.099909875236382e-07
7.994894701823796e-08
0.0
0.0
3.224875046656751e-09
0.0
0.0
1.0634306389128997e-05
-1.0584597968823799e-05
9.993703952571173e-09
0.0
0.0
9.983016928072182e-09
9.985453365545352e-09
0.0
0.0
0.0
-9.852174112328477e-09
0.0
0.0
1.1328702193264153e-07
5.182979520495957e-08
0.0
0.0
1.1678879550866485e-08
0.0
0.0
3.039674100833088e-08
0.0
0.0
1.4775685053048846e-08
3.5137714380279506e-08
0.0
0.0
0.0
9.980034209851676e-09
2.9374803496372405e-08
2.026216854793328e-09
0.0
8.64782367623206e-09
1.5699644251929066e-08
0.0
0.0
8.936519357307347e-09
0.0
1.8404924546048866e-08
-9.893993291321124e-09
7.573832829643029e-13
0.0
2.52576740600677e-05
6.56173398843359e-10
9.897895836274984e-09
0.0
0.0
0.0
7.188228315208872e-10
2.0653660042625773e-08
8.101476631807605e-07
8.605177023630516e-07
-2.9386101246143582e-05
2.8622314772925493e-05
0.0
0.0
0.0006404660706663163
-0.0006422710997355807
1.8199276469465801e-06
5.303993020505139e-09
6.162771460580406e-10
-5.1521668393383e-09
1.9915554316040593e-08
2.089214982216977e-08
0.0
0.0
6.553374804295453e-09
8.361669691997072e-09
8.361670023049328e-09
2.5854152961438627e-07
2.585415283200021e-07
7.382405929369036e-10
9.981628927915875e-09
0.0
8.361669651808988e-09
0.0
9.672689314298876e-09
0.0
0.0
0.0
6.27159298817325e-09
0.0
0.0
1.0147577425019322e-09
0.0
2.3242796053104055e-08
2.3244241430609465e-08
2.3248549667036097e-08
1.0508296654053891e-08
9.911667410475948e-09
-9.914145509756778e-09
6.567783634483665e-12
0.0
0.0
3.006269661753174e-08
9.97794886558746e-09
7.501620030497676e-10
9.989717296432499e-09
1.6812227297727182e-08
0.0
0.0
9.087863824581811e-07
0.0
0.0
0.0
2.86843796568107e-15
0.0
3.922376268136968e-08
1.1436293020061654e-08
9.16287940625792e-09
1.8239454419936553e-08
2.5449572929483633e-08
7.888227051150552e-09
0.0
0.0
6.573807132545651e-09
0.0
0.0
0.0
0.0
0.0
0.0
0.0
9.675031451992708e-09
0.0
0.0
1.9340842518777372e-08
2.043837798021508e-10
0.0
2.0438381127754304e-10
2.043837476942628e-10
2.0438381205706453e-10
1.7391269794247317e-17
1.738833978056917e-17
0.0
9.913711427299299e-09
0.0
9.675031380547173e-09
-4.871097752587317e-11
0.0
0.0
2.1132072283841768e-06
0.0
1.8962843049567054e-09
0.0
0.0
2.08333029580528e-06
9.986267424100248e-09
3.951268284653055e-08
9.850809999311475e-09
9.850809967516194e-09
6.100306621779087e-10
4.007128686350654e-09
0.0
0.0
0.0
0.0
0.0
2.857426455159988e-08
7.187222243956089e-10
0.0
0.0
0.0
0.0
-3.9512683168126464e-08
0.0
0.0
0.0
1.8298107425367704e-08
1.1960123759466043e-07
-3.6170470269590006e-09
0.0
0.0
5.002432022631151e-08
0.0
8.731318918997287e-05
-8.734411539727855e-05
9.923673505621397e-09
1.8759766613877965e-19
3.747516363440469e-08
-2.5459038880618588e-05
0.0
0.0
0.0
-5.7345005140284236e-05
1.741559817306102e-10
0.0
2.827402357757137e-08
0.0
0.0
0.0
0.0
0.0
8.429838631047556e-09
0.0
9.916534613948122e-09
6.74823219050914e-10
0.0
0.0
6.553374872679174e-09
0.0
-1.574586710762502e-08
-1.5745867108248436e-08
0.0
0.0
0.0
1.4088416416738667e-06
-1.0155835200587049e-10
3.738120312039481e-08
0.0
-1.407345385262062e-06
-7.326187779262833e-12
0.0
0.0
0.0
0.0
-9.975490564091477e-09
2.0553909230358327e-07
8.966307156813014e-09
0.0
0.0
0.0
6.866258863980711e-06
0.0
6.85649201511712e-06
0.0
0.0
7.105031602977481e-08
0.0
0.0
3.6067971542634646e-09
0.0
0.0
0.0
1.6965624686125474e-09
2.0318291298366047e-12
2.0322579522933276e-12
2.034533022271658e-12
2.0347877386976654e-12
3.006269590711219e-08
7.255999014137443e-10
0.0
3.2069906542042414e-08
8.832549996951045e-09
1.8767194450313215e-08
9.778443467347458e-09
0.0
3.818486417094104e-11
9.979202334574222e-09
9.979201830916611e-09
1.2126934668483785e-16
7.74014811767248e-08
8.96290620794362e-08
9.943979434159136e-08
5.707630291257665e-10
4.79085187826902e-09
3.934649594856872e-09
0.0
0.0
0.0
0.0
0.0
2.924165777513493e-10
3.93464983199291e-09
-9.614691265369402e-10
-9.891299198108716e-09
-9.724807625843823e-09
0.0
0.0
0.0
0.0
-1.015583521142907e-10
0.0
7.428092633710965e-10
-9.621032253000206e-09
0.0
-9.503075585122954e-05
-9.206320045377031e-05
0.0
1.124873465652075e-07
-4.899436903918637e-13
1.026269503758089e-07
8.479682591515461e-10
8.479665635177181e-10
0.0
8.572822519851261e-10
1.631495064513871e-08
0.0
0.0
5.56957731771222e-09
5.5695773295076605e-09
5.569577332832895e-09
1.548840229220736e-08
5.569577325278594e-09
0.0
0.0
0.0
4.958757950901035e-09
0.0
5.875479899028431e-09
0.0
0.0
0.0
0.0
0.0
0.009816093574815913
-6.6281539824015415e-09
0.0
-0.009816075841082883
2.9265983151535677e-16
0.009816092211822561
6.6281530645972975e-09
2.5832271294843696e-05
4.581455772858235e-08
9.974680159507293e-09
9.974679242297224e-09
7.526729048450716e-10
0.0
9.796203907200436e-09
2.8819126513641383e-10
6.006573682260196e-09
4.853336720142196e-10
0.0
0.0
0.0
0.0
1.2482912649510944e-08
0.0
9.708991551555195e-09
0.0
0.0
0.0
-9.583689276849647e-09
9.95227964627855e-09
9.95227928298682e-09
7.094704597028276e-10
9.79049246651438e-09
7.130829233184966e-08
9.790492107959134e-09
9.790491751083402e-09
0.0
4.046662348154643e-16
0.0
0.0
0.0
0.0
6.703060538418404e-10
0.0
5.777605308933967e-05
0.00011292790402448599
2.0503436630065725e-05
0.0
4.5191777669438015e-08
0.0
1.061187371807624e-05
-1.0562196724197133e-05
9.984638546390756e-09
8.403798422667967e-10
-2.088737210613706e-08
0.0
0.0
0.0
6.947381629292763e-08
-5.597810648011941e-08
1.9987544889308564e-08
9.993792376224338e-09
3.522258805847445e-08
0.0
0.0
4.124443117275725e-09
0.0
0.0
0.0
5.971505195571113e-08
6.775407466848357e-10
8.286683873591064e-10
9.887407927389044e-09
1.3371967376843464e-08
-5.87517915657967e-10
2.685908079062157e-09
-3.738120309636477e-08
0.0
0.0
6.422447000979341e-08
0.0
0.0
0.0
0.0
0.0
0.0
0.0
9.979202837646081e-09
-9.86304371508595e-09
7.419807254401732e-10
0.0
3.103757597324181e-08
1.9969886392808485e-08
9.984438832527924e-09
0.0
8.899744189545755e-09
9.902925056370915e-09
6.610995903563827e-10
8.394052881013122e-09
0.0
8.899744247196353e-09
-2.3643310270962725e-08
7.496927440832796e-10
1.9986128848052863e-08
9.992813687631497e-09
1.0556860621233755e-08
4.5624868789327907e-07
0.0
4.157211342040868e-07
4.3872986787738743e-10
4.387298797700224e-10
-9.88195321534645e-09
0.0
1.86215309628807e-11
2.2736345579823837e-16
9.707261519242568e-09
0.0
0.0
-9.96178402029764e-09
0.0
0.0
1.1104141407678468e-11
1.1109590267812328e-11
1.1107131466398593e-11
-1.509983319479026e-11
0.0
9.128038913856784e-09
0.0
0.0
9.974551459096537e-09
8.490031392801148e-09
0.0
0.0
1.8405942307240063e-08
0.0
0.0
0.0
0.0
0.0
7.490311733742412e-10
1.998521120316322e-08
3.9667982693277966e-09
1.9703263636030263e-08
0.0
0.0
1.6933425570834806e-10
7.762346896294423e-09
1.0632982437399153e-11
0.0
0.0
9.782344557077132e-09
1.954341158602003e-08
5.269917183730916e-10
-8.673617379884035e-18
-5.269917316149088e-10
0.0
0.0
1.0421900392948604e-16
-3.0053428457409557e-10
-9.621030223780315e-09
0.0
0.0
0.0
1.6759574686012008e-07
4.1776050033403274e-09
0.0
0.0
9.99344141962615e-09
0.0
1.7782261223404927e-08
9.863566700998586e-09
9.863566399412327e-09
0.0
-1.148957136712082e-09
9.973723209270906e-09
7.403391846863152e-10
0.0
0.0
5.114186383310958e-08
1.996576291730015e-08
7.385938592377957e-10
0.0
1.6972114013828272e-09
0.0
0.0
-1.7557386655653318e-09
8.66203596658211e-09
0.0
0.0
0.0
6.649444846362782e-11
0.0
1.497786565212983e-08
0.0
5.240978410853329e-10
0.0
0.0
8.594620646081898e-09
0.0
1.0335250049859052e-08
0.0
8.272648369292247e-10
0.0
0.0
8.191597696060188e-11
0.0
1.5196019791287812e-10
0.0
0.0
0.0
0.0
0.0
0.0
0.0
0.0
0.0
8.375261242128326e-09
0.0
0.0
-5.803404088186896e-09
-6.947804013042566e-09
-6.586660674921065e-09
-1.5203431513732824e-08
-3.0272774036361506e-10
0.0
0.0
0.0
0.0
4.790852287908552e-09
4.7908519128246666e-09
0.0
0.0
2.77819383366787e-05
0.0
0.0
1.2720676429341165e-08
0.0
1.4879648432671527e-08
0.0
6.953635593763899e-10
0.0
0.0
-5.152166831050809e-09
-5.1521668342045815e-09
3.761234178064752e-07
0.0
9.956349913936197e-09
7.134606710991027e-10
0.0
0.0
0.0
0.0
0.0
0.0
0.0
0.0
0.0
0.0
0.0
0.0
0.0
0.0
0.0
0.0
8.573201751443288e-11
0.0
0.0
0.0
0.0
0.0
5.38460523387837e-09
0.0
0.0
0.0
0.0
0.0
0.0
7.286045456196706e-09
8.62927621059792e-09
0.0
0.0
4.518035743206136e-07
1.0439661042755033e-05
0.0
6.941017336142396e-09
6.9410173449450195e-09
0.0
0.0
2.3760680183212457e-07
2.74966006008465e-06
0.0
0.0
0.0
6.553374851716188e-09
9.830738091630245e-09
0.0
3.336449764409897e-08
0.0
1.9947921181548336e-08
0.0
9.959752914789558e-09
9.95975250984878e-09
0.0
0.0
0.0
1.5919722643662984e-08
0.0
0.0
0.0
0.0
0.0
4.961230424618333e-09
0.0
0.0
0.0
0.0
0.0
1.605289319479757e-08
0.0
0.0
0.0
0.0
2.0194616903717117e-09
0.0
1.1510845051286076e-08
0.0
0.0
0.0
0.0
0.0
0.0
0.0
6.675358359058471e-09
0.0
0.0
0.0
0.0
0.0
0.0
0.0
0.0
0.0
0.0
0.0
9.952696914566726e-09
0.0
0.0
0.0
0.0
0.0
0.0
0.0
0.0
4.276796206025485e-07
0.0
3.1468384749392445e-05
-5.717523585530343e-06
4.0182891793683065e-05
8.618929723052912e-09
1.870359915022551e-07
0.0
1.0555780543270577e-08
7.113988394990978e-10
1.991446894295533e-08
9.960222628740856e-09
7.172566519566498e-10
-3.39428586314792e-08
-3.3942858632770076e-08
1.4546047690558721e-08
0.0
0.0
8.537981579946601e-07
0.0
6.941017318646083e-09
6.941017327251938e-09
2.614759757540888e-05
1.975832638205714e-08
0.0
9.942621863518776e-09
0.0
7.13104341001929e-09
0.0
1.976062288775539e-08
0.0
5.389482994235059e-10
-9.962924799743611e-09
0.0
1.964366476143013e-08
0.0
0.0
0.0
0.0
0.0
0.0
6.713491190905106e-09
0.0
6.921866400139931e-10
1.0181163632441023e-07
0.0
0.0
0.0
0.0
9.940071421673212e-09
0.0
9.966607852386622e-09
9.54921322624028e-09
9.945555499817071e-09
2.669148388036981e-09
9.956087759777077e-09
1.0757482037290723e-08
1.3429577006503584e-07
1.3332173795089486e-07
1.2158159791313725e-07
1.6337959708852756e-05
0.0
9.959094620943575e-09
7.161509813445358e-10
1.9851954402176276e-08
6.261614174808791e-10
1.3567089079428916e-10
0.0
0.0
8.899744111070623e-09
0.0
0.0
8.899744048289361e-09
8.899743941803706e-09
-8.786046740437469e-09
0.0
4.9356768699617803e-08
9.364982609542424e-09
9.939613222055242e-09
0.0
9.706353331963494e-09
9.706353332025644e-09
9.734524185323577e-09
9.734524134203445e-09
4.323683654957936e-09
0.0
6.744512281738366e-08
9.73412440563709e-09
9.958180825379265e-09
9.958180571811859e-09
0.0
0.0
2.8495189273863852e-05
-5.209581030451993e-11
0.0
0.0
0.0
0.0
0.0
1.4016024523129253e-08
0.0
1.3815638783482094e-07
-9.844119602808732e-09
0.0
0.0
0.0
0.0
0.0
0.0
8.121070344429755e-07
-4.1611189618984135e-08
4.1735129164499706e-05
0.0
0.0
0.0
9.041720219895655e-09
7.449098511058377e-09
4.174326572391232e-05
0.0
8.488926213215812e-09
0.0
8.488926107322317e-09
4.174917312927778e-05
0.0
0.0
0.0
4.647858832351431e-10
1.6767449413443543e-08
6.475944655820758e-09
0.0
1.5815393618275103e-05
8.973457620874906e-08
1.5875129093068097e-05
0.0
0.0
4.1749173127776644e-05
0.0
0.0
0.0
7.277627345871206e-10
4.685181690968702e-10
1.333217376335617e-07
-1.909741342842608e-08
0.0
7.385844308755383e-07
-3.0243291105103417e-05
5.0226905737408894e-08
1.9814961784400214e-08
0.0
9.832651593161355e-09
2.4074375144520085e-08
0.0
0.0
0.0
-1.9569330742671565e-06
2.0453742847652284e-06
7.1384944502753e-10
0.0
6.16277123339996e-10
9.857184823950677e-09
2.6337067311581197e-05
0.0
0.0
-9.416987938811945e-09
0.0
9.920624918563145e-09
0.0
4.472967279904023e-08
6.848154440765803e-10
-2.252843245287295e-08
-2.2528432823561248e-08
2.0310046550915797e-08
0.0
0.0
9.582243759163532e-09
2.4746889681478545e-08
0.0
-0.01641317204013859
0.01641313124232486
-4.079780999057675e-08
0.0
0.0
0.0
5.2237313265875e-10
1.1809372507665117e-09
0.0
9.630345994670707e-08
4.909301417526346e-07
0.0
0.3131121576447921
-0.3131134263754944
1.278259277661017e-06
9.528575050953769e-09
0.0
0.0
0.0
0.0
0.0
0.0
9.993312581092761e-09
1.6346292318049902e-05
0.0
0.0
2.971228741999701e-15
0.0
1.3403786711215277e-08
2.3885345019479927e-08
0.0
2.6691486292284133e-09
7.286939606981263e-09
7.620354784327054e-10
0.0
9.549213162885235e-09
3.963422088370525e-10
1.6848800101741935e-10
0.0
0.0
3.9973003096213666e-08
7.492979366763586e-10
0.0
0.0
7.49816564688367e-10
-8.396074175677615e-10
0.0
2.00939607061974e-08
0.0
0.0
7.423821995725909e-10
0.0
0.0
0.0
0.0
1.2838295521778823e-07
0.0
9.844119663009058e-09
0.0
7.923222154622434e-08
0.0
1.9709753578060197e-06
9.991038884745189e-09
-1.9609843173243985e-06
1.6767449414896614e-08
9.734524236639745e-09
1.9686448754485005e-08
0.0
-8.748579087254952e-05
-8.778469250570665e-05
0.0
9.08186165650704e-08
-9.08186165834954e-08
-2.9602490271867847e-08
-2.923022696804667e-08
0.0
0.0
-5.229150505080282e-09
-5.8034042718262355e-09
-1.6276688270691706e-08
-6.586660680991868e-09
-5.885279246387493e-09
-3.027275097267079e-10
1.0556861046734578e-08
3.818265363119211e-11
9.707261045369695e-09
4.694070556329396e-10
-9.801528277376959e-09
2.8214583421958285e-08
0.0
0.0
7.560519675739361e-09
0.0
0.0
0.0
0.0
0.0
0.0
0.0
0.0
2.085337598899561e-07
4.187803154939861e-09
0.0
5.483991905930793e-09
0.0
9.848196993094645e-09
0.0
0.0
0.0
1.4592796887961683e-17
0.0
1.7772941504173552e-08
8.027025266699184e-09
1.4597900942614788e-08
9.707261691960444e-09
0.0
8.336575717401711e-14
0.0
9.914257025120507e-09
2.4305162773910658e-08
0.0
1.4597900786435005e-08
0.0
0.0
-7.740700813840817e-05
7.741660552573388e-05
0.0
2.96848485453215e-08
0.0
0.0
0.0
1.3973284433990822e-07
0.0
0.0
0.0
0.0
0.0
0.0
0.0
9.989956195610716e-09
9.98995749128991e-09
-5.138348942379212e-06
0.0
1.7660117502942356e-11
2.0147762419417668e-10
0.0
2.0147867377037007e-10
2.0147943910976235e-10
2.578440186944892e-05
-0.00011136298474246029
0.00011135311390879886
0.0
0.0
0.0
0.0
0.0
7.75728079688287e-09
7.757280766091529e-09
0.0
0.0
0.0
9.831876611032103e-09
1.583158241348228e-17
0.0
1.3973315041593493e-08
4.104183541705651e-09
6.523452831688693e-10
0.0
7.493423825564355e-10
4.948884331934523e-06
4.947846496516917e-06
-1.03783579775659e-09
0.0
0.0
1.3755626703805106e-08
-1.992304548242938e-08
0.0
2.812402772884963e-08
9.992256321577941e-09
-7.592590888565675e-09
0.0
4.840996406543549e-07
-4.74476350099393e-07
-4.84099640655892e-07
4.84099640644969e-07
0.0
0.0
4.4360287450688593e-10
4.436028861685135e-10
-4.562486878803714e-07
-5.914791317875452e-10
0.0
0.0
0.0
0.0
0.0
9.850810256059899e-09
0.0
0.0
0.0
-3.808393213636241e-09
0.0
0.0
-4.120428822321574e-08
-4.120428824259841e-08
0.0
0.0
1.857820241693142e-08
1.0681243196324065e-08
7.292080558196243e-10
9.97241616663872e-09
7.282400491807856e-10
9.97142862206398e-09
2.972242100481882e-07
2.1466959675008847e-08
3.062508934445397e-08
3.155155973339899e-08
2.972242100584112e-07
0.0
0.0
9.947773128613563e-09
-1.5027633119119553e-08
6.190481009210212e-07
0.0
4.840996404696722e-07
0.0
0.0
-4.831121048770462e-07
-4.833575244959451e-07
9.630345882052443e-08
4.790851891872272e-09
1.0504639717800405e-08
5.657901419928354e-09
0.0
0.0
0.0
3.3899281901339893e-09
0.0
2.0560438899310872e-10
0.0
0.0
0.0
1.9442739324167318e-10
9.021550267451576e-09
4.805150465309056e-09
0.0
1.7016697552803793e-08
1.253678730381613e-08
0.0
0.0
0.0
1.9684665244625957e-09
0.0
0.0
0.0
6.808421663380796e-09
0.0
0.0
0.0
1.0066133635679339e-08
0.0
0.0
0.0
4.2580662101025184e-08
0.0
0.0
1.8154742514516565e-08
0.0
0.0
1.03039226807797e-08
9.360535404734669e-09
2.1011807565610876e-09
0.0
1.6192673165818728e-09
0.0
0.0
0.0
0.0
0.0
7.095880674531146e-09
0.0
9.618730901513766e-09
9.842542368623233e-09
9.62227405298194e-09
0.0
5.146830529835525e-09
6.038151953413149e-09
0.0
3.5469997480458735e-08
1.5078580014249236e-08
7.965762237282151e-10
9.59730084695316e-09
1.5082915310310512e-09
2.5567099796222083e-09
2.802716391169919e-10
0.0
0.0
0.0
-8.439963095864867e-09
3.73812029751373e-08
4.5432262186607335e-17
0.0
0.0
2.0271631399942186e-08
0.0
1.1332377539807614e-09
1.1332377335739758e-09
1.1332377221066523e-09
0.0
1.1333420828919374e-07
0.0
9.081947792890313e-09
9.081947696632324e-09
9.081947603684082e-09
2.3358111451173013e-07
0.0
6.465464039806118e-09
9.992249909655601e-09
9.989571088453322e-09
9.989570971620612e-09
9.978581487834312e-09
9.978581428304051e-09
9.984020877127803e-09
9.984020799795874e-09
9.956377910244074e-09
0.0
9.956377827342842e-09
8.99182691948378e-09
0.0
0.0
1.7552227539436508e-10
4.2185200318840395e-09
2.9083012789699048e-08
9.967445105338391e-09
9.967445080432845e-09
0.0
9.95987805555076e-09
7.169188484893299e-10
9.959878095472393e-09
9.155683293862418e-09
0.0
0.0
-2.1107013125112298e-09
0.0
0.0
1.0511567021102921e-16
2.9813742217412144e-08
0.0
0.0
2.6757379155015534e-08
0.0
2.685630933713451e-09
1.730414055011164e-09
0.0
1.7380606018286127e-08
4.156560810517294e-09
0.0
0.0
5.713387872899482e-05
0.0
0.0
0.0
0.0
1.6958174564869434e-09
1.6962024166421954e-09
8.406128253642299e-10
0.0
6.970561923043745e-10
9.912082527972679e-09
9.91197030009161e-09
1.6968985097183994e-09
0.0
0.0
-1.0842021724855044e-18
0.0
0.0
0.0
2.0491338934738133e-09
0.0
0.0
0.0
0.0
0.0
0.0
0.0
0.0
5.364184395983994e-09
0.0
0.0
0.0
0.0
0.0
0.0
5.618344266797998e-06
5.618344266798526e-06
9.9774903140378e-09
4.150509342092316e-09
2.5484399944893122e-08
0.0
3.760470858551537e-09
0.0
0.0
2.4868912957126955e-09
4.993726500432008e-08
3.011673933177445e-08
0.0
0.0
0.0
0.0
1.8950956872234634e-08
0.0
0.0
6.313834827203655e-08
5.30649370982547e-08
3.3169440033379086e-08
1.6796002275863987e-08
0.0
-5.774056268017649e-10
1.679600185909046e-08
0.0
0.0
0.0
0.0
0.0
0.0
0.0
-1.3488453192919692e-11
0.0
0.0
0.0
0.0
0.0
-2.69135236625616e-12
0.0
0.0
0.0
0.0
-3.0705875585691325e-05
0.0
7.853405806186235e-09
0.0
0.0
0.0
2.0553909257100078e-07
0.0
0.0
0.0
8.415716484346849e-07
8.512210053143732e-07
0.0
1.840594236891549e-08
3.007588116959394e-16
9.96444162338489e-09
7.213924906675298e-10
9.740317747456913e-10
0.0
0.0
0.0
0.0
0.00010731715751311297
5.505423098524141e-05
2.881010504063106e-07
0.0
0.0
0.0
0.0
0.0
0.0
0.0
0.0
0.0
3.363734850752747e-06
0.0
4.000305445896448e-07
4.241296917087326e-07
9.509602192746211
0.0
-2.5720231954887173e-08
-3.973388095562494e-09
-2.135237588303529e-08
-2.03777337534454e-08
0.0
-7.169603872681606e-09
-8.475450594636286e-09
-1.8406950467748234e-08
-2.357959869539277e-06
-2.279989488194047e-06
0.0
0.0
2.2096397818252226e-08
-6.29927742116349e-12
2.2161981877723804e-08
0.0
0.0
1.0076159349451651e-08
0.0
3.666339031104023e-09
6.309099032023323e-09
7.321655248090745e-10
0.0
-5.464888901931622e-10
0.0
0.0
-3.0386281233249784e-08
9.966513931855547e-09
3.5513555830391226e-09
5.332193613224262e-08
0.0
0.0
1.605824247170694e-08
7.282383573085912e-10
2.4497241249861102e-08
0.0
2.794154497212306e-07
2.7941544972053896e-07
6.876204482816013e-10
9.929986015963857e-09
0.0
0.0
9.992147532528894e-09
0.0
9.992956850069506e-09
0.0
9.992639354218347e-09
9.983771691024292e-09
0.0
5.990678826986882e-08
1.1067688625044185e-08
9.985446605048869e-09
0.0
9.986291859408282e-09
0.0
9.973723217420697e-09
4.6170840372679315e-08
9.993750873488694e-09
0.0
9.993793271069982e-09
1.3818610309735052e-08
9.993314546038322e-09
0.0
9.99331421796059e-09
0.0
0.0
0.0
0.0
0.0
9.844119587215587e-09
0.0
0.0
0.0
0.0
0.0
0.0
0.0
0.0
0.0
0.0
0.0
0.0
0.0
0.0
0.0
6.741020508724262e-08
0.0
0.0
0.0
0.0
0.0
0.0
0.0
0.0
0.0
0.0
0.0
0.0
9.58276076666895e-05
9.583495477583082e-05
0.0
3.8419121560950075e-11
1.8962833725006322e-09
7.747888837280233e-09
9.235732190003755e-09
-5.659321668042139e-10
5.2666673520993366e-11
1.1912706469484478e-09
0.0
0.0
0.0
-1.7556284795486625e-09
3.026318653045474e-11
2.1464119295685247e-11
4.840996406074654e-07
9.918062138577667e-09
0.0
0.0
9.82280767605507e-09
0.0
2.43051627088459e-08
3.480006292682089e-11
9.897014506185295e-09
0.0
0.0
0.0
0.0
0.0
0.0
7.104180412531878e-10
9.936290681343195e-09
6.937992084590094e-10
0.0
0.0
1.0926967268527533e-16
1.9915555768753264e-08
1.991555623854523e-08
1.58583581323207e-07
0.0
2.902445713269908e-08
0.0
0.0
8.32025090807446e-09
9.536478903864125e-09
1.0397849575840903e-09
0.0
1.9915554220952675e-08
7.081144320815558e-10
1.991555489634031e-08
1.9915554461409476e-08
0.0
4.503857126330531e-08
0.0
0.0
0.0
1.4448795536641604e-09
0.0
1.3954348964681965e-08
0.0
0.0
0.0
3.6903760768761314e-10
0.0
8.144767037374894e-10
0.0
6.27810690498181e-09
0.0
2.2620405797309776e-09
3.224876593317694e-09
0.0
2.0443057071835912e-05
0.0
0.0
0.0
1.5561976035121344e-08
0.0
1.3404250517567474e-08
0.0
0.0
0.0
0.0
0.0
9.964658690037555e-09
9.96465846967789e-09
0.0
0.0
0.0
4.613870313404277e-07
9.706353347595416e-09
1.0449394007828298e-05
7.856040666355595e-06
0.0
0.0
0.0
0.0
0.0
0.0
0.0
9.90746382156793e-09
6.934589693978928e-07
-9.829866272150609e-09
-2.8495189273836097e-05
1.6337959708869534e-05
0.0
-2.779185984418792e-05
2.1540641511642866e-07
0.0
0.0
0.0
4.7687558426775066e-11
0.0
0.0
0.0
6.257771708566909e-09
0.0
0.0
0.0
2.0905170400264123e-09
0.0
0.0
4.768804943433694e-11
8.50877994793673e-10
0.0
1.6731704417581706e-09
0.0
8.918386482337613e-09
0.0
0.0
0.0
0.0
0.0
0.0
0.0
0.0
0.0
0.0
9.509826583476463e-09
3.7059947729172624e-17
5.85738556518921e-09
0.0
9.977490144232882e-09
-1.3055084650132054e-07
-6.268194507612655e-07
0.0
4.2580662300563005e-08
0.0
0.0
1.8154742096942064e-08
0.0
0.0
1.0303926355932642e-08
0.0
1.3553740031539288e-08
0.0
0.0
1.643972646361308e-08
8.310117997585676e-10
0.0
0.0
0.0
0.0
0.0
0.0
0.0
0.0
1.94427445322571e-10
9.02154994133142e-09
4.805150818124575e-09
0.0
1.7016697977588024e-08
1.2536787252059783e-08
0.0
0.0
0.0
1.968466692862695e-09
0.0
0.0
0.0
6.8084232473895145e-09
0.0
0.0
0.0
1.006613342693061e-08
0.0
0.0
0.0
-1.4016018302112588e-08
0.0
0.0
1.815468278692493e-07
0.0
9.698483992835277e-09
4.60812527466642e-10
2.0553909223297505e-07
5.029999249148848e-09
0.0
0.0
0.0
7.867332972356868e-08
-4.684340374956083e-10
4.684340373750218e-10
0.0
-1.102292682561311e-11
0.0
0.0
0.0
6.302786346105853e-07
0.0
0.0
1.473494694282599e-08
-4.130376473368558e-05
1.3486367578252612e-07
1.5803290506614985e-07
0.0
1.9288268610888572e-08
0.0
0.0
8.626980395554939e-09
8.49003131332175e-09
8.490031221564283e-09
0.0
0.0
9.813431292761558e-09
5.734075465376376e-10
-9.929456801921477e-09
0.0
0.0
0.0
7.598728494292616e-13
0.0
0.0
-9.894759123822502e-09
1.4429445654034102e-08
9.977948321573158e-09
7.346309480796457e-10
0.0
0.0
-0.004811831675472671
0.004811851461820205
9.951831296973329e-09
-1.6110976019945156e-07
9.95424635475437e-09
7.113988794787153e-10
-7.197669119003579e-10
0.0
7.0985198560242385e-09
9.107403067084458e-10
0.0
5.269437037188046e-09
0.0
0.0
6.934589694499143e-07
6.561631618626672e-10
6.934589697391652e-07
9.89788809306313e-09
0.0
7.0985189300666406e-09
9.107407263836881e-10
0.0
5.269437621991752e-09
0.0
0.0
8.818964397968863e-08
1.3296052626161523e-06
9.954567628626962e-09
0.0
-2.132977448293216e-06
1.256859854634041e-08
0.0
2.152811331638272e-06
6.810092339459899e-10
5.622935570257345e-08
-3.315429391312699e-09
3.0305035748270706e-08
2.9435167187884053e-08
-3.0477702149685724e-09
7.9828130927969e-08
7.52923459629162e-09
2.9492229602211306e-05
0.0
9.397528139833914e-09
9.397395666237843e-09
0.0
8.427173888564025e-09
-7.134653378482831e-09
0.0
0.0
-5.110918617517689e-10
0.0
1.2076539834447978e-05
9.88713870686195e-08
2.0553909136173769e-07
0.0
0.0
0.0
9.778463852164847e-09
1.5250836206222502e-11
1.5250835316837907e-11
1.5250836104578548e-11
0.0
6.435788991832629e-08
6.435788991000583e-08
0.0
9.887384634020064e-09
6.857152586184274e-10
0.0
0.0
0.0
0.0
9.675031488120542e-09
3.046261440927539e-08
1.055685928159823e-08
0.0
1.50658128511713e-09
0.0
1.8405942221932632e-08
0.0
-1.9719976036549087e-08
5.642248302392399e-10
9.804058488677755e-09
5.642248066639334e-10
9.804058464356041e-09
5.642248324463487e-10
4.730902921686809e-08
0.0
2.392890485855484e-08
0.0
0.0
2.0077151515764592e-08
0.0
0.0
0.0
0.0
0.0
1.461676470385274e-08
1.107625831094322e-05
-5.270276243734855e-06
0.0
0.0
0.0
0.0
0.0
0.0
0.0
0.0
3.7475164982924034e-08
0.0
2.934649516548959e-16
0.0
0.0
-2.0947885237489446e-09
0.0
0.0
9.827833657993779e-09
0.0
0.0
0.0
1.7966222337382878e-16
1.3016019261855156e-16
0.0
0.0
0.0
1.1117701256970847e-11
-6.223011666019196e-10
-1.0104121715987027e-08
0.0
0.0
0.0
0.0
-0.0036441010405354004
0.003644133743231251
6.097169630995549e-10
7.286046560670146e-09
3.747516670684871e-08
3.7475166181596985e-08
1.111600352086711e-11
0.0
0.0
-9.90816673627225e-09
0.0
0.0
0.0
-5.461588147882834e-11
0.0
8.583367011625823e-09
0.0
-4.0245584642661925e-16
3.4840668550345423e-10
1.2307389696458597e-08
0.0
3.747516570649595e-08
0.0
0.0
0.0
0.0
8.844497602534954e-09
0.0
0.0
0.0
7.653021875439031e-07
0.0
0.0
1.1111772899811944e-11
1.1114002387194974e-11
9.496174826488942e-08
0.0
0.0
6.371270242291893e-09
2.6218048273881473e-05
0.0
0.0
-2.522486403362116e-05
9.952696801689837e-09
0.0
9.952696858472186e-09
9.83073801168045e-09
5.903638153663721e-10
0.0
0.0
-8.717563683117979e-09
0.0
-4.8923956892932274e-06
0.0
0.0
-6.760291801893061e-10
-6.760291802393126e-10
0.0
0.0
0.0
-5.868924504449373e-10
3.4840668550345423e-10
0.0
0.0
0.0
0.0
0.0
0.0
0.0
7.47802243901141e-09
2.5154189889402702e-09
4.685181793092551e-10
0.0
0.0
4.2767961987255894e-07
0.0
0.0
2.808203980464441e-08
9.969466439846314e-09
9.926045188302062e-09
6.83891819305944e-10
2.5459038880944188e-05
0.0
3.07579511557003e-08
0.0
7.117134709740251e-10
0.0
0.0
0.0
8.508515180030669e-06
-3.019051116626032e-05
3.8738598159999486e-05
9.943448339017058e-09
1.0506014290700883e-08
-1.0506014289502573e-08
0.0
5.537388509089545e-06
5.558961690842893e-06
0.0
0.0
6.947002268604306e-09
1.5729905226876043e-08
5.001303151619928e-10
-9.738629062460563e-09
8.308821227787875e-12
1.2526596785180767e-09
0.0
9.925908984918256e-09
0.0
0.0
1.1454767959717671e-05
0.0
2.6520670284121337e-08
4.6257260900955705e-08
0.0
1.6518011557990928e-08
0.0
0.0
1.9893572593386157e-08
9.967859249809807e-09
0.0
0.0
0.0
0.0
0.0
9.80845362014962e-09
9.808453299153779e-09
-7.74142315527866e-05
0.0
-9.583689429234262e-09
0.0
9.890773864388506e-09
-1.7934099203723556e-10
0.0
0.0
0.0
6.7483478958580605e-09
0.0
6.748347976203784e-09
9.896293581522688e-09
6.546011540110042e-10
-9.934117928917421e-09
1.6922539307493574e-16
-3.193624540081402e-08
-3.238411710360369e-08
1.354492872219473e-13
0.0
0.0
9.986366620645748e-09
9.986575466531413e-09
7.43087430731758e-10
0.0
-7.499261344534993e-09
-7.465146125404837e-09
6.27809567891661e-09
0.0
6.2734620415830065e-09
0.0
0.0
6.278096698682845e-09
6.380781032250652e-09
1.1550939658877394e-10
0.0
0.0
7.428829624655912e-10
-4.9370764429808714e-08
0.0
9.984682326644751e-09
7.412318677052442e-10
0.0
0.0
9.983905765895097e-09
9.98236577490022e-09
7.389611208215008e-10
0.0
9.983906301455264e-09
4.935676873393848e-08
2.656609615986186e-07
6.278104457142886e-09
0.0
0.0
0.0
2.5794999563663766e-08
0.0
0.0
-2.9134936865848893e-08
9.982892734683446e-09
0.0
0.0
1.6354979163668394e-12
0.0
0.0
0.0
2.0553909195490245e-07
1.661559824488427e-07
-1.466703161791343e-07
9.927486150089655e-09
0.0
9.781119976618938e-09
5.417529926509166e-10
2.4855989686570647e-07
0.0
0.0
1.5249301649320378e-05
-1.5159452642768543e-05
7.357710554831331e-10
0.0
1.8117717842622112e-08
0.0
0.0
9.709929922329486e-09
9.799834359828412e-09
0.0
0.0
2.078758290710087e-08
2.48559895579803e-07
4.1785965184753045e-06
9.988845500849726e-09
-4.168607671688716e-06
7.485490267292048e-10
0.0
0.0
1.0624230629627868e-08
9.9912570816318e-09
0.0
0.0
9.060733931742279e-09
1.0936772639758291e-08
9.803534856651537e-09
5.637118118499887e-10
0.0
1.8974539513678623e-08
9.060733829890921e-09
0.0
0.0010672181390548661
0.001067218393494763
0.0
0.0
