0
0.0
0.0
0.0
0.0
2.078165155029847e-08
1.2260713606376189e-07
0.0
0.0
0.0
0.0
0.0
2.9275812987705492e-08
0.0
0.0
0.0
0.0
0.0
0.0
0.0
0.0
0.0
0.0
0.0
0.0
2.0041947785361783e-07
0.0
0.0
0.0
0.0
0.0
0.0
0.0
0.0
0.0
0.0
0.0
0.0
0.0
1.7788219127691384e-09
8.178295503984806e-09
0.0
0.0
0.0
0.0
0.0
3.8620669979970714e-10
0.0
0.0
0.0
0.0
0.0
0.0
0.0
0.0
0.0
0.0
0.0
8.656511279089328e-09
0.0
0.0
0.0
0.0
0.0
9.583179241475112e-09
0.0
0.0
0.0
0.0
0.0
0.0
0.0
0.0
0.0
1.0154664522449286e-10
1.1433907086813088e-11
5.510877048346411e-10
0.0
0.0
1.722344538581659e-08
0.0
0.0
1.015466460918546e-10
0.0
0.0
0.006191944247086796
4.89887328396037e-13
1.54305001623766e-08
0.0
0.0
1.3539090244826765e-09
0.0
8.37954527736409e-09
0.0
0.0
9.032609657147917e-09
6.4347729523298284e-09
2.182484583606883e-09
0.0
0.0
0.0
0.0
0.0
0.0
0.0
0.0
0.0
0.0
0.0
0.0
0.0
0.0
0.0
8.857943127976647e-09
3.99073374673804e-09
0.0
0.0
0.0
0.0
0.0
0.0
3.5109623224763493e-09
0.0
0.0
0.0
0.0
0.0
4.543418574698421e-06
-4.514814444078752e-06
0.0
9.357728189767795e-09
0.0
6.327301027097083e-09
0.0
9.532935570569539e-09
0.0
9.823560858878221e-09
0.0
2.1875754374626812e-05
3.750050786546313e-09
0.0
0.0
0.0
0.0
0.0
0.0
0.0
0.0
0.0
0.0
0.0
0.0
4.2294824608063174e-08
0.0
0.0
5.745534141414169e-11
8.704661364553753e-09
7.275593737924197e-09
0.0
1.5502062428995308e-09
0.0
0.0
0.0
1.6653765064643706e-09
-0.0010367825155554774
1.9262250820771063e-06
9.74540056987036e-09
1.6838052908762593e-08
0.0
0.0
0.0
0.0
7.974248434518731e-10
0.0
0.0
2.3576119485161394e-07
0.0
0.0
1.1730134628318543e-07
0.0
0.0
0.0
0.0
0.0
0.0
2.8824522158955543e-05
5.063422200051952e-09
0.00618498181323525
3.786281107758368e-09
9.087979974962637e-08
0.0
0.0
0.0
0.0
0.0
0.0
0.0
0.0
0.0
1.2502892253453355e-09
0.0
0.0
2.1503273770084135e-09
1.9861158569318196e-08
0.0
9.549633083401837e-09
3.807954210635622e-09
1.52341554925736e-08
0.0
0.0
0.0
2.100438449099122e-09
8.807871299808563e-09
0.0
2.7709848616024592e-11
7.549845199870714e-10
9.232305476186907e-09
0.0
0.0
0.0
0.0
0.0
0.0
0.0
7.415781847822635e-09
0.0
0.0
0.0
0.0
8.994974884731684e-20
5.3554543625137156e-09
0.0
0.0
1.6924107631272577e-10
0.0
0.0
9.773541539168947e-09
1.3486898175953804e-11
9.50985914289859e-09
2.6942315422051936e-12
9.765797807047264e-09
8.69050095527133e-09
0.0
7.377089740148045e-11
5.920262708635056e-09
0.0
0.0
0.0
0.0
0.0
0.0
0.0
-0.006204430373800918
0.0
0.0
0.0
0.0
0.0
0.0
0.0
0.0
0.0
0.0
5.988148832972162e-07
7.667453841845913e-09
0.0
0.0
0.0
0.0
0.0
0.0
0.0
0.0
0.0
0.0
0.0
0.0
0.0
9.832547669105464e-10
0.0
1.8408141640641118e-19
0.0
0.0
9.572941214223798e-09
0.0
1.1603779104918115e-09
2.63446561309504e-06
9.559740322257748e-11
0.0
9.42302824673253e-19
0.0
-3.0475138041580196e-08
0.0
0.0
0.0
9.802669298077453e-09
9.066468826810276e-09
9.825755529897639e-09
9.805612654602752e-09
0.0
0.0
0.0
0.0
1.5102857944272244e-08
0.0
0.0
2.883759942871715e-10
0.0
0.0
6.434772951559319e-09
0.0
0.0
4.869802557696161e-21
0.0
2.1695677204177868e-09
3.9708476508049025e-08
0.0
0.0
0.0
0.0
0.0
0.0
0.0
0.0
0.0
0.0
0.0
0.0
0.0
0.0
6.075020647760864e-09
0.0
6.648470943094033e-12
3.792940204650945e-08
4.372736500276238e-08
0.0
0.0
3.4906357131869023e-09
0.0
1.8956337763245975e-06
9.885893362105813e-09
9.885893362293854e-09
9.632456207698278e-09
2.2922044484284928e-10
0.0
9.980604918440579e-09
5.808787494720766e-10
5.602137160891738e-10
5.98213397728492e-10
9.961927431486597e-09
9.146451778236403e-09
0.0
9.961927610236886e-09
9.967955229123338e-09
9.988893837364245e-09
9.987216492501235e-09
0.0
3.0550631099315285e-07
0.0
3.724980212142945e-07
1.9713788468900178e-06
0.0
4.3932160779713296e-07
0.0
1.6372774249106968e-05
1.8144116517570272e-06
3.8006315364735703e-07
2.750525842728748e-05
1.7188658887577227e-07
5.2994963450774474e-08
2.138894824098426e-06
5.061714582949809e-06
0.0
0.0
0.0
0.0
4.985788169886942e-08
0.0
7.152040337341315e-07
2.050230212306876e-07
4.6787798869980595e-08
4.886351023871652e-08
0.0
0.0
0.0
0.0
6.590070905587214e-08
0.0
0.0
0.0
1.213073924199838e-08
0.0
3.6244962030398495e-09
1.5171382661695157e-09
0.0
0.0
3.438960798252988e-07
3.9907337458493924e-09
2.0041947770740272e-07
9.989003358402439e-09
9.97479533178117e-09
5.770920151369651e-10
1.539751775140218e-07
1.1316351249818547e-09
1.7293332043121981e-07
2.339938276358756e-08
1.7293446567773644e-07
3.537623846557233e-07
3.098355101102961e-08
0.0
1.9510735264187558e-08
0.0
0.0
0.0
9.963568171035689e-09
9.832282308515876e-09
-2.0041947783276388e-07
2.0041947781183582e-07
0.0
1.9921029441748788e-08
1.9942750730758083e-08
1.997789724423307e-08
1.9972273502067387e-08
1.539748912326522e-07
1.1313487978614973e-09
1.729330341309036e-07
3.4423116436303747e-09
1.7293417936011147e-07
3.5376209828728335e-07
3.098326464951134e-08
-8.461732931058292e-09
1.9510448873850293e-08
-8.652602669675501e-09
-8.651455392062963e-09
-8.650306638888536e-09
1.5397460495123578e-07
1.131062470731027e-09
1.7293274783598985e-07
3.44202527838022e-09
1.729338930461864e-07
3.5376181191878317e-07
3.0982978305862293e-08
0.0
1.9510162482900696e-08
0.0
0.0
1.9894770033061406e-08
1.0816360537462978e-08
5.756503128570031e-10
5.514762961353232e-10
0.0
0.0
0.0
0.0
9.851512694040276e-09
0.0
5.802117368135144e-10
0.0
0.0
0.0
0.0
9.86898343899678e-09
0.0
-9.958734862447602e-09
9.660664059938198e-06
5.298929344542413e-06
5.913226870448333e-05
2.749694815139355e-07
3.4001934637268074e-05
4.2866251285976074e-06
3.411500122034254e-05
3.203214163358783e-07
1.73878335923415e-05
0.0
0.0
0.0
1.8688948197809145e-08
3.052570682262275e-19
1.0902335213672353e-05
3.6306574333493647e-07
0.0
5.396230647414385e-10
9.895107845214868e-09
-1.9482313639174187e-07
-1.6678632336886858e-07
-1.664674000277644e-07
-3.1915556655826016e-07
-3.2926223752366424e-07
-3.116002307619755e-07
-4.600764316750952e-07
3.151688267332732e-08
9.89510783443062e-09
4.883253992978015e-10
0.0003354805759379758
4.483736719591926e-10
4.483736720527767e-10
0.0
0.0
8.767947286012734e-07
15.555258129508374
1.7788219127876585e-09
0.0
0.0
1.9907188803871028e-08
5.236779773842398e-10
1.7618695019769264e-07
0.0
2.983677853441106e-08
5.223521102510384e-10
3.175804348169031e-07
3.175804348162503e-07
0.0
-8.207360582346048
0.0
1.761792580408099e-07
0.0
9.92226335163664e-09
5.151222516281511e-10
9.967114756980424e-09
9.967114782793567e-09
9.956089577826794e-09
5.485037243487012e-10
9.956089567082601e-09
1.9456632692309295e-07
1.6678632358437004e-07
1.6646740012143946e-07
3.1915556658601574e-07
3.292622374837656e-07
1.5003466391299858e-07
4.2618180677404804e-07
1.5294750477245784e-09
-3.732018092670019e-08
3.273218967868402e-07
3.8620843398263e-10
0.0
3.330227840482023e-14
0.0021687372545321215
0.0021687372544988257
-3.273218967796837e-07
1.539049007455679e-05
7.1597624320761e-06
0.0
2.964501490946889e-05
0.0
3.878928602169071e-06
3.174810295369023e-05
2.8634998258277687e-13
8.207361512106536
9.778070692920152e-09
0.0
-2.6992698974626012e-06
2.7186389472764386e-06
2.370723106041009e-10
0.0
0.0
0.0
0.0
9.98477847544336e-09
9.984778427792675e-09
2.8605192084618887
5.344135183836341
6.653239417161788e-09
0.0
1.092597330423164e-06
2.940637115932278e-07
0.0
0.27244424711293275
-0.2724442071590505
5.791356088434593e-10
0.0
0.0
9.967747776045764e-09
9.971554975535632e-09
0.0
2.3037404415822973e-05
2.063782074412394e-08
2.2225070850367956e-07
4.379601931375071e-07
2.222507090982257e-07
4.120561463355511e-07
1.924667673472843e-07
0.0
0.0
1.0057328427572306e-07
0.0
0.0
8.764942897053727e-08
3.4345796022209386e-08
0.0
7.446036409414512e-08
1.7444698703716982e-07
0.0
0.0
0.0
5.745380082370686e-10
1.6793641958101098e-05
1.9345379395741917e-06
9.915508692147956e-07
2.9539423831838433e-05
1.5780310356044274e-07
3.984464552954379e-07
2.113240038372262e-06
-3.079228916684284e-07
0.0
2.0781617114780463e-08
4.2828243803846866e-07
4.379601930187248e-07
-4.3796019305944456e-07
0.0021580648417395716
5.059696739077888e-10
5.059696771603939e-10
0.0
2.6926312569913634e-08
1.1903343084167586e-07
5.630688016402651e-10
2.0517409616354026e-07
1.6317387236536307e-08
6.65874867253844e-08
3.0944283579970033e-08
3.3314907329417274e-09
0.0
2.6338662530061876e-08
12.834500655121278
-12.85443144540961
0.01993077384440999
4.879655892110391e-10
0.0
4.806225804040128e-10
1.040986484205357e-08
0.0
0.0
8.236798861337734e-09
8.338109681450022e-09
0.0
0.0
6.962690590942103e-07
6.962690590663212e-07
9.95968538002566e-09
9.959685346884649e-09
-8.6565112779758e-09
0.0
0.0
0.0
7.239312210458474e-09
0.0
0.0
0.0
0.0
4.515272669346596e-10
0.0
0.0
0.0
8.868077868832065e-08
0.0
1.039352582017389e-08
9.95608955801125e-09
-9.87469097866891e-09
3.780241349819298e-11
0.0
1.2552218404990483e-05
4.2448991143255253e-08
9.975038267215913e-09
5.808431121706788e-10
5.774646327074034e-10
1.6621214330949133e-07
0.0
0.0
0.0
0.0
1.9297454881613887e-07
1.9297454871249788e-07
1.0609383097213689e-16
4.4164288740596397e-16
1.4845434716570666e-05
1.6688819272407276e-06
2.497355742484031e-09
2.954859123283824e-05
4.500052579962914e-09
3.976572574913818e-07
1.9531370849092524e-06
5.45055358153086e-07
5.490880505040074e-06
0.0
9.642367685610804e-08
0.0
3.4812713449255286e-06
2.979496586900674e-05
0.0
0.0
0.0
0.0
1.9372016962605525e-08
0.0
1.3240482097713485e-10
0.0
1.3240481388026646e-10
1.3240482850305754e-10
1.3240481370953693e-10
1.3520759397554901e-19
1.349614754192732e-19
3.024855759565611e-07
0.0
3.01987549089337e-07
0.0
-2.1531257999233666e-10
0.0
0.0
0.00010127202947553086
0.0
0.0
0.0
0.0
0.00010124483646371703
5.746305637119961e-10
-2.649947299475375e-07
9.506426717199068e-09
9.506426716933378e-09
1.049444428358901e-10
5.716499942754172e-06
0.00033834441259285357
1.8229429370997293e-08
0.00034402797901073967
0.0
2.7984418801794256e-09
-0.0003383372587163879
5.447819475050693e-10
0.0
0.0
0.0
0.0
2.6499472994298383e-07
0.0
0.0
0.0
1.9129606109828003e-08
0.0
-8.585127858340424e-07
0.0
0.0
0.0
0.0
0.00034815567715348704
-9.763924177858264e-06
9.923272147109542e-09
0.0
2.8864043986262807e-08
0.0
0.0
0.0
0.0
-0.0001836850214320471
9.865017790233826e-09
4.5863454140304277e-10
0.0
0.0
0.0
0.0
0.0
2.0638107197678693e-08
0.0
9.600329699734554e-09
9.880160002516888e-09
4.745170175179271e-10
0.0
1.814863205179682e-08
8.338109633474684e-09
8.338109619421274e-09
4.048666281517488e-10
4.0486659644077e-10
0.0
0.0
0.0
0.001220132398125104
-1.0154664533566593e-10
2.9275812990523432e-08
0.0
-0.0012201224651110705
0.0
0.0
0.0
0.0
0.0
-9.95474214919665e-09
2.004194775329509e-07
-1.194081729850454e-07
0.0
0.0
0.0
1.5194748700678486e-07
0.0
1.4282460016205926e-07
0.0
0.0
0.0
0.0
3.3919700565692043e-07
2.291822368940324e-05
0.0
0.0
0.0
9.788628180222424e-09
6.61446922049569e-14
6.612429889213071e-14
6.615112792161297e-14
6.615662456863295e-14
4.244899109805647e-08
5.513870885133817e-10
0.0
1.122473265584198e-08
-7.752752443979728e-09
0.0
7.311355107286782e-09
0.0
1.7578441331725597e-10
9.974806704103949e-09
5.669757415448531e-10
0.0
1.184295332661868e-08
6.335115558188053e-06
6.345001790988629e-06
4.795679253416691e-10
0.0
0.0
0.0
0.0
0.0
1.7981333560991743e-10
3.2190489848199147e-07
1.8473993616635057e-06
-7.2021211173166864e-09
-9.1259494168364e-09
-4.930114369593001e-10
0.0
1.5691761849187361e-10
3.219048974937479e-07
1.8473875634772533e-06
0.0
-1.015466460918546e-10
0.0
5.622877748525107e-10
1.203773080551881e-05
1.2037730805518816e-05
-0.006191954094245999
-0.00478905499252591
0.0
1.338586576281887e-07
-4.898873258549381e-13
1.242963902747466e-07
0.0
0.0
0.0
5.3679220085589085e-09
1.5949456949318772e-08
0.0
0.0
0.0
0.0
0.0
0.0
0.0
0.0
0.0
0.0
4.9922068477658165e-09
0.0
4.189942068725981e-09
0.0
4.189603645455599e-09
0.0
0.0
0.0
-4.198827280569619e-10
-8.379545277060682e-09
1.660248021096193e-08
0.0
0.0
0.0
0.0
0.0021687193227193555
0.0
9.904577002431258e-09
4.976691656358137e-10
4.189603672540831e-09
4.046888216094533e-08
-4.0468882147411115e-08
1.5193902994212107e-07
2.4363901261509515e-08
2.9987407345526216e-08
3.860623448291133e-08
2.2546937857270318e-09
0.0
3.6011042793652026e-07
-9.032609657147917e-09
3.600965934222807e-07
9.456511122578298e-09
1.8475286268741786e-08
1.1185361162738739e-18
0.0
0.0
0.0
0.0
0.0
9.915939363494514e-09
7.09579041897661e-08
9.915939347364802e-09
9.915939331304243e-09
0.0
6.272671667011177e-19
0.0
0.0
0.0
2.385447762966238e-06
3.591392909571785e-10
2.385126904654598e-06
2.837722277051355e-08
6.314396420910193e-05
0.012345352552511044
0.0
0.0
5.399648740917875e-08
1.929006411314717e-06
-1.8891255333386425e-06
9.96807050415265e-09
6.968277222408129e-05
-1.2422976701249172e-07
2.939100115668705e-10
2.93910013251836e-10
0.0
0.0
-4.240695326494136e-06
1.9978272757894015e-08
5.807435196880469e-10
1.1412660129700118e-07
1.6132325160340294e-06
4.3680178816472265e-08
0.0
1.743562544798362e-07
0.0
1.2102304630136941e-05
2.3321536612108732e-07
5.336936409854027e-10
9.989515891946962e-09
9.146451787790614e-09
1.4600156481745502e-08
-4.641428154735078e-10
4.0003865537332615e-09
-1.9756636156993605e-08
1.200191425571656e-05
1.9276884158878606e-06
4.6165176248443344e-07
2.7555196679893488e-05
5.103045015758316e-07
2.3208788149917453e-05
3.956849106598937e-06
3.6310887844599835e-07
0.0
0.0
9.974806671040393e-09
5.731893676998562e-10
5.671947355363004e-10
0.0
1.3463405386297767e-07
1.9943954043727813e-08
9.968925054345363e-09
9.984904003521533e-09
0.0
0.0
0.0
3.350037260360562e-09
0.0
-8.704661367577027e-09
-7.839641261985031e-10
9.988627308650595e-09
1.99751480568273e-08
5.785365976537591e-10
1.0409864227302039e-08
0.0
0.0
3.11027053627655e-06
0.0
0.0
-8.604261619552412e-09
0.0
0.0
0.0
9.963568166819892e-09
0.0
0.0
-5.38420819284598e-09
0.0
0.0
7.553820874865799e-11
7.553831143970606e-11
7.553820155355605e-11
-1.559110263785776e-11
-1.0180658399638887e-16
6.502292767889257e-09
0.0
0.0
9.93674537043323e-09
9.906207597388475e-09
0.0
0.0
2.078165135597139e-08
0.0
0.0
0.0
0.0
0.0
5.800686853568462e-10
1.9974391258061107e-08
5.783367488218462e-10
0.0
4.891338860301564e-09
2.558018264155846e-09
9.760975862920853e-10
1.7543642900703066e-08
3.793565614615458e-11
0.0
0.0
8.310110915617418e-09
0.0
0.0
0.0
0.0
0.0
0.0
0.0
0.0
0.0
0.0
0.0
7.656652200921188e-09
0.000292056535427516
0.0
9.319986711174028e-09
0.0
9.989731964042726e-09
0.0
-2.8010474992973292e-08
0.0
0.0
0.0
7.7554329294292e-09
9.964519742927144e-09
5.617298334251437e-10
0.0
2.0461266228093412e-07
9.675646590075648e-06
1.9925866062944113e-08
5.487848250415875e-10
9.515718052193476e-06
9.793615768797046e-09
0.0
0.0
-9.89553116805101e-09
0.0
0.0
1.0873361597123175e-08
0.0
1.8256591090231057e-07
0.0
3.310839978024826e-08
0.0
0.0
1.8261216749875562e-07
3.568790238616473e-07
0.0
0.0
4.037934142113484e-08
1.2920535249111296e-09
0.0
1.8210670723050102e-08
1.300350928070907e-09
1.086799442554819e-09
0.0
1.0985994276298267e-09
0.0
0.0
0.0
0.0
0.0
0.0
0.0
0.0
0.0
-1.9456632680513175e-07
-1.7641769511737848e-07
-1.6646740009021443e-07
-3.191555665773421e-07
-3.2926223749590866e-07
-3.1160023069264076e-07
-4.6007643153186533e-07
-3.1516882486627706e-08
2.635292039718969e-06
2.631942002459994e-06
0.0
0.0
0.0
0.0
0.0
0.0
0.0006476250651636033
0.0
0.0
9.701684388753743e-09
0.0
4.335886800878178e-05
1.4482313996417623e-10
4.069288820578542e-10
2.0414290531236162e-10
0.0
4.806225802374888e-10
4.806225803206466e-10
0.0
7.174979258186806e-09
9.848360398823664e-09
9.848360398348986e-09
3.0023364243090976e-07
0.0
0.0
3.461889911698918e-06
3.192223412756285e-07
0.0
1.7217985463423193e-05
2.0087773755343095e-08
2.6290762655868682e-05
2.280895054940865e-06
1.0077736706109286e-06
2.915297018181035e-05
9.59026596790917e-08
4.421665647059145e-07
2.0481506607208855e-06
1.924427008073394e-07
1.6265172769937743e-07
9.981102806340735e-09
2.630842466255619e-05
1.9804798239097296e-06
1.15971270051828e-06
2.9547635105818234e-05
1.2979728427270986e-07
4.4369603963842495e-07
2.0781380679730077e-06
1.669247572638265e-08
9.96356127086016e-09
0.0
0.0
0.0
3.4429911291780635e-09
3.4429911297743747e-09
0.0
0.0008368401216328342
1.420907384058756e-06
8.908910933673777e-08
0.0
2.0218925691350706e-09
0.0
0.0
0.0014025111078283588
3.977610483804548e-07
0.0
0.0
2.0414288889209373e-10
8.338109648048627e-09
0.0
0.0
3.608568955082576e-08
0.05028617098619446
-4.543418574698421e-06
0.05028156996429739
9.944266657197278e-09
9.94426667626617e-09
0.0
0.0
0.0
1.8102151503406669e-06
0.0
2.5712084790102783e-08
3.6527643173976862e-06
3.6527643173995844e-06
3.6527643173988285e-06
3.646437016372712e-06
3.6527643174019557e-06
1.0155453720372346e-08
0.0
-3.073503755003172e-08
6.406884083098709e-08
0.0
0.0
1.1438080746435274e-07
1.1438080746268169e-07
1.1438080746438421e-07
1.0484787189379117e-07
1.1438080746784454e-07
2.3347344029989688e-07
1.2374884216186513e-08
0.0
4.81919113326272e-07
4.724230505721358e-07
4.759340128935327e-07
4.819191133285139e-07
4.7593401289076414e-07
1.8840675107109224e-07
0.0
0.0
3.37955809787313e-07
3.3795580978395486e-07
3.3795580978221357e-07
3.4777937064279673e-07
3.3795580978391717e-07
7.77222692430739e-09
0.0
1.8621437230293904e-08
1.9060497278740834e-08
3.125657441746935e-10
0.0
0.0
0.0
0.0
0.0
0.0
0.0
0.0
5.782810364075733
0.0
5.925455739599989e-06
-2.1865979390619347e-05
0.001430710078990969
1.3840464046557663e-05
0.007673474858966935
0.0
0.0
0.0
8.666107266764671e-09
7.282629963715622e-09
7.282629967202945e-09
0.0
0.0
4.890168677538908e-09
0.0
0.0
3.788754981642572e-05
3.870107041634752e-05
0.0
2.021892568301875e-09
0.0021696778272055966
1.6828701528361777e-08
0.0
4.669783939062553e-10
8.862026850685605e-05
8.862026850685606e-05
2.819227074526005e-07
1.98110004870838e-08
0.0
9.842664916881894e-09
-9.943014957509836e-09
1.9316667440324142e-08
0.0
1.948207241365002e-06
2.656560121304046e-07
9.89053513306558e-07
0.0
1.5330305075003195e-07
7.891975578181136e-10
1.6010295323878666e-07
0.0
4.739863960098291e-10
-3.1442630401166613e-06
0.0
1.5198991584578877e-07
0.0
0.0
5.338193123586946e-10
0.0
9.958181724630476e-09
9.208396940579932e-09
4.785774765203029e-10
0.0
9.929357461260454e-09
0.0
4.9477758106114113e-05
4.948749956806717e-05
4.26043222357982e-05
2.8367478819291136e-06
0.0
9.908330762807453e-09
5.013734994578516e-10
1.9851037198159787e-08
9.893865022098013e-09
8.943882967571426e-09
0.0
0.0
0.0
0.0
0.0
0.0
-8.70466136459547e-09
0.0
0.0
6.069680594339254e-09
8.94388298085706e-09
9.85146247993258e-09
0.0
1.8467455859945554e-09
1.8467455859894413e-09
0.0
0.0
3.9053928112942683e-07
0.0
0.0
-4.229482460180872e-08
9.903052516580464e-09
4.961649971739676e-10
9.760213396127754e-09
3.5523470859343387e-10
0.0018367466909451902
3.934373997947771e-07
3.464760706080033e-08
0.0
0.0
0.0
3.2630932377845724e-06
7.843921111029443e-06
2.8498485537294423e-08
1.6382530714421084e-06
0.0
4.2454525530991314e-05
-8.662903464614746e-09
0.0
0.0
0.0
0.0
1.8308602980077656e-09
0.0002777043421247436
3.1811766618165676
0.0
1.9472965453609284e-06
1.1581124201609051e-08
-1.9262250820778385e-06
3.1901851115749916e-06
3.7478434364200753e-06
0.0
0.0
-9.745400569860507e-09
-3.406222225395819e-10
6.936487031908904e-06
0.0
0.0
0.0
1.0318055450349031e-10
2.6232739769489755e-09
-1.6838050953538186e-08
0.0
0.0004844154806874288
0.000550486232296657
0.0010264405895610484
1.0341925994428913e-05
3.1811729139731315
6.936487031720211e-06
8.92888344965892e-05
0.0
0.0
5.600289755662992e-10
0.0
4.948749956806296e-05
-1.8476310259529782e-08
2.5290990027498374e-09
1.0537985285191947e-05
-0.001178157254433908
9.484470503539608e-06
1.9772958817279473e-08
4.280850068131733e-07
-1.747248201580242e-07
1.1430595076700165e-05
0.0
0.0
1.1869673582336473e-07
-0.01985673892842499
0.019856700921094195
5.426481980601416e-10
2.1854452288658072e-07
0.0
-7.974248433390696e-10
-3.277825035559825e-07
0.0
1.7203394161293786e-08
0.0
1.9316667440119593e-08
4.69015783553221e-10
0.0
4.6198105803704025e-06
9.876759280505736e-09
-2.2611644597349273e-07
-2.2611644597913031e-07
3.1008953804579166e-06
0.0
0.0
0.0
2.7863447659343358e-06
5.0690103681838455e-06
-9.791644991109219e-08
0.0
-1.0769056642607186e-07
1.2718720168371437e-08
7.725413028496704e-06
0.0
0.0
-2.123199587577589e-06
0.0
3.6491470259379296e-05
9.92494579504367e-07
0.0
3.4281180684711414e-05
-3.4263251773580805e-05
0.0
0.0
0.0
0.0
0.0
0.0
2.4732602931873166e-05
2.502988457156758e-05
5.782970724879008e-10
2.3243408136402843e-07
2.762820187777983e-08
0.0
9.727026082984411e-17
0.0
1.90012842753408e-08
4.335872318563606e-05
0.0
0.0
1.9373953898849963e-08
9.486340448039927e-07
0.0
9.208396942783121e-09
6.76832114391116e-10
9.711024196258262e-10
7.993946187899035e-06
4.553726940198715e-07
3.994290199019863e-08
5.763947109723735e-10
1.9568089750704538e-06
1.956808975304335e-06
5.81705908122489e-10
7.98404392242727e-06
0.0
3.248997979075942e-08
0.0
0.0
5.712986031095805e-10
2.5290990296080044e-09
0.0
0.0
0.0
1.6284834197163316e-06
0.0
0.0
0.0
3.795465569936431e-07
0.0002773636409364603
0.00014005080791588677
9.981156075317057e-09
-0.0001400408267593356
0.0
0.0
1.9461325874554182e-08
0.0
-0.006185011621939296
-0.006591999561085915
0.0
9.087979973749125e-08
-9.087979974356061e-08
0.0
0.0
-1.9456632668717055e-07
-1.6678632345035837e-07
-1.6646740006072414e-07
-3.191555665686685e-07
-3.292622375080517e-07
-3.116002307273352e-07
-4.6007643160397155e-07
-3.1516882579977513e-08
1.0409864099394383e-08
1.7578446333277614e-10
5.55884281755842e-10
5.558842831547673e-10
1.3028074450048555e-06
3.0374394819320985e-08
0.0
2.9951199701589504e-08
9.989485712060198e-09
5.263705732740629e-12
0.0
0.0
0.0
0.0
0.0
0.0
0.0
0.00030653773788840084
7.834252974246394e-06
0.0002444430174479349
-6.742180637706952e-09
9.425784743475966e-09
0.0
1.0842021724855044e-19
0.0
0.0
0.0
3.2994366439786588e-09
4.510807993073757e-09
7.8102446369701e-09
1.973848990130484e-08
9.963568163650433e-09
0.0
4.98099314755261e-13
0.0
9.885297273878817e-09
2.970205806176262e-08
0.0
1.9738489904489318e-08
4.2633536834801775e-10
9.832282311367084e-09
-0.0010733286617252702
0.0002535939219330722
0.0008197347397897164
-2.7486533017359593e-07
2.943107118089153e-07
0.0
0.0
0.0
9.950294991134653e-09
1.8570052026716455e-07
1.849364851079336e-05
0.0
2.1588474781105405e-08
0.0
1.4354990715573178e-06
5.718966418683781e-10
9.979792863376316e-09
-2.882379711088845e-05
0.0
0.0
3.6001708490392996e-10
0.0
3.600198084124752e-10
3.6002222585203594e-10
0.00216874671019876
2.5490720645393594e-13
0.0
0.0
0.0
0.0
-9.085617802825674e-05
9.087001930907898e-05
0.0
-1.2502892254639486e-09
0.0
0.0
0.0
9.880611920656812e-09
0.0
0.0
1.3847713992523082e-08
0.0
-4.186129183837334e-07
2.5323850025845062e-05
5.784641862637863e-10
3.7201084088342715
3.7201084066839445
0.0
0.0
2.9888965477846374e-08
4.0572776100807744e-08
-1.037641430951576e-08
0.0008536962867807373
-0.0008536763154296523
9.98490362754965e-09
-7.098348074994041e-09
0.0
0.0
6.780608741152605e-09
6.780608786255415e-09
0.0
0.0
-1.4754577392988817e-10
1.5039639186382478e-08
1.5039639873698787e-08
4.4547800196257945e-10
-9.880611910817677e-09
0.0
0.0
0.0
0.0
0.0
9.506426712394765e-09
0.0
0.0005647838733910087
0.0005647819892972343
-3.807954210852463e-09
1.7858291970186678e-08
0.0
0.0
0.0
3.8621190236783194e-10
7.513390827093057e-09
2.2047316731397082e-09
1.9519519045161316e-07
5.710211365390178e-10
9.978905717881047e-09
5.682250050902559e-10
9.976072548150347e-09
0.0
0.0
2.1515016870575028e-07
2.7232548057238106e-09
-4.578454586553278e-10
-2.292204449153731e-10
1.3127460930684246e-06
3.137142210880132e-10
1.3202594838740575e-06
3.767966875991286e-05
0.0
0.0
4.627514604478562e-18
1.884089899518469e-07
-1.905094284137968e-07
0.0
3.649147025933025e-05
0.0
0.0
0.0
0.0
0.0
0.0
0.0
7.2240768777318094e-09
2.767571020718983e-11
0.0
-2.7709481867655392e-11
0.0
4.4691382411951516e-06
0.0
1.5531266356997125e-07
0.0
0.0
0.0
0.0
0.0
0.0
0.0
8.674116220700227e-09
0.0
0.0
0.0
0.0
0.0
2.3635598509239614e-08
0.0
0.0
0.0
0.0
3.05506311160377e-07
0.0
3.724980213818887e-07
1.9713788471157355e-06
0.0
4.3932160804526867e-07
0.0
9.688444202763167e-09
4.2333745822903005e-09
9.746981675810897e-09
0.0
0.0
8.260845875963232e-09
8.991090024819523e-09
0.0
0.0
0.0
9.37975692652816e-09
8.642089621747208e-09
0.0
0.0
1.1301371222127403e-05
1.816930004818232e-06
3.7784446255547514e-07
2.752451165051976e-05
1.9031905393332496e-07
0.0
2.1398016319123997e-06
7.342868500455104e-07
1.4335568757288523e-07
6.602000708495726e-08
4.8686147410471485e-08
0.0
0.0
5.9921967732310265e-09
2.801047498904639e-08
2.927581343498059e-08
1.762748834516094e-18
0.0
2.9567678352643443e-05
2.9597450505515388e-05
0.0
0.0
0.0
0.0
-1.0832962616418485e-10
3.2118495119906235e-08
0.0
7.32341056917311e-09
7.32341057242904e-09
0.0
0.0
0.0
2.8670213623852385e-08
9.981265014405602e-09
9.97224006917076e-09
9.97223979445117e-09
9.941771892378198e-09
9.941771754933932e-09
9.955546069968089e-09
9.955545932165609e-09
9.902973458451779e-09
0.0
9.902973184088732e-09
8.391660778826579e-08
0.0
6.722109721693294e-08
3.1926340776577645e-11
7.872419596365654e-06
2.5942279281207533e-09
9.81055684868075e-09
4.049006749468216e-10
0.0
9.630605816715898e-09
2.2739554129513077e-10
9.630605826471712e-09
0.0
0.0
7.858141706025136e-09
0.0
7.85814171296091e-09
8.866517324237402e-07
0.0
1.1647868238672751e-07
0.0
0.0
7.942644767314866e-08
0.0
0.0
0.0
0.0
7.015824718540313e-08
3.750201071974789e-08
0.0
0.0
0.002106503834551521
0.0
4.3539278192488594e-08
3.771607123980476e-05
2.6235696854395076e-05
9.78363744147843e-09
9.786133289473564e-09
6.3579112850270354e-09
0.0
4.452595678519794e-10
9.870047622130321e-09
9.870033011380452e-09
9.791122282577172e-09
0.0
0.0
0.0
0.0
0.0
0.0
8.738941145969187e-13
0.0
1.9104241881546597e-09
0.0
0.0
0.0
0.0
0.0
-5.355454266404107e-09
-1.4498003722170083e-06
-1.6924107631272577e-10
1.4589520522679109e-06
0.0
3.747235610241193e-05
1.661561084650385e-19
7.858141699656042e-09
-9.34147785642788e-09
0.0
9.975929511693664e-09
3.749596242356825e-08
1.491451299199451e-08
0.0
2.5305822508095755e-08
0.0
0.0
0.0
4.9831430706588865e-08
2.999226356574282e-08
0.0
0.0
0.0
4.5461071021471616e-08
1.7418495267420898e-08
1.9895122404339326e-08
0.0
3.016792162092866e-08
1.1661684110291903e-07
0.0
0.0
0.0
-3.683830062318672e-10
0.0
0.0002749319455297074
0.0002749414018779375
0.0
0.0
-9.509859566492196e-09
2.9781005899363735e-09
0.0
-1.3486898175953804e-11
0.0
0.0
0.0
0.0
0.0
-2.694231540934644e-12
0.0
0.0
0.0
7.656652259772568e-09
-8.116924841887821e-07
0.0
8.2501297083445e-08
0.0
0.0
0.0
2.0041947777005118e-07
0.0
-3.6074371685237533e-10
0.0
8.663387562890534e-09
0.0
0.0
2.0781651485530662e-08
7.321544256584247e-18
-8.69050095467672e-09
0.0
0.0
0.0
0.0
1.3687278551323068e-06
0.0
0.0011478176098160809
0.0
0.007673538198623364
0.0
0.0
3.8210547126307875e-07
0.0
0.0
5.480920814546468e-06
0.0
3.8211441003733423e-07
0.0
0.0
0.0
0.023944270046820728
0.000325830160078278
6.096772938991933e-08
0.0
5.344413140996103
2.1875420146847397e-06
6.970978692563343e-05
0.0
0.0
8.021752687018381e-06
-1.3159638574641584e-07
-4.2582631952065e-06
-5.920262705830476e-09
0.0003383639221223086
0.0
2.1914289236715695e-06
0.0
0.0
2.198318563971824e-06
0.0
1.368685172341367e-06
6.364229505733867e-09
0.0
0.0
1.3413598810671315e-08
5.5454757025608e-10
0.0
-9.585730479072085e-09
0.0
0.0
0.0
0.0
0.0
2.8446350366845094e-08
0.0
0.0
2.8345755870337986e-08
0.0
0.0
0.0
1.2442489287020473e-05
1.2442489287020478e-05
0.0
0.0
9.725699332253825e-06
2.9957631887435305e-05
9.984788762251856e-09
1.8140165055197482e-05
9.986447329861117e-09
3.6310887857997376e-07
9.988073051442203e-09
9.969491461266352e-09
4.291199029368978e-07
5.977407473719686e-08
1.1469009964125289e-07
9.975028811349344e-09
0.0
9.970056794895451e-09
0.0
9.964519969896415e-09
4.230923569678838e-06
9.989515940664742e-09
6.4486471482344036e-06
9.98885772667016e-09
0.0
9.988627353804864e-09
4.2644470175591915e-07
9.986278009646896e-09
0.0
0.0
0.0
0.0
0.0
1.6653765073918425e-09
1.0027666215046209e-08
0.0
3.631088785380331e-07
0.0
0.0
0.0
0.0
0.0
1.5896595426291056e-08
8.300829606543346e-09
0.0
0.0
0.00027772074910192753
0.0
0.0
2.116803050677967e-08
0.0
0.0
0.0
0.0
0.0
0.0
0.0
0.0
0.0
0.0
0.0
0.0
0.006204430373800685
0.006204416560598891
3.9453932549750125e-05
4.0332327923536075e-11
0.0
9.990326894017178e-09
9.990195955504823e-09
9.963561151474232e-09
2.7130530882206463e-10
0.0
0.0
0.0
0.0
-4.887431406134701e-10
1.1806608387235042e-10
7.803418383560522e-11
0.0
3.891327828731049e-10
0.0
0.0
2.4053153442890097e-10
0.0
2.9702058063369508e-08
1.5580185399937196e-10
7.545850014939977e-09
0.0
0.0
0.0
0.0
3.4353804092602947e-07
0.0
5.632921666748276e-10
9.814781471278294e-09
9.814781296610224e-09
1.2196355037019657e-10
1.2260713606060772e-07
0.0
1.989477054504173e-08
1.9894770418955532e-08
4.9502051907229255e-05
5.423442707313001e-07
4.819776073692998e-06
4.089291903376525e-08
5.274994608886875e-07
1.968129765914767e-06
0.0
9.85214342373811e-08
4.480196814465342e-08
1.040986483506364e-08
5.407061427224355e-10
1.9894770791968917e-08
1.9894770915077734e-08
7.65665213516555e-09
7.619719891994689e-08
3.7929401715925456e-08
1.569505150625388e-06
4.3727364596862476e-08
4.448441215575098e-08
0.0
1.2900752719484066e-10
0.0
1.708656183048363e-07
2.6849156217999163e-09
4.336709969766506e-09
0.0
1.020667085336421e-05
1.9051356403676706e-06
1.5572815304053185e-07
0.0
3.0022431498445317e-08
1.0925973304731272e-06
0.0
0.00012171426412672824
0.0
0.0
0.0
0.0
1.6363497225316153e-05
1.8102327882844961e-06
3.7630327710367337e-07
2.75131552813427e-05
1.7051089578262938e-07
4.3611808259579836e-08
2.119474950535774e-06
9.946582574895716e-09
9.946582564968324e-09
-9.895531168471138e-09
8.057195899131129e-10
0.0
0.0008369378509616345
1.846745586533544e-09
1.4209073840620123e-06
0.0014256584255065564
4.3973392036022507e-07
1.9527576820505634e-07
7.966965722399139e-08
3.7789235133054815e-08
0.0
3.1762666702448015e-07
1.8378432640413062e-06
-2.819227074468862e-07
0.0011890944123900459
0.0007879177876347621
-0.0018367466909451902
2.836747881947613e-06
5.444977427651662e-18
-0.0006476444139840197
-2.1638136185878576e-07
2.6088435528654316e-07
0.0
0.0
0.0
0.0
0.0
0.0
4.4912829097322364e-07
2.6088435561928465e-07
1.2937505813092986e-07
0.0
8.91548822647219e-08
0.0
4.693457100915341e-08
0.0
1.0046490391673686e-11
0.0
3.0549592654839424e-07
0.0
1.8443663968477743e-06
0.0
7.100126459270692e-07
1.203878720407008e-07
7.941560898320671e-08
3.9226694884057544e-08
0.0
2.9681053561560015e-07
1.8347484932835399e-06
0.0
0.0
9.9148338799618e-09
0.0
0.0
0.0
9.975929511837681e-09
6.218158140100516e-06
-5.988148832972162e-07
4.838881342286376e-07
3.0550631082588507e-07
0.0
3.724980210466352e-07
1.9713788466642814e-06
0.0
4.3932160754892505e-07
0.0
1.637277424893392e-05
1.8144116515460616e-06
3.800631534739264e-07
2.7512497739378248e-05
1.7188658863971213e-07
5.2994963197075904e-08
2.1388948238665464e-06
7.152040335666139e-07
2.0502302102528281e-07
4.6787798702079746e-08
4.162419780233216e-08
0.0
0.0
0.0
4.4691382410296625e-06
0.0
1.5531266340419846e-07
0.0
0.0
0.0
0.0
0.0
0.0
0.0
8.67411598856102e-09
0.0
0.0
0.0
0.0
0.0
2.363559834120208e-08
0.0
0.0
0.0
0.0
-7.843921110827206e-06
0.0
0.0
3.3402188996332257e-07
0.0
0.0
0.0
2.0041947762000564e-07
0.0002839687970991355
0.0
0.0
0.0
1.945120462810563
0.0
0.0
7.31738901192324e-09
0.0
0.0
0.0001269949350785345
0.0
2.3674199021592647e-05
13.610137651143623
3.253323586157784e-06
-0.0002777096790043795
-8.208693053499847
-0.004751631805061329
0.00029205653542751565
0.0
1.7226189066386034e-08
0.0
0.0
8.642986324642398e-09
9.90620759881457e-09
4.992783871226675e-10
4.99278388523123e-10
0.0010919261855087215
9.622342061909142e-09
9.622342061889973e-09
4.280850068229952e-07
4.280850069258551e-07
0.0
0.0
4.37960193097875e-07
0.0
4.280850068852045e-07
-2.738975117171696e-10
5.666380718440354e-07
9.97503823050187e-09
5.672041710321045e-10
0.0
1.007649828377181e-08
-0.0017449673454987824
0.00174496723023556
9.961235037346527e-09
-0.004411278750872307
1.3834773091061028e-09
0.0
-9.865593746452572e-09
1.1301782642028187e-05
1.8169845153040789e-06
3.838315671755127e-07
2.7522726475804317e-05
1.7966376255065019e-07
0.0
2.1293233552396182e-06
0.0011890944123900443
9.908867889402151e-09
0.0011890944123900482
9.908867893930548e-09
1.1301782641691778e-05
1.8169845148925966e-06
3.8383156683853126e-07
2.7522726475350893e-05
1.7966376208754808e-07
0.0
2.129323354785654e-06
1.9451204628105627
8.207360582346048
9.958432777105101e-09
0.0
-0.00010128376482887403
3.6306574332902296e-07
0.0
0.00010129856391098063
5.686379430960779e-10
6.213970948521443e-06
4.260357711166902e-06
0.0
0.0002777318008675848
1.807983121973218e-05
3.736274011966064e-07
-6.203424730173105e-06
7.58543899564713e-08
1.4414344867252872e-06
0.0
5.935417836493598e-09
2.180970621010596e-07
0.0
0.0
1.8468287471198313e-09
2.159882247392465e-07
0.0
2.1088400533610556e-09
0.0011485344463931404
5.097451484344697e-07
2.0041947735438093e-07
0.0
0.0
0.0
9.100369119127303e-09
-9.832547668927227e-10
0.0
-9.832547667571975e-10
0.0
0.004770233333117247
0.004770233333117246
4.497611746045363e-07
9.885288781368875e-09
4.786364130305621e-10
0.0
0.0
0.0
3.666795371822607e-05
7.299362605839773e-10
6.417713795053807e-09
1.0409864602266677e-08
0.00011376136167609747
0.00011376136167609737
0.0
2.0781651161642022e-08
1.7299929971279707e-08
0.0
0.0
5.725772836298795e-10
0.0
5.725772833702657e-10
0.0
0.0
0.0
4.798255680856287e-09
0.0
0.0
0.0
3.330156450567993e-08
7.98845112233401e-06
4.6110907239382085e-06
0.0002777157800366112
1.2621811903368047e-07
1.4988982112535457e-06
-0.00019423064503521257
-0.0001944632962793024
0.0
0.0
1.1222489138366002e-10
0.0
0.0
0.0
0.0
0.0
2.886404400128255e-08
2.0637820691568445e-08
2.1591141391971736e-17
-1.705292062786355e-10
0.0
-9.572941214226359e-09
0.0
0.0
9.870600252079309e-09
0.0
0.0
0.0
0.0
0.0
0.0
0.0
0.0
7.55382688607895e-11
-9.623007817013258e-09
-1.9605728531312656e-08
3.638887421368083e-08
0.00012188154475846531
0.0
0.0
-0.007896168248017865
0.007893563065226861
-2.634465613091149e-06
0.0
2.8864044008709345e-08
2.8864044009512005e-08
7.5538325911105e-11
0.0
0.0
-9.769996378757029e-09
0.0
0.0
0.0
0.0
8.72112423944138e-09
8.721124239535219e-09
0.0
0.0
0.0
4.0227174690903403e-08
3.047513803811075e-08
2.8864044008321732e-08
2.846004453738881e-16
2.846004443694856e-16
1.0544790816728259e-07
9.56463445372985e-08
9.801563912865354e-09
0.0
0.0
0.0
1.0446898223702512e-05
4.554369912732599e-07
0.0
7.553841222227378e-11
7.553837421714733e-11
8.75053906865727e-06
7.716699425844026e-07
3.1771635415225203e-06
9.869434263815591e-09
0.009856337756919551
0.0
0.0
-13.61229573418413
0.0
0.0
3.125657434515949e-10
0.0
-3.9711892835974046e-10
0.0
0.0
1.7293246154706087e-07
0.0
-9.854517367210991e-05
0.0
0.0
-4.198958406360735e-10
-9.825755529900248e-09
0.0
0.0
0.0
-4.00022788116327e-10
6.43477295245812e-09
0.0
0.0
0.0
0.0
0.0
0.0
0.0
1.1385949665868835e-09
8.851137000531467e-09
0.0
1.5100068792856063e-07
0.0
5.782810364075733
0.0
0.0051423083656138005
-0.005142288439536608
9.961556995756896e-09
9.870953910622451e-09
4.649160743058223e-10
0.0
1.4350777713966118e-08
3.1469226109274716e-07
0.0
9.95843277284969e-09
2.943107118191061e-07
0.0
1.1473783434063333e-07
0.0
-5.973180743801265e-06
5.868737068996998e-06
9.932834765532278e-09
1.5102857717740862e-08
-1.5102857831022923e-08
0.0
-9.711491862459793e-05
-9.710558401526681e-05
0.0
0.0
8.310110914770779e-09
8.033460534787605e-09
0.0
0.0
0.0
1.5102857491206857e-08
0.0
9.870523730827724e-09
0.0
0.0
0.0008009026348755055
9.965436157808901e-17
0.0
3.922461099809574e-07
0.0
3.907679857902095e-07
0.0
1.733429653670471e-08
0.0
4.436159562918144e-10
0.001021264791058768
8.81838870020188e-10
0.001021252952703184
0.0
0.0
4.3000774078624345e-10
9.8360040112766e-09
-0.0010731199200577635
7.928148947738444e-19
0.0
9.986338840818134e-09
9.986955196663962e-09
1.0777457240159237e-05
1.0777457240159233e-05
0.0
0.0
0.0
0.0
0.0
9.892338447361939e-09
4.855925851330084e-10
-1.7226189162611316e-08
0.0
-2.981613791475334e-08
-3.018335251792762e-08
4.3027692559159666e-13
0.0
1.7472482024481418e-07
9.957117416764331e-09
9.976255517164069e-09
9.97625534574864e-09
0.0
-9.774575110853908e-09
-9.984285931873005e-09
1.55728152559641e-07
2.819227073727673e-07
1.5570067663858506e-07
1.7472482016034911e-07
1.7472482009304237e-07
1.557281525917364e-07
1.5633386367950196e-07
6.870402067297747e-10
0.0
0.0
5.495178955016934e-10
0.0
0.0
9.957172169782478e-09
5.495719243591152e-10
4.685992014243578e-10
4.686012936649682e-10
5.490943039046835e-10
9.968335569968597e-09
5.605890687823711e-10
4.686050948938147e-10
9.956688191863909e-09
0.0
5.7366192306375e-07
1.5572815292568086e-07
0.0
4.68608956606437e-10
4.1367772037596397e-10
0.0
0.0
0.0
9.67777137624724e-06
5.508881490816148e-10
4.4114526326064697e-10
4.686145236804898e-10
0.0
0.0
0.0
9.99513267860821e-06
2.004194775099954e-07
6.638534405213095e-05
-6.636567570422733e-05
4.679378193443461e-10
1.2260713604710226e-07
9.313302575898795e-09
0.0
6.863093736531539e-07
9.250039107921202e-09
0.0
0.9644951916330252
-0.9644951019960241
9.94189678190971e-09
0.0
1.072764895512291e-08
2.568159648733054e-17
1.9690260952748448e-07
-1.9451642356788177e-07
0.0
0.0
0.0
5.687777534212499e-09
6.863093736164747e-07
1.0196636443480982e-08
9.975538000647028e-09
0.0
5.768272747577386e-10
2.9671230374182788e-05
3.618102384899709e-05
1.0481977766711852e-08
5.745117422806041e-10
0.0
0.0002444355299029324
0.0
0.0
5.413656297614519e-09
0.0
0.0
3.4203582949446165e-09
0.0
1.2734125458848898e-09
0.000871710026725025
0.0008717210922263301
0.0
-6.648470943094033e-12
