0
0.0
0.0
0.0
0.0
9.319604604437715e-08
2.820790034811797e-07
0.0
0.0
0.0
0.0
0.0
0.0
0.0
0.0
0.0
0.0
0.0
9.869101166942102e-09
1.706932732538927e-09
5.074020924136637e-09
0.0
0.0
0.0
7.446871440548841e-09
5.6347473921783234e-09
9.943349096528294e-09
0.0
0.0
0.0
0.0
0.0
0.0
0.0
0.0
0.0
1.6287327030633258e-06
9.605322029205599e-09
0.0
0.0
1.964916733723698e-08
0.0
0.0
0.0
0.0
0.0
5.25784399108763e-09
0.0
0.0
0.0
0.0
0.0
0.0
0.0
0.0
0.0
0.0
0.0
3.2976076463098218e-09
0.0
0.0
0.0
2.4852849767131194e-09
1.6952822254067754e-17
0.0
9.764337735383087e-09
0.0
9.296728867184536e-09
0.0
0.0
0.0
0.0
0.0
9.27725732653889e-09
1.0155047495182673e-10
8.932977612183887e-12
7.823644945476653e-10
3.145916110982041e-16
0.0
0.0
0.0
6.895776801706755e-09
1.0155047505887052e-10
0.0
0.0
0.00018956805027480758
4.899057234105525e-13
1.6729590892937543e-09
2.4521498314803236e-09
0.0
1.962861476038342e-09
0.0
1.3645751719874785e-09
0.0
0.0
8.734431836219386e-09
9.61237831713318e-09
0.0
0.0
1.1710495219639894e-08
0.0
0.0
0.0
0.0
0.0
0.0
1.7223647352621914e-09
0.0
0.0
1.4638491363535123e-07
0.0
0.0
9.898583616858533e-09
0.0
0.0
0.0
0.0
0.0
0.0
0.0
0.0
0.0
0.0
5.993217018175104e-09
0.0
0.0
8.780287757371701e-10
-9.07624828315928e-09
0.0
9.69817181005314e-09
7.860032217115056e-09
0.0
1.964836973287912e-09
0.0
9.751370190363865e-09
7.344830460730097e-09
0.0
2.0149948887887577e-09
7.044366173614457e-09
0.0
0.0
0.0
0.0
0.0
7.604926559713918e-20
0.0
0.0
0.0
0.0
0.0
0.0
0.0
5.353637538351413e-08
0.0
0.0
9.548926474937724e-09
0.0
0.0
0.0
0.0
0.0
0.0
1.1329042813425861e-14
0.0
-3.428831601759441e-05
0.0
0.0
3.1798878620428522e-09
1.7297300537761818e-08
0.0
0.0
0.0
0.0
1.774916238584923e-08
0.0
3.3181153482828987e-09
0.0
0.0
3.103362804444925e-08
0.0
0.0
0.0
0.0
7.013252743576164e-09
0.0
9.590380633975078e-06
9.477681846273577e-09
0.0001906116404215008
0.0
4.987143456304569e-08
0.0
2.7235434182317203e-08
0.0
0.0
1.9377198334339444e-19
0.0
0.0
2.6877004043117305e-09
0.0
9.95912656530122e-09
0.0
0.0
0.0
4.361792329229739e-10
0.0
0.0
0.0
0.0
0.0
7.850627675206222e-08
0.0
2.696585565420076e-08
0.0
0.0
9.563441579499966e-09
1.4635030543908813e-08
0.0
8.208062946449621e-09
0.0
0.0
0.0
0.0
0.0
0.0
0.0
0.0
0.0
0.0
0.0
5.777800514915036e-18
3.338638105257176e-09
0.0
0.0
0.0
0.0
9.509517588346027e-09
9.811440281128624e-09
1.3487406720982809e-11
0.0
2.66884517957644e-12
8.86479227993911e-09
0.0
-4.090110344054203e-19
4.733023199617367e-11
-6.7815243848246e-07
0.0
0.0
0.0
0.0
0.0
0.0
9.13753306245465e-12
-0.00019259107064167888
1.1459918773722348e-21
0.0
0.0
9.859464068504977e-09
0.0
0.0
0.0
6.346314548932879e-09
0.0
0.0
4.062791996615415e-07
0.0
8.174309461414152e-09
0.0
0.0
0.0
0.0
0.0
5.899809148764309e-09
0.0
0.0
0.0
1.0252939166769958e-10
9.65517492915989e-09
0.0
2.8458905684435937e-11
0.0
0.0
1.9811707619943386e-08
0.0
0.0
0.0
0.0
2.7370765836583033e-06
2.2054854806053297e-10
5.782180305236961e-09
0.0
0.0
-1.0786822980809162e-08
0.0
3.3417238088006957e-06
0.0
0.0
9.7118825685323e-09
9.86077858696876e-09
9.744276336880853e-09
0.0
0.0
0.0
0.0
1.0556294704185524e-08
0.0
9.936529366109908e-09
0.0
0.0
0.0
9.612378282235625e-09
9.134913702699368e-09
0.0
0.0
0.0
8.502353026099407e-09
1.636134528851664e-08
4.3976175833161314e-09
0.0
0.0
0.0
0.0
0.0
0.0
1.7080295895284163e-07
2.4786666744025434e-09
0.0
0.0
0.0
0.0
0.0
0.0
8.989845046090009e-09
0.0
0.0
0.0
0.0
0.0
0.0
0.0
0.0
5.9530495927128594e-09
5.953049589558509e-09
9.878310967500505e-09
7.058544431749901e-10
1.989856320875031e-08
9.985021828340591e-09
9.989252345004446e-09
7.723965035100585e-10
9.987983911415962e-09
9.673225473774173e-09
1.7986045591192878e-09
0.0
9.673225162954547e-09
9.946420147087407e-09
9.989252164894126e-09
9.987983687297879e-09
-9.869101166902909e-09
9.138809720719985e-09
1.1864510210374044e-08
2.5815628392595002e-09
0.0
0.0
0.0
0.0
3.116438624829943e-08
1.1677243638002298e-08
3.6082368724318186e-09
0.0
0.0
0.0
0.0
3.1448083544739476e-08
1.003436954010816e-08
6.2941983443715045e-09
0.0
0.0
0.0
0.0
0.0
3.066358602547594e-08
3.758472584283572e-08
0.0
0.0
0.0
9.170940413548235e-09
0.0
1.3357099715627719e-08
5.820259213623752e-09
0.0
0.0
0.0
0.0
4.384466484270975e-08
0.0
0.0
0.0
1.5708912355951783e-09
0.0
5.634747343713155e-09
8.141122784294641e-10
9.951791471232425e-09
8.120565391554522e-10
0.0
0.0
0.0
5.260155858088976e-09
0.0
0.0
0.0
0.0
0.0
0.0
0.0
0.0
0.0
0.0
0.0
5.6347473788037675e-09
9.43554698009247e-18
1.934008775978579e-08
1.9898211339132535e-08
1.9978362317639726e-08
1.9974990203636066e-08
-9.891026918986656e-09
-4.1076092836345515e-09
0.0
-9.943574870614758e-09
0.0
-6.262642676365185e-09
0.0
-5.609100457266868e-10
0.0
-9.612068956749154e-09
-4.4515285840099296e-10
-9.610525963531149e-09
0.0
0.0
0.0
0.0
0.0
0.0
0.0
0.0
0.0
0.0
0.0
2.28813563222438e-09
0.0
8.014253846926875e-10
9.666862907674106e-09
5.074020920908534e-09
8.502353023649546e-09
5.2592885962479085e-14
0.0
0.0
9.860877289399446e-09
9.980112521774595e-09
-4.258253888389518e-08
0.0
0.0
0.0
7.096586965810524e-10
0.0
-7.581854163830173e-10
0.0
0.0
0.0
0.0
1.4166461612876783e-07
7.608742482384924e-09
2.367194793631372e-07
0.0
0.0
3.8037184191578777e-06
0.0
1.98985632196346e-08
0.0
6.39724613232591e-19
4.020051932433177e-08
4.195986674436578e-08
2.611924874445219e-07
9.937636375259573e-09
0.0
1.4544484998324503e-08
0.0
0.0
-2.6115802244722208e-08
-1.0637466721675003e-08
-1.79033831032872e-08
-1.830581342559225e-08
0.0
-9.605322029269557e-09
-9.605322029242452e-09
-7.793271638874038e-07
2.927762375189475e-10
9.45511047234504e-09
0.0
0.0
0.0
0.0
0.0
-1.9649167337263893e-08
9.732351961144617e-09
1.982751537123899e-08
9.907621893040508e-09
4.811609562843659e-08
0.0
2.9743599687218228e-08
9.9160843081489e-09
0.0
0.0
0.0
-1.0410087391462194e-06
0.0
4.809227388048603e-08
0.0
9.893171648604062e-09
1.4740394599783184e-09
9.940517355385085e-09
9.940517339300927e-09
9.633494489435317e-09
9.633494485883969e-09
9.633494493156809e-09
-4.93919688482336e-09
4.286512478302029e-09
6.974169793534662e-09
1.676734552901513e-08
1.0637433346174461e-08
1.784933090220875e-08
0.0
-2.3091489614532335e-10
-1.2579952036525507e-07
0.0
5.257844141091493e-09
-4.79235683255308e-13
4.792223293420371e-13
5.966135507635701e-05
5.966135459667399e-05
9.907758169447334e-09
0.0
0.0
0.0
0.0
0.0
4.717672308595918e-09
1.3443205979042343e-07
1.7583636142768734e-13
4.703263052886895e-07
0.0
0.0
-1.619288193115435e-06
0.0
-1.6190716577943052e-06
6.134375949824312e-08
0.0
0.0
2.130925340139736e-08
9.987867891688568e-09
8.128979505666742e-10
0.0
2.9023309912472485e-06
6.373405192898649e-10
0.0
0.0
3.1513890594038246e-08
0.0
0.0
3.931442162765674e-08
9.989364668783196e-09
0.0
0.0
9.970787060704638e-09
9.973762268426653e-09
8.89659478946383e-09
4.478617383219588e-08
1.0217496412215435e-08
-9.430522730780044e-09
1.3821198582538233e-08
0.0
1.55442974391983e-07
2.579429589218898e-08
0.0
0.0
0.0
0.0
0.0
2.5882248930519058e-08
0.0
4.0915102177604934e-08
5.759230729248485e-08
6.880296204372025e-09
0.0
2.4786666767251193e-09
0.0
9.96450766264066e-09
0.0
3.463054467659175e-09
5.14883009942154e-09
0.0
5.195024146493879e-09
3.007057397496405e-09
8.10627114573571e-09
0.0
0.0
9.31955663388327e-08
4.1384021398009445e-09
1.3821198494829493e-08
-4.578263129378447e-09
1.7934913199412668e-07
0.0
0.0
0.0
1.5929007991923993e-08
1.8509373310064378e-09
9.963145053328709e-09
2.0773863437120277e-08
-6.00348174419757e-08
0.0
9.145149329040929e-08
2.47121109165663e-08
8.207117944193027e-17
0.0
9.344634668682381e-09
9.344634668682381e-09
0.0
4.0578574556348967e-10
9.76433020896672e-09
1.2517797007283171e-09
0.0
7.046561484078198e-08
8.761920391450057e-07
9.887073031769611e-09
0.0
0.0
-3.2976076298849716e-09
2.721504030199608e-07
2.721504029674131e-07
9.970712255835679e-09
7.961337687463773e-10
-3.297607611128274e-09
0.0
0.0
1.8636593774263775e-09
0.0
3.6817190871163663e-09
3.681719081282216e-09
1.0911883326341755e-08
0.0
4.093340653785267e-08
0.0
0.0
0.0
0.0
8.749008542438447e-08
1.0222554977116085e-08
9.63349449985066e-09
-9.847830497030849e-09
0.0
0.0
0.0
3.007750095247148e-08
9.971921013667324e-09
9.99015559137456e-09
8.000938210329842e-10
3.8151756491398685e-08
0.0
0.0
3.803718419159975e-06
0.0
4.5027058124511356e-07
4.502705813863213e-07
0.0
2.2297886377313095e-17
0.0
4.059738207293777e-09
9.606402226250852e-09
7.520090965405182e-10
0.0
1.2852373245286355e-08
1.7823097423821377e-08
0.0
0.0
0.0
0.0
0.0
0.0
1.166089615639152e-07
5.421010862427522e-20
0.0
-2.4852848031503507e-09
1.4496858228648277e-08
0.0
0.0
0.0
4.1023019530150623e-10
0.0
0.0
0.0
0.0
0.0
0.0
1.3653023801948015e-07
1.307891072739012e-07
0.0
-7.893761033825504e-10
1.6892906066181576e-09
0.0
1.7389112753656773e-09
-9.928171986536858e-09
0.0
1.427875455845548e-17
0.0
0.0
9.965936424714182e-09
3.941232229465186e-08
0.0
0.0
-1.3835999911202888e-10
4.29941632166495e-09
0.0
0.0
0.0
0.0
1.0013094976133944e-08
0.0
9.932351731226433e-09
0.0
0.0
0.0
0.0
-3.941232194979904e-08
0.0
0.0
0.0
1.935004750660656e-08
1.0650988617781539e-07
0.0
0.0
0.0
2.1379448539583943e-07
0.0
0.0
-1.8540782006568057e-07
6.900606506497962e-10
0.0
1.3354604074660175e-08
9.506975013652552e-09
0.0
0.0
0.0
0.0
2.478584378144281e-10
2.4785841949833895e-10
0.0
2.6996434597806306e-08
0.0
0.0
0.0
1.0217672104989513e-08
9.354543996134021e-09
0.0
9.849995970280574e-09
6.785322764417851e-10
0.0
0.0
0.0
-9.277257326471952e-09
5.150146108190423e-11
0.0
0.0
0.0
0.0
3.750829905881585e-09
-1.0155047495182673e-10
0.0
0.0
0.0
0.0
0.0
0.0
0.0
0.0
-9.961109270761881e-09
5.634747299034987e-09
-2.921409011924503e-07
0.0
4.434100789066062e-16
0.0
1.0532489323587069e-07
0.0
9.557583302546986e-08
4.333661477853365e-07
0.0
0.0
0.0
0.0
0.0
0.0
2.2722912024632385e-16
6.625261409661227e-16
0.0
9.586239545555386e-13
9.585230146004975e-13
9.60252786907873e-13
9.60149840236029e-13
3.007750066592095e-08
9.941731025659567e-09
0.0
1.2579332614790299e-08
7.790834164242812e-09
1.7749162385225414e-08
0.0
0.0
0.0
9.964338955368045e-09
9.964338933826644e-09
1.0325245324930157e-18
1.403368028682237e-08
2.581368169827893e-05
2.5806785921460513e-05
0.0
0.0
0.0
4.283317680982591e-10
0.0
0.0
0.0
0.0
0.0
-6.11463926663125e-10
0.0
-9.869761713856076e-09
-6.513804542388041e-10
-8.335497679988631e-09
-9.71620197124344e-09
-1.957027476962889e-10
0.0
-1.0155047506024695e-10
4.510560420884457e-08
9.935136411969806e-09
5.211179739553955e-07
5.307271297040479e-07
-0.00018957783596504937
-0.00018591107928200856
0.0
3.519965058623528e-06
0.0
3.5119725019500958e-06
2.452149057377973e-09
2.4521495715193815e-09
0.0
0.0
0.0
0.0
2.18761588510304e-08
4.308462794299272e-09
4.308462802232022e-09
4.308462792839589e-09
2.345601312057938e-09
4.3084627811240055e-09
8.821431185488506e-16
0.0
3.1947528488411175e-09
0.0
1.1307469717503071e-14
6.822771416721886e-10
0.0
6.822527443711181e-10
-1.1336634755942931e-14
0.0
0.0
3.627096148867888e-07
0.0
0.0
-3.552995138258563e-07
1.1318314101205585e-14
3.6117793530216956e-07
0.0
5.970168087709324e-05
4.527770970914947e-08
9.915358600424765e-09
9.915358553419691e-09
6.822527710381344e-10
0.0
3.14330496760341e-09
9.408492223295843e-09
2.0005828422776364e-08
1.4659188226902146e-10
0.0
2.18015057870144e-09
5.6663194940962045e-09
0.0
0.0
0.0
0.0
0.0
4.052533353398281e-17
0.0
-9.612378317135583e-09
9.860390920594484e-09
9.860390694161575e-09
9.860390467997769e-09
9.428965905531754e-09
3.32568229944869e-08
9.42896570962426e-09
2.6727770584956013e-10
0.0
0.0
0.0
0.0
0.0
1.6549978336352196e-08
-2.500821385061555e-09
3.8049057185759395e-08
5.0183509526298106e-06
1.879693888306081e-07
0.00038017037969872167
0.0
0.0
1.3719658743471546e-07
1.072388528144632e-07
-6.746668190858295e-08
9.938823713518969e-09
3.546472893203867e-07
-7.471348367455257e-09
8.444855481570812e-09
8.444855092992753e-09
0.0
3.094913558672936e-08
-7.350162434249796e-08
1.99783009992553e-08
9.989136448562697e-09
0.0
0.0
0.0
0.0
7.271927328306172e-08
0.0
0.0
0.0
9.890689933733654e-09
8.141651205991054e-10
1.7986045533588744e-09
7.312077592772985e-10
-9.914325360682597e-09
0.0
0.0
4.142134585036294e-07
0.0
0.0
0.0
0.0
0.0
0.0
0.0
0.0
0.0
9.964338996475242e-09
2.9280757412350304e-09
9.958125283572594e-09
0.0
3.064887168653694e-08
1.990966670259428e-08
9.951541573758292e-09
0.0
9.555515055026077e-09
0.0
-1.706932731444788e-09
2.0788500204009316e-11
0.0
9.55551507017538e-09
-1.2200498569325119e-09
9.987780265493205e-09
1.997554281243709e-08
8.127951008523794e-10
0.0
0.0
0.0
0.0
-1.463849136356006e-07
-1.3685742292102785e-07
1.0978706382045768e-09
0.0
0.0
3.8197028762074684e-18
0.0
0.0
0.0
-9.786023771982556e-09
0.0
2.2857630906868574e-16
0.0
0.0
0.0
0.0
0.0
0.0
8.245604887056985e-09
0.0
7.949620075047092e-10
7.59461360132898e-09
0.0
0.0
9.319604610512896e-08
0.0
0.0
0.0
0.0
0.0
9.987924585624748e-09
1.9975161426038557e-08
8.122812554922386e-10
1.6859422205248535e-08
0.0
0.0
0.0
0.0
0.0
0.0
1.9746299501210713e-08
9.32721738640754e-09
0.0
7.256588515980154e-10
0.0
-9.898583616836654e-09
0.0
0.0
3.729935607987529e-18
5.074020923576935e-09
7.278172291964868e-07
7.278172291960033e-07
0.0
0.0
1.5834515069606787e-07
9.2668318675249e-09
0.0
0.0
9.983568960554849e-09
0.0
9.711107097476536e-09
9.410405013334302e-09
9.41040501943667e-09
0.0
-1.0152087297557455e-08
7.389042073887298e-10
9.865402716968674e-09
0.0
0.0
4.142553802905547e-08
1.976006125085696e-08
7.218242338353965e-10
0.0
0.0
0.0
1.8182086178060015e-13
8.634725955352241e-10
0.0
7.632182448945773e-09
4.746349224608963e-09
0.0
4.344021932953185e-10
0.0
0.0
1.498820269080335e-08
0.0
0.0
3.1472482544544157e-09
0.0
1.8848758486790531e-10
0.0
0.0
0.0
9.939319300449569e-10
0.0
0.0
0.0
0.0
0.0
0.0
2.5830182950621158e-11
0.0
0.0
0.0
0.0
0.0
0.0
0.0
-4.286524933237116e-09
0.0
-2.6115779242722598e-08
-1.9944984330777515e-08
-1.7903360451739152e-08
-1.8305790744788802e-08
0.0
1.056557453372731e-06
1.0565366648461793e-06
1.1427246699509566e-08
1.1427246437365123e-08
0.0
0.0
0.0
0.0
6.26647908741869e-05
0.0
0.0
5.5565304595852736e-09
0.0
0.0
0.0
9.231834606517855e-09
0.0
0.0
1.2517797069624796e-09
0.0
5.3690446778385456e-08
0.0
5.042659988552538e-09
0.0
0.0
2.575311867778359e-07
1.5726883592394471e-10
0.0
1.622248154633018e-08
0.0
0.0
0.0
0.0
0.0
0.0
0.0
0.0
0.0
0.0
0.0
9.282179888069681e-09
2.928075855917848e-09
0.0
0.0
0.0
0.0
1.0115248246430891e-08
0.0
0.0
1.4240204252855934e-09
0.0
0.0
0.0
-5.735316708054541e-10
-8.780287758794122e-10
0.0
-9.74282104613481e-09
3.3735532857685074e-05
0.0
0.0
9.794082333233582e-09
9.794082329503568e-09
6.235870435547069e-10
0.0
2.9563436223010453e-06
7.098028313884655e-07
8.061279743146062e-09
0.0
0.0
0.0
5.624872575590867e-09
0.0
0.0
7.811791181393524e-09
1.8370278967005504e-08
3.06510223490127e-09
0.0
0.0
0.0
0.0
0.0
0.0
1.0566609307945529e-08
0.0
0.0
0.0
0.0
0.0
0.0
4.084192126659889e-09
2.9859916945496594e-08
-1.0126440880217136e-09
0.0
1.943413686914543e-08
0.0
7.712652754949095e-09
7.712652755442663e-09
7.712652729212872e-09
0.0
7.712652708087399e-09
2.5360588211516312e-08
0.0
0.0
1.7587273367977934e-08
2.493210382623622e-08
1.5335449002748128e-08
1.758727336542379e-08
1.5335449028105786e-08
1.6147013438005336e-08
0.0
0.0
0.0
0.0
0.0
0.0
0.0
1.0013026976710284e-08
0.0
6.315818864499869e-12
0.0
9.74574269203559e-09
0.0
5.27263497967655e-08
0.0
0.0
0.0
0.0
0.0
0.0
2.581140097772182e-07
0.0
0.0
0.0
3.6643685900792812e-06
0.0
0.0
1.969844388265576e-08
0.0
0.0
0.0
4.599932117257171e-09
4.59993210348889e-09
1.8424272440543173e-09
0.0
0.0
1.969844386328749e-08
6.283746152576142e-10
3.6876828945877433e-06
0.0
9.794082340877207e-09
6.235870361804556e-10
5.6626582005412644e-05
1.9669216596154783e-08
0.0
9.816888808474901e-09
0.002146074108319731
0.002146074108319731
3.263972854736829e-08
1.887459519482414e-08
0.0
9.11297134903791e-09
-9.954060993056044e-09
0.0
1.9447647828546152e-08
0.0
0.0
0.0
0.0
5.6241858493229065e-09
0.0
0.0
1.4852854743064876e-08
9.958328217596346e-09
4.843868234984577e-08
0.0
0.0
0.0
0.0
9.966485857524493e-09
0.0
9.960883186613274e-09
0.0
9.945696817262556e-09
0.0
9.956320440730575e-09
1.4545099282963475e-08
5.938575723061602e-05
5.938273767576217e-05
1.3327674519832817e-07
1.4485786292780482e-06
0.0
9.896639814412367e-09
7.237598856860272e-10
1.5852226021257762e-08
6.094310394874625e-09
9.83384976810278e-09
0.0
9.760119534611308e-09
9.555515057682739e-09
9.760119528527336e-09
9.760119521612376e-09
9.5555150598868e-09
9.555515062233599e-09
-9.548926474946089e-09
-3.8428848285026626e-10
0.0
9.833849764134366e-09
9.878644137864804e-09
0.0
9.357587982811759e-09
1.9768277545009018e-10
0.0
0.0
0.0
0.0
0.0
-4.409940239854555e-08
9.915294322237901e-09
9.915294323412744e-09
9.797182808814712e-09
9.7971828018459e-09
6.901096600661042e-05
1.369094349001898e-08
0.0
0.0
8.045917868703772e-09
3.728315360803768e-16
0.0
5.6733559779085055e-08
9.402370504833303e-09
0.0
7.013252742438247e-09
0.0
-1.9735698326932523e-10
0.0
0.0
0.0
4.614635496641428e-18
3.7010936041238524e-06
-2.9327664782807794e-08
9.649026547434031e-05
0.0
0.0
-1.3272911936201837e-09
0.0
0.001940990550997985
9.634143522776713e-05
0.0
1.341164429993598e-10
1.341164436452491e-10
0.0
0.0020373304446542127
0.0
0.0
0.0
-1.72973005364774e-08
-1.1026589072520607e-08
-3.1798878585625676e-09
0.0
2.0606779381956978e-05
1.3759974778972833e-05
3.418278156990367e-05
9.819606023522946e-08
1.4883024657844426e-07
0.002037330444654279
0.0
0.0
1.9780391098734896e-08
7.73135501918517e-10
1.9768279953926887e-10
5.938273767575622e-05
2.41693414976012e-07
0.0
0.0
-5.834551761451333e-06
0.0
0.0
3.885744168842274e-09
5.348491964556688e-10
8.189605048096453e-08
0.0
0.0
0.0
-2.0194867955216953e-07
0.0
6.886956724840627e-10
0.0
9.76433022327819e-09
9.764330216664556e-09
3.802182943529983e-06
0.0
0.0
-8.460940933428646e-09
0.0
1.1020351250230892e-09
0.0
2.710306283545225e-08
7.777583934111298e-10
-3.318115348746755e-09
0.0
8.335751473319193e-08
0.0
0.0
0.0
2.830537960868347e-09
0.0
-1.204845602002347e-08
0.0
-3.103362804470874e-08
0.0
0.0
0.0
9.861642185802696e-09
-1.1210296436694686e-09
0.0
3.7738710885453737e-06
0.0
0.0
0.0
-2.0639496892465842e-09
3.0365602246637585e-08
9.898685794759894e-09
5.562817048259524e-16
0.0
0.0
0.0
8.337359229542878e-08
0.0
8.119137600487426e-10
3.917946880209952e-07
0.0
1.8906738628345595e-16
0.0
1.4852854749394039e-08
0.0
0.0
0.0
0.0
1.937594136256429e-08
5.801420173104582e-08
2.8264636553921463e-08
0.0
1.9648060969054298e-08
0.0
3.5062766771949094e-08
0.0
3.994905016307657e-08
9.98719977031437e-09
0.0
0.0
8.08696549743462e-10
1.575015174906377e-08
0.0
2.0135769359521488e-08
0.0
0.0
9.966505012896768e-09
0.0
0.0
0.0
0.0
0.0
0.0
0.0
0.0
0.0
6.970715799325892e-08
1.2010103799182195e-07
9.985152779319693e-09
-1.1011588509296857e-07
-1.1026589069010502e-08
1.1517637815163483e-09
0.0
9.774646655594216e-09
-0.00019059417856913093
-0.00019055881199703866
0.0
4.987143436096685e-08
-4.044213224433942e-08
-9.477681846151512e-09
0.0
0.0
0.0
0.0
-2.611579074467108e-08
-1.994499986918697e-08
-1.790337177071426e-08
-1.8305802084721375e-08
8.430045203566827e-11
2.288124342775255e-09
0.0
0.0
-7.44687143894307e-09
0.0
1.0304543799976313e-07
0.0
0.0
9.787569670738022e-09
0.0
0.0
0.0
0.0
0.0
0.0
0.0
0.0
0.0
4.7344288409936685e-08
1.3947906057597875e-05
-4.111720762478566e-09
0.0
9.688394073080979e-09
0.0
0.0
0.0
0.0
0.0
8.22073496877352e-09
0.0
0.0
0.0
0.0
1.8384329613272703e-12
0.0
7.319019270719075e-10
0.0
0.0
0.0
-9.94334909678804e-09
-9.94334909651699e-09
-5.4321322798540905e-05
5.4331058642322835e-05
0.0
2.0132646361700732e-08
0.0
0.0
0.0
0.0
-2.6877003723741605e-09
0.0
8.279499614449949e-08
0.0
2.008171675559973e-08
0.0
0.0
9.985573388288354e-09
8.106559263813901e-10
-9.611896935078347e-06
3.476116374902504e-11
0.0
5.1750894963041856e-09
0.0
5.17509043840105e-09
5.175091425802555e-09
0.0
0.0
0.0
1.0978706515895205e-09
5.965342528737709e-05
0.0
3.6732361818891945e-08
0.0
-7.84812038951413e-10
-9.959126564520007e-09
0.0
0.0
0.0
9.898153824350331e-09
0.0
0.0
1.3945385016894685e-08
4.1709053988370215e-09
0.0
2.5072672769186467e-07
9.987050760251184e-09
0.0
0.0
3.0417852611708263e-09
9.702364148630129e-09
0.0
1.1815947620981382e-07
0.0
0.0
2.79557654803142e-08
9.986104592417703e-09
9.63234125947942e-09
8.816165738226927e-09
1.80844732695346e-08
-8.793079083561273e-09
-1.8084473165074638e-08
1.8084473108121986e-08
8.061279720474186e-09
0.0
0.0
0.0
9.78340864727235e-09
-9.898153820101614e-09
0.0
0.0
0.0
0.0
0.0
0.0
0.0
9.605009526841053e-07
9.54855957096489e-07
-3.808097828012728e-09
0.0
0.0
-6.903115653478917e-08
-6.903115653237675e-08
5.257844446877874e-09
1.5293906455520658e-09
8.306341877493873e-09
1.0811434828318457e-08
9.962428955574698e-09
9.962428782250502e-09
7.981662853629719e-10
9.972792566657237e-09
0.0
3.5580858773454657e-08
3.0746655830322876e-08
5.919769612819729e-08
-4.680539491795298e-10
-9.8783109633907e-09
0.0
6.642642661318098e-10
0.0
3.821109194513664e-06
0.0
1.808447334281344e-08
0.0
0.0
-8.470167013906423e-09
-2.6965855649687858e-08
3.773871088272918e-06
0.0
0.0
2.7235434176666742e-08
0.0
0.0
1.375733672844703e-08
2.3054301315888886e-08
2.5131209489234786e-09
9.56345120437882e-09
0.0
-3.9845046597544783e-10
0.0
0.0
0.0
0.0
0.0
0.0
0.0
9.158503383364215e-09
0.0
0.0
0.0
0.0
9.808206887190733e-09
0.0
0.0
0.0
0.0
0.0
2.0157202858243463e-08
8.774498804781931e-09
9.469087411967014e-09
0.0
9.13880983151813e-09
1.1864510497582773e-08
2.581562979259256e-09
0.0
0.0
0.0
0.0
9.021896468262871e-09
0.0
6.811652029439404e-09
0.0
0.0
0.0
9.654443739623727e-09
0.0
9.761556437224629e-09
0.0
3.45733593739328e-09
8.38061403736362e-09
9.398098204736022e-09
0.0
0.0
1.1404431582722243e-08
0.0
0.0
5.864987229334614e-09
1.2207035303324063e-08
0.0
1.0291783081526831e-08
7.544930149220615e-09
3.857611916048998e-08
0.0
0.0
0.0
2.7912303712402155e-08
-9.711107096607477e-09
0.0
0.0
0.0
0.0
0.0
-1.463503052079318e-08
8.701285467545975e-09
8.701285459878959e-09
8.701285452578089e-09
9.74132130905983e-09
1.257309566005906e-07
0.0
0.0
0.0
0.0
5.9645641698358474e-05
0.0
6.600359445706286e-11
9.979544964660031e-09
9.971849899879207e-09
9.971849900036542e-09
9.942444908232318e-09
9.942444913414568e-09
9.959421275038368e-09
9.959421280336071e-09
9.894822453723574e-09
0.0
9.894822446244232e-09
9.843927955076028e-06
0.0
9.824781032280721e-06
1.638541975983769e-10
6.613593102273281e-08
1.7859134684994338e-08
9.718010913934544e-09
5.493090714398939e-10
9.184159210917642e-09
2.929358463019089e-09
2.9293584628107433e-09
2.9293584809514837e-09
5.2117659972073916e-09
5.211765996310409e-09
0.0
-4.784925025647091e-09
0.0
0.0
0.0
2.8109843358782713e-08
0.0
0.0
3.766184943333835e-08
0.0
0.0
0.0
0.0
2.999076696429477e-08
0.0
0.0
0.0
6.329180427751292e-05
0.0
0.0
0.0
5.714614245413067e-05
0.0
0.0
3.149178965559624e-05
3.14819110114173e-05
9.878644220025845e-09
6.742164861715002e-10
9.845811358539461e-09
0.0
6.39379986982908e-08
0.0
0.0
0.0
0.0
0.0
1.3099093782847701e-11
1.3099093424534525e-11
1.6283681976790455e-10
1.6283681808547737e-10
0.0
0.0
0.0
0.0
-3.338637864081081e-09
0.0
-1.6924745925486068e-10
1.042019355777046e-08
0.0
0.0
1.3224479862501636e-17
-4.784925015164211e-09
-9.46315954764021e-09
0.0
0.0
0.0
0.0
8.286937343337309e-09
0.0
8.202585251831573e-09
8.202585411467729e-09
0.0
4.9838282926053984e-08
3.0007710952712953e-08
0.0
0.0
7.931278809762316e-08
2.7663112843331258e-08
0.0
0.0
0.0
2.1997960500400678e-08
1.7144227442539815e-08
0.0
0.0
0.0
-6.40538892953296e-10
0.0
9.024132316843844e-05
9.025073458521783e-05
0.0
9.741321288405958e-09
5.720676110622517e-10
0.0
0.0
0.0
0.0
0.0
0.0
0.0
0.0
0.0
0.0
0.0
0.0
0.0
-4.135591788344389e-06
0.0
1.7677867932531485e-08
0.0
0.0
0.0
5.6347473652651965e-09
0.0
0.0
0.0
3.7205217159435095e-06
3.720521716441011e-06
0.0
9.31960460644801e-08
0.0
9.954155058179031e-09
7.799541571236619e-10
3.019554866135217e-09
0.0
0.0
3.0379163950387104e-09
0.0
0.00032121457182532586
4.3808360832052795e-06
3.915164388658765e-08
0.0
0.0
0.0
8.896595201046587e-09
0.0
0.0
0.0
0.0
0.0
0.0
0.0
3.823088226602122e-08
1.3467006570029599e-06
4.796675049372449e-08
0.0
3.4568367753110853e-06
0.0
3.188915847454624e-07
-1.066981440612421e-08
-1.06002805044976e-08
4.051327249479826e-09
0.0
0.0
6.781524384826514e-07
7.093699239652082e-07
0.0
0.0
1.1450857677746597e-06
0.0
1.1451108142905428e-06
0.0
2.174752027563084e-08
9.78213196418048e-09
0.0
1.8644199176219966e-08
0.0
7.832995344140917e-10
0.0
-9.858581297888039e-09
0.0
0.0
-3.04292777974024e-08
9.963390134715806e-09
2.464162578739551e-08
0.0
0.0
3.4384797887083575e-08
0.0
8.017343837829315e-10
2.4834483855184843e-08
0.0
0.0
0.0
9.953254512251597e-09
7.790742124062928e-10
0.0
2.4167950299055535e-07
9.983747004996001e-09
3.7375021165799505e-08
9.987050550631477e-09
0.0
9.987924662096474e-09
9.865402838597293e-09
2.682799922742243e-06
5.793077603706136e-08
1.0739205061338457e-08
9.958125206403778e-09
7.839441337191717e-08
9.935136132774423e-09
0.0
9.91214126668257e-09
6.52360969624158e-08
9.98916447490195e-09
0.0
9.990155412092e-09
0.0
9.987780291453075e-09
0.0
9.986860413100392e-09
0.0
0.0
0.0
1.9791348490739316e-16
0.0
0.0
0.0
0.0
0.0
0.0
0.0
0.0
0.0
0.0
0.0
0.0
0.0
0.0
0.0
1.3016881321563492e-08
0.0
6.944752190683147e-08
0.0
9.137447585533358e-12
9.137282411589592e-12
1.8249322941836227e-12
4.261665739597188e-12
6.699123379044475e-12
2.434158955653928e-12
1.2174667263134258e-11
7.30314250387562e-12
4.868290107568157e-12
9.738567018791463e-12
0.0
0.00019259042527269152
0.00019258800674199877
0.0
7.940181312107962e-11
-9.928171917396311e-09
9.498384254985409e-09
8.507439385493167e-09
-6.874441739676095e-10
0.0
7.050329935259344e-09
0.0
0.0
0.0
0.0
0.0
0.0
1.8084473309266337e-08
0.0
8.18976595567086e-09
0.0
0.0
9.804690847885775e-09
0.0
0.0
0.0
9.7998193989295e-09
0.0
0.0
0.0
9.970894434365968e-09
0.0
9.950482110585718e-09
2.4729478103381326e-09
0.0
7.496565841290555e-09
2.820790034687633e-07
0.0
2.2880904295170495e-09
2.2881017387210827e-09
5.9409972409118295e-05
0.0
1.2672271189644335e-09
0.0
0.0
0.0
0.0
0.0
0.0
2.2880564686834914e-09
0.0
2.2880678154087366e-09
2.2880565006894908e-09
0.0
0.0
0.0
2.6243424837054834e-10
0.0
5.904607852259348e-10
0.0
0.0
0.0
8.263698041732617e-08
0.0
0.0
0.0
9.654945723229552e-10
0.0
2.761859494560022e-08
1.966453736567407e-08
0.0
0.0
0.0
0.00012437598432890078
1.684309384533542e-10
0.0
8.63340718534023e-10
6.11446152313976e-10
2.185476980687231e-08
2.238259159157967e-09
0.0
0.0
0.0
0.0
0.0
0.0
0.0
0.0
0.0
1.2090659595395074e-11
3.3706027339508985e-05
9.35758802325688e-09
7.71329908850501e-10
0.0
0.0
3.172902484260556e-08
2.768354161035715e-08
1.0629915561333437e-08
3.739890661091123e-09
2.151472851693486e-09
0.0
-3.2639728522806125e-08
6.316852343667083e-06
1.9234561219924617e-05
-6.900961435324248e-05
1.4582351466653942e-06
1.2426404462348212e-17
-6.268430019347809e-05
6.973175274731973e-08
0.0
0.0
0.0
0.0
0.0
0.0
0.0
8.179287633722284e-11
0.0
1.837192373145713e-08
0.0
2.186328177042106e-08
0.0
1.3678490755455193e-08
0.0
1.2909195081655261e-08
0.0
1.2060627879681336e-08
0.0
8.509848176558439e-09
0.0
0.0
8.482846901451482e-09
1.2040634062676298e-08
3.838933934285681e-09
3.1257882430752625e-09
2.5816310573753916e-09
0.0
0.0
0.0
3.6907432252369166e-10
0.0
0.0
0.0
0.0
-1.5847540325295572e-07
-4.0627919966155334e-07
0.0
9.138809610602428e-09
1.1864509923146313e-08
2.5815626950951585e-09
0.0
0.0
0.0
0.0
3.116438621124064e-08
1.1677243425899985e-08
3.608236817389629e-09
0.0
0.0
0.0
0.0
0.0
3.066358574787071e-08
3.758472570893513e-08
0.0
0.0
0.0
9.170941270272839e-09
0.0
0.0
0.0
0.0
0.0
0.0
9.158504189039224e-09
0.0
0.0
0.0
0.0
9.808206962656537e-09
0.0
0.0
0.0
0.0
0.0
2.0157202706308185e-08
8.77449884827022e-09
9.469087194723603e-09
0.0
-4.729046234686047e-08
0.0
0.0
0.0
0.0
9.63889590773884e-09
9.638885325319313e-09
5.634747320767959e-09
-9.292320388197897e-08
0.0
1.1893121620725933e-06
0.0
-5.291525294326416e-09
9.887073044186865e-09
-7.144139548919713e-10
0.0
0.0
0.0
5.517968436694138e-07
0.0
0.0
0.0
0.0
0.0
-0.0020398689057052888
1.839779755529853e-06
1.4881176596797206e-07
0.0
8.11531393401562e-09
0.0
0.0
7.543302532382605e-09
7.594613598809047e-09
0.0
0.0
0.0
9.846776215951373e-09
6.750509769150335e-10
3.8857432826944205e-09
3.885743706782669e-09
0.0
0.0
1.3821198590906056e-08
0.0
3.885743562287421e-09
-9.682796184642961e-09
1.430038524237719e-08
9.971921037427525e-09
7.973144884554126e-10
1.0936013607844613e-17
0.0
-3.3042525913106954e-08
5.270257219717546e-08
9.885565466669993e-09
2.184477555882444e-06
0.0
0.0
-7.581090272496408e-10
0.0
0.0
0.0
0.0
0.0
0.0
0.0
6.316852343681471e-06
9.782345148875472e-09
6.316852343685478e-06
9.782345143034699e-09
0.0
0.0
0.0
0.0
0.0
0.0
0.0
0.0
1.0313667559331717e-06
9.938730627359138e-09
0.0
-3.063721063542406e-08
4.1959866762590205e-08
4.70937128554835e-08
0.0
7.643733704391641e-10
-4.331912540205014e-08
4.4826849654388806e-08
4.950128498968612e-08
0.0
1.732370965984146e-10
3.172802486882572e-08
-2.849863881889884e-07
2.392086444781116e-08
0.0
0.0
8.889304468228901e-09
0.0
0.0
-9.65517463571465e-09
0.0
0.0
-1.0252828024515798e-10
0.0
4.140384126506507e-05
2.2883790119457383e-06
5.634747269592636e-09
8.816602980674104e-09
8.816602984035131e-09
0.0
9.391676232644559e-09
-2.845890628660676e-11
0.0
-2.845891019587557e-11
0.0
1.6979114093214392e-07
1.6979114124282002e-07
0.0
9.898815055645911e-09
7.258849488172232e-10
0.0
0.0
0.0
5.06220035722224e-07
0.0
-2.8546097203688054e-09
0.0
1.4984280271482893e-06
1.4984280271482785e-06
0.0
9.319604616587895e-08
0.0
-1.0505245508823793e-08
3.944444038728829e-09
3.944444035812746e-09
3.944444043960105e-09
3.944444041643531e-09
3.9444440507905784e-09
0.0
7.314628267244494e-08
2.6774636023410933e-10
0.0
2.651788479260686e-08
0.0
1.3181388634866423e-08
0.0
0.0
0.0
0.0
0.0
3.9290572508847947e-07
0.0
0.0
0.0
4.7808830397352195e-09
4.383273951567755e-09
0.0
4.383274907338724e-09
4.383275816418218e-09
0.0
1.3354604038666403e-08
1.0217496500515908e-08
2.6611547809253977e-18
6.769609647935675e-10
9.84873163231639e-09
9.848731628847585e-09
8.444205619799189e-09
0.0
9.914326150415459e-09
0.0
0.0
0.0
0.0
0.0
5.782179132710099e-09
5.782179132431754e-09
5.782179132409788e-09
0.0
0.0
-4.0769651385692394e-09
0.0
0.0
6.15429737461664e-19
0.0
-3.095398914341064e-06
3.8748061739943627e-07
-2.737076584935494e-06
0.0
1.3354603965686089e-08
1.3354603986356968e-08
0.0
0.0
0.0
-9.711249250114989e-09
0.0
0.0
0.0
0.0
0.0
0.0
1.6783449630075609e-16
1.6783449630075609e-16
4.462025544461408e-10
2.994408127181116e-08
2.009557675819451e-08
1.3354604005933488e-08
7.338785942582814e-17
7.338785833559093e-17
7.742067446014111e-10
0.0
6.438007355798052e-10
0.0
0.0
0.0
4.565879015600498e-08
0.0
0.0
0.0
0.0
0.0
3.518026770711605e-05
1.2715382630481743e-05
-3.3320358853069356e-06
5.650828701936331e-05
0.0
0.0
-1.8927467755223623e-07
5.763845577330061e-10
0.0
9.745742673595684e-09
5.624872559741366e-09
5.624872551432012e-09
0.0
0.0
-9.025321746685896e-09
-1.0911883320313329e-08
1.883844997247232e-07
0.0
-9.711882631435742e-09
-9.860778586029406e-09
-9.860778586967919e-09
0.0
0.0
0.0
-9.74427633688383e-09
9.612378316925518e-09
0.0
0.0
0.0
0.0
0.0
0.0
0.0
7.82880481576431e-09
2.1547641605773874e-09
1.9768285542541773e-10
1.3305222569509409e-06
0.0
2.5811401002548083e-07
0.0
3.115766644354797e-06
-3.0862640606178763e-06
9.905182259475898e-09
9.923883566113242e-09
7.499870218560178e-10
0.0
3.2829160994815865e-08
0.0
0.0
9.938730632973528e-09
0.0
4.2902261000949676e-19
0.0
0.0
-1.0133678502804911e-06
1.0306395565201045e-06
7.275784105255992e-10
1.055629470471925e-08
-1.0556294703818747e-08
0.0
1.893848103895479e-07
1.9797188734154122e-07
0.0
1.9576101250598587e-08
9.831135943323253e-09
0.0
9.93652937708589e-09
-7.627320514970845e-10
0.0
1.0556294704916502e-08
0.0
9.924282206893924e-09
0.0
0.0
3.378854635540133e-05
0.0
3.1616335829303754e-08
0.0
0.0
0.0
0.0
1.9596188189197345e-08
0.0
6.652622779410032e-10
-9.674727238744284e-09
0.0
0.0
2.540699507831842e-10
0.0
0.0
0.0
-5.434049153305166e-05
3.48414902692362e-17
-9.61237828226493e-09
0.0
8.780006795786885e-09
4.6025413952127805e-06
4.602541395212772e-06
0.0
0.0
0.0
0.0
0.0
0.0
-4.3976175961922374e-09
-8.115313893461299e-09
2.4517772668334785e-17
-2.075896300690605e-08
-1.6361345342517496e-08
0.0
0.0
0.0
9.916815376295766e-09
9.919893471062428e-09
9.919893773858996e-09
0.0
0.0
-7.601771670202439e-09
2.761859775122706e-08
3.263972856903294e-08
2.7621026210180884e-08
0.0
0.0
2.7618597483693537e-08
2.756502321558126e-08
0.0
0.0
0.0
9.916815686770303e-09
0.0
7.302781445679369e-12
9.757915630448173e-09
9.75791594416159e-09
5.250538482499228e-09
5.250539158738893e-09
9.450599625896068e-09
9.761623844855507e-09
9.7616241513665e-09
0.0
9.450599317827854e-09
-8.135923023315375e-09
0.0
2.761859557923382e-08
0.0
5.250541406750552e-09
5.255410453980576e-09
0.0
4.704785810229677e-08
4.704785856917518e-08
-5.204655827167502e-09
0.0
5.2529766250281005e-09
5.250542977288914e-09
0.0
0.0
0.0
2.2085610076098925e-06
5.634747297076415e-09
1.8494499412140684e-07
-3.461611184076446e-07
-1.6126402252867229e-07
2.8207900344007483e-07
0.0
-2.4786666756721317e-09
2.6217969130848996e-07
0.0
4.6345477626727743e-07
0.0
8.678818656153529e-08
1.5347671025777235e-09
0.0
1.2582592561273048e-08
0.0
6.842389758750676e-09
3.0333951268803755e-09
7.03386781127105e-10
0.0
0.0
0.0
2.621796912310044e-07
1.004200925997745e-06
9.979416119881936e-09
-9.94221509785704e-07
8.088712277258755e-10
0.0
5.562094344556984e-07
1.0660368058679909e-08
9.984354676362273e-09
6.4802154753351715e-09
1.3947948970080462e-05
6.480216244837083e-09
0.0
0.0
-8.989845045465072e-09
0.0
1.6117706001778615e-08
6.480215924628552e-09
0.0
3.279730895311763e-08
3.2883566072052486e-08
0.0
-6.648721585225323e-12
