0
0.0
0.0
0.0
0.0
1.912252122692453e-08
2.6976829569999694e-08
0.0
0.0
8.227560715037819e-08
0.0
0.0
2.113061167014876e-08
0.0
0.0
0.0
0.0
0.0
9.663007832449224e-09
0.0
3.2487208012654935e-09
0.0
0.0
0.0
0.0
9.0546614181014e-08
9.674768927741601e-09
0.0
0.0
9.807943535727963e-09
0.0
0.0
0.0
0.0
0.0
0.0
0.0003661239080111661
3.302090388297419e-09
1.3010247459724762e-07
0.0
1.4318190057478052e-08
0.0
0.0
0.0
0.0
0.0
0.0
3.4443717629828186e-07
0.0
0.0
0.0
6.80420975645178e-20
0.0
0.0
0.0
0.0
0.0
0.0
9.635564772827686e-09
0.0
0.0
0.0
9.822222679796838e-09
0.0
0.0
1.76341745744097e-10
0.0
0.0
0.0
1.9043903896899236e-20
0.0
0.0
0.0
9.304319903087397e-09
1.015501574864192e-10
1.3265130862931717e-11
9.949311619147569e-09
2.2401835734744927e-20
0.0
2.5721570548733662e-09
0.0
0.0
1.0155015760585084e-10
3.445442558161423e-20
0.0
1.1729973654344289e-08
0.0
9.52044505734332e-09
1.781116731963836e-09
0.0
8.982754514732138e-09
0.0
9.121655916100459e-09
0.0
2.7196764082918056e-09
0.0
0.0
0.0
0.0
0.0
0.0
0.0
0.0
2.7025013607067088e-09
0.0
0.0
9.520958930948147e-10
0.0
0.0
2.6329867313512972e-08
0.0
0.0
9.547044277967262e-09
0.0
0.0
2.1886206023202135e-20
0.0
0.0
0.0
0.0
0.0
0.0
5.743586786489416e-09
9.846323227937507e-09
1.1221028753837513e-08
0.0
0.0
2.7257746071634817e-09
0.0
0.0
9.56135994606411e-09
6.545331527772455e-09
0.0
9.35958775909773e-09
0.0
0.0
0.0
6.10924713847738e-10
0.0007398527960558313
1.8760614760712707e-08
0.0
5.554939550422425e-09
2.3218543699045707e-09
0.0
2.088674870410696e-20
0.0
0.0
0.0
0.0
0.0
0.0
0.0
3.086208944901389e-08
0.0
9.148755942515497e-09
9.851924981901696e-09
9.702787603314785e-09
0.0
9.667093947815863e-09
1.0212159093366531e-08
0.0
0.0
0.0
0.0
-0.000501757168744001
0.0
0.0
2.002278068526196e-08
0.0
0.0
0.0
0.0
0.0
7.377664134305301e-09
0.0
1.2939783573772774e-08
1.874999667166582e-08
0.0
0.0
0.0
0.0
0.0
0.0
3.568064564232476e-10
0.0
0.0014999318860517974
2.495766715842782e-08
8.11933516273091e-05
2.2986437650638527e-08
9.09606391570298e-08
0.0
0.0
0.0
0.0
4.2772771260817934e-20
0.0
0.0
5.393623873832789e-07
0.0
0.00016782212355336047
0.0
0.0
1.2237264601535835e-09
1.87529145696957e-08
0.0
0.0
3.808085912722332e-09
1.5964402920698214e-08
6.766980511231868e-05
4.9142170184456696e-08
0.0
9.673652641435768e-09
1.2260219123751114e-08
0.0
0.0
6.089282590241677e-09
0.0
3.037170078096586e-09
7.245873111041288e-05
0.0
0.0
0.0
0.0
0.0
9.68859970779178e-09
0.0
0.0
0.0
0.0
0.0
1.8031764449837634e-09
5.087313599982266e-10
3.6963824797754437e-10
0.0
4.1101498569837613e-19
0.0
9.874879051484368e-09
1.3487364626833462e-11
9.916717407945796e-09
0.0
9.711830398276372e-09
0.0
5.421010862427522e-20
7.810510379866073e-11
2.1288307708397123e-06
6.302514066192089e-12
0.0
0.0
0.0
0.0
2.294264637564027e-20
0.0
-0.0005324902241604671
1.4076832688680267e-24
0.0
0.0
6.74620153767062e-09
0.0
0.0
0.0
0.0
1.640315166212277e-08
0.0
4.6675541830170353e-07
0.0
9.88610802949852e-09
0.0
0.0
4.4982081969866705e-09
0.0
0.0
0.0
0.0
0.0
0.0
0.0
4.786921117231813e-10
1.4875829422149017e-05
1.9505889715397316e-10
0.0
0.0
1.8981287774757907e-08
0.0
2.420573580085373e-09
2.731496834599112e-10
3.79234547057495e-09
5.46327173427008e-09
2.1671693064346993e-12
-9.504963458477735e-09
2.0482508053773423e-17
9.068756539165761e-09
-3.849192706034069e-08
0.0
0.0
0.0
9.741752041436714e-09
9.7984618739898e-09
9.701209677614649e-09
9.647963468348296e-09
9.068756539173866e-09
0.0
0.0
9.59970876184164e-09
1.0415026165350596e-08
0.0
5.3626660944577386e-09
0.0
0.0
0.0
0.0
9.165714318045753e-09
0.0
0.0
0.0
0.0
0.0
9.738099018097077e-09
0.0
0.0
0.0
0.0
0.0
0.0
9.495906886854636e-08
2.4182309491163933e-08
0.0
5.797221776662145e-09
0.0
0.0
0.0
9.096718802120694e-09
0.0
0.0
0.0
0.0
4.8820687630044885e-09
0.0
0.0
0.0
0.0
-8.227560715089486e-08
-8.227560715141663e-08
0.0
5.303173350760734e-09
9.186743804393323e-09
9.979679023993523e-09
7.472035256437723e-10
7.283209523368504e-10
9.984257864914525e-09
9.938247201698915e-09
9.934107453337576e-09
9.934107411219096e-09
9.938247196183229e-09
9.969708814008296e-09
9.988972535354831e-09
9.984258048438131e-09
-9.663007832543864e-09
0.0
5.3302607393527955e-08
9.589589735097755e-09
0.0
0.0
7.1474807273065196e-09
0.0
0.0
0.0
0.0
0.0
6.328895826236992e-08
0.0
0.0
0.0
0.0
0.0
0.0
3.951490452044592e-08
0.0
0.0
0.0
0.0
4.216412192480328e-08
6.738661644029825e-10
4.824086050888342e-10
0.0
0.0
0.0
0.0
4.185404276236516e-08
0.0
0.0
0.0
0.0
4.6075730586316056e-08
0.0
0.0
0.0
1.6009616751664018e-11
0.0
9.054661422725871e-08
9.98683143422222e-09
9.962451436777795e-09
7.422958343305419e-10
0.0
0.0
0.0
1.17224496880422e-08
0.0
0.0
0.0
0.0
0.0
0.0
0.0
0.0
9.939302288425443e-09
0.0
-8.102899613924102e-08
9.054661419544702e-08
5.547152217551821e-18
1.9863365656652834e-08
1.9932161421939425e-08
1.9975804106428522e-08
1.9968223712382554e-08
0.0
-1.8077303720065393e-10
0.0
0.0
0.0
0.0
0.0
-9.761260927158844e-09
0.0
-8.249254690798069e-10
0.0
0.0
0.0
0.0
0.0
0.0
0.0
0.0
0.0
0.0
0.0
0.0
0.0
1.9865403929638812e-08
0.0
7.293780955801235e-10
9.925118467108557e-09
3.248720801846736e-09
-9.807943535675503e-09
0.0
0.0
0.0
1.0761815133852365e-08
9.983091733082111e-09
-0.00016785110085614142
9.68069229664273e-09
4.451768023901739e-10
0.0
9.661287541469152e-09
0.0
-7.123997620367754e-10
6.455717146239522e-08
0.0
4.654059031704751e-09
0.0
1.779770141657897e-07
0.0
1.4419145774293629e-08
5.621701269501688e-09
0.0
9.99093547720075e-08
0.0
9.186743810489326e-09
7.929352257877051e-10
1.3298673957275291e-18
5.4256440600047134e-08
6.391897076367143e-08
3.1789776408984545e-05
6.08065787214121e-10
0.0
4.4342942505382066e-07
4.322323466556129e-07
-1.0713004852766928e-07
-1.0584079789948417e-07
-1.0097788021024012e-07
-9.820187953308093e-08
-4.716166122758163e-08
1.2292110809728177e-09
0.0
0.0
-8.43013425506842e-05
-1.2055762107729108e-07
-1.301024745979196e-07
0.0
0.0
2.2832949542316223e-08
1.1488132684049907e-05
0.0
-1.4318190058506403e-08
0.0
1.992887305756491e-08
9.953588502682395e-09
5.62569374241587e-08
0.0
2.983426309722676e-08
6.65287432907145e-10
0.0
0.0
0.0
-2.4534033474958e-06
0.0
5.622711784827801e-08
0.0
9.881542538524648e-09
9.881542519787553e-09
9.948032903258656e-09
9.948032888539009e-09
9.942282469825154e-09
7.014417654348257e-10
9.942282490310892e-09
-4.401273289190988e-07
-4.3223234085822126e-07
1.0713005441461603e-07
1.0584080102908795e-07
1.0097788547615586e-07
7.596176361448903e-08
2.6317289723501708e-08
0.0
-1.2512058057776582e-07
0.0
0.0
0.0
0.0
2.3200598474845116e-05
2.319084665183132e-05
9.833026830545922e-09
3.192355584382916e-08
6.894225150611667e-08
1.3471995236840308e-08
0.0
0.0
0.0
1.7795464730744508e-07
0.0
0.0
-3.444371762871338e-07
3.444371762756902e-07
-0.00036662107844899483
4.971704378274302e-07
-0.0003661239080111657
2.643486006601878e-08
0.0
0.0
8.651514152446364e-08
9.98138336707425e-09
9.981383218728287e-09
0.0
0.0
0.0
0.0
0.0
0.0
0.0
0.02081576955534057
-0.020815729606717005
7.437473535637612e-10
0.0
0.0
9.971391534977176e-09
9.975810780136616e-09
0.0
1.810071163765278e-08
2.8628218387661897e-08
-5.765075520619777e-10
-4.4391538378150616e-11
0.0
1.721199958377439e-07
3.986090324551201e-09
0.0
2.4737442187493953e-08
0.0
3.61314186357758e-08
0.0
3.852983107983806e-08
0.0
0.0
6.504217150128746e-08
3.1160721012764427e-08
0.0
2.4182309490267256e-08
0.0
7.217219866014741e-10
5.6672168811218666e-09
5.32618443572908e-08
0.0
1.0075332664501932e-08
0.0
0.0
1.3947549568942945e-09
4.3457249021116445e-09
6.80562640534159e-20
1.9122548181971096e-08
-9.814820163731754e-09
0.0
4.4392357845257635e-11
1.438464595046356e-09
5.723288949147789e-10
9.810514054722688e-09
2.7366183380713818e-08
1.9693698121003855e-08
3.4015175791505706e-08
9.93618558438325e-09
1.2079216749946962e-08
-4.69129675677424e-08
0.0
-7.354013335359073e-06
7.451186452110118e-06
0.0
0.0
0.00013965239920367656
-0.00013961318248846547
0.0
9.73950702845474e-09
0.0
-1.1221028758471034e-08
1.0508410491359578e-08
0.00010453053331763043
4.29625979412197e-08
8.91450782738452e-09
0.0
0.0
-9.635563458232355e-09
2.580962296665765e-07
2.5809622956141814e-07
7.12409676415088e-10
9.953473319821858e-09
-9.635563503335165e-09
0.0
-9.635564772827489e-09
0.0
5.024217499172047e-09
9.196404895496589e-08
9.196404895594919e-08
0.0
1.4934227834508264e-08
1.84136094839323e-10
0.0
0.0
6.659904677140752e-08
1.4199468228395524e-09
1.442458329092591e-09
1.0467115308392358e-08
9.942282509381675e-09
-9.736266492902171e-09
3.728288096019104e-11
0.0
6.375195340964238e-08
3.0023617932120906e-08
9.9696848837127e-09
7.456356211771647e-10
7.441891569521622e-10
4.6279084952724356e-08
0.0
0.0
9.99093547316064e-08
0.0
0.0
0.0
2.777336496021878e-16
1.0987089100726481e-16
1.5254166532215628e-08
6.308471324394917e-08
0.0
0.0
0.0
8.018003833766575e-09
1.1296905740708872e-08
1.6669389230881984e-08
5.857538006999276e-09
2.2549141792629124e-08
0.0
0.0
0.0
1.666577410622512e-07
-1.9081958235744878e-17
0.0
-5.837993722158217e-10
0.0
0.0
1.460851213224203e-08
0.0
0.0
0.0
0.0
0.0
2.375060377794573e-17
2.374526528606979e-17
0.0
2.0734974714651235e-08
3.0253921932218394e-08
-5.837993722223246e-10
-7.877828294214351e-11
2.4103531167065584e-08
0.0
7.613576010028807e-09
-9.94966290347038e-09
0.0
0.0
0.0
0.0
9.971239178091507e-09
3.927799180087482e-08
9.060273156980615e-09
9.06027317647324e-09
0.0
4.4644704699197265e-09
0.0
0.0
0.0
0.0
3.2232894388271376e-05
-3.221346950434232e-05
6.783805316415974e-10
0.0
0.0
0.0
0.0
-3.927799179993663e-08
0.0
0.0
0.0
1.9584823781178574e-08
9.976241287421049e-06
-9.85829651989345e-06
0.0
0.0
0.0
0.0
7.445018236690648e-09
7.445018236690648e-09
9.627750940835022e-09
0.0
0.0
-2.026357281244447e-05
0.0
0.0
0.0
0.0006558899163991422
1.9795372657339637e-09
1.9795372644279464e-09
0.0
1.71327992252786e-08
0.0
0.0
0.0
2.8628217981073337e-08
0.0
8.530151127779236e-09
9.736174509869753e-09
4.995034425132363e-10
0.0
0.0
0.0
-7.686095502101403e-11
0.0
1.4093396020182863e-09
0.0
0.0
0.0
7.05856342052275e-06
0.0
2.1130611681191017e-08
0.0
-7.048739656371188e-06
-1.3264257747724884e-11
0.0
0.0
0.0
0.0
-9.955940120523637e-09
9.054661424984168e-08
-3.698859322824599e-08
0.0
0.0
0.0
1.5940120404701553e-07
0.0
1.5903634411360774e-07
0.0
0.0
0.0
0.0
0.0
2.968168130965193e-09
0.0
0.0
0.0
9.670662272455552e-09
0.0
0.0
0.0
0.0
3.002361788189799e-08
6.906904198843463e-10
0.0
0.0
0.0
7.377664133294571e-09
9.515868499879812e-09
0.0
1.7326568107932362e-10
9.977852415541289e-09
7.363039766319914e-10
5.704927255215621e-18
0.0
2.0282686154522093e-05
2.0292468526531477e-05
5.447610017481161e-10
0.0
7.619949938249738e-09
0.0
1.1320519214405325e-08
0.0
0.0
0.0
0.0
7.619949116133284e-09
-1.8168566053101017e-10
1.132052038025353e-08
-1.615667148611007e-10
-6.148375157816231e-10
-9.507827954634285e-09
-1.4065323450645748e-10
0.0
0.0
0.0
9.965619460618018e-09
0.0
0.0
-1.172997365349082e-08
-5.0690896813421205e-08
0.0
0.00013288458283451565
-4.899042862603388e-13
0.0001328760780797627
1.7811173554821597e-09
1.7811169398322246e-09
0.0
0.0
1.9009479249423673e-08
0.0
0.0
0.0
0.0
0.0
0.0
0.0
0.0
0.0
0.0
5.123787173595943e-09
-1.916327339868129e-15
2.6421643655670594e-09
0.0
6.479499136806963e-09
0.0
0.0
9.9729909280592e-06
-9.587268950095537e-06
0.0
0.0
-3.665684138959162e-07
0.0
3.9484363387898595e-07
0.0
2.3172934080558454e-05
0.0
9.886309219035326e-09
9.886308586885828e-09
6.479499171072824e-09
0.0
5.095440689283616e-10
1.272713072886407e-08
2.0891085200489988e-08
0.0
0.0
0.0
3.2146663163018073e-10
3.257275376318917e-05
0.0
3.257273992966868e-05
0.0
-3.0411430400854866e-09
3.7560781800018293e-16
9.068756539159399e-09
9.06875653934082e-09
9.41096175057775e-09
9.41096172808345e-09
1.8117046023163483e-10
9.685647761706678e-09
7.193539574129143e-05
9.685647737044197e-09
4.500293220487621e-10
7.185416879042785e-05
2.0521990110777313e-17
0.0
0.0
0.0
0.0
6.090132881775868e-10
0.0
9.236781247787895e-05
4.3167016154388637e-07
0.0009715545921305655
0.0
0.0
6.453697351395487e-08
0.0
4.798036495789657e-08
7.069755510008187e-10
-6.254344947498094e-09
-4.159449541429376e-08
-6.766980511231932e-05
-6.7660031350082e-05
1.6884626292939049e-09
0.0
-4.983000210373456e-10
1.9975092402887322e-08
9.98771004755455e-09
0.0
0.0
5.125949373068092e-09
0.0
0.0
9.527064232086657e-06
0.0
0.0
9.704230495783187e-09
9.987382245416022e-09
9.934107495432821e-09
9.959976878530164e-10
-5.561577516129111e-10
0.0
-1.1764976086455947e-08
0.0
0.0
0.0
0.0
0.0
0.0
0.0
0.0
0.0
0.0
9.97785242747863e-09
0.0
7.275978458438736e-10
1.9654124815609138e-08
5.163219331269848e-08
1.993595931665415e-08
9.966990167551391e-09
0.0
0.0
0.0
0.0
0.0
0.0
-9.70278762316059e-09
0.0
9.985959622464506e-09
1.9972281378674207e-08
9.986321558748401e-09
1.9865407763219878e-08
0.0
0.0
0.0
-2.6329867315187834e-08
-1.693532515757296e-08
-9.896244388426052e-09
0.0
4.7010436019282156e-11
9.493075223840384e-18
9.939302303681044e-09
0.0
0.0
-5.811154454609939e-10
0.0
0.0
7.461935968691902e-11
7.462167420454947e-11
7.461957798604615e-11
-1.5623755368339258e-11
0.0
0.0
9.627665597923955e-09
0.0
7.265383447575171e-10
9.274600950845262e-09
0.0
0.0
1.9122521253195732e-08
0.0
0.0
-2.0289488405350609e-16
0.0
0.0
9.987018842857109e-09
1.9972252287405452e-08
9.985233364394439e-09
1.9065095530430603e-08
0.0
0.0
9.642431254762647e-10
1.2449489292751244e-09
3.717545870331779e-11
9.3733614970196e-09
0.0
0.0
1.8378083432901014e-08
3.1433442325610413e-10
0.0
-3.1433442492209246e-10
0.0
0.0
3.7591000535508e-18
0.0
7.571396999102018e-08
8.52267257704945e-08
0.0
0.0
1.0656532126102731e-07
0.0
9.257353017216856e-09
0.0
9.987344231226238e-09
0.0
-7.138798585637284e-05
0.0
0.0
0.0
-1.0391038065407708e-08
9.87325327435817e-09
7.00606558543819e-10
0.0
3.551584754870374e-08
6.259893217601876e-08
1.9871155490867325e-08
6.891357687935532e-10
0.0
9.675582207023203e-09
0.0
0.0
-5.447440620266719e-10
7.974209363593956e-09
0.0
0.0
0.0
2.903280434872574e-09
0.0
0.0
2.117762855883833e-08
2.2454184489398446e-09
0.0
6.681177183672785e-10
0.0
0.0
0.0
0.0
0.0
9.050494143393139e-10
0.0
0.0
8.363403662459208e-09
0.0
8.330576700432709e-09
7.89004456063264e-09
0.0
0.0
0.0
0.0
0.0
0.0
0.0
4.40127330834884e-07
4.226152549625513e-07
-1.0713005244424121e-07
-1.0584080456510492e-07
-1.0097788383234274e-07
-9.820188361792104e-08
-5.663890845306746e-08
-1.229216774916754e-09
0.0
0.0
0.0
0.0
0.0
0.0
0.0
0.0
0.0003812715465687934
0.0
0.0
1.2675646437289272e-08
0.0
3.373137369196448e-08
0.0
-5.7435868095281634e-09
0.0
-9.846323227874628e-09
-1.956916851743164e-09
-1.9569168532622338e-09
1.3742483013639825e-08
0.0
9.919404856674519e-09
9.919404879058609e-09
1.318712580508868e-08
0.0
0.0
0.0
0.0
1.295105866811144e-08
0.0
0.0
0.0
0.0
0.0
0.0
0.0
0.0
0.0
0.0001873775641344167
0.0
0.0
0.0
1.8962435868791924e-08
3.0217275689336126e-09
2.496317065388265e-08
1.1114550761699337e-08
0.0
0.0
0.0
0.0
2.0153982430770085e-07
1.8565715658371154e-07
-2.0951266779421426e-10
9.502319029070297e-09
1.3004600383285747e-09
-2.0951063106622314e-10
0.00027339978344528837
2.781660456139634e-06
0.0
-2.3218543719616402e-09
0.0
-2.321854391543348e-09
0.0
0.0
0.0
9.723677559728487e-09
0.0
0.0
0.0
0.0
0.0
0.0
9.741224267305496e-07
0.0
0.0
4.077411356711046e-09
4.077411356163031e-09
0.0
0.0
0.0
0.0
2.7942706539206747e-09
5.264364553236481e-07
1.040432495873334e-06
1.0404324958845364e-06
1.0404324958637147e-06
1.0469778273945789e-06
1.040432495865247e-06
0.0
0.0
-1.0065489928282045e-06
0.0
7.263080854259983e-09
1.1558696426602906e-10
0.0
0.0
0.0
4.6130681751393455e-09
0.0
0.0
1.1177751523784223e-08
0.0
0.0
0.0
0.0
0.0
0.0
0.0
1.2885142560010853e-08
0.0
0.0
0.0
0.0
0.0
0.0
2.4917107855035997e-07
0.0
0.0
0.0
1.6084298065079789e-09
0.0
0.00019401159276651936
0.0
5.226452818670183e-07
1.3529082605862144e-17
0.0
0.0
0.0
2.1870411301505684e-05
0.0
0.0
-0.0007398527960558313
0.0007398234978148014
7.143821016694419e-09
0.0007801287514840831
0.0
1.9459129069155853e-08
9.729562637115705e-09
1.945912910289455e-08
9.729566476760466e-09
9.7295664875513e-09
-5.55493956388986e-09
-5.554939550012072e-09
0.0
0.0
-1.8760614760715414e-08
0.00013211241772864615
0.0
0.0
-2.3218543695763955e-09
3.341964168940132e-05
0.0
1.9426769812874883e-08
6.591262489702458e-10
8.395603677298253e-07
8.492091820733719e-07
4.902574291547678e-08
1.8685344389035187e-08
0.0
8.737666387585827e-09
-7.127713009057798e-10
0.0
0.0
0.0
0.0
0.0
1.1934176406253088e-08
0.0
0.0
0.0
1.981873624671433e-08
9.949821189181307e-09
2.54718023365482e-08
0.0
5.318108998962252e-08
0.0
0.0
6.715541816178272e-10
0.0
6.970697048706625e-10
9.36890888132016e-09
9.933202465016487e-09
0.0
6.579288867535378e-10
1.7536038109725668e-08
7.772928984120443e-09
2.2856270127298455e-09
8.546506817836108e-06
0.00017549150261857177
0.0
9.819410878096958e-09
5.810447434605322e-10
7.971601683215481e-10
0.0
9.556882285544077e-09
0.0
5.938306630543326e-09
0.0
5.9383066319134685e-09
0.0
0.0
-9.702787603314608e-09
-9.851924981927381e-09
-9.851924981927381e-09
-9.95020173893968e-10
9.556882321199683e-09
9.819648173513136e-09
0.0
0.0
-4.3186123309736136e-10
-1.0212159092707154e-08
-9.66042403706312e-10
0.0
0.0
0.0
-2.1448293523685665e-08
9.866965928565968e-09
9.866965929960884e-09
9.834323192308608e-09
5.956541991500771e-10
0.0006111595575959317
-1.3831301982100523e-09
0.0
1.915134717478395e-15
9.708053801850912e-09
0.0
0.0
4.584697340340778e-10
0.0
0.0
0.0
8.403711275796903e-06
-9.729759127400685e-09
0.0
0.0
0.0
0.0
6.603898562281028e-05
-6.939962053344401e-08
0.0005230331657615194
0.0
0.00016779351975334104
0.00016780304606139364
9.526308054049815e-09
1.2565493445986473e-05
1.8545294187264518e-08
0.0
5.536135432663039e-09
0.0
5.536135431051352e-09
1.258249717132573e-05
0.0
0.0
0.0
9.232454212643431e-09
0.0
-2.0022780685110598e-08
0.0
0.00033264305434652097
1.3334661257990151e-06
-0.003990075449908204
0.004491841139398668
0.0005230146204673322
1.2582497171177726e-05
8.318414890970296e-06
0.0
0.0
9.95982310713565e-09
-4.318612557455734e-10
2.2856270142328145e-09
3.1779929417385944e-05
0.0
0.0
-0.00024676973301029914
0.0
1.9093715835947765e-08
0.0
8.979293262384967e-09
0.0
0.0
0.0
1.1220821595901902e-08
-3.173304828752203e-05
0.0
9.89141826645846e-09
0.0
8.723361192197656e-09
8.723361118634539e-09
2.0373220164269373e-05
0.0
2.502144085639533e-09
0.0
0.0
-1.8749996666400648e-08
0.0
1.0503902495978132e-08
9.893582203951467e-09
-1.293978357428359e-08
-3.6500265757408773e-09
0.0
0.0
0.0
6.603066311877729e-05
1.2164804870200859e-05
0.0
1.6172797941138572e-08
0.0
7.158188708444868e-09
6.606201230210088e-07
1.1521073248679366e-05
0.0
5.0015122081078795e-09
3.2930788963628645e-08
0.0
0.0
0.0
0.0
0.0
-9.885120155149154e-07
1.0162534901947436e-06
9.794628952271593e-09
0.0
0.0
0.0
0.0
4.976807590940948e-08
0.0
9.986202087475249e-09
0.00017548715988750872
0.0
0.0
4.519962138926219e-16
1.9818736197875826e-08
0.0
4.3589010519933755e-08
0.0
0.0
1.9219406235604307e-08
9.622916426833163e-09
0.0
9.368908791755367e-09
5.642934940247365e-10
9.592983525846758e-10
0.0
0.0
3.9939063780562336e-08
7.429544485497984e-10
0.0
0.0
9.987346061279823e-09
-1.0161798504144448e-08
0.0
2.0092305772373137e-08
0.0
0.0
9.968528869280357e-09
0.0
0.0
0.0
0.0
0.0
0.0
-3.568064591700414e-10
0.0
2.4828777612642746e-08
1.63197829518077e-08
2.499121901192823e-05
9.981469155885742e-09
-2.497148404959463e-05
0.0
-1.0212159092250444e-08
1.917759512650168e-08
-2.298643765076807e-08
-8.120291981640518e-05
-0.0002486819937996763
0.0
9.096063915472394e-08
-9.09606391557953e-08
-2.4957667157311423e-08
-2.0047602356925292e-08
4.401273327530206e-07
4.32232344717981e-07
-9.759941165667583e-08
-1.0584079988902226e-07
-1.0097788222251936e-07
-8.867789307436583e-08
-5.663890630114299e-08
0.0
1.9865405845428865e-08
1.7326560685775434e-10
9.939302282173943e-09
9.939302275899123e-09
2.2293730131059397e-08
2.860175229052023e-08
0.0
2.9010266253333216e-08
9.933164236373922e-09
5.188475370241839e-12
0.0
0.0
0.0
0.0
0.0
0.0
0.0
2.304482170933326e-07
6.819583342045804e-07
1.2141448745150148e-06
-5.198690934526261e-07
0.0
8.775414506059673e-09
-4.277516383634217e-20
0.0
0.0
0.0
0.0
8.293412459410928e-09
0.0
0.0
9.939302309433526e-09
0.0
4.681197894066286e-13
0.0
9.844359328203215e-09
9.539134390898472e-09
0.0
0.0
-9.674768879639525e-09
-9.674768874923245e-09
-5.008993869612237e-07
5.202898677393494e-07
0.0
2.007559842712218e-08
0.0
0.0
0.0
1.6227693701328698e-07
-5.393623873965206e-07
0.00018684806786187856
0.0
0.0
0.0
0.0
5.4469664647728354e-08
7.387607549350176e-10
7.387608852961746e-10
-0.001499912219264653
0.0
6.357290845771902e-09
0.0
2.172805688682411e-10
0.0
0.0
-1.639983778223275e-07
-0.026746245639365895
0.02674623581774565
0.0
2.336459687953731e-05
0.0
-2.083754172937588e-05
0.00018867925818229155
-0.00016782212355336026
-0.00016782212355336037
0.0
0.0
0.0
5.469294749931841e-10
0.0
0.0
4.493750207579491e-09
0.0
9.814819918818954e-09
3.100280704890972e-08
7.433865535038923e-10
2.9741026339503885e-06
2.9631828109189642e-06
0.0
0.0
0.0
0.0
-9.404181905063744e-09
0.0
2.810514132534081e-08
9.98528276994245e-09
0.0
8.418310383804966e-09
7.922980417816893e-10
-7.922980605186715e-10
0.0
7.922980953438702e-10
9.723677311406238e-09
9.723677063186442e-09
1.5769880947066486e-08
1.5769880940698658e-08
4.389875164581465e-10
-5.469294454997533e-10
0.0
0.0
0.0
0.0
0.0
9.060273141573394e-09
0.0
1.823357697105238e-07
1.764976614267864e-07
-3.808085912739272e-09
0.0
0.0
-4.914217018384126e-08
-3.9678497293152216e-08
0.0
7.496525168416138e-09
2.1968533542851866e-09
1.147371872556878e-08
7.317190374453578e-10
9.97317461085586e-09
7.237570937685459e-10
9.96505127614795e-09
0.0
2.6479945118383418e-08
3.1411944671622845e-08
3.1109922065929114e-08
-4.5276543016025047e-10
-5.303173349026011e-09
0.0
9.693378429575725e-09
-2.033344680130167e-09
-6.762241806396001e-05
0.0
7.922980058434115e-10
0.0
1.0921432198877912e-08
-2.0595084840118426e-08
-9.673652641515457e-09
0.0
0.0
0.0
0.0
8.604970369922334e-11
8.604910360840797e-11
0.0
2.5236520184777407e-09
8.120091159298535e-09
0.0
8.604881518480806e-11
8.604866949188383e-11
0.0
2.467627803865645e-08
0.0
0.0
1.2109533895590687e-08
0.0
0.0
0.0
0.0
5.4911884830514265e-09
0.0
9.699511664931425e-10
0.0
0.0
0.0
0.0
0.0
0.0
0.0
0.0
5.043433243159931e-09
5.197527799751342e-09
0.0
5.3302607088322046e-08
9.589589450092931e-09
0.0
0.0
7.147401019936349e-09
0.0
0.0
0.0
0.0
0.0
9.685409354241742e-09
0.0
9.880474789947951e-09
9.473106298198115e-09
9.843482675136532e-09
9.761445353775334e-09
8.077605817306817e-09
0.0
4.0132811333014944e-09
0.0
1.8291704651792942e-08
1.3413994146401906e-08
1.946505035907006e-08
7.969239836076434e-09
1.4088644040975902e-08
6.280931731808462e-09
0.0
0.0
0.0
0.0
2.3952588005171784e-09
1.9745039041108602e-08
0.0
1.2248730825291336e-08
7.138798585634986e-05
2.113061180206343e-08
0.0
0.0
0.00013669790987533626
0.00013671609241475813
-6.089283743904161e-09
9.728034739218677e-09
9.728034739040068e-09
9.728034738756657e-09
-9.916717432398542e-09
1.2470833590689044e-07
0.0
0.0
0.0
-3.0371700779352473e-09
2.3622413471499218e-05
-2.466798170420938e-18
1.0769217339225426e-08
9.976282107249093e-09
9.965552802817004e-09
9.965552798187948e-09
9.927136494293563e-09
9.92713649217431e-09
9.922695607416875e-09
9.922695604348078e-09
9.807516241489588e-09
2.1258452135499205e-17
9.807516261579592e-09
0.0005273015223135163
8.444246798201126e-06
0.0006082045002221292
-7.245873111041273e-05
0.0
0.0
9.357503132433607e-09
9.357503154685918e-09
0.0
7.601572504360155e-09
0.0
7.601572482842484e-09
0.0
-9.688599707778113e-09
4.378897132126145e-08
4.3788971326272244e-08
4.3788971319736015e-08
3.256998398239175e-08
0.0
5.123265838501666e-08
0.0
0.0
0.0
0.0
0.0
2.2613220435740075e-08
0.0
0.0
1.9684568431791647e-08
3.230817161485151e-08
0.0
-7.628132955517231e-06
0.0
0.0
8.088416741786055e-08
0.0
9.665729941914739e-09
9.66819801811721e-09
1.2009182993658752e-07
1.102721818271778e-07
5.812770672276228e-10
9.736314542546946e-09
9.736320140093027e-09
9.673123950672209e-09
0.0
9.273555286060839e-20
0.0
0.0
0.0
0.0
0.0
-3.696382490456923e-10
0.0
-5.087313612907318e-10
0.0
0.0
2.869515280480689e-17
0.0
-1.80317647653164e-09
-8.285707497435006e-08
0.0
9.245244183596412e-08
0.0
0.0
0.0
4.378897132448331e-08
-9.20901279798797e-09
0.0
8.819712515717088e-09
1.9678519722403e-08
0.0
0.0
0.0
0.0
0.0
0.0
4.977134607755599e-08
2.9961619980483857e-08
0.0
0.0
0.0
2.2623155112208294e-08
9.946696355388635e-09
0.0
0.0
1.0620532814352782e-07
3.124735393849297e-08
1.769869398524506e-09
3.9717466965165285e-08
0.0
-9.874879046195204e-09
3.971746888273861e-08
2.8630170601153004e-08
0.0
6.814998644703605e-07
0.0
-9.916717407945548e-09
0.0
3.82440407431576e-08
-1.3487364613280935e-11
0.0
0.0
0.0
0.0
0.0
0.0
0.0
0.0
0.0
0.0
-7.846356879614557e-06
0.0
2.2462611066482675e-08
0.0
0.0
0.0
9.054661420992201e-08
0.0
-9.711830398060189e-09
0.0
0.00013210663421894754
0.00013210663421826157
0.0
1.9122521236160367e-08
3.095966132094775e-17
9.964461093053822e-09
9.964461099450615e-09
5.487301950633305e-09
-7.810510658373682e-11
0.0
0.0
0.0
0.0
8.08763981783828e-05
0.0007801711595034923
7.701094448602412e-09
0.0
2.0737599431756601e-07
0.0
0.0
0.0
0.0
2.0738493404277704e-07
0.0
1.1522611783351065e-06
0.0
0.0
9.036400209398954e-06
0.0
-5.421010862427522e-20
2.695362130592386e-08
0.0
-4.8032990882293904e-08
-1.0989926289703715e-08
-1.4442922651358887e-08
-1.899359007920265e-08
-1.875231951304116e-08
-1.7437500931475475e-08
-2.128830770839631e-06
-2.026875353921492e-06
0.0
3.1439459332614076e-07
1.7844093327061355e-07
0.0
5.026029154443018e-07
0.0
0.0
8.987994953266822e-09
0.0
0.0
1.0572397920550247e-08
9.970604052458865e-09
0.0
-9.933764296970101e-09
0.0
0.0
-3.037316785588803e-08
9.934828908327031e-09
0.0
0.0
0.0
6.861206530451522e-08
2.924085128228322e-08
7.070838600811701e-10
2.4680437134650998e-08
0.0
3.2263261017345484e-08
4.1710358979843825e-08
7.04294065736697e-10
9.945192803638744e-09
3.6110239364402544e-08
2.4054070492507933e-08
9.981743132127375e-09
0.0
9.9850783806233e-09
0.0
9.987018871440342e-09
9.94143000378313e-09
3.068940616202149e-08
5.968643304503702e-08
3.169623434859634e-08
9.968969501649569e-09
1.4854830945920439e-08
9.965620631776044e-09
0.0
9.873253172341299e-09
0.0
9.987382288887503e-09
0.0
9.987372938864284e-09
0.0
9.985959709719372e-09
0.0
9.986202446911369e-09
0.0
0.0
0.0
0.0
0.0
0.0
0.0
0.0
0.0
0.0
0.0
0.0
0.0
0.0
0.0
0.0
0.0
0.0
0.0
0.0
0.0
6.949805684094942e-08
0.0
0.0
0.0
0.0
0.0
0.0
0.0
0.0
0.0
0.0
0.0
0.0
0.0005325000311126411
0.0005322285535155425
0.0
5.04310650067985e-09
-9.949663009844165e-09
9.745369262820995e-09
9.29563474435532e-09
0.0
2.676677716448719e-10
0.0
0.0
0.0
0.0
-5.447347804890927e-10
1.1614641117229579e-10
7.663412221683877e-11
7.922980247658467e-10
9.644029964493338e-09
0.0
0.0
9.77908466281616e-09
0.0
9.539134390111302e-09
1.5348271825680445e-10
9.97695377619357e-09
0.0
0.0
0.0
0.0
1.0069664366856986e-08
2.558116601912122e-08
9.953028066456702e-09
6.49680928058759e-10
0.0
9.31820797406416e-09
2.6976829559489838e-08
2.517710962492021e-18
1.9865411594049433e-08
1.9865409679560082e-08
3.20470994537749e-08
0.0
0.0
5.029430017968727e-08
0.0
1.0079774095679931e-08
0.0
1.263456401496963e-09
0.0
1.9865417394404616e-08
6.949359273660489e-10
1.9865415418770653e-08
1.986541733138601e-08
0.0
0.0
0.0
0.0
0.0
2.4388089596069966e-10
4.882069125846813e-09
0.0
0.0
1.3471807588245952e-10
0.0
9.535185010107933e-06
0.0
0.0
0.0
3.579405344192245e-08
1.1235580608310565e-08
1.7392637922606414e-08
0.0
0.0
0.0
0.0
0.0
0.0
0.0
0.0
0.0
0.0
0.0
4.6514656081582765e-08
0.0
0.0
9.929773313188894e-09
6.891824596054471e-10
-9.782349980481847e-09
0.0
0.0
0.0002733998260882972
0.0
2.7816604561846186e-06
0.0006077216973665918
0.0
0.0
5.33970248968531e-08
0.0
0.0
0.0
0.0
-3.956230270819688e-08
0.00022985876844572008
0.00015761957114357052
-0.0006111595575958869
0.00017549150261855098
0.0
-0.00038129107023241143
1.684641119936714e-07
0.0
0.0
0.0
0.0
0.0
0.0
0.0
1.6400562589785237e-09
0.0
1.6347377913881259e-10
0.0
1.1542983725044074e-08
0.0
5.360020192649084e-10
0.0
0.0
0.0
0.0
0.0
6.960930125825902e-09
0.0
0.0
0.0
1.9021379610062514e-09
0.0
0.0
0.0
0.0
0.0
0.0
-3.463809138954208e-09
0.0
-7.074508937534282e-09
-7.074508951211711e-09
8.819712385193429e-09
-1.36250708493435e-07
-4.6675541831372494e-07
0.0
0.0
5.330260769782919e-08
9.5895900215632e-09
0.0
0.0
7.147560469822407e-09
0.0
0.0
0.0
0.0
0.0
6.328895860815441e-08
0.0
0.0
0.0
0.0
4.216412238064642e-08
0.0
4.824090556774171e-10
0.0
0.0
2.467627813800974e-08
0.0
0.0
1.210953440473863e-08
0.0
0.0
0.0
0.0
5.49118888080549e-09
0.0
9.699517520151134e-10
0.0
0.0
0.0
0.0
0.0
0.0
0.0
0.0
5.043513393110134e-09
5.197529039106189e-09
-4.584688482805674e-10
0.0
0.0
0.0
0.0
7.910628637469071e-09
7.910628593163168e-09
9.054661422824777e-08
-0.00019398954178693207
2.3625384970267495e-07
0.0
0.0
1.1493565888054826e-05
8.914507830374598e-09
-8.914507828856714e-09
0.0
-9.886108029487448e-09
0.0
4.8576308243647834e-05
0.0
0.0
0.0
0.0
2.0290775173924383e-08
-1.241402215178339e-05
-7.283852659456339e-07
1.0656532136690995e-07
0.0
0.0
1.2751005192659481e-08
0.0
8.295121979634175e-09
9.27460094900784e-09
4.779920225249364e-11
6.522943373795956e-11
0.0
0.0
0.0
-6.785511389844989e-10
0.0
0.0
0.0
0.0
0.0
0.0
-9.770429511453405e-09
1.4450350454748783e-08
9.969684859775542e-09
7.282985993767475e-10
0.0
0.0
2.876064201880646e-08
0.0
9.946807015472504e-09
-4.354663130173256e-08
9.729562648073404e-09
9.729562658982707e-09
-7.01422929873111e-10
0.0
9.061703476672893e-09
0.0
0.0
6.3621037144522665e-09
0.0
3.2060546803991166e-09
0.00022985876844569962
0.0
0.00022985876844569832
8.009150046911752e-09
0.0
9.061704087763527e-09
0.0
0.0
6.3621043072191885e-09
0.0
3.206056267779291e-09
1.149356588807874e-05
2.4534033475185142e-06
0.0
0.0
0.0
6.391897074477241e-08
0.0
1.535183930759898e-08
7.024535325270777e-10
1.230872805935059e-08
1.2908262996785007e-08
2.027331222990324e-08
1.484590863166501e-09
4.75790282496593e-08
4.2462231990218266e-10
4.4308783918932026e-08
7.452496570594408e-06
6.427088291032852e-08
9.801343903539147e-09
9.801281110848407e-09
0.0
0.0
-4.786933766043333e-10
0.0
0.0
0.0
4.5556499323149395e-10
0.0
-9.055397401679165e-07
9.054661422489772e-08
-1.4875829422147143e-05
-1.487582942214817e-05
9.566646708879846e-09
0.0
-1.9505889714858601e-10
0.0
-1.9505889714180975e-10
0.0
0.0
0.0
2.2246425544645153e-09
9.28933329487786e-09
6.220538431953766e-11
0.0
0.0
0.0
9.771900329397303e-07
0.0
9.279962596718739e-09
1.986541350862403e-08
-9.209012596760047e-09
0.0
0.0
1.9122521279466773e-08
0.0
-1.898128777462829e-08
1.6486580123559018e-09
1.6486580124523628e-09
1.6486580122407053e-09
1.6486580123100667e-09
0.0
0.0
0.0
0.0
0.0
2.303743648674919e-08
0.0
0.0
0.0
0.0
0.0
2.7981997358967766e-08
0.0
0.00011722257362739821
-5.827455756350991e-05
0.0
0.0
0.0
2.095220887005455e-09
0.0
2.0952226803132447e-09
2.095224447725587e-09
0.0
0.0
2.862821822076909e-08
2.969249045590527e-17
0.0
0.0
-2.420573580116936e-09
0.0
0.0
5.561576926250311e-10
0.0
0.0
0.0
0.0
0.0
0.0
-2.7314968345908647e-10
0.0
7.462403042520436e-11
-9.849234088144763e-09
7.21986059666809e-05
7.13841935109397e-05
2.0248864809868228e-05
0.0
0.0
-1.0056971087024635e-05
1.0078736370937846e-05
0.0
0.0
0.0
0.0
7.462397048918452e-11
0.0
0.0
-9.940091597049339e-09
0.0
0.0
0.0
0.0
9.50496345866747e-09
9.504963458488588e-09
-2.0488032928187017e-17
0.0
-9.068756539162942e-09
4.840718433938435e-08
2.9053327605261273e-08
0.0
1.8172054641174313e-16
1.8172054935820485e-16
0.0008971359846028038
0.0008971263907412491
9.593861705070594e-09
0.0
0.0
0.0
0.0
6.176404667005057e-08
0.0
7.462373277109614e-11
7.462387030181273e-11
2.0441290064435327e-05
0.0
1.396793750446056e-07
9.189305597247496e-09
0.0008035845304566609
0.0
0.0
0.0
0.0
0.0
1.6084298281828937e-09
0.0
-5.049741949193198e-10
0.0
0.0
-6.929227266624927e-09
0.0
5.5829465297907406e-05
0.0
-5.605222959023285e-10
-9.701209677609132e-09
-4.652686644337051e-10
0.0
0.0
0.0
-4.131295936841185e-10
0.0
1.7195193950433482e-07
0.0
0.0
0.0
0.0
0.0
0.0
2.636894570853522e-10
9.723654883590503e-09
-4.318613208290641e-10
0.0
0.0
2.187041130116343e-05
0.0
0.0
2.7844093253293067e-08
5.973557247601712e-10
9.870220499121388e-09
6.312061122509926e-10
2.0263572812465042e-05
9.914550587325046e-09
0.0
0.0
-9.599708764018722e-09
0.0
0.0
1.6382532480119664e-08
0.0
-4.557824794703172e-06
4.53211637818243e-06
5.604028213085128e-10
1.0415026162727124e-08
-1.1650803903237295e-09
0.0
5.860145148653602e-05
5.863065314140952e-05
6.594391523276225e-09
1.4307274871077266e-08
0.0
0.0
5.362666094499945e-09
0.0
0.0
1.0415026160080776e-08
0.0
9.869831831777385e-09
1.7194825791097875e-07
0.0
0.0002762550511256623
1.9211189091719687e-15
0.0
3.0773353986531244e-08
0.0
2.3304600002448788e-09
0.0
0.0
1.8809672417293904e-08
9.865658080732663e-09
0.0
0.0
0.0
0.0
0.0
9.895103376054915e-09
6.552073107660088e-10
-5.246269287048156e-07
3.7545879046274937e-16
0.0
0.0
9.890149954940422e-09
-9.209011073184944e-09
0.0
0.0
-2.2166838677117884e-14
5.698107131513588e-10
0.0
9.807943535730564e-09
0.0
-9.73809901782784e-09
3.2351364790197956e-09
0.0
-9.35455059627218e-09
3.835482070835283e-10
3.886791821302403e-13
0.0
0.0
9.935818723641506e-09
9.975284559104081e-09
9.975284568741576e-09
0.0
0.0
-7.535290547783235e-09
3.5794053742761084e-08
4.9025742913578214e-08
3.5766851547322714e-08
0.0
0.0
3.5794053707210204e-08
3.639257156823726e-08
6.790239404326012e-10
0.0
0.0
6.951070643221953e-10
0.0
0.0
9.94591611453972e-09
7.050029654965711e-10
0.0
0.0
7.042432644030654e-10
9.947678024075511e-09
9.947678052167966e-09
-1.8862321409657268e-09
9.94514093648342e-09
-9.950201333448067e-10
2.311194002029127e-07
3.579405348195831e-08
0.0
0.0
0.0
0.0
5.4442159766917745e-08
5.444215982697758e-08
-1.7581530752148082e-08
9.93659469386999e-09
0.0
0.0
0.0
0.0
0.0
0.0
9.05466142332811e-08
0.0
-8.682280469353182e-08
-8.543769605092937e-08
2.697682951584814e-08
-1.4798622318108043e-08
-2.4182309490636007e-08
2.4814275600978497e-07
1.017611105313517e-06
8.060605856317343e-09
4.0010669606230034e-08
4.0010669606230034e-08
9.935874427412835e-09
0.0
2.4675573937800325e-09
0.0
0.0
2.8149345646859107e-09
0.0
0.0
0.0
2.844994207431832e-08
2.481427558816052e-07
9.217532980298203e-05
9.973712612722718e-09
-9.216535609023207e-05
7.401173885902049e-10
0.0
0.0
1.9962613022903378e-08
9.980873016957048e-09
0.0
1.222353756880068e-06
0.0
1.93896689553072e-08
9.661634215909807e-09
9.661633271207393e-09
0.0
6.774933401102025e-10
-9.096718802117121e-09
0.0
2.833210533006117e-06
2.5548934276389744e-06
2.687592606092654e-07
-6.648700883740092e-12
