0
0.0
0.0
0.0
0.0
1.3702815167331575e-08
3.5640973370830484e-08
0.0
0.0
0.0
0.0
0.0
3.3704696339114424e-08
0.0
0.0
0.0
0.0
0.0
8.894348881681454e-09
0.0
9.901913465662818e-09
0.0
0.0
0.0
0.0
2.0539975975348213e-07
0.0
0.0
0.0
9.682071464446816e-09
0.0
0.0
0.0
0.0
0.0
0.0
2.1782417101045132e-05
0.0
0.0
1.83252100252878e-08
0.0
0.0
0.0
0.0
0.0
0.0
2.8364877890030814e-10
0.0
0.0
0.0
0.0
2.089878921367832e-20
0.0
0.0
0.0
0.0
0.0
0.0
0.0
0.0
0.0
0.0
0.0
2.294060346514045e-18
9.295281551933494e-09
0.0
0.0
0.0
0.0
0.0
0.0
0.0
0.0
9.484431495690756e-09
1.015485305436506e-10
1.0772547127631804e-11
9.96219445581107e-09
0.0
0.0
3.954599307241259e-09
0.0
0.0
1.0154853013707478e-10
0.0
0.0
0.002038599508857273
4.898963050394537e-13
1.3834307814264654e-08
0.0
9.165386804305709e-09
0.0
0.0
8.40448445283559e-09
0.0
0.0
9.654690350851056e-09
9.3240920503012e-09
0.0
0.0
0.0
0.0
0.0
0.0
0.0
0.0
0.0
0.0
0.0
0.0
0.0
0.0
0.0
2.7965873991961456e-09
0.0
0.0
0.0
0.0
0.0
0.0
0.0
0.0
4.734940632834178e-09
0.0
9.839476094320518e-09
0.0
0.0
0.0
-1.8836973740832264e-06
1.8606721106095847e-06
3.285731060921055e-09
4.673434876016168e-09
8.439987327385198e-09
0.0
9.150736901543116e-09
0.0
0.0
8.41076827636985e-09
0.0
0.0007014581214237887
0.0
0.0
2.0060745008957593e-08
0.0
0.0
9.510995203034547e-22
0.0
0.0
0.0
0.0
0.0
0.0
0.0
0.0
0.0
0.0
1.9557634816947317e-10
9.758989088788862e-09
3.760840040307585e-09
0.0
0.0
0.0
0.0
2.6187016142208187e-15
0.0
-0.0004624136626710689
1.9397342518055007e-08
9.728763127728288e-09
3.43576896314364e-11
0.0
0.0
0.0
0.0
0.0
5.980444979001143e-09
0.0
6.813748710958107e-09
0.0
0.0
1.9664741710969537e-06
0.0
0.0
0.0
0.0
1.789234306625032e-09
0.0
0.0007212009855132509
7.420297133702179e-09
0.0020322122312759205
2.955825044856242e-08
9.135713734012659e-08
0.0
0.0
0.0
0.0
0.0
0.0
0.0
0.0
0.0
0.0
0.0
0.0
1.1649805657140181e-09
1.9905335487337464e-08
0.0
9.820898530276392e-09
3.8080248902089275e-09
1.5238752166641115e-08
0.0
2.149332072010655e-09
0.0
2.6453861740804893e-08
9.988345920023443e-09
0.0
0.0
0.0
0.0
9.616840705531979e-09
2.583255574105586e-07
0.0
0.0
0.0
0.0
0.0
0.0
0.0
0.0
0.0
0.0
1.3306939095523076e-19
3.051824036915827e-09
3.072614839061924e-11
3.100561550743666e-11
1.6924421754457505e-10
0.0
0.0
9.845206430752753e-09
1.3487148474189718e-11
9.774241977005825e-09
2.682971163284393e-12
9.884368813280225e-09
0.0
-3.324604317973129e-20
6.1307199189532e-11
2.8523585129391904e-06
6.2986683553465034e-12
0.0
0.0
0.0
0.0
0.0
0.0
-0.002391090480329705
0.0
0.0
0.0
0.0
0.0
0.0
0.0
0.0
0.0
0.0
5.991007160435768e-07
0.0
0.0
0.0
0.0
0.0
0.0
0.0
0.0
0.0
0.0
0.0
0.0
6.582918155672247e-09
0.0
6.962631890528235e-10
0.0
0.0
0.0
0.0
0.0
3.147083665959037e-11
0.0
0.0
1.5513345189385107e-11
-3.147080142314413e-11
1.6534587073619863e-20
0.0
-5.8765382981648684e-08
0.0
0.0
0.0
9.87523493693191e-09
9.437725150288806e-09
9.92116572337505e-09
9.914592864368597e-09
0.0
0.0
0.0
0.0
1.0513749490769287e-08
0.0
9.87883753786666e-09
0.0
0.0
0.0
9.324092035846667e-09
0.0
0.0
3.387217223364452e-21
0.0
0.0
3.451328498250391e-08
0.0
0.0
0.0
0.0
0.0
0.0
0.0
0.0
0.0
0.0
0.0
0.0
0.0
0.0
0.0
9.383723149380837e-09
0.0
0.0
9.538361551229762e-09
0.0
0.0
0.0
0.0
0.0
1.225649665479334e-09
1.2256496654183477e-09
0.0
0.0
0.0
9.98992214760482e-09
6.284029236354308e-10
6.197539799394672e-10
6.265603219166431e-10
6.050816735858742e-10
9.875633428225164e-09
5.132901623898766e-10
9.968813590237945e-09
9.983705960861053e-09
9.9924846112663e-09
9.990614376706729e-09
0.0
0.0
3.6396228377333673e-08
2.9675016903565277e-07
3.839432479916401e-07
2.1158796616555173e-07
0.0
5.0785225765296687e-08
2.476919982984926e-08
0.0
0.0
0.0
1.736618857123874e-07
0.0
0.0
1.0036246593501038e-08
0.0
0.0
0.0
0.0
0.0
1.1904263008941684e-09
1.085226578933876e-09
7.595766210545237e-09
1.238511490973305e-08
0.0
0.0
0.0
4.036281726118943e-08
0.0
0.0
0.0
0.0
0.0
0.0
4.761918025988298e-08
3.60763318727069e-08
0.0
2.003627379260363e-09
0.0
7.450107921621288e-05
-5.391766012805081e-10
2.0539975965964716e-07
6.281978429599934e-10
6.187196548203949e-10
6.262780888060837e-10
2.2173370607569654e-07
1.8700749214340428e-07
2.4149545094847393e-07
2.2894448557794572e-07
2.4149697049584256e-07
2.8560949062337033e-07
1.3184332523944422e-09
1.0159498370892767e-08
2.254407521798456e-08
1.6280444036953804e-07
1.6280595962619213e-07
1.6280747895923567e-07
9.818585822373186e-09
8.273835858781313e-09
-2.0539975974013765e-07
2.0539975972666787e-07
1.0823443386930442e-18
1.993916240572002e-08
1.9966362095095712e-08
1.9984761072631642e-08
1.9980942295149173e-08
2.2173332622069434e-07
1.8700711222342488e-07
2.4149507107486315e-07
2.0900396278337313e-07
2.414965906015442e-07
2.8560911067914644e-07
1.3180531979601734e-09
1.0159118416354449e-08
2.2543695167213693e-08
1.5319521275691692e-07
1.628055798067493e-07
1.6280709912161527e-07
2.217329463657407e-07
1.8700673230349467e-07
2.4149469120693263e-07
2.0900358283528598e-07
2.4149621071209594e-07
2.856087307348761e-07
1.3176732162486616e-09
1.015873846184507e-08
2.2543315064846794e-08
1.6280519998734685e-07
1.6280671928398685e-07
1.9942671286281274e-08
0.0
6.217028626139271e-10
6.065941844167586e-10
9.901913465655447e-09
-3.226763455733706e-10
0.0
3.4258057649636165e-11
0.0
9.516918097391645e-09
9.987524010250757e-09
-6.846198997349701e-09
9.771527233437246e-09
4.1075873203603535e-10
0.0
9.893192852294309e-09
0.0
-9.966364530964583e-09
1.5012687076927065e-06
1.4000004779025369e-05
5.079408776922559e-07
5.105873589337594e-06
1.5292324387889823e-07
2.3507259672498484e-07
7.272649040611921e-07
2.3066523729604566e-07
4.289562026521114e-08
3.518033780133723e-07
0.0
0.0
1.9588536045435938e-08
6.9274981818056285e-19
4.972567314267232e-07
5.024885871892855e-07
7.242151350083883e-05
6.010494111576693e-10
7.578380532700576e-09
-3.55741567937759e-07
-3.478046635037313e-07
-3.3786904284939523e-07
-3.7717966710733845e-07
-5.836286961699577e-07
-5.856644663647381e-07
-3.6222293858106935e-07
5.316968667532255e-08
0.0
0.0
-3.1717235192945666e-05
4.198239852301269e-10
9.78073274562392e-09
0.0
0.0
1.865845860172802e-05
9.919545974315232
1.8325210025265045e-08
0.0
-8.883529517711195e-09
1.9957970865670186e-08
6.070784135578408e-10
2.3838051798235123e-06
0.0
2.991726545359552e-08
5.957039727986054e-10
4.51723093925795e-07
4.51723093922361e-07
0.0
0.00039958629711733806
0.0
2.383797124231494e-06
0.0
9.95704850159435e-09
5.934911757705289e-10
9.977391234799177e-09
9.977391477839502e-09
9.964491184084685e-09
6.008235931688364e-10
9.964490942269962e-09
3.4816317960421894e-07
3.478046556558423e-07
3.378690349546687e-07
3.7717965910056407e-07
5.836286880341046e-07
3.3549822243440774e-07
3.6103351425814667e-07
2.014863239980743e-08
-1.6733658622154215e-05
4.614430823576229e-07
2.836510578616117e-10
0.0
0.0
2.2271573881274023e-06
2.2271575182174027e-06
-4.6144308235400444e-07
4.00884365567833e-08
1.4449876409624257e-06
1.3964594192141921e-05
1.1401766396695603e-07
4.7149675204647785e-06
2.5239004830445976e-07
9.162003963618219e-08
3.774245270371408e-13
0.0
9.829665804510866e-09
0.0
-0.027476430304621977
0.02745464788752093
-2.178241710104546e-05
8.555003440314716e-06
0.0
0.0
0.0
6.260124991503053e-10
9.990057938335205e-09
-4.622703995651307
-5.694635094650174
1.8393746166319661e-09
0.0
4.539952362649584e-07
1.9169544117713998e-07
1.218120282857198e-07
14.933354858839897
-14.933354818871354
6.276997715273191e-10
0.0
0.0
9.979700206701686e-09
9.983288921110281e-09
1.6357420093516627e-08
0.0
4.890700369705994e-08
8.416405806666721e-06
0.0
8.416405806426718e-06
4.827426554290219e-06
8.81699503434136e-09
0.0
2.2568230533234575e-06
2.275001390655702e-06
0.0
0.0
0.0
0.0
1.2622423523179463e-07
1.0761326007144184e-07
0.0
0.0
0.0
0.0
9.985461346673219e-09
1.8243079420121735e-09
3.2615017846195324e-08
2.9360972971111176e-07
3.6613779492706926e-07
3.912466826758627e-07
2.274577409017038e-09
9.236969395566321e-08
-4.517230939322242e-07
2.0858257343014807e-20
1.3702944014294178e-08
-3.1517560236738066e-10
1.8546946803454664e-10
-1.8547457493467423e-10
0.0
5.399141203861582e-10
5.399141169959007e-10
0.0
2.3057819535228557e-06
3.9216715747456844e-08
6.118509585166355e-10
2.411983337340219e-06
-5.9092658765379225e-08
0.0
-3.729251139006351e-06
5.70324183071308e-06
0.0
5.392245337491414e-09
0.0
2.1015679863012338e-08
0.0
9.884451551860315e-09
4.3784290758475663e-10
9.621353262725626e-09
1.0491739544334127e-08
0.00034892285209508795
0.0
9.792254763896433e-09
0.0
4.847400940490119e-10
0.0
2.5864572135568623e-07
2.586457212886461e-07
6.089154474883556e-10
9.972704722872308e-09
0.0
4.84740093822447e-10
4.847400937716598e-10
0.0
1.5294297894122113e-09
8.359787380014893e-09
8.359787379922978e-09
0.0
2.39282648039957e-06
0.0
1.3600342734023857e-07
0.0
2.319673959094633e-08
2.3182265100122e-08
2.319615996046554e-08
1.0470739106476284e-08
9.964490700691923e-09
-9.8980634554065e-09
3.804345686235082e-11
0.0
2.4815112069028144e-06
5.339195023926884e-08
9.978720293306095e-09
6.279374989222286e-10
6.263376690489581e-10
2.3738197332367393e-06
0.0
0.0
3.5180337801262353e-07
0.0
1.198721571216432e-08
1.1987215232128075e-08
4.822651734620647e-16
9.396805400694842e-15
1.1510173832114615e-08
4.2423880176405905e-08
3.034785707671496e-07
1.2212091613543837e-07
4.008796971267716e-07
1.1706347923913064e-08
1.0089134832456728e-07
2.8578262883868405e-08
1.402563760950749e-06
1.3661115621498942e-05
0.0
4.314087823711046e-06
2.4068370056228e-07
0.0
-3.7947076036992655e-19
0.0
1.149092026101988e-10
5.0663830739986024e-08
0.0
9.348876587647661e-08
2.7304836358998144e-07
2.637530820381182e-07
2.7304836359004396e-07
2.7304836359158434e-07
2.7304836358926125e-07
0.0
0.0
7.529864897072524e-07
-7.530252389319409e-07
0.0
1.1490920136708412e-10
-1.303907628570633e-09
0.0
0.0
2.405916721779787e-07
-9.899582984959632e-09
0.0
0.0
7.304278504580129e-07
9.510488039683196e-07
6.212822270982519e-10
-1.00439841853317e-07
9.83800780666953e-09
9.838007803222053e-09
4.762307990324705e-10
6.7225632277988965e-09
0.0
0.0
0.0
0.0
0.0
1.9477038169208465e-08
5.857412888116194e-10
0.0
0.0
0.0
0.0
1.00439841853317e-07
0.0
1.7835115797008152e-08
0.0
0.0
1.3050834616707386e-07
-8.578422616143007e-06
0.0
7.094098779971016e-08
1.9550389433838686e-05
5.514805950570088e-07
11.629435880061152
-11.629456052692325
9.926750756870896e-09
0.0
2.4399866221755893e-08
-0.0003106182490012393
0.0
0.0
0.0
0.0013879060518653397
7.064107226827161e-10
0.0
2.5623822423434093e-09
3.4180627368528262e-09
0.0
0.0
0.0
4.890738160537376e-08
3.1312957423958196e-10
0.0
9.90923849457574e-09
5.483665068435248e-10
0.0
3.5851348414634976e-10
0.0
-1.281392843393763e-10
9.842944948793182e-09
4.810934417123506e-10
0.0
0.0
0.0
9.539688182186007e-05
-1.015485305436506e-10
3.370469634711079e-08
0.0
-9.539678027332965e-05
0.0
0.0
0.0
0.0
0.0
-8.483495526675764e-10
2.0539975955235696e-07
-4.80065599182955e-08
0.0
0.0
2.944295279545566e-07
0.00020854883913366094
1.6940658945086007e-20
0.0002088432686616155
0.0
0.0
0.0
0.0
1.1972580499583075e-07
1.7126533666514407e-09
3.6470175285147006e-08
0.0
0.0
9.874201515897764e-09
0.0
0.0
0.0
0.0
5.3391950233595577e-08
6.114207885238853e-10
0.0
2.4303532904092644e-08
0.0
5.980444979017386e-09
8.57131226544645e-09
0.0
1.763752720819508e-10
9.985446538566345e-09
6.214693895871161e-10
4.292538619769455e-18
6.720156930802875e-05
0.00019247752566260013
0.000192485808306287
0.0
0.0
0.0
0.0
0.0
4.0522962632710225e-09
0.0
1.3573989109570352e-08
0.0
-9.552389621030012e-09
-9.62603952103791e-09
-9.535733098921164e-09
4.022861824773882e-09
-9.32216792854431e-09
1.3573988388978966e-08
-9.413708670815823e-09
0.0
-1.0154853013707478e-10
0.0
6.202102726606406e-10
4.6135363571094175e-05
4.613536357109421e-05
-0.0020386093418378604
-0.0020348783476397464
2.431217756343652e-08
0.0005872325475274791
-4.898963050394537e-13
0.0005872568592151462
0.0
0.0
0.0
3.784829662422914e-09
0.0
2.915080065649731e-07
0.0
5.632701443316967e-07
5.632701443316319e-07
5.632701443314843e-07
5.724355311358078e-07
5.632701443315015e-07
0.0
0.0
0.0
8.001115887730619e-09
0.0
1.7254660960834754e-08
8.40448276105037e-09
0.0
0.0
0.0
5.155005997225775e-07
0.03552425021427652
0.0
0.0
-0.035524757366639244
2.6161385934516426e-15
0.03552477411936267
0.0
6.943672844764706e-05
0.0
9.973676483236609e-09
6.098726582762556e-10
0.0
7.05722406064652e-06
-7.057224060614772e-06
2.501662357486651e-07
0.0
3.302104599787548e-08
0.0
2.410214497259829e-09
9.425896617354883e-09
0.0
-9.654690350851056e-09
0.0
0.0
0.0
1.4593659221586147e-17
0.0
0.0
9.883721598200649e-09
9.883721598171688e-09
5.21257028027791e-10
9.888656397882209e-09
7.181563245400258e-08
9.88865639470065e-09
5.26117883783757e-10
0.0
2.605256940356796e-20
0.0
0.0
0.0
1.1047417164337161e-06
5.77423155371376e-10
1.1046012634265957e-06
0.0
0.0
0.004774780175917405
0.0
0.0
4.755245642902352e-06
14.214712141049787
-14.214712101117348
9.981906371653618e-09
3.432125952364251e-07
-5.9532692926506266e-08
0.0
0.0
0.0
0.0
-6.187223067873255e-06
1.998508315161588e-08
6.283319954895099e-10
2.9594870281570502e-06
1.4457419482814334e-09
1.0545120223311547e-06
0.0
2.823350275766826e-06
1.0924296156940494e-05
2.834911874111902e-06
3.835849050539988e-08
9.902514514111005e-09
6.285861007208791e-10
9.87563342818741e-09
1.7352299965978556e-09
-9.841383936948223e-09
0.0
-2.4203068651779614e-08
0.0
0.0
0.0
0.0
2.9205494478407994e-07
4.774067590281685e-09
1.9587463130537112e-08
0.0
0.0
0.0
9.985446057150538e-09
6.041796496882562e-10
6.202657062871473e-10
1.3849566726199223e-08
7.009402024465321e-08
1.9965911705779718e-08
9.981686218109795e-09
9.97638623029255e-09
0.0
5.366937907403902e-10
5.366937905653471e-10
7.726266933396334e-09
0.0
-3.9841194008741224e-10
-2.4980548368682028e-08
6.270955254646283e-10
1.9981512748974348e-08
6.263049251200599e-10
1.049175255246887e-08
0.0
0.0
0.0
2.2088919969163899e-10
2.208892001842297e-10
0.0
0.0
0.0
8.67794956157119e-18
9.818585835536487e-09
0.0
0.0
-9.974772338700393e-09
0.0
0.0
7.634675706551497e-11
7.634399888346175e-11
7.634667475508605e-11
0.0
0.0
0.0
5.7679220142483845e-09
0.0
9.948312396090842e-09
9.924595597359752e-09
0.0
0.0
1.3702815139933338e-08
0.0
0.0
0.0
0.0
0.0
6.270356884588679e-10
1.9981810653913467e-08
6.26658168784096e-10
1.871807246312224e-08
0.0
0.0
9.845329467488816e-10
1.9538822564457108e-08
3.75224289760296e-11
9.58440475419134e-09
1.2508111672113413e-08
0.0
0.0
0.0
0.0
0.0
0.0
0.0
5.267195423970063e-19
9.901913465603165e-09
-9.223338223382505e-09
0.0
0.0
0.0
6.337435893318232e-06
9.46073156037683e-09
0.0
0.0
9.993499587206534e-09
0.0
1.9472150828160595e-08
9.820705392266192e-09
4.591898782947613e-10
0.0
-1.0027330679110089e-08
6.076919161991965e-10
6.117080332819781e-10
0.0
0.0
9.022891994006594e-08
1.9947974933487766e-08
6.086500125588128e-10
0.0
9.879267233084024e-09
0.0
0.0
-9.937108288858603e-09
0.0
0.0
0.0
1.9626678399815183e-07
9.065856398611116e-08
1.5083726684161657e-07
2.385958352312854e-07
0.0
2.513170321266226e-07
0.0
2.951902962723698e-07
0.0
1.0910904776980824e-08
0.0
0.0
1.9882322695982583e-08
3.22581975179955e-08
0.0
1.7241879723886134e-07
0.0
1.724559827867349e-07
0.0
1.6997180456115513e-07
0.0
0.0
0.0
0.0
0.0
0.0
0.0
-3.4816318220456943e-07
-3.4780465827107345e-07
-3.378690375862442e-07
-3.771796617800439e-07
-5.836286907454774e-07
-5.856644609107675e-07
-3.622229330958737e-07
-5.3169681157004545e-08
5.5232874629934857e-11
0.0
0.0
0.0
0.0
0.0
0.0
0.0
1.5567886882171186e-05
0.0
0.0
1.4786286382145873e-09
0.0
1.9016163631714468e-07
0.0
9.839666761094672e-09
0.0
-9.839476094317058e-09
2.6290122102211e-10
2.6290122087028163e-10
-4.587889849583249e-06
1.832715469391604e-08
9.958250379907587e-09
5.946750024276154e-10
2.3898659495123406e-08
6.830258443873981e-07
0.0
0.0
5.9220052220951926e-08
0.0
0.0
2.067665776807067e-07
0.0
2.6056792404993567e-08
1.3319939168441655e-08
4.436264478696279e-08
3.774845410492814e-07
0.0
1.775702644174068e-07
1.2137112948831634e-08
5.892426985164159e-08
9.967898019513483e-09
0.0
0.0
2.6348617218952756e-07
3.5222646961038176e-07
3.7867395417271e-07
1.0888233163760396e-08
2.1059130765588767e-07
3.032519520799914e-08
9.963274931348476e-09
2.0487619454085375e-07
0.0
0.0
9.049336109720908e-09
0.0
0.0
-0.00031786780104701637
2.025206016748049e-06
0.00032106060422852644
0.0
6.565087588821897e-09
0.0
0.0
5.51872897630416e-07
3.1779698929958697e-06
0.0
0.0
0.0
0.0
0.0
0.0
2.659648695447947e-05
7.554408437289766e-05
1.873989604646576e-06
3.675943382522864e-05
0.0
0.0
0.0
0.0
0.0
2.070966049292953e-06
0.0
0.0
4.1029686099324235e-06
4.1029686099351814e-06
4.1029686099310056e-06
4.111408597259882e-06
4.102968609932446e-06
0.0
0.0
-1.4084627686304987e-05
4.7620310781305246e-07
0.0
0.0
9.132788789873433e-07
9.1327887898455e-07
9.13278878983071e-07
9.224296158860467e-07
9.132788789844855e-07
2.5119806885972744e-06
0.0
0.0
4.99476728298442e-06
4.985510775177657e-06
4.990245715810229e-06
4.994767282986964e-06
4.990245715808579e-06
6.991871446786973e-07
0.0
0.0
1.3600072065737278e-06
1.3600072065709699e-06
1.3600072065695572e-06
1.368417974847425e-06
1.360007206571003e-06
3.5201858979525616e-06
0.0
3.9709796369389814e-10
0.0
9.933227579869984e-09
0.0
0.0004334862759773056
0.0
5.193871222429888e-08
0.0
0.0
2.0948781028581152e-07
0.0
5.1591000220673294e-05
0.0
0.0001122904536657544
-0.0007014581214237886
0.0008174784178801694
0.0011456989222516432
0.0036259205002761863
0.0
1.0350117350845854e-08
5.28663318199482e-10
1.9800261408800192e-08
9.9090208961473e-09
5.461778609939049e-10
-1.0609199358018291e-08
-1.0609199358027668e-08
1.4677876037374605e-08
0.0
0.0
0.00025537456477783957
4.0499663026783626e-07
0.0
0.0
1.123160972538173e-05
1.5732408433139406e-08
0.0
4.809770901698688e-10
-1.075543455838178e-09
0.0
4.697187517861878e-06
1.985740372118365e-08
0.0
5.171260721588993e-10
-9.958312246620719e-09
0.0
1.8598374227073227e-08
0.0
0.0
0.0
2.4401687862679166e-07
0.0
0.0
0.0
0.0
5.718134325264437e-10
-4.429691268801268e-06
0.0
0.0
0.0
0.0
9.979485053896626e-09
0.0
6.04358979211197e-10
3.880284185059231e-09
5.735646097708906e-10
0.0
6.026857321055325e-10
1.1561296211950767e-05
9.639975184404786e-07
9.737175068545661e-07
1.4506601881627363e-07
0.0023386859981944785
1.2526855404637787e-08
9.94166153387276e-09
5.783323241113927e-10
1.2880010885279324e-08
0.0
0.0
0.0
0.0
0.0
0.0
0.0
0.0
-9.758989088842415e-09
0.0
0.0
2.8749486503793893e-08
4.924026408258058e-09
9.938835450197238e-09
0.0
1.4797403465619628e-09
0.0
0.0
0.0
0.0
0.0
1.786997816327018e-08
0.0
9.969610841364248e-09
9.969611084598151e-09
9.923691764037237e-09
5.606301447539651e-10
0.00014323081590861264
0.0
0.0
-2.6174266747058805e-15
0.0
0.0
1.4335751897920449e-08
2.7721889253562606e-06
0.0
3.33164029003931e-08
0.0
0.0
-9.463706720922371e-09
0.0
0.0
0.0
0.0
0.00012759911024982917
-2.6213913968328728e-08
0.003090231159882966
-4.336808689942018e-19
0.0
-2.8853920098158813e-08
-1.93973425180522e-08
5.040545580858476e-05
0.00018887823877197598
0.0
0.0
-3.686488057381755e-10
-3.686488057381537e-10
0.00023928215303606123
0.0
0.0
0.0
1.617493084480055e-10
1.9458233218534487e-08
0.0
3.41622821891897e-08
3.2329227946753285e-05
0.00043006005488519753
-5.314518307345833
5.314980730824478
0.0029013529211109963
0.0002392821530358149
0.00014814852336746383
0.0
2.897440327392872e-09
9.97087081790974e-09
0.0
9.737175068480003e-07
7.241154877846157e-05
1.3440121912976684e-08
0.0
-8.325384859017391e-07
7.546824575398444e-06
7.073430494501433e-09
0.0
-2.3815327352635397e-06
0.00014067846379613134
0.0
0.0
0.0
-7.232556266825511e-05
0.0
9.960606128180165e-09
0.0
9.799029863086835e-09
9.799029863656042e-09
0.0003109796843532911
0.0
3.4128985155252255e-09
0.0
0.0
9.933374132790884e-09
0.0
6.497536041234209e-08
9.9430647222337e-09
0.0
0.0
4.569276327716111e-06
0.0
0.0
0.0001273322543345467
2.3510739290863317e-06
5.599385303009506e-07
-1.9583732493444472e-06
0.0
-1.966474171083421e-06
0.0
9.376357139701419e-08
8.492516444791041e-07
8.430868990003164e-09
1.2675730518820968e-08
7.020919380242602e-06
3.5388532673302166e-07
0.0
0.0
0.0
-5.9005738199014885
5.900573838070334
9.675507006081139e-09
0.0
0.0
0.0
0.0
1.0990341197971815e-08
0.0
6.267140000823597e-10
0.0023386843718240114
0.0
0.0
3.74547478054013e-16
0.0
1.901707500491134e-08
1.9027179444503134e-07
0.0
0.0
1.8434374792784125e-08
4.044119675338766e-08
0.0
3.8802841898426665e-09
6.0565377074468605e-09
9.794663030069016e-10
5.1308446844396e-07
1.045424098831072e-06
3.996153112493929e-08
6.25776159202984e-10
5.271456711816736e-06
5.2714567163807425e-06
9.993499568355017e-09
5.03135186728787e-07
0.0
4.341670246690578e-08
5.661223074554859e-09
0.0
6.233504584819432e-10
1.3440121922083566e-08
0.0
0.0
1.8422501609275843e-08
5.173890431457931e-08
0.0
0.0
7.298663228358015e-09
6.936547024227913e-08
2.2163759465378306e-08
9.018206300848935e-05
9.988170218648828e-09
-9.017207483809028e-05
1.0009969872089198e-08
0.0
1.9492590908137474e-08
-2.006835518198357e-08
-0.002032222335694012
-0.002028933090665118
0.0
9.135713733692213e-08
-9.135713733852808e-08
-7.420297133700301e-09
0.0
-3.481631848049199e-07
-3.478046608877683e-07
-3.378690402178197e-07
-3.868300245627593e-07
-5.836286934577853e-07
-5.856644636377528e-07
-3.6222293583847154e-07
-5.3169683916190653e-08
1.049175514651263e-08
1.7637540529037795e-10
4.571023851624275e-10
4.571023812020487e-10
1.8661045483266137e-05
2.3318014665358735e-08
0.0
2.9923524659618667e-08
9.9862260938955e-09
5.3701786454031534e-12
0.0
0.0
0.0
0.0
0.0
0.0
0.0
0.00023342020290277607
2.9204611139311485e-06
0.00019712083677868926
-2.0389585066074144e-08
0.0
9.339305609916243e-09
0.0
0.0
0.0
0.0
4.7358407980421046e-07
-4.655922933160129e-07
7.991785876266513e-09
1.819843147272795e-08
9.818585840136276e-09
0.0
7.843760104882105e-12
0.0
9.861489705578298e-09
2.8017017316940413e-08
0.0
1.8198431465650113e-08
8.273836726857553e-09
0.0
-6.268298197093147
6.268223476755508
7.472033763867333e-05
-1.10281225730092e-07
1.300088286380965e-07
0.0
0.0
0.0
5.723708523811614e-10
0.0
4.794372119344983e-09
0.0
0.0
2.1780531458476578e-08
2.1445177234643235e-06
9.987082226850936e-09
9.987082460222066e-09
-0.0007211618008428986
0.0
0.0
1.3202176423249436e-09
0.0
1.320219365162949e-09
1.3202210692568465e-09
2.7129924082269774e-07
-5.0735107743853245e-08
5.1460987912320294e-08
0.0
1.9655712104535995e-06
0.0
-0.0007952216132788806
0.0007952195129326481
9.78498832207884e-09
9.784988322066134e-09
0.0
0.0
0.0
9.94433397780159e-09
0.0
1.4369089494318382e-09
2.7802858695586807e-09
4.2171948189921395e-09
9.674452641772469e-09
1.6302754676509666e-07
6.258526582585228e-10
0.037797398682182536
0.03779739751720197
0.0
0.0
9.719190638984386e-08
8.724833765624618e-06
-1.0454622921471009e-08
5.827462427645045
-5.827462407665383
9.989766154166611e-09
-1.855175629678111e-08
0.0
1.7572649369831448e-08
-1.7572649347805114e-08
-8.135672024198513e-09
1.7572649299913262e-08
0.0
-9.820898538848155e-09
1.5044232142561604e-08
1.504423294292022e-08
9.790842258466936e-09
-9.944334019434953e-09
4.5646371961696194e-08
1.1715730882094783e-07
0.0
0.0
0.0
9.838007810946934e-09
4.104018250511998e-09
0.00025665231316967244
0.0002566602252128137
-3.8080248902089275e-09
2.1526538377859098e-08
0.0
0.0
0.0
2.8365561581844015e-10
1.9732031266194104e-08
0.0
2.4020036979784664e-06
6.157474833758692e-10
9.979639358710444e-09
6.15759037550325e-10
9.979651086217856e-09
0.0
0.0
2.4219629884295616e-06
1.4086427072288917e-08
-9.58543704528692e-09
0.0
3.240408360946538e-06
5.335002717461323e-10
3.260140392195366e-06
2.7466406810101743e-06
0.0
1.7572649398002937e-08
0.0
0.0
-2.415012139941365e-08
-1.697434928216888e-08
3.5388532672358233e-07
0.0
0.0
0.0
4.074229958397409e-13
4.0688950557487124e-13
0.0
1.896626864608306e-11
0.0
0.0
4.0669230156227515e-13
4.0659142719334795e-13
0.0
0.0
0.0
0.0
0.0
0.0
1.9424545476473292e-08
4.6777374335129065e-08
0.0
0.0
0.0
0.0
5.217058902971393e-09
0.0
3.036194731892021e-09
0.0
0.0
0.0
0.0
2.7728622543712037e-11
0.0
9.365839410427906e-09
0.0
3.639622854454525e-08
2.967501691599459e-07
3.8394324815746195e-07
2.115879665397765e-07
0.0
5.078522593795939e-08
0.0
0.0
9.225810292095009e-09
1.2764132545806637e-09
6.988415339509963e-09
3.772512799104757e-09
0.0
9.536760198454823e-09
9.654340302873004e-09
0.0
0.0
0.0
0.0
1.342002064286834e-09
2.4269714082957914e-08
1.744794153634889e-08
0.0
6.92523912516805e-09
1.7638477160013752e-07
0.0
0.0
1.2076392163170056e-09
5.91873243084935e-09
3.135930753290917e-08
2.8575640501866805e-09
8.78601892053856e-09
9.52503808662155e-09
0.0
-1.947215082866204e-08
3.3704705751947456e-08
4.837471131061725e-18
1.90519867113147e-08
9.756170359267087e-05
9.760905572116552e-05
0.0
1.0391752173711071e-10
1.0391752162388637e-10
0.0
-4.134320885240052e-10
1.6779304614334604e-05
0.0
0.0
0.0
-9.616840705527598e-09
2.2178946402522696e-07
0.0
2.9577637478225043e-08
9.98910141159438e-09
9.985974732190694e-09
9.985974717297484e-09
9.970318181301706e-09
9.970318173583939e-09
9.979071557485995e-09
9.979071548894281e-09
9.944004674539895e-09
0.0
9.944004657859318e-09
0.0
0.0
2.4039495598029667e-07
-2.5832555740984535e-07
2.762675571589622e-06
1.2235314520552142e-08
9.935624727007141e-09
5.723852523024809e-10
0.0
9.806999595189362e-09
4.456917104551407e-10
9.806999594618174e-09
1.952475673318776e-09
1.9524757366440326e-09
1.7004497060835805e-07
1.7004497061124643e-07
1.7004497060669125e-07
1.866833206232068e-05
0.0
1.214968857728668e-07
1.091204062526493e-06
0.0
1.824966612720984e-09
0.0
0.0
0.0
0.0
0.0
1.2118252524508634e-07
0.0
0.0
3.9619491864755224e-07
6.710826617336695e-08
1.701251527251445e-05
4.396499502284977e-09
2.6112221918406018e-08
9.869135379877039e-09
9.871668527127278e-09
5.46642791410717e-06
5.4564890786743845e-06
5.755482035855436e-10
9.88850058110278e-09
9.888849233536815e-09
9.876734401109594e-09
0.0
0.0
0.0
0.0
0.0
0.0
0.0
-3.1005642497916597e-11
0.0
0.0
0.0
0.0
0.0
0.0
0.0
-5.3495459383928875e-06
-1.6924421753102253e-10
5.357934129530834e-06
0.0
0.0
3.500456704260177e-18
1.7004497060989118e-07
1.7760293437496082e-05
1.7760293437496066e-05
9.968513584982315e-09
1.211764775416871e-07
0.0
0.0
0.0
1.0922468232370693e-06
1.0922468222170064e-06
0.0
4.991438817450856e-08
3.022729819669116e-08
1.86842032526197e-07
2.371737765596841e-10
4.792159893113478e-08
0.0
1.1135223232449164e-07
1.0823180115293986e-06
0.0
-1.3368029451606665e-07
4.2924114995461136e-08
-2.4725438943073042e-08
0.0
0.0
-4.833208032089636e-10
0.0
5.4602705012358473e-08
5.63158629455173e-08
1.4827218857403588e-07
0.0
-4.134320919903164e-10
0.0
0.0
-1.3487148474189718e-11
0.0
0.0
0.0
0.0
0.0
-2.682971087051428e-12
0.0
0.0
0.0
0.0
-6.320905960985465e-06
0.0
1.1862165744141506e-06
0.0
0.0
0.0
2.0539975969982053e-07
0.0
-5.218945427950877e-10
0.0
0.00025496018710734203
0.000254960187070885
0.0
1.3702815158261442e-08
8.123218615521291e-19
1.7304376893261624e-10
1.7304376820763974e-10
0.0
0.0
0.0
0.0
7.148119623875159e-10
0.0
0.001125574296513633
0.003625057236950238
0.0
0.0
5.292738346908117e-06
1.6357419849785622e-08
0.0
0.0
0.0
5.292747285597927e-06
0.0
0.0031569788327367285
0.0
4.838704057591285e-05
5.9263763827890184e-05
5.927777181628555
0.0
-5.694620417701664
4.658417968241013e-06
2.782826436856234e-07
-1.9961001850553328e-08
-8.887758174824095e-09
-1.4056667180662851e-08
1.358212016176096e-08
-7.89619520528799e-09
-2.8523585129391904e-06
-2.7672893107566487e-06
0.0
0.0
2.714963912055256e-06
-6.2986683553465034e-12
2.8199788429006018e-08
2.6788514883172876e-06
1.6195098003738527e-08
3.606980987084734e-09
0.0
1.973771328746924e-08
0.0
6.144667182999756e-10
0.0
-9.559146208967806e-09
0.0
0.0
-2.8789828355203306e-08
5.744830866160224e-10
0.0
2.5441391909737263e-08
2.9264320492316502e-08
0.0
0.0
5.809538555391583e-10
7.671327224612913e-09
6.500487382384655e-09
3.293535608411472e-05
3.2935356084114725e-05
0.0
0.0
0.0
1.787602063481111e-07
9.98839798329373e-09
1.418630798522538e-07
9.989896171973283e-09
0.0
9.991096912334675e-09
9.975539424152552e-09
1.4957338775854703e-06
5.986348120789993e-08
5.0128108447625154e-08
9.984225396381645e-09
4.696389260837892e-06
9.984169090751282e-09
0.0
9.971463944908171e-09
6.177806406836679e-06
9.992670529786914e-09
0.0
9.992012220978513e-09
1.552131889314062e-08
9.99115759209106e-09
1.069601515694007e-06
9.990770355316745e-09
1.1214292869152616e-07
0.0
0.0
0.0
0.0
0.0
8.184861408684204e-09
0.0
0.0
0.0
0.0
0.0
0.0
0.0
0.0
0.0
0.0
0.0
0.0
0.0
0.0
1.8321357368132113e-08
3.986307239580286e-08
0.0
0.0
0.0
0.0
0.0
0.0
0.0
0.0
0.0
0.0
0.0
0.002391090480329705
0.0023875383259666094
0.0
1.6132132745393127e-07
-9.899582993633249e-09
9.98835563834511e-09
9.988992262467188e-09
5.996250667127437e-10
2.7298866176481665e-10
9.281089377888024e-09
0.0
0.0
0.0
-9.937108282309344e-09
1.1780643765311783e-10
7.753437223510483e-11
1.7572649386088432e-08
0.0
9.922494308378744e-09
0.0
9.398792364909776e-09
0.0
2.8017017315783366e-08
1.5610914466769423e-10
0.0
9.49972141277827e-09
0.0
0.0
0.0
4.81318842730366e-07
2.47451710394313e-07
6.123366564058242e-10
9.854681403085838e-09
4.926529469354779e-10
9.363116532101756e-11
3.564097335881584e-08
0.0
1.9942660850427987e-08
1.9942663462538058e-08
9.88304381878716e-07
2.864173432066346e-06
0.0
4.6188363169435504e-08
2.8827810913419777e-07
3.616780792331175e-07
2.090833773862949e-07
0.0
1.0034705098458717e-07
1.9942652981796462e-08
6.046619459532632e-10
1.9942655622503887e-08
1.9942653008137337e-08
0.0
2.9601101005046386e-06
0.0
0.0
9.538361228733543e-09
1.0628168926333626e-06
0.0
3.360996500567283e-09
0.0
2.833184442013634e-06
0.0
1.0933003262985773e-05
0.0
2.8438172295817515e-06
0.0
2.3633315908858537e-06
0.0
5.28975861172021e-08
4.539952365024949e-07
7.298663413295681e-09
0.0
0.0
0.0
0.0
3.5825320462572886e-07
1.606184629819684e-08
0.0
0.0
0.0
1.708581098991647e-07
0.0
0.0
9.974265518625177e-09
6.104530547974842e-10
-9.937108285708488e-09
0.0
0.0
3.2021605213193177e-06
1.4797403528971147e-09
2.0252060167446435e-06
0.0004500678282792572
0.0
0.0
3.950827069675389e-09
0.0
0.0
1.2001933140592705e-08
5.006327704066416e-08
-4.69718751809926e-06
0.00012764629809181502
-0.002072936615298032
-0.00014323081590863
0.0023386859981944894
4.675120018511684e-18
-1.5577506952080267e-05
-5.605235877705739e-08
0.0
0.0
0.0
0.0
0.0
0.0
0.0
5.455309771619193e-09
0.0
7.4325717743668626e-09
0.0
1.3699208269725333e-08
0.0
5.9314533510117586e-09
0.0
2.194053253862272e-09
0.0
2.183036944506329e-08
0.0
2.420960251198532e-09
0.0
0.0
0.0
3.849897027343505e-09
0.0
0.0
1.1982102430170408e-08
0.0
0.0
0.0
4.940683365216378e-10
0.0
0.0
0.0
9.968513585550655e-09
-2.588239798682899e-07
-5.991007160435768e-07
1.6054790099192087e-07
0.0
3.639622820826697e-08
2.967501689119723e-07
3.839432478252955e-07
2.1158796579086818e-07
0.0
5.0785225590151224e-08
2.4769199664731815e-08
0.0
0.0
7.806920398243094e-10
1.7366188533469545e-07
0.0
0.0
1.0852264050720549e-09
7.59576603998217e-09
1.238511478208421e-08
0.0
0.0
0.0
4.0362817005348424e-08
0.0
0.0
0.0
0.0
0.0
1.942454529515965e-08
4.6777374162158055e-08
0.0
0.0
0.0
0.0
5.217058520088158e-09
0.0
3.036194545098519e-09
0.0
0.0
0.0
0.0
2.7728172562645492e-11
0.0
9.365839162042049e-09
-2.772188924600285e-06
0.0
0.0
7.449113376044043e-05
0.0
9.209161138952089e-09
0.0
2.0539975960600546e-07
-0.0004335153457507572
0.0
0.00026685285088284355
3.0654034971986905e-08
2.4439642256623983e-06
4.3117072539095626e-10
-9.792254762857732e-09
8.254783123231155e-09
0.0
0.0
0.0
0.0
1.6218594975645095e-07
9.919543512303969
3.2758253699579876e-08
5.8733100570366754e-08
-1.4607959222986423e-06
-10.317398149720612
6.337435893314899e-06
0.0
1.8427430519973083e-08
0.0
0.0
8.70024276533448e-09
9.924595588104446e-09
5.615202586797602e-10
5.615202501090104e-10
1.9364806449723254e-05
9.854777018767277e-09
4.927472396524589e-10
-9.77568684024609e-09
0.0
0.0
0.0
1.8547968072161322e-10
0.0
0.0
-9.860147193521684e-09
2.888480295500249e-06
9.97872028050266e-09
9.978720267847703e-09
0.0
1.0198208147668667e-08
7.873247387379934e-09
0.0
9.970534287637097e-09
-10.317388817551322
9.891240531079541e-09
5.286633363548713e-10
-9.946058565288296e-09
6.02559938779767e-09
0.0
0.0
0.0
1.7993156432737895e-07
0.0
0.0
0.0001276462980918176
5.876018137094648e-10
0.0001276462980918206
9.951070726918767e-09
6.025599070246197e-09
0.0
0.0
0.0
1.7993156357946956e-07
0.0
0.0
2.443964225510267e-06
-0.00039958629711733806
9.945911635050394e-09
0.0
0.0
5.024885871860171e-07
2.18095134514018e-08
0.0
6.141459419371129e-10
-8.837761013704673e-06
6.206875895829311e-06
5.481221884663309e-08
2.6728840281539884e-08
-1.0517948871546204e-07
3.0884898135328815e-09
1.6286598895050102e-07
5.703657288899373e-06
2.1543841329311667e-06
5.042070679294018e-10
9.866410658312869e-09
0.0
3.5167028370532936e-07
0.0
0.0
0.0
0.0
6.649166006166538e-09
3.3015278504519134e-07
-6.197538428954303e-07
2.0539975944556072e-07
0.0
0.0
9.779025784895334e-09
0.0
-6.962631890377918e-10
-6.962631890242393e-10
-6.962631890072987e-10
0.0
10.317388804704478
10.317388804704478
9.226866298931669e-07
9.669742858360514e-09
3.105385080853956e-10
0.0
0.0
0.0
1.9054181009860698e-06
9.470986811378586e-09
6.645678265419197e-10
1.0491744758062787e-08
0.023678234628928516
0.023678234628928516
0.0
1.3702815112537642e-08
1.2653612064888624e-08
0.0
0.0
5.683108293257706e-09
0.0
5.683108292830649e-09
0.0
5.818994402193842e-06
3.603324702340646e-07
0.0
2.1945060354261946e-08
0.0
8.223553481065598e-08
0.0
0.0
0.0
0.0
0.0
0.0
0.0015552119198250502
-0.0007834824362030618
0.0
0.0
1.1613241686145226e-09
0.0
0.0
0.0
0.0
0.0
2.4399866228150856e-08
4.8907003456153745e-08
1.0338702253741405e-18
0.0
1.4088394063460179e-09
0.0
0.0
0.0
9.841383902253753e-09
0.0
0.0
0.0
0.0
0.0
0.0
-9.386184206513549e-09
0.0
7.634119249698615e-11
-9.791421663419501e-09
-1.945152066674949e-08
0.0
0.0
0.0
0.0
-1.0743649822740842e-07
1.5525029120526704e-07
9.837971037265306e-09
0.0
2.439986624581575e-08
2.4399866240207182e-08
7.634122897192248e-11
0.0
0.0
-9.930557496110048e-09
0.0
0.0
0.0
0.0
3.1470801436091286e-11
9.386184170739061e-09
0.0
0.0
0.0
6.862438430079626e-08
5.8765382982732886e-08
2.4399866234355945e-08
4.574581991734281e-15
4.57458199013584e-15
8.066282900836899e-07
7.968024601018493e-07
4.642414534307523e-10
0.0
0.0
0.0
2.318212741955804e-07
2.654354572352912e-07
0.0
7.634133171338963e-11
7.634127537253686e-11
0.00019607736466279875
9.500823404525075e-07
4.541959700312033e-06
2.42041574430766e-10
0.004774301313078646
0.0
0.0
-9.919543531602997
5.700237536884687e-10
0.0
9.933227575477205e-09
0.0
-5.128976513386295e-10
0.0
0.0
2.4149431134490795e-07
0.0
0.0007755774058973014
0.0
-8.218043451540162e-11
-5.58141507912389e-10
-9.92116572337727e-09
0.0
0.0
0.0
-9.914592864368425e-09
0.0
4.410970459569727e-06
0.0
0.0
0.0
0.0
0.0
0.0
2.365156944357169e-10
9.75698389282435e-09
0.0
0.0
0.0
5.1591000202446066e-05
0.0
1.797411059350423e-05
-1.7954188127333737e-05
9.951001142180765e-09
9.928741495370041e-09
5.64518164973776e-10
0.0003106182490012394
1.3120899526807446e-08
0.0
1.513769933908884e-07
5.825192952365748e-10
1.3000882864238692e-07
0.0
7.185738986019995e-07
0.0
-7.001266242312454e-07
0.0
9.910306059355423e-09
1.0513748468791192e-08
-1.1422691620887258e-09
0.0
0.0007776020076849174
0.0007776217833166711
0.0
1.9739320029842997e-08
9.803869524819636e-09
0.0
5.164461998980362e-10
-5.164461997720102e-10
1.4833239347013343e-09
1.0513747446809184e-08
0.0
9.929844280763291e-09
4.410963794495459e-06
0.0
-0.0003202892137448843
0.0
5.770584145663419e-06
1.9716492785073815e-08
0.0
0.0
0.0
0.0
1.967962281859004e-08
5.607406815109974e-10
-8.496140392567561e-09
0.0
0.0
0.0
0.0
9.89851868140881e-09
9.898518681356294e-09
-6.268298216717332
1.4454883369391603e-17
-9.324092035847917e-09
9.983711107393864e-09
9.986164973071328e-09
5.372405831989427e-05
5.3724058319894306e-05
0.0
0.0
3.22676345578444e-10
0.0
9.682071464439793e-09
3.4453731772777976e-09
0.0
-1.842743042445444e-08
4.779725774401017e-17
-3.106791194345385e-08
-2.500959875240324e-08
0.0
0.0
2.3815327351382165e-06
9.972580858285093e-09
9.98713089991388e-09
6.231285463945482e-10
0.0
-3.895454681889586e-10
-9.975532138392987e-09
2.3633315918719643e-06
4.697187517617399e-06
2.3633037239313817e-06
2.381532735267435e-06
2.3815327354019525e-06
2.363331591734762e-06
2.3639425972947223e-06
6.935074970501281e-10
0.0
0.0
6.087932116751261e-10
-2.8835167131739455e-08
0.0
9.975068941963225e-09
9.975068820478137e-09
3.648521161246501e-10
3.651902462966775e-10
6.101975616318326e-10
9.977875957917987e-09
6.140100330943375e-10
3.655306578140525e-10
9.974006286601023e-09
3.8261923152385635e-08
2.2300474805743518e-07
2.363331591033325e-06
0.0
3.658712044386609e-10
3.1117281284411043e-10
0.0
0.0
0.0
2.3054291059376036e-06
6.129679701325138e-10
3.386922825201611e-10
3.6621401866210685e-10
0.0
0.0
0.0
0.0
2.0539975953917318e-07
8.528040998957613e-08
-6.578055985242917e-08
5.737104727975104e-10
3.5640973334557906e-08
8.497843301784195e-09
8.49784330186551e-09
2.4867301637031867e-07
7.250542518470901e-07
1.4711302670756803e-06
8.937129789449154
-8.93712969967929
9.967219212649844e-09
0.0
-1.8462827329202014e-06
0.0
1.0727199676940417e-06
-1.0629184290732695e-06
4.4031354837210555e-10
-1.8644259673905594e-06
0.0
5.582021867193252e-10
2.4867301624004966e-07
0.00011911019902666488
9.98463540977693e-09
-0.00011910021439109301
6.243766414786691e-10
2.135518128827886e-08
3.587054661848135e-08
1.0525234782588854e-08
9.987930911319314e-09
0.0
0.0001970925763964148
1.841987529933101e-09
0.0
0.0
-2.9049647463043427e-11
0.0
1.1167032048794104e-08
0.0
3.6352348297980927e-10
0.00012180355679474154
0.00012180849781479764
0.0
-6.648594311748734e-12
