0
0.0
0.0
0.0
0.0
1.9273830514416797e-08
0.0
0.0
0.0
0.0
0.0
0.0
6.082618869068181e-08
0.0
0.0
0.0
0.0
0.0
0.0
0.0
4.419289805672799e-09
0.0
0.0
0.0
0.0
2.0536027800183487e-07
0.0
0.0
0.0
7.214710757604792e-09
0.0
0.0
0.0
0.0
0.0
0.0
0.00014226567678781563
5.300730068501785e-10
0.0
1.9870468272835323e-08
0.0
0.0
0.0
0.0
0.0
0.0
6.120328757633059e-09
0.0
0.0
0.0
0.0
8.731410520075818e-21
0.0
0.0
0.0
0.0
0.0
0.0
0.0
0.0
0.0
0.0
3.963527205518058e-09
0.0
0.0
8.56549250633021e-09
0.0
0.0
0.0
2.495025958545789e-19
0.0
0.0
1.2744294837449038e-10
9.5762746743823e-09
1.0154038479720344e-10
7.750403653983753e-12
9.963846586696782e-09
3.835821805750988e-20
0.0
0.0
0.0
0.0
0.0
9.0644689528361e-22
0.0
0.005012740283893767
4.898571422593792e-13
1.1428461139696713e-08
0.0
9.452981661342794e-09
0.0
0.0
7.560809601949062e-10
0.0
0.0
6.6233303170620066e-09
6.973687191970818e-10
0.0
0.0
0.0
0.0
0.0
0.0
9.29383830662686e-09
0.0
0.0
2.105183415208335e-09
0.0
0.0
0.0
0.0
0.0
0.0
2.922081625823744e-09
0.0
4.9096876838606504e-21
0.0
0.0
0.0
0.0
0.0
8.111993226517152e-10
0.0
9.864360042511502e-09
0.0
0.0
0.0
-4.778594709975437e-05
4.776731865518968e-05
0.0
9.739219306595095e-09
0.0
9.651861141640039e-09
9.74407118518283e-09
0.0
0.0
9.660543824180564e-09
0.0
3.373143202133923e-05
0.0
0.0
2.7244408675108325e-09
0.0
0.0
1.8392468219718982e-19
0.0
0.0
0.0
0.0
0.0
0.0
0.0
0.0
0.0
0.0
9.202498012505345e-09
0.0
9.530539179524394e-09
0.0
0.0
0.0
0.0
0.0
6.961003577156938e-09
-0.0008869005025417508
5.115944359548617e-07
0.0
2.3541523761658217e-08
0.0
0.0
0.0
0.0
0.0
1.1892704737626847e-08
0.0
0.0
0.0
0.0
0.0
0.0
0.0
0.0
0.0
0.0
0.0
0.00012563305978065622
2.194381574883144e-08
0.005028906882325223
2.109105548663728e-08
2.652422664607785e-07
0.0
0.0
2.894187764801959e-08
0.0
8.58005103449978e-21
0.0
0.0
7.51746395548519e-08
0.0
0.0
0.0
0.0
1.4255455488943107e-09
1.9830799236057838e-08
0.0
5.7804316869432524e-09
3.807719434027745e-09
1.5439728101805033e-08
0.0
0.0
0.0
3.4889602415977724e-08
1.1788400636947272e-08
0.0
4.029584343022819e-09
0.0
4.203744518273808e-09
0.0
0.0
0.0
0.0
0.0
0.0
0.0
0.0
0.0
0.0
0.0
0.0
7.924544232696743e-21
1.9375357518761484e-09
1.6363298561407362e-10
7.206617619724752e-10
0.0
4.820631855568581e-20
0.0
9.798084961920279e-09
0.0
1.9712897572519673e-09
2.659467692216948e-12
8.93992806010703e-09
3.5226330986619225e-09
0.0
7.408537575437093e-11
2.81381299416239e-06
6.298163167956102e-12
0.0
1.3104549989629969e-09
0.0
0.0
0.0
0.0
-0.005040309185160636
4.82412690251632e-24
9.851470055332642e-09
0.0
0.0
0.0
0.0
0.0
0.0
0.0
0.0
6.109501073103818e-07
0.0
0.0
0.0
0.0
0.0
0.0
0.0
0.0
0.0
0.0
0.0
4.3783122448742663e-10
4.364477918432627e-09
0.0
8.611376111845305e-10
0.0
5.842390886468925e-17
0.0
0.0
0.0
0.0
0.0
0.0
0.0
0.0
9.557414440043212e-18
0.0
-2.3532609900490942e-07
0.0
0.0
0.0
9.342940930520103e-09
1.034619717190004e-09
0.0
9.896521998459402e-09
0.0
0.0
0.0
0.0
1.0473285849557589e-08
0.0
0.0
7.039585897172269e-09
0.0
0.0
6.973687014354427e-10
9.698992603985052e-09
0.0
1.6208160415416696e-20
7.411707695064579e-16
0.0
3.5160139210462786e-08
0.0
0.0
0.0
0.0
0.0
0.0
0.0
0.0
0.0
0.0
0.0
0.0
0.0
0.0
5.402422358398515e-09
0.0
6.648061031663604e-12
6.766068802815494e-07
1.9138077699250272e-07
0.00043336560242502806
3.175583512945067e-06
1.8826417783761954e-05
1.4579368712513955e-05
5.1549787905796193e-05
9.722256168832236e-09
9.722256167572275e-09
0.0
5.4579596660227e-10
1.4197155253892332e-08
9.989578305827577e-09
6.800996987554332e-10
6.711126887467243e-10
6.789715395789477e-10
6.614781087699612e-10
9.902971289167e-09
9.902971277481621e-09
9.972413125132858e-09
9.982213485177605e-09
9.991354858913223e-09
9.990207327345941e-09
9.955017894890832e-09
0.0
0.0
7.673567992938306e-08
3.117301642966568e-07
2.7232560934149725e-08
0.0
0.0
0.0
2.3543336515311988e-07
0.0
2.414797012846487e-07
1.6941773159891907e-06
1.690923439085782e-09
3.82079387246823e-09
0.0
2.1729642714707637e-07
4.1157553808054865e-09
2.3269307321879298e-07
1.7063127538768564e-06
1.2383667502653634e-09
0.0
6.541154149979432e-08
0.0
4.395355620432426e-07
7.269825969181618e-09
0.0
1.4809127601566203e-07
4.378253103826309e-08
6.870168184564476e-08
0.0
8.463158926613913e-08
7.419448005892694e-09
0.0
1.3121386209288505e-07
0.0
0.0
0.0
4.805588369103096e-08
0.0
5.1364320072502416e-05
0.0
2.0536027800748963e-07
9.991368521663807e-09
6.707843410775831e-10
6.788725379648071e-10
2.6909575161589664e-08
0.0
4.434762583177353e-08
5.6454796814848864e-09
4.43482291280283e-08
0.0
1.1615142337662436e-08
0.0
1.8240975288859964e-07
3.710291462566121e-08
3.710351793179123e-08
3.71041212289033e-08
9.939029685013947e-09
9.81557320197306e-09
-2.053602780027595e-07
2.0536027800368828e-07
5.111564518566568e-18
1.9940966471225587e-08
1.9964092979440825e-08
1.9982723288820734e-08
1.9980313954430982e-08
2.6909424339897377e-08
-7.873381928629603e-09
4.43474750074951e-08
-4.638644528747099e-10
4.434807830458573e-08
-1.0384072093947566e-09
1.1614991534745257e-08
-5.623843272366605e-09
1.8240960207153737e-07
3.710276379889437e-08
3.710336710522613e-08
3.710397040480873e-08
2.6909273517354655e-08
0.0
4.434732418213513e-08
0.0
4.43479274792419e-08
0.0
1.1614840720664767e-08
0.0
1.8240945126887867e-07
3.710321627776839e-08
3.7103819580861093e-08
1.7221960288049522e-08
0.0
6.769561189990957e-10
6.576836709853011e-10
4.419289805828089e-09
-7.214710757628523e-09
0.0
0.0
0.0
1.0170834999623748e-08
9.990546977699764e-09
3.892180232886039e-08
4.946192895348597e-10
4.946192876898558e-10
0.0
9.589604448657961e-09
0.0
-9.92334888935166e-09
2.101030196695468e-05
7.552437629084935e-07
1.9054610112509375e-06
1.995484408238483e-07
7.563872322632407e-08
0.0
1.7257003427046558e-06
1.855652084503192e-08
2.1184386235451112e-08
0.0005153400302503082
0.0
1.419715525860362e-08
0.0
5.943390143348584e-19
1.488676378199494e-05
1.4463106372809206e-05
11.84049282581342
9.948829727927933e-09
0.0
2.996641154293621e-09
-7.237153801589735e-09
-8.241179605232574e-08
-6.237419439867203e-08
-9.076460388834917e-08
-8.125615199444658e-08
-1.3232834699144442e-08
1.654802577199766e-07
0.0
0.0
0.0
9.280672370632227e-09
9.280672355385633e-09
2.5802488652354192e-15
0.0
1.0865273652382544e-06
7.1278183691934265
1.9870468272664093e-08
5.804441113309859e-10
-1.0460625772754249e-08
1.9931443589367815e-08
6.371823798567826e-10
9.963783499134382e-07
0.0
2.984180560709197e-08
6.00482004497526e-10
1.632214609274103e-05
1.6322146092730514e-05
0.0
0.0
0.0
9.963513519063879e-07
0.0
9.843520433702594e-09
5.347881698276373e-10
9.952995869032616e-09
9.95299589205385e-09
9.971659684101637e-09
6.607373167676467e-10
9.971659665616058e-09
-2.466566144040949e-09
7.237155813868967e-09
8.24117980819522e-08
7.190700105665082e-08
9.076460594399649e-08
2.926198146404705e-08
1.6262546850354747e-07
-6.097267600239666e-09
-6.726128613260968e-07
1.4855717294503726e-05
6.120328438755982e-09
0.0
1.2563731835649732e-12
0.0010469385667178355
0.0010469483866885898
-1.4855717294490927e-05
3.4485050616117954e-09
0.0
4.031929341501574e-07
1.5997916580832705e-06
0.0
0.0
1.3848495986794404e-07
1.512643436119876e-13
8.640829354064554e-06
9.755310084807675e-09
0.0
-0.00014225870675588226
0.0
-0.0001422656767878148
1.2692234555750217e-07
0.0
0.0
0.0
9.98931106170782e-09
9.989311024724668e-09
-1.2178055190048553e-05
-5.510872992734416e-06
-1.4503679218722392e-07
0.0
1.1827797804621094e-08
3.626708840718702e-06
0.0
0.002445885148621999
-0.0024458451837965356
9.99081468530708e-09
0.0
0.0
9.975842457055926e-09
9.978424833809666e-09
0.0
3.8451967773052115e-08
2.254617101475174e-07
-9.76472435722242e-09
1.3161183310406166e-06
0.0
2.052366680382521e-06
8.942219464043145e-07
0.0
3.886525593255144e-08
7.653042521755445e-07
0.0
0.0
1.6778295045796585e-07
3.128131303147853e-07
7.066857285015271e-08
2.287801340369471e-07
8.768645279717133e-07
0.0
0.0
0.0
9.980241287874009e-09
8.771959642937948e-07
3.493674323617817e-08
4.0327061587590564e-07
2.90705888362911e-07
1.3976112368656558e-08
0.0
1.2821986429803082e-07
-1.632214609261634e-05
8.72820208950524e-21
1.927256958392919e-08
1.3063267922778415e-06
1.3161183313694507e-06
-1.3161183312549837e-06
0.0
9.95311363743165e-09
6.425055990091959e-10
1.3700393216639659e-06
4.725763940578497e-07
1.8733364488791876e-06
6.79234764774362e-10
1.0056999120562318e-06
0.0001312005846740578
0.00013122291665098443
-0.0003522378766617207
0.0002210958815152029
3.902286310448844e-18
0.0
23.67891789295235
-27.28276512840836
3.6038472548536444
5.731533948399275e-10
3.3245580585756966e-10
0.0
7.830117888882588e-09
0.0
1.3732554000725086e-07
9.890502369944426e-09
0.0
9.802106505130617e-09
4.940911256297423e-10
1.5745361680970618e-06
1.5745361680688213e-06
6.68257986390724e-10
6.682579598482076e-10
4.940909953260127e-10
9.802106504784836e-09
9.80210650444773e-09
0.0
9.904126376834e-09
0.0
0.0
0.0
1.1914354844568101e-07
0.0
8.027829278209073e-08
0.0
0.0
0.0
8.886061078074449e-08
1.0405677218022985e-08
9.971659645162914e-09
-9.871479791324861e-09
1.0816743231841767e-11
0.0
1.9894430299570482e-06
3.2513666666945916e-08
9.979672641866123e-09
6.800358803971699e-10
6.746929681961836e-10
9.863983561930237e-07
0.0
0.0
0.0005153400302502991
0.0
0.0
0.0
0.0
0.0
1.2422890288836732e-08
8.256452397035568e-09
4.124304752542397e-07
2.975168376969454e-07
1.140000016480467e-09
6.901146793198126e-09
1.3687591074665807e-07
0.0
0.0
0.0
1.3022748201817438e-06
0.0
0.0
1.6090490248267462e-09
0.0
0.0
0.0
2.260986093555617e-06
0.0
0.0
4.4835359260227806e-06
4.4921014185291995e-06
4.4835359260230245e-06
4.483535926022867e-06
4.483535926022868e-06
1.3322267650400526e-16
1.3321050423417702e-16
5.935982334572818e-06
5.330662745532905e-05
5.924657331710729e-05
-3.963527205470526e-09
-1.1699313262071757e-10
0.0
0.0
9.194584874867016e-05
-9.814087981521724e-09
0.0
0.0
0.0
9.191642702449868e-05
6.735692342016593e-10
2.544012667040969e-08
9.631439446822873e-09
9.631439578699924e-09
3.2642810987872636e-10
3.637886463820678e-07
9.025711472903332e-09
0.0
3.678627231217876e-07
2.272772455479928e-18
1.8519593927803034e-08
-8.182084517921764e-09
9.96873938772521e-09
2.4937433101117135e-19
0.0
0.0
0.0
-2.544012661095886e-08
0.0
0.0
0.0
1.8860353919880843e-08
9.69254920910598e-08
-1.2896411544076724e-06
1.589211111608742e-18
3.917428660720007e-06
0.0
1.3185596329956923e-05
0.0
-1.7066819193445326e-05
9.939120184701601e-09
2.5719589196576047e-19
2.5722862179138535e-08
7.342859993653139e-09
0.0
3.1766128033750374e-08
0.0
0.007272082606600803
2.1239474101934607e-10
2.1239474073102909e-10
0.0
2.162085545161715e-08
0.0
0.0
0.0
2.254618609548149e-07
3.2690682028930944e-09
0.0
9.872501979597724e-09
5.634286835129196e-10
0.0
0.0
0.0
-2.7225134481078224e-10
-1.2744294508593157e-10
0.0
0.0
0.0
0.0
0.0
0.0
6.082618878371725e-08
0.0
8.993513719878811e-09
0.0
0.0
0.0
0.0
0.0
-6.568845380427606e-10
2.0536027800904997e-07
-5.994284033722375e-08
4.984260522223027e-08
0.0
1.6302991179549767e-06
0.00029888634605543615
0.0
0.00030051664517339113
0.0
0.0
0.0
0.0
0.0
0.0
0.0
0.0
0.0
2.650785333872539e-09
2.513178365116359e-12
2.513092804693834e-12
2.5132670983843795e-12
2.513183990050302e-12
3.251366659739065e-08
6.627943298762065e-10
0.0
2.9700502177453028e-08
0.0
1.1892704737793192e-08
9.653183198166138e-09
0.0
5.803227866823546e-11
9.979993360905522e-09
9.979993405618312e-09
0.0
0.0
1.3313282518957341e-06
1.3412542060924965e-06
6.158080972310676e-10
0.0
2.2555278086092295e-08
1.7937903746132091e-07
1.7256072114488655e-07
7.644871713477119e-08
2.64572364928868e-08
3.1136492334698286e-08
2.5846479614954637e-09
2.2555278509771726e-08
1.6978607368591146e-07
1.7256072174886943e-07
7.641928651897422e-08
2.643434373340182e-08
3.1136493121235545e-08
2.572852231610967e-09
0.0
-1.0154038478365091e-10
1.500195965235476e-08
6.690239320539392e-10
0.0002404169000645342
0.0002404169000645342
-0.005012740283893757
-0.0045137130140840975
1.455547374588333e-05
0.00024002872268789272
-4.898571422593792e-13
0.00025458419594391894
0.0
0.0
0.0
1.7211392230987186e-09
3.618638093227404e-08
0.0
0.0
3.3123999106577625e-08
3.312399910642104e-08
3.312399910633862e-08
4.257698076777287e-08
3.31239991064297e-08
0.0
0.0
0.0
1.2045242767091568e-09
-6.720372109009828e-16
6.622754353830591e-10
0.0
0.0
0.0
0.0
0.00013932569160974553
-9.06984803386024e-05
-7.560809817079526e-10
0.0
-4.861765673945104e-05
0.0
4.8627967349432925e-05
7.560816885466106e-10
0.0010469091453280805
1.5186816656430066e-08
9.966377691539264e-09
6.555447147552255e-10
9.380691617657505e-11
1.2348688822081569e-06
-1.234868882210127e-06
4.251319502999399e-08
-1.4955783929088834e-07
1.9054670278667541e-07
0.0
1.6523760272924223e-09
0.0
2.9226028375530454e-06
-6.623330317062351e-09
2.9225890113451403e-06
4.79947111329366e-09
2.076077147914034e-09
1.722760352460461e-17
0.0
0.0
9.924969218822417e-09
9.924969210236092e-09
9.924969201634444e-09
9.86998566939272e-09
6.370106957393008e-08
9.869985648027806e-09
5.607975035693383e-10
0.0
9.554867484290266e-18
0.0
0.0
0.0
0.00015138609623045868
9.95008578292102e-09
0.00015138012708005352
1.644488697035043e-08
4.206136602359508e-06
0.01004750181438088
5.281435907739989e-08
0.0
1.090729529456337e-05
0.0
4.8217525971949726e-08
9.976564607198126e-09
8.86172533225843e-07
1.4020458067914767e-10
4.077997707272613e-10
9.714279158856698e-09
1.809375410131489e-08
0.0
-1.7947898000702373e-09
1.998152082089948e-08
6.793315579387181e-10
9.512609843280189e-06
1.8563776585268105e-07
0.00043349836812629376
3.1663691114245966e-06
2.6328159934593848e-05
1.4570198741635433e-05
5.2418809927074455e-05
8.080690177194952e-07
9.859898307438772e-09
9.990947283790123e-09
9.902971300815797e-09
2.4209379909649676e-08
-6.263319557442415e-09
9.955017652215716e-09
-6.082618873703983e-08
0.0
2.2225852851426244e-07
4.989244224478675e-07
5.452949321461458e-08
7.746153081144669e-09
2.0167037047472378e-08
1.2716305140514108e-07
0.0
0.0
0.0
9.979993183549783e-09
0.0
6.674503085473088e-10
0.0
1.028259233801272e-08
1.9955239970769888e-08
6.657433478324902e-10
0.0
9.555475372815319e-09
5.256881993676187e-10
5.256881977198725e-10
0.0
0.0
9.555475241954364e-09
0.0
6.784098196089902e-10
1.997951059836104e-08
6.786443617953831e-10
7.830114584422167e-09
0.0
0.0
8.1879270718382e-06
3.7378948268776476e-10
9.679657689807847e-09
-6.12103770762233e-10
1.0203145238030599e-08
2.012533085055657e-08
0.0
9.939029649172529e-09
0.0
0.0
-9.927101774290237e-09
0.0
0.0
1.9120177498203606e-11
1.913461440460175e-11
1.912737361439806e-11
0.0
0.0
0.0
9.553216119513029e-09
0.0
9.95981975712712e-09
9.931716405010105e-09
0.0
0.0
1.9273830415386754e-08
0.0
0.0
3.759022105631442e-16
0.0
0.0
6.769112791307406e-10
1.9976127648457363e-08
6.76817083590681e-10
1.8887370630879295e-08
0.0
0.0
2.6547075712067677e-10
4.3634932906924336e-10
1.5847362678650195e-11
0.0
0.0
8.995239787418135e-09
6.124649797369887e-09
0.0
0.0
0.0
0.0
0.0
2.975639753031634e-18
0.0
3.814468314926502e-08
4.764424245597835e-08
0.0
0.0
6.464151455104136e-08
9.73311066526658e-09
0.0
0.0
9.99391512618846e-09
0.0
1.9448987647273895e-08
9.645829572056394e-09
3.4056174065360856e-10
0.0
-8.731685240733617e-09
6.383195664389406e-10
9.96626425830982e-09
0.0
3.4293393063644685e-06
3.017229117284947e-08
1.991521313761193e-08
6.38414025153183e-10
0.0
2.6515988020853218e-09
0.0
0.0
-2.7056605844677506e-09
0.0
0.0
0.0
0.0
5.403097477421603e-08
0.0
1.536045057589807e-08
0.0
5.403157772090328e-08
0.0
8.733753925888889e-09
0.0
2.1421148274245874e-08
0.0
4.034103576625439e-09
0.0
1.9182052269443853e-07
0.0
1.5860382496304457e-08
2.1242682956165332e-08
4.6776427904229014e-08
0.0
4.677703077847496e-08
0.0
0.0
0.0
0.0
0.0
0.0
0.0
2.466566813644211e-09
0.0
-8.241179740367532e-08
-7.190700038184339e-08
-9.076460525878072e-08
-7.171431125382695e-08
-2.2658235766749493e-08
-1.7507182098800388e-07
3.5336471900417517e-06
3.5353672416848716e-06
0.0
0.0
0.0
0.0
0.0
0.0
0.0011844475965324675
3.401048382750621e-09
1.8463681319598514e-08
0.0
0.0
1.972277753411119e-08
1.9479340049490694e-08
9.864370745036092e-09
0.0
-5.552686607544148e-10
0.0
0.0
8.187357745503138e-06
0.0034968703606573933
9.908355574510377e-09
5.985099543322922e-10
8.992757018403727e-09
0.0
2.0975923769721773e-05
0.0
2.6360453065438296e-08
1.7856656247904374e-08
1.7767494893385712e-08
9.56376383865871e-09
1.8290513213533823e-06
2.4345971466393455e-07
4.418918158254762e-07
4.965710907980556e-07
1.8833390020625204e-06
1.2074081018659766e-07
0.0
0.0001325115476065478
0.0
0.0
1.8385597759903714e-06
2.595444400620935e-07
4.844050115474178e-07
4.937153478431275e-07
1.7337811634912886e-06
1.0526592990454167e-07
1.8428377361382215e-07
0.0
4.339204649156496e-09
0.0
1.9295817130726616e-06
0.0
0.0
0.0
0.0
-0.0003681661878467829
0.0011826416489341407
0.00036953343942926296
0.0
2.6593252218159154e-09
2.6593250884875586e-09
0.0
0.000492681552850444
6.355580207453648e-06
0.0
0.0
0.0
0.0
0.0
2.1742772734113987e-07
0.0
7.314075373124706e-05
4.77859471029983e-05
6.353209552247208e-05
9.965491816067333e-09
9.965491805233663e-09
0.0
0.0
0.0
1.7844798249297793e-06
0.0
0.0
3.529741451974173e-06
3.5297414519742573e-06
3.529741451974231e-06
3.5200895908326174e-06
3.52974145197439e-06
1.31119207343532e-09
0.0
-5.71964391831159e-05
4.1171936048847696e-07
2.06083622332048e-07
0.0
1.221911819237974e-06
1.2219118192377699e-06
1.221911819237656e-06
1.231655890422946e-06
1.221911819237763e-06
3.147582933734912e-08
0.0
0.0
1.800217458408996e-08
1.0639402942021779e-08
1.1450602264928037e-08
1.800217458460322e-08
1.1450602265161929e-08
0.0
0.0
7.961866941237656e-08
1.2239669892466807e-07
1.2239669892428526e-07
1.2239669892408878e-07
1.32057242748473e-07
1.22396698924292e-07
1.4296650265905738e-05
0.0
1.3379697267377025e-08
2.059074540531316e-08
9.945956441201874e-09
0.0
6.345451343812879e-07
4.337348748611441e-08
0.0
0.0
0.0
9.778155329651097e-08
1.7446065595507e-08
1.1965337961732726e-07
0.0
0.0008224245070440901
-3.373143202133845e-05
0.001355193072123325
2.7858186373748265e-05
4.2644449690357365e-06
0.0
1.992985741890163e-08
9.967849105851651e-09
1.9929857696129562e-08
9.962008734355211e-09
6.512499617001528e-10
0.0
0.0
1.9550097224330182e-08
0.0
9.891804595915654e-09
0.0005369205610182417
1.9558023094019398e-06
0.0
0.0
0.0010486412559188585
1.970093308311036e-08
0.0
6.354162216348099e-10
0.0005287796795055031
0.0005287796795055032
1.9285328599111187e-06
1.9834359655519036e-08
0.0
5.472109328563723e-10
-9.95245831206899e-09
0.0
1.9724934191528564e-08
8.647730741560007e-07
2.6680290918589097e-08
0.0
0.0
1.2836112510558158e-08
0.0
0.0
0.0
6.293754509202261e-10
1.0719355116820678e-07
1.0056106974805498e-08
0.0
0.0
0.0
6.438808105423058e-10
0.0
6.354262963223257e-10
9.677122918293237e-09
5.61653424812513e-10
0.0
6.402374183452996e-10
0.0
7.185336856787252e-06
5.718908058646274e-06
2.746751247322702e-07
0.00018696873138326363
0.0006279366593399592
9.90002082046091e-09
5.903177242194203e-10
1.955088619270502e-08
2.696248829773985e-10
0.0
0.0
0.0
9.555475370719975e-09
0.0
-9.530539180763187e-09
9.555475369226295e-09
9.555475362355015e-09
0.0
-9.202498013616278e-09
4.592555256274515e-08
9.210805948345254e-09
9.953949028803214e-09
0.0
1.4175815769983787e-09
0.0
0.0
0.0
6.737926372078666e-06
0.0
3.4042981770129145e-08
0.0
9.931997578079686e-09
6.217486800275609e-10
9.85517762811346e-09
5.462443507556853e-10
0.0017102939488964353
-8.693430969087138e-07
2.175538081121178e-06
0.0
0.0
4.761299633640773e-16
8.194878782127485e-09
2.2103227265011375e-07
4.6662633617439904e-07
1.6037770182067248e-08
0.0
1.3105412935808405e-07
4.1290083541729185e-07
4.2253792923304764e-07
4.225379292054061e-07
4.225379291881447e-07
-7.928228386300251e-19
0.0005259646684265748
4.040691132887325e-07
7.569372041737884e-05
0.0
4.842359344099467e-07
-2.735850154302527e-08
-5.115944359540042e-07
0.0
1.6070065806994345e-06
0.0
9.173795191704798e-10
0.0
0.0
1.5960562711787586e-06
0.0
0.0
0.0
5.784254636878069e-10
-3.6758501384134135e-09
-1.4111753234878079e-08
0.0008849879751023002
0.0
1.4849891124970153e-06
0.00044344534606943726
0.00044344534606943726
7.408671383667603e-05
1.5960562714145813e-06
0.0005086721482527751
3.8795678311436127e-19
0.0
6.596098146781022e-10
0.0
5.7189080587727285e-06
11.84049281586459
0.0
0.0
-0.0004744850538868639
9.941910035564867e-05
1.8012560968192162e-08
1.306194984475717e-06
-9.848773209783328e-07
0.00040504883472096995
0.0
0.0
3.7811083777172843e-06
-12.203237721148287
0.36274117468620615
6.477164217050912e-10
0.0
3.3245595975761514e-10
9.637576755096647e-09
0.0005153176277841689
0.0
0.0
-1.1892704737480721e-08
0.0
9.937443756768971e-09
0.0
1.0302603242038431e-06
9.861072108551436e-09
5.238601361810249e-09
0.0
0.0
0.0
5.937169310104189e-09
9.413784937038644e-06
0.0
1.2739653235669497e-06
0.0
4.889412039373125e-09
4.928837004383819e-10
1.284243415554282e-06
0.0
0.0
6.396974159436045e-09
-6.327182616127063e-07
1.0373889622655472e-06
4.536306438139111e-05
0.0004700266758861166
3.8204720804499314e-18
1.9542147841879808e-08
0.0
0.0
9.8569031301311e-09
7.137802678686651e-16
0.0
0.0
0.0
1.5051498201035882e-06
1.4404065111572777e-06
6.783363173415847e-10
0.00018342550767323694
0.0
2.384875824064089e-16
0.0
0.0
1.943437157096436e-08
2.4343758329606293e-10
9.614969445434275e-09
0.0
1.9610417940558655e-08
4.0375450261394353e-07
9.553833935404253e-08
9.677122776662144e-09
1.937334569625721e-10
2.6417978235925287e-10
0.0
0.0
3.99598068349549e-08
9.989931644936723e-09
3.9106321574200084e-05
3.9106321573534715e-05
6.826165342449332e-10
-1.9302954661588943e-08
0.0
2.2539914401346185e-08
1.9588247713757512e-05
1.9595683273627105e-05
9.987643925985813e-09
0.0
0.0
0.0
0.0
6.13637875544924e-09
0.0
6.961004217487243e-09
0.0
1.965735758453419e-08
5.980454559841854e-08
0.0011664723399783827
9.98788578824791e-09
-0.0011664623520925609
0.0
0.0
1.9865673622949176e-08
-1.1674040395187302e-08
-0.005028935732059013
-0.005530735255995234
0.0
2.652422664465075e-07
-2.65242266453655e-07
-1.2522132411113e-08
-7.908715559844794e-09
0.0
-7.237154471192997e-09
-7.286893280760014e-08
-7.190699969315817e-08
-9.076460457356494e-08
-8.125615268139708e-08
-1.3232835406285268e-08
-1.7507182023014656e-07
7.830113921238466e-09
5.8027403908638224e-11
6.286609709921148e-10
9.939029708191244e-09
2.462413271047542e-06
2.9002925510643356e-08
0.0
0.0
9.414880485739694e-09
0.0
0.0
0.0
0.0
0.0
0.0
0.0
0.0
0.0
2.1435846678269446e-07
0.005666812203822253
-6.534917186876675e-08
0.0
8.750752532601879e-09
0.0
0.0
0.0
7.10653086802343e-18
8.748852821553761e-07
-8.669611383616227e-07
7.924143793905745e-09
1.9747289584607057e-08
9.939029639316479e-09
0.0
1.7514210887218612e-13
0.0
9.839615713671548e-09
2.9686319197928417e-08
0.0
1.9747289594912824e-08
9.8155732139232e-09
5.073243155757496e-10
1.705370479154636e-08
0.0
0.0
2.8647882233980015e-08
0.0
0.0
0.0
0.0
-7.517463955807925e-08
0.00013244619843467574
0.0
0.0
0.0
0.0
4.231168243639826e-05
9.986802288026875e-09
9.986802311858994e-09
-0.0001256286397232631
0.0
6.499861631857027e-09
1.8983197887601413e-09
0.0
1.8983200339022473e-09
1.898320247687373e-09
1.4646720817820078e-05
-7.959865762809472
7.959865752906444
0.0
0.001032291914515423
0.0
-0.00024297091840121935
0.0002429229118721355
9.699389584292004e-09
9.699389583253012e-09
0.0
0.0
0.0
9.92657178851275e-09
7.034128858397384e-18
0.0
1.3684033807598024e-08
4.1998920203304086e-09
-1.3063267921727129e-06
2.9719658906010497e-06
9.989913079058721e-09
0.0
-9.722322502625502e-09
-1.4255455538082656e-09
0.0
2.5271536803663385e-08
1.9270598543258387e-05
-1.0421200397155977e-08
0.0
2.8275935736723698e-08
9.989255034584775e-09
0.0
2.2127791004108912e-09
2.6009102482519142e-08
-2.6009102484495677e-08
-1.656825976632579e-08
2.600910248749744e-08
0.0
0.0
1.5245224882536896e-08
1.5245224883401935e-08
0.0
-9.926571781573856e-09
4.6875875190862085e-08
0.0
0.0
0.0
0.0
9.631439321122682e-09
0.0
0.014513499136504626
0.01451350013616258
-3.807719417547872e-09
4.412400338622909e-08
0.0
2.626542621032579e-10
2.6265426082684345e-10
6.120327801015272e-09
1.967674957163656e-08
0.0
1.0053950027724968e-06
6.675202701920025e-10
9.978559386244712e-09
6.679711372523631e-10
9.97901801161092e-09
0.0
1.3096555481800783e-08
1.0253525801883925e-06
2.5594853622815618e-08
0.0
0.0
0.0
6.263044477291301e-10
1.0414721180514869e-08
0.000516371438836521
2.436706206707779e-08
2.60091024775876e-08
6.780786265238191e-18
5.751101036699635e-07
-6.099997060852146e-07
-2.541858769669956e-08
4.536306438131253e-05
0.0
0.0
0.0
0.0
0.0
0.0
2.402693871369354e-09
1.3612040694296174e-08
4.029554240996223e-09
0.0
-4.029584332442687e-09
0.0
9.076263046041771e-07
0.0
0.0
0.0
0.0
4.376276487167983e-09
0.0
0.0
0.0
1.6357035252182166e-09
0.0
2.484145141923325e-08
0.0
0.0
0.0
4.0072167881838206e-08
0.0
0.0
0.0
0.0
8.375380927105821e-08
0.0
0.0
7.67356798103133e-08
3.117301640931217e-07
2.7232560766979733e-08
0.0
0.0
0.0
2.9604339232527856e-09
0.0
0.0
0.0
9.584480193746692e-09
0.0
5.9580491224643745e-09
0.0
9.702858433968513e-09
9.528521161605184e-09
2.9084761345398975e-09
0.0
3.29519127485245e-09
0.0
1.5176503642624066e-08
0.0
1.8315148037307943e-08
0.0
0.0
1.5766879731712048e-08
0.0
2.797087464774747e-09
3.4520111404052604e-07
0.0
0.0
2.646189319317315e-08
4.824750553917335e-08
-1.9448987656489614e-08
6.082618763849846e-08
7.951872313797127e-17
0.0
1.8333053117029064e-07
2.280222481580736e-07
6.127405777252969e-10
0.0
0.0
-4.203744463637804e-09
-1.971289891455247e-09
7.194885856921785e-07
0.0
9.942123108965812e-09
9.9421231060316e-09
9.942123103089118e-09
0.0010338905723397923
-2.168404344971009e-18
5.782128991606796e-09
9.98970593026487e-09
9.986472795379681e-09
9.986472791571016e-09
9.976652485706639e-09
9.976652483658791e-09
9.979650151282027e-09
9.979650148366973e-09
9.959094115079946e-09
1.3145578045384833e-16
9.959094245351795e-09
1.8657275684670348e-05
1.7383582666444821e-06
2.0386121143496467e-05
9.51280781490843e-09
6.876586097765399e-07
1.9715830743733042e-08
9.890826082800129e-09
9.890826213609927e-09
0.0
9.890696643185826e-09
5.811530720063264e-10
9.890696512595575e-09
9.387345292018368e-09
8.677229422065597e-11
3.207730123495451e-05
3.2077301234965965e-05
3.207730123494896e-05
1.086712830044176e-06
0.0
4.934433079660367e-08
4.6553349447876296e-07
0.0
5.5352839274226795e-08
0.0
0.0
0.0
4.5588427287020826e-07
4.5952766855174124e-08
0.0
0.0
0.0
0.002486013184949981
5.916975477514697e-06
0.0
0.00023231730340266105
0.0002280076033980651
2.6497389972275533e-09
2.6502911197787556e-09
3.0419241521521327e-05
3.040928757249401e-05
6.433268126136591e-10
9.870585871556681e-09
9.870487136643237e-09
2.651221416663775e-09
0.0
0.0
0.0
0.0
0.0
0.0
0.0
0.0
0.0
0.0
0.0
0.0
0.0
0.0
0.0
-0.0004235040769114356
-1.6923064230338347e-10
0.00042351363839791475
0.0
5.3084316436849476e-08
0.0
3.207730123496052e-05
2.2615153067026203e-07
2.261515306701803e-07
9.959943946324703e-09
0.0
0.0
0.0
0.0
6.0547038967884425e-09
6.054703282967578e-09
4.5947878997363535e-07
4.9922059701647925e-08
3.011786128193132e-08
4.466143244571438e-07
5.446298916937515e-05
0.0005872164435245875
4.623669866003134e-08
4.4898185703486726e-07
0.0
0.0
-4.164645703618739e-07
-5.445270831225308e-05
-0.0005871275829138012
3.2055186769760374e-05
0.0
-4.901401096614524e-10
3.205518677042807e-05
0.00017680685272359202
0.0
0.0
0.0
0.0
0.0
0.00017681481733187795
0.0
0.0
0.0
0.0
0.0
0.0
-2.659467692216948e-12
0.0
0.0
0.0
0.0
-0.0008697041342299442
0.0
4.926601493672056e-07
0.0
0.0
0.0
2.0536027800555093e-07
0.0
0.0
0.0
0.0005354078800096272
0.0005354078800165474
0.0
1.9273830481601404e-08
9.979666994967056e-19
0.0
0.0
1.4664287981347364e-06
-7.408537585490427e-11
0.0
1.427699175709115e-07
1.17581046360527e-07
0.008471889518505539
2.1495149359150732e-05
4.333498652942276e-06
0.0
0.0
1.3773912620750447e-05
0.0
3.195223737604514e-08
0.0
0.0
1.377392155737831e-05
0.0
0.0
1.1533860776186717e-08
3.838212596114362e-05
0.00010292374161787588
3.9744221002210445
0.0
5.510862972492143e-06
8.63106347636794e-06
8.759672422785369e-07
-9.304475620605151e-09
-9.926604339297734e-09
8.235556236968478e-09
-8.651682941595998e-09
-9.076630589494039e-09
-2.81381299366279e-06
-2.745890921141672e-06
0.0
1.2169147971552713e-07
0.0019280523850920706
0.0
0.0019271675907966193
1.0064794770036653e-06
1.3989236976944744e-07
0.0
3.127243803300794e-08
1.989495065892027e-08
0.0
9.974260879991976e-09
1.1610529083460217e-08
0.0
0.0
0.0
-2.394903891374283e-10
3.8543804769512834e-10
2.8616585147727983e-08
0.0
0.0
0.0
0.0
5.526919786184552e-10
0.0
5.462775271792591e-09
5.7688395765565496e-05
5.7688395765565496e-05
0.0
0.0
3.429313792069505e-06
1.5144814717114131e-06
9.989525756212961e-09
1.910156866954123e-05
9.989912973289063e-09
0.0
9.988111664387834e-09
9.966261755839291e-09
1.312674034318162e-07
5.987309640537736e-08
0.0
9.978488080585337e-09
1.0910407386208712e-05
9.98008881885969e-09
4.035009276023455e-05
9.948855150625439e-09
0.0
9.99094717352888e-09
1.7255565006322851e-06
9.991289946187025e-09
0.0
9.989635948103764e-09
3.740914888855326e-08
9.98956119982837e-09
1.4802158427677289e-07
1.5462103636666412e-07
2.3602053791180274e-16
2.346281398543553e-16
0.0
6.961003538676131e-09
0.0
0.0
0.0
0.0
0.0
0.0
0.0
0.0
0.0
0.0
0.0
0.0
0.0
0.0
0.0
0.0
2.7851880947254205e-08
0.0
0.0
0.0
0.0
0.0
0.0
0.0
0.0
0.0
0.0
0.0
0.0050403091851606375
0.005025989791463217
0.00011961352887314243
2.3739270502021023e-09
-9.814088030093981e-09
0.0
7.660599801036629e-09
0.0
8.240640499969303e-11
0.0
0.0
0.0
0.0
-2.705661320283578e-09
4.445895443450381e-11
3.141048206473447e-11
2.600910248109628e-08
0.0
9.254165525769779e-09
0.0
0.0
9.268321236880465e-09
2.96863192112199e-08
5.276251127814215e-11
0.0
9.850390636200844e-09
0.0
0.0
0.0
1.4875498459122055e-05
3.597262463047008e-08
9.967076567459886e-09
9.925239767190524e-09
6.151058450934384e-10
3.4579981239568625e-11
0.0
4.019108685206623e-18
1.722196295892031e-08
1.7221962291346377e-08
7.209638664514248e-06
2.11791838124776e-06
1.5534486047066766e-06
0.0
0.0004332604402153112
3.401915129308315e-06
1.8824245669880616e-05
1.45471879903619e-05
5.154099317162255e-05
7.830117877476612e-09
0.0
1.7221964297422152e-08
1.722196496693855e-08
0.0
8.836002963034108e-06
6.766068803160665e-07
0.0
1.9138077700191074e-07
1.3276570120144684e-07
0.0004333656024249638
0.0
3.175583513079879e-06
7.501742150881072e-06
1.8832868599977763e-05
0.0
1.457936871261395e-05
8.690220211801112e-07
5.15532398484908e-05
9.758735207705782e-07
2.311584553890697e-07
0.0
1.1827797705228888e-08
0.0
0.0027386998223955525
2.4914488386038836e-09
0.0
0.0
0.0
0.0
2.2998579043030307e-07
0.0
2.310908877729554e-07
1.7121101661050218e-06
0.0
0.0
9.457054923380023e-09
1.5519673233209933e-10
-2.7056612328206497e-09
0.0
0.0
1.3769098755151163e-06
1.4175813117555114e-09
0.0011826416489344074
0.0
8.182716974615888e-08
2.1894959279739233e-07
6.119893990791988e-07
7.477972158354259e-08
1.6618064632528634e-08
1.793915751012232e-07
1.397567018840008e-07
-1.9285328600628223e-06
0.0005258433038328815
-0.0014700556263044229
-0.0017102939488974306
0.0001869687313831316
0.0
-0.0011844416593632884
-0.0006486773651892231
0.0
0.0
0.0
0.0
0.0
0.0
0.0
1.3125488399337531e-08
0.0
2.2799452530232937e-07
0.0
5.27357810677695e-07
0.0
6.730322144839638e-08
0.0
1.9969628311353717e-08
0.0
4.8177714036608404e-08
0.0
1.4749650881210856e-07
0.0
9.48038576687832e-09
2.1928786426694882e-07
5.177737000234964e-07
6.627870686871854e-08
1.0985832829504885e-08
3.84909340037087e-08
1.3781760189605363e-07
0.0
0.0
9.834860300282633e-09
1.2471381100338948e-17
6.183065393847365e-09
6.183065404722421e-09
9.959943148900997e-09
0.0005232952604610555
-6.012967309171557e-07
0.0
0.0
0.0
7.673568001663676e-08
3.117301645031197e-07
2.7232561088871417e-08
0.0
0.0
0.0
2.3543336559301615e-07
0.0
2.513838281298187e-07
1.6941773164356971e-06
1.6909239366212618e-09
3.820794241009641e-09
6.541154173874801e-08
0.0
4.395355623581614e-07
0.0
0.0
1.480912763730135e-07
4.378253136112269e-08
9.076263047579015e-07
0.0
0.0
0.0
0.0
4.3762766741473446e-09
0.0
0.0
0.0
1.6357038974138575e-09
0.0
2.4841451839755547e-08
0.0
0.0
0.0
4.007216820859651e-08
0.0
0.0
0.0
0.0
8.37538096244688e-08
-2.210322737347339e-07
0.0
0.0
5.135439707512375e-05
0.0
9.691118440495463e-09
3.850473040458891e-10
2.0536027800357078e-07
-6.614187413344958e-07
0.0
1.3761373588994683e-07
0.0
7.127245542880383
9.890502370837125e-09
-5.809621301648853e-10
9.850035500928934e-09
5.411908279308001e-10
0.0
6.75779631338872e-05
0.0
0.0004898938756863495
0.0005728065725055669
0.0
2.000596278974858e-08
-5.632254623952006e-05
-6.343732790200802e-05
6.464151469914164e-08
0.0
1.9488041016866155e-08
0.0
0.0
8.563100248715896e-09
9.931716417919839e-09
6.214721704469794e-10
9.93171644057822e-09
0.0
4.642657982333639e-09
0.0
1.3061949843407028e-06
1.3061949839650579e-06
0.0
0.0
1.3161183311405396e-06
0.0
1.3061949840856036e-06
-9.791538373128076e-09
2.1422201889662837e-06
9.979672629663278e-09
9.97967261736829e-09
4.428318472970026e-18
2.0827624853394247e-07
-1.9014869304675814e-07
0.0
9.96487589387013e-09
-6.178732336259429e-05
9.967849249906444e-09
6.569915200484358e-10
-9.815834867143991e-09
0.0
1.2689363757726762e-08
0.0
0.0
5.162391966233044e-09
0.0
0.0
0.000525843303832751
6.254384829078964e-10
0.0005258433038326244
9.935751305351738e-09
0.0
1.2689364279511713e-08
0.0
0.0
5.162392509108732e-09
0.0
0.0
7.127245542880382
4.5073753219410095e-09
9.941847409397217e-09
0.0
-9.191984320061759e-05
1.446310637280502e-05
0.0
9.19394341608925e-05
6.543956587401876e-10
-1.987735345052678e-06
2.2069495038759546e-08
6.883336473841212e-08
6.406525883797046e-10
-4.739989689942978e-08
1.2857901948021278e-09
1.5403376599469208e-06
0.00035232630267359346
4.2319187116736655e-05
0.0
7.5048531357429e-09
3.19222591041562e-05
0.0
0.0
0.0
3.192269727861687e-05
0.0
0.0
0.0015975090862763999
2.799785528121877e-07
2.0536027799528545e-07
0.0
7.572135616554405e-09
0.0
9.597921848566215e-09
-8.611376110853727e-10
-8.611376109856346e-10
-8.611376109261305e-10
0.0
6.329134223716184e-05
6.329134223742412e-05
7.528462343716728e-10
1.0684506356052071e-09
0.0
0.0
0.0
0.0
2.2178815249703986e-08
0.0
0.0
1.7221963628172093e-08
0.00014526478821252908
0.00014526478821278737
0.0
1.927383031635722e-08
8.686939200884462e-09
7.618488552922653e-09
0.0
9.293177220493176e-09
9.293177222549631e-09
9.293177221185533e-09
0.0
0.0
0.0
0.0
0.0
0.0
5.5699065299249e-10
0.0
1.2344829667797676e-08
0.0
0.0
0.0
0.0
0.00012255429925073225
-6.087136979045036e-05
0.0
0.0
0.0
2.1261537889643404e-09
0.0
2.1261540381665942e-09
2.126154294360616e-09
0.0
2.5722862207403353e-08
2.2546171024687325e-07
5.240256014517231e-18
1.9362731428358581e-10
9.496201080460787e-09
9.496201081233592e-09
0.0
0.0
6.263319184476868e-09
4.92445138957614e-18
0.0
7.088211376456537e-17
1.459703737755175e-16
1.4356520024469779e-16
2.2510719545552456e-12
0.0
2.251071939493307e-12
1.9155255148169263e-11
1.0203145249586092e-08
-1.9416264609127543e-08
0.0
0.0
3.935126779103251e-18
6.397648385029326e-18
-0.007462485515680275
0.00746252493907672
9.87722719249351e-09
0.0
2.57228622443948e-08
2.5722862232217203e-08
1.915120712321238e-11
5.678466707316858e-13
0.0
-9.86718935204467e-09
0.0
0.0
5.1356391131129215e-11
0.0
0.0
0.0
0.0
0.0
0.0
2.451512882494473e-07
2.3532609900664414e-07
2.5722862221950456e-08
0.0
0.0
1.222364879268234e-05
1.2214126607571007e-05
9.522184524862778e-09
0.0
0.0
0.0
1.1844845930883294e-05
3.0419178511140734e-06
0.0
1.914122768155119e-11
1.9146530413905824e-11
1.8722016498806368e-05
0.0
1.7352314558302812e-05
5.66700858749045e-10
0.0010793566969127036
0.0
0.0
-0.0005407491916464835
6.354700837819244e-10
0.0
9.94595657290982e-09
0.0
-9.342940930488113e-09
1.720612525910209e-07
0.0
4.4347173359899706e-08
5.154021064481592e-09
-0.0011213641623238624
9.197873285995625e-09
-1.0346197161773452e-09
9.197873282462687e-09
0.0
0.0
0.0
0.0
-5.868786554999455e-10
6.973687196828483e-10
0.0
0.0
0.0
0.0
0.0
0.0
0.0
4.996957564282696e-09
4.996957564282696e-09
0.0
1.8470695750407598e-06
0.0
1.1965338307708884e-07
0.0
5.894828809387791e-06
-5.874952904488875e-06
9.927049763487413e-09
9.91895472932879e-09
6.090728921721172e-10
0.0
1.823066340986911e-08
5.247220322526148e-09
0.0
6.314308990872195e-10
0.0
8.515903170133526e-18
6.09317580535907e-06
1.821040512811546e-05
-0.0005386961856572854
0.000550833268589271
6.018578774878182e-10
1.047328585051103e-08
-1.0473285850037074e-08
0.0
6.125884662576467e-05
6.12794183902884e-05
0.0
0.0
8.995239788236043e-09
2.089709231705696e-09
0.0
0.0
4.03594953792668e-05
1.0473285851453313e-08
0.0
9.918807298739412e-09
0.0
0.0
0.0008227411614782909
9.353260340161353e-16
1.9761766399578423e-07
2.453745712897802e-07
6.485839773918413e-06
6.740709595757817e-06
6.485839773917126e-06
1.9456452827110836e-08
0.0
9.961202413323687e-09
-6.963301221003457e-09
0.0
0.0
2.2890543673875443e-10
5.941544554910413e-18
9.911972406898872e-09
6.020648627555577e-10
-1.1241249058108172e-09
1.773361587272943e-17
0.0
0.0
9.77951989261165e-09
0.00023915956022588436
0.00023915956022588434
0.0
0.0
0.0
0.0
7.214710757651874e-09
3.032065240296838e-09
0.0
-1.0080575240000411e-08
4.686430365482389e-16
-2.266518378632196e-08
-3.516013958334866e-08
1.4800221914339672e-13
0.0
9.848773206980157e-07
9.980493085577672e-09
9.983745280817986e-09
6.726187946342015e-10
0.0
-7.752924723729162e-09
-7.708336162513124e-09
9.758735235378454e-07
1.928532859760835e-06
9.758662795989334e-07
9.848773209866777e-07
9.848773212847664e-07
9.75873523232357e-07
9.760329836030497e-07
1.8008641535945785e-10
2.0036963200781357e-10
0.0
6.694215387476845e-10
-5.5459644909589163e-08
0.0
9.97728623861217e-09
6.662689107709432e-10
6.1420665099962215e-09
6.14206554434017e-09
6.667270773879749e-10
9.978198615896308e-09
9.9781988735254e-09
6.1420638962773715e-09
9.977752285717286e-09
4.5925552430468986e-08
1.5842098406771286e-06
9.758735212861957e-07
0.0
6.14206225245491e-09
6.127572324545203e-09
0.0
3.87302581290284e-10
3.873031050301469e-10
9.371814162929925e-07
9.975621020934721e-09
6.134816408218502e-09
6.142059929276506e-09
3.0810917077592824e-12
0.0
0.0
1.3342554494208175e-07
2.053602780019713e-07
0.021688801843866658
-0.021688791897767016
6.356107178423412e-10
0.0
9.741576927326727e-09
4.3461793513106563e-10
1.5645568582589943e-06
3.5020626407824603e-09
0.0
0.11995188040489368
-0.1199517906246405
9.96619031247752e-09
0.0
1.823666697683557e-08
6.4839132861479416e-18
2.627800099889968e-06
-2.6179028237638337e-06
5.876198722777245e-10
0.0
0.0
1.2891574972115828e-08
1.564556858231636e-06
3.85788953929764e-07
9.985860016709276e-09
-3.66171485897189e-07
9.989525858001094e-09
0.0
0.0
1.9977652854188315e-08
6.769263002242362e-10
0.0
0.0021699318972084177
0.0
3.2601357836140097e-09
7.463880231036859e-09
7.463880230792531e-09
0.0
3.4914681998165384e-09
0.0
1.215703733611457e-06
2.3039268145026845e-07
0.0
1.4539454921142165e-06
-6.648061031663604e-12
