0
8.057600408648003e-09
1.0294786916073082e-07
0.0
9.871331923500593e-09
4.729169752901282e-06
6.004824932064451e-07
0.0
0.0
4.7305131456092135e-05
8.325351717207046e-10
0.0
2.5619169067955114e-05
0.0
0.0
0.0
0.0
0.0
2.301297218863955e-09
0.0
9.664736560244712e-09
0.0
0.0
0.0
6.58219158661866e-10
2.268377203321185e-06
3.0739951828421144e-09
0.0
0.0
4.342241692490389e-09
0.0
1.5894127049392742e-05
0.0
0.0
0.0
0.0
1.2695260105296603e-05
0.0
0.0
1.933756508391927e-08
0.0
0.0
0.0
0.0
0.0
0.0
8.257608546770315e-08
1.5007656556753643e-06
0.0
0.0
0.0
6.047156891331591e-22
0.0
0.0
0.0
4.197800593946026e-05
0.0002038212070737946
0.0
8.936432140657097e-10
0.0
0.0
0.0
0.0
0.0
0.0
2.977290174293166e-11
0.0
1.9891503481364e-09
0.0
1.5117188946600285e-20
0.0
9.871372829297158e-09
0.0
9.585324055380187e-09
1.0045025008727053e-10
1.8437458611836324e-17
5.966596026287124e-10
8.587640778874084e-21
0.0
1.7238951683493718e-09
0.0
0.0
1.0045024935543406e-10
1.6951714029754795e-22
0.0
0.07951444271125174
4.84602355048345e-13
6.564512399784084e-08
0.0
0.0
2.227642318438414e-09
0.0
7.798728388098795e-09
0.0
2.5557916871557876e-09
-2.5421127075527265e-09
0.0
0.0
0.0
0.0
0.0
0.0
0.0
5.868809525603283e-10
0.0
0.0
9.27785127540995e-09
0.0
0.0
0.0
0.0
0.0
7.168783150709236e-09
0.0
0.0
1.6948178296934685e-22
0.0
0.0
0.0
0.0
0.0
0.0
6.357046484410749e-09
9.671692081680547e-09
1.025470596055927e-06
0.0
0.0
0.0006746597754778107
-0.0006746746380583701
0.0
7.871332078117294e-09
0.0
2.227496769124603e-09
0.0
9.648161587112357e-09
0.0
5.394765765521653e-09
0.0
0.0007129469357094765
7.529922940398714e-09
0.0
9.896782462339731e-10
2.817122867459388e-10
0.0
4.400888168560128e-22
0.0
0.0
1.5654348759659494e-09
0.0
1.4198226975568484e-09
0.0
0.0
9.988339268923091e-09
8.630829381903387e-09
0.0
1.2753194560382066e-09
6.79070485358005e-09
8.69316810494927e-09
9.490757203183321e-09
0.0
0.0
0.0
2.5660067437765194e-18
9.43703609261741e-09
-0.014050676240846494
1.3909755534787077e-06
1.2753194560382066e-09
7.69050593346841e-09
1.747324438185538e-10
0.0
0.0
5.768031886840765e-07
0.0
4.613094955452849e-10
2.6578112758006134e-05
0.0
0.0
3.495573588375529e-06
0.0002555096841766746
0.0
0.0
0.0
0.0
0.0
0.0
0.0008122522677726865
9.580415010859398e-09
0.07982283596723194
1.7342648515524675e-08
0.0006142226683813144
0.0
2.3563170814967676e-08
0.0
9.890970498818933e-09
5.077899699422436e-19
8.915578356306259e-06
5.4520277794527294e-08
0.0
0.0
1.6689913260508068e-06
6.941735605309392e-08
0.0
1.8121255424123492e-07
8.495198719262106e-09
0.0
9.192488955691944e-09
3.76683954167456e-09
4.107473195256454e-06
4.488627381824477e-10
0.0
0.0
5.10684586073127e-05
4.604745318532232e-08
1.198524379192269e-05
9.81032896095698e-09
6.235264627674466e-09
4.434950354158203e-09
3.578872982254149e-09
0.0
5.8104961442150364e-11
0.0
0.0
0.0
0.0
1.5535193664170218e-09
1.3378469441216612e-09
2.611854333192984e-10
0.0
9.87133193551098e-09
0.0
9.885307824401075e-09
9.865904339024924e-09
9.499159873426915e-09
1.6741377902029786e-10
4.264518489485382e-20
0.0
9.856819628739097e-09
1.3341292372064106e-11
8.053904138317337e-09
2.6375300449852474e-12
8.68673331093608e-09
0.0
0.0
2.821991854844195e-10
-0.00047697535244856093
6.230540323105241e-12
0.0
0.0
0.0
0.0
4.19879163315096e-20
0.0
-0.07785033687048101
6.167590594755911e-24
9.604468315701087e-09
9.753615167667362e-09
0.0
0.0
0.0
6.447298007498214e-09
0.0
1.211919857142221e-09
2.2894030630751127e-08
-3.583957023853535e-05
9.231762695915715e-09
4.5331574967842896e-09
7.933920324746816e-10
4.628000190989265e-09
0.0
2.7665827410861677e-06
0.0
6.3065287262463765e-09
0.0
0.0
0.0
0.0
0.0
0.0
5.082998894443547e-08
0.0
0.0
1.2821301550952748e-09
1.4904130484228939e-09
9.232868961908323e-09
0.0
0.0
4.247511260384623e-06
0.0
0.0
3.203050044809564e-20
2.678852478686943e-09
-0.0006302083839008991
1.589419388123684e-05
0.0
0.0
9.587041925842383e-09
6.697638170068855e-09
4.2893834265741767e-10
9.602398078128782e-09
2.678852478686943e-09
8.06172688659574e-09
3.9700392006267615e-07
0.0
1.748598230264632e-06
0.0
0.0
1.1393986571851321e-10
0.0
9.084013323843214e-07
0.0
9.706997480096527e-09
6.619417226444533e-09
0.0
0.0
0.0
2.9841780113655e-06
0.0
0.0
0.0
0.0
0.0
0.0
0.0
0.0
2.6923330662599e-06
0.0
0.0
0.0
0.0
0.0
1.98213641214133e-09
1.0293932670820497e-09
6.5766792511044725e-12
0.00016118216191685628
3.0342485006509653e-05
0.00011374565546042884
8.743005230302317e-05
8.058522323968724e-05
0.0002650380536622506
6.170802838008338e-07
-4.730513145609214e-05
-4.7305131456092155e-05
0.0
0.0
0.0
9.840583896625778e-09
5.556278162075721e-10
4.857553774709959e-10
5.420018259955476e-10
5.139464936618135e-10
9.735585472870606e-09
3.4243692528891424e-10
9.909499865067751e-09
9.880917870227243e-09
9.95175599866612e-09
9.937942504455429e-09
0.0
3.190936663445773e-05
0.00011378534535193337
8.837147642248425e-05
3.938909278165443e-06
0.0004411006926888294
4.483636200676653e-05
0.00010459514812544156
4.789548864103829e-06
5.5883429698276784e-05
0.00029165615298645174
3.312079130144235e-05
0.00031553254977050423
0.00020823241350312433
7.642081008605273e-06
3.051472555464914e-06
4.602215092083969e-05
0.0002916564533506757
2.9142058196944195e-05
2.0183893512816927e-05
0.00020823263866537946
7.633549393111089e-06
0.0007384166345558609
4.5884851549477624e-06
4.634816147071415e-05
7.85261501655911e-05
3.3828409395549224e-07
1.1642556485915867e-05
0.0001993980414592536
0.0006652274195682068
4.591077130262914e-06
4.201324060302203e-05
7.852429242529278e-05
3.3819277315779005e-07
1.1284363740465202e-05
0.00019904524555800843
1.3557257323766933e-08
0.0
0.0
0.0
0.0001916995125254848
-2.725861601287398e-10
2.2683772033212078e-06
5.550145723209936e-10
4.820352516070211e-10
5.409879333744492e-10
5.336081524044359e-05
8.853233131835452e-05
4.3198786001337186e-05
0.0001539796933111394
4.3198786001340594e-05
1.263169184505507e-05
0.00017364862762057743
0.0001260716172092268
7.14289815791118e-05
4.2698983567297686e-05
4.269898356730057e-05
4.2698983567303656e-05
0.0
0.0
-2.2683772033211874e-06
2.2683772033211904e-06
3.573444359426167e-20
1.9816817365946975e-08
1.9758063906142497e-08
1.9902890323236512e-08
1.987485714863767e-08
5.3360815240442743e-05
8.853233131835366e-05
4.319878600133634e-05
0.00021914063651751366
4.3198786001339734e-05
1.2631691845054182e-05
0.00017364862762057654
0.00012607161720922587
7.14289815791109e-05
4.269898356729699e-05
4.269898356729982e-05
4.2698983567302884e-05
5.336081524044192e-05
8.853233131835277e-05
4.319878600133549e-05
0.0002191406365175131
4.319878600133887e-05
1.2631691845053267e-05
0.00017364862762057567
0.00012607161720922498
7.142898157911001e-05
4.2698983567299096e-05
4.269898356730208e-05
0.0
3.4265742351383728e-06
4.772988167058594e-10
5.117939154505291e-10
9.664736560246482e-09
0.0
0.0
0.0
2.437578530165696e-09
0.0
5.318476528756146e-10
-1.6678954473714704e-06
0.0
0.0
1.0294786932380561e-07
-1.5894127049392813e-05
1.589412704939295e-05
3.271683211618554e-05
0.0004758664359931864
0.0023582611548516254
0.0018252840508163697
0.00320186462711791
0.00027605516667367024
0.0
0.002879476597372104
8.087901060906398e-05
0.0002537293715014443
5.9351716140593246e-05
0.0
0.0
1.7978244605315872e-08
0.0
0.00045334156935173444
0.00022121324724901558
0.0009317642748775327
3.892376310359806e-10
2.067202309311883e-09
4.6889102562784266e-05
4.687203226494865e-05
4.68908298436755e-05
3.622596200475968e-05
-4.214492695541264e-05
-0.00017296022086389813
-0.00017426134208174595
0.00019748172257986232
0.0
0.0
-0.0010431216773606022
0.0
0.0
1.9239712037420298e-18
0.0
0.0009696644141852073
0.2930941826948953
1.9337565083910774e-08
7.970318391886662e-11
-9.864377510376232e-09
1.9157517801978603e-08
0.0
0.00028676357556223464
0.0
2.7440509812903733e-08
0.0
0.0018830233777659257
0.0018830233777659257
6.37520394347636e-08
-1.736319728830411
5.10538263941416e-05
0.0002867629501202471
0.0
5.35460658868412e-09
0.0
9.193194160777419e-09
9.193194160835085e-09
4.905950259009287e-09
0.0
4.9059502589850965e-09
-4.689116976511025e-05
-4.6881818912809445e-05
-4.689082984369111e-05
-3.622596200477529e-05
4.2144926955397025e-05
0.0003034166819003564
8.403441100649509e-05
0.00012606201274090092
2.9196928929534324e-06
0.0007947124043940551
8.257608543033976e-08
0.0
3.501408975820594e-18
0.002296954406750464
0.0022969544067504566
-0.0007947124043940559
0.000509078386364509
0.00021602539285046202
0.0006100233016333885
0.0007732526732468205
0.0016022124251257653
6.980736263585905e-05
0.00020390161846263377
0.0
1.7442990357315142
-1.500765655675362e-06
1.500765655675363e-06
-4.042626298910645
4.04261360365054
-1.2695260105296567e-05
5.930055648671586e-05
0.0
0.0
0.0003722019849717515
9.927629575291926e-09
9.927629575054756e-09
-1.3388555623710345
-2.0740956889780042
-0.0009757574613338685
1.5894127049393433e-05
0.0019079621039313945
0.0
5.477133309807037e-05
9.807171043775625
-9.807171003982257
9.938929339958977e-09
0.0
0.0
9.825090769541269e-09
9.825090776431233e-09
3.758046441919138e-05
0.0004775895226815659
0.0006303292821190681
0.0006218726041013495
0.00011557259944880785
0.0006218726041013495
0.0005735740453852873
0.0002818541907829757
3.4142643128848773e-06
1.4715381542172918e-06
0.0002344468567647838
0.0
0.0
4.8878872172409674e-05
1.8473389842654657e-07
2.0939752500640896e-08
4.889112603350762e-05
0.00028526127901937014
5.454420517818831e-07
2.692333066259875e-06
3.4157741277977626e-06
4.4028723525113444e-10
0.00010926861847121357
0.000123739836057164
0.00041053085997202316
0.00046654268645913305
0.0014598075873691167
4.580757603456649e-05
0.00011908035675320638
-0.0018830233777659237
6.016346404681467e-22
4.729169752895467e-06
0.00012448633041949042
0.00011557259944880998
-0.00011557259944880958
1.3526449321714156e-07
0.0
0.0
0.0
0.00023766203758441432
4.9061684574349116e-05
5.205161438779123e-10
0.00011395793039812038
5.026203523960217e-05
8.16786694167327e-06
-0.00025583277885488087
1.8271188504225685e-06
2.9794587625331363e-20
0.0001741112186045037
15.001094440134676
-15.77839921925122
0.7769268466908686
-0.00020382120707379463
0.0
-1.0157735539090294e-06
0.0
0.0023603065902101433
0.00029646003589732425
0.0
0.0
0.0
0.0
0.00011580970384246484
0.0001158097038424647
9.900510557757908e-09
9.900510557624076e-09
0.0
0.0
0.0
9.62027856770914e-09
0.0
0.0
0.0
0.0
1.5019580140995301e-06
0.0
3.041985988265759e-08
0.0
1.672910776054646e-08
1.6763311232401534e-08
1.6762139719527075e-08
8.603357469205698e-10
4.905950258969461e-09
9.871331923287068e-09
2.9048580413516157e-12
8.057493995659728e-09
0.0006806650150362213
0.0009612048933531858
9.368163728364188e-09
5.554226960543378e-10
5.354414167179654e-10
0.00028675375692608707
1.0885054493218638e-06
1.0885054493257185e-06
5.935171614059321e-05
9.871331929474521e-09
0.0005564763772623423
0.0005564763772623449
0.0
3.0210770768572367e-19
8.690356977423931e-05
8.430343121079362e-05
7.934283047538863e-06
0.00039758513776857996
0.0012841466808926913
3.5355278788502845e-05
9.45781837162632e-05
0.0004221748165902692
0.0001317219616396679
0.0006020890185858491
0.00037566753547824003
0.00031806574423307347
3.4452083847355716e-05
0.00010932343474637006
0.0
0.0
0.0
1.5387735278269132e-07
5.552726109975657e-05
2.453059783458294e-06
0.00011626839647199512
0.00011626842624489686
0.0001162683964719951
0.0001162683964719951
0.0001162683964719951
6.81978050085529e-19
6.826822441604634e-19
8.850743279978039e-05
0.00010066885940396301
0.00018917526557471655
0.0
-4.667818506745359e-07
2.225551215585405e-06
4.569470349940273e-07
0.0008565891403428557
0.0005479755481253776
0.0005479755481253786
3.5234733529192065e-20
0.0016881568653582917
0.002544726298185368
4.776503011310004e-10
-0.00032085181617251893
0.0
0.0
0.0
0.0016471059178983772
0.00016418817908426267
0.00017850677165902776
0.0016327728386613398
2.3468026570966472e-20
0.0
-0.00016416999792843987
3.9223821351449616e-10
1.5096733808312605e-20
0.0
7.99201248877418e-09
3.7983371204342337e-06
0.00032085181617251893
2.1055985491601745e-09
0.0
0.0
7.186743368744722e-09
0.00013118938683477367
-0.001741230362700602
1.652615547538937e-20
2.2403738173816633e-06
9.959451089857033e-05
0.0
8.19220530307345
-8.192142932073429
9.217217816031477e-09
1.2785204439675976e-20
0.0005453086905196556
-3.927522444509762e-05
4.254985184639513e-05
0.00022447580898001584
8.913730970688217e-06
0.18621770810307714
1.2283609845144146e-09
0.0
1.0082128400394109e-08
0.0
0.0
0.0
0.0
0.0006303292821190598
9.814871610550018e-09
0.0
0.0
-4.763412466443281e-10
9.871331909705176e-09
0.0
0.0
-1.9430552874432255e-10
0.0
0.0
0.0
0.0
0.0
0.021236876969472258
-1.0045025008727053e-10
2.5619169067955277e-05
0.0
-0.021236876340550145
0.0
0.0
0.0
0.0
0.0
-9.827300633344986e-09
2.2683772033212743e-06
0.0004170366648727393
0.00013413673787987176
4.534555334557652e-18
7.427712434731227e-05
0.00046310252005335293
0.0
0.0005373796444006653
0.00010314885030878688
3.9204937490474587e-05
0.0001251362456417704
0.00017002630263459204
0.0013720349199205578
0.00032127262475703706
0.0004700387876322944
2.283755172056345e-18
6.727946742288115e-18
1.17204048477109e-09
7.40558963502634e-18
7.391019853394565e-18
7.3321464279149e-18
7.367950769793913e-18
0.0009612048933531857
0.0
3.253187929778769e-10
0.0
0.0
4.613094947527287e-10
2.9773506726004873e-06
4.056259016531441e-06
1.861189045975339e-11
9.818636147386995e-09
4.243312735876066e-10
0.0
0.001068192143640801
0.0005767900121172023
0.000576796161949929
0.0
1.1985243791922635e-05
4.308505183737444e-06
1.8077052489374717e-05
8.764824539954595e-05
0.0001357767577512083
6.696197537678028e-05
0.00031049544424737406
1.9435684654823656e-08
4.308505183738243e-06
1.8077052489375436e-05
8.764824539954675e-05
0.00013577672857669078
6.69619526832869e-05
0.0003104954442473747
1.9423991064724828e-08
0.0
-1.0045024935543406e-10
0.0029755556787947252
4.845047859102024e-10
0.0005311281598052563
0.0005311281598052564
-0.07951444271125174
-0.07948666012780758
0.000509023260549901
0.0
-4.84602355048345e-13
0.0005090156624359989
0.0
0.0
1.363605148716624e-07
5.793068558958455e-08
0.00011419149679460173
0.0
0.0
0.00022834488812614406
0.00022834488812614406
0.00022834488812614406
0.00022834266048382562
0.00022834488812614406
8.852177202132819e-18
0.0
0.0
3.269917208878075e-08
3.584643432780199e-18
7.1480083902083495e-09
0.0
0.0
0.0
0.0
3.2906265180248175e-05
4.671600871989568
0.0
0.0002503242516158593
-4.671884102506364
3.0696667754804534e-18
4.671633786053477
0.0
0.0033651378125311884
0.002975558900109577
9.747270397987466e-09
3.5395827053279286e-10
6.507206394207819e-10
0.0002036210713534311
-0.00020362107135341612
-0.00013045646103647488
9.022693107523395e-05
7.14197098389446e-05
0.004132628215401845
0.0
1.940416274942417e-09
0.00019375489199653501
2.5421127075493384e-09
0.0001937548783175555
0.0
-4.4962079620439535e-09
1.4853443639863668e-19
2.678852478680898e-09
0.0
8.319863914486074e-09
8.319863914452959e-09
0.0
7.160106535893889e-10
0.0015903168823893925
7.160106535800351e-10
0.0
0.0016062470719481277
2.2867720651102874e-20
1.5940104285746674e-05
9.603683442117375e-21
0.0002411881190648995
0.00024118859613591722
0.0
0.0
0.00010208330409515835
4.431641155152781e-05
0.15458312177501451
0.0007203279143227005
0.0
0.0003613035602721416
9.754159227428534
-9.754159187972432
9.81838693337942e-09
-6.295593044831904e-06
1.4245693399968435e-05
0.0
0.0
1.4656034891728965e-07
5.8526410196709256e-05
1.0530246136156943e-05
1.98811778528623e-08
5.421966108705346e-10
0.0005134571470501422
0.0001620374583434969
0.0011154741993212116
0.0006775330138895206
0.0006398790274781761
0.0004901021032987379
0.0002881257730433148
7.324692424027808e-06
-4.197800593946027e-05
5.470279914452651e-10
9.735585472846832e-09
2.5617420912497106e-05
2.5599381667454e-05
0.0
-2.561916906795517e-05
0.00018236714409599605
6.7122587237835e-05
0.00021710105635665242
0.00031005735791562414
0.001734327288990136
0.0006321075296987237
0.000484006532124454
8.045360722371982e-05
0.0
9.871331916587004e-09
9.818636146584575e-09
0.0
4.573805877071383e-10
0.00043142752080669477
5.3858757504824995e-06
1.966791182837278e-08
4.2149877744975837e-10
0.0
0.0
0.0
0.0
0.0
4.097517781177832e-06
0.0
2.8079817106822105e-05
5.435757598129164e-10
1.987353743849135e-08
5.381122383404123e-10
0.0
5.1053826394138274e-05
6.37520394347347e-08
8.335214266693986e-08
0.0
0.0
-9.603882544852335e-09
0.0002413045843736406
0.0002413141882561854
0.0
0.0
2.5599381667453643e-05
2.5599381667453725e-05
1.7317658452879444e-06
0.0
7.176816858809849e-18
5.809253490995261e-12
5.814085733493128e-12
5.811891769832545e-12
-1.5442935406335566e-11
0.0
1.3346140315604767e-06
1.6693544673566343e-06
7.943686215173866e-07
-3.798337120433301e-06
0.0
0.0
0.0
4.7291697528996065e-06
0.0
0.0
0.0
4.097517781176648e-06
4.046687792228588e-06
5.521311922240748e-10
1.9869047327073172e-08
5.25128094198413e-10
0.0
1.568840548078928e-08
0.0
1.1410016495845401e-10
0.0
2.9081643904280066e-12
5.758297325962993e-09
0.0
0.0
1.6825652355312047e-08
0.0
0.0
0.0
0.0
0.0
1.6407877311759995e-20
2.7258616011258155e-10
0.003338269004296567
0.003338269004296567
0.0
9.22037347290589e-09
0.0011989696537124796
0.0
1.8301347879702638e-09
0.0
9.923434708220065e-09
0.0
-5.579786435383553e-05
4.142144288509172e-09
0.0
0.0
0.00033020073343032223
2.973241648404015e-10
9.75266797322797e-09
0.0
0.00017220632570647752
0.0007907674926075497
1.914614911145701e-08
5.2557706849523135e-12
0.000787094251996492
1.1722939724931836e-09
0.0
0.0
-9.817950512347776e-09
1.017164296356182e-05
0.0
8.854181750274573e-05
0.0
4.320822260786871e-05
0.0
0.00015398910376236452
0.0
4.320822260787214e-05
0.0
1.2641270717631033e-05
0.0
0.00017365812621306703
0.0
0.0001260810060337671
0.0
7.143846314427329e-05
0.0
4.270824191276316e-05
0.0
4.270843577835213e-05
0.0
4.270843577835526e-05
0.0
0.0
0.0
0.0
0.0
0.0
0.0
4.689116976510331e-05
4.688181891280424e-05
4.689082984368591e-05
3.622596200477009e-05
-4.2144926955400494e-05
-0.00017296022086388772
-0.00017426134208173467
-0.0001974817225798511
3.345584748804213e-05
3.345896626806448e-05
1.9771085805567138e-07
1.9771085806094887e-07
1.1985243791922362e-05
1.1985243791922356e-05
9.871331956656108e-09
0.0
-0.0031874259971549045
8.043486145788003e-05
8.034507117771821e-05
9.561535170293789e-08
9.871331939578069e-09
0.0003111506297995863
1.3876833202278253e-08
0.0
0.0
-2.7944320604559644e-10
-1.0157735539090417e-06
-1.0157735539090368e-06
-0.00073856481704585
0.0004545230723541444
8.501308122621372e-09
0.0
2.5087085298218233e-06
0.0021079585277821943
0.0002258298490552941
0.0008046605747024952
0.0004030912170556944
5.4418110396148725e-05
0.0002430632658471777
7.837030207924192e-05
0.0009107854871925639
4.5283821195273437e-05
0.001192475158591028
0.0011462721487817118
0.0021134534185073502
0.00013986620767578945
0.0002684540512362404
0.0001782292026102368
1.067164196963937e-05
0.0
0.0007799701932840552
0.0001744391610138788
0.0010620186975545476
0.001032824837208339
0.0022036803495825786
0.0002659282204166847
0.0003398737610751794
7.019705892990189e-06
6.774130701523385e-09
0.000620518416841529
2.3507841311782584e-10
-8.46405087315781e-09
0.0
0.0
-8.464050873205245e-09
-0.016261812612022683
0.005644970063182028
0.02350279190339827
0.0
0.0
-2.817122871784372e-10
2.2888373514168387e-08
0.0
2.7335092822528376e-05
0.0
0.0
0.0
0.0
0.0
8.215754708079639e-05
0.0001495734243675812
0.002284822668758613
-0.0006746597754778705
0.00023449666309489342
1.2940136748222435e-09
1.2940136747553953e-09
0.0
0.0
0.0
4.55368800423324e-05
0.0
0.0
9.103565470613877e-05
9.103565470613877e-05
9.103565470613877e-05
9.103342720936965e-05
9.103565470613879e-05
0.0008439313329449189
0.0013154636865341928
0.0001715284277965523
8.595884194089575e-06
0.0
0.0
1.7153135238028173e-05
1.7153135238028173e-05
1.7153135238028177e-05
1.714348707644106e-05
1.7153135238028177e-05
2.1032066248186944e-05
0.0
0.0
4.2121286670869584e-05
4.211566812214274e-05
4.211546380921893e-05
4.212128667086959e-05
4.211546380921893e-05
4.137875705154508e-06
0.0
0.0
8.237146359265474e-06
8.237146359265472e-06
8.237146359265474e-06
8.242541125030997e-06
8.237146359265476e-06
0.0002859838146844142
0.0001861515879905551
3.307330462956001e-09
0.0003723097906434349
2.529840414629509e-10
0.0
0.001299577355625419
2.4097381448352802e-06
0.0
4.382245852167269e-19
0.0
5.5094028003168616e-05
3.3888301498047786e-07
8.87180167592314
0.0
0.0
-0.0007129469357094765
0.000740265741020268
0.06875591919708482
0.06314641949510466
0.0
0.0
0.0
1.2917825163799656e-09
7.5983112428213e-09
0.0
-9.896782473400867e-10
0.0
8.191721734119859e-10
0.0
0.0
0.0015728869309917083
0.0006986147217432587
0.0
0.0
0.0037742686366285527
3.2272719428704405e-09
5.477634516477927e-09
0.0
2.9878895013794537e-05
2.9878895013794537e-05
0.0006060500154440365
1.81340761297245e-08
1.278438279594149e-07
0.0
1.8307172593905272e-07
0.0
6.085894650871356e-09
2.2365048696974777e-05
3.94364048463709e-05
0.0004025965769244848
6.895754869055359e-05
0.00017566090647642602
1.0452297246064137e-05
2.4502173036943674e-05
3.085784514758377e-09
0.0
-0.0007724772073822725
1.1280082791602662e-08
3.989821039455108e-07
3.3668812044452733e-06
2.0200242911253154e-07
0.0
0.0
0.0
0.0
0.0
0.0
4.2934055101592995e-10
5.013178909830258e-05
0.002088259026229145
0.0009999480528572766
0.0012810584186323851
0.07350939753852044
2.611986425649853e-05
8.594357573696976e-09
0.0
1.9096955343556588e-08
0.0
0.0
0.0
0.0
0.0
0.0
-8.693168104936594e-09
0.0
0.0
0.0
0.0
0.0
0.0
1.6396143651503537e-09
1.3636051370634175e-07
0.0
-1.0110497546288051e-10
0.0
0.0
0.0003187586026542229
0.0
0.0
-5.917163397823732e-10
9.494357999358846e-09
1.0465337569133517e-10
8.356829143422846e-10
0.0
0.00031084320468338644
-0.0004556841447080906
0.0005712648016509261
0.0
0.0
2.390405680398246e-18
0.0002746602787980731
1.3306256494622214e-05
7.895390461825845e-05
0.00034715138568222186
-4.816913248425563e-11
0.0013135240586502222
1.2341022875918115e-05
1.2341022875918037e-05
1.2341022875918217e-05
1.234102287591829e-05
0.0
0.0002684365020848463
0.0032920955897953663
11.404038324296527
0.0
6.546969135688367e-06
5.155993582209699e-06
-1.3909755534786944e-06
9.74173850049392
0.01351168703507459
0.0
0.0
0.0
0.0
9.75525018600103
1.3636051344883193e-07
1.3636051397274375e-07
1.3636051424803726e-07
0.0
0.0
0.0
0.00014467026553047105
0.012473516693540751
0.0014259343219043736
-8.157186621625728
8.171237297866574
11.390526637261452
9.75525018600103
0.018379803977866892
3.1186654715616774e-20
0.0
4.54371999775782e-10
-1.0110497621804262e-10
0.0009999480528572772
0.0009317544918268084
0.0009611662333074574
0.00021977751617815796
-0.003219417876561881
0.007795939279596782
1.946152986796372e-08
0.0001155806569428085
-0.00011392781929381779
0.002418631071538922
1.8307172599086914e-07
1.8307172600383523e-07
6.655030133653874e-08
-3.7434069946921684e-06
3.3157195066508676e-05
9.665402247108895e-09
7.188561481262362e-06
0.0
0.0
-3.5514810944026285e-05
1.6568142746516855e-09
0.0
0.0
0.0
0.0
6.390145860588002e-05
0.0014495016551308052
-3.4955735883762177e-06
1.1252961080315815e-09
0.0
0.0007386447141657073
6.729865027772978e-06
4.570099274742917e-07
0.00029242132071919037
0.0003226442140503949
5.268648290294311e-06
-1.3365863648655587
1.3363308551813817
-0.0002555096841766746
1.2836384705137255e-05
7.022412765545054e-07
5.8855344250389294e-05
-2.657811275800616e-05
-0.0006102751285517444
0.0
1.610813953629072e-05
0.0022471024687875834
3.764072272242657e-23
8.858768228416213
-13.560816870034806
4.702048064815405
-5.768031886840353e-07
3.584955376360994e-18
5.454420517461063e-07
5.454420517019575e-07
5.4544205171903e-07
0.0011531832018173299
0.002165269827469726
5.416623793021832e-10
0.0734794330956755
3.494523423115835e-06
1.1944853670573745e-18
0.0
3.0857845142850728e-09
0.0
0.00031113675296638406
2.0233879686718653e-08
0.0
1.927867000914545e-08
7.823391781781659e-05
1.3559802844022408e-05
0.0
7.724082310150211e-09
1.1345935291843535e-10
0.0008100316015340517
0.0006108740650962919
3.9744141850703634e-08
5.358306903702999e-10
4.785449704410848e-05
4.7854497044108616e-05
5.27691376635922e-10
0.0008100221495908281
0.0
0.0009611959687680977
0.0009611811029961684
1.4867478821318993e-08
4.91143993769451e-10
0.0009611662333074574
0.0
0.0
1.5124576294386115e-05
0.00036227596197661144
0.0008143907016095353
4.81691331906992e-11
0.0016829674774100816
0.00019777021394629118
1.4349230050399742e-06
1.1632886710002466e-05
9.922326575566927e-09
-1.162296438342665e-05
0.0
0.0
9.544743536474476e-09
-7.880580051295197e-09
-0.07982282003772447
-0.08793189546632929
1.208145113001998e-07
0.0006142226683813144
-0.0006142226683813144
-1.8946691321477723e-10
0.0
4.6891169765098106e-05
4.687205312914312e-05
4.6890829843680704e-05
3.622596200476488e-05
-4.214492695540743e-05
-0.0001729602208638938
-0.00017426134208174075
-0.0001974817225798568
0.0
1.861090172705149e-11
0.0
0.0
0.0012193820713778045
4.719280259135662e-06
0.0
0.0
0.0
0.0
1.363605124912698e-07
1.3636051280545262e-07
1.3636051230398905e-07
1.3636051236999825e-07
1.3636051262073038e-07
1.3636051453222156e-07
0.0
0.0018929957283057017
0.00016329197770019967
0.0006700750115818
-7.01069496213098e-06
1.941030411421639e-09
0.0
0.0
8.91373097067901e-06
8.913730970679057e-06
2.4502464528870903e-20
8.373373040206424e-05
-9.26493087583705e-05
-8.915578356306266e-06
0.0
0.0
2.2883965703755402e-08
1.2186963860864306e-15
5.4520277794541356e-08
-5.452027779453452e-08
0.0
0.0
0.0
0.0
0.0
-10.088447668281184
10.088401839979383
4.582830180074382e-05
-0.0002952524345050648
0.0002792578099415238
1.594010428574651e-05
8.913730970679836e-06
0.00016325480318437423
9.010930859009025e-09
0.00017121850764810603
0.0009905085731276137
0.0
0.0
3.820550682451071e-09
0.0009378291760359203
9.904085390521997e-09
9.90408539075239e-09
-0.000812266256863925
1.5747905732041712e-08
2.0713313805239987e-09
8.239205722539535e-09
9.580031213830694e-09
8.23920625694394e-09
8.239206781975763e-09
0.0004721360534143959
-9.862132825670978
9.862132816072913
0.0
0.0018248183533360668
4.441684542027207e-08
-7.003042030800607e-05
7.171454505141806e-05
-1.668991326050791e-06
-1.6689913260508007e-06
8.913730970681385e-06
8.913730970680614e-06
1.0885054493174212e-06
-6.375203943475739e-08
4.042515362059087e-21
0.00022577419504950843
-0.00022584361240556147
-5.984276815169346e-08
-0.00012448633041949042
0.0011056241612486175
5.451416958683555e-10
8.631251721354385
8.631251540141832
-1.7158466861657746e-07
9.143905009419104e-09
6.11919116927276e-07
0.00022598127365403735
0.0
3.7721907292710344
-3.772190709418595
5.157355116675416e-10
5.126914817114231e-09
6.1838013833459895e-09
5.1059673264719854e-05
-5.105967326471915e-05
-5.105967326471915e-05
5.105967326471966e-05
0.0
0.0
4.107281151614192e-06
4.1072811516140756e-06
-5.105382639413944e-05
5.4182928955907346e-08
1.3245269354642892e-05
2.9453714212653402e-05
3.2716832116184086e-05
3.271683211618397e-05
3.2716832116184656e-05
0.0
0.00015058563410235134
0.002911266140966431
0.0030618555419083242
-3.76683954167456e-09
5.505750409886068e-07
0.0
0.0
0.0
8.257608535561088e-08
7.494492964594268e-09
0.0
0.00011394815983607809
3.769247222703319e-10
9.770562042353506e-09
4.127775174317225e-10
9.806920154130224e-09
4.73140357430044e-05
5.430120146314767e-07
0.00011396773731827446
5.404073541230376e-07
4.731403574300437e-05
0.0
0.00028276765366862553
0.0
0.00028277514816143514
0.002389262559942501
0.0001607105496388821
5.105967326471985e-05
2.6760168617060075e-20
1.8941943556936045e-05
-7.001040216424876e-05
-5.1058670536722784e-05
1.610813953629074e-05
1.1985243791922523e-05
0.0
2.3563170817096227e-08
0.0
0.0
6.135034576770651e-08
6.961062399735121e-08
4.273981129926395e-09
9.810296502817885e-09
0.0
-4.1613909059661276e-10
1.629023580159257e-05
2.4494632332833104e-06
1.1389344724419775e-07
0.000317842818234202
0.000458349479651143
0.0007233766691622786
6.317533334868355e-07
5.284713672475656e-07
0.0
0.0
0.0
2.7893519584762547e-07
0.0
0.0
0.0
0.0
0.0
0.0
0.0
0.0
0.0
1.3604403716207812e-05
3.190936663445718e-05
0.00011378534535193284
8.837147642248368e-05
3.938909278164915e-06
0.00044110069268882886
4.483636200676602e-05
0.00010459514812544103
0.0
0.0
7.11292889326751e-09
9.014279679216857e-09
0.0
8.218327446241059e-09
0.0
7.895575446279945e-09
5.774952110134142e-09
0.0
0.0
5.069317977536532e-09
0.0
7.384474361127754e-09
1.7459718840843598e-06
9.867053729546435e-06
0.0
3.969718824818336e-06
0.00029535372557566405
0.0
1.5916089854563908e-08
7.318131941220715e-05
0.0
4.3420337965845166e-06
1.0872019976767246e-08
0.0
3.664110728961769e-07
3.454114268834315e-07
5.5797864353835543e-05
2.5619169067955745e-05
1.149128876035837e-19
5.973150628403014e-06
0.010120104037800044
0.01015170259276103
0.0
0.0
0.0
0.0
0.0
1.0325576461688795e-05
9.871331965585407e-09
0.0
0.0
0.0
0.0016701219725722668
0.0
2.785286451957281e-08
9.874619914433033e-09
9.605758158593765e-09
9.60575815873263e-09
4.427297947718189e-09
4.4272979477777755e-09
7.709664021302425e-09
7.709664021398517e-09
0.0
7.569403446473519e-19
0.0
0.0007378675195890232
0.0002505071493115185
0.000988369971761189
0.0
9.226016111288543e-05
0.0
0.0
0.0
0.0
0.0
0.0
0.0
0.0
0.0
0.0024838021036275673
0.0024838021036275677
0.0024838021036275673
0.000969654543160451
0.0
4.5674145622704565e-05
9.771564302557957e-05
0.0
3.4658979810582216e-06
0.0
0.0
0.0
0.0
3.4569087534816587e-06
4.2215287928630125e-05
0.0
0.0
0.0005469210713053285
9.288715506558995e-06
2.125129563286222e-05
0.00014482576323127458
0.004722424644933522
1.171597232360167e-09
1.1718425755907556e-09
0.0005634500000797214
0.0005634483604655071
0.0
-9.871331935297075e-09
-9.871331935049311e-09
1.1721909520852662e-09
2.0736111592810343e-05
2.294823123046512e-21
0.0
0.0
2.81122183271241e-10
1.59598505991393e-05
0.0
-1.0938542115421584e-10
0.0
-4.709478425858877e-10
0.0
0.0
8.519067736046254e-19
0.0
-4.900851856227909e-10
-0.0006882014675031365
-1.6741377902029786e-10
0.0005388708743694356
0.00014933042571992194
0.0022517070356540053
0.0
0.0024838021036275673
0.0003002491317280848
0.0003002491317280848
9.91502142253267e-09
4.221528193318843e-05
0.0
0.0
2.4381184636238926e-08
9.77231987002915e-05
9.77231987002905e-05
0.0
4.145792393742845e-08
2.817588625239962e-08
8.630903284434606e-06
0.000109863892326762
4.0490533277706547e-05
3.4476404597453773e-06
4.21812007519679e-05
9.774759321363736e-05
0.0
-8.584853214705472e-06
-0.00010982741381171946
-4.047377113798723e-05
0.002404429656394759
0.0
-4.6198800875724995e-10
0.0024044296563947537
0.004406843374169903
0.0037264741014043476
0.00014998572120557732
0.0
0.0
8.645593570648852e-10
0.0006803692594242628
-1.3341292372064106e-11
0.0
1.629023580159264e-05
1.6290235801592395e-05
1.3636051299836302e-07
0.0
-2.637530044561731e-12
0.0
0.0
0.0
9.220373472538853e-09
-3.0653108751108814e-07
0.0
0.00014337616397542603
0.0
0.0
0.0
2.2683772033211968e-06
0.0
0.0
1.589412704939316e-05
0.000543156977163884
0.0005431569771632283
1.5959848389331034e-05
4.729169752900719e-06
0.0
0.0
0.0
0.0010883109733718687
0.0
0.0
0.0010152412248540168
2.9420961630485703e-05
0.020157466084062364
0.0018676378245240603
0.06304452337370514
1.752169059986247e-05
3.8619777153596804e-05
0.00013892816128233855
3.7580464419192715e-05
2.2964405816613952e-08
0.06690962877238549
1.0457786190406703e-06
0.0001389281701239278
0.0007809096663574306
0.09535857159205242
3.758490921097793e-05
0.00023505331966874312
0.00490103883772859
15.221331668837722
0.0
-2.0686130684475694
0.005174096655492226
0.0
0.00033032857725882067
0.00022637076281665136
0.00034745915797123917
8.1439482287146e-05
0.0001911458050221501
0.00047697535244856093
0.0006412353568547302
0.0
0.0
0.002443592680342463
-6.230540321411175e-12
0.0015062136088133784
0.0009373712409903165
0.0002719119778430977
0.0007433342738097978
0.0
0.0
1.2105129819632225e-08
3.603870975562689e-10
3.75851914103747e-05
0.0007809096663575355
0.0
0.0
-6.2300077411023476e-09
3.216710910654177e-10
1.2749602433910561e-08
1.1840929648850358e-09
5.107204700459594e-09
0.0
0.0
2.3370815971887795e-10
1.0910567355939987e-08
0.0
-8.391598584848309e-09
0.0
0.0
0.0
0.0009575687964144333
0.0005965971268483755
9.92998624901171e-09
0.0008092124655148948
9.941125616278757e-09
8.045360722371593e-05
9.948211296043366e-09
9.752667972417518e-09
0.0037542886492179135
5.894667157450916e-08
5.36620783865422e-06
9.85214792374575e-09
0.0010815854925394484
9.879649899237211e-09
0.0003301946956520047
9.689829327787291e-09
0.0001267852531359863
9.943037879632495e-09
0.00013936366345709654
9.951548058857034e-09
5.1061080980947125e-05
9.939538116954203e-09
0.00036829126278946757
9.937598381722164e-09
0.0003421604203223474
0.0009757574613338698
1.3008300825432181e-18
1.2735337789432953e-18
0.00034392892403222386
9.437036092600938e-09
7.34900809077188e-05
7.914089808776977e-05
8.045360722371647e-05
0.000814390701609532
0.00027406985680278675
1.9611901238623493e-05
2.973452902824558e-05
0.00013731549927214386
3.5586281853239066e-05
0.0003302012375198114
0.00010845505955182702
4.254985184639188e-05
0.0001480939977713984
0.00024256332049994432
0.0
3.276289212789937e-08
2.2582514141177175e-09
0.0
0.0
0.0
0.0
0.0
0.0
0.0
0.0
0.0
0.0
0.0
0.07785033687048104
0.07756433635209597
6.361207582702386e-05
7.937777378212061e-05
0.0005479755481253776
0.0
0.0
0.0
2.697422587175265e-11
5.5363153729662945e-09
9.871331960394418e-09
9.87133196390258e-09
9.871331967194834e-09
-9.81795051362002e-09
1.3141800547519941e-11
8.025631908879457e-12
5.105967326471986e-05
0.0
8.833362363361453e-09
3.808102794497386e-06
0.0
8.838366780905782e-09
0.0
1.6054857371021192e-11
0.0
7.3884047017774545e-09
9.871331944176111e-09
9.871331948546364e-09
9.871331952703104e-09
0.00024674631540147317
0.0
6.994202966026658e-11
9.765674063702112e-09
3.721048923755105e-10
-3.80810279449785e-06
6.004824932064256e-07
1.7212168649367247e-20
0.0
0.0
0.002085506122221621
4.091845794623754e-05
0.00019123248660086082
0.0001261646713163134
0.0004323117047175701
0.0004139416834811242
0.001178100441539226
1.0724755130658873e-08
0.00010572969254484777
0.0
0.0
0.0
0.0
9.220373473734679e-09
0.0003522749851332855
0.00016118216191685585
0.00013169497333698682
3.0342485006509213e-05
0.0010017285438607825
0.00011374565546042845
0.000590102961586497
8.743005230302272e-05
0.0005592938042384884
8.058505506489695e-05
0.00022506404963648681
0.0002650380536622501
0.00028750869275951356
6.255087368121551e-07
0.0002867432850842089
8.633308581850427e-05
0.0005439961963005627
0.001907962103931394
0.0016829674774100811
0.0035581015864679173
2.328392178744794e-09
0.0
0.0
0.000400787432052358
4.7799730428732565e-06
5.587402098698936e-05
0.0002916470480881982
3.3398957867210816e-05
0.00031552318399210525
0.000208223203503931
7.624773200150459e-06
3.3356702627326307e-09
0.0
-9.817950513010156e-09
1.681747898577699e-10
0.0
0.007240987640470703
0.0
0.005644970063182034
0.00035779719860592004
0.0007196763790960514
2.266541912095142e-05
0.00013335440087083154
0.00021427896119971535
6.73004137580054e-05
0.0003221368133530066
0.00021303091102296728
-0.0006060500154440374
0.003505456076793258
-0.059681310719243735
-0.00031084320468344195
0.07350939753852044
0.0
0.0031878830070812825
-0.00047776806679816904
2.304083377195257e-05
0.0
6.330557095461112e-07
1.98423055937233e-08
0.0
0.0
0.0
5.444895952784513e-05
2.304083377195142e-05
1.8074341990689077e-05
0.0
9.134116026781018e-05
6.330557095449485e-07
0.00013575461221906467
1.9842305592619476e-08
6.696217699515241e-05
0.0
0.00031085244961254183
0.0
1.398564279129232e-05
0.0
7.748979329979886e-05
1.8065779681208855e-05
9.197421597735747e-05
0.00013577445452465952
6.695370843890428e-05
0.00031084434010313327
1.3976569808102503e-05
2.289403060283002e-08
2.2894030621444058e-08
2.4007449474575115e-09
0.0
0.0
0.0
9.91502141834053e-09
0.00017675699296625796
3.583957023853279e-05
0.0020716768109934687
3.190936663445827e-05
0.00011378534535193391
8.837147642248481e-05
3.938909278165972e-06
0.00044110069268882995
4.483636200676706e-05
0.00010459514812544209
4.78954886410445e-06
5.588342969827739e-05
0.00029165615298645234
3.311117102287524e-05
0.0003155325497705049
0.00020823241350312492
7.64208100860585e-06
0.0007384166345558615
4.588485154948368e-06
4.634816147071478e-05
7.853577044415954e-05
3.3828409395610433e-07
1.1642556485916463e-05
0.00019939804145925423
2.449463233283832e-06
1.138934472447108e-07
0.00031784281823420254
0.0004583494796511435
0.0007233766691622792
6.317533334873355e-07
5.284713672480737e-07
0.0
0.0
0.0
2.78935195848215e-07
0.0
0.0
0.0
0.0
0.0
0.0
0.0
0.0
0.0
1.3604403716208412e-05
-1.3306256494627586e-05
0.0
9.87133193476768e-09
0.00019170757002191706
0.0
0.0
0.0
2.268377203321211e-06
-0.0008942827815963997
4.0720075909489654e-07
0.00023190446295884694
0.00023696912066090205
1.0832526875503845e-08
0.0
0.0
0.0
0.0
9.153586294360497e-08
0.008227584467036496
0.0
0.0022191320275897733
0.29309417718891734
0.00028978485509245644
-0.00015367837030979555
-11.548363264109216
-5.21576393156209
0.0011989696537124804
0.0
2.979751417549785e-06
0.0
0.0
3.243226670816574e-08
0.0
0.0
0.0
0.022163729161439126
2.142872231064784e-10
0.0
0.00011558065694280799
0.00011558065694280604
1.0885054493194835e-06
8.913730970684165e-06
0.00011557259944880948
8.913730970685439e-06
0.00011558065694280658
8.913730970683004e-06
3.816555393871338e-05
9.36816372838169e-09
0.0
3.9987275023439675e-20
0.0002510664747087589
-2.307718670813456
2.307464837756006
-2.766582741086204e-06
-5.209545190009876
0.0
0.0
4.056259016534461e-06
1.728500487408758e-06
9.851870066150052e-06
0.0
4.2566007563711e-06
0.0002953386606306725
0.0
0.0
0.003505456076793257
0.0
0.0035054560767932563
9.32730829515462e-09
1.7285004874091735e-06
9.85187006615044e-06
0.0
4.256600756371472e-06
0.00029533866063067286
0.0
0.0
1.0832527204228471e-08
1.736319728830411
9.793171552254666e-09
0.0
-0.0008566068180280618
0.00022121324724901567
1.8917497270329462e-05
0.0008376987397645232
3.040487484165595e-11
2.5340263100710053e-05
6.827872411712993e-05
1.0784529824744492e-08
0.00019917495228978418
0.0006419396816701657
0.00013899988646775242
0.00027816290963744977
9.99686499524814e-06
0.0009378310552392196
0.0
1.8792034456947095e-09
0.0005442950506583359
0.0004007903974200204
0.0
2.9653678481504426e-09
0.0005442900816893514
0.0
4.968969130891041e-09
0.00016660247587989925
0.003057708668110277
2.268377203321241e-06
0.0
0.0
1.8301347879601335e-09
0.0
-5.0829988945345886e-08
-5.0829988946265764e-08
-5.082998894716531e-08
0.0
5.2197671033469435
5.2197671033469435
0.0004545962989096058
3.6803131775707932e-09
0.0
0.0
0.0
0.0
0.001750214951293781
1.0266290268035663e-09
0.0
0.0
0.0007356881112893882
0.0007356881112893882
1.36360513200215e-07
4.729169752897931e-06
2.3981830225504525e-09
0.0
0.0
0.0
0.0
0.0
0.0
0.0001079236990946804
7.269185979131399e-05
8.83035955246571e-05
0.00010998735018517346
4.8064791159555135e-06
6.238730977122362e-05
0.0003264902724854627
2.0968885485778038e-05
2.6622797384763002e-05
8.636125564039864e-07
0.00036959941927205986
8.207573218560488e-06
0.04814339126678333
-0.025303325014420182
0.0
0.0
0.0
1.566061882201635e-09
0.0
1.5660623906716212e-09
1.566062914467614e-09
5.454420516934377e-07
0.0005453086905196556
0.0006303292821190687
5.542819986770101e-20
-9.232868962664868e-09
0.0
0.0
0.0
2.559938166745383e-05
-2.5599381667454e-05
8.296801185498483e-20
1.0922880598142507e-18
1.0465249004309498e-18
9.813379409572646e-19
9.192858771546445e-19
0.0
0.0
0.0
5.818484158245269e-12
0.00024130458437364075
0.0016077478376038028
5.580200649812403e-05
0.0005376522584349527
2.2223370690485654e-20
6.37035725456251e-20
-1.1839040519889765
1.1838998330836943
-4.247511260384629e-06
0.0
0.0005453086905196554
0.0005453086905196554
5.818042380946506e-12
0.0
0.0
4.046687792226555e-06
4.056259016537242e-06
1.5940104285746542e-05
9.571224311166452e-09
9.571224312567538e-09
0.0
4.421199285679443e-10
0.0
0.0
0.0
0.0006302175494285131
0.0006302083839008991
0.0005453086905196556
1.094400796256826e-19
1.0944001809550456e-19
0.00041401088811034896
0.000429905081991586
-1.5894193881236912e-05
1.589412704939291e-05
0.0
0.0
2.1953651983818613e-05
0.00043138791736791577
0.0
5.815840467283944e-12
5.817161145456616e-12
4.391730409070786e-05
0.001750096541815316
0.0012172148808272526
0.0
0.13426087143432755
0.0
0.0
-0.2901030315098864
0.0
0.0
2.5298404225129073e-10
0.0
-1.959987660247488e-10
0.0006302729564406964
0.0
4.319878600133467e-05
0.0
0.01842849249459843
0.0
-6.6976381699838244e-09
0.0
0.0
0.0
0.0
0.0
-2.1113501353232378e-10
0.0
7.624315214897572e-05
0.0
0.0
1.363605131366728e-07
1.3636051316398597e-07
1.2784382796779096e-07
1.6290235801592948e-05
4.961717354109392e-09
4.961717354109394e-09
-1.0110497844991381e-10
0.026026282028674887
2.559938166745352e-05
8.87180167592314
1.1028894623276628e-05
1.262277393649178e-05
-1.2606461084250661e-05
6.6230229134576345e-09
0.0
0.0
3.927522444509762e-05
6.529226873149686e-05
0.00013414175152971712
7.944152582155539e-05
3.9921966927353444e-10
0.000279257809941523
1.3458035384186699e-20
1.4906276661543414e-05
0.002253935087010229
-0.896383855832265
0.8986224974318651
-3.9700392006266625e-07
1.7485982302647048e-06
-1.74859823026467e-06
8.057602251797932e-09
0.024074007999832166
0.02406937485794981
9.80743373719047e-09
5.663045653499513e-09
0.0
0.0
0.0
0.0
0.0003284624102739809
1.7485982302647785e-06
1.7317812885354982e-06
0.0
7.624314783765853e-05
8.05749764949379e-09
-0.013637168042562542
0.0
0.0006248767832048421
0.00028358279501267423
3.4567335609950295e-05
0.0003181306056518495
3.456733560995024e-05
0.0
1.952497077581857e-08
9.82357144035332e-09
0.000719551806807651
3.549651651764954e-09
0.0007204555500510718
1.0849557976638753e-06
3.887703751388045e-19
-9.084013323851536e-07
-9.084013323846298e-07
-10.08844048227034
1.5683287743661696e-19
0.0
0.0
0.0
0.00037890476771955845
0.0003789047677195584
0.0
0.0
0.0
8.05760055682765e-09
4.3422416924993986e-09
9.795222366926231e-09
4.0124200154569303e-10
-2.9797514175537894e-06
0.0
-2.9743827889922014e-06
-2.9841780113623075e-06
4.9867036633711154e-14
3.2580471603186404e-05
0.000113927819293816
9.868526339363433e-09
9.858372737718507e-09
4.6351975844130385e-10
0.0
-8.513164868190405e-09
3.258047160318916e-05
0.0002867432850842217
0.0006060500154440357
0.00028674328157473375
0.00011392781929381772
0.00011392781929381941
0.00028674328508422
0.0002867433624109837
8.676727289560089e-11
0.0
7.400314436650639e-08
4.735338349288631e-10
0.0
0.0
9.855606247335312e-09
4.607912134293487e-10
8.25866155519927e-08
8.258661547295258e-08
3.2655343649927207e-10
9.830289152222821e-09
4.358232014059038e-10
8.258661531642774e-08
9.719475980935522e-09
0.0
0.00011520922134925853
0.000286743285084211
3.258047160318778e-05
8.258661515187756e-08
8.257959526219507e-08
0.00017282490379454845
0.0
0.0
0.00489977220659794
4.201548550238838e-10
8.258310511805106e-08
8.258661490984686e-08
0.0
2.2883965169249564e-08
2.2888373977760207e-08
0.007743561838088222
2.2683772033212294e-06
10.42058183735076
-10.420581827654555
3.036103714386936e-10
6.00482493206377e-07
-2.692333066259889e-06
-2.6923330662598823e-06
0.00011579980333190682
0.0009217854582612359
0.0004952108441487501
12.285927661048076
-12.285927572641095
9.643491910279822e-09
1.629023580159275e-05
1.5067224180560085e-08
4.6704734784746546e-20
0.00011092472728315759
-0.00011091791168966196
0.0
0.0
0.0
0.0
0.0001157998033319066
0.00029612827456788497
9.898343277529631e-09
-0.00029611837622460713
5.341537450647069e-10
0.0008418520914599525
0.00031845406968046585
1.037667342006778e-08
5.267529162324795e-10
0.0
0.00021555168624361415
0.0
0.0
0.0
0.0
7.204654111419788e-10
0.0
0.0
0.00025339846949022773
0.002140862538147927
0.0021525040686734523
0.0002417569323880236
-6.5766792511044725e-12
