0
0.0
0.0
0.0
0.0
1.75778352395174e-08
2.1002780377042118e-07
0.0
0.0
0.0
0.0
0.0
3.552108755310072e-09
0.0
0.0
0.0
0.0
9.318472575034248e-09
0.0
0.0
0.0
0.0
0.0
0.0
0.0
0.0
0.0
0.0
0.0
0.0
0.0
0.0
0.0
0.0
0.0
0.0
1.1935854223056253e-05
0.0
0.0
1.490258974614999e-08
0.0
0.0
0.0
0.0
0.0
0.0
0.0
3.218157000594143e-09
0.0
0.0
0.0
0.0
0.0
0.0
0.0
0.0
0.0
0.0
9.042119827983498e-09
0.0
0.0
0.0
8.842053092432916e-09
5.801127077935716e-18
0.0
9.88673280156769e-09
0.0
0.0
0.0
0.0
0.0
0.0
5.658180466355555e-09
3.990588502485535e-09
0.0
1.7521346772161417e-13
9.911126637535887e-09
0.0
0.0
0.0
0.0
0.0
0.0
0.0
0.0
1.9315456024051e-05
0.0
0.0
6.3073462903592085e-09
9.905158507029716e-09
0.0
9.886769159652446e-09
0.0
9.717470364334091e-09
0.0
9.697781200990315e-09
0.0
0.0
9.792740299406093e-09
0.0
0.0
0.0
0.0
0.0
0.0
0.0
2.146635073646313e-09
0.0
0.0
9.034934130683095e-09
0.0
0.0
8.839218971588914e-09
0.0
7.413346023343576e-09
9.782744310165335e-24
0.0
0.0
0.0
0.0
0.0
1.930616272416066e-09
1.014201512369864e-08
7.607025051841149e-09
0.0
0.0
2.5944748834326774e-09
-2.8865241057980383e-08
0.0
0.0
9.694545129808238e-09
9.858243320377276e-09
0.0
9.564001035338326e-09
0.0
0.0
4.6404643166110106e-09
0.0
7.709337736324647e-08
0.0
0.0
0.0
0.0
0.0
0.0
1.950047544474133e-08
0.0
0.0
0.0
0.0
0.0
0.0
0.0
8.231461498200747e-09
1.49766280517383e-08
0.0
0.0
0.0
0.0
0.0
4.8930785421235785e-09
0.0
2.635281172872042e-15
8.580854806969027e-09
-5.2794395341228175e-06
0.0
0.0
0.0
0.0
0.0
0.0
7.3980185658177e-08
0.0
1.895935135116904e-08
0.0
0.0
0.0
0.0
0.0
0.0
0.0
0.0
0.0
0.0
0.0
1.0027146079233148e-05
3.429190374390844e-08
1.3812724479823354e-05
0.0
4.477538468667186e-08
6.315704704837373e-09
9.841738982871931e-09
0.0
0.0
0.0
0.0
0.0
7.578558755504442e-09
0.0
0.0
0.0
0.0
1.1343388760170395e-09
8.739497714677699e-10
0.0
0.0
3.8081032996016215e-09
0.0
0.0
0.0
0.0
1.966077217581992e-08
0.0
3.262884716237255e-09
9.815771713604802e-09
4.342584341552996e-08
9.94232942560716e-10
0.0
0.0
0.0
0.0
0.0
0.0
0.0
0.0
0.0
0.0
0.0
0.0
5.52846250890754e-17
0.0
5.97545016058299e-09
0.0
1.6924772694437706e-10
0.0
9.025047846486708e-09
9.642533916915641e-09
1.3487426019781479e-11
0.0
2.7631038733086366e-12
0.0
0.0
-1.3877787807814457e-17
7.343607578948529e-11
1.8006236524722018e-06
6.2987809412717866e-12
0.0
0.0
0.0
0.0
0.0
0.0
-1.9096476900166972e-05
9.053967539878236e-24
0.0
0.0
0.0
0.0
0.0
0.0
0.0
0.0
0.0
3.895260546040095e-07
0.0
0.0
0.0
0.0
0.0
0.0
0.0
0.0
0.0
0.0
5.430470345811158e-09
0.0
0.0
0.0
0.0
5.370875660748347e-09
0.0
0.0
3.0018448493153e-09
0.0
0.0
5.8731823600293285e-09
1.796133545407663e-08
2.349177221053264e-11
-9.049250853428864e-09
1.4804726072324619e-15
7.156595207478438e-09
-5.113004832892065e-11
0.0
0.0
0.0
0.0
0.0
8.893342565893053e-09
9.82686834520311e-09
7.156595207530579e-09
0.0
0.0
5.625931123586319e-09
1.1501844621245975e-08
0.0
9.816980406750192e-09
0.0
0.0
0.0
0.0
9.846829813562143e-09
0.0
0.0
0.0
5.7780531644887336e-09
4.109279934597262e-08
0.0
0.0
0.0
0.0
0.0
0.0
0.0
1.7162139094896151e-07
2.490640118490058e-08
0.0
0.0
0.0
0.0
0.0
5.279176458370701e-10
0.0
6.648720475612162e-12
0.0
0.0
0.0
1.78396350926746e-09
0.0
0.0
0.0
9.856870093806502e-09
9.856869784920691e-09
1.3688608436861205e-09
0.0
1.9878536384704517e-08
9.986566177247647e-09
9.973662740906785e-09
9.900288854287985e-09
9.96375060441975e-09
0.0
0.0
-1.0404152687243195e-10
9.052606078564616e-09
9.900290982504734e-09
9.973670031391826e-09
9.963757963594807e-09
5.32771401614263e-10
5.250198153868498e-09
3.402643244396166e-08
4.391170323469739e-09
0.0
8.998282822973818e-09
0.0
0.0
1.4100510962057599e-08
0.0
0.0
8.216675529634628e-09
0.0
1.223868192659587e-09
0.0
0.0
1.5081366794235616e-08
0.0
4.893495570706795e-09
0.0
0.0
0.0
2.9549849999619816e-08
0.0
0.0
6.380829463807395e-09
1.182897474099393e-08
0.0
1.4839978564092747e-08
1.0845761702818944e-08
0.0
0.0
0.0
1.0296017551017238e-08
0.0
6.6107762302848774e-09
1.9426709071069822e-08
0.0
0.0
0.0
4.948198539968503e-07
0.0
0.0
7.472207439650222e-10
9.952755080348428e-09
9.955599011846061e-09
0.0
0.0
0.0
5.399980311149884e-09
0.0
0.0
0.0
0.0
0.0
0.0
0.0
0.0
9.860182270269707e-09
9.888990617540445e-09
8.559426687392013e-09
0.0
7.484689822750433e-16
1.8942295556522047e-08
1.9853048083201827e-08
1.9949454540545042e-08
1.9919361406238633e-08
-6.517307919942554e-10
-9.60491797361845e-09
0.0
-9.946467236628608e-09
0.0
-8.226235729278178e-09
0.0
-9.020737008714683e-09
0.0
-9.322072891393418e-09
-9.321945064424844e-09
-1.0731060434259977e-10
0.0
0.0
0.0
0.0
0.0
0.0
0.0
0.0
0.0
0.0
0.0
1.9824831576176844e-08
0.0
9.977646936963624e-09
9.889689011732122e-09
0.0
5.778053185218068e-09
0.0
2.050307253514785e-08
0.0
4.138111596612745e-09
7.542822090416901e-10
0.0
1.7897236358822076e-09
9.772635052335033e-09
0.0
1.2929646929223227e-10
0.0
-6.908828165849936e-10
0.0
0.0
0.0
7.848308077395361e-06
0.0
2.1187304263928356e-07
1.3310967444992419e-08
0.0
0.0
0.0
0.0
1.987853786493136e-08
0.0
1.8935659220791223e-16
4.970503506521571e-07
6.688446443808363e-08
0.00011072474608540081
9.92935585380876e-09
9.600344774743505e-09
-2.2530629919230048e-08
-2.2579042403998717e-08
-2.0754869131804045e-08
-2.0475648833280558e-08
-2.051645549088453e-08
-9.087850061142931e-09
-3.924552209686599e-09
-2.092100048593521e-09
3.79676234571171e-10
9.600343793591051e-09
2.7415389820584267e-07
0.0
8.742845637016959e-09
1.0377569460012241e-15
0.0
0.0
2.1999261680202025e-06
1.4902589738176524e-08
0.0
-1.490258974215378e-08
1.4453863684192601e-08
4.625059714275891e-09
2.2764523647957552e-08
0.0
2.3799161490063318e-08
1.302597114353997e-10
0.0
0.0
0.0
-1.1903849901036956e-05
0.0
2.2756256968143532e-08
0.0
9.73625989652408e-09
9.736258523365682e-09
9.927111338417188e-09
9.92711044780857e-09
9.868391308411631e-09
9.868389730166224e-09
9.868392900864158e-09
1.293027621367983e-08
2.2579033753800104e-08
3.015758234557908e-08
2.0475640288388545e-08
2.051644706706733e-08
8.338593341563613e-09
-5.178275640937589e-09
0.0
-1.1983011690297021e-07
0.0
0.0
0.0
3.2546634930669617e-13
2.487887645546378e-07
2.583731368426825e-07
7.093896501469965e-09
1.967476659133766e-08
8.466120602613929e-09
0.0
0.0
7.868385307968826e-06
1.9099850234817572e-07
0.0
3.6575188265907766e-14
0.0
-3.21815652929271e-09
3.218156057982772e-09
-1.1916349340965199e-05
0.0
-1.1935854223019863e-05
0.0
0.0
0.0
1.233969018493179e-07
9.964104000565106e-09
9.964097325118777e-09
0.0
8.457181952723847e-06
9.861760309053406e-09
0.0
0.0
0.0
0.0
1.9205447163096647e-05
-1.9155797625029348e-05
9.978132644027725e-09
0.0
0.0
9.909155057099205e-09
9.909195018024278e-09
0.0
0.0
0.0
0.0
-1.665283622803715e-11
0.0
9.885998546565861e-08
0.0
0.0
1.0411290056782594e-08
0.0
8.707461807980402e-09
0.0
1.1718299121553573e-08
0.0
1.2077140956063028e-08
3.250289679964701e-08
0.0
0.0
2.4906401167624793e-08
0.0
7.085460194554592e-10
1.7231789580238252e-08
7.649373068763047e-09
0.0
0.0
0.0
1.1724562247558497e-09
0.0
5.667692930518012e-10
0.0
1.7577507351329324e-08
0.0
0.0
1.6664826040391906e-11
0.0
9.935625119161925e-09
7.078905157878781e-10
0.0
0.0
-6.117934887641905e-09
9.94626806805933e-09
2.852109149117173e-08
-5.966471224418471e-08
0.0
-1.2940800858505727e-05
1.310468444516969e-05
0.0
1.6929401847053379e-06
0.007403710345356673
-0.007468363221894703
6.296932173363038e-05
1.6944167848291402e-10
2.179768270789699e-11
0.0
1.0477862909825722e-08
0.0
0.0
9.860813774298956e-09
0.0
0.0
0.0
2.567452696198482e-07
2.567452647491483e-07
9.127178850831635e-09
9.127173789110973e-09
-9.042118823002557e-09
0.0
-9.042119826160617e-09
7.874816126197917e-09
0.0
0.0
0.0
1.9806579882829914e-08
7.164558058842121e-10
2.177198262164461e-08
0.0
0.0
0.0
7.646037353388116e-08
2.7525808751343224e-09
1.9604655815144104e-08
9.868394348645558e-09
-9.69004302755279e-09
1.4987948972763628e-11
0.0
0.0
2.5377402988460416e-08
9.85411670762726e-09
9.976149067799582e-09
9.9688151067312e-09
1.2829144543988012e-08
0.0
0.0
0.0
0.0
0.0
0.0
1.5152028640542308e-14
1.3379042193599044e-15
2.702652939767149e-08
1.7547744603437426e-08
0.0
0.0
4.419197392070564e-09
0.0
0.0
0.0
0.0
0.0
0.0
7.86396611060148e-06
2.0050749133940334e-07
1.7870460097291744e-09
-7.529241986825586e-16
0.0
0.0
0.0
1.4473218315845973e-08
0.0
0.0
4.58113837285477e-09
0.0
0.0
0.0
0.0
0.0
0.0
0.0
0.0
0.0
-2.3373969120825258e-08
0.0
2.2850371434896727e-08
1.0475533453943984e-08
-6.141264261371054e-10
0.0
0.0
0.0
0.0
1.3374036782447126e-09
3.939325626488424e-08
9.857971894667728e-09
9.857971340849868e-09
9.857970982223116e-09
0.0
5.423969327186298e-09
0.0
0.0
0.0
0.0
1.2518223437133053e-08
6.845527503481735e-10
0.0
8.085437701310649e-17
0.0
0.0
-3.939325781468135e-08
0.0
1.1713957474851856e-08
0.0
0.0
0.0
1.2701349135501664e-07
0.0
0.0
0.0
0.0
0.0
5.222680636790891e-08
4.532245883716613e-10
0.0
0.0
9.615720109046322e-09
0.0
0.0
0.0
1.8630005591546706e-06
2.72349563086806e-10
0.0
0.0
2.8132025223175968e-08
0.0
0.0
0.0
0.0
9.888693830970226e-09
0.0
9.690174799128653e-09
4.675971978015045e-10
0.0
0.0
0.0
0.0
-5.658180490114573e-09
-5.6581804794402635e-09
0.0
0.0
0.0
0.0
-1.0155066718087191e-10
3.5521088554661275e-09
0.0
5.550696347000894e-09
-1.7505466612952394e-13
0.0
0.0
0.0
0.0
-6.839681627780079e-10
0.0
-2.2015518735288514e-07
0.0
0.0
0.0
1.1893561362593054e-10
1.3823577699190182e-17
0.0
0.0
0.0
0.0
7.93340321661215e-09
9.217313075678115e-09
8.225893102695494e-08
1.0275969938522594e-09
0.0
0.0
4.040676558955741e-09
6.507277298358446e-13
6.510409468403914e-13
6.518006091638542e-13
6.525085848434516e-13
2.537740113142484e-08
5.263326454145109e-09
0.0
9.097752819332528e-09
0.0
1.8959351021169743e-08
9.115215105044832e-09
0.0
7.401282124349924e-11
9.935383305667564e-09
7.076513042433056e-10
6.469729955968186e-16
0.0
1.6750535934036204e-08
2.6686987180253576e-08
7.086996551685996e-10
3.262884723131831e-09
0.0
1.7798304421442023e-08
0.0
0.0
0.0
6.054881391726992e-09
0.0
-8.880917256986109e-11
1.779830509368455e-08
-4.922768349113261e-09
-9.603045612475774e-09
-9.815404622762203e-09
0.0
-7.77953670840631e-09
0.0
0.0
0.0
9.898424729501941e-09
8.000155231367179e-08
8.951242352319281e-08
-1.9305710054328786e-05
-1.9304306815143106e-05
0.0
0.0
-4.898541611269213e-13
0.0
6.307347993359236e-09
6.307346839606423e-09
0.0
0.0
1.0692684040311921e-08
0.0
0.0
0.0
0.0
0.0
6.284977263403914e-10
0.0
0.0
0.0
2.9421592328406083e-09
0.0
0.0
0.0
-9.886763290218318e-09
-4.943375424282248e-09
-3.243716059642132e-15
9.88676068077843e-09
0.0
1.0463241412184132e-08
9.886760648590006e-09
0.0
7.1993047081556766e-09
2.632044053368781e-15
0.0
-9.886769158841836e-09
2.1859277544565946e-07
0.0
0.0
-9.717470361841031e-09
0.0
0.0
9.2938728839249e-09
8.545697896716497e-10
9.102819868178917e-09
0.0
0.0
2.4209824369179968e-09
0.0
2.591129832111651e-08
-9.697781200986927e-09
2.5897446867802867e-08
9.91169663290499e-09
1.9595626521067358e-08
1.5482796430071062e-16
7.156595207893825e-09
0.0
8.590544551520916e-09
8.590542909715793e-09
8.590541330589022e-09
0.0
4.471528869252053e-08
0.0
-9.792740298677181e-09
0.0
1.480199157027006e-15
0.0
0.0
0.0
0.0
0.0
0.0
3.600177038586636e-05
1.297128739038777e-06
7.451637583497362e-07
4.658944376323486e-08
7.7773134150694e-09
0.0
0.0
4.7800788253981656e-08
9.946068040572809e-09
2.0826116668010153e-08
0.0
0.0
0.0
0.0
0.0
-7.917977077388958e-09
1.9947298402002934e-08
7.463399880037289e-10
0.0
0.0
0.0
0.0
0.0
0.0
0.0
1.0103438218728565e-08
9.7217670126216e-09
7.439181256437983e-10
0.0
2.040078159835593e-08
-9.84784689184821e-09
9.756782105170305e-09
0.0
4.365650347418272e-09
0.0
0.0
0.0
0.0
8.338821561256601e-08
0.0
0.0
0.0
0.0
9.935385974361802e-09
0.0
9.940117287870337e-09
0.0
1.4875794101972569e-08
1.989332090434925e-08
9.953199563150772e-09
0.0
9.780352551947436e-09
9.898436744630416e-09
6.714678062545533e-10
6.872207889298515e-08
0.0
9.780352952823318e-09
0.0
7.429095557183841e-10
1.9930229173999504e-08
9.95883845200207e-09
1.98248276458827e-08
0.0
0.0
0.0
0.0
-9.034933919343538e-09
-9.492051589177208e-09
0.0
0.0
1.0620906877667083e-15
9.860184028590716e-09
0.0
0.0
0.0
0.0
0.0
2.932425326667405e-11
2.933274548622841e-11
2.9330020453113205e-11
0.0
-1.4457153221834045e-14
0.0
9.008827252985072e-09
0.0
6.703828971075041e-10
9.893823833588732e-09
0.0
0.0
1.7577834932754885e-08
0.0
0.0
-7.589306787181282e-15
0.0
0.0
9.97497740374935e-09
1.9945729783064445e-08
9.970740677545109e-09
0.0
1.806122387065551e-08
0.0
4.019203554761891e-10
0.0
1.6295100006970677e-11
9.834735132683618e-09
0.0
0.0
1.8642578717163147e-08
0.0
0.0
-8.839218974820984e-09
0.0
0.0
5.148233820300023e-16
-7.413346003585543e-09
-9.484134366744001e-09
0.0
0.0
0.0
2.3594561629807706e-07
9.853034444387675e-09
0.0
0.0
9.977852672722207e-09
0.0
-4.4783120844050107e-07
0.0
0.0
9.886452193269569e-09
-1.0719258399345918e-09
9.912455620209037e-09
9.827100270250883e-09
-2.732189474663471e-16
1.8373032670505427e-06
9.532461512925096e-08
1.9705925586091442e-08
9.878824358316909e-09
6.142514764365468e-08
4.0423911417490526e-09
0.0
0.0
0.0
8.172343085591459e-09
0.0
0.0
0.0
1.1247603425449415e-09
0.0
0.0
1.1995187955171658e-08
9.746213769680884e-10
0.0
0.0
1.5440675258209305e-09
0.0
4.790664935933418e-10
0.0
5.048124050350733e-10
0.0
0.0
0.0
0.0
0.0
2.201788914319505e-10
8.332111916971673e-11
0.0
0.0
0.0
0.0
0.0
0.0
0.0
-1.2930279234477093e-08
-2.2579036555324308e-08
-3.015758529775487e-08
-2.9877228847256885e-08
-1.1164547093991208e-08
-9.087844667335209e-09
0.0
0.0
7.811494435547268e-08
9.392865063957137e-09
0.0
0.0
3.262884958850398e-09
3.262884923375744e-09
0.0
0.0
9.731482633024527e-06
0.0
2.2570017047550937e-09
8.738080883053137e-10
0.0
0.0
0.0
-9.101078460858308e-10
0.0
-7.607025038241957e-09
2.8938633954422865e-09
0.0
-9.950838697497409e-08
1.587663493582449e-08
9.69877084374923e-09
9.698769787291894e-09
0.0
0.0
0.0
6.932423774477555e-09
4.2803673255031915e-09
0.0
0.0
0.0
0.0
0.0
0.0
0.0
0.0
0.0
0.0
0.0
9.25916470319054e-09
9.452409290355725e-10
0.0
0.0
3.6593838078578777e-10
0.0
0.0
0.0
0.0
0.0
9.539509903968813e-09
0.0
0.0
3.601093386809348e-09
0.0
-2.5944750960257487e-09
0.0
4.1089989009091e-06
8.964436241931661e-10
0.0
9.232957013393143e-09
9.23295704633376e-09
2.0475297841371328e-11
0.0
0.0
0.0
9.913750245269506e-09
6.195564311186045e-09
0.0
0.0
5.207315493407298e-09
0.0
0.0
3.895285179980813e-09
3.8295613274258455e-08
0.0
9.974762883522576e-09
9.974762642630788e-09
0.0
0.0
0.0
1.4325123370257585e-08
0.0
0.0
0.0
0.0
0.0
6.336652409121918e-10
0.0
5.467956208525866e-08
7.316216268071433e-08
0.0
7.676712924232059e-10
0.0
0.0
0.0
0.0
0.0
5.650520268656442e-10
0.0
1.756926455659929e-08
0.0
0.0
0.0
0.0
0.0
0.0
0.0
0.0
0.0
1.4962014325696377e-08
0.0
0.0
0.0
0.0
0.0
1.780920387943995e-08
1.7483818914219393e-08
0.0
3.489060509839021e-08
9.915946535820799e-09
0.0
5.436255691949366e-07
0.0
0.0
0.0
0.0
0.0
0.0
0.0
0.0
4.319188667000095e-08
-6.759499593291411e-08
1.0858410169357474e-07
1.263659491606325e-07
1.4174083443327012e-06
1.9036086620676396e-08
1.0465517079832174e-08
9.919135182440055e-09
1.9812373329165324e-08
9.89323806107653e-09
6.663767195383552e-10
9.674353766750868e-09
9.674353430863553e-09
0.0
1.9036086232133062e-08
5.941771367362732e-11
2.9817455056883935e-09
0.0
2.047506392321253e-11
2.0475082218519667e-11
5.167143851037636e-07
1.973456374012297e-08
0.0
6.825048281480393e-10
0.0
0.0
0.0
0.0
0.0
-1.950047544490396e-08
-7.260989886210378e-10
1.6125952950556122e-09
8.197358040617624e-09
0.0
0.0
6.322136911584249e-10
0.0
0.0
1.0681443341271836e-08
3.129484368202365e-09
1.9633891553011566e-08
9.930789213533076e-09
1.916521257374856e-09
0.0
0.0
0.0
0.0
6.598059928374593e-10
0.0
6.859171851991198e-10
0.0
6.72016714901611e-10
1.3337274872729935e-08
9.900852710603703e-09
7.796705774156056e-08
0.0
0.0
1.037293755456861e-07
5.963505351758158e-06
0.0
9.902606810270233e-09
9.902606677041938e-09
0.0
-5.673297865048229e-09
-8.231461495929182e-09
9.919077722383259e-09
9.910122750240262e-09
9.780352272776236e-09
9.910122680236673e-09
9.910122625300666e-09
9.780352199936016e-09
9.780352139276971e-09
6.91683224590719e-10
9.919077337055757e-09
6.6563071418195e-09
0.0
9.898268376310254e-09
0.0
1.358123958350566e-09
0.0
6.695285857456657e-10
6.695282556301815e-10
0.0
0.0
0.0
9.597128242718606e-09
9.64466241308328e-09
9.644660865094749e-09
0.0
0.0
1.0072192748287315e-05
-1.1931554184875688e-10
0.0
0.0
9.89822396922046e-09
0.0
8.848451228157108e-10
2.847315683318343e-10
0.0
0.0
0.0
0.0
-5.413270082269051e-10
0.0
0.0
0.0
3.9280644709149826e-16
-2.1028060310482495e-08
0.0
6.089506741409009e-08
0.0
0.0
7.256739070570341e-09
3.001214664857247e-10
8.338795528455543e-07
0.0
1.574409706256519e-08
5.8250189342649935e-09
0.0
5.8250186445174545e-09
8.225701407940265e-07
0.0
0.0
0.0
3.5907435074311246e-10
1.994333044208842e-08
9.83792733638255e-09
3.6719795966463114e-07
3.831325096502681e-06
1.045118792931308e-06
-0.0006730258500421173
0.0006783052895762369
7.066290480145192e-08
8.225701330679563e-07
0.0
0.0
0.0
6.852983729782308e-10
1.3581240774736877e-09
0.0
0.00011071481672827663
0.0
4.300020472561999e-07
-1.2844801984608634e-05
0.0
1.9639048167603974e-08
0.0
0.0
7.135535072928739e-08
0.0
0.0
0.0
-0.0001144796998753213
3.8244123132661355e-06
9.931157653471465e-09
0.0
2.1798602419659252e-11
2.1795898419441073e-11
-2.3609800047625328e-08
0.0
0.0
-9.618970050227744e-09
1.612595398882795e-09
9.809953625998318e-09
0.0
0.0
6.753130675056693e-10
9.850556326548464e-09
9.850556286371997e-09
9.896572782473948e-08
0.0
3.557291507258715e-08
0.0
3.631156056192768e-05
1.8426921394809318e-08
1.88400241559329e-08
0.0
9.892135878497316e-09
0.0
3.636922906325333e-05
0.0
8.939591653522524e-09
1.0175391186432493e-08
0.0
0.0
4.534869328790923e-07
0.0
0.0
-0.002126285680111195
0.0021262198050009534
-6.448536172806145e-08
0.0
0.0
0.0
0.0
0.0
0.0
9.954528451538991e-09
5.974658779275439e-06
2.054629412498804e-08
0.0
1.5190008604589392e-14
1.9633891714071556e-08
0.0
0.0
5.058365108893655e-09
1.333727657193268e-08
0.0
1.979455111742217e-08
0.0
0.0
1.2195425326657871e-08
3.9984861246020056e-10
5.168000455006788e-08
8.437368168128707e-07
3.984023702678229e-08
9.966332606414774e-09
6.590175188892239e-09
6.590171100846197e-09
9.977845818456496e-09
3.230364912357185e-08
0.0
2.0114073029424536e-08
0.0
0.0
7.275597502810095e-10
0.0
0.0
0.0
0.0
0.0
0.0
8.58085484845979e-09
0.0
9.353393511639492e-08
0.0
6.362536352019799e-08
9.95309213472779e-09
-4.420693507386295e-08
2.9342707803246316e-08
6.69528929529279e-10
1.9504779781973512e-08
0.0
-1.379656703632973e-05
-1.3740888747980868e-05
0.0
4.477538474271393e-08
-3.5328272515179095e-08
-3.429190374232082e-08
-1.950891592076336e-08
-1.2930282049065933e-08
-2.2579039339081148e-08
-3.015758804361885e-08
-2.0475645859568817e-08
-2.0516452564622867e-08
-1.842394294198908e-08
0.0
2.092102771458857e-09
1.9824831554160482e-08
7.400844193731242e-11
9.860181548744344e-09
9.860180841044929e-09
-1.6119141020680456e-09
2.714774537348878e-08
0.0
0.0
9.41008125711972e-09
8.815074291541706e-13
0.0
0.0
0.0
0.0
0.0
0.0
0.0
1.5546613029307646e-06
0.0
4.3675785716085016e-08
0.0
9.359165172221253e-09
0.0
5.494194509070294e-17
0.0
0.0
0.0
0.0
7.73337008882424e-09
0.0
1.978281548018835e-08
9.860184782035806e-09
0.0
1.4497200944467332e-13
0.0
6.831463043223535e-10
2.9643000953758582e-08
0.0
1.9782814937110596e-08
9.888990126771802e-09
6.622161857605504e-10
-8.7342896910262e-09
0.0
1.7605322784957153e-08
2.051376382277203e-08
0.0
0.0
0.0
0.0
-7.57855875231357e-09
0.0
1.6118731488852877e-07
0.0
0.0
0.0
0.0
7.18941264996125e-10
7.18946294345134e-10
-1.0062944948269128e-05
0.0
2.533022522799175e-09
2.3987728536162914e-09
0.0
2.398773305693806e-09
2.398773338524938e-09
2.6788208352414084e-07
-1.6461225364899954e-07
1.6470944535174e-07
0.0
0.0
0.0
2.4654658195870024e-08
0.0
0.0
0.0
0.0
0.0
0.0
6.730725303696746e-10
0.0
0.0
1.3987302055636607e-08
4.172817931469286e-09
9.183850340556713e-09
1.429284575035578e-07
7.446281206399963e-10
0.0
0.0
-1.1343388862765369e-09
2.2964275751939773e-09
0.0
0.0
0.0
4.663137704703855e-07
-4.367599959219493e-07
7.373131596734272e-10
7.603331761004948e-09
1.1238157653424436e-08
1.0779379362821112e-08
-1.5353593543601862e-09
-1.5462737690118233e-09
1.0779383411798548e-08
9.91375091068341e-09
9.913751631253966e-09
0.0
0.0
9.854678690887321e-09
-6.730704091555397e-10
4.5281084955966624e-10
0.0
0.0
0.0
0.0
9.857972998439821e-09
0.0
0.0
0.0
0.0
0.0
1.614422782089087e-08
8.725749531290124e-09
8.725749615044742e-09
0.0
1.841814659667548e-08
0.0
1.8548955851999685e-08
9.972129680634089e-09
9.97213265300951e-09
9.96865528297107e-09
9.968658255426086e-09
0.0
0.0
3.848975273279068e-08
0.0
0.0
0.0
0.0
5.674038335485767e-10
8.694435743196715e-09
4.842333756299011e-07
0.0
1.0779376915527278e-08
0.0
0.0
-1.1007290913990432e-08
-1.0315036505253289e-08
0.0
3.26288479218101e-09
6.3157044608045085e-09
9.84173913244044e-09
0.0
0.0
0.0
5.942429192439537e-09
4.5195631546116045e-09
9.815758032958069e-09
0.0
-9.815771716704252e-09
0.0
0.0
0.0
0.0
1.0713962272465082e-08
0.0
1.3530901928120264e-08
0.0
0.0
1.0025529684586486e-08
0.0
0.0
0.0
0.0
7.690292095565587e-09
0.0
0.0
1.2105167407134362e-08
0.0
0.0
0.0
0.0
5.250198787053602e-09
3.402643234017582e-08
4.391170660353236e-09
0.0
8.998283064980189e-09
0.0
0.0
9.462751782244896e-09
0.0
5.418796563653369e-10
0.0
9.701999318387935e-09
9.872910765581352e-09
7.311110414997092e-09
0.0
9.835657453894623e-09
0.0
9.81801270098413e-09
0.0
0.0
0.0
1.1032402128546967e-08
0.0
0.0
1.3141190722513659e-08
0.0
0.0
0.0
2.816683891389205e-08
0.0
0.0
0.0
1.1234957223721205e-08
1.120895058970581e-08
1.554031035488136e-08
4.4783120675474287e-07
3.5521103777370354e-09
0.0
0.0
0.0
3.312156396602789e-08
-3.3981930434707364e-08
0.0
0.0
-9.94232905206227e-10
0.0
1.298221188867584e-07
0.0
9.848356188445145e-09
9.8483562989029e-09
9.848356436926664e-09
8.183261272075432e-08
0.0
9.300368974842413e-11
9.984971047180844e-09
9.979567595444675e-09
9.979566481305068e-09
9.963139186037632e-09
9.963138639084187e-09
9.974404245577818e-09
9.974403449470294e-09
9.944317296339393e-09
0.0
9.944316505433976e-09
2.7134713602268255e-06
0.0
2.6937944234344438e-06
6.846024891250336e-10
0.0
2.8712905907708405e-08
9.881200953752918e-09
6.545883469035105e-10
-2.958463780767873e-08
9.948084134529048e-09
9.94808365358305e-09
9.948084810538175e-09
8.883586347073569e-09
0.0
8.601704280657629e-08
7.65094427892154e-08
8.601704276182858e-08
0.0
0.0
0.0
4.551889704900714e-10
1.996805358825486e-08
0.0
1.996806686462212e-08
0.0
0.0
0.0
1.0994908456359576e-08
0.0
9.88068416073472e-10
1.9974808396852303e-08
1.394113482158614e-05
1.551624113971139e-08
0.0
0.0
0.0
4.038787713893545e-09
4.039754081593925e-09
3.926143572352226e-06
3.916245304280786e-06
9.898267760988233e-09
9.689883837915407e-09
9.68986405053458e-09
4.0415574228017186e-09
0.0
0.0
0.0
0.0
0.0
0.0
1.1633833015420787e-09
0.0
0.0
-5.975449982585125e-09
0.0
0.0
0.0
2.14483665896252e-09
0.0
-8.537048665293943e-07
0.0
8.730912984862209e-07
0.0
4.3464005619698865e-07
1.124523620454005e-16
8.601704305580824e-08
2.4968597847083453e-06
2.4968597847080408e-06
0.0
0.0
9.796415938870979e-10
0.0
0.0
0.0
0.0
5.006319830022915e-10
4.988865847935816e-08
3.0174547335738636e-08
0.0
2.479609238889889e-09
0.0
1.2815988647213394e-09
0.0
0.0
1.9974821343151054e-08
2.9423544351714814e-08
8.443751928160237e-08
3.278491971595004e-09
6.787147942957782e-08
0.0
-9.64253433089618e-09
6.787147692381314e-08
2.697272871090737e-05
1.4366326841217805e-08
0.0
8.188269730396064e-09
8.188269782858227e-09
3.901706198911589e-08
2.6958348896640066e-05
-1.3487426087544115e-11
0.0
0.0
0.0
0.0
0.0
-2.763103981728854e-12
0.0
0.0
0.0
0.0
-1.3304348255229045e-05
0.0
0.0
1.996803938299039e-08
0.0
0.0
0.0
6.195564170692923e-09
6.1955640974541495e-09
0.0
-2.6394956871220177e-09
0.0
0.0
1.7577835206030286e-08
1.4323803451714855e-15
7.094046600083182e-10
7.09407504805324e-10
0.0
0.0
0.0
5.825251553160063e-07
0.0
2.049025519801408e-08
0.0
0.0
0.0
1.473742502480403e-06
4.400185783530441e-08
0.0
0.0
0.0
0.0
4.4010816910712504e-08
0.0
1.23561093650443e-07
0.0
0.0
5.486186230723703e-06
0.0021878119437961975
1.3835436160451742e-17
8.423805617047137e-06
-4.856821905264465e-08
6.1764837879162575e-09
-6.6118497021966434e-09
6.306671330675651e-08
7.956036195599838e-08
-9.225079875388514e-09
-2.7546508737236186e-09
-1.8006236520336657e-06
-1.7192350297338061e-06
0.0
4.8866654833667296e-08
3.952723315864481e-08
0.0
9.819257384999375e-08
0.0
5.831790779561641e-07
9.768576870992181e-09
9.024695521486314e-09
1.9447192318021717e-08
0.0
9.9554749623395e-09
0.0
-9.91561206601689e-09
0.0
0.0
-3.9710355004274334e-08
9.942427192355635e-09
0.0
3.0344814156122855e-08
2.636591358053652e-08
0.0
0.0
9.961309101103178e-09
2.4371801016248826e-08
0.0
-9.484134574151877e-09
0.0
6.555120944567723e-10
6.555135343054507e-10
1.9075696110788043e-06
1.2415371122392036e-07
9.942119705050589e-09
0.0
9.973136301304002e-09
0.0
9.974982976549505e-09
9.827100718565658e-09
0.0
5.92701351513404e-08
0.0
9.940119284837935e-09
4.938472401608962e-09
9.898426749776813e-09
0.0
9.912456098541164e-09
8.272700363947144e-09
9.972413000633547e-09
1.6464187629320477e-08
9.976156249828023e-09
0.0
9.971383471333371e-09
8.128868275899111e-07
9.954535701824074e-09
0.0
0.0
0.0
0.0
0.0
8.580854800689115e-09
0.0
0.0
0.0
0.0
0.0
0.0
0.0
0.0
0.0
0.0
0.0
0.0
6.395454314267339e-08
0.0
0.0
0.0
6.941984765489574e-08
0.0
0.0
0.0
0.0
0.0
0.0
0.0
0.0
0.0
0.0
0.0
1.9106222614695412e-05
1.907953351027627e-05
4.2941749406997636e-07
6.035075111467591e-10
-9.839887364706818e-09
6.318646869259949e-09
9.660488258073666e-09
9.539509879946673e-09
1.1160947342139882e-10
5.296194554678005e-09
0.0
0.0
0.0
-4.203368705023042e-09
5.138861829723776e-11
3.4168164250375884e-11
1.0779378162696666e-08
9.929883165958885e-09
0.0
0.0
9.829603505665013e-09
0.0
2.9643000711059912e-08
6.572614384391468e-11
9.844253861313253e-09
0.0
0.0
0.0
0.0
1.261361497873499e-08
0.0
9.86761605878319e-09
4.2319357518724057e-10
0.0
9.474135271875933e-09
2.1002780363589784e-07
0.0
1.9824821632314896e-08
1.9824824828893095e-08
1.7527646209851443e-08
0.0
0.0
0.0
0.0
1.275292593607041e-08
3.288759602606724e-09
0.0
0.0
1.982481023787841e-08
9.920186017667266e-09
1.9824814875231075e-08
1.982481152867395e-08
0.0
0.0
0.0
3.31221809610769e-12
0.0
7.687839622718273e-11
0.0
0.0
1.7839644090632861e-09
2.886645171305934e-10
0.0
0.0
0.0
1.3672975808940778e-09
0.0
2.3291406353857624e-09
0.0
0.0
0.0
0.0
1.2043930141247767e-05
1.517844317715123e-08
0.0
0.0
0.0
6.379386562642103e-09
5.6579223159520674e-09
0.0
0.0
0.0
0.0
0.0
9.904623338530024e-09
9.90462214502108e-09
0.0
0.0
0.0
4.080156831824316e-06
1.3581244777441591e-09
8.964428796730012e-10
6.44824265980404e-08
1.879420365583651e-08
9.760059626701102e-09
7.291701181213652e-09
0.0
1.0656932081162985e-08
0.0
0.0
9.738510429709371e-09
3.664405527896888e-07
-3.322685339969516e-07
-1.008192259526722e-05
5.963505350031903e-06
0.0
-9.695978048677769e-06
1.6630396601491348e-07
0.0
0.0
0.0
0.0
0.0
0.0
4.2500590116929186e-10
7.948443375192342e-09
0.0
1.9654767675449938e-08
0.0
8.880616662807264e-09
0.0
0.0
0.0
3.171831820582591e-10
0.0
9.184056055507782e-09
0.0
0.0
4.250044913263688e-10
0.0
1.0272722129936796e-08
0.0
0.0
0.0
1.1638920915597016e-09
0.0
0.0
0.0
6.027317921115773e-10
0.0
6.176079805751298e-09
6.1760800917909364e-09
0.0
-1.2105944475719674e-05
-3.991351783216553e-07
1.1930542975089054e-05
5.250197115683992e-09
3.402643256020324e-08
4.391170012235792e-09
0.0
8.998282580884824e-09
0.0
0.0
1.410051168790086e-08
0.0
0.0
3.418601337475212e-10
0.0
1.2238680095517724e-09
0.0
2.9549850499026627e-08
0.0
0.0
1.4255645954362217e-08
1.1828974818382663e-08
0.0
1.48399793937474e-08
0.0
0.0
0.0
1.0713962667541718e-08
0.0
1.3530902103595025e-08
0.0
0.0
1.0025529831084728e-08
0.0
0.0
0.0
0.0
7.690292607070201e-09
0.0
0.0
1.210516726303096e-08
0.0
0.0
0.0
0.0
0.0
0.0
0.0
4.850138072833872e-07
0.0
9.612875785038367e-09
9.612875304955675e-09
0.0
-5.684340573304368e-07
0.0
0.0
0.0
2.1103210498916787e-06
6.346258022394181e-10
-9.860812610895664e-09
7.681239682949713e-09
7.681239802309787e-09
0.0
0.0
0.0
1.3431826729212593e-08
7.206306478542449e-08
0.0
-3.518900830743918e-08
-9.307061979749106e-06
3.2407474392925906e-07
2.3594561593706023e-07
0.0
1.8943454437633494e-08
0.0
0.0
8.63278875020139e-09
9.893823628834066e-09
9.893823192319508e-09
9.893822769623968e-09
0.0
5.385456064144251e-09
0.0
-5.976206260112222e-10
0.0
0.0
0.0
0.0
0.0
0.0
-9.16721588917202e-09
1.4250668592251802e-08
9.854115128095559e-09
9.854113604962356e-09
0.0
0.0
-2.2402324196115108e-09
2.971660262573444e-08
7.003062709017243e-10
5.786168036160262e-08
9.919135096739917e-09
9.919135068869878e-09
-6.727343753145683e-10
1.2774031177668086e-08
0.0
0.0
0.0
0.0
0.0
0.0
3.664405532014124e-07
9.79476710350792e-09
3.664405548313545e-07
9.794768138794647e-09
1.2774032387485693e-08
0.0
0.0
0.0
0.0
0.0
0.0
2.1103210498917774e-06
1.1903849902239472e-05
0.0
0.0
-3.0061071461482085e-08
6.688446323600729e-08
0.0
5.8863902404508266e-08
6.944991629265811e-10
8.544518342441243e-08
2.863792763265307e-08
0.0
6.490197950997383e-08
1.7113919291694007e-08
0.0
1.5259240444650326e-07
1.3089649165928057e-05
0.0
0.0
0.0
0.0
0.0
9.494837287986422e-09
9.494438719926511e-09
0.0
1.3642540862193048e-10
1.3642235723536935e-10
5.8223963361556234e-06
5.828141044414432e-08
0.0
9.797596557159277e-09
9.797596425137334e-09
9.787658767136707e-09
0.0
2.799450460940628e-11
0.0
0.0
0.0
0.0
0.0
1.2424601192196352e-08
0.0
0.0
0.0
0.0
0.0
0.0
0.0
1.1675689372573836e-09
1.982481825360191e-08
0.0
0.0
0.0
1.757783462599275e-08
3.2008504152919026e-09
8.571725714870437e-09
-3.001844815916483e-09
0.0
0.0
0.0
0.0
2.2212975455818238e-08
0.0
0.0
7.299313515154761e-08
0.0
5.154645280918869e-09
8.927214430238469e-08
0.0
0.0
0.0
0.0
0.0
4.135497933851513e-06
-1.839420095545548e-06
0.0
1.1773749342355377e-10
0.0
7.4119044460410075e-09
0.0
7.411904785953148e-09
7.411904826325066e-09
0.0
0.0
0.0
0.0
9.558241797005818e-09
9.55824166249462e-09
3.384875270407615e-10
9.864292627103672e-09
0.0
9.84784731615073e-09
0.0
0.0
0.0
0.0
0.0
0.0
-9.049261783054124e-09
0.0
2.9347400902706034e-11
-9.794173532938976e-09
0.0
4.419580282921854e-07
0.0
0.0
0.0
-3.177255129000793e-08
2.9607919236424568e-08
-1.7961334357764064e-08
3.601096616362576e-09
0.0
0.0
2.934385452700701e-11
0.0
0.0
-6.497267550279692e-10
0.0
0.0
0.0
0.0
9.04925085351018e-09
9.04925085351516e-09
-1.4804509614746442e-15
0.0
-7.156595207687293e-09
9.71106834224919e-09
5.113001688705765e-11
0.0
0.0
0.0
0.0
0.0
9.2768891855057e-09
0.0
0.0
0.0
4.891676631780848e-07
7.882686969517312e-09
0.0
2.9335164274076963e-11
2.933965844448061e-11
2.601594499132572e-08
0.0
0.0
3.2776593396877537e-10
2.085573231517672e-06
0.0
0.0
-3.387973480700659e-08
9.915945436222213e-09
0.0
9.91594588847028e-09
5.20731577858904e-09
0.0
0.0
0.0
-8.688763947067982e-09
-1.0459765959976594e-08
2.054927250086365e-06
0.0
6.597314923767871e-10
-8.893342569316065e-09
-8.893342568448703e-09
9.886452294421537e-09
0.0
0.0
-6.013858998660639e-10
-7.156595207722868e-09
0.0
0.0
0.0
0.0
0.0
0.0
0.0
1.3987214268040275e-10
9.837980411254734e-09
1.3581249890844268e-09
9.409034903826355e-07
0.0
0.0
0.0
7.689361846926088e-05
-7.687378499036512e-05
9.921020449610296e-09
9.801985763044945e-09
5.771584260467379e-10
0.0
4.313151210533787e-09
4.318382766306895e-09
0.0
-5.625931087313574e-09
0.0
0.0
0.0
1.7868445814185203e-07
0.0
2.0101648971187987e-07
9.835085547661433e-09
1.1501844557091842e-08
-2.245336852489684e-09
0.0
2.046844045166168e-06
2.0699314273953607e-06
0.0
1.9442987212320677e-08
9.803122105127363e-09
0.0
9.816979229526623e-09
-9.816980407837544e-09
0.0
1.1501844506770637e-08
0.0
9.801848297050005e-09
0.0
0.0
3.6753483001385895e-06
0.0
7.324435922592021e-08
3.750862859987988e-08
0.0
8.029475170445606e-09
0.0
0.0
1.9860808918531117e-08
7.034290906219115e-10
0.0
0.0
0.0
0.0
0.0
9.62230958106991e-09
4.0116558249730043e-10
0.0
9.654226615187137e-17
0.0
0.0
9.750339898270941e-09
-9.484109873004174e-09
0.0
0.0
-8.38297733638492e-14
0.0
0.0
0.0
9.625657984117264e-09
9.625658279829603e-09
-1.894345302844158e-08
0.0
-3.146714183452625e-08
-4.1092799582249755e-08
1.3045225733690816e-13
0.0
0.0
9.780967017842831e-09
9.828802945215322e-09
6.032785333065352e-10
0.0
0.0
-7.673201808712786e-09
2.3291386783377694e-09
0.0
2.3177679755357766e-09
0.0
0.0
2.329134433383295e-09
2.5803590039966965e-09
2.8424708147190234e-10
0.0
0.0
5.564459339609761e-10
-1.6004433621359466e-08
0.0
9.890675568904565e-09
9.890674986205914e-09
0.0
0.0
9.925492566948205e-09
9.925974320296212e-09
9.925973734888101e-09
0.0
9.925493426873144e-09
1.597014308516169e-08
4.671746962284415e-08
2.329134603262545e-09
0.0
0.0
0.0
0.0
1.4114490192997306e-08
1.4114487946198743e-08
4.31199593157753e-08
6.908447295386699e-10
0.0
0.0
0.0
0.0
0.0
0.0
0.0
3.7152509645324645e-08
-1.9920226804745368e-07
-1.7162139095240137e-07
2.1002780174312956e-07
-2.4906401179147677e-08
-2.4906401173387853e-08
2.4761808082269617e-07
0.0
6.648323598637432e-08
2.432243651941738e-05
-2.4234319418830035e-05
6.775720072287935e-10
0.0
-2.3470196452990422e-08
0.0
0.0
1.237891902438476e-08
0.0
-3.4480074963045735e-08
0.0
1.0009621613604952e-08
2.476180755566879e-07
2.0337566629326147e-06
9.935350023406288e-09
-2.023821307707825e-06
9.942114010102338e-09
0.0
0.0
1.055414380791681e-08
7.313045082128458e-10
-5.279172380956475e-10
8.551625471569457e-09
0.0
1.516482851893628e-10
1.1458809073669095e-09
0.0
0.0
8.750112151310869e-09
0.0
0.0
0.0
0.0
0.0
-6.648720473918096e-12
