0
0.0
1.6571704018604598e-08
0.0
0.0
0.0
2.6558213084702365e-07
0.0
0.0
0.0
0.0
0.0
1.3993727271663355e-08
0.0
0.0
0.0
0.0
8.754500904727112e-09
9.896660547962974e-09
0.0
9.578968515290903e-09
0.0
1.196205287319612e-08
0.0
3.9366452884401063e-10
0.0
9.817831238132894e-09
0.0
0.0
9.585911289968143e-09
1.446069439524925e-07
0.0
0.0
0.0
0.0
0.0
0.00019299460390476418
9.952854447777345e-09
7.341876009669443e-08
0.0
1.5061773965818826e-08
3.525123707541219e-11
1.411999827992348e-09
9.901190976696246e-09
0.0
0.0
2.165050207418776e-09
0.0
0.0
0.0
0.0
0.0
0.0
1.7777829892780604e-10
2.3749575284008346e-11
0.0
0.0
0.0
8.515128480787834e-09
0.0
0.0
0.0
8.661584882937708e-09
5.304095470345391e-16
0.0
1.5329755651928177e-09
0.0
0.0
0.0
0.0
0.0
0.0
1.7939257944461144e-08
0.0
1.0154523164170037e-10
2.313943419439916e-12
9.904369736656688e-09
0.0
6.39522314370636e-10
0.0
9.485290922443703e-09
0.0
0.0
0.0
0.0
9.341146002676052e-07
0.0
0.0
4.5782010443682815e-09
0.0
2.6390043781368672e-09
0.0
9.702728081606812e-09
9.83902445583783e-09
3.9640012509928135e-08
-3.962619114696725e-08
0.0
9.428705133753525e-09
9.528128432937411e-09
3.903725836384387e-08
0.0
0.0
0.0
9.914904335105212e-09
7.99711818722377e-09
0.0
9.92722525599032e-09
0.0
0.0
0.0
0.0
0.0
9.51627176871465e-09
0.0
0.0
0.0
0.0
0.0
0.0
0.0
0.0
0.0
0.0
9.156195212754646e-09
0.0
6.8557443497438196e-09
0.0
-1.0693224591968534e-08
-1.6160114301625867e-09
1.3390661513572301e-09
7.394562411794471e-09
7.975040095482019e-09
0.0
6.887248577685651e-09
0.0
1.6667467667403283e-09
8.374640889869705e-09
0.0
0.0005277106454907063
8.351895502187645e-09
0.0
1.2513815112909195e-08
0.0
0.0
0.0
1.0844734530801976e-08
0.0
0.0
0.0
0.0
0.0
9.72300713261267e-09
7.891464808082901e-09
0.0
1.9461691340997723e-08
0.0
0.0
0.0
0.0
1.559994087039159e-08
0.0
0.0
6.576147138661877e-13
0.0
-0.0002522311884587958
8.766996563239986e-06
5.606455567125388e-09
0.0
0.0
0.0
0.0
0.0
0.0
1.9361368670697968e-08
0.0
3.4847542987852573e-08
0.0
0.0
0.0
0.0
0.0
0.0
0.0
7.381740176804657e-09
0.0
0.000940157523402263
0.0
0.00016079409380351727
1.633000411178459e-08
0.0
1.8238712132170111e-09
0.0
1.751005447308607e-08
9.914598687081339e-09
0.0
0.0
0.0
1.1383934377100963e-06
0.0
0.0
0.0
0.0
0.0
4.690921370119647e-11
0.0
0.0
3.807915321625067e-09
0.0
0.0
4.988785053844597e-07
0.0
1.2036591280149194e-06
9.824963347079117e-09
3.084814202783224e-08
9.780663912800869e-09
0.0
0.0
9.692079587775305e-09
2.3363689685309893e-05
7.540604482112832e-09
0.0
2.0841215568723635e-09
4.4110013074643275e-09
0.0
1.7867195813398924e-09
6.6878176874409174e-09
0.0
9.537840437521539e-09
0.0
4.019336788064572e-18
9.86194265564405e-09
0.0
0.0
0.0
5.534229351332056e-21
9.795859227269771e-09
9.223771825110883e-09
1.3486760221391751e-11
0.0
2.6331194169504357e-12
0.0
2.4447136548315606e-08
0.0
1.1220091499643829e-10
4.1286479129931664e-07
6.2984864719617395e-12
0.0
0.0
0.0
0.0
0.0
7.528742941568438e-11
-0.00035675188712325223
0.0
9.964263813097955e-09
9.956979025979286e-09
9.884320107246362e-09
0.0
9.760911132407663e-09
6.790600533882507e-09
2.8348763571455796e-09
0.0
0.0
1.482570433782415e-07
0.0
9.558907070750892e-09
3.7167620107468353e-09
0.0
0.0
0.0
0.0
0.0
0.0
0.0
9.222656306448962e-09
7.653304895683798e-09
0.0
0.00011535245678745197
0.0
0.0
1.901745811240363e-20
1.4856562846565542e-08
0.0
0.0
0.0
0.0
0.0
2.5751455955787874e-09
8.871803125476418e-09
0.0
7.463809199742648e-09
-4.859393681508416e-10
0.0
2.333800439754135e-05
0.0
9.666233422575179e-09
9.769518290827748e-09
0.0
9.7642166852741e-09
7.463809199744471e-09
0.0
0.0
0.0
1.535492839153772e-08
0.0
9.76781720675493e-09
0.0
0.0
7.291354572734966e-10
0.0
9.923499546752959e-09
9.910721699308395e-09
6.55331133980774e-22
0.0
0.0
3.308683886631946e-08
0.0
7.942393112045994e-09
0.0
0.0
0.0
9.191610333449237e-09
0.0
7.12006297200598e-08
2.470212576320924e-08
0.0
0.0
0.0
0.0
0.0
5.910148040289884e-09
0.0
6.648444598675307e-12
0.0
0.0
5.040934347014776e-09
0.0
0.0
0.0
0.0
3.495960586540696e-10
9.619035873620037e-09
9.766282442155196e-09
4.940176398956467e-10
0.0
9.93586192358904e-09
6.90850174562303e-10
9.879299214501014e-09
9.944505257025033e-09
6.518467259111814e-10
0.0
0.0
9.912869826931119e-09
9.879298979740368e-09
9.966858491433053e-09
9.944501690342763e-09
-6.219475196543781e-10
1.790556091908085e-08
2.5466421200354117e-09
2.6448071093395486e-08
0.0
0.0
0.0
0.0
5.587215511347831e-09
0.0
0.0
1.7016221891238451e-09
0.0
0.0
1.880885325946205e-08
0.0
1.5465323965035162e-10
0.0
1.3773576949858344e-09
0.0
6.718000649925536e-11
1.7923198748395148e-08
9.027627401381722e-08
0.0
0.0
1.2347233623369458e-08
0.0
0.0
0.0
8.544683188094474e-08
0.0
0.0
0.0
0.0
5.140843175314354e-09
0.0
0.0
0.0
1.9245538847071296e-08
1.936861624178196e-08
5.625160535355485e-07
-3.10308799931657e-10
0.0
6.855291838258054e-10
-2.654087985160212e-09
9.944462578273874e-09
4.329099500063594e-08
3.890416056792255e-08
5.0414887000588085e-08
0.0
5.041489365126129e-08
4.349821988513625e-08
4.0818615001182434e-08
2.2967977189389162e-08
2.2435766921124565e-09
2.4631434616918807e-10
2.463218236417278e-10
2.4632921361314685e-10
0.0
0.0
8.752747405332828e-09
0.0
7.317736609295939e-16
1.9613660966008886e-08
0.0
1.992829625109573e-08
1.988896070596336e-08
4.329099318533072e-08
3.890415887087672e-08
5.041488528775499e-08
4.87472582477895e-08
5.041489201886689e-08
4.349821811425181e-08
4.081861346347434e-08
1.3566197337823903e-08
2.2435750644191824e-09
2.4630963935123873e-10
2.4631995748647384e-10
2.4632740291963273e-10
4.3290991385254944e-08
3.8904157188907315e-08
5.0414883574565196e-08
4.8747256810753813e-08
5.0414890385607286e-08
4.3498216358901954e-08
4.081861191822511e-08
2.2967973604313243e-08
2.2435735270978535e-09
2.463181065410452e-10
2.463255695516659e-10
0.0
0.0
9.926354643851124e-09
9.700791159905975e-09
9.57896851503055e-09
-3.171160528377833e-10
1.182800163463596e-13
5.260862372753647e-08
0.0
2.457979453177376e-08
9.955224236982141e-09
-1.0651601741924526e-07
-1.3504092533535296e-07
-1.3504092532705341e-07
1.6571704031315734e-08
4.246266284537372e-10
0.0
2.2394632522305924e-08
5.8525313043014074e-08
5.480807626875563e-08
1.9746469156645553e-09
0.0
3.970408844917354e-08
0.0
0.0
3.656987640722543e-08
5.28110538374224e-08
8.948994406992962e-05
0.0
0.0
1.9322308916693008e-08
0.0
2.6922979311165358e-05
2.3571244339368557e-07
8.463827255282563e-05
6.156446922323811e-10
0.0
1.3451084843411204e-06
1.3156586396419787e-06
1.869429264032054e-07
1.2423593328571292e-07
6.829561569922371e-08
5.7440317910851905e-08
-1.9119801455622087e-08
5.780437689270612e-09
-9.952854447721482e-09
-6.771012019124424e-10
1.544450958037385e-07
-7.341876016435942e-08
-6.390159519337792e-08
0.0
0.0
3.060349720933128e-07
8.196794693276424e-05
0.0
-1.5061773940881872e-08
0.0
0.0
0.0
0.0
0.0
0.0
0.0
1.516811055939263e-07
1.5168110640727256e-07
0.0
-0.00019273183552833914
1.1668656448964748e-06
1.4782756501170352e-08
0.0
0.0
-9.901190978212071e-09
9.238508760170085e-09
9.238504733298602e-09
9.435649668177161e-09
9.43564601041871e-09
9.435653349172385e-09
-1.3351576003198251e-06
-1.3253357072796207e-06
-1.773627983363663e-07
-1.242379036921898e-07
-6.829758609195832e-08
-4.763227936270751e-08
1.8857045344861708e-08
1.300438922290716e-08
2.520887837451774e-09
1.615523163907821e-07
2.1650512315277476e-09
8.405508815122534e-14
0.0
3.493994969266238e-05
3.494971476147857e-05
-1.6155231798847813e-07
0.0
0.0
7.194694241412275e-09
0.0
4.536082414589304e-09
3.719346084217514e-08
6.124623682667311e-08
0.0
0.0
8.645685351584562e-09
0.0
-0.00024089942334584727
4.791248759307237e-05
-0.00019298480873476955
0.0
0.0
0.0
8.78589796920455e-08
6.77963183888744e-10
9.95373528414091e-09
6.824771151304489e-08
4.855969745198863e-07
9.833862675936219e-09
0.0
0.0
1.7433637737212156e-07
0.0
0.6376979695619459
-0.6376979297037316
9.968830577889625e-09
0.0
0.0
9.906408704597942e-09
9.907174703555239e-09
0.0
1.1320351352738461e-07
0.0
-9.910911161203906e-09
-1.5469718214755623e-10
0.0
0.0
0.0
0.0
1.8085706570512706e-09
1.7556422459900464e-09
0.0
4.81761300278611e-09
0.0
3.876389624556368e-09
1.3230653686786312e-08
0.0
0.0
0.0
2.4702125779747057e-08
5.0294460282541875e-09
9.969734929976548e-09
4.0676578893296726e-09
5.678455240755277e-09
7.634463990194857e-09
1.6360302244888345e-08
4.891889702323424e-09
0.0
0.0
-1.5168110531395967e-07
0.0
0.0
0.0
0.0
1.5469122510713973e-10
7.688685379279467e-06
-1.7777831550630507e-10
0.0
0.0
7.649521460919983e-09
-2.1641695355928414e-08
9.821475579514924e-09
1.3049278546099772e-08
1.6861624794053693e-05
1.6911548254818407e-05
-1.636855180282013e-05
0.0
4.014731242166085e-16
0.0
0.0
-1.3173279476990816e-08
3.551225780444621e-08
4.5977086049764784e-10
1.3424972187794814e-10
0.0
-3.5591110603663223e-10
0.0
1.5267227690865473e-07
0.0
8.114737638970625e-09
0.0
0.0
2.5576390225356834e-07
2.5576390450011275e-07
9.310399758447052e-09
9.310401958876019e-09
0.0
0.0
0.0
9.621067687656287e-09
0.0
0.0
0.0
0.0
0.0
2.303612832354455e-08
0.0
0.0
6.194320895805191e-09
1.2767454816639572e-08
6.116348889014864e-09
0.0
9.435657056355052e-09
-8.873748316155924e-09
0.0
0.0
0.0
1.9297068806712458e-08
9.907029730894961e-09
6.851886102247053e-10
6.552988392555911e-10
5.5442431452350505e-09
0.0
0.0
8.948994407151077e-05
0.0
0.0
0.0
0.0
2.0370581892652872e-15
1.024081391189425e-09
1.236036858031794e-09
1.663951396672736e-08
0.0
1.3928228428282834e-08
7.11083142399053e-10
3.527778405841599e-10
0.0
0.0
0.0
0.0
0.0
3.648237816919568e-08
6.089345937644949e-08
0.0
0.0
-8.661584846494236e-09
0.0
1.4803785374514801e-08
0.0
0.0
0.0
0.0
0.0
0.0
0.0
0.0
0.0
-1.3542806961584428e-08
0.0
-8.661584871214045e-09
-2.422353914032873e-08
0.0
2.369930830192825e-08
7.186524822195423e-07
-9.898112891815192e-09
0.0
8.068339139984501e-16
0.0
6.889384118110652e-07
6.919553745163031e-10
3.932829924849495e-08
9.693633936079249e-09
9.693633033254281e-09
4.2275356340416043e-10
0.0
2.671398684993539e-07
0.0
2.526441672168788e-07
6.091106947074541e-16
0.0
-2.522030694933602e-07
6.317593565877853e-10
0.0
0.0
0.0
0.0
-2.986684980496578e-08
1.934632976436518e-08
0.0
0.0
0.0
0.0
1.1801422982563882e-07
4.1151323841471046e-16
0.0
0.00018668375153577582
4.4128136637616995e-07
0.0
-0.00018683180470091543
5.305728484125659e-10
0.0
0.0
0.0
0.0
0.0
0.0
-0.00017949657558898502
0.0
0.0
0.0
2.33655979367607e-08
0.0
0.0
0.0
0.0
7.909605706021e-09
0.0
8.873665196399244e-09
8.873661358197255e-09
0.0
0.0
8.11473771131354e-09
0.0
-8.56974402597143e-09
-8.569744032959904e-09
1.5438619113265114e-14
9.374181803402078e-15
1.8193839711821266e-14
3.206723340377267e-06
-1.0154523164170037e-10
1.3993727136008363e-08
0.0
-3.206621794760167e-06
0.0
0.0
0.0
0.0
0.0
-9.905553083154736e-09
0.0
-2.6566568107265444e-07
0.0
7.347236904399643e-15
0.0
0.0
0.0
0.0
0.0
1.2339304486813577e-07
0.0
0.0
0.0
1.0240427081772934e-08
1.8110936983625134e-09
3.6588626336602136e-15
1.022390811665739e-14
0.0
0.0
0.0
0.0
0.0
1.9297069282357116e-08
0.0
0.0
3.8663060665052616e-08
1.3209351627055963e-10
1.936136868404363e-08
9.952586523402515e-09
0.0
0.0
0.0
-2.1847440591296669e-10
7.936766408336368e-18
0.0
3.1243385729599166e-05
3.124677109901e-05
0.0
3.084814197938425e-08
0.0
1.9854232373233962e-08
1.4439398227410179e-08
0.0
0.0
9.068871183275535e-09
0.0
-2.566040301467745e-09
1.0471047038732411e-08
1.443939829058609e-08
-9.61215913783983e-09
-1.0403745262206957e-09
0.0
0.0
0.0
-1.0154560770400016e-10
2.515112477094513e-08
9.667933315623666e-09
1.0100481301738712e-07
1.1055268350597465e-07
-9.437765280395638e-07
-1.2549627328916661e-08
9.580617912041952e-08
3.5199574896189546e-08
-4.898805347682835e-13
1.3100526413607442e-07
4.578198293539396e-09
4.578200125935995e-09
0.0
0.0
0.0
1.4292200099183835e-08
0.0
0.0
0.0
0.0
0.0
0.0
1.3907289899729296e-14
0.0
0.0
7.782756655703032e-09
6.570904844543923e-13
0.0
4.3101611374032753e-10
1.9418497032575033e-08
0.0
0.0
2.4692534508678975e-07
0.013458311932500269
-4.316746147064452e-10
0.0
-0.01345854904330404
6.57353161982781e-13
0.013458568560573333
4.296418925514111e-10
3.493910485369729e-05
5.547296550472943e-09
0.0
-5.653876526303703e-10
1.9418525942411598e-08
0.0
4.399264578695172e-10
-3.1378732157262426e-10
2.6078645579824533e-10
-7.225921992324528e-09
0.0
0.0
0.0
0.0
3.962619114776685e-08
0.0
5.739132987277493e-09
-2.4454652374995807e-08
0.0
7.463809199745852e-09
7.463809199734434e-09
0.0
0.0
-9.428705136297461e-09
0.0
0.0
0.0
-9.528128433813898e-09
0.0
0.0
0.0
0.0
0.0
1.444004679676322e-07
-3.903725808124085e-08
1.9332026689289594e-07
0.0005259221041882921
1.816595811524874e-08
0.00018761143848369276
0.0
0.0
2.5849178051012022e-08
0.0
2.5457626293481916e-08
9.65739168717772e-09
8.32672142677543e-08
-2.30098197779487e-08
6.2602891777012595e-09
0.0
0.0
3.1179690215091926e-08
-2.945745007920664e-07
1.990614723019684e-08
6.7708230643668e-10
0.0
0.0
0.0
0.0
0.0
0.0
5.764788770776453e-08
0.0
9.76782042144939e-09
9.953317396465492e-09
0.0
7.468793494870512e-10
-5.587691547362609e-10
0.0
-1.3993727203972312e-08
0.0
1.2524631269470276e-07
0.0
0.0
0.0
0.0
0.0
0.0
0.0
0.0
0.0
-6.398526159900366e-10
-7.997118211242916e-09
0.0
1.3970146848712905e-08
8.497820772363041e-10
8.846901293750614e-09
0.0
9.663500959655226e-09
0.0
0.0
0.0
0.0
3.932017408791962e-10
-4.144817105584454e-08
6.837265507023337e-10
1.9907468022658665e-08
6.722088322060402e-10
-9.622057445729251e-09
1.1668656451968128e-06
0.0
0.0
2.808339118599932e-09
2.8083391166723893e-09
-5.907874981362043e-10
0.0
6.6655768627160236e-12
2.7739021514023954e-17
0.0
0.0
0.0
0.0
0.0
3.80468860285609e-15
0.0
0.0
0.0
-1.5613549812676684e-11
0.0
0.0
0.0
1.525437871375242e-08
1.140560371842847e-10
3.6355223861466474e-10
0.0
0.0
0.0
0.0
0.0
2.2268428420679776e-15
0.0
0.0
6.796735493110823e-10
1.991653016176331e-08
6.851545794267078e-10
1.9083664722402835e-08
0.0
0.0
0.0
0.0
0.0
0.0
0.0
2.291888070143587e-09
1.9278860522141726e-08
2.488426187094716e-10
0.0
-2.4884265001338844e-10
0.0
0.0
3.589983191333959e-16
3.10308818075814e-10
-9.418998692112268e-09
0.0
0.0
0.0
4.119352487729987e-07
2.4039917603690893e-09
0.0
0.0
9.968938432225048e-09
0.0
1.0400936840341828e-08
9.906910934832581e-09
6.320082928909291e-10
0.0
-1.0399079551680693e-08
9.83804761961471e-09
9.59134284531603e-09
0.0
5.32918609287246e-07
3.85775227319842e-08
1.8554645985799902e-08
0.0
1.237755981745675e-09
0.0
0.0
4.802320166956438e-13
0.0
2.6118701549414612e-09
0.0
4.787389344024052e-08
0.0
5.65853920738708e-08
0.0
8.86500778022411e-09
0.0
5.7881616444510223e-08
0.0
5.186633927852088e-08
0.0
5.0539691987376955e-08
0.0
2.7879102710770056e-08
0.0
8.354073877440724e-09
0.0
9.949412545274357e-09
0.0
9.661831508407866e-09
0.0
1.0029050513293732e-08
0.0
0.0
0.0
0.0
0.0
0.0
0.0
1.3351569435094443e-06
1.3253350504664752e-06
1.8694423997017706e-07
1.2423724688866146e-07
5.8785621443746806e-08
5.744163145485204e-08
-1.9118488125968724e-08
0.0
4.455570997000349e-05
4.4565537828733085e-05
0.0
0.0
3.084814144619446e-08
3.0848141750589665e-08
0.0
0.0
0.0003534984980541806
0.0
0.0
1.2171932315431835e-08
0.0
0.0
3.3506711502191706e-11
0.0
0.0
-9.156195214469879e-09
5.094681394530835e-09
5.094681319178784e-09
2.5238785498658215e-10
0.0
0.0
0.0
0.0
0.0
0.0
5.8580253227773966e-08
0.0
6.627995901850211e-09
0.0
4.602804045911576e-08
5.992365917394193e-08
6.692491353337641e-08
0.0
0.0
0.0
0.0
0.0
1.119451993308387e-06
5.282530019190276e-08
0.0
4.906573422289545e-08
0.0
0.0
3.2499925136741027e-09
0.0
3.2623531818290036e-09
0.0
0.0
0.0
1.3272904851716365e-07
0.0
1.0265541200140586e-08
5.27577371141877e-10
5.275773772380373e-10
1.9647343821966798e-08
8.652463709191954e-05
0.00011230808075970533
0.0
3.2138613190716953e-10
9.590266317728182e-09
9.590266869649502e-09
0.0
1.3739641819831776e-07
7.607350808286223e-07
8.149039489467138e-10
9.846855320530757e-09
0.0
8.114737614030136e-09
0.0
0.0
1.4182556781852084e-06
0.0003380626253972162
2.0077881423549238e-08
0.0003365123402823347
0.0
0.0
0.0
0.0
0.0
0.0
4.161732420397909e-08
0.0
4.889469186622101e-08
4.889469186693679e-08
4.889469186315282e-08
5.686973195952543e-08
4.889469186415076e-08
1.2282640755879373e-07
1.6956153372735708e-09
-1.6025818538878411e-07
4.150687281195571e-08
0.0
1.692027419742377e-08
9.922630361517461e-08
9.922630361620653e-08
9.922630361376167e-08
1.0611355219110507e-07
9.922630361363112e-08
1.0787590451344294e-08
0.0
0.0
0.0
0.0
0.0
0.0
0.0
1.4661244252656445e-08
0.0
3.8161499493891196e-09
1.869158393097361e-08
1.8691583932109974e-08
1.869158392990294e-08
2.7066224819652254e-08
1.869158392991916e-08
4.04884500007481e-08
8.578222220378516e-08
3.44010641127914e-08
2.4036657625856167e-07
9.452693529889313e-09
0.0
0.0007566901802209935
0.0
0.0
2.35664522649313e-15
0.0
0.0
5.353468954354912e-08
9.079984678293599e-05
0.0
9.05715588905252e-06
-0.0005277106454907071
0.0005376659328787878
0.0
0.0
0.0
0.0
0.0
2.8033518637833286e-10
2.389680678624084e-10
2.389680437716148e-10
-3.1983925923476642e-09
-1.2513815127163487e-08
7.565006181115058e-10
0.0
-8.351895499620992e-09
8.982595380061142e-05
3.5523596899873854e-07
9.590266272833052e-09
9.59026628700603e-09
1.1790487523427167e-05
1.7172783225368833e-08
0.0
0.0
0.0
0.0
4.293415856947084e-09
0.0
0.0
-1.0844734524891736e-08
-9.926994530052875e-09
1.9659809271991885e-08
0.0
3.043576122104991e-09
4.442417947870507e-09
0.0
2.5687707056464696e-08
0.0
0.0
0.0
0.0
9.964217141581784e-09
-1.3964501631436033e-08
1.4443856969562116e-07
0.0
0.0
0.0
9.920164026984337e-09
0.0
6.815438390590126e-10
0.0
5.690582871402399e-10
0.0
9.954703639961787e-09
6.537224056374205e-08
5.436938062728533e-07
5.535650205496636e-07
0.0
4.455294590616143e-05
0.0
0.0
-4.5156585736867647e-10
0.0
-1.008114932671862e-08
2.5474973908538945e-10
8.299687101571052e-09
9.904184056833298e-09
9.663500963689338e-09
9.904184044552106e-09
6.29331219570335e-10
9.663500963124405e-09
9.663500963697587e-09
8.299687108642793e-09
8.299687116828519e-09
-2.249155533231605e-09
9.522297656372054e-09
0.0
0.0
9.04113315345721e-09
9.041133133021721e-09
-6.250326423518739e-09
-6.250326422361529e-09
6.30136468304819e-06
0.0
0.0
-7.891465259035613e-09
9.76685101886748e-09
4.945745758457187e-10
9.707544442687116e-09
4.363984651171167e-10
0.00044280504631152027
-1.8384827689559818e-08
1.7973847399379486e-08
0.0
7.992904185658671e-10
5.917614713126379e-15
0.0
0.0
1.142215888535928e-08
0.0
7.381740319917743e-09
0.0
-9.604123260239551e-09
0.0
0.0
0.0
-1.8431436932253575e-17
8.942064562209029e-05
-1.0461880745640502e-08
0.07485847701409874
3.55923244436257e-18
8.897771518385084e-06
1.3077495513970578e-07
-8.766996563242739e-06
1.6510612093949355
0.0008675478244117478
2.6932315150691217e-09
0.0
0.0
0.0
1.651928755677844
0.0
0.0
0.0
0.0
0.0
9.524748024918928e-09
4.5697064030027836e-07
0.00022403506222991074
1.880413436968269e-05
-0.0009220836126513911
0.0011743148011102143
0.073990929189687
1.6519287556778461
4.6231091340165194e-08
8.090457194072467e-16
1.707565196501752e-08
6.374905119126504e-10
0.0
5.535650208269317e-07
8.461860071731932e-05
0.0
2.6686980755945757e-05
-0.00010666380988693165
0.0
0.0
0.0
0.0
1.652896048851732e-07
0.0
0.0
0.0
-0.006664888817731196
0.006580292485548552
2.3066419561006918e-10
2.457309551016008e-09
1.3424971692372023e-10
1.3424971938362796e-10
8.949162790938539e-05
0.0
0.0
-1.936136867073979e-08
1.965980872371811e-08
9.889835596279194e-09
0.0
1.2300606321045764e-07
9.905675035756697e-09
-3.484754298098099e-08
-3.4847542984425875e-08
0.0
0.0
0.0
0.0
8.017407333221642e-08
1.781795167199115e-05
-3.719825777882605e-06
3.739124993876292e-06
3.2054051382163017e-10
3.562016503764551e-07
1.7532377851396294e-05
1.9934938367435947e-08
2.6579534759486274e-10
-1.320741314318058e-08
1.0864606346328983e-07
2.2824118642769583e-08
8.302265791994642e-05
4.0883237152730393e-16
0.0
-0.0006628273053752766
0.0006628556864792021
9.885920476552026e-09
8.884605540321224e-15
0.0
0.0
0.0
0.0
0.0
9.946157657606035e-09
0.0
0.0
2.9510764355976052e-15
0.0
0.0
1.9616807141028856e-08
0.0
0.0
0.0
1.9784360326051525e-08
0.0
0.0
0.0
1.9678334876562643e-08
0.0
0.0
9.837619755955228e-09
3.979676787133493e-08
6.857417731585346e-10
6.008364246763506e-05
6.008364247043706e-05
9.968939906099088e-09
-1.903130746744308e-08
0.0
1.9936592123390364e-08
0.0
0.0
5.547829610661562e-10
0.0
0.0
0.0
0.0
0.0
0.0
0.0
0.0
8.309134664853584e-08
6.948160577750577e-09
0.0
9.93754663829707e-09
1.935652490085726e-08
0.0
-6.250326424266381e-09
0.0
-1.6330004127080514e-08
-0.00016080166084554896
-0.00017009374070253713
0.0
0.0
8.70118726237585e-09
1.8293718128895325e-10
9.732049662634523e-09
1.3351562866948622e-06
1.3253343936498602e-06
1.869435831691746e-07
1.2423659008072518e-07
6.829627252624704e-08
4.7944278530709775e-08
-9.740972553376508e-09
0.0
-3.518913278914354e-10
0.0
0.0
0.0
2.8652296540245914e-07
1.1778174152139256e-09
0.0
0.0
0.0
0.0
0.0
0.0
0.0
0.0
0.0
0.0
2.4279574226036086e-13
0.0
6.116684884536813e-09
0.00019469903853623445
-1.1188184936611048e-06
0.0
9.789730780872547e-09
0.0
0.0
0.0
3.309870689636786e-17
1.7693664805284068e-08
-1.1050889670309507e-08
6.6427752010863824e-09
0.0
0.0
0.0
0.0
0.0
9.787562685717091e-09
0.0
0.0
0.0
-9.817831238148698e-09
-9.817831238138785e-09
-2.444932211176365e-05
1.9431347648220264e-05
5.017974462075076e-06
2.0064880881876957e-08
0.0
0.0
0.0
1.4228332278890797e-07
-1.1287241153445607e-06
0.0
0.0
0.0
0.0
3.1603461110317194e-08
2.5112697498249457e-08
9.945623613083834e-09
9.94562161476035e-09
-0.0009401556954955481
0.0
8.017467937489088e-09
7.110293331189915e-09
0.0
7.1102946856415575e-09
7.110296057555078e-09
3.4392565244502204e-05
-0.0020316171105661737
0.002031607181344471
0.0
5.473848507134793e-07
1.0762067733223346e-08
-3.8524692897584645e-08
0.0
0.0
9.009167104412211e-09
0.0
0.0
0.0
9.776389538196373e-09
1.0808835916054218e-18
1.0821282281245709e-11
0.0
0.0
8.664970412044473e-09
0.0
6.859127928296377e-10
0.0
0.0
9.26188626416933e-09
9.835568034053106e-09
0.0
8.7127362579946e-09
-4.690921782957158e-11
0.0
2.8137252527926648e-08
9.960302603068084e-09
2.912111372288767e-09
0.0
1.1947781705734684e-06
-1.1947781701983524e-06
-1.1947781698284227e-06
1.1947781694536036e-06
8.149040433201525e-10
0.0
0.0
0.0
-1.1571953711655822e-06
-9.77639075423753e-09
0.0
7.105487161319423e-09
2.239463487929433e-08
2.239463458014821e-08
2.2394633620083113e-08
9.693635577136958e-09
7.318031041859416e-10
3.5730840641392495e-09
8.112802489947874e-09
0.0
5.982819124598785e-06
0.0
-4.988785053756852e-07
-4.89244251002852e-07
2.1650532842438764e-09
1.597493880515179e-08
0.0
1.2505494841101373e-08
6.671543275388885e-10
9.942719163424634e-09
6.742101123298336e-10
9.949907485836286e-09
0.0
6.444262364742473e-06
3.239811844492946e-08
6.471899308735121e-06
-9.467577207020877e-09
-9.766282501840525e-09
0.0
0.0
0.0
8.300555774892163e-05
6.096733535612237e-08
1.194778171565084e-06
8.431126237139113e-17
0.0
-1.1967378247183347e-06
-1.1939876658928307e-06
2.2824119906664826e-08
3.084814188697007e-08
1.8238719196023777e-09
0.0
0.0
0.0
0.0
4.340493869109511e-10
1.9548086677763847e-08
9.780641677760134e-09
0.0
-5.081266135897555e-10
1.2409690977796106e-08
0.0
2.1132778778649787e-08
0.0
2.1361582884037992e-08
6.4907265478247695e-09
2.8492850575934154e-08
0.0
0.0
0.0
0.0
0.0
1.5686759393837252e-08
0.0
0.0
0.0
0.0
1.922759258814252e-09
0.0
0.0
0.0
9.97660202690709e-09
1.790556136892263e-08
2.5466425752669053e-09
2.6448071352283103e-08
0.0
0.0
0.0
0.0
9.685790973963854e-09
0.0
3.19998874210186e-09
9.791633279381666e-09
0.0
7.262058879406895e-09
1.4154258176834225e-09
0.0
9.782623545567643e-09
0.0
0.0
9.813994788880612e-09
0.0
0.0
0.0
8.252443530767025e-09
0.0
0.0
1.1131219536996963e-08
0.0
0.0
1.4515233797374356e-08
0.0
0.0
3.1948979830350005e-08
0.0
0.0
0.0
-1.9783651119731805e-08
1.3993728990491535e-08
0.0
0.0
1.1671554438188433e-08
9.619721276937796e-09
0.0
6.246531775749733e-09
6.24653147107218e-09
0.0
8.089700052299323e-11
0.0
0.0
0.0
0.0
-4.212302876822527e-10
5.333744629995497e-07
9.073416930988065e-18
2.924390673868504e-08
9.921597857310192e-09
0.0
0.0
0.0
0.0
9.760840828758503e-09
9.760840848977165e-09
0.0
0.0
0.0
0.0
0.0
2.3358565619096237e-05
-2.3363689685312597e-05
2.574905803435085e-09
0.0
0.0
-6.687817647441953e-09
0.0
9.920378735414865e-09
9.920378912624764e-09
9.920379085485638e-09
0.0
0.0
5.037585478802796e-08
5.0375854770837517e-08
5.0375854788413556e-08
3.1491102799562076e-07
1.2225027217374132e-16
0.0
2.7081808547806305e-08
0.0
0.0
0.0
0.0
0.0
2.6842196302062937e-08
0.0
0.0
9.002808465238183e-09
0.0
1.1835210093740898e-05
5.0481047333232045e-08
1.0420767521827912e-07
8.352498925395675e-05
0.0
0.0
0.0
8.967781430673986e-08
9.921565474445075e-08
-2.69986593505527e-10
0.0
8.87382611836074e-09
0.0
0.0
0.0
-3.469446951953614e-18
0.0
0.0
0.0
9.545658476900273e-11
9.54566652095314e-11
7.208837801276418e-09
7.20884265351324e-09
0.0
0.0
4.705236451455738e-15
0.0
-9.861942658529908e-09
1.93108225013237e-08
-1.692393456389143e-10
0.0
0.0
0.0
5.296152237478998e-16
4.089083233656284e-08
-9.418996745806738e-09
0.0
0.0
0.0
0.0
0.0
1.1426246492126031e-10
0.0
0.0
3.670967616317605e-08
2.312317748896257e-08
1.803862772211403e-08
3.1584886015323547e-06
0.0001605134765016726
2.0658781862224705e-06
6.861416381428338e-10
7.160649916540207e-09
0.0
0.0
-3.134520942630356e-06
-0.00016048085158724588
-2.059761837372052e-06
2.9586703761955595e-08
0.0
-9.223771416184338e-09
2.9586046954989178e-08
8.221626726964107e-05
2.9653540133033242e-05
1.4963949997763887e-08
9.344898379485022e-09
9.344898188601292e-09
0.0
5.256271364984761e-05
-1.348676022263583e-11
0.0
1.240969173675383e-08
1.2409692410789858e-08
0.0
0.0
-2.6331228863973877e-12
0.0
0.0
0.0
0.0
-0.00010655582246837795
0.0
0.0
0.0
0.0
0.0
0.0
9.846855440911383e-09
9.846855565740636e-09
0.0
8.94363439472792e-05
8.9436343954509e-05
0.0
0.0
2.0113952510415047e-18
-1.5037743539310602e-08
-2.444713654851569e-08
0.0
0.0
0.0
0.0
0.0
0.00015874171756947558
0.0005075943465254893
0.0
1.2345595663240753e-06
0.0
1.1336687460322635e-07
0.0
1.3217637487209963e-07
0.0
0.0
1.133758520456226e-07
0.0
0.00044905973716975154
0.0
0.0
1.383420044579726e-06
0.1786873362058868
0.0
4.906957296046954e-07
6.273484565781258e-06
6.247554005145602e-08
-1.8086080932813026e-08
-6.070490017389893e-08
2.0481758761074515e-08
-1.1160057931816972e-08
-3.136974419861577e-07
-4.1286479129931664e-07
-1.3644097709652099e-07
0.0
4.753568469924562e-06
0.0006570137319589999
0.0
0.0006617771464657682
0.0
0.0
9.956318622118871e-09
8.537942304909777e-09
1.979015012469097e-08
0.0
6.495593061230029e-10
0.0
-9.784682424918752e-09
0.0
0.0
2.9273658438814555e-08
9.883092234652452e-09
0.0
0.0
0.0
0.0
2.9054215083869704e-08
9.941019914730837e-09
0.0
0.0
4.0746262287392684e-05
4.074626228739246e-05
4.0571032527922576e-10
4.057103285801117e-10
5.389713392350986e-07
4.222895192348e-09
9.930156832571777e-09
0.0
9.961828736987193e-09
0.0
9.955473411979383e-09
9.591343322638266e-09
0.0
1.2445343653336816e-08
1.3120365835147679e-08
0.0
0.0
9.667932820468369e-09
0.0
9.838047936206758e-09
2.8480173154587244e-07
9.95331498018529e-09
5.314605010433607e-08
9.961090798876417e-09
3.1670707915543125e-08
9.959601263457561e-09
1.8242944758213028e-08
9.94615409483431e-09
2.804089678578776e-06
0.0
1.1788055381537388e-15
1.8764094853293945e-15
0.0
0.0
0.0
0.0
0.0
0.0
0.0
0.0
0.0
0.0
0.0
0.0
0.0
0.0
0.0
0.0
0.0
0.0
4.261266704357839e-10
7.528695681037863e-11
7.528601607087593e-11
1.505340554896796e-11
3.512833636061284e-11
5.5205915129373946e-11
2.0074447345277195e-11
1.0036890617523784e-10
6.02228259049305e-11
4.014876642084807e-11
8.029612123874679e-11
0.0
0.0003567420828523344
0.0003566951744031828
0.0
3.406416231759104e-08
-6.233688964637777e-10
0.0
0.0
-6.098367112030196e-10
0.0
0.0
0.0
0.0
0.0
0.0
0.0
0.0
1.194778171018728e-06
9.008751514193908e-09
0.0
0.0
9.211273604393775e-09
0.0
0.0
0.0
8.846388355079439e-09
0.0
0.0
0.0
0.0
1.8141346425226828e-07
2.2703725610043335e-09
6.871013240070526e-10
0.0
-4.887482222119139e-10
9.874970473386542e-09
2.6558213079644726e-07
0.0
0.0
0.0
5.678988899108941e-07
3.110273364910689e-06
1.9264428976607075e-09
0.0
1.2741038838004761e-08
1.5113520962871844e-08
0.0
8.391266959284342e-09
0.0
-3.559113288947888e-10
0.0
0.0
0.0
0.0
0.0
0.0
2.073419204749249e-09
0.0
0.0
5.040934910607955e-09
0.0
0.0
0.0
0.0
0.0
0.0
6.694261590717954e-08
0.0
0.0
0.0
9.363122754891709e-09
0.0
0.0
0.0006408629988627826
2.507951557391833e-08
0.0
7.076006721310806e-09
0.0
0.0
0.0
0.0
0.0
7.010652912301095e-10
0.0
8.322438573831591e-09
0.0
-2.834875445500984e-09
7.076301288555124e-09
0.0
0.0
8.653655908958732e-05
9.041134236402443e-09
0.00011231786720779057
0.0004391196004456221
7.583906865481026e-08
1.0469615153897966e-08
1.6047133887190945e-08
1.778631587102552e-10
0.0
2.3654405550267015e-09
2.245691754339443e-09
-4.293415009799795e-09
8.927696749319786e-05
4.19123131234003e-06
-0.00044280504631258083
4.456271569238762e-05
5.313699176345639e-16
-0.0003535182214581485
-0.00017197882173462537
2.421017665711819e-09
0.0
0.0
0.0
0.0
0.0
0.0
0.0
2.4210185547895775e-09
2.015480850897998e-08
0.0
1.7547708186489374e-08
0.0
9.930918072810117e-09
0.0
3.851330691239442e-10
0.0
0.0
0.0
7.804154870755749e-09
0.0
0.0
1.0666141031792743e-08
8.575379066713343e-09
2.998833531408606e-09
0.0
0.0
0.0
0.0
0.0
8.864686813684459e-09
0.0
0.0
5.212703776335756e-09
0.0
-6.663206947310485e-08
-1.5782867251318278e-07
0.0
1.790556050587875e-08
2.546641672856989e-09
2.6448070835914262e-08
0.0
0.0
0.0
0.0
5.58721587337097e-09
0.0
0.0
0.0
0.0
0.0
1.8808853645473112e-08
9.027627358730286e-08
0.0
0.0
2.1968300853711658e-08
0.0
0.0
0.0
0.0
2.1132778341712255e-08
0.0
2.136158240451838e-08
6.49072640418578e-09
2.8492850053261456e-08
0.0
0.0
0.0
0.0
0.0
1.5686759929090246e-08
0.0
0.0
0.0
0.0
1.9227589979642855e-09
0.0
0.0
0.0
9.97660163333058e-09
8.847253432021549e-09
0.0
0.0
5.528350886144609e-07
0.0
9.74669122977709e-09
9.746045748215693e-09
0.0
-0.0007563705464166965
0.0
0.0
0.0
-3.8476688501987155e-09
-3.7167620062401874e-09
0.0
0.0
-2.9063978775667334e-10
0.0
0.00012943908448774343
0.0
1.1064597928178302e-08
8.198507027107545e-05
0.0
2.123457291956729e-08
-1.6519353613292584
-1.0372245640155597e-07
4.119352485145583e-07
0.0
1.8817275538012164e-08
0.0
0.0
8.67537927307058e-09
3.635522248532964e-10
0.0
3.635522229466473e-10
0.0
9.661125983447628e-09
3.908715093213025e-10
-9.835476627584328e-09
0.0
0.0
0.0
0.0
0.0
0.0
-8.510264981435867e-09
3.13447844935382e-06
9.907031350366318e-09
6.321272689283854e-10
3.9998187193862696e-16
0.0
-0.014575862484914662
0.014575881537183824
9.940573300037925e-09
-1.4201146703104476e-08
4.136704436703164e-11
0.0
-9.784507860183256e-09
0.0
0.0
0.0
0.0
9.65944911110795e-09
0.0
0.0
8.927696749371179e-05
9.447759907743603e-09
8.92769674934298e-05
9.447761115475325e-09
0.0
0.0
0.0
0.0
9.659450087411181e-09
0.0
0.0
0.0
0.00019273183552748208
9.841153953661706e-09
0.0
-7.263451502705125e-07
2.3571244417797545e-07
0.0
7.440954161906103e-07
9.964588586288027e-09
-5.22562345148244e-08
2.7352818561423957e-07
3.835883185604938e-08
3.2275813820722463e-08
1.7003091603955134e-09
3.326188595682453e-08
-5.594791017366559e-09
1.6893253483645948e-05
1.58903804845975e-08
0.0
0.0
0.0
5.933026840257643e-09
9.793169689669887e-09
9.793506869979126e-09
0.0
-7.65328570613219e-09
0.0
0.0
0.0
0.0
-0.00011535245678745941
-0.00011534266989274184
0.0
9.819895109462568e-09
0.0
1.3371261098674668e-09
1.337126046038452e-09
0.0
7.959809115572797e-08
7.95980910808727e-08
0.0
5.1636468256867835e-09
0.0
0.0
0.0
0.0
0.0
0.0
0.0
-9.624112871944282e-09
-9.418996922152222e-09
0.0
0.0
0.0
0.0
-5.51421364693394e-09
8.280394037107897e-09
8.280394054160647e-09
0.0
8.280394026342636e-09
0.0
0.0
0.0
0.0
0.0
2.014391249958292e-08
0.0
1.1368685810196885e-08
9.11307212783176e-09
2.950503516056883e-07
4.0566240593730005e-08
0.0
0.0
-6.959398243799875e-08
-3.01101344408215e-08
0.0
9.285854727063473e-10
0.0
2.665257109705048e-09
0.0
2.6652583621902627e-09
2.6652595849669554e-09
0.0
0.0
0.0
0.0
9.596625818444546e-09
9.59662527013008e-09
9.596625249238405e-09
0.0
0.0
5.587695109605318e-10
2.436069086834575e-16
3.4017063822757975e-15
8.742331091464747e-16
0.0
0.0
8.87180668267916e-09
0.0
8.871806680398934e-09
0.0
-9.858240780885423e-09
-1.85278332467953e-08
0.0
0.0
4.066870703560857e-16
5.284877979458621e-16
-1.1195755433845989e-10
3.551345823950681e-08
6.1693796134771966e-09
1.9647341286858927e-08
0.0
0.0
0.0
0.0
0.0
-7.2093636845939335e-09
0.0
0.0
0.0
0.0
-8.871803292009872e-09
0.0
0.0
7.990282020016101e-16
0.0
1.9428928014698584e-08
9.75804794280978e-09
0.0
1.5330103058581286e-15
1.5330103053239926e-15
0.0
0.0
3.5849773971642854e-10
0.0
0.0
0.0
0.0
2.693199113104574e-05
0.0
0.0
0.0
8.459853150364784e-06
0.0
5.318233615979406e-07
-2.3328965004572237e-05
1.182828755178913e-05
0.0
0.0
-8.966303605717485e-05
1.865243940041643e-10
0.0
9.452693007728198e-09
0.0
-9.666233423064052e-09
0.0
0.0
4.092978888554036e-08
5.695756817404226e-09
-0.0001123470039772409
9.506626475290162e-09
-4.971921007276774e-10
9.506626495129483e-09
2.393877980523712e-10
0.0
0.0
0.0
-9.764216685325143e-09
-7.463809199745234e-09
0.0
0.0
0.0
0.0
0.0
0.0
1.2409691137011696e-08
8.337581961633966e-10
9.135180022066196e-09
0.0
0.001151388456619861
0.0
9.0799846786548e-05
0.0
0.0007719312064708448
-0.0007719115461952697
9.82223014034389e-09
9.67627572490211e-09
9.676197749330278e-09
1.1455677885259682e-09
0.0
0.0
2.428777113764516e-08
9.841154208778684e-09
0.0
3.93099019551464e-16
0.0
2.879250490698658e-07
-0.1568208275602978
0.15682114428006771
9.174236317255326e-09
1.5354928343855292e-08
-6.007651210076576e-09
0.0
-3.8835688442873106e-08
-2.7666639088217813e-08
0.0
1.9384114714150157e-08
9.758559835823252e-09
0.0
4.955232734864296e-10
-9.767817206983442e-09
0.0
6.007651129650271e-09
0.0
9.676353870858153e-09
0.0
0.0
0.00019900326795521187
0.0
0.0
3.0143663780928087e-06
3.310461734031595e-06
6.3087782607152575e-06
3.310461734022345e-06
0.0
1.604985088667164e-08
6.970194066947133e-09
-1.0038695695343199e-08
0.0
0.0
2.7744699332039566e-10
7.49954963649969e-18
-7.291354871381435e-10
-7.291354722015645e-10
-2.4444171570193896e-05
0.0
0.0
0.0
0.0
-9.418971776491792e-09
0.0
1.953773492585201e-14
0.0
9.585911308422602e-09
0.0
9.585911289713973e-09
1.869947811777578e-09
0.0
-1.8817276485865852e-08
0.0
-3.1216890756385896e-08
-3.3086838717546655e-08
0.0
2.481938055561588e-08
0.0
9.625341697811884e-09
0.0
0.0
0.0
-5.2823111122831876e-09
1.5408171032149493e-08
0.0
4.293417012024081e-09
0.0
0.0
0.0
0.0
0.0
0.0
0.0
0.0
3.557795933489399e-10
1.1611445507910532e-08
6.02220663709139e-11
9.65113298061165e-09
9.651133005674026e-09
2.1048528469652306e-09
2.1048552985666365e-09
-9.191610331909551e-09
1.5629468121818755e-09
0.0
2.1048590925776267e-09
0.0
-2.2491550106754124e-09
0.0
0.0
2.4819379212291372e-08
2.1048620803619956e-09
2.144989825251901e-09
1.2793649267456264e-08
0.0
0.0
-2.9676294140405625e-10
0.0
2.1249274936221112e-09
2.104866399579221e-09
0.0
0.0
0.0
0.0
0.0
0.0
-5.2198519951029745e-08
-6.168593229458229e-08
2.655821315199082e-07
-2.470212576696624e-08
-1.5291486156470223e-08
2.4645350694224527e-07
5.461914307723935e-09
8.442849351602521e-09
7.74460697059171e-08
-3.327886784811589e-08
2.638568214037519e-09
1.2409690355245357e-08
-3.9586168446801304e-07
2.5610754268635126e-16
0.0
1.007696388297671e-08
9.771183931796875e-09
-4.139743236516164e-07
1.9562454005281383e-14
1.7663384874190628e-08
2.4645350910222185e-07
1.8782290154172472e-05
6.569982004812927e-10
-1.877235778292418e-05
6.548253792571258e-10
1.296471361319616e-08
2.9705975144758156e-08
1.988829221867246e-08
9.95813867108418e-09
0.0
0.00019469559789659415
0.0
7.96974836986222e-09
1.7232162586070697e-09
0.0
0.0
3.0118018378292533e-09
0.0
0.0
0.00011497354052513915
0.00011497309967788164
0.0
-6.6484595606652874e-12
