0
0.0
0.0
0.0
0.0
6.732058684065171e-07
0.0
0.0
0.0
1.918992961358618e-07
0.0
0.0
2.074286633846506e-08
0.0
0.0
0.0
9.789425296703539e-09
0.0
9.76929123527063e-09
0.0
7.924897270584455e-09
0.0
0.0
0.0
9.490190469409197e-09
1.381016492221206e-07
0.0
0.0
0.0
0.0
5.2685885667735795e-11
0.0
0.0
0.0
0.0
0.0
0.0006857083375961865
8.555124325157986e-09
1.4505843100237838e-08
1.1018930181200609e-09
5.711842506498419e-10
0.0
1.7872808579853804e-08
0.0
0.0
0.0
0.0
1.1313844124145365e-08
0.0
0.0
0.0
2.6862364615408438e-20
0.0
0.0
0.0
0.0
0.0
0.0
2.0607127344664098e-10
0.0
0.0
0.0
6.817978366505417e-09
5.723482337892537e-17
0.0
9.768081991059296e-09
0.0
5.144964787159896e-09
0.0
4.3354855961262597e-19
0.0
0.0
0.0
9.70314461638607e-09
0.0
1.7893680045888512e-12
8.20604896114308e-10
5.3760662348440245e-20
0.0
0.0
0.0
2.164460161275931e-08
1.0152860195904341e-10
3.332657531342007e-23
0.0
0.0031766030674132972
4.898002911020254e-13
3.167801027226448e-08
0.0
9.88920284467218e-09
0.0
0.0
2.4804183260385806e-09
0.0
0.0
9.794736190193477e-09
9.637533487653284e-09
0.0
9.513815126858747e-10
1.344852037361952e-07
0.0
0.0
0.0
9.647427576310442e-09
0.0
0.0
0.0
0.0
0.0
2.4063559696197223e-09
0.0
0.0
2.610969899781445e-09
0.0
0.0
1.6502125295032953e-21
0.0
0.0
0.0
2.768037003422715e-10
0.0
0.0
0.0
9.734180905747712e-09
0.0
0.0
6.053638961811644e-10
-1.0455691628052932e-05
1.0376847465146556e-05
9.770514665380813e-09
7.780230161863887e-09
9.82820140478078e-09
0.0
9.065937854865193e-09
0.0
4.717645253813359e-09
9.750611518142135e-09
0.0
0.0
5.426856011030087e-10
1.845571883213203e-09
0.0
1.7361831574825212e-09
0.0
1.3765871588909074e-20
0.0
0.0
0.0
0.0
2.8460100141812462e-09
0.0
0.0
2.8545141617237588e-08
0.0
0.0
4.4620731280839116e-09
9.570759959488611e-09
6.9622349069645665e-09
1.0435506040516884e-09
2.439678320685962e-09
0.0
0.0
5.159173464511819e-16
0.0
-0.0007586920625207716
6.046680189946407e-09
4.831084857090197e-09
1.941817863344747e-08
0.0
0.0
0.0
0.0
0.0
1.1714767424694137e-08
0.0
1.000238340742558e-09
0.0
0.0
9.82078222076796e-09
0.0
0.0
0.0
0.0
2.1286520987145063e-09
0.0
0.0006653427628503649
0.0
0.003177471844330544
7.509994356179029e-10
4.110477972125344e-06
0.0
2.4756202673913847e-08
0.0
8.029385319928997e-09
2.6903084865869493e-20
0.0
0.0
0.0
0.0
0.0
0.0
0.0
0.0
6.975168794462578e-09
0.0
9.661255728331126e-09
0.0
0.0
0.0
0.0
0.0
4.038708446358833e-07
0.0
0.0
9.836538906621557e-09
0.0
8.65408487659902e-09
7.0026512103230564e-09
0.0
0.0
0.0
0.0
9.009668353929676e-09
0.0
0.0
0.0
9.378780679406151e-09
9.693082658380817e-09
0.0
0.0
5.102969701677826e-09
0.0
0.0
1.6921042350495977e-10
4.160547061307601e-21
0.0
9.734057144320843e-09
1.348450168935306e-11
8.30847971590841e-09
2.67135883116258e-12
8.776915924486154e-09
2.239686798276121e-08
0.0
0.0
1.9031722757745229e-06
6.297432271696246e-12
0.0
0.0
0.0
0.0
2.793480284105497e-20
0.0
-0.003169189246797571
4.3645628521601614e-24
0.0
0.0
0.0
0.0
0.0
0.0
2.3230380010888043e-10
0.0
0.0
4.1117339456830937e-07
0.0
9.325212895601655e-09
8.388006792244093e-10
5.018328943555901e-09
0.0
0.0
0.0
0.0
0.0
0.0
0.0
9.83549605981909e-09
0.0
3.2712981197130744e-10
4.968878396642417e-07
0.0
1.1742772628146661e-20
0.0
0.0
9.434520920169399e-09
-2.370737591756616e-10
1.2969603032079662e-09
0.0
8.643387629406897e-09
9.642693310496497e-09
6.604486136912742e-17
0.0
-4.252948594750004e-06
0.0
4.846593413713467e-08
6.365808143557699e-09
9.697435681395021e-09
0.0
3.0675640546715697e-09
9.386204177826174e-09
0.0
0.0
0.0
0.0
5.21847669306269e-09
0.0
7.751199131154252e-09
0.0
0.0
0.0
9.637533487054288e-09
0.0
9.763579899012824e-09
1.1297778447927551e-20
1.0658141036401503e-14
6.941594036896429e-09
1.0976495196461082e-07
0.0
0.0
0.0
4.671587748107697e-09
0.0
0.0
0.0
0.0
0.0
0.0
0.0
0.0
0.0
0.0
0.0
0.0
6.647289550667113e-12
2.3631662327908615e-07
2.7501120035525497e-07
4.176084676871843e-08
3.45957649079228e-08
0.0
0.0
0.0
-1.918992961232363e-07
-1.918992961104766e-07
0.0
1.694130188442818e-10
9.36800097776597e-09
4.724572314769942e-09
5.721556220951036e-10
9.946558737782864e-09
5.673021566726772e-10
-9.789425296541539e-09
9.896312305927259e-09
4.87293791849585e-10
0.0
9.946558965800116e-09
9.982297712636877e-09
9.977380390792308e-09
-3.619590801458118e-10
1.0121720269885301e-07
1.8259871671263853e-06
8.446982259896403e-08
5.7347261285429375e-09
5.042036063792339e-07
0.0
0.0
1.0778619585794181e-06
3.112389546720114e-07
1.9107672834858183e-07
0.0
1.2938552628782443e-06
3.4655258489646504e-07
1.7846311484874987e-08
1.07970185892186e-06
1.747851713112468e-08
1.9189794687169058e-07
0.0
2.1402238787543284e-08
3.5981504391863054e-07
1.2686099219987215e-08
1.5000028412176818e-07
0.0
1.4455583395998329e-08
4.063708962264519e-07
5.4361473457897086e-08
1.1502540118703663e-07
1.4949031595406374e-06
0.0
0.0
2.464326906731657e-08
4.0053864930459123e-07
0.0
1.1243146823602705e-07
8.656871479361135e-07
1.0185510511447323e-08
0.0
0.0
0.0
5.551318680472407e-07
0.0
1.3810164925406727e-07
5.711101498470363e-10
5.317634374062273e-10
5.701859616487062e-10
5.764405065133676e-09
1.8007825649625347e-09
3.735823026552676e-10
1.7240862254790294e-06
3.7358955253637343e-10
1.608832954624005e-08
0.0
0.0
1.98685283660162e-08
0.0
0.0
0.0
0.0
4.638643560508107e-09
-1.2848137095566576e-07
1.3810164923182312e-07
1.0257093393578508e-16
0.0
1.988793146912979e-08
1.9963536203540945e-08
1.9957682530154478e-08
0.0
0.0
3.7358048861130337e-10
1.718343762671052e-06
3.735877412883875e-10
1.608832773708664e-08
0.0
-5.877659701047433e-10
1.986852655684302e-08
-3.4570061784987977e-09
-3.4569988786401092e-09
-3.4569915849207156e-09
5.764401425329608e-09
1.8007789362084335e-09
3.7357867363424784e-10
1.7183437608616106e-06
3.7358592891784496e-10
1.608832592760438e-08
0.0
0.0
1.9868524747939418e-08
0.0
0.0
9.622606042807207e-09
2.1973886192004543e-09
5.271141813511206e-10
9.78910261450203e-09
7.924897270326492e-09
0.0
0.0
2.0833481737767993e-08
0.0
9.939890675673655e-09
5.513100682556744e-10
-2.5247930320907114e-09
0.0
0.0
0.0
9.247346990965723e-09
0.0
2.8359863394299134e-09
1.1582936053442987e-05
6.275285822915098e-08
3.266970231707067e-06
3.82180616917094e-05
1.4449760883753506e-06
1.972612962012026e-07
2.292294216310664e-05
0.0
2.294210689379408e-07
5.74935667282539e-07
1.1625563836546932e-09
9.368001219702261e-09
0.0
0.0
1.6976989094973462e-07
5.169650091414902e-10
2.8787249627694335e-07
4.751272089620189e-10
0.0
2.7250983339680013e-08
1.1357124922797834e-08
1.979303926702296e-08
5.083300488872844e-09
-9.740721172637069e-10
-1.7204259174273887e-06
-1.8262417324915736e-08
2.196732442678222e-08
0.0
0.0
0.0010933281554196712
-5.051329288012726e-09
-5.051329287978907e-09
3.228953531688685e-17
0.0
1.6960731111377118e-06
0.0001397407413078187
1.101893067941457e-09
0.0
0.0
0.0
-8.3965894154332e-09
5.863208229954204e-07
1.172610688596278e-09
0.0
0.0
1.041783152990284e-05
1.0417831529828052e-05
0.0
-0.0001263758148331653
3.7699258528409707e-07
5.862755548201435e-07
1.1675853073925099e-09
2.3283643564950976e-09
0.0
9.802887240046752e-09
9.802887196940999e-09
9.890156747407696e-09
4.812192378096857e-10
9.890156845562973e-09
-1.8695860578427093e-08
-2.7377655408546804e-09
-1.9793040819185426e-08
-5.0833020397156314e-09
0.0
1.7216911129746756e-06
4.4910666819556605e-08
-6.606232077507559e-10
6.424678019001069e-10
5.254952559625219e-07
0.0
0.0
1.7380131281525148e-14
0.00013249087293868062
0.00013248106843365902
-5.158172680282581e-07
5.394923745495891e-08
2.907572454149594e-06
0.0
3.2766596065473164e-06
2.96929329913907e-05
1.4437082046436818e-07
7.35917344183942e-07
1.7295148946390765e-15
1.8692034934548852e-05
-1.1313844076009383e-08
1.131384402789191e-08
-0.0007572057560540912
7.149741845886798e-05
-0.0006857083375961863
1.871464001487393e-05
0.0
0.0
1.794355758471228e-07
9.978036095368561e-09
9.978035726956663e-09
0.0004072828440695453
0.0
0.0
0.0
0.0
0.0
0.0
8.47709468819274
-8.477094648266966
9.981921182670564e-09
0.0
0.0
9.925333571205467e-09
9.925926292383988e-09
4.960854505555372e-07
0.0008877598420986918
4.243143353828471e-06
1.9466245156370837e-05
4.057635251442121e-08
1.9475067844130388e-05
1.1946281221494032e-06
2.867929879457367e-07
8.843262197212538e-10
2.880335881092036e-07
5.836910109244864e-07
0.0
0.0
0.0
3.338315074255245e-07
6.974695521440566e-09
0.0
2.8146438403758825e-07
2.282887151867466e-08
0.0
2.1892973544318537e-09
5.481285613702482e-10
7.057087369698464e-06
2.0961145699250434e-06
4.5062848483759815e-08
0.0
1.8570341097634743e-06
4.956619447951414e-08
7.360487674607848e-07
-1.041783152997734e-05
2.6859046840271455e-20
6.732058516592022e-07
4.418750254587957e-08
5.013718530086965e-08
-4.0576351682559254e-08
0.000118566633106231
0.0
0.0
2.024537809102518e-09
2.7062749944131186e-07
2.9737647629199566e-07
5.259022154134025e-10
2.119653590442931e-08
-5.0138762900612394e-08
0.0
-0.0006409049688684831
0.0006410342915548626
0.0
0.0
0.0
-3.1346856432149153
3.1346856701189196
0.0
0.0
8.762454249764805e-09
2.1725864428711723e-10
0.0
0.0
0.0
0.0
0.0
0.0
3.079826712914175e-07
3.079826710126055e-07
9.959398350541413e-09
9.959398066058622e-09
0.0
0.0
0.0
8.698330932299104e-09
0.0
1.0294439180892792e-08
1.029443920081833e-08
0.0
2.848063421547167e-07
1.0201941189403092e-08
0.0
0.0
6.3851197445509286e-09
2.8885471357068626e-08
6.382939627378207e-09
2.783421982633051e-09
9.890156943297793e-09
-2.948982215528323e-10
5.121269769536624e-12
0.0
2.0542881181606827e-09
8.386475642750706e-08
9.911402033681894e-09
5.70198531896274e-10
9.949856025430828e-09
5.764726674797434e-07
0.0
0.0
5.74935667074951e-07
0.0
0.0
0.0
8.502688972907716e-16
3.9734706152438626e-16
3.014239716283715e-08
2.060434593317976e-06
7.010120459841359e-10
2.3004771832570594e-09
1.839611347036607e-06
5.5926955702948895e-08
7.431702587592624e-07
2.380684027643804e-08
8.471378608152477e-07
0.0
3.274359129348346e-06
2.785332164433696e-05
8.844386474549727e-08
0.0
0.0
0.0
-6.817978332325199e-09
3.907838374721846e-08
0.0
0.0
4.4034021282323327e-08
5.380210327336514e-08
4.403402128238174e-08
4.403402128230576e-08
4.403402128232109e-08
0.0
0.0
2.98400112880289e-07
9.577921779746479e-06
9.883139870974624e-06
0.0
-2.7191661028808925e-10
0.0
0.0
8.76133788313984e-07
3.7745479599185505e-07
3.774547957116929e-07
0.0
4.067336135994571e-06
4.933241069676365e-06
5.571276144369729e-10
-3.2746469600967516e-07
0.0
0.0
0.0
0.0
3.859216092526645e-06
5.644195914784068e-08
3.779321090305874e-06
0.0
1.6896137843501242e-06
-5.538916759472508e-06
9.913117297137191e-09
4.414599330408983e-19
-4.336808689942018e-19
0.0
0.0
3.371255029929743e-07
0.0
0.0
0.0
1.9787276098442317e-08
5.510269901721139e-06
-2.569242173593167e-05
0.0
0.0
3.683062516694537e-08
0.0
0.002596231860551673
-0.0025923721302973618
9.87041190045111e-09
3.3413426152032894e-19
4.128206423556905e-07
-0.0010748933313406179
0.0
4.120087864262702e-08
0.0
0.009703578039139904
1.5453010773027376e-09
0.0
4.0397383969219074e-10
1.131079358457935e-08
0.0
0.0
0.0
4.243143356409254e-06
9.613631349967024e-09
0.0
9.651616731350821e-09
2.458774230123364e-10
0.0
0.0
0.0
-9.70314461638619e-09
0.0
0.0
0.0
0.0
0.0
6.380351242449529
-1.0152931086463389e-10
2.074286642172521e-08
0.0
-6.380351242348002
0.0
0.0
0.0
0.0
0.0
-8.215014497509979e-10
1.3810164921962484e-07
3.7551867316729104e-07
0.0
0.0
1.7485354215018678e-05
0.0
-5.082197683525802e-20
1.7481324499914848e-05
2.09244018326901e-06
2.3537961677873766e-09
0.0
0.0015187607295798547
5.743630949824805e-06
1.54414382512269e-05
0.0004898913871006053
0.0
0.0
1.7169985240168432e-09
3.4721034474018206e-14
3.480958268041576e-14
3.473097377603594e-14
3.480326199683225e-14
8.386475620553232e-08
5.201832150445996e-10
0.0
2.8965648634948996e-08
7.566923014367495e-09
1.1714767424404582e-08
7.786721315533124e-08
6.156875217326438e-08
2.867515279446304e-11
9.848155023805826e-09
4.3977197779907045e-10
0.0
0.0005663922869134572
4.145324116032261e-08
1.9808639559186326e-08
-1.2150083277014948e-08
0.0
1.754812910985561e-08
1.7669229332992972e-07
3.117183547381997e-08
4.890748034836142e-08
5.234209064427501e-07
7.447655498946586e-08
2.344516664265323e-08
8.073739420884605e-09
1.766922933960847e-07
3.117183553503198e-08
4.8878052522072224e-08
5.233980159397272e-07
7.447655505197104e-08
2.3433371560788e-08
0.0
-1.0152860195904341e-10
7.028541805561813e-09
9.946163970156344e-09
7.995258765748745e-08
7.995258765748696e-08
-0.0031765932261569613
-0.0031765660756471366
0.0
5.670449355621769e-08
-4.898002911020254e-13
4.865965530379656e-08
0.0
0.0
5.707215932383914e-09
2.2011344087017817e-08
1.656966031457073e-08
2.1381162296657965e-06
0.0
4.289815279006018e-06
4.289815279005997e-06
4.2898152790060224e-06
4.299704481850661e-06
4.2898152790059886e-06
0.0
0.0
0.0
0.0
0.0
0.0
2.480417771351384e-09
2.7841919318293697e-09
0.0
0.0
6.795089346528201e-06
0.0
0.0
2.5064241446908647e-07
-7.048733843717514e-06
5.160262774648863e-16
6.800571846150486e-06
2.4804172795572788e-09
0.000698924345483041
8.269695553301852e-09
9.919233160333972e-09
5.09913763874681e-10
1.2219298854219475e-08
1.277426529742858e-07
-1.277426529633439e-07
-1.2651970640011263e-09
-2.6648251011222868e-08
1.3129380520042069e-08
0.0
2.4452272640811003e-09
0.0
3.5990961110805156e-08
-9.794736190193477e-09
3.5977133976935096e-08
6.154100090990303e-09
6.470480509299962e-09
4.90390058261341e-19
0.0
-2.3198532783096043e-10
9.868729163474131e-09
9.868729097341758e-09
9.868729031208999e-09
0.0
0.0
0.0
-9.513811960459861e-10
7.686207551429932e-08
6.609216917090932e-17
0.0
0.0
1.518268857934699e-07
1.0197395288457504e-08
-1.2486627589219528e-07
0.0
9.943579966602132e-06
0.0010355890760978012
0.005282012723228071
4.5748452908260776e-08
0.0
0.0
0.0
4.830711830550172e-08
9.938649571564721e-09
0.002036334711240899
2.8150457702456454e-09
0.0
0.0
0.0
0.0
-3.597982527847642e-06
1.996036842509185e-08
5.702103031900385e-10
4.1451200535011844e-06
2.778608477381971e-06
3.452134063403871e-06
3.2919165276951215e-06
2.0120377377162836e-06
3.0382481516386075e-05
1.5073881148631239e-06
6.305295078145098e-07
9.886563734026223e-09
5.69928815810129e-10
9.896312437423896e-09
1.2914766169724635e-09
-9.380442546087498e-09
0.0
-2.0742866380270286e-08
3.4690984962733574e-06
4.589689754182338e-07
0.0
0.0015187975322875633
7.600802450226124e-06
1.54995879585371e-05
0.0004905250914734498
6.988169645198077e-07
0.0
0.0
9.84815522688146e-09
-2.4174419005401007e-10
4.1899439031409773e-10
0.0
1.3641178281666483e-08
1.9661345075199367e-08
4.2604815170330604e-10
9.85562640906175e-09
0.0
6.626262294525049e-09
6.626262292729339e-09
0.0
5.670999793465435e-07
-9.570759844368393e-09
-1.204787803699062e-05
9.976556627134712e-09
1.995275831566648e-08
5.661383535001959e-10
2.1726125197058285e-10
3.769925852597682e-07
0.0
0.0
0.0
0.0
-7.266346993659874e-09
0.0
4.812781041075518e-10
0.0
0.0
0.0
0.0
-9.36873228936418e-09
0.0
0.0
1.0207485812759182e-11
1.0210232989577004e-11
1.0209260086073869e-11
-1.5599451893287856e-11
0.0
9.650265348599136e-09
0.0
0.0
8.990102867006966e-09
0.0
0.0
0.0
6.732058683767365e-07
0.0
0.0
0.0
5.670999794348286e-07
7.02121399136906e-08
5.672205401093917e-10
1.995172008040998e-08
5.643826940795392e-10
0.0
9.125309514952176e-09
0.0
1.6862409799499637e-10
8.833070717353432e-09
5.19300933131211e-12
9.470958026069005e-09
0.0
0.0
1.0008402492968477e-08
2.610970106786681e-09
0.0
0.0
0.0
0.0
5.1553630713043127e-17
0.0
5.094398505607644e-05
5.094398505607646e-05
0.0
0.0
1.6542006533127143e-05
9.57470429924973e-09
0.0
0.0
9.982407786242038e-09
0.0
0.0
0.0
-1.296960277185049e-09
6.237293244101267e-09
0.0006436085875945282
0.0
2.839879843354913e-11
0.0
3.246227088901284e-06
3.712559803917097e-08
1.914801824890307e-08
9.7169408256714e-09
0.0
1.7176789971162477e-09
0.0
0.0
-1.875074494849286e-09
1.5017117936461877e-08
0.0
1.1533110658216118e-08
0.0
1.0092760743970592e-08
0.0
1.733633582609711e-06
0.0
1.0092767979406611e-08
0.0
2.581902131115282e-08
0.0
1.6425507021138583e-09
0.0
0.0
0.0
2.8933604753112077e-08
0.0
0.0
6.3992170531547896e-09
6.240620685343313e-09
0.0
0.0
5.965414539349525e-09
2.768038656875368e-10
2.768041962666125e-10
2.9189705188903013e-10
2.8686627313674e-10
2.8183529018576774e-10
1.157526148537628e-09
1.8695860054540603e-08
1.1357125963198239e-08
1.979304030223783e-08
5.083301522768036e-09
-9.740710842087719e-10
-1.720425916416099e-06
-1.826241631443931e-08
-2.1967323416055074e-08
4.542934298803009e-05
4.543829248269008e-05
1.2764498894275665e-08
1.2764498842696894e-08
0.0
0.0
0.0
0.0
0.0007562553291798335
0.0
6.3457710815552695e-09
0.0
0.0
1.5461793441112056e-06
0.0
9.644125250078597e-09
0.0
-3.273206217111154e-10
0.0
0.0
-2.912244402637467e-06
8.579303459311118e-06
6.146279439798916e-09
0.0
0.0
7.055653109831121e-06
8.245730272769473e-06
0.0
3.063733704970164e-08
6.629606336607308e-06
2.014706298734422e-07
0.0
1.6654362947887853e-05
3.727729416700479e-07
2.247076120426473e-07
3.488943140264912e-07
1.905877774642699e-06
5.991382916185313e-07
1.7052209878700307e-06
0.00025659673988510077
1.90578963434377e-08
0.0
1.4934911100522563e-05
2.0762016368145667e-06
2.2344241447325546e-07
3.7183765591408984e-07
1.8792295231262966e-06
5.984776679057994e-07
1.7278489334827928e-06
0.00025661480738590277
4.34815549607333e-09
1.7217597781568923e-06
0.0
0.0
0.0
0.0
0.0
1.8599610742686679e-06
9.800379391633474e-07
5.171256315467825e-07
0.0
0.0
-1.7361831056622633e-09
0.0
0.0
5.3392792299599306e-08
0.0
0.0
0.0
0.0
0.0
6.305185644631925e-05
0.0
0.00011773211886326193
1.0455691628052932e-05
4.3780625047153085e-05
0.0
0.0
0.0
0.0
0.0
1.703659736427847e-08
0.0
0.0
0.0
0.0
0.0
9.71089578057773e-09
0.0
1.0246491284910197e-07
0.0
-2.1370941329479365e-05
0.0
3.115810628584992e-08
0.0
2.303586452996957e-08
2.3035864529947786e-08
2.3035864529966825e-08
3.210180238479333e-08
2.3035864529927186e-08
0.0
0.0
5.9443559819428614e-08
8.691906840272757e-08
9.163671365660493e-08
8.190577184389523e-08
8.69190684027509e-08
8.190577184389282e-08
3.2634128578983732e-06
0.0
0.0
6.487626531173121e-06
6.48762653117306e-06
6.487626531173066e-06
6.497377142691194e-06
6.487626531173052e-06
5.34111457186151e-06
8.390239009020196e-08
3.229923483502909e-08
2.3240325103803575e-07
0.0
0.0
0.0019445593094363828
2.1326999485282456e-08
0.0
2.5871332979648385e-16
0.0
2.1000787256529123e-06
0.0
3.163024973176482e-08
0.0
7.360569915777315e-08
6.3311456475372615e-09
1.1395235699768581e-07
6.62987460601601e-05
0.006114287919250134
8.633955710008368e-09
0.0
0.0
6.021958096000493e-09
0.0
0.0
0.0
2.999557876821185e-09
0.0
8.633955652642286e-09
0.0
6.77896068443943e-08
0.0
0.0
0.0
0.00015806646274021952
1.9602207649928217e-08
0.0
3.991872354303747e-10
1.7501450462637635e-07
1.8464897185184494e-07
1.1314228204937377e-06
0.0
6.869776139295762e-09
0.0
-9.458329743413296e-09
1.658357857864618e-08
0.0
7.0269449725508955e-06
3.567997662322724e-08
4.43618364527617e-08
0.0
1.7422762745279548e-08
0.0
0.0
0.0
0.0
-2.9018894333601993e-06
0.0
6.707864117166172e-08
7.416769844007843e-10
0.0
4.994540389069812e-10
0.0
8.983167387731732e-09
0.0
0.0
1.9075092619345184e-08
4.1948402943302326e-10
0.0
3.9546014629815226e-05
2.9653678355513186e-05
3.381324746296921e-07
0.00215170736830798
5.004522976624635e-06
6.153380901572598e-09
0.0
9.677579522255072e-09
0.0
4.780802155067412e-10
0.0
0.0
0.0
0.0
-6.962234906974195e-09
0.0
-1.661298678234963e-10
0.0
-4.256541924895283e-09
0.0
9.886975754458432e-09
0.0
5.707215308714672e-09
0.0
0.0
0.0
0.0
5.710681414493715e-09
0.0
0.0
-1.9026513416098056e-08
9.063213709077753e-09
0.0
9.44907118067819e-09
4.613898153685033e-11
0.0007580340968936228
4.758078731015303e-08
0.0
-5.159707683295573e-16
0.0
0.0
1.085433448009845e-06
1.9824369969174103e-05
3.536234288635515e-06
7.290106442531108e-06
0.0
2.5641488788182387e-07
1.6737350841187942e-07
1.6737350855962465e-07
1.673735082645455e-07
1.6737350805198203e-07
0.0
1.4072227706076064e-07
1.578722451230606e-05
4.424325188039233e-05
-5.421010862427522e-17
7.791820799922696e-08
7.187152784842359e-08
-6.04668017041324e-09
0.003651652147181469
0.0
0.0
0.0
-4.831084865486446e-09
0.0
0.003651645841703828
5.707215888392469e-09
5.707215069816764e-09
5.70721517171103e-09
9.461207953317865e-09
0.0
-9.933857223505967e-09
9.000445885168575e-08
0.0007566910495617989
1.8022250761865486e-06
0.000758700596865225
0.0
4.424801612280825e-05
0.0036516458417033457
0.0001395013393873898
0.0
1.9691398706159005e-08
5.185141929220982e-10
0.0
2.9653678355439253e-05
2.683357340559333e-07
4.400329177720308e-08
0.0
-0.0005668048358032246
0.0
0.0
4.0575506366771725e-08
9.18597109489383e-09
0.00010190905958791872
0.0
0.0
1.3538777387649432e-09
-1.9748544238112897e-07
0.0
9.901585362576511e-09
4.895799729299148e-09
0.0
1.1019234674031209e-09
0.0010754261300173283
0.0
0.0
-1.1714767424620288e-08
1.658357857918882e-08
7.669529863958201e-09
6.83852723374897e-08
6.906604135824522e-06
9.661526286809246e-09
0.0
0.0
2.913923841183839e-06
0.0
0.0
0.0
7.77420172563313e-06
5.649901259505447e-06
-0.39194432198979157
0.3919443121690094
-9.820782216965473e-09
4.0491000287807065e-06
7.029713813174181e-06
2.325791505846392e-06
9.64620371611625e-09
-2.066992978550205e-06
8.379966894620086e-09
1.239887389673809e-07
1.080281588145158e-08
0.0
0.0
-4.039289261324196
4.039289279626
9.722685603613793e-09
0.0
2.282887116707156e-08
2.2828871216082854e-08
2.2828871208000555e-08
2.1693311665022406e-08
3.725197627615613e-05
9.981233617395446e-09
0.0021063485168491877
7.944102378307988e-08
0.0
8.367712888342169e-16
0.0
1.245733930096336e-08
1.54640489034423e-06
0.0
1.9075092715112605e-08
0.0
8.472247932926589e-07
1.1706625703842362e-06
0.0
4.569814508169844e-09
1.677087440496379e-10
4.83153915450541e-06
0.0
3.9918838254154866e-08
9.979921294749061e-09
1.1544424245585644e-05
1.1544424245370657e-05
5.722641014317867e-10
4.821637585161018e-06
0.0
7.393511730030486e-08
3.448905535224746e-08
0.0
5.548623850724372e-10
4.40032919572578e-08
0.0
0.0
0.0
7.2811967541277535e-06
2.9040655463813478e-08
0.0
0.0
3.727588913178826e-05
0.0027572264214016443
9.258247242395056e-08
9.974384076468596e-09
-7.301577810272133e-08
0.0
0.0
1.0244776997717177e-08
0.0
-0.0031774566733174794
-0.00319786000155875
0.0
4.110477972125569e-06
-4.10769544527628e-06
9.63999742086951e-09
1.0028029391898959e-08
9.215207075989857e-09
1.1357125443214877e-08
1.0306889367468095e-08
5.08330100582044e-09
-9.740716011563677e-10
-1.7204259169208494e-06
-1.8262416819243843e-08
-2.196732392114421e-08
9.622605513876707e-09
2.8674422343180518e-11
-8.668093804294816e-11
-9.490190469411963e-09
1.7514344174858476e-06
6.828229455392768e-07
0.0
0.0
0.0
0.0
5.707218574749291e-09
5.707217770978602e-09
5.707219092088013e-09
5.7072188958135865e-09
5.707218235256372e-09
5.707215614400003e-09
0.0
1.6968594309644484e-05
2.0486763726237322e-05
0.0
-0.0002566063714736339
0.0
9.896447540297492e-09
0.0
0.0
0.0
0.0
7.72900547389459e-09
0.0
0.0
0.0
0.0
0.0
5.166491700797608e-14
0.0
9.71489654780916e-09
0.0
0.0
0.0
4.638643560407607e-09
4.638643560373726e-09
-0.00038766709065196636
0.0
0.0003876756250447195
-3.4650594485374775e-07
3.6481232650093334e-07
0.0
0.0
0.0
8.435912274284973e-09
0.0
2.1092844322465226e-05
0.0
0.0
3.880500587745681e-08
4.98189605364409e-07
9.970859667595127e-09
9.970859970114638e-09
-0.0006653739129713898
0.0
8.7787712268084e-10
3.0127359416136323e-09
0.0
3.0127364652920596e-09
3.0127369119275907e-09
0.00011851957288434993
-0.028988379774544933
0.02898837251841101
0.0
1.3971300036976052e-05
0.0
-7.985082259093902e-08
1.0048655753584907e-07
7.622181624582225e-09
7.622181590280779e-09
0.0
0.0
0.0
3.8583285592817337e-10
1.581700132178736e-20
0.0
1.3670480740089145e-08
0.0
-3.4635443018489966e-08
2.193928669536223e-07
5.656809534279292e-10
0.0
0.0
0.0
7.415824522293596e-09
0.0
0.0
0.0
3.5141393278314403e-06
-3.4941909206054333e-06
9.972669229586768e-09
-8.663990642474961e-09
0.0
3.9499137565174334e-07
-3.9499137568371756e-07
-3.949913757166773e-07
3.94991375748101e-07
0.0
-2.5538369350207406e-10
0.0
0.0
-3.673272880689028e-07
-9.79348863464069e-09
0.0
5.304551232339636e-09
2.835986533012114e-09
2.8359864803332817e-09
2.8359863965635873e-09
0.0
6.862564178629588e-08
0.00016533413110831022
0.00016540656402768848
-3.8072775921521584e-09
2.6208218307064954e-07
0.0
0.0
5.886977856570433e-09
0.0
1.9575755082081325e-08
0.0
1.125524103570688e-08
5.845618271734494e-10
9.941294768983497e-09
9.926764272318337e-09
9.926764372312777e-09
1.8160485688321322e-07
2.3853462112336785e-07
3.1123300376727634e-08
2.468085679560698e-07
1.8160485689676895e-07
0.0
0.0
9.850044843304467e-09
1.0115028814539073e-08
7.219418089051105e-07
5.734580976760844e-09
3.949913755652884e-07
0.0
4.6297567380545655e-06
-5.033627582672588e-06
-4.038708446282613e-07
1.239887386578274e-07
0.0
0.0
2.4756202679407895e-08
0.0
0.0
7.0572796791248744e-09
1.495976490104078e-08
1.872905151891192e-08
9.836508789740007e-09
0.0
-4.2830998384646606e-10
0.0
5.5967599829511894e-06
0.0
0.0
2.436204388668888e-10
1.982950133043918e-08
7.329886390558628e-08
1.26132445337461e-07
0.0
0.0
0.0
0.0
6.8377459049125105e-09
3.743786321567014e-09
0.0
1.2087627578844126e-06
0.0
0.0
0.0
0.0
0.0
0.0
1.0121720268337511e-07
1.8259871671100286e-06
8.446982258376755e-08
5.734726112896822e-09
5.042036063616177e-07
0.0
0.0
6.12266174379914e-09
7.332174070512689e-09
6.311725237258224e-10
0.0
9.718719312179415e-09
0.0
9.678653808902247e-09
0.0
0.0
0.0
9.856617451346178e-09
0.0
3.8028316958044766e-09
0.0
0.0
2.864282635300597e-07
0.0
1.0689574020254245e-08
1.2627343048365254e-06
0.0
0.0
1.6584471459899513e-07
1.280973933516259e-08
0.0
0.0
7.390022821501565e-08
0.0
6.388946653532619e-07
-8.286034184228332e-09
2.074286690242377e-08
6.241871062249911e-17
6.666459471635955e-08
0.00020373544901650798
0.00020381619037719667
6.666100560437371e-09
0.0
0.0
0.0
0.0
0.0
0.0
0.0
0.0
-7.0026512106330374e-09
1.4242705408604617e-05
0.0
5.244780375016209e-09
9.888208565463035e-09
9.901378212441429e-09
9.901377999472428e-09
0.0
0.0
7.777706768491032e-09
7.77770662177046e-09
8.84299506330926e-09
0.0
8.842994815115733e-09
4.461218235100665e-07
3.2392756464481825e-06
3.676353156957357e-06
0.0
2.3360604255917916e-05
0.0
9.568557491196681e-09
9.568557436678577e-09
6.173843782386677e-09
0.0
-9.378780679349187e-09
0.0
1.1224200175576138e-09
0.0
1.2104656356269634e-05
1.2104656356287739e-05
1.210465635625859e-05
1.7057249475170675e-06
0.0
3.2301779452421777e-07
0.0
0.0
3.397673856888942e-08
0.0
0.0
0.0
0.0
2.5888307849623947e-08
2.877798589145816e-07
1.4061283844429174e-09
0.0
0.0008133275291461253
2.112654059660111e-08
6.952794219374522e-07
0.0
3.279097908278325e-07
1.7162032997389635e-09
1.7166153637903912e-09
5.8147027427173716e-05
5.81567205098292e-05
-2.867779549989765e-10
9.651635045896572e-09
9.651633902964913e-09
1.7173529964487178e-09
6.525871581821589e-07
1.073366201737554e-19
1.0672615135404184e-19
0.0
0.0
0.0
1.484416665071992e-09
1.4844167435502063e-09
1.1604908805989468e-11
0.0
0.0
0.0
4.975386323411664e-16
0.0
-5.102969848980524e-09
-1.751986484777035e-06
-1.6921042350495977e-10
1.760576705489944e-06
0.0
0.0
4.5077201803094456e-20
1.2104656356278821e-05
0.0
0.0
9.82117880785966e-09
2.87773811511149e-07
0.0
0.0
0.0
0.0
0.0
0.0
2.328219937542018e-08
2.2763531443096733e-08
0.0
1.393163361549849e-06
0.0
2.7499377666019245e-08
2.689231145569127e-07
0.0
0.0
4.036291929984323e-08
-1.3496651080045202e-06
1.5846564386699184e-08
1.2110534981042442e-05
0.0
-9.734057157539944e-09
1.2110534980515555e-05
0.00025372762179961167
0.00016688653575609578
6.623937570085918e-07
0.0
0.0
0.0
8.684107255901417e-05
-1.3484501709681851e-11
0.0
0.0
0.0
5.707217288279276e-09
0.0
-2.6713588316853583e-12
0.0
0.0
0.0
0.0
-0.0006420439701578622
0.0
2.8705950191063694e-07
0.0
0.0
0.0
1.3810164924154862e-07
0.0
-8.776915924515322e-09
0.0
1.585132286749391e-07
1.585132277139023e-07
0.0
6.732058683966346e-07
2.0378310237781754e-17
-1.2899231105285128e-08
-1.289923110519163e-08
9.892336274228445e-06
9.199591017425746e-11
9.199594330511164e-11
0.0
0.0
0.0
0.0
0.006111967216036795
3.101136264477844e-08
0.0
1.0721076386569914e-05
4.960854500726419e-07
0.0
6.84206490592024e-05
0.0
1.0721085324155645e-05
4.5862813378210377e-07
0.00016815664936271646
4.771704248455154e-07
5.52074418345783e-07
6.133061053990392e-05
1.1855798621547113
0.0
2.3887289848946057e-05
1.096568126516495e-06
0.002036325396483617
0.000643615457367731
8.78252264472936e-08
8.383650468399458e-09
2.4359729744010935e-09
0.0
-1.9031722731654988e-06
1.9316553515158918e-06
0.0
0.0
2.4624775724658747e-09
-6.297432271696246e-12
7.372154600925908e-09
0.0
2.834011381670628e-08
0.0
0.0
1.895323251584195e-08
0.0
9.619523184956069e-09
4.770790234940312e-07
4.4895523230711523e-07
0.0
0.0
1.5912749260496216e-08
4.779128613110137e-10
0.0
0.0
0.0
0.0
2.082780557814913e-08
4.700474731034239e-10
0.0
0.0
0.00028018141363544264
0.00028018141363544264
1.5651111434853187e-10
9.561006302644115e-09
3.2505634902486768e-06
1.016114277615252e-06
9.971101703092314e-09
1.445732013440505e-06
9.975737790613117e-09
6.988169655976606e-07
9.977297641036933e-09
9.431077263079334e-09
0.0028769212262358262
1.7839664470095466e-08
0.0
9.827098192632538e-09
0.0
9.946164198532596e-09
8.653234862745087e-07
4.7536573903682054e-09
3.614462189918687e-06
9.980041617434195e-09
0.0009022864204438567
9.980314881936511e-09
1.2059095585829034e-05
9.976557045578818e-09
0.0027823054866386427
9.981234010677368e-09
2.857133444295729e-07
3.5599252569051928e-09
0.0
0.0
0.0
0.0
0.0
1.1217548419873936e-08
6.988169652381663e-07
2.9040656169190826e-08
1.1266332574624317e-07
0.0
0.0
1.6479661645681196e-08
6.509025479469346e-08
0.0006436090970938573
0.0
0.0
6.742286885432884e-08
0.0
0.0
3.956172683461373e-09
0.0
0.0
0.0
0.0
0.0
0.0
0.0
0.0
0.0
0.0
0.0
0.0
0.0031691892467979876
0.003163844935999087
1.3385435114425128e-07
4.285388253004664e-09
3.774547955061325e-07
9.024418963508743e-09
2.273493071769752e-09
0.0
4.253750197591362e-11
0.0
0.0
0.0
0.0
-1.8750743400633324e-09
1.9931273648462213e-11
1.2579945409921184e-11
3.9499137561259427e-07
0.0
9.367297613727952e-09
0.0
8.394536797252695e-09
0.0
0.0
2.5017464773087548e-11
0.0
1.0842570401120776e-09
0.0
0.0
0.0
1.5798331940723135e-07
0.0
9.942858673249672e-09
8.176670523206122e-09
0.0
0.0
0.0
0.0
9.622603929918958e-09
9.622604457811761e-09
3.9570081490075784e-05
0.0
5.916745679911701e-06
1.9145105909649545e-06
8.534523093019521e-08
0.0
0.0
0.0
9.894466588216993e-08
9.622602335931062e-09
4.4643385814421e-10
9.622602875317798e-09
9.622602348094906e-09
0.0
3.908803430252875e-06
2.363166233099204e-07
2.5035972770591867e-06
2.750112003876657e-07
3.4103732166653654e-06
4.1760846798997493e-08
3.257320762818798e-06
3.4595764939300185e-08
2.0199839869532647e-06
0.0
3.038337096333629e-05
0.0
1.510787843567258e-06
5.252348712801574e-09
5.659794382047431e-07
4.252565244325048e-06
0.0
0.0
0.0
0.0027588521301477008
6.59623054756384e-09
0.0
0.0
0.0
1.0703272319767733e-06
3.015716909870622e-07
1.820815184371546e-07
0.0
1.300984867520279e-06
3.502963710572624e-07
3.125689023213308e-09
0.0
0.0
-1.8750744291711984e-09
7.495920749788816e-10
0.0
2.368452750091839e-06
0.0
9.800379391112148e-07
0.0
6.022094452112872e-07
1.2476455769088036e-07
4.568699777642832e-08
4.547895577919632e-07
0.0
1.0293020853198809e-07
1.5185752593626331e-06
-1.1217187896179093e-06
1.763991337338199e-06
-0.0013843570730666666
-0.0007580340968936228
0.0021517073683080374
4.18891536393823e-18
-0.0007562650782331759
-1.3133184690795234e-06
7.741017261222384e-07
3.82091225254427e-08
0.0
0.0
5.743190362734062e-07
7.716964005318376e-08
0.0
6.119312140823903e-07
7.741017260912813e-07
1.3431288313096365e-07
3.820912249168316e-08
2.1043728785848028e-08
0.0
5.4193862063812125e-08
0.0
3.9072627437860845e-09
5.743190362380178e-07
0.0
7.716964002174936e-08
6.528652757251045e-07
0.0
1.3860329402354127e-06
1.725220056905411e-07
1.1294892982281497e-08
4.514876594938628e-08
5.782262990534534e-07
6.766838045816816e-08
6.433142981884896e-07
0.0
0.0
9.885829750297392e-09
9.391359870401125e-20
0.0
0.0
9.821178808620143e-09
8.630724424783104e-06
-4.1117339456830937e-07
2.4350812817967774e-07
1.0121720271438387e-07
1.8259871671431245e-06
8.446982261416505e-08
5.7347261443793385e-09
5.042036063976798e-07
0.0
0.0
1.077861958521886e-06
3.1123895460955973e-07
1.9107672829179007e-07
0.0
1.2938552628176468e-06
3.4655258483780266e-07
1.784631142766112e-08
1.5000028413760616e-07
0.0
1.4455583411652015e-08
4.150692271680628e-07
5.4361473477414975e-08
1.1502540120292969e-07
1.4949031595560009e-06
5.596759982966491e-06
0.0
0.0
2.436204542975619e-10
1.9829501346785366e-08
7.32988639209702e-08
1.2613244535225086e-07
0.0
0.0
0.0
0.0
6.837745842594351e-09
3.743786262452754e-09
0.0
1.2087627579002474e-06
0.0
0.0
0.0
0.0
0.0
0.0
-1.9824369967227744e-05
0.0
0.0
5.455702939945328e-07
0.0
8.044100279754097e-09
0.0
1.3810164920393615e-07
-0.00194387425284061
0.0
0.0
0.0
0.0
0.0
0.0
0.0
0.0
0.0
0.0
0.0
1.5307806792297076e-06
0.00013975628157273322
1.0765237604431759e-06
-4.79122356684978e-08
-0.013348811682678985
-4.812734181311746e-05
1.6542006533070253e-05
0.0
8.775304276966512e-08
0.0
8.193864889515992e-09
0.0
0.0
0.0
0.0
8.75556838164928e-08
9.872819812755228e-09
9.872819813081276e-09
4.057550653538565e-08
4.0575507487946475e-08
0.0
0.0
5.013718610203982e-08
0.0
4.057550710277074e-08
-5.9496848294447735e-09
1.512959404078873e-08
9.911401844231122e-09
5.021850986445681e-10
0.0
1.2894652133704547e-06
-1.2718828368285529e-06
0.0
3.909790952559761e-10
-3.085901879994416e-05
7.867530105573802e-09
0.0
6.156875219506461e-08
0.0
2.8409317380307005e-07
0.0
0.0
1.2789452015867218e-06
0.0
0.0
1.7639913373870665e-06
4.1027501913254014e-10
1.7639913374920497e-06
9.81826120318338e-09
0.0
2.8409317374601254e-07
0.0
0.0
1.2789452015313547e-06
0.0
0.0
0.0
0.00012637581483332383
9.910154613781329e-09
0.0
-9.055617269254374e-07
5.169649361449305e-10
0.0
9.252889710627962e-07
5.287515894255236e-10
0.000883630885496256
3.6435541548488317e-06
0.0027823458649352158
1.2146471213417473e-05
2.019776854349806e-05
7.096370899577166e-07
1.0450678733914514e-06
0.000641035525910189
5.080543529676061e-07
4.5664656705145845e-10
9.86500167792103e-09
4.719146090294177e-06
0.0
0.0
1.8426032897612717e-09
4.728981841089002e-06
-4.272811179477188e-10
0.0
0.0
0.0028769295631082214
1.3810164904980908e-07
0.0
0.0
0.0
9.698899042039941e-09
-4.96887839644326e-07
-4.872119254668957e-07
-4.872119254260769e-07
0.0
0.006612286280844262
0.006612286280844205
6.488899649477518e-06
8.06147032803644e-09
8.061470279513427e-09
0.0
0.0
0.0
6.458950648347102e-06
0.0
-1.5229097241251525e-09
9.622603402617863e-09
-9.188308583440736e-09
0.0
5.7072168088280246e-09
6.732058683469559e-07
1.4476315839170246e-08
0.0
4.324325230740061e-10
9.84071687614251e-09
4.324324884437385e-10
9.840716841049944e-09
4.3243255772021775e-10
0.0
3.6092546075929617e-06
1.0904577857849828e-05
1.2311254051697353e-06
0.0
9.062868354330046e-09
1.686548685590428e-08
0.0
7.126188318511849e-07
0.0
0.0
0.0
0.0013928206439194591
-0.0007135250547860572
0.0
0.0
0.0
6.81869075117577e-09
0.0
6.81869113392738e-09
6.81869157313272e-09
2.2828871191418796e-08
4.128206426348099e-07
4.243143353402923e-06
1.0782975495239573e-16
-9.4345208636595e-09
0.0
-3.179397588705051e-11
9.772510281817305e-09
0.0
9.380442084552798e-09
0.0
0.0
0.0
0.0
0.0
9.64269245436976e-09
9.642692454464672e-09
9.642692454447237e-09
1.0212876020545372e-11
-6.78506917663901e-09
8.817591944532827e-08
0.0
7.963221140292123e-08
0.0
0.0
0.0
4.130809575656687e-09
9.351851335589589e-09
0.0
4.1282064294679205e-07
4.128206428641781e-07
1.021250695682148e-11
0.0
0.0
7.021213990930837e-08
6.156875227455584e-08
0.0
0.0
0.0
-9.642693368989205e-09
0.0
-6.605501735867936e-17
0.0
2.319853277621313e-10
0.0
4.252948594750221e-06
4.1282064278215087e-07
8.056509988681336e-17
8.056510038946223e-17
1.3554308584310486e-07
1.2636315086006923e-07
9.179935064257411e-09
0.0
0.0
0.0
1.7943358417325658e-07
0.0
0.0
1.0210924951341212e-11
1.0211856403389725e-11
0.0
1.5389115405696153e-05
1.541169271641913e-05
-4.846593412881754e-08
0.006313192004341199
0.0
0.0
-0.0002458271545688895
0.0
0.0
0.0
0.0
-2.9107196671063574e-10
4.186184217221448e-06
4.2625085443250785e-06
0.0
9.401913226853974e-09
0.0006957002887410248
0.0
0.0
0.0
0.0
6.2372932359536575e-09
0.0
0.0
0.0
2.3198532776213133e-10
2.659561277115254e-07
1.1625573540633646e-09
1.1625579946894446e-09
5.707217614885858e-09
5.7072172211686065e-09
6.869775985171369e-09
0.0
3.698409299391271e-10
9.6125668561427e-09
-1.0435504324411054e-09
2.00389092129284e-05
0.0
3.1630249250836144e-08
0.0
12.905938363042704
-12.905938348980591
9.308453601235972e-09
9.557268949110618e-09
1.5287575599634614e-10
0.001074893331340734
3.529829763686856e-07
4.213699024781498e-08
0.0
5.00954311674916e-10
3.6481232660056067e-07
0.0
6.042824857968433e-07
7.976548871521317e-06
4.606834487441702e-06
2.7852315467008684e-06
9.889493759384736e-09
5.218476721588485e-09
0.0
0.0
0.0006967031555512732
0.0006961052762532566
0.0
0.0
9.806092849519882e-09
1.4800846885559837e-08
0.0
0.0
8.741671216258787e-07
0.0
0.0
9.55721780123733e-09
2.659517717865202e-07
0.0
5.034093586173018e-09
0.0
1.513798676636905e-05
0.0
1.698166072488591e-08
0.0
1.6981660833424265e-08
0.0
1.9664945215991456e-08
9.844822646650002e-09
-1.0032276686856147e-08
0.0
0.0
5.814716652855031e-10
0.0
9.560297067889856e-10
0.0
-0.00038767148801355233
5.986809070930704e-19
-2.3198532724023343e-10
1.2674753389557308e-09
0.0
2.55431610915489e-05
2.5543161091548913e-05
0.0
0.0
-6.941594036959217e-09
0.0
0.0
9.732819361583427e-09
9.732819439278728e-09
-8.775304272164576e-08
0.0
-1.0003213258380021e-07
-1.0976495195507688e-07
5.0916244295917314e-14
0.0
0.0
1.6730773742398675e-09
9.700144583670807e-09
2.937440262337507e-10
1.1675882825390246e-09
0.0
0.0
5.659794367217623e-07
1.1314228205852672e-06
5.659744132379057e-07
0.0
0.0
5.659794370128087e-07
5.660901137493825e-07
1.2465076893218882e-10
1.0051841160912887e-08
0.0
0.0
0.0
0.0
8.356177341773223e-10
0.0
0.0
0.0
0.0
0.0
0.0
-7.582204858760933e-09
7.835690594249446e-10
0.0
3.103920440988088e-07
5.659794380556943e-07
0.0
0.0
0.0
5.833749591491144e-07
0.0
0.0
5.335588382986509e-07
1.1493359075312845e-10
0.0
0.0
0.0
0.0
0.0
0.002876836324624933
1.3810164915672817e-07
0.0013376551658642031
-0.0013376465936083548
0.0
0.0
9.611077387563453e-09
9.61107742717749e-09
2.980232723776065e-07
0.0
7.300602257639971e-08
0.0
3.502440094969427e-08
8.650717882635722e-09
0.0
0.0
0.0
0.0
1.1206114650802457e-08
0.0
-9.943185830252332e-09
0.0
0.0
2.980232720873308e-07
0.00029588657136594683
9.960826365519476e-09
-0.00029587661053928556
5.611051281113804e-10
3.80196570302955e-05
0.0
1.99425070088724e-08
9.97140495282052e-09
8.558122104648097e-09
-8.582396170313169e-06
8.558122160111055e-09
1.0182277967864577e-09
9.672312598852852e-09
2.6628996537355473e-10
0.0
1.8420935664494722e-08
8.558121995306308e-09
0.0
0.0005215044665770488
1.7381766706429027e-06
0.000519756691093704
-6.64728954389085e-12
