0
0.0
0.0
0.0
0.0
2.3145469833713116e-08
7.558777706257596e-10
0.0
0.0
0.0
0.0
0.0
1.8175070586967424e-08
0.0
0.0
0.0
0.0
8.866558949917606e-09
9.873261902172943e-09
0.0
0.0
0.0
0.0
0.0
5.928205896797665e-09
0.0
5.761073810994203e-09
0.0
0.0
0.0
0.0
0.0
0.0
0.0
0.0
0.0
0.0001916293266471396
9.841336041564876e-09
1.394933089591934e-08
0.0
1.9522529373712102e-08
0.0
6.5752256537490085e-09
6.169291167910571e-09
0.0
0.0
2.3010164244947952e-11
2.8109135654935576e-08
0.0
0.0
0.0
0.0
0.0
0.0
0.0
0.0
0.0
0.0
0.0
2.5643089348731297e-07
0.0
0.0
0.0
2.3373213893748603e-17
0.0
3.342247199951126e-11
0.0
0.0
0.0
0.0
0.0
0.0
1.9304241198142053e-08
0.0
0.0
4.84057302249631e-12
8.604763672649348e-10
0.0
0.0
0.0
0.0
0.0
1.0154424610192558e-10
0.0
0.0
0.000222849994549241
0.0
5.017411961438656e-09
1.534927558728727e-09
4.209632345638883e-11
0.0
0.0
7.800651219684487e-10
0.0
3.6219097500095355e-08
-3.620527106338255e-08
0.0
9.52179005986725e-09
0.0
4.5552952026370024e-08
0.0
0.0
0.0
9.738541015601399e-09
0.0
0.0
0.0
0.0
0.0
0.0
0.0
0.0
0.0
9.840751671028684e-09
5.049676835813251e-09
0.0
0.0
0.0
0.0
0.0
0.0
0.0
0.0
9.778771157805783e-09
0.0
0.0
0.0
6.970858912325184e-08
-7.983185751081863e-08
9.169500940852153e-09
0.0
0.0
2.2018635167730378e-09
0.0
2.1429405880688372e-09
1.575931562789374e-08
9.851772354036035e-09
0.0
5.1954107560727355e-08
0.0
0.0
0.0
0.0
1.8186052323593865e-08
0.0
1.9280476323331115e-08
0.0
0.0
0.0
0.0
0.0
0.0
0.0
0.0
0.0
0.0
0.0
0.0
0.0
0.0
0.0
0.0
1.1616749667710954e-16
0.0
-0.0001089332103861411
0.0
0.0
1.1809575889749516e-09
5.425741427924076e-09
0.0
0.0
0.0
0.0
1.9837513733444184e-08
0.0
2.9354699485847548e-08
0.0
0.0
2.9621846820541505e-08
0.0
0.0
0.0
0.0
6.470741071412624e-09
0.0
0.0002196075548339671
0.0
0.0002342507617352651
0.0
1.4304893132576672e-08
0.0
0.0
0.0
0.0
0.0
0.0
0.0
9.930740902671525e-09
0.0
0.0
0.0
0.0
9.176885951916252e-10
5.340343375193692e-10
0.0
0.0
3.807864257742398e-09
0.0
0.0
0.0
0.0
3.4887839296145756e-09
1.16744930118379e-08
1.2029631966072874e-08
9.772099908606636e-09
8.86952896946865e-09
0.0
0.0
8.667362983779803e-09
0.0
0.0
0.0
0.0
0.0
0.0
0.0
0.0
0.0
0.0
4.851060003557303e-19
4.053151810019158e-09
7.207352484621641e-10
0.0
0.0
0.0
9.415868805252325e-09
9.702168978538226e-09
0.0
0.0
2.659038354085874e-12
0.0
1.1552643488658026e-09
7.623296525288703e-19
1.1268507354472875e-10
2.7358500172582743e-07
6.298402541161062e-12
0.0
0.0
4.302334674359584e-08
0.0
0.0
1.3535578799074226e-11
-0.00023080200299380456
0.0
9.715889327169125e-09
0.0
9.913647894658222e-09
0.0
9.36488489718544e-09
0.0
0.0
0.0
0.0
3.7736310322983145e-07
2.674431434644688e-10
9.9032304685027e-09
0.0
0.0
0.0
0.0
0.0
0.0
3.071366848389486e-09
0.0
0.0
9.816439333281587e-09
2.0746949404879576e-10
1.66307968609482e-07
0.0
0.0
0.0
0.0
0.0
0.0
9.186032659010265e-09
0.0
5.84403498364278e-07
7.973255422190073e-09
-1.4737474204675345e-10
0.0
7.438745081697345e-09
0.0
0.0
1.381129464874941e-05
0.0
9.43384735501499e-09
9.82008754496277e-09
0.0
9.576445098892523e-09
7.43874508160727e-09
0.0
0.0
0.0
4.3665500050711804e-08
0.0
9.160811411057216e-09
0.0
0.0
0.0
0.0
9.280442439478316e-09
0.0
0.0
0.0
9.347906224223844e-09
2.3402995130110587e-08
0.0
0.0
0.0
0.0
0.0
0.0
0.0
1.8964091992339336e-07
2.6247577614177736e-08
0.0
3.8176348713760106e-09
0.0
0.0
0.0
0.0
0.0
6.648313671098584e-12
2.160322691877051e-09
2.2126819234292376e-08
6.59565210962202e-08
0.0
0.0
0.0
0.0
9.914787920360657e-09
8.543251203114952e-10
8.862736907133826e-10
9.94766231013518e-09
1.98441151223765e-08
9.987834120398739e-09
9.97546386078828e-09
9.954030351971214e-09
9.973642957632374e-09
9.923708124345842e-09
0.0
0.0
9.92370810851949e-09
9.95403010857134e-09
9.975463647361246e-09
9.97364273571486e-09
-8.13975234387231e-10
2.3198358815954738e-08
0.0
0.0
1.050834555009726e-08
3.2678873649151784e-08
6.551316667129576e-08
0.0
4.049079544108956e-08
0.0
2.2598542386542745e-07
0.0
1.7852293144489094e-08
0.0
0.0
3.814677520294385e-08
0.0
1.6432214170493988e-07
1.0428434593380074e-08
1.0128680033663483e-08
0.0
0.0
0.0
0.0
0.0
2.5143060560044687e-08
1.0030978174452903e-07
3.20877070057999e-08
0.0
0.0
3.904974843244559e-09
9.013050661703424e-09
2.5104317613108245e-08
1.1992860661219782e-07
0.0
0.0
0.0
4.887786778402841e-08
0.0
0.0
1.1223582480214854e-09
0.0
0.0
9.978436837335299e-09
9.93254925833395e-09
9.966423186735796e-09
0.0
0.0
0.0
5.383224882227534e-09
0.0
0.0
0.0
3.3281991433948386e-08
0.0
0.0
0.0
0.0
0.0
0.0
9.527461113881946e-09
0.0
1.0837258766594736e-16
1.9793461114734158e-08
1.9886579124782124e-08
1.9953900272053303e-08
1.9940065704811426e-08
-2.419821024909522e-09
-4.5731471026886155e-10
0.0
-9.641782337810323e-09
0.0
-2.56303918312858e-09
0.0
3.3281994105452926e-08
0.0
-9.161417107578229e-09
-1.2355040407060483e-10
-9.161438867248169e-09
0.0
0.0
0.0
0.0
0.0
0.0
0.0
3.328199678119323e-08
0.0
0.0
0.0
1.917574530454226e-08
1.8895000038721825e-08
9.928734239124121e-09
9.869753021414236e-09
0.0
9.347906212986423e-09
9.640824561446557e-14
3.889384242582184e-08
0.0
1.898761291668686e-08
9.960360883352979e-09
-2.5876464243420542e-08
0.0
3.4546751776149334e-09
0.0
7.735441219173303e-10
0.0
-8.498586177947711e-10
4.910848890777197e-07
1.1866619700390162e-08
2.9608363459098086e-05
1.801164690871849e-06
0.0
1.6313303401629998e-07
3.789141918791157e-08
4.0390153199330543e-07
1.6096413349458626e-08
1.6994322554072714e-06
0.0
1.9844115120176418e-08
0.0
1.4821074340026001e-18
5.3019817919845055e-06
3.2122189717786664e-10
0.0
9.898853503790287e-09
0.0
1.0440023184218612e-08
-8.826783964903601e-09
-9.54514435514591e-09
-3.582692117315069e-08
-4.615199655801897e-08
-1.7539891323299087e-08
-1.3543738079326337e-08
2.435544805721654e-08
-7.829587564429193e-10
-9.841336041233051e-09
1.1403896773773227e-05
-1.3949330895240974e-08
-1.3949330894021247e-08
0.0
0.0
1.5142452252135943e-08
8.36176637626723e-08
0.0
-1.9522529373658918e-08
9.673385867279156e-09
3.3470949293465266e-09
0.0
3.06511275178718e-08
0.0
9.636975400884047e-09
0.0
0.0
0.0
0.0
-0.00019149733324648585
0.0
3.0918407850098035e-08
0.0
0.0
-6.1692911872829326e-09
9.936138607175813e-09
9.936138798201503e-09
9.84747938296387e-09
9.847479520187774e-09
9.847479245637276e-09
-5.986874615851456e-10
8.826783660866207e-09
9.545144022475834e-09
4.5184866521996714e-08
4.615199615336761e-08
9.203383301016549e-10
1.6714573719024683e-08
2.356610534639354e-08
-8.773236690948205e-08
0.0
2.3010311286734022e-11
2.8092030654805478e-14
0.0
1.3263335818238612e-05
1.3263335846329383e-05
9.31407207262574e-09
3.337387039428046e-08
4.801902549085491e-07
1.9219038070879737e-08
2.9561617635591845e-05
1.715439222504851e-06
1.0323153957295109e-07
0.0
0.0
1.917737454192038e-08
-2.8109135694737684e-08
2.810913573474384e-08
-0.00019162520672936058
0.0
-0.00019162932664714034
0.0
0.0
0.0
0.0
8.916762470180892e-10
9.953221184744176e-09
5.533291049193267e-05
-1.198732910194988e-07
-1.6905848171557912e-05
0.0
0.0
3.4019527545516576e-08
8.650426890651567e-08
1.4056579995562954e-06
-1.3561197887773645e-06
9.97403467476799e-09
0.0
0.0
9.927816937346851e-09
9.929427507396798e-09
0.0
4.249518991307844e-08
0.0
-7.149253124913142e-10
1.6888961404523326e-10
0.0
8.455355467309439e-08
0.0
1.6128185728676885e-08
0.0
0.0
0.0
1.865333602905475e-09
0.0
0.0
1.4311715230492488e-08
2.600054685468683e-09
1.6374503184944472e-08
0.0
2.624757805914121e-08
2.7959762707556565e-08
9.969228581378515e-09
3.36973522100048e-08
0.0
1.9277320886071138e-08
2.7938955332461122e-08
3.7180332903690564e-08
1.0280105639459117e-07
0.0
7.230508995281356e-10
0.0
2.314549809023835e-08
0.0
1.6888949359891977e-10
0.0
7.704166276971756e-07
9.668630185587473e-09
9.668630187898179e-09
0.0
0.0
0.0
9.939347250461934e-09
1.2387580170723347e-08
0.0
4.917385164827097e-08
6.017993442681072e-08
1.551106721628868e-08
1.2950893447380915e-16
0.0
1.2259669045101184e-06
-1.1966755840127557e-06
6.431391500168143e-11
9.882281989254116e-09
9.314167883365046e-09
9.829816874156686e-09
1.9175744464527966e-08
1.4613875302582539e-07
0.0
9.735587702820455e-09
9.87876967083583e-09
9.795051398537686e-09
7.380005379903383e-10
0.0
0.0
-2.468988209339908e-07
-2.5643089348658055e-07
9.795051453633831e-09
9.795051397066592e-09
7.380005088635012e-10
0.0
9.216046482902474e-09
0.0
0.0
1.93665731695234e-08
0.0
1.3906896173273839e-08
4.0481777590562315e-10
0.0
0.0
5.9325647106131e-08
1.520263237401942e-08
0.0
9.847479107679852e-09
-9.263578722358036e-09
0.0
0.0
0.0
3.0370153137765024e-08
9.95813701158809e-09
9.97900606136519e-09
9.966243715551788e-09
2.0982269409039015e-08
0.0
0.0
1.6994322558351944e-06
0.0
0.0
0.0
0.0
0.0
4.3086298714753514e-08
0.0
2.8746220202201467e-08
3.5243689114909474e-08
0.0
1.1241863224282155e-07
0.0
0.0
4.895421938600786e-07
0.0
2.952637394654685e-05
1.7249582837146902e-06
0.0
5.424860951942908e-10
0.0
0.0
9.924656549928704e-09
0.0
7.42848377085551e-09
0.0
0.0
0.0
0.0
0.0
0.0
0.0
0.0
0.0
7.734652592598576e-07
7.538003721323486e-07
9.92465643803904e-09
-3.393835534164832e-08
0.0
2.396912727105558e-08
1.4146866058887743e-05
0.0
0.0
2.5795794773812174e-16
0.0
1.4127020405047215e-05
9.967449591493152e-09
2.948464057252577e-08
9.667615533856394e-09
9.667615453765207e-09
6.142663846426499e-10
4.897249965791393e-08
3.1963312138810785e-07
0.0
3.6395901195713516e-07
2.3164135854967603e-16
0.0
-3.01357023571476e-07
9.75054262331021e-09
0.0
0.0
0.0
3.552329065601588e-08
-3.882131588417437e-08
1.9140007525223548e-08
0.0
0.0
0.0
1.0846057066562681e-08
5.9497152156465477e-08
1.2943342942402488e-16
0.0
2.2638556596201222e-08
3.6380706423063407e-07
0.0
-2.8557322117861116e-08
9.77861447885994e-09
0.0
0.0
-1.111312961584636e-05
0.0
0.0
0.0
-0.00010369465363894764
9.847628450815395e-09
7.890718629677866e-10
0.0
2.96242582691928e-08
0.0
0.0
0.0
0.0
0.0
9.099970825763914e-09
9.26352354718735e-09
9.263521865254511e-09
0.0
0.0
9.878769671572987e-09
9.878769674682986e-09
-1.9304241205553296e-08
-1.9304241198216297e-08
4.1941671487594316e-16
3.166227576648492e-16
3.083715659797575e-16
2.0532293355113367e-08
-1.0154366236747592e-10
1.8175070567662537e-08
0.0
-2.0430749106403745e-08
-4.839055141292979e-12
0.0
0.0
0.0
0.0
-8.628875402335157e-10
0.0
3.514856102388481e-08
0.0
4.750083551387049e-16
7.941170345765307e-10
0.00021305424138063074
6.691560283308973e-20
0.00021305503549766538
0.0
0.0
2.3309690447521743e-08
0.0
2.994570258261305e-08
0.0
4.231323547790167e-09
2.3356870244287656e-16
4.576910424109843e-16
0.0
0.0
0.0
0.0
0.0
3.0370153424060784e-08
9.781829426319666e-09
3.007873570315184e-08
0.0
8.225115670941121e-10
1.983750583535151e-08
0.0
0.0
0.0
9.66885667939481e-09
9.668857082717945e-09
3.164241327289137e-18
0.0
1.957018451074639e-05
1.9577784274662265e-05
0.0
1.2029631963816522e-08
1.802288477112521e-08
1.3077771059579015e-08
6.478123089031044e-08
0.0
2.0659684684145374e-08
5.763031172286825e-08
0.0
1.802288456735461e-08
1.3077770787444569e-08
6.478123085922396e-08
-9.874603010307534e-09
2.0636790212401248e-08
5.7630311163990274e-08
-9.588080986501837e-09
0.0
-1.0154424610192558e-10
5.01914401634698e-10
9.943489296444801e-09
0.0
0.0
-0.00022284999454924104
2.93833780991984e-08
0.0
9.671902949783528e-05
-4.898756910103746e-13
9.67097230891939e-05
1.5349267136831224e-09
1.5349272768845767e-09
0.0
0.0
0.0
0.0
1.3920473880333507e-08
0.0
0.0
0.0
0.0
0.0
6.972012748548944e-16
0.0
3.59272542011843e-09
0.0
1.1622647289044608e-16
0.0
0.0
1.1757697157544266e-09
-1.1514227071796057e-16
0.0
4.160418847456322e-07
1.8382800056009338e-08
-7.800651220346393e-10
0.0
-4.339672571234056e-07
1.163594285755315e-16
4.44488653255544e-07
7.800647734094307e-10
1.3264279521668499e-05
0.0
3.489345423923186e-09
0.0
1.0245334061687817e-08
0.0
9.74023263780599e-09
1.6835823072464118e-08
-3.1708361110383e-09
0.0
0.0
0.0
0.0
0.0
3.6205271063409657e-08
0.0
9.600439012307085e-09
-2.661865848772963e-08
1.189829813703687e-17
7.438745081556902e-09
7.438745081500206e-09
0.0
0.0
-4.727694227605346e-10
8.967686896337093e-09
0.0
8.967687100628557e-09
8.967687301726299e-09
0.0
0.0
0.0
4.122759942513417e-17
0.0
0.0
-3.646213217740697e-08
4.3597183819315335e-08
8.137524435958547e-08
4.931126313073451e-10
0.00046169219719367115
0.0
0.0
1.5683886376194176e-07
0.08197318192572657
-0.08197314219215834
9.903500300433368e-09
2.5813113572018223e-07
-5.2580400583394134e-09
4.926028090382565e-10
9.542236400073966e-09
0.0
1.3033087575731352e-07
-1.4196931885602712e-07
1.9962397708239655e-08
9.981810154911092e-09
0.0
1.2734815094342144e-08
5.632229199488337e-08
5.361659751543162e-07
0.0
4.06744886666057e-07
0.0
5.502904390050724e-08
9.874514337931614e-09
9.980587968021227e-09
0.0
7.482738476484035e-10
-7.701420675415541e-10
0.0
-1.817507057729666e-08
0.0
1.2715427587029306e-08
1.1728335935603338e-07
4.629760592680993e-09
1.1709982817041838e-08
9.632453871113158e-08
0.0
0.0
0.0
0.0
9.668856300104929e-09
-9.73854101557443e-09
8.82533953098071e-10
5.2429043342329474e-08
1.5761082722508017e-08
1.988493764564219e-08
8.799188930015919e-10
9.394764008177574e-09
9.890885607360808e-09
7.428393857958838e-10
9.80003350605635e-09
4.1318468689186085e-08
0.0
8.310988872117829e-10
-5.656634562480149e-08
9.970188674657265e-09
1.993693206498484e-08
9.048200134742824e-10
9.958940268518058e-09
0.0
0.0
2.806695838726221e-06
0.0
3.4564956812553616e-09
8.654860474499137e-09
7.462830257654799e-08
6.59734419040704e-08
8.641431798107415e-18
0.0
0.0
0.0
1.4047007071914391e-08
0.0
2.341066864175121e-16
0.0
0.0
0.0
0.0
0.0
5.490989115584115e-08
0.0
0.0
-2.6199700407244292e-08
1.9253682988081657e-09
0.0
0.0
2.3145469852932625e-08
0.0
0.0
1.6288782388879097e-16
0.0
0.0
9.065867190297111e-10
1.9936888149935025e-08
9.968326593502849e-09
1.9448273611037002e-08
0.0
0.0
0.0
8.274044070650572e-09
0.0
4.962062221452408e-09
0.0
0.0
0.0
-9.840753989465156e-09
0.0
9.840750436751478e-09
0.0
0.0
5.2770682681350364e-17
-5.049676839694199e-09
1.1407589162598369e-06
1.1503818851647245e-06
0.0
2.558867814220827e-10
3.276758356606813e-07
0.0
4.284860775761569e-09
0.0
9.977979650951952e-09
0.0
1.4822889352961773e-08
5.620055422199209e-09
0.0
0.0
-1.1248119347589387e-09
8.783794534523924e-10
9.946477982983044e-09
0.0
0.0
3.614514101533354e-08
1.9906769588521357e-08
9.960291639968082e-09
2.3793826366123657e-08
0.0
0.0
2.5701296677900276e-13
0.0
0.0
8.285215214859003e-09
0.0
1.6005605184598387e-10
8.191810370224926e-09
0.0
1.515211307642482e-08
0.0
8.070025562311893e-09
0.0
4.4789185504642953e-10
0.0
0.0
0.0
4.300736015670692e-08
0.0
0.0
0.0
0.0
0.0
6.111218583249604e-10
0.0
0.0
3.9863249796328247e-10
0.0
0.0
0.0
0.0
0.0
0.0
0.0
-8.82678376256437e-09
-1.8757524223970978e-08
-3.5826920930171635e-08
-3.679118767119121e-08
-1.753989102985088e-08
-1.3543737770183029e-08
-1.5093574676663353e-08
2.5695801234316213e-05
2.5654482765600322e-05
0.0
0.0
1.2029631971909975e-08
1.202963195399075e-08
0.0
0.0
0.0001915600366864112
2.4876100865285756e-08
2.863765544704607e-08
0.0
0.0
9.99271470368739e-08
5.6239438229826256e-08
9.859924432475964e-09
0.0
-9.778771158271138e-09
7.717688017171055e-10
9.829816870633029e-09
2.539145646272488e-06
0.0
9.847513387815481e-09
9.847513363016487e-09
4.126729428353079e-07
0.0
2.3840590108652135e-08
0.0
0.0
0.0
0.0
0.0
7.124861759052064e-08
0.0
1.6252599466851288e-07
1.36305972193068e-07
1.9515250185441782e-07
4.303170738731294e-08
0.0
0.0
1.6513695001237863e-08
0.0
9.058208129150593e-08
0.0
1.7936181759454573e-07
1.286650976836545e-07
1.9198166558635748e-07
6.659781252709418e-08
0.0
0.0
0.0
0.0
0.0
1.8210058183350394e-08
9.499086531250533e-09
4.5074887421625363e-10
1.8210058726989692e-08
8.107154617645519e-05
2.3567046123250967e-07
0.0
9.938950995547202e-09
9.938951006301695e-09
1.4286446434007289e-09
0.0
0.00022271466425367403
1.598605853321333e-07
9.881176180129728e-09
8.710972584948308e-09
0.0
9.878769669377982e-09
0.0
0.0
0.0
2.080974564647331e-07
-6.02965726109241e-08
5.811928243401399e-08
0.0
0.0
9.402577978831187e-09
9.40257796735616e-09
9.402577956437009e-09
1.5315035837235237e-08
0.0
0.0
0.0
0.0
0.0
0.0
0.0
0.0
0.0
-1.0030840540954508e-07
1.534315949342608e-08
0.0
0.0
0.0
0.0
0.0
0.0
0.0
1.3520358467088342e-07
0.0
0.0
2.2132653160833477e-07
2.3708584717818543e-07
2.2734790738751335e-07
2.2132653157908347e-07
2.2734790734846746e-07
0.0
2.107931227963569e-09
6.615816046147485e-10
0.0
0.0
0.0
5.253149833515227e-10
0.0
2.498447745400575e-08
0.0
1.0886855313649905e-08
3.3152729090118374e-09
9.935676957235963e-09
0.0
8.128195493106933e-06
0.0
0.0
4.0102184408604176e-17
0.0
0.0
0.0
0.0
2.3852447794681098e-18
0.0
-5.195410755812373e-08
0.00022291713246029227
3.36161661834882e-07
0.0
1.968159774356124e-08
1.0311489166512919e-08
6.645978564870778e-10
1.953195062877369e-08
9.812488723117209e-09
9.81248859943662e-09
9.36051634294055e-09
9.360516346409997e-09
0.0
1.9681597715195033e-08
8.016994011882825e-10
1.557224167282969e-06
0.0
9.938950995547202e-09
9.938951000751373e-09
-3.5467233042499324e-07
0.0
0.0
-1.8186052323536045e-08
-9.290918349353174e-09
0.0
0.0
0.0
0.0
-1.9280476326599683e-08
-9.934479499809504e-09
0.0
1.204872941086629e-08
0.0
1.062694652811389e-09
0.0
0.0
4.6699393977254254e-08
0.0
0.0
0.0
8.938351677969343e-10
-1.600483213134475e-07
0.0
0.0
2.1455083682756346e-08
0.0
8.884559192237519e-10
3.3214279303008206e-09
9.961183300086218e-09
0.0
8.88451435876801e-10
0.0
9.94919875845835e-09
2.435267166343213e-07
0.0
0.0
9.529652399683096e-08
1.9471511833818456e-05
0.0
9.894457314630187e-09
9.894457290114938e-09
1.9737714902418227e-08
9.820002233113445e-09
9.753232110831789e-09
5.186380709730848e-10
9.828225888695733e-09
9.890885605351805e-09
9.828225887440724e-09
9.82822588633072e-09
9.890885602422652e-09
8.31098852426708e-10
5.186380712916827e-10
5.186380734600871e-10
5.921075448423862e-08
9.753232108965917e-09
9.906244958367781e-09
0.0
9.918403232851337e-09
8.578383659599977e-10
9.538347282747172e-09
4.888301268245318e-10
1.958647710691988e-07
0.0
5.777697223286749e-08
9.889031792851026e-09
9.898470116178708e-09
9.898470326600087e-09
9.224456272152968e-09
9.224456503330314e-09
0.00019378686702321585
5.181765953821138e-11
0.0
0.0
9.865559628432701e-09
3.718833208204741e-16
0.0
2.5868529367873372e-05
0.0
0.0
6.470741075012727e-09
0.0
5.562431821485442e-08
5.5624317692311845e-08
5.562431873462867e-08
5.562431949474739e-08
-2.4360667563033678e-18
1.5828816594502804e-06
1.7749005931655404e-08
0.13356167963600632
9.75781955236954e-19
6.698006427835283e-06
6.707834966089706e-06
9.828538254693774e-09
6.764828760128908e-07
0.0
1.0061896940483135e-08
9.543258871164738e-09
9.543258871948929e-09
9.54325887281629e-09
6.656180475440716e-07
0.0
0.0
0.0
-5.42574142041387e-09
0.0
-1.1809575979886827e-09
0.0
1.7658778245886574e-05
8.456574994665132e-05
5.446172938929875e-05
5.446172938929875e-05
0.13356168895935291
6.656180476880405e-07
8.038302258506347e-06
2.597763220657599e-16
1.936829677248479e-08
8.475408542912351e-10
8.578384025649524e-10
0.0
-8.132457973557804e-09
0.0
5.23613739941083e-06
-4.320795683902111e-07
6.751000169134299e-06
0.0
0.0
3.2676725981341633e-10
1.3975489663464118e-06
0.0
0.0
0.0
-4.514414798961162e-09
6.174258276310783e-08
9.834445104383053e-09
0.0
2.714871557880536e-10
9.31416787534195e-09
1.2816294605522426e-05
0.0
0.0
-1.9837513732709998e-08
0.0
8.321580081835364e-10
0.0
1.5165264636741256e-07
9.947655534027456e-09
-2.9354699485522823e-08
-2.0060990049692667e-08
2.5443494993759193e-07
0.0
0.0
0.0
1.7976072107656221e-06
0.0
-3.3499849042759045e-06
3.320363057465675e-06
-2.0326660282342314e-08
1.7871404910734389e-06
0.0
0.0
8.187104903088027e-10
-1.7689701754586068e-07
1.6357630725923325e-07
2.103512180053975e-06
0.0
1.0198477614769928e-16
1.6523500613001488e-07
-1.9036407299378979e-06
1.7579324562526972e-06
9.880119729435222e-09
5.598324432465774e-16
0.0
0.0
0.0
8.20760122337866e-08
0.0
9.958286918936298e-09
5.380823389858597e-07
6.7210532707515385e-06
1.8385924088748117e-16
0.0
0.0
1.957663802923734e-08
4.368770904551183e-08
4.637951101702318e-08
0.0
1.7478748785985175e-08
0.0
2.8384894351342343e-10
0.0
1.9090227787731718e-08
0.0
9.054415550434475e-08
1.198171653378726e-07
3.985089438284142e-08
9.952542227853467e-09
0.0
0.0
9.157424180017128e-10
7.117629695731927e-08
0.0
2.0588324283113182e-08
0.0
3.362397363394558e-10
8.97709674357777e-10
0.0
0.0
0.0
2.81828295595994e-10
0.0
0.0
0.0
0.0
0.0
5.220232987279878e-09
1.0075125055212057e-07
8.723537596206524e-10
-8.137701616621337e-08
2.7913456739168258e-09
9.538347281066659e-09
3.9723032844677424e-09
0.0
-0.0002342674119353719
-0.0002425741593856423
0.0
1.4304893082834418e-08
-1.4304893110328454e-08
9.91542446911707e-09
1.984438477236304e-08
5.986872560204137e-10
-8.826783865155307e-09
-1.875752433726333e-08
-4.518486676312328e-08
-3.6791187806926e-08
-2.6818532157123123e-08
-1.3543737924356578e-08
-1.5093574857992345e-08
1.917574519050974e-08
0.0
-5.928205896554677e-09
-5.92820589839782e-09
0.0
3.246547354893826e-08
0.0
2.5715493362840328e-08
5.900008990515666e-09
0.0
0.0
0.0
0.0
0.0
0.0
0.0
1.301796706116883e-13
1.3435574658817923e-05
2.5858733396788e-05
7.14793269121779e-05
0.0
0.0
9.741167601458468e-09
0.0
0.0
0.0
3.314037185522608e-18
0.0
1.3144159538569511e-08
0.0
0.0
0.0
0.0
0.0
0.0
9.87562453157436e-09
0.0
0.0
0.0
-5.7610738114598345e-09
-5.7610738112565466e-09
-5.346061860096979e-07
5.538613547642966e-07
0.0
1.970149484962759e-08
0.0
0.0
0.0
1.4790480077541204e-07
-9.930740902676892e-09
0.0
0.0
0.0
3.875808830068657e-08
0.0
0.0
8.760806278817911e-10
8.760806530504122e-10
-0.00021960050507288973
4.034276449745066e-10
0.0
8.352929958209058e-09
0.0
8.352930163616416e-09
8.35293038124771e-09
5.84314498276332e-06
-8.574897107094479e-06
8.583536964980225e-06
8.654860273672982e-09
7.410501020542131e-06
4.247522025343764e-09
-1.1110934104753556e-05
1.1120816970547416e-05
7.074845444754538e-10
9.763629506558298e-09
0.0
0.0
0.0
7.964650280466769e-10
2.784887850412858e-19
1.4858339715424442e-07
-1.444550559436008e-07
4.128341210877205e-09
7.991990148581993e-09
7.719577127865825e-08
9.969747318504252e-09
0.00019608007740775328
0.00019606938227753092
0.0
9.140324716551769e-09
5.09588345659214e-08
3.7016678029537133e-06
-5.34034338560592e-10
3.286852184565202e-06
-3.2572393246593756e-06
9.974482488009015e-09
0.0
0.0
0.0
0.0
5.392054910099801e-09
0.0
9.881176176224573e-09
8.21664766265135e-10
0.0
0.0
9.65987937123075e-09
-9.855239267893279e-09
0.0
0.0
0.0
0.0
0.0
9.667615723891786e-09
2.529727861082688e-07
0.0
2.521471031677895e-07
0.0
0.0
3.5237805565284135e-08
9.445710120913395e-09
9.445710120699943e-09
2.3010605853577946e-11
1.1905989203037911e-09
8.73393180270643e-09
1.1684618230907388e-08
8.818325681543402e-10
9.943092287129189e-09
8.926722660014431e-10
9.954245210189834e-09
0.0
0.0
3.158195472883056e-08
2.041201629484039e-08
0.0
-9.947662314756592e-09
4.883304771617668e-09
9.924530711136192e-09
0.0
2.1286654656958647e-06
7.398396708184413e-09
0.0
1.0970060088292e-18
0.0
5.931340423264049e-09
0.0
2.1035121805935846e-06
1.2029631959788994e-08
0.0
0.0
0.0
0.0
0.0
2.079766183840872e-09
1.913070665659159e-08
9.772066330093025e-09
0.0
-7.157102995325274e-10
0.0
2.8663565433281968e-08
0.0
0.0
0.0
3.700596795664437e-08
0.0
0.0
0.0
3.237058120864839e-08
0.0
1.187153623642322e-08
0.0
1.1926109826564827e-08
0.0
0.0
0.0
0.0
3.283910737474638e-08
0.0
0.0
4.308567852090282e-09
2.3198358879252683e-08
0.0
0.0
1.050834561432819e-08
3.2678873719891826e-08
6.551316676819864e-08
0.0
0.0
9.409571239789806e-09
8.967663546240132e-09
0.0
9.756404162060499e-09
5.409852930781274e-09
7.909828125448646e-09
7.966798817936576e-09
0.0
0.0
9.829199366540611e-09
0.0
0.0
0.0
1.0310819014483245e-08
0.0
5.2695618485795486e-08
0.0
0.0
0.0
0.0
0.0
0.0
0.0
0.0
0.0
4.702323064881401e-08
6.456753088062083e-09
-1.4822889187783572e-08
1.8175070205264546e-08
0.0
0.0
3.5179011598182553e-06
3.535936388360771e-06
0.0
9.638351889346483e-09
9.63835183367541e-09
9.63835177826295e-09
8.393374536534363e-10
8.315167743283838e-08
0.0
6.578428288445155e-09
6.578428285545217e-09
6.5784282832302005e-09
7.391243009082909e-06
1.98840984367947e-18
1.2761163604251003e-10
9.983892643387932e-09
9.979350634943691e-09
9.979350636530516e-09
9.970492760729148e-09
9.970492761236673e-09
9.979102294164086e-09
9.979102294645566e-09
9.965843243961934e-09
0.0
9.965843220125989e-09
0.0
0.0
0.0
-8.66736298379446e-09
2.5860127747572062e-05
2.9771600879385386e-08
9.938710753489912e-09
8.775737422237458e-10
-3.037381137300307e-09
9.92752396789453e-09
9.927523965787494e-09
9.92752399492639e-09
9.9053668206018e-09
8.451701759566137e-10
1.0011737825203224e-08
1.0011737821592759e-08
1.0011737826781468e-08
1.514427387231592e-08
0.0
0.0
5.690482802492533e-10
0.0
0.0
0.0
3.651674383427818e-08
3.683425892918345e-08
0.0
0.0
0.0
3.175186663150567e-10
0.0
2.3240276938362653e-09
8.724058955478166e-06
2.491697577371149e-07
0.0
1.7711673508153987e-07
0.0
0.0
1.9765774137077337e-10
0.0
9.90624493546477e-09
9.263592169478506e-09
9.263593822583793e-09
0.0
0.0
0.0
0.0
0.0
0.0
0.0
2.135226790053219e-09
0.0
0.0
-7.207352512821062e-10
0.0
0.0
9.523470191746828e-17
0.0
-4.0531518490604084e-09
-1.8691023296313163e-05
-1.6923707834431978e-10
1.8700353365857927e-05
0.0
3.7683878585788695e-07
2.4745552812695028e-17
1.0011737822893801e-08
0.0
0.0
0.0
0.0
3.743025321014807e-08
0.0
0.0
2.9077512123843284e-11
2.9076091381791978e-11
5.399679158672276e-10
4.9900672439863885e-08
3.0075231820505464e-08
0.0
0.0
7.908129109933495e-09
0.0
2.414795091583164e-08
0.0
0.0
3.4925070962406636e-08
8.300206290982737e-08
0.0
1.0249909759098642e-08
0.0
-9.702168953223261e-09
1.0249909644748832e-08
1.6125018738691572e-06
1.6220940178299541e-06
0.0
9.899364273442094e-09
8.393374188654406e-10
1.2151862013566873e-08
0.0
-1.3486579501830256e-11
0.0
0.0
0.0
0.0
0.0
0.0
0.0
0.0
0.0
2.558864875255387e-10
-2.114589775326325e-06
0.0
9.704908462575693e-09
0.0
0.0
0.0
0.0
8.710972584620326e-09
8.710972584778003e-09
0.0
1.5492252903846732e-06
1.549225291213144e-06
0.0
2.3145469839812736e-08
0.0
-1.155264348485889e-09
0.0
0.0
-1.1268507367446709e-10
0.0
4.325035114269687e-06
0.0
0.0002215959879294167
0.0
0.0
0.0
0.0
0.0
0.0
7.040894502986546e-08
0.0
0.0
0.0
0.0
0.0
0.0
0.00127855980113517
0.001316308093724351
0.012854414366161354
0.0
0.0
1.5281211237882e-07
1.8139916563700955e-07
-1.0803395129124764e-08
-4.086579696860326e-08
-1.8751559662660844e-08
5.2247628811043874e-08
-1.1465364711105283e-08
-2.831243137665397e-07
0.0
0.0
0.0
2.29888139552595e-05
0.0
2.298873931637338e-05
0.0
4.32563003103772e-06
7.3970968088741006e-09
0.0
0.0
1.1783793071372988e-08
9.952772154174505e-09
0.0
-9.900364102968448e-09
0.0
0.0
-1.341994155796937e-08
-4.3023346743781363e-08
0.0
0.0
0.0
4.2934147667825905e-08
2.9727387568316527e-08
8.620650968716495e-10
0.0
1.1430924890921766e-08
4.8154362415305024e-08
5.754358703611874e-08
0.0
5.770148662986808e-09
0.0
6.868221804670009e-08
9.967799722640623e-09
3.689039492000571e-06
9.969747365605575e-09
0.0
9.968561523888714e-09
9.946477978158093e-09
4.827654885950835e-08
5.855244458573018e-08
0.0
9.94381418720362e-09
1.0132063687773621e-07
9.94348905377767e-09
1.4870759463646707e-08
9.939539798874866e-09
1.3216082274564885e-07
9.980587773058151e-09
0.0
9.979005848650434e-09
7.394260291865314e-08
9.970188448523357e-09
0.0
9.958286697769009e-09
0.0
1.69058481714656e-05
0.0
0.0
0.0
0.0
0.0
7.970619177784146e-09
0.0
0.0
0.0
0.0
0.0
0.0
0.0
0.0
0.0
0.0
0.0
0.0
0.0
0.0
0.0
1.3535479467365396e-11
1.3535281289830857e-11
2.706898074167822e-12
6.316131949191632e-12
9.925601847538599e-12
3.6094517196923535e-12
1.8046558593878158e-11
1.0828244676850015e-11
7.2188749791163144e-12
1.4437454877529548e-11
0.0
0.00023080117908836468
0.00023080006589456343
0.00016432091873846215
0.0
-8.932909553553692e-09
0.0
9.815798551958234e-09
-9.91364789465119e-09
0.0
0.0
0.0
0.0
0.0
0.0
0.0
0.0
0.0
0.0
4.0261436842173773e-10
2.6158404518953077e-08
0.0
7.397350617080859e-10
0.0
0.0
0.0
3.958874986526565e-10
0.0
0.0
0.0
9.581059379470546e-09
0.0
9.962223389975433e-09
0.0
-9.364884899238507e-09
-2.6158404692333548e-08
7.558777603420387e-10
2.333785156517445e-18
1.9175744835651746e-08
1.9175744954418335e-08
1.4720064442349342e-08
0.0
3.599936187166188e-08
0.0
0.0
4.403482190766503e-09
4.5518350090777345e-08
0.0
2.0484326669359297e-09
9.958939659378883e-09
9.814305741776827e-09
1.9175744590454703e-08
1.917574446950321e-08
2.5588707896650793e-10
0.0
2.160322620312127e-09
0.0
2.2126819134344894e-08
0.0
6.595652117163178e-08
5.456389236451811e-07
0.0
8.947999866692916e-10
0.0
4.152857606635346e-07
0.0
0.0
2.0391150622565096e-09
1.0455436501137552e-08
0.0
8.054527487593988e-11
0.0
0.0
0.0
0.0
9.85478602575788e-09
1.2576752527761907e-09
0.0
3.09736549618477e-08
2.285604667311473e-08
2.168805972164286e-07
1.925373841498222e-09
1.4295707249580496e-09
4.805822379309802e-09
0.0
9.361438708332186e-09
9.361436070776108e-09
0.0
0.0
0.0
8.104207438726635e-05
9.918403292625678e-09
2.4519918866782324e-07
0.00022135152659149773
0.0
5.777721503429098e-11
5.883618428291807e-08
5.7635301572830356e-08
1.200983215656472e-07
8.948430530376165e-08
0.0
1.485122701249189e-09
2.207584042706366e-06
1.169060557289034e-05
-0.00019378686702326703
1.9471511833808396e-05
3.1826611910604144e-17
-0.00019156978844854272
0.0
1.616566057469307e-08
0.0
0.0
0.0
0.0
0.0
0.0
0.0
1.6165660705668427e-08
0.0
0.0
4.982313347509819e-08
0.0
3.2473927632730445e-08
0.0
1.2527952813271215e-10
0.0
9.900997484317193e-08
0.0
2.8786513238150995e-09
0.0
7.031433085714043e-09
0.0
4.141521310249525e-08
2.2867848831863085e-08
0.0
8.943004214914733e-08
0.0
0.0
0.0
7.81720731666547e-10
1.43979542187162e-19
0.0
0.0
0.0
1.204729690277912e-07
-3.869239257880963e-07
0.0
2.3198358751691175e-08
0.0
0.0
1.0508345495965746e-08
3.2678873577482096e-08
6.551316655613561e-08
0.0
4.049079558916112e-08
0.0
2.2598542399122717e-07
4.712659303375086e-11
1.7852293282405255e-08
0.0
0.0
0.0
0.0
0.0
1.592701385369796e-08
1.0030978166015841e-07
3.208770684402993e-08
0.0
2.8663565367237833e-08
0.0
0.0
0.0
3.700596788300567e-08
0.0
0.0
0.0
3.237058117386359e-08
0.0
1.1871536358054778e-08
0.0
1.1926109874703827e-08
0.0
0.0
0.0
0.0
3.283910718272647e-08
0.0
0.0
4.308567557482134e-09
-2.5868529368592436e-05
0.0
0.0
0.0
0.0
0.0
-2.6744314252894093e-10
0.0
-8.117809787789752e-06
0.0
0.0
0.0
-2.9569901248617304e-11
9.73558770141582e-09
-7.198737973411048e-10
0.0
-9.903232012220542e-09
0.0
0.00018101340242879197
0.0
1.0320531677630104e-05
9.284963892332048e-08
0.0
1.905328563672759e-08
-3.915107468869717e-05
-1.6212479758692666e-07
3.2767584201565114e-07
0.0
1.0678825368523796e-09
0.0
0.0
8.672595228495766e-09
1.9253682960897243e-09
1.925368295786073e-09
1.925368295352392e-09
0.0
9.928960303459373e-09
9.928960278844645e-09
-9.669811342989855e-09
0.0
0.0
0.0
1.6888964305381676e-10
0.0
0.0
0.0
1.4392385441891652e-08
9.958137461706181e-09
8.964552667511467e-10
1.230760540675031e-16
0.0
-0.01672272732071266
0.01672274613613924
8.505366882622762e-10
0.0
9.719461848734338e-09
6.645978014891454e-10
-9.681808147733728e-09
0.0
3.239738879090154e-08
5.2558455603982775e-08
0.0
0.0
1.4684068321033763e-08
0.0
2.207584042762791e-06
0.0
2.207584042594077e-06
0.0
0.0
3.239738853061931e-08
5.255845567516191e-08
0.0
0.0
1.4684068176605788e-08
0.0
0.0
0.00019149733324646062
9.909253695830609e-09
0.0
-1.4176386179734913e-05
3.212221472250422e-10
0.0
1.4196179516597394e-05
9.952645770028301e-09
-7.055196707403904e-08
1.2550789497878909e-08
-8.934965056842832e-08
7.60070087206247e-08
-5.3477780881990705e-08
1.406313655651168e-07
-8.232281832338661e-08
7.344623415738958e-08
0.0
8.76088912676751e-09
8.76102633375022e-09
0.0
0.0
-2.074673058742875e-10
0.0
2.694758338415557e-10
-9.816439227455787e-09
0.0
2.8014165441155635e-07
1.463593264361407e-07
0.0
-1.568102470142546e-07
-1.5681024701453565e-07
0.0
9.691642560509607e-09
0.0
0.0
8.17412448456291e-09
0.0
0.0
0.0
9.018228715552474e-08
9.889459772296912e-09
9.889459754580665e-09
0.0
0.0
0.0
4.0242935507323566e-07
9.924656606043672e-09
3.915853852406916e-08
1.9175744713460785e-08
7.807385862081878e-09
1.699941949535078e-08
0.0
2.31454698721522e-08
1.9745670404877968e-08
9.856210634868849e-09
8.815405636987106e-10
9.94279232923684e-09
9.942792321106708e-09
9.942792323722759e-09
9.942792358050897e-09
1.3334234984562597e-07
0.0
0.0
3.475402241641562e-08
0.0
6.740005706512227e-08
0.0
0.0
0.0
3.987221076918293e-08
0.0
0.0
4.302019425357812e-07
-1.0823932683479143e-07
0.0
0.0
1.5008485148047237e-09
1.4140556641031894e-09
0.0
1.4140558709710995e-09
1.4140560918587862e-09
0.0
0.0
0.0
0.0
7.735548870487386e-10
9.83165551066666e-09
9.83165550523784e-09
0.0
0.0
9.82814222279943e-09
4.973900834897921e-17
1.6542619754371151e-15
5.56806359341767e-16
1.1103456157821923e-17
1.767901981304512e-17
0.0
-9.18603265903737e-09
0.0
0.0
6.520857182806939e-08
9.185291947528279e-09
0.0
0.0
8.06945125313004e-17
1.0556408362534421e-16
-5.606969262151833e-07
0.0
-5.84403498521589e-07
1.821005763692696e-08
0.0
0.0
0.0
0.0
0.0
0.0
0.0
0.0
0.0
-7.973255421948443e-09
9.186034312337263e-09
9.186034312342618e-09
0.0
2.498001805406602e-16
-7.4387450812833655e-09
1.004342804751754e-08
2.295930481323316e-10
0.0
6.730740117850558e-17
6.730740119594992e-17
0.0
0.0
7.080589723373572e-10
0.0
0.0
0.0
6.691477336816858e-07
4.6328340583048595e-06
0.0
0.0
0.0
5.655113125315712e-06
1.0387383382351608e-07
0.0
-1.3801577883583961e-05
1.0611935015575563e-08
0.0
0.0
-9.01222598958848e-07
8.746252989664677e-10
0.0
9.9356769296552e-09
0.0
-3.874861706943803e-10
0.0
0.0
0.0
-1.9366573168271516e-08
0.0
2.0472257934456744e-09
-7.623180037239134e-10
2.0472257927398698e-09
0.0
0.0
0.0
0.0
-9.576445098935862e-09
0.0
0.0
0.0
0.0
0.0
0.0
0.0
0.0
1.0884824101107824e-10
9.86913140530793e-09
9.918403347176414e-09
0.0
0.0
0.0
0.0
5.046513771782479e-06
-5.026674409407911e-06
8.397827416744117e-10
9.834207064200067e-09
9.834165259903216e-09
1.1113129615644615e-05
2.9140219653592422e-08
0.0
0.0
8.489473631358047e-10
0.0
1.0155309268405814e-16
0.0
0.0
2.7962838999855973e-08
0.0
8.410743987434432e-10
4.366550004400227e-08
-3.431223093511226e-08
0.0
2.2579529887150112e-07
2.44005107656314e-07
0.0
1.886618579484934e-08
9.361028363822512e-09
0.0
9.160811406650447e-09
-9.16081140805991e-09
0.0
3.431223092395205e-08
2.331653764052641e-08
9.834249183353815e-09
0.0
0.0
8.362385748372798e-05
0.0
7.648411359748656e-08
2.3422035147645293e-07
0.0
2.0541084915845212e-07
0.0
0.0
1.973105403814962e-08
9.943665837345433e-09
-9.223499611863209e-09
0.0
0.0
3.296831595139161e-10
1.1850969770289787e-16
9.300457184772959e-09
2.5820294354353397e-10
-5.440075485294016e-07
1.159498044700754e-17
0.0
0.0
9.519838562017779e-09
2.263280512363753e-07
2.358538394496158e-07
2.532821704151885e-16
0.0
-9.347906224451861e-09
0.0
0.0
9.777901095318283e-09
7.213441079337291e-10
0.0
6.5316351660722055e-18
-1.3625094059076248e-08
-2.340299514250188e-08
0.0
0.0
0.0
9.849143518492609e-09
9.922320718172818e-09
9.922320838610234e-09
0.0
0.0
-7.512504673901077e-09
1.0455442632649777e-08
0.0
1.045903991818366e-08
0.0
0.0
1.04554423556634e-08
1.0376051631936187e-08
0.0
0.0
0.0
9.849143534705179e-09
-5.919992625004174e-08
1.0828372653578865e-11
9.917712645352928e-09
9.917712637700173e-09
1.218616276349555e-11
1.2186336817254935e-11
9.398044706075193e-09
9.886012885847536e-09
8.263642835825785e-10
0.0
9.398044697374997e-09
5.9210755409822013e-08
0.0
1.0455438677579055e-08
0.0
1.2187718294021974e-11
1.9403203175315034e-11
2.87130826905801e-08
0.0
0.0
-5.1569612093403964e-08
5.284731787523592e-10
1.579597404906638e-11
1.2188943330596753e-11
0.0
0.0
0.0
0.0
0.0
0.0
-1.7063209707673597e-07
-1.896409199406764e-07
7.558779973350793e-10
-2.6247577618971826e-08
-2.6247580109384216e-08
2.473568590540838e-07
0.0
0.0
2.914031874540433e-08
4.984865198622635e-08
9.910536780772736e-09
0.0
0.0
3.856311515043451e-18
0.0
5.922597283262998e-09
0.0
-4.51688109137649e-09
2.5364569695809444e-16
2.9233881835934054e-08
2.473568590346145e-07
0.0
9.890873467795897e-09
1.9181782263965903e-08
9.967799679188802e-09
0.0
1.709237909921441e-07
1.9918754603186206e-08
9.950954865667327e-09
8.668447405973225e-10
7.14629236623247e-05
9.92767097849294e-09
1.9566266030067334e-08
9.927914084904302e-09
9.927914029233582e-09
0.0
1.9775822289817915e-08
9.927670810536311e-09
4.358045894662863e-06
0.0
4.364728603918076e-06
0.0
-6.648313627052871e-12
