0
0.0
1.0483254970787154e-08
0.0
0.0
0.0
1.4788287274453843e-07
0.0
0.0
0.0
0.0
0.0
0.0
0.0
0.0
5.129386940547117e-09
0.0
9.873420717251226e-09
6.7128109645561e-09
0.0
0.0
0.0
0.0
0.0
2.677548058595421e-10
0.0
6.184267160626968e-09
1.2783042049920437e-08
2.6541181661458287e-10
0.0
1.1817436528822689e-09
0.0
0.0
0.0
0.0
0.0
1.73959090796768e-10
0.0
0.0
0.0
0.0
0.0
9.570029057145963e-10
0.0
0.0
0.0
1.4958306612324944e-08
0.0
0.0
0.0
0.0
4.4293643874181695e-16
1.3642755245189813e-08
0.0
2.4112164586163194e-09
0.0
0.0
0.0
8.947061689379792e-09
0.0
0.0
0.0
0.0
1.3980269220963631e-14
0.0
3.829420693464002e-09
0.0
9.245666246342382e-09
3.4983295286668277e-09
3.9382636291562137e-16
0.0
0.0
3.06837172737797e-09
0.0
0.0
1.0549104042503832e-13
9.284994062613069e-11
2.7245277725373325e-17
1.5646887805023632e-08
5.643227440901638e-10
0.0
0.0
0.0
4.621181389766053e-18
0.0
7.18501407143135e-06
0.0
0.0
0.0
1.9960618878027868e-09
0.0
0.0
9.757105844329482e-09
8.096472279072213e-09
1.0096095366797131e-08
-7.31395415419158e-10
2.1346153463772566e-09
0.0
0.0
0.0
4.387014736515207e-08
0.0
0.0
8.142861461091437e-09
9.585361414232996e-09
0.0
0.0
0.0
0.0
0.0
0.0
0.0
0.0
1.965245644921132e-09
8.142481414301344e-10
6.808569945529236e-19
0.0
0.0
0.0
1.947492152247492e-09
0.0
0.0
2.52545237927233e-09
7.842542259330003e-09
0.0
0.0
0.0
-3.171506544916434e-08
0.0
9.223055967053984e-09
5.657057069120113e-09
9.522951864293156e-09
0.0
4.5372837662517455e-09
0.0
2.5178102611674467e-09
2.834045781415352e-09
0.0
0.0
0.0
6.1994485923473176e-09
1.4268928698534565e-09
0.0
0.0
2.689824082397111e-21
5.8223473177753915e-09
0.0
0.0
0.0
0.0
0.0
0.0
5.309743582181196e-09
0.0
6.086089332608159e-09
1.6785449086642208e-09
6.72449197306407e-09
0.0
0.0
2.5735014903780903e-09
0.0
0.0
4.027964745718917e-13
0.0
-7.318909019116138e-07
3.896997873848087e-09
7.579229698620504e-09
0.0
3.359345038152433e-10
0.0
0.0
7.023367929263984e-08
0.0
8.920014558775498e-09
0.0
0.0
0.0
0.0
9.498562790890381e-11
0.0
0.0
0.0
3.923255650607681e-09
8.365756593460367e-09
3.984025588872874e-08
0.0
0.0
5.299102101119502e-06
0.0
1.5836375774297067e-08
0.0
0.0
2.8198819755623393e-08
9.568136774931573e-09
2.7367699180093948e-17
4.475454946120556e-09
0.0
0.0
0.0
0.0
5.050650441081682e-10
0.0
0.0
9.09502243485958e-11
0.0
5.560966579105866e-09
3.8078538705434845e-09
0.0
0.0
3.9322378556720486e-07
0.0
2.7531361580875514e-07
2.9139769118465205e-08
0.0
9.88239626710723e-09
2.066464583014016e-08
0.0
4.501414643953474e-10
1.0043283076870751e-08
0.0
0.0
0.0
0.0
0.0
9.201795999650357e-09
0.0
0.0
6.722155668304463e-11
0.0
0.0
9.404519636712575e-09
0.0
0.0
0.0
1.845376265790296e-19
9.775600349748534e-09
5.825010429210239e-09
1.3486539803090085e-11
0.0
0.0
6.673179481008969e-09
2.434744096310794e-08
0.0
1.8422363953692038e-10
4.6396765862511806e-07
0.0
0.0
0.0
0.0
0.0
1.473817474150325e-18
0.0
-6.853554427088682e-06
9.562521019910237e-23
0.0
0.0
6.659082018017028e-09
0.0
9.266124624347332e-09
1.0748297686261726e-09
8.159539252644418e-09
0.0
0.0
9.778714232913653e-08
0.0
1.1994653309092813e-09
0.0
3.342991197748186e-09
0.0
0.0
0.0
0.0
0.0
0.0
0.0
0.0
1.6133304427660253e-10
3.000887575385893e-09
0.0
9.471648302425094e-09
1.491869362737264e-17
0.0
0.0
0.0
0.0
0.0
0.0
0.0
0.0
3.2801258031953654e-15
0.0
-1.9011093260389946e-08
0.0
2.4199300017609673e-08
0.0
2.1508454414502443e-09
0.0
8.590112539449225e-09
9.678949856483205e-09
0.0
0.0
0.0
0.0
1.0681891881765865e-08
0.0
9.509734274368977e-09
0.0
0.0
0.0
2.1346138584636888e-09
0.0
2.7815104938431504e-10
4.621181498794254e-18
0.0
7.949519196926109e-10
1.4622581645376768e-08
7.258412748218743e-09
1.185321833642085e-09
1.3381798787096782e-09
3.468034952957005e-09
3.532902969300259e-09
8.915803373503715e-09
0.0
5.5359470877306165e-09
0.0
0.0
7.539258749060315e-08
0.0
6.017904749410559e-09
0.0
0.0
7.986653808291492e-09
6.648332537063418e-12
0.0
0.0
0.0
0.0
0.0
0.0
0.0
4.789237783128366e-10
4.4590881973899554e-10
4.327584454066392e-10
9.872019481428422e-09
0.0
9.966670256755315e-09
0.0
4.30567330403515e-10
0.0
1.5465111091756768e-10
0.0
-9.873420717065046e-09
9.590449377523317e-09
9.869803284344424e-09
9.319687222076312e-09
0.0
-6.712811017042374e-09
0.0
0.0
0.0
0.0
2.77002885980771e-09
0.0
1.1093438470121128e-10
0.0
0.0
0.0
0.0
0.0
0.0
0.0
0.0
0.0
0.0
0.0
0.0
0.0
0.0
1.5058957726906737e-08
0.0
0.0
0.0
4.90084670386805e-08
0.0
0.0
5.526030682470603e-09
0.0
0.0
0.0
0.0
0.0
0.0
4.794542319168067e-08
0.0
0.0
0.0
0.0
0.0
0.0
4.0179962893005765e-10
2.5395383913794926e-10
0.0
0.0
0.0
0.0
6.3125508314229875e-09
0.0
0.0
0.0
0.0
0.0
2.053067406895003e-10
2.0531492488952347e-10
2.05329613031429e-10
0.0
0.0
9.676481590247059e-09
0.0
6.879244108538815e-16
0.0
1.9560809487235775e-08
1.916037530852624e-08
0.0
0.0
-1.0040004657577687e-09
0.0
-7.826011163333119e-09
0.0
-8.828745641560761e-09
0.0
-2.576680583409559e-10
0.0
0.0
0.0
2.0532609892377242e-10
0.0
0.0
0.0
0.0
0.0
0.0
0.0
0.0
0.0
2.0530984636329756e-10
2.0532240984249375e-10
0.0
1.0378350647026035e-08
9.884927423056878e-09
-3.388902013851913e-09
0.0
0.0
0.0
0.0
9.938707103491374e-09
0.0
5.002184329182837e-10
-2.6808754617249558e-08
0.0
0.0
1.04832554023286e-08
0.0
0.0
-9.318319803523283e-10
5.932059185673605e-08
1.3843356238458401e-07
2.5921027780276546e-06
7.112915940885226e-08
0.0
0.0
0.0
0.0
9.627479689670688e-09
0.0
7.878698211323034e-09
0.0
1.9228177845215193e-08
0.0
1.4483897856649936e-06
2.057023714116604e-08
3.463710385958212e-09
0.0
9.594727491362062e-09
-1.1384407360086642e-08
0.0
0.0
5.598503485196056e-10
0.0
0.0
6.101506334899032e-09
5.389286059207895e-10
9.594728613014837e-09
9.594729707162103e-09
7.34696328935327e-08
9.463706315999965e-09
7.258396595586567e-10
2.8278094701902928e-15
0.0
0.0
4.0823306424955836e-05
0.0
0.0
0.0
0.0
0.0
1.1070563699256403e-08
7.894833282040518e-09
6.9341122140606514e-09
0.0
3.212304243660322e-08
3.212303950434022e-08
0.0
-3.706513405643466e-06
3.2412780366024556e-07
1.096731455740906e-08
7.886769772710432e-09
7.314492271771158e-09
7.314492554179319e-09
9.791684312202735e-09
9.791686782489262e-09
9.895510141192781e-09
4.559671956744584e-10
9.895509610991858e-09
1.7884756956659809e-09
1.5755576635023694e-09
-7.725312502551707e-09
0.0
8.058663070187322e-09
0.0
0.0
-9.762141196628627e-11
-7.300750289796724e-08
0.0
1.495830632048577e-08
-2.7274250149203282e-14
2.5230833453516897e-14
1.8262874920820958e-06
1.8262874627649078e-06
9.598677682548518e-09
0.0
4.80099940806312e-08
0.0
2.602785687030993e-06
0.0
0.0
0.0
0.0
4.773823044661935e-06
6.559824837463818e-09
0.0
0.0
9.750750949942843e-10
-1.739595119292389e-10
0.0
0.0
0.0
0.0
4.0242740355438597e-10
3.7733834936814077e-10
7.208659340562917e-06
0.0
9.849261485388172e-09
0.0
0.0
0.0
0.0
0.0003612992835026624
-0.00036126097814825897
4.74998298278411e-10
0.0
0.0
9.525478966131128e-09
9.525478042656046e-09
0.0
0.0
1.8680393492368806e-08
-3.05062681358765e-10
-4.444107257217146e-10
0.0
5.607697583701243e-08
9.961093383003676e-09
0.0
1.854219230031492e-08
1.292507819230166e-09
0.0
0.0
2.7210772872576584e-08
0.0
0.0
9.05394742666244e-09
0.0
0.0
0.0
0.0
-4.167820972576519e-09
0.0
1.1220984407338363e-08
0.0
8.598286451564906e-09
4.383203802705891e-08
0.0
0.0
-3.2123058615884936e-08
4.4277203008833667e-16
0.0
2.1635694260474514e-09
0.0
4.4445200644838145e-10
5.400089339129878e-07
0.0
0.0
0.0
1.1643553882335088e-08
-2.1224443593251326e-08
3.719622557417971e-10
2.0722966746181554e-08
-4.235130663760064e-08
0.0
9.19943815685954e-08
0.0
0.0
0.0
0.0
-1.2293659576145534e-05
1.2332845239708885e-05
9.765025048775406e-09
1.3158127255634897e-10
2.6377112318205306e-10
-9.234364702591369e-09
0.0
0.0
5.189274692701999e-09
3.279672235194286e-09
0.0
-8.947048177752851e-09
1.3793855104358084e-07
1.379385486998516e-07
9.538221716192056e-09
9.538218548526042e-09
-8.947034894636806e-09
0.0
-8.947061683420874e-09
0.0
5.993604704661007e-10
0.0
0.0
5.6917601926024695e-09
9.675654413046376e-09
0.0
0.0
0.0
0.0
0.0
8.580624440506678e-08
7.712479139392843e-09
9.895510166810325e-09
-5.828717064559896e-09
9.465886527203026e-12
0.0
3.274850670277183e-08
0.0
9.488255429256537e-09
0.0
4.680840486176351e-10
1.1756191061639372e-09
0.0
0.0
0.0
0.0
0.0
0.0
7.778421721342616e-14
1.0784326876576394e-15
3.544988002385728e-10
0.0
6.918760682538482e-10
1.8352696662190137e-08
0.0
1.7676788232565383e-09
3.778543396630246e-09
0.0
5.766677527055792e-08
0.0
2.584433017136457e-06
0.0
0.0
0.0
0.0
0.0
0.0
0.0
1.0515572009243562e-08
0.0
0.0
0.0
0.0
0.0
0.0
0.0
0.0
7.29928105086054e-09
-2.30390882116007e-09
0.0
0.0
0.0
1.9189901252061994e-09
1.1381153699908901e-08
-6.390377138707347e-09
-5.250728653993038e-09
0.0
0.0
0.0
0.0
0.0
3.846940700019674e-08
0.0
0.0
0.0
0.0
0.0
0.0
0.0
0.0
0.0
0.0
0.0
3.9387496835016277e-16
-3.938503887292096e-16
0.0
9.780965137121456e-09
-3.846942378191165e-08
0.0
0.0
0.0
1.9770044496164523e-08
0.0
6.701101703361508e-08
0.0
0.0
0.0
0.0
0.0
2.874138049779873e-08
0.0
2.8443501716971015e-16
0.0
8.607594852836807e-09
0.0
0.0
2.607807647878424e-09
1.3424898222869075e-05
0.0
0.0
1.8769921015805635e-08
0.0
0.0
0.0
0.0
1.868008697283907e-08
8.110688963056958e-09
0.0
5.828698661235015e-09
0.0
0.0
2.1130264271654546e-10
3.279670686612292e-09
3.2796704607050127e-09
0.0
0.0
0.0
0.0
0.0
8.088503769663074e-06
-1.0154399706068656e-10
0.0
0.0
-8.078640720218194e-06
-1.0545037065767815e-13
0.0
0.0
0.0
0.0
-3.724750774210823e-10
0.0
-1.3346450575908717e-07
0.0
0.0
0.0
2.938905079788829e-10
0.0
0.0
0.0
0.0
1.3141835106306688e-09
0.0
0.0
0.0
9.285833811966112e-09
0.0
0.0
2.7991833857557097e-09
2.4179295918392584e-14
2.2113864467624737e-14
2.828340704783545e-14
2.5799381119045796e-14
0.0
-6.158345232297936e-09
1.0112837785705391e-08
5.015454447837487e-10
0.0
8.920014923830975e-09
3.7149582111048454e-10
0.0
4.825279753125332e-11
9.89494281144037e-09
4.554062496737625e-10
0.0
9.92709610598487e-07
1.3340440231936964e-08
2.30258282206231e-08
2.4840779073892623e-10
0.0
4.142338967376094e-09
0.0
2.221118040047369e-10
1.665246661153176e-08
0.0
6.634618287220154e-09
0.0
0.0
-8.772558434018995e-10
0.0
7.352230063575058e-09
0.0
6.633971594283139e-09
-9.631299457421146e-09
0.0
0.0
9.863566925217378e-09
0.0
0.0
0.0
-7.175255045779224e-06
-7.092147640670134e-06
0.0
4.57196627517109e-11
-4.902744876744691e-13
0.0
0.0
0.0
0.0
0.0
0.0
0.0
1.3649521576094579e-08
0.0
0.0
0.0
0.0
0.0
0.0
0.0
0.0
2.7266540720075206e-09
4.0238293933623375e-13
0.0
3.1873321394178055e-10
9.591356339277264e-09
0.0
0.0
0.0
7.16915774379039e-05
-3.192404580583324e-10
0.0
-7.168285703329502e-05
4.0257598956153906e-13
7.1702415088047e-05
9.755118936994545e-09
2.8374842790603293e-06
0.0
0.0
0.0
1.9098552281368093e-08
0.0
2.9792804125732557e-10
2.880924206579742e-10
-2.937382537725186e-10
6.352893592512847e-10
0.0
0.0
0.0
0.0
1.0082149853002473e-08
0.0
9.821239641849381e-09
0.0
1.5184328765608088e-15
0.0
0.0
7.018269557220702e-09
7.018267441927091e-09
0.0
8.882024102659358e-09
1.4662909951145948e-08
8.882013131895734e-09
8.882002273728895e-09
7.717517809571092e-09
3.2858304258918375e-15
0.0
0.0
0.0
0.0
0.0
0.0
1.279157285990784e-08
1.25555113312416e-05
1.4881161724664655e-06
0.0
0.0
0.0
0.0
-1.2243962288494004e-08
-3.642351891095467e-08
-3.005696290296622e-08
0.0
0.0
0.0
1.358735335984734e-09
1.1330573713668229e-07
0.0
1.982349001993538e-08
4.6066909251546705e-10
0.0
0.0
0.0
0.0
0.0
0.0
0.0
0.0
0.0
4.833355959751439e-10
0.0
4.355639305590886e-09
0.0
0.0
0.0
0.0
1.9460393768603964e-09
0.0
1.9731006932184246e-09
3.343149781419772e-08
0.0
0.0
0.0
0.0
0.0
9.89495634926797e-09
-8.142861203240402e-09
-8.182727736554314e-09
0.0
0.0
0.0
3.1325852282396314e-11
5.801352801032369e-09
0.0
2.1879300676521744e-09
0.0
0.0
0.0
0.0
-1.2372402693775492e-08
0.0
1.127014962262169e-08
2.0083039417497956e-10
0.0
3.241277991075683e-07
0.0
0.0
1.461352055319455e-10
1.4613493296028692e-10
-1.022317203371849e-09
0.0
0.0
0.0
0.0
0.0
0.0
0.0
0.0
0.0
1.8883968568708863e-11
1.8493129757368368e-11
1.8889794652971826e-11
0.0
0.0
2.6937061201285493e-08
0.0
0.0
-9.780968211574315e-09
0.0
0.0
0.0
0.0
0.0
0.0
0.0
0.0
0.0
0.0
1.655559654676666e-08
9.781801289104886e-09
1.8817168964638727e-08
0.0
0.0
2.767748686039102e-10
0.0
9.563773656955752e-12
0.0
3.0765836070630826e-10
2.093986047911548e-09
0.0
0.0
0.0
0.0
0.0
0.0
5.172716410012518e-16
0.0
-6.668505090571186e-12
0.0
0.0
0.0
4.3697627502924934e-08
0.0
8.115100922202895e-10
0.0
9.776359907955378e-09
0.0
0.0
9.737027999005346e-09
9.737028206294185e-09
8.495563330042236e-09
-1.0360270611027567e-08
2.614519274914313e-09
9.782185429492778e-09
0.0
0.0
0.0
1.940915017529549e-08
9.626961654831892e-09
0.0
2.800302358994771e-09
0.0
0.0
0.0
6.7011702972442135e-09
0.0
8.890239938768092e-09
0.0
0.0
1.605565038675602e-09
1.4214215933978632e-08
0.0
8.303733586175687e-10
0.0
0.0
0.0
2.984622611590731e-10
0.0
0.0
0.0
0.0
0.0
9.749263016437794e-09
0.0
9.792067405566437e-09
0.0
9.74928791386374e-09
0.0
1.9474923937555976e-09
1.9474927672837593e-09
1.9716907650349933e-09
1.9636239928170364e-09
1.955557957586155e-09
7.870630881832389e-09
0.0
-1.5759614820998708e-09
0.0
0.0
-8.059068079546705e-09
0.0
6.102325755819038e-09
0.0
1.2635347430617053e-06
1.2646535469225868e-06
1.1104371318269689e-08
1.110436856236375e-08
0.0
0.0
0.0
0.0
1.0269714277884675e-06
0.0
8.438038711270058e-09
0.0
0.0
0.0
0.0
0.0
0.0
0.0
2.3289375033998205e-10
9.66967957564688e-09
-9.723107384767421e-08
3.2968142610827263e-07
9.698074903264476e-09
2.609462653834588e-10
0.0
1.1288744396534805e-08
0.0
1.5469833174209447e-07
0.0
0.0
0.0
4.784994641558193e-10
0.0
0.0
0.0
3.1352268896733837e-09
0.0
0.0
0.0
0.0
5.067875525952319e-10
0.0
0.0
3.53255500406976e-09
0.0
0.0
0.0
0.0
0.0
8.041485310932611e-09
0.0
1.7865126460188075e-08
0.0
-3.4733504961081962e-09
3.199831601075065e-09
0.0
0.0
-9.98337778852082e-09
-2.206161063432762e-10
0.0
0.0
7.720335077037175e-10
0.0
0.0
9.102453545102076e-08
0.0
0.0
0.0
0.0
3.2796709014752907e-09
0.0
0.0
5.297605497622651e-08
0.0
3.1714995266964593e-08
2.6184821063821317e-08
0.0
0.0
0.0
0.0
0.0
1.1376396217094377e-08
0.0
0.0
0.0
0.0
0.0
1.8681077174495574e-10
0.0
9.867933413125766e-09
0.0
1.6854797329357812e-08
2.866513021989133e-09
1.9925277677774093e-09
0.0
0.0
0.0
0.0
0.0
0.0
0.0
6.8001176989235e-09
4.061468376353734e-09
0.0
0.0
0.0
0.0
0.0
6.77862812867234e-09
0.0
0.0
0.0
0.0
0.0
0.0
0.0
0.0
0.0
3.425392825292692e-08
5.3214329329429204e-08
9.894795427434958e-09
0.0
1.3357465484998564e-06
0.0
0.0
0.0
0.0
0.0
0.0
7.238203189778675e-05
0.0
0.0
9.644824716659173e-09
6.212163075691494e-08
0.0
0.0
0.0
0.0
0.0
1.2734134127701728e-09
0.0
0.0
0.0
0.0
1.8856715417985385e-08
0.0
9.27758285690708e-09
7.345931501394784e-08
0.0
0.0
0.0
1.9060972245577013e-06
1.2875732013116877e-08
0.0
0.0
-8.430086631237617e-09
0.0
0.0
0.0
5.439110789095727e-09
-5.8223472917950936e-09
-4.2300442299043905e-10
0.0
1.9222290559242434e-08
0.0
2.087773320385549e-08
0.0
0.0
4.887656148818692e-08
0.0
0.0
0.0
9.484324462035765e-09
1.7133023292029964e-08
0.0
0.0
0.0
0.0
0.0
0.0
4.334973224638022e-10
0.0
5.088808299313604e-10
0.0
0.0
0.0
3.6650872387098425e-08
0.0
1.3294009332308816e-05
1.5975605109343481e-06
0.0
9.699839360309837e-09
2.626889105504408e-10
0.0
-6.086089306027575e-09
7.178270866603498e-09
0.0
8.265261556016721e-09
0.0
8.265261725288985e-09
8.265260476036929e-09
0.0
0.0
0.0
-1.678544969685447e-09
9.261881747657519e-10
7.178270885065294e-09
0.0
0.0
9.13427805938284e-09
9.134277712253256e-09
0.0
-2.5735014718211713e-09
0.0
0.0
0.0
-5.309743531292158e-09
9.824663339737489e-09
3.859837094419209e-10
4.098254161164007e-09
0.0
1.019165561737741e-06
0.0
0.0
-4.0268625463486547e-13
0.0
0.0
4.469667196280455e-10
2.68710237745707e-10
0.0
9.474770250855203e-09
0.0
1.3214172174032663e-05
-2.4560642845053165e-10
0.0
0.0
0.0
1.5439853676009723e-15
3.675625625383383e-08
-3.320604871439077e-08
0.0
0.0
0.0
-1.9636796587911774e-09
0.0
1.336333038535013e-06
0.0
0.0
0.0
0.0
0.0
1.3296425913874288e-06
0.0
0.0
0.0
0.0
0.0
0.0
0.0
3.752096236039011e-07
3.34672380930801e-07
-15.702455771737489
15.702456503628392
0.0
1.3296425587270755e-06
1.313033548926057e-05
0.0
0.0
0.0
9.134292022470019e-09
0.0
0.0
0.0
1.437640214014141e-06
0.0
0.0
4.256875980329152e-09
0.0
9.477450130680048e-09
0.0
0.0
0.0
0.0
-5.351594050240216e-06
5.378006217958406e-06
3.113504335060271e-10
0.0
9.567083762360151e-09
1.3158114657360842e-10
-5.644972316367414e-09
0.0
9.093510809724688e-10
-8.920014614097194e-09
0.0
9.722190497107874e-09
0.0
9.035729264683124e-08
0.0
0.0
8.289714248377322e-09
7.911447485853641e-08
0.0
8.91906258309779e-09
3.250240297513322e-08
0.0
4.6036088547603345e-06
-3.1209823431812583e-09
5.4253251905973594e-09
-9.498554315134129e-11
4.550422878945168e-06
3.804114486500968e-08
0.0
0.0
-1.9274162890804483e-08
0.0
0.0
0.0
0.0
0.0
-0.27683918009211794
0.27683911761294694
-6.079414365347022e-08
0.0
0.0
0.0
0.0
0.0
0.0
0.0
3.32040068788006e-07
0.0
0.0
6.179481704820564e-14
0.0
1.1178705281433621e-08
0.0
0.0
0.0
1.6867284138323904e-08
5.8787165856950616e-08
0.0
0.0
1.963061795474837e-08
2.7534163634545977e-10
0.0
0.0
1.202186785936872e-08
1.653814147594579e-10
0.0
0.0
9.776353946340762e-09
-1.9718845386401673e-08
0.0
6.377747579221162e-09
0.0
0.0
0.0
0.0
0.0
0.0
0.0
0.0
0.0
0.0
0.0
0.0
0.0
0.0
-3.984025551579144e-08
-2.2690556271328428e-08
0.0
0.0
0.0
3.307338284154621e-10
-5.317596036391592e-06
-5.232955512912696e-06
0.0
1.5836364461918662e-08
-6.375359548909831e-09
3.322742373541746e-10
9.133358632631119e-09
0.0
-1.576365300798169e-09
7.724503828081004e-09
0.0
-8.059477198411316e-09
-6.538161421987265e-09
6.1019165970011e-09
-5.385128116949236e-10
0.0
4.824829477198652e-11
-2.677548183172007e-10
0.0
-3.4946714770021277e-09
0.0
0.0
0.0
0.0
0.0
0.0
0.0
0.0
0.0
0.0
0.0
0.0
7.932185977889156e-07
0.0
0.0
0.0
0.0
9.904865306323149e-09
0.0
2.607991067131841e-09
2.6079901632181463e-09
0.0
0.0
5.292583162200525e-09
0.0
0.0
0.0
0.0
1.0239727802823157e-13
0.0
1.2415612464545932e-09
0.0
0.0
0.0
-6.184267102268045e-09
0.0
1.6756306372010246e-08
0.0
0.0
1.968839934263386e-08
0.0
0.0
2.6079761641097954e-09
1.3787687451752583e-07
9.299243868315342e-09
0.0
0.0
3.817441496843995e-08
0.0
0.0
0.0
6.0436642493272365e-09
8.298169140403202e-09
0.0
4.085673685218088e-09
0.0
1.1928686528656886e-08
0.0
1.1928702493311446e-08
1.192872119343645e-08
1.8458262011494808e-06
7.277979108266663e-09
0.0
0.0
0.0
1.4878551364121448e-08
2.5748593129576937e-08
0.0
0.0
0.0
2.6079582271626604e-09
2.607967310906546e-09
0.0
5.221821413638195e-09
0.0
0.0
0.0
0.0
-2.163590182661504e-09
0.0
3.8300437636993897e-10
0.0
-2.5553212983087104e-09
0.0
9.764071023731726e-09
2.4947094138547087e-08
0.0
0.0
0.007822982086765459
-0.007822962480003415
3.60048347066141e-10
1.1742299709890148e-09
1.2284516087145163e-08
2.6643280743775785e-07
-2.6643281142435526e-07
-2.6643281540554564e-07
2.6643281938628704e-07
0.0
0.0
0.0
0.0
-3.2412780147025866e-07
-5.221814524028056e-09
2.3428171960423427e-09
0.0
0.0
0.0
0.0
0.0
0.0
9.305072480704493e-09
3.3140893500867616e-09
0.0
0.0
0.0
-3.932237853856127e-07
-3.8354593247918917e-07
1.4958305627319607e-08
1.8444831904616712e-08
0.0
1.088648238731782e-08
3.9763645901859744e-10
9.836476334847206e-09
7.129780066738273e-10
9.845877618747756e-09
0.0
3.538587704469059e-07
3.0568852389710826e-08
3.74217171869085e-07
-1.2531367593656014e-09
-5.574594206329446e-10
0.0
0.0
8.729356878051922e-09
3.287969003427284e-10
0.0
2.6643279947108947e-07
0.0
0.0
-2.560837738545648e-07
-2.65654383421933e-07
0.0
0.0
0.0
0.0
0.0
0.0
1.3543791432706816e-08
1.9771058867296928e-08
1.975961796754896e-08
9.882228608089671e-09
0.0
-4.430103276326636e-10
0.0
2.540076419197418e-09
0.0
1.7634413580839966e-08
2.6477838004222977e-08
0.0
1.577881911570074e-08
0.0
0.0
0.0
0.0
0.0
0.0
0.0
6.647100890216694e-09
0.0
2.171558638725091e-08
0.0
0.0
0.0
0.0
0.0
0.0
0.0
0.0
0.0
2.770047494905838e-09
0.0
1.1095083663789749e-10
0.0
7.908941323937304e-09
2.5516900409214466e-09
2.447964054665553e-10
9.840292461384345e-09
9.634791795296083e-09
0.0
5.393878474196303e-09
0.0
0.0
0.0
0.0
0.0
6.049343847793983e-09
8.469506779521743e-10
6.520004582936501e-10
0.0
1.3298364367570627e-09
0.0
0.0
0.0
4.139062201967193e-09
8.131749716517856e-09
1.996284168971015e-09
7.780441516257071e-10
6.854590920061419e-08
3.6223571810582686e-09
1.5134056014343612e-10
1.2281115173132909e-09
0.0
0.0
0.0
2.294378504148886e-09
4.866256036427837e-09
-2.06646458555948e-08
9.748497219382852e-09
9.748497075896609e-09
9.748496905548354e-09
9.391286856681724e-09
7.535032070371383e-08
0.0
0.0
0.0
-4.501420082492734e-10
0.0
0.0
2.9197708056851555e-08
9.96952774768185e-09
9.93098597404539e-09
9.930983914538476e-09
9.837577116364856e-09
9.837575842805967e-09
9.930172702089917e-09
9.93017104728122e-09
9.657095355952246e-09
0.0
9.657079951935316e-09
0.0
0.0
0.0
-6.019858556078458e-10
0.0
7.288548505739205e-10
9.517534049264108e-09
8.266874132187165e-11
8.998506153753971e-09
9.855736484477909e-09
1.496021603436707e-09
9.855750014821067e-09
0.0
0.0
0.0
-9.575707942062264e-09
0.0
-3.820438943067522e-09
0.0
4.900112573122911e-09
2.7362790832411877e-09
0.0
0.0
0.0
0.0
7.49660033203815e-09
6.028700332047928e-10
0.0
0.0
1.732284462589715e-08
0.0
1.3324015030458103e-06
0.0
0.0
0.0
7.580898094876997e-07
2.7979470845162395e-09
2.7985902086050855e-09
0.0
0.0
0.0
0.0
5.828662501734894e-09
2.7997533840049105e-09
0.0
1.0939427943333609e-16
0.0
0.0
0.0
0.0
9.893996109979836e-09
9.893984298514624e-09
3.3619393641598914e-11
0.0
1.9399426335359007e-09
0.0
0.0
0.0
-9.404519570680242e-09
9.387167051677212e-09
-1.692366247141308e-10
0.0
0.0
3.3037268652835524e-07
1.2828797097875728e-14
-1.400939142298722e-10
5.131264843028e-08
5.13126484304648e-08
0.0
0.0
0.0
1.0725365565355708e-09
1.3573661806155692e-09
3.205981031485106e-09
3.2059904615713557e-09
0.0
4.9634950860465756e-08
2.993676233038571e-08
0.0
0.0
0.0
7.409904966388202e-10
0.0
4.576812741513158e-09
0.0
2.267890118841321e-08
2.0099937010894648e-08
9.553874466907992e-08
0.0
0.0
0.0
0.0
0.0
0.0
0.0
9.391273920591473e-09
1.1533465774745185e-10
0.0
0.0
-1.3486539803090085e-11
0.0
0.0
0.0
0.0
0.0
0.0
0.0
0.0
0.0
0.0
-1.7411141302499378e-07
0.0
0.0
0.0
0.0
0.0
0.0
0.0
0.0
0.0
9.030632207122642e-08
9.992449524764968e-08
0.0
0.0
0.0
-1.4819930293669113e-08
-1.4819930284468232e-08
4.1721739446414e-08
-1.842236377553111e-10
0.0
0.0
0.0
7.531029720735625e-06
2.4259761296601074e-08
1.2037622644489989e-08
0.0
0.0
0.0
0.0
0.0
0.0
0.0
0.0
0.0
1.7314016347512456e-08
0.0
0.0
0.0
0.27692548851251947
0.0
-5.119935983893313e-08
-3.6831358664481335e-08
-3.0446071716712375e-08
-4.920963420388877e-09
-2.5763618077471105e-08
8.63583794832003e-09
0.0
-1.6043217662378018e-08
-4.643294867707925e-07
-4.982383396412438e-07
0.0
0.0
7.329810208960498e-07
0.0
7.330667787535175e-07
0.0
0.0
9.572301723230218e-09
0.0
2.3964320596438423e-09
7.217707647349592e-09
9.614123364091784e-09
0.0
-3.5754253251949665e-10
0.0
0.0
2.030211995108429e-08
8.938524262391344e-09
0.0
0.0
0.0
0.0
2.937752293072574e-08
3.8693383358452683e-10
0.0
0.0
-8.751690631606764e-10
0.0
0.0
8.95026361732432e-09
0.0
0.0
0.0
0.0
9.821661360000035e-09
0.0
6.77379210429028e-09
9.782187531308159e-09
1.0866870524804156e-08
0.0
0.0
0.0
0.0
3.4564538515282182e-09
0.0
2.614519849453918e-09
0.0
9.923216124458169e-09
0.0
9.242999639176075e-09
1.219217752521924e-08
1.6329347829388464e-09
0.0
3.348747889561014e-09
0.0
0.0
0.0
0.0
0.0
0.0
0.0
0.0
0.0
0.0
0.0
0.0
0.0
0.0
0.0
0.0
0.0
0.0
0.0
0.0
0.0
0.0
0.0
0.0
0.0
0.0
0.0
0.0
0.0
0.0
0.0
0.0
0.0
0.0
6.843796404792925e-06
6.864993999416606e-06
0.0
0.0
-5.250733971749744e-09
9.582278901357852e-09
8.125431922113061e-09
0.0
7.292417159497508e-11
0.0
0.0
0.0
0.0
-3.711598177874614e-09
3.3006307010828374e-11
2.1309269836836764e-11
2.664328034446753e-07
9.873358340357247e-09
0.0
5.148652744357571e-10
9.944498103293652e-09
0.0
0.0
4.2424870832719945e-11
9.828918343869966e-09
0.0
0.0
0.0
0.0
0.0
9.506094579570558e-09
0.0
0.0
-9.266124589846214e-09
0.0
1.4788287246227484e-07
0.0
0.0
0.0
6.006455074660991e-08
0.0
0.0
0.0
0.0
0.0
0.0
0.0
3.5307788209545273e-09
0.0
0.0
0.0
0.0
0.0
0.0
0.0
0.0
0.0
0.0
0.0
8.183202730642556e-11
0.0
5.574688770768355e-11
0.0
5.193860021337495e-09
0.0
0.0
0.0
0.0
8.763744529360492e-09
9.916681362911183e-09
0.0
0.0
3.25268013702359e-06
0.0
4.475617709690501e-09
0.0
0.0
0.0
0.0
0.0
0.0
0.0
0.0
0.0
0.0
0.0
-3.7117295630653073e-09
1.9517770329384213e-10
0.0
0.0
9.134306332322621e-09
0.0
0.0
1.959881747310211e-08
1.2358087556464562e-08
0.0
4.182986905772367e-09
0.0
0.0
0.0
3.984094247848747e-10
0.0
-2.2863596696454103e-07
-1.0288755227239044e-06
1.6061214854267156e-06
1.2944445835407625e-14
-1.018055112811391e-06
1.4001814160279884e-07
0.0
0.0
0.0
0.0
3.117495007861975e-08
0.0
0.0
1.4072755954254108e-08
0.0
2.2225965104510242e-08
0.0
2.4837759300260067e-09
0.0
1.3915881652031102e-08
0.0
9.274351844414512e-09
3.117498380895891e-08
6.221086576823643e-10
0.0
0.0
0.0
4.795214616453079e-09
1.2455961860936766e-08
0.0
7.380333449039401e-09
4.044926643720256e-08
0.0
0.0
0.0
0.0
4.46112971864092e-10
0.0
0.0
6.233612608225981e-09
0.0
0.0
-1.0740900791006425e-07
0.0
0.0
0.0
0.0
0.0
2.7700105794883538e-09
0.0
1.1091884747841542e-10
0.0
0.0
0.0
0.0
0.0
0.0
0.0
1.505894490825995e-08
0.0
0.0
0.0
4.900844758146306e-08
0.0
0.0
2.540069955590833e-09
0.0
1.7634410117792143e-08
2.6477817919046724e-08
0.0
1.577865667170139e-08
0.0
0.0
0.0
0.0
0.0
0.0
0.0
6.6470873280771615e-09
0.0
2.1715574250949042e-08
0.0
0.0
0.0
0.0
0.0
0.0
0.0
0.0
0.0
0.0
9.319131233990202e-09
2.5882550392905095e-11
0.0
-1.3404386236537391e-06
0.0
0.0
0.0
-4.0011794360138336e-11
0.0
-5.189274547637713e-09
0.0
-1.1994653881242101e-09
0.0
5.998403249559424e-07
0.0
0.0
4.0828790951810534e-05
0.0
1.3171557435996857e-08
-8.411789682583048e-06
0.0
3.412753152732766e-08
0.0
1.0257023032332129e-08
0.0
4.872537334076648e-09
0.0
0.0
0.0
0.0
0.0
8.86785446490584e-09
0.0
-9.351088644361844e-09
0.0
0.0
2.6078965488509537e-09
0.0
2.607865499127283e-09
0.0
2.6079273879320297e-09
1.354481721695047e-08
9.488250021995319e-09
5.374256065248696e-11
0.0
0.0
-5.344125963411063e-06
5.373303714111101e-06
1.561209203761899e-10
-4.977680585595357e-08
7.472861678036496e-09
0.0
-1.398658327552941e-09
0.0
0.0
0.0
0.0
1.9217787482448493e-09
1.8490498382850224e-09
0.0
0.0
0.0
0.0
6.399486132543809e-10
0.0
0.0
0.0
0.0
1.921756266828824e-09
1.848723643354032e-09
0.0
0.0
3.716257654842736e-06
5.423531966640035e-09
0.0
5.6598975832023485e-09
2.0570233866286492e-08
0.0
3.1426794319642064e-09
2.927593510753438e-10
4.32036710155522e-08
-1.0312761540909598e-07
6.793691680276478e-09
4.81874860696906e-09
-5.526861585949069e-09
1.200938465360133e-07
-3.1420265457228313e-08
0.0
0.0
0.0
1.094785780891456e-10
0.0
0.0
-1.6133620151607173e-10
0.0
0.0
0.0
3.759829093151338e-09
0.0
0.0
0.0
0.0
0.0
0.0
2.131694152340306e-09
0.0
5.023164850707499e-10
0.0
0.0
0.0
0.0
0.0
0.0
-3.7358571222609454e-11
0.0
0.0
0.0
3.5911815331964376e-08
4.945185979776066e-09
0.0
0.0
4.020262779909105e-08
4.978110886109322e-08
0.0
0.0
0.0
0.0
2.769804528566909e-10
9.714320793915799e-09
2.7697836502512134e-10
9.71431870256631e-09
9.71433459021065e-09
0.0
0.0
0.0
0.0
0.0
0.0
1.2170599451932393e-09
7.418750793108312e-09
0.0
1.5675154700124495e-08
0.0
0.0
3.254206644065418e-07
-1.6146129301619627e-08
0.0
0.0
2.067097618702987e-09
0.0
0.0
0.0
0.0
0.0
0.0
1.8680373927605334e-08
0.0
8.119918268032482e-09
8.119905326479764e-09
0.0
0.0
0.0
0.0
1.940386192125057e-17
0.0
0.0
0.0
0.0
0.0
-5.601156760626225e-09
0.0
1.8113237594546654e-11
-9.92447661110797e-09
0.0
1.0965138649041373e-08
0.0
2.1827219985474536e-16
2.2788622810884135e-16
-7.127130474226728e-05
7.130744467916723e-05
1.732279230097892e-09
0.0
0.0
0.0
1.8107172668356318e-11
0.0
0.0
0.0
0.0
0.0
1.1642635366257184e-09
0.0
0.0
5.601133335939156e-09
0.0
0.0
0.0
3.8409424766627563e-08
2.257969371736378e-08
0.0
0.0
0.0
0.0
0.0
5.993979439525288e-09
0.0
0.0
0.0
0.0
1.458156566287254e-06
0.0
1.8096671420183813e-11
1.8102012615083273e-11
0.0
0.0
0.0
-1.4672282641966355e-08
1.8688876662700258e-06
0.0
0.0
-4.139486688331399e-05
9.894781708100191e-09
0.0
9.894781762056878e-09
0.0
0.0
0.0
0.0
0.0
0.0
1.601840806193441e-07
0.0
8.495565284686452e-09
0.0
0.0
8.495564364126671e-09
0.0
0.0
-2.4217533529904274e-10
0.0
0.0
7.878667172650706e-09
7.878635131908828e-09
0.0
0.0
5.4391377227215264e-09
0.0
8.739766166110878e-09
1.0365936848839701e-09
0.0
0.0
0.0
7.238203189294584e-05
0.0
0.0
2.094894213655607e-08
3.1750125421616034e-10
8.901996284406171e-09
0.0
0.0
2.846809931955547e-08
0.0
0.0
5.423531797387501e-09
0.0
2.6675335746839846e-16
0.0
0.0
0.0
1.4198684153556393e-08
0.0
1.0681892301573112e-08
-8.967250941171447e-09
0.0
1.4058372048939327e-07
1.7326230999231695e-07
5.387297805982884e-09
1.9250253701325964e-08
0.0
0.0
7.495857684792224e-11
-7.495829230491142e-11
0.0
1.0681892695027506e-08
0.0
8.90190720841936e-09
0.0
0.0
-3.298777226352566e-07
0.0
0.0
1.910892612029339e-08
0.0
0.0
0.0
0.0
1.9375448419646883e-08
1.815834345938994e-10
-8.331241325440968e-09
0.0
0.0
2.462561273191269e-09
6.1796716648689e-17
0.0
0.0
-2.333774091421828e-09
1.5161141395404177e-15
0.0
1.2113627192348736e-09
0.0
0.0
0.0
0.0
0.0
0.0
0.0
0.0
0.0
0.0
-1.0257020017351553e-08
0.0
-2.1880990130289893e-08
-5.151940746813656e-09
4.5266148966815693e-14
0.0
0.0
0.0
0.0
0.0
7.886749831666976e-09
3.6339580003117713e-09
-7.069303258554725e-09
0.0
0.0
0.0
0.0
0.0
0.0
0.0
2.0029406164592882e-10
1.725917883961142e-08
2.270791014497484e-08
-1.3381798138317928e-09
0.0
0.0
0.0
-3.5329037473275093e-09
1.4982381309668863e-08
1.498240925741769e-08
0.0
0.0
-3.468034973346662e-09
8.023419689106701e-09
0.0
0.0
0.0
0.0
0.0
1.4982470580673153e-08
1.4966370720992217e-08
9.69569757254264e-09
0.0
0.0
-2.8113823907771618e-08
0.0
1.497443547567089e-08
1.4982501560382796e-08
0.0
0.0
0.0
6.740034912850629e-09
0.0
0.0
3.072976539897354e-09
0.0
1.4788287141343028e-07
0.0
0.0
1.2840032384099735e-07
9.358128069107886e-09
0.0
0.0
5.445063067099909e-09
9.731216986733071e-09
0.0
-3.240087866192677e-08
0.0
0.0
-5.595377094655061e-08
-6.57894972096331e-08
1.5636007540350247e-08
0.0
0.0
1.2840032060061077e-07
0.0
0.0
1.317141914896974e-08
0.0
0.0
3.448482333462696e-08
0.0
2.3859397110175376e-10
0.0
-3.4888564602112413e-07
5.664624649059998e-10
1.7618435902242034e-09
0.0
0.0
0.0
1.0250135543309992e-08
0.0
0.0
0.0
0.0
0.0
-6.648332537910451e-12
