0
0.0
0.0
0.0
0.0
6.958133029944175e-08
1.9194828235363273e-06
0.0
0.0
0.0
0.0
0.0
0.0
0.0
0.0
0.0
0.0
0.0
9.914153731787229e-09
0.0
0.0
0.0
0.0
0.0
0.0
1.1286268111007297e-07
0.0
0.0
0.0
1.2446080911829647e-09
0.0
0.0
0.0
0.0
0.0
0.0
8.575885726392453e-09
1.880630293961622e-09
0.0
1.982539543201133e-08
0.0
0.0
0.0
0.0
0.0
0.0
0.0
0.0
0.0
0.0
0.0
0.0
0.0
0.0
0.0
0.0
0.0
0.0
0.0
0.0
0.0
0.0
0.0
0.0
0.0
9.826387773170808e-09
0.0
0.0
0.0
0.0
0.0
0.0
0.0
0.0
1.0153958934517454e-10
8.202297563967284e-12
8.51424803284572e-10
0.0
0.0
0.0
0.0
2.3155259289755726e-07
1.01539848090023e-10
0.0
0.0
0.0024468862946301906
4.898544643647165e-13
2.2186334664657372e-08
0.0
0.0
9.132035934094944e-09
0.0
9.813810334760143e-09
0.0
3.981199231047752e-08
-3.9798171949325154e-08
3.076304999730015e-09
4.697631591235287e-09
0.0
0.0
0.0
0.0
0.0
0.0
0.0
0.0
0.0
0.0
0.0
0.0
0.0
0.0
0.0
3.5744428110167475e-09
8.829487493504684e-09
0.0
0.0
0.0
0.0
0.0
0.0
0.0
0.0
0.0
0.0
0.0
0.0
0.0
-4.8855494873831576e-08
9.579832609879179e-09
9.496961321241517e-09
3.93554779576908e-09
0.0
6.872934482898055e-09
0.0
5.308358413408262e-09
9.837391316724839e-09
0.0
0.0003776462158025118
0.0
0.0
1.1259659512655668e-08
0.0
0.0
0.0
0.0
0.0
0.0
0.0
0.0
0.0
0.0
0.0
0.0
0.0
0.0
6.743729471122909e-09
0.0
0.0
5.105553037366808e-09
0.0
0.0
0.0
9.900610832345952e-09
-0.00046974570309632377
0.0
0.0
1.6120278160551694e-08
0.0
0.0
0.0
0.0
0.0
1.981489667761079e-08
0.0
1.420527048295435e-08
0.0
0.0
0.0
0.0
0.0
0.0
0.0
0.0
0.0
0.00038115308633921915
2.1977759199453964e-08
0.002445502295798231
2.385320977324682e-09
8.929920496709358e-08
0.0
0.0
0.0
0.0
0.0
0.0
0.0
0.0
0.0
0.0
0.0
0.0
1.2856696793747448e-08
1.9937358547151845e-08
0.0
0.0
3.807699317306956e-09
1.5214706866713016e-08
0.0
7.485864067164461e-09
0.0
3.752887946462218e-09
9.935679066489233e-09
0.0
0.0
3.1896917053554056e-08
0.0
0.0
0.0
0.0
0.0
0.0
0.0
0.0
0.0
0.0
0.0
0.0
0.0
1.7510370335150798e-19
8.417227997103506e-09
0.0
0.0
1.6922974772817095e-10
3.585185678403291e-21
0.0
8.56249549927532e-09
0.0
0.0
2.6347920698520377e-12
6.660367674253657e-09
9.733884827921678e-09
0.0
1.1504736595674922e-10
4.272603718333612e-09
6.298129764364794e-12
0.0
0.0
2.6252895818673205e-08
0.0
0.0
2.273931535701684e-11
-0.002639930126026346
0.0
0.0
0.0
0.0
0.0
3.248395125006071e-10
0.0
0.0
0.0
0.0
6.237305777284652e-07
0.0
0.0
0.0
0.0
0.0
0.0
0.0
0.0
0.0
0.0
0.0
9.8106480739931e-09
2.079613576021677e-09
5.74360896372063e-07
0.0
0.0
5.996808918085841e-20
0.0
0.0
0.0
0.0
0.0
5.643369410423648e-07
8.517264721241376e-09
0.0
0.0
0.0
-1.842940779547337e-09
0.0
5.830556657920461e-09
0.0
9.467954536198254e-09
9.667200898938505e-09
9.586912877503313e-09
9.132186148218967e-09
0.0
0.0
0.0
0.0
2.1642535416347446e-08
0.0
0.0
9.457972913197578e-09
0.0
0.0
3.076304995448589e-09
0.0
0.0
0.0
0.0
0.0
1.2902831320364306e-08
3.3829614558119494e-10
0.0
0.0
0.0
0.0
0.0
0.0
5.746500566484387e-08
1.2388798711833386e-08
0.0
1.2447687547879027e-08
0.0
0.0
0.0
0.0
0.0
6.648025878102227e-12
2.643264788213562e-07
8.35190366763861e-08
7.485749546908104e-08
7.863270865661572e-09
0.0
1.612962396953778e-06
6.048476336909998e-06
9.915699733710091e-09
9.91569973555915e-09
6.276361439170891e-10
6.276361459469e-10
0.0
9.990812837310378e-09
6.798629885323751e-10
6.529180747628741e-10
6.753258275482155e-10
9.941988058758259e-09
8.988594494020904e-09
0.0
9.941987911459908e-09
9.960004553198994e-09
9.987416168677374e-09
9.982800372646562e-09
-9.914153731748049e-09
0.0
0.0
9.715133930883207e-07
2.413414533782705e-07
0.0
2.533324751511066e-08
6.409702729652366e-08
3.810909411019091e-07
3.616000687559648e-07
3.570079157482352e-08
1.5441995691818602e-07
4.3051105276366745e-07
3.8839083388337056e-07
4.287208996261268e-07
0.0
2.8759295202901793e-07
3.489048573814684e-08
0.0
0.0
3.978502064620619e-07
4.2035379225441865e-07
0.0
2.2651509964549956e-09
4.941492072234723e-08
4.9429011313257036e-08
1.4023976934659543e-07
1.9504422674021882e-07
4.599174990865093e-08
0.0
0.0
0.0
0.0
0.0
0.0
0.0
1.2014671365778024e-08
0.0
0.0
0.0
1.4876928434388915e-06
8.829487370225156e-09
1.1286268043147431e-07
6.790868158643629e-10
8.244390545939658e-10
6.738445688444662e-10
0.0
5.0379728496849064e-08
0.0
1.0046201811588103e-08
0.0
0.0
0.0
0.0
2.8232602109604955e-07
0.0
0.0
0.0
9.93216377798792e-09
9.91772733413848e-09
-1.128626810335643e-07
1.1286268090923087e-07
2.0465561535567544e-18
1.9854798459404856e-08
1.9883377504770668e-08
1.9974042712198273e-08
1.9964093794049027e-08
-1.7150764106802176e-10
5.0379715054458055e-08
0.0
-7.793684464062108e-10
0.0
-8.84622626442632e-09
0.0
-9.779922966615478e-09
2.823260075410772e-07
-9.822557576989396e-09
-9.822492836214806e-09
-9.8224211109014e-09
0.0
5.037970161261743e-08
0.0
0.0
0.0
0.0
0.0
0.0
2.8232599398898745e-07
0.0
0.0
1.9935011413507588e-08
0.0
6.644679558906171e-10
6.065338808872816e-10
0.0
0.0
4.2844740409555876e-16
2.1833264450663251e-07
0.0
2.2709409634657966e-07
6.741377187225448e-10
1.079367659292084e-08
0.0
8.260779246169496e-09
0.0
5.070729335089701e-10
0.0
-9.972859625357461e-09
5.301735648117297e-06
2.0377197127142537e-06
2.067727303308046e-06
1.2097211136228516e-05
6.060077289614278e-09
6.883535327592412e-07
3.4364755685643352e-06
4.90509331189436e-08
4.1224612833763847e-10
9.548015810545651e-06
0.0
0.0
1.9162819447735997e-08
1.041367037366573e-18
8.544984376050148e-07
6.888287276083037e-07
4.5087841973487795e-05
9.947582486690861e-09
0.0
-1.9262969929746687e-07
-1.7522479692916315e-07
-1.6530219057800388e-07
-1.5564498979936392e-07
-2.040713789428633e-07
-1.2384502489498628e-07
-5.7474274745103904e-08
2.9301123234573394e-07
0.0
0.0
2.1047854928256827e-06
5.630538174188622e-10
5.630538185054452e-10
0.0
0.0
2.1423285869095344e-07
0.08070860525408001
1.9825395431955354e-08
5.537227965346759e-10
-1.9825395431984352e-08
1.994532431931878e-08
9.966862763713044e-09
3.4366819899765794e-07
0.0
2.988933606729379e-08
6.371990318091868e-10
0.0004250581302471234
0.0004250581302475258
0.0
-0.038512502405728455
0.0
3.4365300395909993e-07
0.0
9.922518696481823e-09
9.922519095354474e-09
9.962268540093313e-09
9.96226893677306e-09
9.950260684556477e-09
6.433408641115197e-10
9.950260285721511e-09
1.9451033646603055e-07
1.752248036043791e-07
1.6530219723286392e-07
1.5564499727081793e-07
2.0407138532491098e-07
1.0631405578991412e-07
3.263755904191548e-07
0.0
9.545736117787945e-09
9.885064014224318e-07
0.0
0.0
0.0
0.0008924872130527168
0.0008924872130667259
-9.885064022278206e-07
3.794824904952598e-07
4.999254264899485e-06
2.7741556100406788e-08
5.28329998886048e-07
1.1095968979624575e-05
4.161475747209202e-07
0.0
1.3755378216505528e-14
0.038947537405818126
8.623001198390483e-09
0.0
-1.179636316556401e-05
1.1797533109641729e-05
0.0
5.800910459818991e-06
0.0
0.0
0.0
9.979616426400274e-09
9.979618232806454e-09
0.0403055557531502
-0.001377167637762966
9.674245271301847e-09
0.0
4.098432043520065e-07
0.0006405831150244584
6.255462516574974e-06
11.13622162421451
-11.13622158427294
9.983126593893655e-09
0.0
0.0
9.96394426363833e-09
9.966679242156457e-09
9.94629316237105e-09
0.0
0.0
6.695955724063396e-06
1.6520418252737035e-06
6.695955725869432e-06
7.470607776717346e-07
6.553573729235906e-08
0.0
7.814215719862197e-08
1.2941925851870523e-07
0.0
2.0915642614018793e-07
1.4258637330015321e-08
1.4940487589630697e-07
0.0
0.0
2.654087751644524e-07
0.0
1.2388799724305119e-08
2.0966512691468091e-07
6.684288016460239e-10
3.4761349297285857e-07
4.4964267311179345e-08
1.0047202238563176e-06
5.254697686117804e-07
5.825093813388103e-07
2.718710753325597e-07
1.4868344487847706e-07
-0.0004250581302467221
0.0
6.958134408537265e-08
1.6432038199079568e-06
1.6520418287796004e-06
-1.642351608743977e-06
0.0008914238792340235
9.808803686419571e-09
9.80880368530064e-09
0.0
0.0
3.096258528228241e-07
6.57324709889611e-10
3.727393717805228e-07
6.444525341684068e-05
6.449458897954533e-05
0.0
0.00036657289905137584
2.0136774966444117e-16
0.0
0.0
-0.03353645199603521
0.033536479150430995
5.397939901601386e-10
4.18527164730828e-10
5.034166476707844e-10
1.0527567321104896e-08
5.068853349249246e-08
4.904012777160598e-06
9.860349188465852e-09
9.618010206034452e-09
1.361733965770254e-09
1.3617339668522098e-09
1.910154865003867e-06
1.910154866310588e-06
9.904645741280372e-09
9.904647071503264e-09
1.361733967990622e-09
1.3617339658279788e-09
0.0
0.0
1.4685222656388323e-09
0.0
0.0
4.351921137027044e-09
7.677891627204377e-08
0.0
0.0
0.0
0.0
0.0
8.915757036654137e-08
1.0465702868746442e-08
9.950259885506828e-09
-5.244712521038227e-10
0.0
0.0
0.0002921234303086929
3.367001394372623e-08
9.970397042055552e-09
6.769008517211683e-10
6.792406472734101e-10
3.336907358158531e-07
1.8819592592454185e-09
1.8819549266612554e-09
9.548015811350844e-06
0.0
3.750922840276419e-07
3.750922876389128e-07
0.0
0.0
3.553216216485156e-07
0.0
3.369313138218535e-08
5.337172917720504e-07
5.918437264655107e-07
2.813160739729744e-07
7.962554111618283e-09
2.416086906543556e-08
5.007470338207418e-06
0.0
0.0
1.0504125253466124e-05
1.3483150112053418e-07
0.0
0.0
0.0
4.773818759855701e-10
5.852566264638055e-07
0.0
0.0
1.131944602436326e-06
1.1417709902116426e-06
1.1319446024429264e-06
1.1319446024384706e-06
1.1319446024386175e-06
1.1915481483634517e-18
1.1916818879224385e-18
2.6840508517532754e-08
-1.6297856284726097e-08
0.0
9.781370380324006e-09
-2.2026526329060273e-10
1.2168535944957586e-08
0.0
5.28292080244301e-06
1.7780680194954407e-07
1.778068035539113e-07
8.024740292344733e-16
6.325959265622024e-09
5.269294805498988e-06
6.688105763147445e-10
3.4502323859042505e-08
9.563603840841282e-09
9.563603838522332e-09
2.6350814108603354e-10
0.0
8.148175799318607e-06
0.0
8.133743191183631e-06
4.0418174136045017e-16
3.677803995957877e-06
-1.181605309505656e-05
6.201851490466753e-10
0.0
0.0
0.0
0.0
-3.450232345658666e-08
0.0
0.0
0.0
1.9635392699360617e-08
0.0
-8.423877016688897e-06
2.0189979662505904e-16
4.150211547533111e-08
4.4656321430150186e-07
1.6999899674345503e-07
7.512161056939901e-06
-2.915185776987544e-09
9.793744089504767e-09
0.0
1.9120034343443816e-07
0.0
0.0
0.0
0.0
0.0029478634685067284
7.585806721117949e-10
0.0
0.0
2.9692928430868965e-08
0.0
0.0
0.0
0.0
6.55612046051335e-09
0.0
9.829447592095145e-09
5.246453710223239e-10
0.0
1.9285541780470475e-08
9.61801006480586e-09
9.61800999688269e-09
3.6556108762377694e-10
3.655610165230751e-10
1.279396516976293e-14
7.287527550754053e-15
1.6519277037099986e-14
2.729797128612218
0.0
0.0
0.0
-2.7297971285106777
0.0
0.0
0.0
0.0
0.0
-8.554598269897297e-10
1.1286268012980333e-07
-1.7415811352518274e-06
0.0
3.564975012018688e-15
9.384334453600868e-08
0.0004264043450730624
0.0
0.0004264981884175984
0.0
0.0
7.073839443397841e-08
0.0
2.006821063147645e-07
0.0
8.828332608004527e-07
1.7819793274696947e-15
4.9434148662624436e-15
0.0
0.0
0.0
0.0
0.0
3.367001487490983e-08
6.474721984504714e-10
0.0
3.8097376157351737e-08
5.374229001514015e-10
1.9814896677915837e-08
0.0
0.0
0.0
9.977461662791572e-09
6.700771996966801e-10
3.003921346161111e-18
7.734359365939039e-09
4.902782948567863e-07
2.587257019607754e-07
-2.2194676085640044e-07
0.0
2.5422954286051353e-07
5.106309534896288e-08
1.0406466670562053e-06
0.0
8.79835565494709e-09
3.839748727604955e-09
0.0
2.542295419793246e-07
5.106309418806713e-08
1.0406466660207027e-06
0.0
0.0
0.0
0.0
0.0
0.0
1.7051380888439965e-08
6.365621737256486e-10
5.466840831353046e-05
5.466840831353048e-05
-0.0024468764640865875
-0.0019238095098574881
1.3361236693892911e-05
0.0
-4.898544643647165e-13
1.33574952683152e-05
0.0
0.0
0.0
1.2124092094271277e-08
4.984552011412381e-08
0.0
0.0
7.11054232596562e-08
7.110542325752605e-08
7.110542325975115e-08
6.197338732559272e-08
7.110542326423321e-08
6.7264693976137975e-15
0.0
0.0
5.065049366510088e-09
0.0
0.0
9.813813073062012e-09
1.938266094760749e-08
0.0
0.0
3.28024718160503e-06
0.31226190548297694
-5.092521342507717e-10
0.0
-0.3122651831239704
0.0
0.3122651955439683
9.813817998348537e-09
0.0008927456596702005
1.4097706262766684e-08
6.7488210432220645e-09
0.0
1.9382660848921238e-08
2.5132119695278025e-07
-2.5132119700214993e-07
1.75309753552063e-08
-2.6890130959238145e-07
2.928014859206445e-07
2.7898280766758705e-07
0.0
0.0
0.0
3.9798171949325154e-08
0.0
9.14640256317404e-09
-3.066558974806899e-08
4.401476582267208e-18
0.0
-3.0763049996924627e-09
0.0
0.0
0.0
9.911917897398798e-09
7.23112783593193e-08
9.911918378918083e-09
9.911918860525266e-09
0.0
0.0
0.0
2.64028869208506e-16
1.807544318190958e-08
3.787578546900996e-07
9.836855487934879e-09
3.508455565484507e-07
1.518602728112215e-06
3.099542407830355e-08
0.005275227296342572
6.321584705371772e-08
0.0
7.915399156261645e-06
1.5159026457447385e-08
1.5159026457447385e-08
6.169479117727037e-10
3.928095939604345e-06
-2.691443342779892e-07
2.33484965551461e-10
2.3348496393244824e-10
0.0
1.0260286242847048e-06
-2.3997168587661024e-06
1.9971168780285382e-08
6.765182440226934e-10
1.4422957979244251e-06
7.488375576394646e-08
3.034408560544848e-06
3.661061939239612e-07
0.0
1.6038122909588162e-06
9.561814839976569e-06
4.74311336230593e-07
5.204366330154444e-10
6.796065967108229e-10
8.988593699159717e-09
8.112638451782198e-10
-9.793289332260535e-09
0.0
0.0
6.109757472918254e-07
1.0296478547877278e-07
1.1539921388872583e-06
1.8635579027310638e-07
7.904986304245319e-07
1.9385772015389086e-07
9.412029257018671e-07
0.0
0.0
0.0
9.977460863931537e-09
6.686817206582905e-10
6.537842416287739e-10
0.0
2.809828872716723e-07
1.9895435076572536e-08
6.278990718442059e-10
9.982690185417262e-09
0.0
4.596650255650151e-10
4.5966502529365107e-10
5.418788994769314e-09
0.0
0.0
-2.7575473212359007e-06
9.983835833038933e-09
1.9963890094000878e-08
6.726282860626031e-10
1.9935015112320037e-08
0.0
0.0
0.0
4.279890685617313e-10
4.2798906830788313e-10
0.0
0.0
0.0
6.4416898490069195e-18
9.932163787399768e-09
0.0
0.0
1.1884557595855105e-09
0.0
1.7804853530015806e-15
0.0
0.0
0.0
0.0
3.5614957163976335e-15
1.0241734951375653e-08
0.0
0.0
9.577106982461281e-09
9.935347191425018e-09
0.0
0.0
6.95813303364123e-08
0.0
0.0
1.7787771963423602e-15
0.0
0.0
6.784042264128877e-10
1.9970380247603786e-08
6.769447170128043e-10
0.0
1.3808497611438131e-08
0.0
0.0
0.0
0.0
9.528773604996829e-09
0.0
0.0
5.8781434552713805e-09
0.0
0.0
0.0
0.0
0.0
7.8681705135563505e-19
0.0
3.335841498901672e-05
3.335841498901665e-05
0.0
0.0
5.964106873014073e-06
8.342313407409254e-09
0.0
0.0
9.98850733336227e-09
0.0
-6.836277179274406e-06
2.9885549819937024e-09
0.0
0.0
0.0
6.538725271974691e-10
5.855139018262299e-10
0.0
5.824481648134408e-06
2.802215996938327e-07
1.978465579755011e-08
5.87295435011571e-10
0.0
0.0
0.0
2.7437842562807827e-13
2.1774097206076235e-09
1.756766705749084e-09
0.0
5.858801703624356e-08
0.0
8.348624440387198e-09
0.0
0.0
1.96302971783755e-08
0.0
8.228930045045247e-09
9.607453413000228e-10
0.0
0.0
6.454607123591788e-10
0.0
0.0
2.9205544166000586e-07
0.0
0.0
0.0
0.0
0.0
0.0
0.0
0.0
0.0
0.0
0.0
0.0
0.0
-1.8491414604036264e-07
-1.7522480138740248e-07
-1.653021950431821e-07
-1.5564499378228902e-07
-2.0407138320409972e-07
-1.1427607600947285e-07
-4.796094804112624e-08
-2.9301123631852175e-07
3.811650941762108e-07
3.7574630517996634e-07
0.0
0.0
0.0
0.0
0.0
0.0
0.000777557067094703
0.0
1.0864763451901468e-08
0.0
0.0
1.059595608148851e-06
8.074674409759543e-10
3.3198605512804447e-10
3.826845874513422e-09
0.0
9.807870893886001e-09
5.034166461265032e-10
-4.7880209699688314e-05
6.571856352298457e-08
9.935744119174793e-09
6.290728695305145e-10
0.0
2.787331372073634e-06
2.431906443898987e-07
4.177551968349953e-08
1.0231088107346403e-06
1.4673137922631793e-07
0.0
5.840242246586951e-08
2.3388548694153485e-07
2.6023563251961796e-07
9.953866539655902e-07
5.656446074910251e-07
8.446498271602698e-07
7.214179809399854e-07
3.129315559640116e-07
4.263699198170973e-06
3.064607553978356e-10
9.97604293381673e-09
3.141118494661079e-07
3.0907541559973946e-07
1.0129176313805338e-06
5.990089675514259e-07
5.757485195791953e-07
7.216277352683928e-07
6.057330438708991e-07
0.0
9.963670355358602e-09
0.0
0.0
3.0882603718648258e-09
4.4521723569806984e-10
4.452172375656231e-10
0.0
0.0003808468905623086
9.25321592676609e-05
0.0
6.138300761389223e-10
9.920234729304275e-09
9.920234732253234e-09
0.0
0.000523095952439123
0.0
9.835207310922005e-09
0.0
3.826845871607819e-09
9.618010133096772e-09
0.0
0.00048720638433728385
2.481274040591969e-06
0.0004954692033599331
0.0
0.0
0.0
0.0
0.0
0.0
0.0
5.691019391472879e-07
0.0
0.0
1.100687919304258e-06
1.1006879193079924e-06
1.1006879193031173e-06
1.1046234671021853e-06
1.1006879193058378e-06
0.0
0.0
-5.795419127707646e-06
1.4886904827785959e-06
0.0
0.0
2.9379193019710905e-06
2.9379193019670112e-06
2.9379193019651706e-06
2.9447922364506643e-06
2.9379193019675364e-06
1.2079583533226573e-09
6.56056718789266e-08
0.0
1.1222713288394298e-07
1.1753549114728214e-07
1.0820420333329534e-07
1.1222713280706515e-07
1.0820420325129632e-07
1.9538393010003034e-07
0.0
4.2420457546255745e-08
4.637416575141295e-07
4.637416575101864e-07
4.6374165750808887e-07
4.735790488267872e-07
4.637416575100612e-07
1.446538787245255e-06
0.0
1.9575910344288553e-08
1.9524676968840484e-08
9.951375264504753e-09
0.0
1.0144860694055278e-07
1.3149989519779826e-08
0.0
0.0
0.0
3.5074572101923174e-08
0.0
1.9448103223079707e-07
0.0
0.0007926491013488322
-0.00037764621580251153
0.0016933818574427619
0.0
0.0
1.9711402850065464e-08
1.9668764350512166e-08
4.429993945973083e-10
1.9668764294421965e-08
9.922392414497787e-09
9.92239235914072e-09
-2.312322861500669e-09
-1.1259659512489334e-08
0.0
1.9711402848552196e-08
9.920682635848957e-09
8.626410492933031e-06
1.2748786193403952e-07
6.138300727020092e-10
6.138300743994424e-10
0.0009012825004955372
1.4736752331738867e-08
0.0
9.828486392370744e-09
5.156925220858901e-06
5.156925220858897e-06
6.167143442689178e-07
1.992082563033826e-08
0.0
6.412214195958416e-10
-6.067518154533985e-10
1.950487324264709e-08
0.0
0.0
5.3180340038118494e-08
9.710270922171798e-07
0.0
0.0
0.0
1.407208904395229e-07
0.0
6.651160645855334e-10
-4.7730549776632374e-05
0.0
0.0
0.0
0.0
6.636547112030534e-10
0.0
6.624876172804103e-10
0.0
6.571248910996719e-10
0.0
9.969529776290252e-09
4.597549523180806e-05
0.00042406012336400567
0.0
1.0019654426971629e-06
0.000122824243005637
2.4365330960822267e-06
9.934667701809177e-09
6.280149350138989e-10
1.9914875810355818e-08
6.312733972367011e-10
5.036021618931089e-10
9.854465392405861e-09
9.457474174169372e-09
0.0
9.457474173775215e-09
1.5932491789769462e-10
0.0
-6.743729463742909e-09
9.854465391379193e-09
5.49198291001296e-10
5.004193352423427e-08
9.808059733094459e-09
9.952596637522921e-09
0.0
9.797041220645435e-09
9.797041219949953e-09
0.0
0.0
1.5851639674934807e-06
0.0
4.063999519507156e-08
9.916845182110934e-09
9.953441223616003e-09
6.464669304448193e-10
9.935572292187079e-09
6.289043869318265e-10
0.000859075761297845
1.2348671935098407e-06
4.072875394491809e-07
0.0
9.819594676494961e-09
3.559459252780963e-15
0.0
3.6476183938886927e-07
0.0
1.2097487508364753e-07
-9.900610832254755e-09
8.517299965933989e-07
1.6434529323799268e-07
1.6434529243072425e-07
1.643452940450246e-07
1.6434529525650568e-07
0.0
1.1215400400939608e-05
3.272385698176866e-06
0.0010490193419573325
-8.504210790433175e-19
2.2946241804881885e-07
2.2949256299731782e-07
9.637703293043705e-09
0.0
0.0010488829192049803
1.7011340748459212e-08
7.156875355098212e-09
0.0
0.0
0.0010488739441467305
0.0
0.0
0.0
0.0
2.563190458059611e-09
-6.740152076238347e-09
4.881220779658883e-07
0.00025205537745629143
0.0002169992657409174
0.00023487285637576396
0.00023487285637576396
1.3642275237396063e-07
0.0010488739441485144
4.336813933927162e-06
3.954027185168208e-16
1.9735790709454264e-08
6.48065077940489e-10
4.927767331747031e-10
0.0
4.507789439140526e-05
0.0
0.0
-0.0005207825523927401
0.0
0.0
1.6421547340840528e-06
-3.4225421421648153e-07
0.0
0.0
0.0
0.0
-2.276143660500086
2.27609861602154
9.897476299799111e-09
0.0
4.185271645813577e-10
4.1852716465596575e-10
9.502478447377899e-06
0.0
0.0
-1.0408180033538088e-08
1.950487324110128e-08
6.227528901875652e-10
0.0
1.7437038859403963e-07
6.261570382822355e-10
-4.8427220870085245e-09
-4.842722087049133e-09
4.7861133746636624e-05
1.2120488356516176e-08
0.0
1.345562782221774e-07
5.409054995913586e-07
0.0
9.584729454559238e-09
0.0
0.0
0.0
5.67408840073756e-07
0.0
9.858708527522202e-09
-1.3229619700967415e-06
0.0
4.625585059438494e-05
3.3725822809305596e-07
2.0147787663982655e-16
0.35225429919839174
-0.7614750147362256
0.4092207251310777
9.593244299824607e-09
5.3394989631528004e-15
0.0
0.0
0.0
0.0
0.0
9.982417041436223e-09
0.0001227045867742579
2.560900737842286e-07
1.7794597826124556e-15
0.0
0.0
1.9385347551615138e-08
1.0587881411103968e-06
0.0
0.0
1.9636481183738687e-08
5.141859371216893e-07
0.0
0.0
1.94355002612745e-08
0.0
2.328032834025739e-06
6.8610111276471334e-06
3.9923635866711965e-08
6.697490295230486e-10
1.5879705046836816e-06
1.5879705060694506e-06
9.988510005221052e-09
2.3091071533925918e-06
0.0
2.371555140229061e-08
0.0
0.0
6.681771495331371e-10
0.0
0.0
0.0
2.610333457595948e-10
1.2123591020604254e-07
0.0
9.900610831604234e-09
1.0155768465379353e-07
8.388647147794965e-08
1.0290678245118267e-07
0.001270278057224694
9.971894694643055e-09
-0.0012702680853317804
0.0
0.0
1.8683468618536224e-08
0.0
-0.002445532080461277
-0.0024660094852060332
0.0
8.929920504535479e-08
-8.92992050062491e-08
-1.2558577206948659e-08
-2.818652886869648e-09
-1.8491414374974475e-07
-1.65634608705503e-07
-1.6530219276895963e-07
-1.5564499196451566e-07
-1.944724932202258e-07
-1.2384502699062033e-07
-5.747427677970415e-08
-2.9301123433235824e-07
1.9935013639837962e-08
0.0
6.255540150295754e-10
6.255540125129869e-10
1.8519050653392766e-06
7.948984653615618e-08
0.0
2.994202361767453e-08
9.987266713053788e-09
0.0
0.0
0.0
0.0
0.0
0.0
0.0
1.3830723685689998e-13
0.00022223472506962698
3.5618672899098874e-07
0.0
1.0045262479283114e-08
9.215263524567039e-09
0.0
0.0
0.0
0.0
1.5967683734303614e-17
7.901514367254825e-07
-7.831808175209724e-07
6.970619236547858e-09
1.9853074531784195e-08
9.932163790372629e-09
0.0
0.0
0.0
9.893509876119809e-09
2.9785238327004807e-08
0.0
1.985307452867241e-08
6.113658396271405e-10
1.014043699881653e-09
-0.07276531776608053
0.07276529690422368
2.0861855561710205e-08
2.470903433249294e-08
0.0
0.0
0.0
1.791376541024226e-06
9.92261496653297e-09
4.283148879071356e-06
1.2745386756260698e-06
0.0
0.0
6.3811872601428675e-09
5.390433638186838e-07
9.973521203056552e-09
9.973519802084386e-09
-0.0003811422786199614
2.4997496981183167e-11
0.0
4.6737946004738406e-09
0.0
4.673794549699394e-09
4.673794532184622e-09
0.0008920587479182824
-9.073150410422697
9.073150407822137
0.0
4.284651484448554e-07
0.0
-7.059280805973237e-05
7.059850124394212e-05
8.729173201871103e-09
8.7291732002448e-09
0.0
0.0
1.881962277072329e-09
5.021222653506933e-10
6.672701403590402e-19
9.882280467665642e-07
-9.841481430098928e-07
0.0
-1.6432038185028308e-06
0.0
9.983977135725715e-09
5.885897245806633e-08
3.6507862922835965e-08
-3.5087717814259483e-09
9.471215149577869e-09
1.1572250299142848e-06
1.2540173010009561e-05
-1.9937358547200863e-08
8.080273035073263e-07
-7.783988989121816e-07
9.981591606127607e-09
9.453823365686536e-09
7.436737976133881e-09
0.0
5.127566538032369e-09
0.0
0.0
9.835207314752281e-09
5.302754764231659e-10
1.5020204552311817e-08
1.502020501869988e-08
9.848707800685919e-09
-9.80655405440805e-09
0.0
0.0
0.0
0.0
0.0
9.563603845326376e-09
0.0
0.0
0.0
-3.807699317146867e-09
5.017872104927217e-07
0.0
0.0
0.0
0.0
1.87996669044137e-08
0.0
3.627729191030597e-07
6.592569937952506e-10
9.96645348222523e-09
9.968214239501963e-09
9.968213434170901e-09
0.0
4.697042143646984e-07
3.8270758440941225e-07
4.994954696775912e-07
-9.61659036375419e-09
-9.934282295550288e-09
2.1434297235871545e-05
9.965781288722375e-09
2.1453096902757573e-05
4.695284269759737e-05
0.0
0.0
7.937634621544432e-19
1.5569706859260453e-07
-1.5944995654122024e-07
0.0
4.6255850595717894e-05
0.0
0.0
0.0
4.598681984228483e-11
4.598860509436511e-11
0.0
0.0
9.255362411021497e-09
0.0
4.598858611499042e-11
0.0
0.0
0.0
0.0
0.0
7.994215797610019e-08
9.881936370999175e-09
4.6953845710769326e-08
7.374739713966333e-09
0.0
0.0
0.0
0.0
1.3879523889012612e-09
1.3927159066398037e-08
0.0
0.0
0.0
0.0
0.0
0.0
0.0
2.7798001241855636e-08
0.0
0.0
9.715133933467134e-07
2.413414537088889e-07
0.0
2.5333247888334345e-08
6.409702762502774e-08
0.0
0.0
9.282658780434115e-09
9.81355962718601e-09
0.0
2.4335894774669865e-10
0.0
5.0006489088242215e-09
9.843297014816447e-09
0.0
0.0
9.6886129934387e-09
0.0
8.068299412752011e-09
3.9526763922227476e-07
8.385041450736693e-08
0.0
1.5441298626820755e-07
4.5011784390242315e-07
0.0
1.6435407701846708e-08
0.0
0.0
6.85280699254364e-08
6.902136027716782e-08
1.4036299443632843e-07
2.048056638203159e-07
3.992704617596044e-08
6.836277179675751e-06
0.0
0.0
0.0
3.9457477546490024e-08
5.769517711681778e-08
-3.1896917012178005e-08
9.902268842436956e-09
9.902268841097747e-09
5.961737974859423e-10
5.562173392698367e-10
0.0
0.0
8.920240426139138e-09
8.92024042441117e-09
0.0
4.41314818975707e-07
0.0
2.9153316181108e-08
9.99049669638002e-09
9.98721760981016e-09
9.98721759461452e-09
9.980356771700431e-09
9.980356761225749e-09
9.983657245474746e-09
9.983657234852587e-09
9.966539389176948e-09
0.0
9.966539368667746e-09
2.4005086394651963e-08
0.0
1.2638559642656564e-08
7.843214769277448e-09
3.558023798263836e-07
2.0199057699186277e-08
9.933762794225891e-09
9.933762793194658e-09
8.696469054429723e-09
9.927843624863776e-09
9.927843623580568e-09
9.927843626011281e-09
9.78977877273918e-09
9.78977877149484e-09
0.00047820759149200145
0.00047820759149200536
0.00047820759149199966
2.1445756508585913e-07
0.0
1.9496906078166615e-07
0.0
0.0
0.0
0.0
0.0
1.9034705040245476e-07
0.0
0.0
0.0
1.997155201385137e-07
0.0
0.001344230226112575
0.0
0.0
0.0
2.9603558753126137e-07
0.0
0.0
0.006455310399718748
0.006455300447122129
6.456363779408527e-10
9.829137580106206e-09
5.243021412015106e-10
0.0
4.02572225676552e-08
0.0
-1.6263032587282567e-19
0.0
0.0
0.0
2.201682150624804e-09
0.0
1.4106441508776192e-10
0.0
0.0
0.0
0.0
0.0
0.0
-3.614491756657231e-05
-1.6922974772817095e-10
3.615345553219344e-05
0.0
3.7504881527888946e-05
1.0400337873189706e-18
0.0004782075914920033
-9.101938336792672e-09
0.0
9.973073429743002e-09
0.0
0.0
0.0
0.0
0.0
0.0
0.0
4.9932541393239013e-08
3.006092907583521e-08
1.3814234798382128e-08
0.0
4.2914000560567704e-08
1.861821212036073e-07
0.0
0.0
0.0
0.0
2.0134976166843316e-08
3.674869474885799e-08
0.0004781931818851052
0.0
-8.562495275757733e-09
0.0004781931818874206
0.00039933656519766306
0.00037736624265485944
0.0
9.861608538777908e-09
5.562173360807097e-10
0.0
2.1970309056808196e-05
-1.3485995306594667e-11
0.0
0.0
0.0
0.0
0.0
-2.634792031735555e-12
0.0
0.0
0.0
0.0
-0.00044276849533078037
0.0
1.6627329715635973e-07
0.0
0.0
0.0
1.1286268070834676e-07
0.0
0.0
0.0
1.1376715489076007e-05
1.1366970528562462e-05
0.0
6.95813303117428e-08
2.1468473291242452e-16
-9.733884827507755e-09
-9.733884827412887e-09
0.000424069623844092
-1.150473622821952e-10
0.0
3.781444290749001e-07
0.0
0.003858772426142992
1.0162708457514513e-06
0.0
0.0
0.0
0.0
9.946294958213168e-09
0.0
0.0
0.0
0.0
5.342960762864335e-09
9.238531181821623e-05
0.0
0.0009379637663711862
5.038818546253824e-07
5.636573162398127
0.0
2.332609595497373e-05
2.4798361131350005e-06
4.369743485126083e-06
-8.985795064418117e-10
-3.333103331896745e-09
-2.249606212018516e-09
-2.8861587419804463e-07
-8.266934108315971e-08
-1.3623006944740723e-08
8.107342056695721e-06
0.0
4.938667154948485e-07
8.521425463192884e-05
-6.298129764364794e-12
8.571420159211319e-05
0.0
3.827022109537347e-07
2.4702783364830302e-08
0.0
1.9525986520249216e-08
0.0
9.96437066191902e-09
0.0
5.342961065008152e-09
0.0
0.0
0.0
-2.6252895818919904e-08
0.0
2.2901287292343816e-08
0.0
0.0
2.3913053420815948e-08
6.930032211848426e-09
1.982862108159646e-09
0.0
0.00015070174004814396
0.00015070174004814396
9.013586514759059e-09
9.013586509294002e-09
5.813553322736142e-06
1.3457411089192138e-06
9.9811757909527e-09
8.74799690781502e-06
9.983975734233466e-09
0.0
9.985932530554893e-09
9.891421466956534e-09
0.0013851155101945818
5.973348908258084e-08
2.610874527345464e-07
9.960885802596028e-09
7.929162360998413e-06
9.943363629879273e-09
0.0
9.960976180603911e-09
2.3923791896676716e-06
9.987155336329318e-09
0.00035275852612153935
9.984402683791528e-09
2.7478012774602303e-06
9.983834054501827e-09
3.7755841751622587e-06
9.98241526003784e-09
5.181374860236842e-08
0.0
1.3979133313287802e-15
1.3751668414828605e-15
1.914398645641887e-08
9.900610832280146e-09
4.2217600668308983e-07
0.0
0.0
0.0
0.0
0.0
0.0
0.0
0.0
2.0040422514224053e-10
0.0
0.0
4.6180469209085947e-07
0.0
0.0
0.0
0.0
2.2738923707087784e-11
2.2738140582878906e-11
4.548449031832558e-12
1.0611543064684451e-11
1.667480837292313e-11
6.0645836015974005e-12
3.0320431266882524e-11
1.8193371692421457e-11
1.2129063180437093e-11
2.4257091285292654e-11
0.0
0.0026399301260262575
0.0026384911549162116
0.0
0.0
1.778068047651087e-07
9.989608561762067e-09
9.989184955273617e-09
6.565205006999608e-10
0.0
0.0
0.0
0.0
0.0
2.177409680747947e-09
0.0
0.0
0.0
0.0
9.875804902329709e-09
0.0
0.0
9.569946876870128e-09
2.9785238324546793e-08
0.0
0.0
9.826636879454636e-09
0.0
0.0
0.0
8.206706458857194e-07
2.97993751473032e-06
9.971050841548965e-09
0.0
0.0
9.90194663211334e-09
1.919482823559595e-06
4.552821329602795e-19
1.9935019745406853e-08
1.993501742903653e-08
0.0004240844108795923
1.5563811192964847e-06
0.0
1.6016544733838003e-08
0.0
3.3734283758992753e-07
0.0
1.6814097392192509e-06
6.138790118191525e-06
1.993502669363212e-08
6.576568335500541e-10
1.993502437807841e-08
1.9935026694982527e-08
0.0
1.1779693186676524e-06
2.6432647838476114e-07
0.0
8.351903609915928e-08
2.959551064564769e-06
7.485749495584756e-08
3.5824292240016073e-07
7.863270207239757e-09
0.0
0.0
0.0
1.6129623962106099e-06
3.5133385024148755e-06
6.058212067561771e-06
3.2313858789364557e-07
0.0
1.6286616795754955e-09
4.098432025452492e-07
1.0155768287266516e-07
7.425371562214349e-07
0.0
9.595921583706163e-09
2.177408824845541e-09
0.0
3.7154743505605736e-07
3.5176839485474675e-07
2.599324994521268e-08
1.4545942376321107e-07
4.3132576365697545e-07
4.023179926491329e-07
4.1215208611971386e-07
9.970200393581549e-09
6.629393757747446e-10
2.177409701110619e-09
0.0
0.0
0.0003808179713984732
9.79704122417553e-09
9.253215926766454e-05
0.0008926582587657597
2.426937900532434e-07
2.9430891394097156e-08
1.0919626151165046e-06
3.335717827113654e-08
1.4820409160855083e-07
0.0
7.369376147501734e-08
-6.070616159051658e-07
8.152156812450414e-05
0.0003472172291667793
-0.0008590659427607077
0.00012282424300565333
1.4096673045823677e-18
-0.0007775663136637689
-1.4316801206623299e-06
0.0
1.4218621896153392e-08
0.0
0.0
0.0
1.9901383849589084e-07
0.0
2.477938153344052e-07
0.0
3.4072696669069643e-08
1.4218622479619676e-08
1.1017931032083782e-06
0.0
4.307891136679289e-08
0.0
1.5797152224366967e-07
0.0
0.0
1.9901383924770712e-07
7.56744532263931e-08
0.0
2.400268812643787e-07
4.8291317980556274e-08
1.092150980448153e-06
4.1026441133132e-08
1.4921014113044827e-07
1.9895594926946633e-07
6.662095538033291e-08
0.0
0.0
3.864602775390874e-10
0.0
0.0
0.0
9.97307343548278e-09
8.362847105973514e-06
-6.237305777273674e-07
0.0
0.0
0.0
9.715133928293967e-07
2.4134145304791845e-07
0.0
2.5333247142431854e-08
6.409702697060097e-08
3.8109094128218633e-07
3.616000688626875e-07
3.5700791717709094e-08
1.558884794175038e-07
4.305110528554872e-07
3.8839083390715413e-07
4.287208996964332e-07
0.0
2.2651507001422585e-09
4.941492046174243e-08
4.796048871388373e-08
1.4023976903597513e-07
1.950442263633611e-07
4.5991749577781054e-08
0.0
0.0
0.0
7.994215764565836e-08
9.881936063670823e-09
4.695384533804418e-08
7.374739386922413e-09
0.0
0.0
0.0
0.0
1.3879524796640336e-09
1.3927159090350568e-08
0.0
0.0
0.0
0.0
0.0
0.0
0.0
2.7798000911469978e-08
-3.64761846505246e-07
0.0
0.0
1.4778056478402416e-06
0.0
8.816471393617627e-09
0.0
1.1286268048274168e-07
7.079631777414541e-07
0.0
0.0
1.1278317619013211e-07
1.2781532321426425e-07
5.549798538176247e-10
-5.549798553827312e-10
4.691156630641772e-09
0.0
0.0
0.00047792447870412936
0.0
0.0
0.08070846288725066
0.0
-3.318129111399941e-07
-0.04004786095604726
-0.00036806648397558206
5.964106873011105e-06
0.0
6.356155534788062e-10
0.0
8.659461712835107e-09
0.0
9.935347187848782e-09
6.286827512916692e-10
6.286827482457172e-10
0.0
9.819684835527383e-09
5.150239520918758e-10
1.6421547337219788e-06
1.6421547310879387e-06
1.8819609870865024e-09
0.0
1.6520418266837819e-06
0.0
1.6421547322037828e-06
0.0
1.580668635285728e-06
9.970397835171821e-09
6.631339482284357e-10
1.9498536761254458e-16
0.0
-2.509161418704875
2.509161438278916
9.959883166040656e-09
-6.157212555280012e-05
9.746371770426805e-09
4.4299928731225916e-10
-9.83373986754299e-09
3.807234837442837e-07
6.417544264590763e-08
0.0
1.5496376245567164e-07
4.406063832669755e-07
4.467785838806576e-09
0.0
8.152156812450612e-05
5.565361105711879e-10
8.152156812410513e-05
9.86193254472096e-09
3.807234837015891e-07
6.417544246432708e-08
0.0
1.549637621910635e-07
4.4060638305041586e-07
4.467785489247525e-09
0.0
1.2781532355236643e-07
0.038512502405728455
9.93789545963169e-09
0.0
-2.3129543377475815e-06
6.888287280124629e-07
2.3292098056536587e-06
0.0
9.970387769900595e-09
-0.00029984102031132935
1.3863217323584502e-06
-3.0527484950684283e-06
3.229569857865532e-06
8.71474892245698e-07
1.0367335298644993e-06
0.0
0.00043107719528738005
5.487503765888372e-07
4.038598367865779e-10
9.706769089253306e-09
1.2395787591178746e-05
0.0
0.0
0.0
1.2405597994417563e-05
-5.061450322656849e-10
0.0
4.711902469733123e-05
-6.782088569694836e-08
1.128626806848685e-07
-5.64711210355313e-07
-5.647112103561837e-07
0.0
8.342313407270372e-09
0.0
8.401079926992003e-09
8.40107994076137e-09
0.0
6.596707119177372e-05
6.596707119177295e-05
3.5326872040201435e-06
9.8761100881682e-09
5.704673609897438e-10
0.0
0.0
0.0
1.2331672574019945e-05
9.781371237868487e-09
2.964897680232797e-08
1.0527562715821634e-08
0.00018146601340701088
0.00018146601340701093
0.0
6.95813303733828e-08
1.9666631702884667e-08
9.790522170760596e-09
6.30049962467073e-10
9.936738280536079e-09
6.300499590299925e-10
9.936738276996189e-09
6.300499670953224e-10
0.0
2.3199533058345406e-06
2.7190914100334543e-06
2.57769823468502e-08
0.0
0.0
0.0
0.0
6.555664783108828e-08
4.642114487409483e-07
2.702676785803349e-07
1.1622368532495851e-08
7.807684088531176e-05
-4.4627952824782824e-05
0.0
0.0
4.688893270781665e-09
0.0
0.0
0.0
0.0
0.0
1.9120034182806437e-07
0.0
0.0
5.857797876141486e-10
9.891692162726833e-09
5.857797844234449e-10
0.0
0.0
9.793289556039864e-09
1.3217318030277582e-16
4.127573156783776e-15
1.460016056114941e-15
1.2715687987253018e-16
1.2903321039649491e-16
5.682782996808022e-09
5.682782996832645e-09
5.682782996786465e-09
0.0
-8.16080379745991e-09
-1.5751902447333488e-08
6.839265733855502e-06
0.0
2.0036955859926063e-16
2.664560190339944e-16
-3.1158096302346547
3.1158090953961266
-5.643369414340213e-07
3.0882590383264222e-09
1.9120034023147513e-07
1.9120034063146172e-07
0.0
0.0
0.0
-1.3164766899222483e-09
0.0
0.0
0.0
0.0
-5.682778858595583e-09
0.0
4.0267268686111635e-16
0.0
0.0
1.1682251647316985e-08
1.8429407791509256e-09
1.912003410288153e-07
5.0931671050789317e-17
5.093167004870167e-17
2.2069859121674893e-09
0.0
9.744170526026961e-09
0.0
0.0
0.0
8.784941578797367e-08
7.666490218189548e-07
0.0
0.0
0.0
2.931960404245907e-06
1.3773366342761012e-06
4.065988806095648e-06
0.0
0.0008926819347765232
0.0
0.0
-0.08112153073670184
6.444359569392401e-10
0.0
9.9513752634032e-09
0.0
-9.467954536210906e-09
0.0
0.0
-1.4471248330441447e-09
-4.351921136629686e-09
-5.346807889704938e-05
0.0
-3.6523640029625273e-10
-2.8639405166954317e-10
-2.86394051672734e-10
0.0
0.0
0.0
-9.132186148209714e-09
0.0
1.8166505936709228e-07
0.0
0.0
0.0
0.0
0.0
0.0
2.705499695114725e-10
9.71795736448532e-09
9.797041219949953e-09
8.910174692957114e-06
0.0
1.9448103179807533e-07
0.0
3.009187788215953e-05
-3.007196522844744e-05
9.951676815944666e-09
9.882612317216208e-09
5.768140653932494e-10
0.0
0.0
3.777756145692221e-08
0.0
6.311876744201316e-10
0.0
2.0098818641085507e-16
0.0
0.0
-0.024408535287161914
0.024408555312088402
9.924254194479398e-09
2.1642535400995894e-08
-2.1642535408673662e-08
0.0
3.906371156330024e-05
3.9061849345581474e-05
9.868390782573033e-09
1.2278815051109707e-10
0.0
0.0
-9.457972913193085e-09
1.5981443397206066e-10
0.0
2.1642535385688576e-08
1.2040707007632617e-09
9.882656010946133e-09
1.8166051507966042e-07
0.0
0.00038814550359794753
2.3138617432617613e-15
2.677507046254001e-06
1.1754462492239468e-06
4.1743905416814337e-07
1.5857394041442335e-06
4.174390541784762e-07
2.8134084784915323e-09
7.145899226544716e-09
6.522325971791651e-10
6.193066434189982e-05
0.0
6.1926423738952e-05
8.616092446156743e-09
0.0
9.854294402258605e-09
9.854293381295065e-09
-0.07276531061473304
4.2361628048738e-18
-3.0763049954640742e-09
9.98589426916778e-09
9.986280753585783e-09
-9.101934902853341e-09
0.0
1.8384648399865542e-14
0.0
0.0
0.0
1.2446079441619798e-09
0.0
0.0
-6.356160068762828e-10
0.0
-1.324112735126466e-08
-3.5543691627780426e-09
0.0
0.0
3.4225421243599673e-07
9.96632552281293e-09
9.97846195374607e-09
6.710601782104147e-10
0.0
-4.953832575105658e-10
-9.963416750490006e-09
3.2313859601109995e-07
6.167143438410054e-07
3.231446041132321e-07
3.422542138134097e-07
3.4225421479194634e-07
3.2313859542644367e-07
3.230066309722656e-07
0.0
0.0
0.0
6.591305754575065e-10
-5.953996484259422e-08
1.8193793154357938e-11
9.976892716565089e-09
9.976892201279952e-09
0.0
0.0
6.349432461116304e-10
9.972720938233434e-09
6.654167462606777e-10
0.0
9.94171685006599e-09
5.0041933545327694e-08
0.0
3.231385898212362e-07
0.0
0.0
0.0
0.0
0.0
0.0
5.747208807575788e-07
9.8973712499879e-09
0.0
0.0
0.0
0.0
0.0
6.712462215432666e-08
1.128626804579386e-07
1.9991542313448567e-07
-2.477689601336994e-07
-4.795168814979174e-08
1.919482824010767e-06
-3.0464903630610884e-09
-3.0464906963862556e-09
1.900250221899487e-06
1.0872735106572301e-08
0.0013853344616500947
0.0
9.753919252494803e-08
3.608223786360497e-10
0.0
-0.0004309718462494061
4.442879993334621e-18
2.6432204790624312e-06
-2.6556681666225156e-06
-3.1046550098611873e-09
-0.0004309677395468725
1.8382895539607266e-14
2.934730303809964e-08
1.9002502232529164e-06
0.002875070794656833
9.972575358823538e-09
-0.00287506082208285
9.981177167990902e-09
1.3506847938380583e-06
1.3654609518352473e-06
1.9958324441911313e-08
6.697700982522462e-10
2.784176526757652e-10
-8.489958553271459e-08
9.578789184186808e-09
1.978369919025061e-08
9.881430346467838e-09
5.756954779064317e-10
0.0
1.8618155412542455e-08
2.784176540928545e-10
1.0531156852893263e-07
0.0
0.0
1.0398487087453827e-07
-6.648025878102227e-12
