0
0.0
4.018148446696576e-08
0.0
2.9083042073218066e-09
5.68280793056397e-09
5.292008360202269e-09
0.0
0.0
0.0
0.0
6.5707201867277364e-09
2.3516994014732798e-08
0.0
6.724976286759503e-10
3.32717960753387e-09
6.75385941465475e-09
9.329466776064729e-09
9.222450238355069e-09
0.0
0.0
0.0
0.0
0.0
7.601520835753694e-09
0.0
9.170669793043054e-09
2.712982765080014e-09
0.0
0.0
1.9857270817774282e-08
0.0
0.0
0.0
0.0
0.0
2.1883276480832297e-06
9.493453818204725e-09
0.0
0.0
0.0
1.0544902139438398e-08
8.665619226886744e-09
8.915042459014257e-09
9.589047674657798e-09
9.328560182388085e-09
2.7593915035448052e-08
2.2788455463260395e-05
0.0
0.0
0.0
0.0
0.0
1.1600489566438292e-08
0.0
0.0
0.0
0.0
0.0
0.0
0.0
0.0
9.24463712992289e-09
1.488189383736053e-15
0.0
9.454411287697409e-09
0.0
8.92040981882021e-09
0.0
0.0
0.0
2.9083540976174736e-09
8.982102768398978e-09
7.695310764739713e-10
1.0148787240010348e-10
7.075419586309822e-15
4.017137574278883e-10
0.0
2.3991993847899067e-09
0.0
9.157918379607467e-09
1.2220434170824892e-05
1.014862046532167e-10
0.0
0.0
0.0039442880589420914
4.895957463036697e-13
0.0
0.0
9.633907903616653e-09
0.0
0.0
1.538815106607424e-10
0.0
0.0
8.030402202183087e-09
7.584725429474265e-09
9.466395032290614e-09
5.464553604429446e-09
1.8496973139004567e-08
2.180896427072943e-06
0.0
0.0
4.480664102899044e-09
0.0
0.0
9.263626305798802e-09
0.0
0.0
0.0
0.0
0.0
1.529904710431422e-09
0.0
1.0965637544611337e-09
0.0
0.0
0.0
1.9534272241295912e-08
7.321048325034469e-08
0.0
0.0
0.0
9.400348774372062e-09
1.54465397299176e-09
0.0
0.0
2.7596672520502352e-06
-2.796117557934963e-06
9.934967886287353e-09
3.5546993886891707e-09
9.232114730718025e-09
0.0
8.383880438490005e-09
0.0
0.0
0.0
9.215366278023783e-09
0.0002134420661585184
8.320720236254845e-10
3.827089536599134e-09
3.6043482964687674e-09
0.0
1.952080471862272e-08
0.0
1.0200158183650427e-09
0.0
0.0
0.0
0.0
0.0
0.0
0.0
1.2363975109584218e-09
0.0
3.0398123131512646e-11
4.231684572238309e-09
0.0
7.711088539573215e-10
6.236724646387271e-09
9.663114100828461e-09
0.0
0.0
9.368708621841445e-09
-0.002901065609057507
6.666040512342277e-05
9.80815604699267e-09
3.5303278563237913e-10
1.297058179348656e-08
0.0
5.662488141528701e-06
0.00015597851971528852
0.0
1.922121863938624e-08
0.0
0.0
0.0
0.0
0.00083844600546761
0.0
5.350284794026244e-09
0.0
0.0
0.0
2.681324415051407e-06
0.004731810838844552
0.0
0.0075633821198692885
0.0
0.0
5.0808738401698605e-09
9.710473663911095e-09
0.0
9.429214439757687e-09
0.0
3.1556711626678e-05
0.0
4.795593946884833e-05
0.0
0.00016821829430570042
0.0
0.0
0.0
1.9502234017810046e-08
0.0
4.66549205166116e-09
3.805687709412808e-09
5.194455247625299e-08
1.801128936192337e-09
7.3581965145964376e-09
7.829257525382945e-09
4.6012257516388064e-07
0.0
0.0
9.773085147351473e-09
0.0
0.0
9.667370665309432e-09
1.1904715641339494e-06
9.560375646626455e-09
0.0
0.0
8.927987158043032e-09
9.637377337929024e-09
8.771814291393579e-09
0.0
7.117489888084295e-09
7.086677779949391e-09
2.9082819223228734e-09
1.3127957963258202e-19
0.0
3.409137649478695e-10
4.988581164104991e-10
0.0
0.0
0.0
8.01946733503981e-09
1.3478870890452454e-11
9.732958487450241e-09
0.0
9.753872835125738e-09
2.099147726000831e-08
0.0
3.3789824559486965e-09
-0.003346133912601218
0.0
0.0
0.0
0.0
0.0
3.2615638720191194e-20
2.8723042906453583e-11
-0.00617751503934727
0.0
8.260767104197236e-09
8.872565122005537e-09
5.5915494491687985e-09
0.0
9.871228256419024e-09
6.1268234223652225e-09
3.2871544525545946e-09
0.0
0.0
-1.4059093222940078e-08
0.0
9.335620887014437e-09
0.0
0.0
0.0
0.0
0.0
1.7382396838142218e-09
0.0
0.0
0.0
2.880618634745745e-09
0.0
1.588222394159436e-08
4.048497427017842e-10
0.0
0.0
0.0
6.995163583753389e-09
1.7625695900857628e-09
4.172048100601396e-09
9.813340685802162e-09
0.0029803341638661753
8.824482362497826e-09
0.0
6.58300817036669e-19
0.0
-3.334102911197395e-08
0.0
1.2528713119393047e-07
9.28227863538917e-09
8.776062162871496e-09
9.7386952276495e-09
9.903840312021951e-09
9.598134216604206e-09
0.0
0.0
2.9024200879775264e-08
0.0
2.6883880316795476e-08
0.0
8.11652807331139e-10
0.0
1.8599341484533514e-08
1.7955695777353215e-06
7.584725440190874e-09
0.0
9.053613340716495e-09
1.4713974431526128e-20
0.0
2.0651049209596063e-09
6.63232782314486e-10
2.8134040790647944e-09
0.0
5.761732302647711e-09
0.0
0.0
0.0
0.0
3.92654893355868e-06
5.622073698832992e-07
6.816657318703397e-06
0.0
1.005396434563161e-05
0.0
2.041584497597725e-08
6.582366473587025e-09
0.0
6.644513649210174e-12
5.817758053476294e-09
1.1409644470879422e-05
1.015214403336135e-05
5.926368120199578e-11
1.318053229513177e-05
3.545543699257197e-08
0.0
0.0
1.9851295825290083e-09
0.0
0.0
0.0
0.0
1.930561008526266e-10
0.0
0.0
0.0
0.0
0.0
0.0
0.0
9.651548480796307e-09
0.0
0.0
3.228281327330196e-06
2.0822821364061887e-08
0.0
5.51667329827479e-07
4.809101657555915e-07
6.9476020223401745e-06
1.7958298143616494e-07
3.068016262910318e-06
5.967491564894384e-07
1.0870877936048872e-06
8.506265501265313e-05
2.3443814342408355e-05
9.480326467114144e-07
7.802876139674927e-06
3.059350340180172e-06
5.856978814590204e-07
1.106617327003218e-06
0.0
2.2571871026551397e-05
9.502080809577327e-07
7.804007735111778e-06
6.904604875924671e-06
2.117856811458871e-06
2.3591262522642005e-06
4.2399007557147956e-07
1.134705912248868e-05
7.087592739826514e-07
1.8998251930711245e-06
1.2556541212207148e-06
2.136693653252912e-06
1.6843099596624233e-06
0.0
1.1328538618596136e-05
7.235119400928791e-07
1.9184082975364692e-06
9.12193593011706e-11
0.0
8.248175492941349e-09
0.0
1.4120084686568973e-05
0.0
0.0
4.6252628432242674e-10
8.129207846192415e-09
0.0
6.583658888909066e-07
2.935291215125057e-07
3.729384425875711e-07
9.954596231082254e-07
3.729384369767442e-07
3.768752737595669e-09
5.693232749775028e-07
1.303780016051447e-05
1.6624160056555174e-06
6.778891394884946e-07
6.77889135553481e-07
6.778891311079519e-07
0.0
0.0
4.217316927901749e-09
0.0
0.0
0.0
7.456712882120446e-09
1.9575670902613125e-08
0.0
6.583658901310521e-07
2.9352912289204534e-07
3.729384439332071e-07
1.48107021403376e-06
3.72938438414034e-07
0.0
5.693232764627261e-07
1.3037800162002226e-05
1.6624160071434405e-06
6.778891403875988e-07
6.681852116002177e-07
6.778891322454031e-07
6.583658913712224e-07
2.935291242716205e-07
3.7293844525604194e-07
1.4810702155312215e-06
3.7293843982851835e-07
3.768755717927913e-09
5.693232779471469e-07
1.3037800163490096e-05
1.662416008631314e-06
6.778891375895997e-07
6.778891333822664e-07
0.0
7.472865621300694e-10
0.0
0.0
0.0
2.0651049209653634e-09
8.358925923995312e-17
0.0
3.7324309333176456e-10
0.0
1.5467916522226532e-10
-0.00016822929833307398
-1.0329713415988247e-08
-1.0329713415789253e-08
4.0181482320671946e-08
9.546062768577458e-09
0.0
3.303325943267458e-07
1.1910208344657765e-06
1.7422905662287056e-06
0.00042155567271405406
0.00017082322554166663
1.0427254682401752e-07
9.286170172691258e-06
8.874359551466587e-05
4.86777932028844e-05
6.824058904308213e-05
1.692666362822807e-05
2.927577061343434e-07
0.0
2.847461754195615e-09
8.553286554948288e-20
0.00015346780166757657
3.75899019254611e-05
1.360748259678963
3.605669407767888e-10
0.0
4.798140445363627e-05
4.796215935286025e-05
6.219870906780445e-09
1.0378421876240662e-08
-2.203941958621447e-09
-1.2767102973234874e-06
-5.505631533331973e-07
1.4683568749627318e-05
-3.6823215064832823e-11
-3.682321505671585e-11
-2.897068873217936e-05
0.0
0.0
0.0
0.0
7.76354982910261e-05
0.0029079727912857864
0.0
0.0
0.0
9.983100783682772e-10
0.0
1.260112633012548e-06
2.927423931179336e-07
0.0
-1.0766866133762683e-09
0.0009244173981389269
0.0009244173981389264
0.0
-0.0005915801405646952
4.367630599120258e-07
1.2596815044391116e-06
2.9275004959154805e-07
0.0
0.0
0.0
0.0
0.0
0.0
0.0
-4.797191098998652e-05
-4.796215934303128e-05
-6.219860557155066e-09
-1.0378411005596e-08
0.0
1.4821487520572454e-06
1.6425901905817858e-06
1.3029539404500463e-05
-5.6453621775531815e-05
3.8007494704229225e-05
2.759391504227422e-08
0.0
0.0
0.0009974470116324878
0.0009974371767490853
-3.800749470422773e-05
3.15644838775568e-05
9.610282450464907e-07
7.815702866146091e-07
5.12252358828433e-05
7.05592068029847e-05
1.3048345849834924e-05
8.386621346967606e-07
5.382279096620394e-15
0.005690172053853434
-2.2788455463260565e-05
2.278845546326083e-05
-0.6464358141871901
0.6464336258595421
-2.1785908661091257e-06
0.0
0.0
0.0
0.0
9.908806547945267e-09
9.908806555976833e-09
-0.09467325834102347
0.0
-3.272626940330036e-08
0.0
1.2018368828957245e-07
3.5972734924513735e-06
5.216229948343454e-05
2.693002237583066
-2.693002198165739
9.909314639546606e-09
0.0
0.0
9.812375170068955e-09
9.812375190838585e-09
8.01393488415256e-07
0.0003377578834746707
3.310158606281234e-08
3.147998489200655e-05
1.2601082656233525e-05
3.1479984890525724e-05
2.482846028155439e-06
8.474636310221303e-07
0.0
4.320526613699856e-07
1.2885572438268967e-06
0.0
0.0
0.0
8.02179338998667e-07
8.73742494137296e-09
0.0
8.284804635842525e-07
3.5010921313324035e-07
5.622073698824849e-07
0.0
4.814350692918445e-10
2.2430975479199977e-05
1.0625348502475422e-06
7.821384285045166e-07
8.636599748710869e-05
4.4221857944597665e-05
9.144489294582191e-06
8.88159326973639e-07
-0.000924417398140415
0.0
5.682816662227662e-09
4.415592788060106e-05
1.2601082651803311e-05
-1.2601082653277557e-05
0.0
-2.1222363311658386e-09
-2.1222363313287754e-09
0.0
5.056011910221625e-07
7.363799131025991e-07
3.9648409208152063e-10
1.3074616677045871e-06
-5.415250710957137e-08
0.0
4.5006967042127144e-08
6.904745980629504e-08
0.0
0.0
5.894346362396573e-05
-6.037363941411368e-05
1.4589806442121566e-06
9.555828425172576e-09
0.0
-1.5446539721125987e-09
0.0
6.497491542962462e-06
0.00023464981494322442
9.364725153890463e-09
0.0
9.752658735053016e-09
2.9300299683424145e-10
0.0
0.0
7.638892019883872e-10
7.638892024646315e-10
9.75266171212136e-09
9.752658735212457e-09
2.9300152581684136e-10
0.0
9.220883138592238e-09
0.0
0.0
0.0
4.493318513204336e-07
0.0
1.727918959416473e-08
0.0
0.0
0.0
0.0
-8.723101694606748e-09
0.0
2.908304752569351e-09
0.0
0.0
9.743846626059083e-05
1.6144288045960356e-07
8.231082659970339e-09
9.932339801477184e-09
0.0
1.269270550616597e-06
1.7847613768095118e-06
1.784761376775703e-06
1.692666362822969e-05
2.908293559367668e-09
5.758981224954194e-06
5.758981219016026e-06
7.426333883411477e-15
2.1102420931092564e-16
2.1556175511394306e-05
9.63221397794491e-07
7.912557101126045e-07
3.4046560588462483e-05
2.0895689577561708e-05
9.013354107902067e-06
8.482922382756748e-07
1.000830836702802e-05
0.0
0.0
1.717867529524654e-05
4.9663517226289185e-05
4.034991742798719e-06
0.0
0.0
0.0
0.0
0.0
1.4927773144092868e-08
0.0
3.822294052534769e-09
1.3276705340195048e-08
3.822294052591827e-09
3.822294052497701e-09
3.822294052630956e-09
0.0
0.0
8.162207190415059e-07
1.3669066769717448e-05
1.4494532125888889e-05
0.0
-3.319950003799477e-08
5.290078684685588e-07
2.3256257963564622e-08
3.809490109923149e-06
9.911888790136575e-07
9.911888790110374e-07
0.0
2.5474249553730427e-05
2.926386865268293e-05
4.661329580655833e-10
1.9180177446287416e-08
0.0
0.0
0.0
5.3591526336100533e-05
4.3486588119279104e-05
2.609468634396552e-07
9.680313283378121e-05
0.0
8.501812136506409e-09
-4.348580412308345e-05
0.0
0.0
0.0
0.0
1.2870458044194354e-05
-1.9180178677941084e-08
2.2636913663042606e-09
0.0
0.0
8.978013703524875e-09
0.0
-5.7861848390833796e-05
0.0
0.0
0.0
4.108741205007486e-05
0.0002711472119412869
-0.00026871996010102706
9.539537016117587e-09
0.0
4.54679830533879e-07
-6.62984522432936e-05
0.0
4.4985162006533854e-08
3.1554845208035596e-05
0.019045019585464562
8.159935237238674e-09
0.0
0.0
2.743854039296502e-08
0.0
0.0
0.0
3.310159737925279e-08
8.66625970352241e-09
0.0
0.0
0.0
2.9083261968106294e-09
0.0
0.0
0.0
0.0
0.0
7.347645937395674e-14
3.5996824827779196e-14
1.1243854062834954e-13
4.652022922747331e-06
-1.0148787240010348e-10
2.3516993826153647e-08
0.0
-4.651921436504836e-06
-7.105427357601002e-15
0.0
0.0
0.0
0.0
-4.0171377612527884e-10
0.0
1.3854128309552863e-05
2.2266038004121966e-09
1.101906699339647e-17
6.190081721312926e-07
0.00012326995737815794
0.0
0.00012388896555028925
0.0
0.0
0.0
0.0
0.0
0.0
0.0
5.410664866055162e-18
1.6774264097643607e-17
0.0
0.0
0.0
0.0
0.0
1.614428881247674e-07
0.0
0.0
3.2888390370470785e-08
0.0
1.9221218706074714e-08
0.0
1.765211650143854e-06
0.0
0.0
0.0
2.639070704157265e-19
0.0017619413926206677
1.2211772053802534e-05
0.0
-1.221066016051161e-05
0.0
2.1360357937360946e-08
5.286098476281219e-07
1.0191673318983411e-05
8.218510410795861e-07
3.1517870460569933e-06
6.313920178011317e-08
1.4043864958014073e-07
2.1360357445088284e-08
5.286098471461396e-07
1.0191673318484245e-05
8.218216243065387e-07
3.151764164016391e-06
5.353396658669364e-08
1.4042685859554397e-07
0.0
-1.014862046532167e-10
3.244295462723711e-05
8.098295680531928e-09
0.00034004721816534425
0.0003400472181653442
-0.003944278211091243
-0.003536797377583334
2.657233413294817e-06
0.00014767076586123335
-4.895957500094389e-13
0.0001503279987849324
0.0
0.0
8.752730094127785e-08
0.0
7.683136691692088e-07
0.0
0.0
1.497245902443486e-06
1.4972459024434598e-06
1.4972459024433323e-06
1.5068798103469457e-06
1.497245902443329e-06
2.2522836655142162e-17
0.0
0.0
9.71286728634283e-09
0.0
7.695210434897406e-11
0.0
7.6943578915798e-11
0.0
0.0
8.128806586999073e-06
8.72303681811491
0.0
9.545035564691274e-07
-8.723045901425039
0.0
8.723044947075378
0.0
0.002771628708359752
3.244208043412752e-05
8.501752837273843e-09
0.0
7.694364616668198e-11
9.391625129759113e-08
-9.391625126398358e-08
-2.0543844303501336e-07
-1.0920270255504808e-06
1.6540293568235938e-06
6.264698021458758e-05
2.004155266186171e-09
0.0
0.0
-8.030402202183087e-09
0.0
5.506404466929621e-10
0.0
0.0
0.0
0.0
0.0
0.0
-1.008743933052203e-11
0.0
5.163322586022503e-08
0.0
0.0
5.558528673116189e-08
6.571030990587573e-19
0.0
3.859672951101796e-15
0.0
4.391957922270664e-06
-8.975311800525028e-09
4.4187197168482346e-06
0.0
0.0002582666789913411
0.012083896792839723
2.7846519836491416e-05
0.0
1.8994674911727757e-05
3.105472274784141
-3.105474440125559
-2.180896427074527e-06
4.642784778848992e-05
1.23340578057454e-07
0.0
-1.8011289361005711e-09
0.0
0.0
-8.92129260833866e-07
1.989833442352769e-08
4.796957523440764e-10
7.206717247536238e-06
3.909009426370344e-05
1.8263002764525772e-05
5.062648238218627e-09
1.9080152067429233e-05
3.4499159349065386e-08
0.0
1.5553465080432164e-06
0.0
4.948902467107524e-10
0.0
1.4054270713107661e-08
0.0
0.0
-1.397602877263818e-08
5.655465085916446e-06
6.168735368938541e-07
1.0934027462620554e-05
8.63210047165463e-05
4.197018877330826e-06
2.6021170772716205e-08
8.049029576199724e-07
4.387534984548479e-08
0.0
2.908315201973271e-09
0.0
0.0
3.4001698256823954e-10
2.0132258941369452e-07
2.298089804624227e-08
1.9605489662336407e-08
3.450145487504341e-10
0.0
0.0
0.0
0.0
0.0
1.7744409777120667e-06
0.0
-5.829502472337512e-05
0.0
1.7099015473422637e-08
0.0
-9.413994231581973e-09
4.367630599112078e-07
0.0
2.29898635344319e-06
0.0
0.0
-9.8309684220367e-09
0.0
3.1965308474580216e-09
8.721543367723003e-19
0.0
4.093097059962871e-09
4.093097028023669e-09
0.0
0.0
5.033061453854233e-18
0.0
0.0
0.0
-1.560195246414419e-11
0.0
3.748445188533855e-08
1.2700357389363685e-05
1.3261620294800885e-07
-1.2870458044196217e-05
6.8360797020022136e-09
0.0
0.0
5.682809698968992e-09
0.0
0.0
0.0
1.774440979204324e-06
1.7740361294766677e-06
3.0233672707753587e-10
1.5708662285487942e-08
0.0
0.0
1.7717184310010986e-08
0.0
0.0
0.0
0.0
9.698914335674351e-09
0.0
0.0
1.1185121753715994e-08
1.5299047100943519e-09
0.0
0.0
0.0
0.0
0.0
0.0
1.5492779980434983e-05
1.5492779980435003e-05
0.0
0.0
5.9979765562606746e-05
0.0
8.75238454844731e-09
0.0
9.733347407504836e-09
0.0
-1.6647036396145034e-07
0.0
-3.5299207617156814e-10
0.0
1.947508002307836e-06
3.707514672555887e-10
2.5310456644699677e-10
5.421010862427522e-20
0.001364303887777924
1.7044572997178752e-07
0.0
-1.9534272242950333e-08
1.737364180524971e-07
0.0
0.0
2.1432862650662305e-13
-5.191134630509084e-09
2.951968051214369e-07
0.0
3.033165391360932e-07
0.0
3.8260567223865967e-07
0.0
1.004125120536299e-06
0.0
0.0
3.8267725537096775e-07
1.3567996944377314e-08
0.0
5.790297362344285e-07
0.0
1.304745492885664e-05
0.0
1.6721236090449671e-06
0.0
6.876361575299643e-07
0.0
6.876361534589275e-07
0.0
6.87636148911766e-07
0.0
7.321048323056655e-08
7.321048319114137e-08
7.318751218500774e-08
7.319516902656109e-08
7.320282603402856e-08
2.9276536277123684e-07
4.797191099326428e-05
4.7962159346307334e-05
0.0
1.0378414630300703e-08
0.0
-1.2767103051225873e-06
-5.505631611316467e-07
-1.468356875742528e-05
0.0010751653240640739
0.0010751750975284025
7.770163505412436e-08
7.770163431636228e-08
0.0
0.0
2.9082464962420605e-09
0.0
4.310168626063123e-08
0.0
1.1954797322066315e-08
0.0
2.908275229491666e-09
8.591990552513425e-05
0.0
0.0
0.0
0.0
0.0
-1.5446539725395034e-09
3.4781898020798423e-07
2.3769700704742383e-05
7.068902441247528e-09
7.068901095686831e-09
4.8669691518349816e-05
3.260809345897442e-05
0.0
0.0
0.00021861097103259423
3.163094883447604e-05
6.824388803269145e-05
8.10168499383379e-09
4.155630014369731e-05
3.912385603600175e-06
3.9003787255157336e-06
9.969676875745626e-05
0.0001220577951389373
0.0
9.676450399051009e-06
0.0022188934460170328
0.0
0.0
4.0281793803376766e-05
4.843971206223387e-06
3.6949402863801435e-06
8.665579020230892e-05
0.00012096576811728608
1.3023763935755474e-05
1.1330479759773378e-05
4.1559386011893756e-07
0.0
8.783264266918243e-05
0.0
0.0
6.060252050188453e-09
0.0
0.0
0.0008817897885466802
3.609584439678848e-08
0.0
0.0
9.43349542156017e-09
0.0
0.0
3.2827698226316555e-06
0.0004041846552781868
0.0
0.0
0.0
0.0
0.0
0.0
0.0
2.7148488526165832e-06
-2.7596672520502352e-06
9.439345499903366e-09
0.0
0.0
0.0
0.0
0.0
1.7852021933251193e-07
0.0
0.0
3.187845112884187e-07
3.187845112884447e-07
3.1878451128829185e-07
3.280166260190075e-07
3.1878451128828926e-07
6.679806148814142e-06
0.0
2.5568290594685925e-08
3.3900907975346054e-07
0.0
5.1892163406670856e-08
7.640290957709066e-07
7.640290957708823e-07
7.640290957707574e-07
7.724129762092458e-07
7.640290957707548e-07
0.0
5.140205059775575e-08
0.0
5.386463043591045e-08
4.982536216476872e-08
4.9404969862366975e-08
5.386463043585247e-08
4.940496986240779e-08
6.98153683542215e-08
0.0
0.0
1.0935315332996769e-07
1.0935315332997064e-07
1.0935315332990389e-07
1.0013778705194423e-07
1.0935315332993242e-07
0.0
6.664975652474411e-06
3.0882648606957426e-08
1.3391716560442097e-05
0.0
0.0
0.0008106231697191686
1.6057537188629217e-08
0.0
0.0
0.0
5.274176828392586e-09
0.0
0.07204314202450572
0.0
0.00022940015416445352
-0.00021344206615851827
0.00085030964542379
0.005996315714851917
1.1533248209791262e-05
8.824737679218062e-09
0.0
0.0
0.0
0.0
0.0
0.0
0.0
0.0
8.824736190714295e-09
0.0
0.0005993530390783264
3.063121878126789e-08
0.0
9.433495419200336e-09
0.0010368430435091364
0.0
0.0
-9.994651379726231e-09
0.00019288136779763848
0.00019288136779763854
3.3482333164858222e-06
3.383490753673503e-09
3.8028499014889183e-07
0.0
-1.481806769112028e-09
0.0
1.8102563367042573e-08
8.747999669400958e-07
9.931345158874566e-08
0.0
5.231943689778068e-05
2.332616836616962e-05
1.3113518581394869e-07
3.986708783319758e-08
0.0
4.166376412366938e-10
-1.8455340283067036e-06
0.0
2.4090737473046562e-08
0.0
0.0
4.431826030722963e-10
0.0
4.88054959535866e-10
0.0
1.3198641151169042e-10
0.0
9.83044697554225e-09
1.1812821163717514e-05
0.001711946699280997
0.0008255367958448081
1.3867432847169068e-05
0.002988262497492397
4.314497853530445e-07
2.2862965584834126e-09
0.0
9.771412119367975e-09
0.0
0.0
0.0
3.1904723913173105e-09
0.0
3.1904724447243343e-09
3.190472481601317e-09
0.0
0.0
0.0
-3.039812311718725e-11
0.0
0.0
0.0
8.752730184675567e-08
0.0
0.0
0.0
0.0
1.8725502797841733e-05
0.0
1.116412924766678e-08
0.0
7.058261161749385e-09
7.058259816453995e-09
0.0
-9.663114100826476e-09
0.0035038946202116117
2.3277893053378214e-07
1.2362744988020038e-05
0.0
0.0
0.0
6.536788521663512e-08
7.178785041699216e-06
9.816478006396742e-07
2.423347357032856e-05
0.0
1.4735424985460532e-05
1.8307068480084843e-08
1.8307068482790593e-08
1.8307068477470982e-08
1.8307068476612444e-08
0.0
0.0004146109134599667
0.0001705568004244382
0.028519387776403976
0.0
0.0002348906570646356
0.00016823025194121253
-6.666040512342286e-05
9.355953778911594
1.6811955760866618e-05
0.0
0.0
-3.4786626297701066e-10
-3.4786626297736914e-10
9.355970589326729
8.752730185480579e-08
8.752730178109313e-08
8.752730165782213e-08
-1.2970581708686665e-08
0.0
0.0
3.8850771874076285e-08
0.0003086650376068201
0.002357449054449023
-0.08429803334881635
0.08719909895787387
0.028502575820643108
9.355970589326725
0.00334630641211469
0.0
0.0
8.574004117448261e-09
-7.711073670080388e-10
0.0008255367958433188
1.3607482498579606
1.3455025451607443e-07
0.0001158497716710749
-0.00040638417449438853
7.180880181545608e-06
1.1598051898149919e-08
1.2599384124765752e-05
-1.2690106735711953e-06
0.003193005467965452
0.0
0.0
2.1827558249689767e-05
-1.360775555649019
0.0
-5.662488141528214e-06
0.0
0.0
8.911699592682731e-09
8.323376173522247e-05
0.0
0.0
-9.69634417460054e-09
0.0
3.163702456897166e-10
2.798437582633728e-07
6.06469231187208e-05
9.800069226464033e-09
0.0
0.0
1.93756117232399e-06
0.0
0.0
0.0002291415543185329
0.0008470033422660649
1.7006816923480987e-06
-7.231959946750482
7.2311215007450125
-0.00083844600546761
1.8967202643591084e-07
1.00720725025834e-05
0.0
9.652819547171153e-09
-1.6039329122144712e-05
3.26291005073793e-05
1.1707941786849212e-05
4.840849122507031e-06
4.263160411685568e-20
2.52487299494405
-9.876691559455676
7.351662585991912
-0.00015597851971528863
0.0
3.50109210403067e-07
3.501092062359704e-07
3.501092090936613e-07
0.0
9.938286438342484e-06
1.426611584837234e-10
0.0019130825519460802
0.0
0.0
5.943244221903962e-15
0.0
1.6214782598247433e-08
8.59274540936751e-05
0.0
0.0
1.1542145594677627e-08
6.713925957091334e-06
1.0927783679470075e-06
0.0
1.6663219776103492e-08
0.0
1.80120789266539e-07
0.0
1.2598084516804535e-09
-5.35028489888116e-09
0.0
0.0
2.73926475478408e-10
1.7022356231435193e-07
0.0
1.6384209632963708e-07
1.25081167348625e-07
0.0
3.625831022013767e-10
1.3455024682642621e-07
0.0
0.0
7.89734570211416e-06
3.2130819265005065e-05
1.0413847813446944e-06
0.0
5.9703535124164806e-06
6.2472369847454665e-06
0.00041256670121570703
0.0
-2.6813244150557053e-06
-2.672245542955764e-06
0.0
0.0
0.0
0.0
-0.0075633673285224745
-0.008181296487208556
0.0
0.0
9.371923075409833e-09
0.0
7.762012514745033e-09
4.797191099654031e-05
4.796215934958423e-05
0.0
1.0378418252403321e-08
0.0
-1.2767103012229289e-06
-5.505631572327913e-07
-1.4683568753526489e-05
0.0
0.0
0.0
0.0
9.022934115159725e-05
2.870781404236893e-09
0.0
0.0
0.0
0.0
8.752730299164313e-08
8.752730122762766e-08
8.752730691096108e-08
8.752730512870883e-08
8.75273022870461e-08
8.752730147694651e-08
1.4834077002775142e-13
0.0023786332196555834
9.068944984218108e-06
2.384142058527121e-05
-4.837153332896686e-05
0.0
8.262007760611321e-09
0.0
3.155484522735895e-05
3.155484522735787e-05
0.0
5.1093978358702345e-06
-3.6666109462547944e-05
-3.155671162667791e-05
0.0
0.0
0.0
0.0
0.0
9.790878625164147e-09
0.0
0.0
0.0
-9.170669793001629e-09
0.0
-1.889781255393075e-05
1.688098804754128e-05
2.016824507679204e-06
2.3273274214058448e-08
0.0
0.0
3.155484522586815e-05
5.65993163246018e-08
-4.795593946884819e-05
0.0021705219126880657
0.0006331557547315979
2.9439849250996653e-08
0.0
0.0
0.0
0.0
5.774560008594052e-09
-0.0047318261808317885
1.0780298168621468e-08
4.5284923656326015e-10
1.0223740714734012e-08
1.0094118976134228e-09
1.022372505045744e-08
1.0223709408227096e-08
0.000158948031595732
-5.253312778009909
5.2533127681521865
0.0
0.0008384989800412533
3.0425957908974415e-08
0.00016549447566482038
2.7242485613905372e-06
-0.00016821829430570037
-0.0001682182943057004
3.155484522288898e-05
3.1554845224378616e-05
1.7847613798105695e-06
5.931495282787691e-09
0.0
0.002423156324307157
-0.002423156116437119
0.0
-4.4155927882079046e-05
1.2655796637265335e-05
1.534467424224595e-10
5.942597619339307
5.9425976290276585
2.2943330860531767e-10
7.073459739582182e-09
6.194874614987322e-05
1.407891320993166e-06
-9.976159159867247e-09
5.032579098917083
-5.032579080735387
8.570223686801728e-09
3.1136443196405514e-09
5.644929537131244e-10
4.5124681195958414e-07
-4.4155621342824553e-07
-4.5124681195829464e-07
4.512468119592299e-07
0.0
0.0
5.175015660594996e-08
5.175015657108021e-08
-4.3676305991335873e-07
-5.9314952845224145e-09
6.873343730618808e-07
0.0
3.303325971851105e-07
3.3033259726446303e-07
3.303325958153621e-07
0.0
0.0
2.6845571894436957e-07
2.63042429905549e-07
-3.805687709412808e-09
3.8349734811689095e-07
0.0
0.0
-7.35819651438924e-09
2.7593915056057013e-08
0.0
0.0
1.2979169330178445e-06
8.749564793846985e-11
9.544734683336399e-09
8.804012319001516e-11
9.545285669502488e-09
7.520085052019406e-09
3.7021524150461393e-07
1.3170069533774724e-06
3.8194437806274766e-07
0.0
0.0
5.566343493295342e-06
0.0
5.566180187313645e-06
1.7769512417828545e-05
3.7158867031824096e-08
4.5124681195886384e-07
0.0
4.953448545543322e-06
-5.413571120707297e-06
-4.5043131251398995e-07
1.170794179450878e-05
0.0
5.080873903389589e-09
9.710473664938265e-09
0.0
0.0
0.0
0.0
1.6224247752618128e-08
9.773122103601192e-09
0.0
-3.13194505819335e-10
1.214026494193505e-07
1.3560102269059632e-05
9.517471593093033e-07
3.5157945068655966e-08
3.061520914001379e-07
4.268135113136583e-05
2.22427201169624e-06
3.071620177367876e-08
0.0
0.0
9.822986230104147e-09
0.0
0.0
0.0
0.0
0.0
9.900007914343559e-08
8.59472487894098e-08
1.6598846932263043e-08
1.791243114880867e-07
0.0
7.024083772168711e-07
3.2282813281959167e-06
2.082282222816611e-08
0.0
5.516673306941442e-07
4.809101666219761e-07
6.947602023206086e-06
1.7958298230273933e-07
0.0
9.024409618361461e-09
0.0
7.39687404708916e-09
0.0
7.543933612974235e-09
8.708778824811298e-09
8.249781689006511e-09
0.0
9.709724989821386e-09
0.0
9.508244957550603e-09
0.0
0.0
1.691570491079864e-08
2.026866278406652e-09
0.0
8.506103995173066e-05
8.814515613082514e-07
0.0
0.0
5.640700973883149e-06
0.0
6.65106568483183e-07
4.410777424051578e-07
9.012259803699163e-09
0.0
0.0
1.6647036396176713e-07
2.3516993848619833e-08
0.0
4.147533865513858e-07
7.233629994145223e-05
7.276630278114484e-05
0.0
6.181558127554634e-09
6.181558127802875e-09
0.0
-2.7352563721373703e-10
5.7140956149891615e-05
2.9082289025086044e-09
0.0
0.0
-2.086960458052112e-10
4.3175451300936184e-08
0.0
8.697646927494128e-09
5.850185173359048e-09
9.696029512364574e-09
9.696029511881398e-09
0.0
0.0
0.0
0.0
0.0
0.0
0.0
0.00013354314282627594
1.4126562267819913e-05
0.00014886017665822864
-1.1807509245617326e-06
8.160432830573525e-06
0.0
9.375627273375929e-09
0.0
0.0
0.0
0.0
0.0
0.0
0.0
4.834481966061291e-07
4.834481966087755e-07
4.834481966047124e-07
7.763259036859625e-05
7.149939729969989e-18
6.549796811312559e-07
1.5272615164500898e-10
0.0
1.615760372576709e-07
0.0
0.0
0.0
0.0
1.5227308076401607e-07
4.885382964041614e-07
5.010216913792772e-09
0.0
0.0010172355733356609
2.2310375131848814e-06
8.140786518609024e-06
1.8474144748861656e-05
0.0
0.0
0.0
0.0001241112394126244
0.00012411832609049317
-7.0866778244249584e-09
-2.9082824676869845e-09
-2.9082830857143108e-09
0.0
3.922208984721439e-08
0.0
0.0
0.0
0.0
4.268325724802795e-09
0.0
0.0
0.0
-3.4091375756455447e-10
0.0
0.0
0.0
5.752484061542521e-09
0.0
-4.9698727572435335e-05
-1.691403437665065e-10
4.9708238407685946e-05
0.0
0.0
1.4771661586692666e-15
4.737552602228802e-07
4.545681966851736e-08
5.505430146182127e-08
9.912465078907525e-09
4.885322505371597e-07
0.0
0.0
0.0
8.443061399408597e-09
8.443062137742792e-09
0.0
0.0
0.0
0.0
2.2126641200922327e-07
2.9350880244723165e-08
1.570704783728436e-07
4.779993595885996e-07
0.0
0.0
0.0
-2.2316851479189763e-07
-3.053258556799817e-08
4.873516853537986e-07
0.0
0.0
4.873516886295976e-07
0.0006213572241474054
0.0005625143108710018
1.8901599425489626e-06
0.0
-9.73295848746196e-09
0.0
5.884289979753279e-05
-1.3478870890452454e-11
0.0
1.214026484330011e-07
1.2140264852448313e-07
8.752730160067584e-08
0.0
-2.489879274861982e-12
0.0
0.0
0.0
0.0
-1.036823713768091e-05
0.0
6.346717072484287e-07
0.0
0.0
0.0
0.0
0.0
-2.9420172985256403e-10
0.0
0.0006437425413685499
0.0006437425413685291
4.266095786443473e-09
5.6828085200329956e-09
6.918176267041892e-19
-1.145942052128325e-08
-1.1459420521237e-08
0.0008864099034361881
0.0
0.0
1.5228888191158912e-05
4.524986938224457e-06
0.005100944760305413
0.005556520702718747
1.1595463795708005e-05
3.137150290149141e-07
0.0
2.646555633498132e-06
8.013934854461913e-07
0.0
9.101245030405079e-08
0.0
2.6465645744409194e-06
1.6039233573798263e-05
9.621799774439041e-07
1.3998436986058765e-05
4.923034989108487e-05
0.00019295920385746558
15.724474859931668
0.0
0.00023188255685546721
8.470019933022772e-05
4.619790169807703e-05
2.3277930132149837e-06
-5.817363675236962e-05
-1.9403300210692545e-08
3.340235200125169e-07
-9.088311411325953e-07
0.003346133912601218
0.0033896075413167304
0.0
4.762765767598726e-06
0.0006854514454795904
-6.294802352979634e-12
0.0006898455789729509
3.6862597943573393e-07
0.0
2.045309863559769e-06
1.3208351985897575e-05
1.5776213866597086e-08
0.0
0.0
1.4001815970568103e-05
1.6039233571132515e-05
0.0
0.0
1.9836027009135576e-08
0.0
0.0
0.0
0.0
0.0
1.9695262151448286e-08
0.0
0.0
0.0
0.0005055841080500167
0.0005055841080500206
0.0
0.0
0.001364470830374012
0.00024441971528757917
6.393421517487889e-09
0.0006345659349204733
9.611471828097271e-09
4.387535875181163e-08
9.762103425550163e-09
9.712299866940214e-09
0.0002916722554823538
3.572143043274544e-08
3.375408385786643e-09
9.800218079730755e-09
4.8997160219402976e-05
8.098297093626472e-09
7.933344427134599e-09
9.831305007338225e-09
1.399742252902204e-06
9.956850584948826e-09
0.00024238217592135826
9.932341281682087e-09
5.828549681801647e-05
8.481744348128689e-09
0.00026022049111557857
9.600558398655389e-09
0.0
3.2726266438751245e-08
0.0
0.0
1.5014980492275047e-06
9.368708665724512e-09
0.0
0.0
4.387535727190237e-08
1.041384788775951e-06
1.3214156484917106e-06
1.2671598495687362e-07
0.0
5.076129905874467e-07
2.866422404274013e-06
1.948017316993754e-06
0.0
0.0
0.0
0.00010297034019818056
0.0
0.0
0.0
2.8722428720396954e-11
2.872120048801322e-11
5.745662266484488e-12
1.3403692890777436e-11
2.1062260185948087e-11
7.661217902013923e-12
3.829994760706561e-11
2.298299530675012e-11
1.5322271372067343e-11
3.064179966097835e-11
0.0
0.00617751503934727
0.0061775182900452915
9.66927417772331e-08
0.0
9.911888790093207e-07
0.0
0.0
0.0
0.0
0.0
2.9082406762886135e-09
2.908235402044067e-09
2.908230673674428e-09
-5.191131773403426e-09
0.0
0.0
4.5124681195923775e-07
0.0
9.845950565815914e-09
1.2860586818494447e-05
0.0
9.870257854939149e-09
0.0
0.0
0.0
9.51948002517625e-09
2.9082672281105733e-09
2.9082597722100654e-09
2.9082528619603085e-09
3.702618152572375e-05
3.400445346506498e-06
4.1464792988462386e-10
0.0
-9.871227391045068e-09
-1.285081185587049e-05
5.292008360312649e-09
3.3806122071634767e-19
0.0
0.0
0.00171196913675624
0.0
1.6772840995777732e-05
1.1853604603208713e-05
0.0
3.6027643092706206e-08
5.319719198510547e-05
9.144190268517634e-06
6.490668706260772e-08
0.0
-6.126823422337734e-09
0.0
0.0
0.0
7.2008994907288325e-06
5.817759299370581e-09
2.7680449794073948e-05
1.1409644472129208e-05
8.11085873240631e-06
1.015214403460235e-05
5.003385802669281e-09
5.926492523002319e-11
5.89961977354205e-06
1.3186717736017992e-05
0.0
3.545543823733677e-08
6.902259704733057e-09
0.0
1.259963978507589e-06
0.0
3.5649840222331796e-08
1.2018368977005972e-07
5.9703535138997005e-06
0.0017728535827969964
7.33282185388221e-09
0.0
0.0
2.5252638552232857e-05
3.0598348165696597e-06
5.954995218606791e-07
1.0969107778596294e-06
8.505258337394468e-05
2.3428402768262603e-05
9.408529671812695e-07
7.794551243383824e-06
0.0
0.0
-5.191133181937902e-09
0.0
0.0
0.0008817787341030396
0.0
3.609584141649094e-08
3.393331543323547e-05
1.8342437870390606e-06
2.753762224566106e-06
1.2646226470320838e-05
1.2677284230941873e-06
1.4687390698457882e-05
7.775865026082533e-07
2.7521649905236137e-06
-3.3482333149969026e-06
0.0035038327071659787
-0.0003230339052046616
-0.0035038946202144983
0.0029882655491083013
1.4884004702077033e-15
-4.301514445153651e-08
-1.935876827635544e-05
5.084878102096258e-06
0.0
0.0
0.0
0.0
0.0
0.0
5.785896659478709e-07
5.084878103831988e-06
6.170685714537795e-07
0.0
1.0961916510776249e-05
0.0
1.2773621914968331e-06
0.0
3.3588077165040256e-06
0.0
5.407456264529009e-08
0.0
8.337338223004176e-07
0.0
5.663467766307729e-06
6.087730787211092e-07
1.0952436854025093e-05
1.2719660123989902e-06
3.34930370920349e-06
4.510957805754476e-08
8.241978700241277e-07
0.0
0.0
8.68074518170503e-09
1.3652602635653162e-15
0.0
0.0
9.91247399682322e-09
9.990523095246848e-05
4.561891205111118e-09
1.209975931499324e-06
3.2282813264645255e-06
2.0822820500937147e-08
0.0
5.516673289602885e-07
4.809101648891685e-07
6.94760202147428e-06
1.7958298056968038e-07
3.0680162620428307e-06
5.967491556230921e-07
1.0870877927392894e-06
8.507187589461282e-05
2.3443814341539553e-05
9.480326458441588e-07
7.802876138809078e-06
6.904604875055908e-06
2.1178568105941783e-06
2.3591262513925642e-06
4.147691915643276e-07
1.1347059121619994e-05
7.087592731141169e-07
1.8998251922027072e-06
1.3560102268193933e-05
9.517471584455436e-07
3.515794420013478e-08
3.061520905327945e-07
4.268135113049944e-05
2.224272010829981e-06
3.071620090713638e-08
0.0
0.0
9.822985364147215e-09
0.0
0.0
0.0
0.0
0.0
9.900007827793113e-08
8.594724791960595e-08
1.6598846063756705e-08
1.7912431062006694e-07
0.0
7.02408376348783e-07
-7.178785028475315e-06
0.0
2.9082837764046492e-09
1.4118386133837967e-05
0.0
1.1177476000295097e-09
0.0
0.0
-0.0007510263483581945
0.0
3.7134658316039653e-07
4.7944906782759615e-06
0.0020140421219891273
0.0
0.0
0.0
0.0
0.0
7.991222679089234e-05
0.0
2.8982868618412635e-05
0.000893920798422205
7.962713593279862e-06
-9.815699463268006e-05
-9.365301209508761
-0.10245163087544462
5.9979765561118015e-05
0.0
0.0
0.0
0.0
9.756719404919684e-09
6.836079701454453e-09
0.0
0.0
0.0003668670397727712
8.576122749043404e-09
0.0
1.2599384126250196e-05
1.2599384130689518e-05
1.784761378311771e-06
3.155484521695099e-05
1.2601082654752273e-05
3.155484521398191e-05
1.2599384129214505e-05
3.155484521991992e-05
1.3533611231700363e-08
8.23108265889634e-09
0.0
0.0
3.8783384731750927e-07
-0.49527838825970005
0.4952780102773101
9.851457557271542e-09
-0.10208525641317366
0.0
0.0
1.7554803555567884e-06
4.844761448934238e-10
9.801640158746865e-09
0.0
8.505806309627724e-05
8.558945464025389e-07
0.0
0.0
0.003503832707167466
9.853047170363036e-09
0.0035038327071689546
9.853048657984694e-09
4.8447589837194e-10
9.801639915301715e-09
0.0
8.505806309602913e-05
8.558945461546401e-07
0.0
0.0
0.0020140519637578246
0.0005915801405632069
9.096766017697132e-09
0.0
-4.0923242535674733e-07
3.7589901925459985e-05
4.3847990650224344e-07
0.0
4.798153137270613e-10
0.00018667185343674536
1.419483973885265e-06
0.00036320170706633117
5.8293555549187985e-05
0.0005712176459798879
5.001495301194727e-08
0.0002434947319649805
6.532127922256947e-08
0.0
0.0
5.22003862057948e-09
3.978698619453372e-09
2.5255485308000852e-05
0.0
2.846654150664168e-09
6.8591623457435445e-09
0.0
0.0
0.0
0.0003048802919312185
0.0
-6.373802362508746e-09
-6.373802362672216e-09
0.0
8.451312839519933e-09
0.0
-4.0484973845194346e-10
0.0
0.0
0.1041210971058284
0.10412109710582541
2.014267173903233e-06
9.812840989957887e-09
3.5249657840770223e-10
0.0
0.0
0.0
0.00012237094219827793
0.0
0.0
0.0
-9.07789383708434e-09
0.0
8.752730180523945e-08
5.682811467367069e-09
1.8155000986405085e-08
0.0
0.0
0.0
0.0
0.0
-6.9951620920887035e-09
0.0
0.0
1.0700750210512618e-07
1.4380465928251806e-08
6.107844035519194e-08
1.4960449862487243e-07
0.0
0.0
1.45981018763573e-06
5.815454270097738e-05
0.0
0.0
0.0012063751612126083
-0.0007063770759851706
0.0
0.0
0.0
0.0
0.0
0.0
0.0
3.501092048071795e-07
4.5467983053705167e-07
3.3101584586205854e-08
0.0
0.0
0.0
0.0
0.0
4.09309741662754e-09
0.0
2.501532936971019e-19
2.149561826703313e-14
6.173772003365319e-15
0.0
0.0
0.0
0.0
0.0
0.0
-6.634437574293793e-09
2.2834255596769656e-05
1.566570232754643e-07
0.0
4.466501041268293e-20
1.69346567569109e-19
-0.002980303456277205
0.0
-0.0029803341638661718
0.0
4.5467983054409295e-07
4.546798305422885e-07
0.0
0.0
0.0
1.7740361294869486e-06
1.7652116471357964e-06
0.0
0.0
0.0
0.0
4.172069597342045e-09
0.0
0.0
7.58472542947451e-09
4.970435281255243e-08
4.2923577346122566e-08
4.546798305399192e-07
1.7852022426345992e-16
1.7852022426348943e-16
2.1141783559741233e-05
2.1132304875383555e-05
9.478684536041671e-09
0.0
0.0
0.0
0.0
0.0001534755007638089
0.0
0.0
0.0
2.418026723758499e-05
1.8143026667400095e-05
4.24671469935116e-05
-1.1564730297779607e-07
0.006999810481055866
0.0
0.0
-0.0008929632485141781
0.0
0.0
0.0
0.0
0.0
0.0
0.0
3.6325449533202757e-07
3.046252410911221e-09
0.0006038563205567754
0.0
-2.7919801707176776e-10
-9.903840312021589e-09
-4.424722265186907e-10
0.0
0.0
0.0
-1.402667457903405e-10
0.0
2.6499508921818074e-06
2.927577030996813e-07
2.927577000916702e-07
8.752729601195971e-08
8.752729893663841e-08
3.8028499312275685e-07
1.2140264819763837e-07
3.251792844357131e-10
9.40816811158413e-09
0.0
0.0
4.0930971217445966e-09
0.07204314202450571
0.0
10.323214091443365
-10.323214071862623
9.749433663673342e-09
1.6936581211949497e-09
0.0
6.629845224329325e-05
0.0
0.0
0.0
0.0
0.0
3.92598763399924e-18
3.0268095882433865e-06
6.072087223731159e-06
-0.00027074382411484965
0.00027376917431537717
-2.9024200887744494e-08
2.6883880328049914e-08
-2.6883880322424447e-08
0.0
0.0006042425256015255
0.0006021231665595851
0.0
0.0
9.65905940077362e-09
1.0468470599402643e-08
0.0
0.0
6.302048104034422e-10
2.6883880339365106e-08
6.793823452000226e-09
1.693760462583411e-09
2.6499462008659156e-06
0.0
0.0008823033803871949
2.974354094352883e-16
1.2909104169154657e-07
1.60839197223028e-05
2.254098004200174e-06
1.834775371451368e-05
2.2540980041997847e-06
0.0
0.0
-9.077212822736436e-09
-1.77293073558662e-06
0.0
3.1084388668768306e-08
1.794326773425071e-06
0.0
-1.7955695777283987e-06
-1.7955695777318817e-06
-1.8914371925850183e-05
0.0
-7.584725440192124e-09
9.547211125465876e-09
0.0
0.00017872523771277397
0.00017872523771277397
1.3195297113256386e-13
0.0
0.0
0.0
0.0
0.0
0.0
9.38791571390707e-10
5.408779831145575e-15
-3.4766665957461227e-09
-6.632435907381602e-10
0.0
2.428052970500118e-07
1.2787333100691567e-06
0.0
9.663928502487297e-09
2.0529190487067145e-10
2.927500465747737e-07
2.927500435884737e-07
2.428052923780441e-07
1.2599639565900306e-06
3.3482333179776764e-06
1.2599716352882702e-06
1.2787333070836034e-06
1.2787333040981644e-06
1.2599639595752557e-06
1.2597955154606749e-06
0.0
3.024059294632004e-07
3.204741497950505e-07
0.0
0.0
2.298144437779308e-11
8.066230927147456e-09
0.0
2.7570935692333095e-08
2.7570938787626522e-08
3.2207979824237823e-10
4.403505395987891e-09
0.0
2.7570942001156416e-08
9.782074341454929e-09
0.0
0.0
1.2599639751795368e-06
2.4280529473018006e-07
2.7570945227045863e-08
2.7586259504753573e-08
0.0
0.0
0.0
6.427136744559108e-05
1.099149112105848e-10
2.7578603997582503e-08
2.7570948571629825e-08
0.0
0.0
0.0
0.00033890603170732355
0.0
0.0058482330690071875
-0.0058521596179428315
-3.91679825055379e-06
5.292008360336671e-09
-5.62207369883044e-07
-5.62207369882789e-07
0.0
5.325889437009724e-06
2.5221912208214857e-06
9.942098406361797
-9.942105196764524
-6.816657318703555e-06
1.214026492850089e-07
2.9220338149116287e-08
0.0
1.347457379584152e-05
-1.3469555675672904e-05
0.0
1.586563946887054e-08
1.3193078049732812e-13
6.357949131210771e-09
0.0
4.789175926940333e-05
-1.0053964345635098e-05
-5.7945723615044514e-05
0.0
0.00024066082029839796
9.109608990159549e-07
-4.5254683591316666e-09
-1.0886028361325437e-08
0.0
7.138358984245631e-08
0.0
1.5278354487673317e-08
9.09679636040275e-09
0.0
0.0
1.9812780245826346e-09
0.0
0.0
1.9347948662720923e-07
1.9219600032490435e-07
0.0
-6.644513647516108e-12
