0
1.8935915724102726e-06
1.9293699631852437e-06
0.0
2.6628248511973102e-08
3.802243979217835e-06
9.214110559502168e-05
4.911662770656291e-08
0.008464347585232571
3.4064963936484307e-06
0.0
6.341476329294398e-09
1.4340914110369779e-06
6.494232444749006e-10
1.3159167396118272e-09
4.993133664161074e-09
1.2003480368162445e-09
1.3999655856100773e-09
0.0
0.0
0.0
0.0
0.0
7.666342279465082e-10
3.1530808204660257e-09
3.757812163068527e-05
1.962384028339998e-09
0.0
0.0
0.0
0.0
8.241313746428831e-07
0.0
0.0
0.0
0.0
1.6466667473877396e-05
2.5986564166659335e-11
0.0
0.0
1.298593976972684e-10
0.0
1.2767036766702062e-09
0.0
7.363956763685117e-09
3.938608394858022e-09
3.780631960740298e-09
2.087301878757034e-05
2.3143057604786165e-06
4.228403259734016e-07
0.0
0.0
0.0
0.0
0.0
0.0
1.1771119083943884e-06
0.0
9.012542098230116e-10
6.896755150219821e-06
0.0
0.0
0.0
0.0
3.4168191217958864e-10
0.0
0.0
4.715357612832233e-09
0.0
0.0
4.059666728013703e-07
9.699450852814995e-09
0.0
7.855015752640636e-09
-4.405717240753218e-05
0.0
0.0
3.392481795304083e-20
0.0
8.239730982463663e-10
3.294309243103416e-09
0.0
-4.405717240667593e-05
0.0
0.0
0.17873139328829624
-2.1160986842982245e-07
5.8547968465239397e-08
2.3085100930891012e-08
0.0
4.922022424415366e-10
0.0
1.3958737872718123e-10
0.0
0.0
-5.994697221058193e-06
7.144360705218509e-10
3.462210412746857e-09
4.564713448640905e-09
0.0
1.579646079615115e-07
0.0
1.8305751615274714e-09
0.0
1.2276463160087313e-09
0.0
0.0
3.86724125416691e-09
4.780894606947574e-10
0.0
3.0813304991027124e-09
6.321786484803551e-11
0.0
1.948367995312383e-09
1.165549557612565e-09
0.0
0.0
2.4554736094409634e-09
0.0
2.555012427276265e-08
0.0
1.767963377195679e-07
0.0
6.923232046794972e-09
0.0
0.0
0.0
-1.2557803574627524
1.2556442960765768
8.712441002593951e-09
7.747949618539088e-09
0.0
4.92156679064972e-10
0.0
4.912369531449008e-10
0.0
0.0
4.923346397302839e-10
6.662766260936384e-06
9.406652066355994e-10
8.765100879000557e-10
3.902514284859443e-10
0.0
4.722630462293471e-10
5.101587763111901e-20
0.0
3.856313172218579e-09
0.0
0.0
0.0
0.0
0.0
0.0
1.2047985552837383e-09
3.220191228194007e-10
1.8928416033240186e-09
4.0431572502995724e-09
5.7286335866350354e-09
1.2304220399641599e-09
0.0
2.688290777086298e-10
0.0
0.0
0.0
-0.08795587116526504
9.144677920175826e-06
1.8928416033240186e-09
0.0
4.199897505360576e-10
0.0
3.491938920344542e-06
1.1716620817106733e-06
0.0
0.0
1.943752133562703e-05
0.0
0.0
8.85038204540175e-06
2.3848848629534235e-05
1.7659816977506036e-09
0.0
2.1423672192884426e-09
0.0
1.202982623481032e-09
1.5423889941355508e-06
-1.1770798181423832
0.0
1.0311506415091296
0.0
1.7551831700791074e-05
0.0
0.0
0.0
0.0
0.0
3.930245640191879e-05
2.8742638967915176e-06
1.7397845004611586e-06
8.741706625763635e-07
2.5181035423232756e-06
0.0
0.0
0.0
0.0
7.758959917597991e-07
6.180646489472668e-09
-0.0016521905186708996
0.0
0.0
0.0
0.0
0.0
3.966027490927904e-09
0.0
7.9808288913954e-09
0.0
3.4798950000393742e-09
3.98454882577375e-09
0.0
7.814796176589734e-09
0.0
0.0
4.62598349793668e-09
2.528863699619456e-09
0.0
0.0
2.6748337584081626e-09
0.0
2.6628250466492698e-08
4.907719968566477e-20
7.53848551805258e-09
3.2971507681509683e-09
3.2971507681509683e-09
-7.342862066142101e-05
3.011354372455598e-20
2.5770747354484834e-09
8.627146015698085e-09
-5.848896500136677e-06
9.901342991663557e-11
-1.091907567469226e-06
5.695456387925597e-09
3.5333610906206315e-09
0.0
0.0
-0.09206155235938673
-2.733999348834801e-06
0.0
1.3274923852583381e-09
0.0
4.328231484999913e-09
0.0
0.0
-0.4749324491052227
5.387579474023827e-25
0.0
0.0
0.0
0.0
0.0
1.97592095132477e-10
3.0422424060771694e-09
0.0
1.0930510086249088e-07
-0.008174272960684187
1.294542899089502e-09
3.1663494838961164e-10
2.7996353967602895e-11
3.984337482192143e-09
1.7467041736705852e-09
4.062997067265439e-06
2.140506023517424e-09
4.63710552674949e-10
0.0
0.0
0.0
0.0
0.0
0.0
1.1368457673486538e-07
2.0908448916808466e-09
0.0
0.0
9.66385903317392e-10
9.901342991663515e-11
0.0
0.0
5.9664133528041465e-05
3.2289421605825214e-10
0.0
1.8239456576914084e-19
0.0
-0.0021532927279127407
8.238001321012157e-07
0.0
3.0811096326657534e-09
7.347557120322351e-09
4.618138571561549e-09
5.672535014068755e-10
7.876579165706106e-09
0.0
6.031107573012993e-09
9.349639792499138e-06
0.0
2.161829715068156e-06
3.514595788349466e-07
0.0
2.025804869194647e-09
0.0
4.849663230851316e-06
7.144360700138858e-10
0.0
0.0
0.0
0.0
1.1655495576125645e-09
1.8356932207928203e-06
0.0
4.3768866949110066e-09
2.4654834560456583e-09
1.491628154745782e-09
2.788288867739782e-09
2.9567401948929595e-09
0.0
0.0
8.58222594882894e-05
1.1613822140450957e-06
0.0
1.8176666724554743e-05
8.810029207239294e-10
0.0
1.5167949885819285e-09
1.7094622536676198e-10
-2.8863584403516407e-06
0.0003764967605447037
0.00011656411035305661
5.5614099461610795e-05
4.450620142012949e-05
2.407432381432837e-06
9.311724210350045e-05
0.00010418402534958481
-3.4064963936484243e-06
-3.4064963936484184e-06
0.0
0.0
0.0
0.0
0.0
0.0
0.0
0.0
0.0
0.0
0.0
0.0
0.0
0.0
0.0
2.4177168941114762e-05
7.744118703719252e-05
3.06795703678527e-05
7.049788667737223e-05
2.5119420860220427e-05
0.00010901759155482253
6.179259909902977e-05
9.077481418719697e-05
1.0241025842786506e-05
2.8655964734238906e-05
9.562571650797756e-05
5.0797177873744523e-05
4.648995193070376e-05
5.2688575946693056e-05
7.095342984817769e-05
6.766035969028492e-06
2.8659720745672557e-05
9.562905248253847e-05
1.022989503495055e-05
4.649409352235037e-05
5.269115732159437e-05
5.5877916036042824e-05
9.696614014713478e-05
0.00014775597454001554
5.4056849127756036e-05
8.038549189851706e-07
2.407384919064195e-05
5.047134874786783e-06
1.3429951634418073e-05
9.697059739091277e-05
7.21510719436885e-05
5.4064233859521005e-05
8.086141659284582e-07
2.4085810555128527e-05
5.060090437857703e-06
0.0
0.0
0.0
0.0
4.077376608966857e-05
0.0
3.75781216306852e-05
0.0
0.0
0.0
0.00012776867483830788
0.0002357161130001791
5.182124008485484e-05
0.00021635280288698498
5.1821240085192196e-05
0.0001955248558631601
2.485559746321621e-05
1.4075580063332877e-05
0.0002363858597626589
0.00011931948982913625
0.00011931948982947309
0.00011931948982981008
0.0
0.0
-3.757812163068527e-05
3.757812163068525e-05
0.0
5.395443943591318e-10
2.7744029606806367e-10
1.9843284269919893e-09
0.0
0.00012776867483822358
0.00023571611300009476
5.182124008477051e-05
0.000875384528409193
5.182124008510785e-05
0.00019552485586307573
2.485559746313183e-05
1.4075580063248458e-05
0.00023638585976257448
0.00011931948982905206
0.00011931948982938887
0.00011931948982972584
0.00012776867483813928
0.00023571611300001044
5.182124008468618e-05
0.0008753845284091085
5.1821240085023494e-05
0.00019552485586299132
2.4855597463047452e-05
1.4075580063164026e-05
0.00023638585976249005
0.00011931948982930464
0.00011931948982964156
0.0
1.6873226390258434e-05
0.0
0.0
0.0
0.0
1.7313892837263515e-20
0.0
0.0
0.0
0.0
-2.5105959567527187e-06
0.0
0.0
1.929369963185017e-06
-8.241313746443868e-07
8.241313746466523e-07
0.00032961818189845523
0.00028676469922884866
0.0005424604292618479
0.0014771979643337819
0.0018156738022470373
0.00011531231449759029
0.00047853983244769367
0.0012058321362587103
0.0001695478183577965
1.8122732237116068e-05
0.00022727893661554023
1.0220054993981365e-07
0.0
0.0
0.0
0.00047627080102477005
4.645481969442186e-05
3.5126887869914727
0.0
0.0
0.002895127514450587
0.0028951207607292445
0.002893380976228763
0.002884925727588258
0.0027251603564511792
0.002085408204411205
0.0021331347199019315
0.00025047713764692243
0.0
0.0
0.0009418237288927004
0.0
0.0
9.106274920960926e-20
3.6091794424772373e-19
0.002668560761661678
10.332346044081891
0.0
0.0
0.0
0.0
0.0
0.0001173539092860439
1.022005578577129e-07
0.0
0.0
0.0026890669271578864
0.0026890669271578864
0.0024591463068831068
-3.485984428361693
0.007400149303463283
0.00011734983963852336
1.0220055400800524e-07
1.2891636478906132e-09
0.0
0.0
0.0
0.0
0.0
0.0
-0.002895127488464007
-0.002895120760729229
-0.0028933809762287472
-0.0028849257275882422
-0.0027251603564511654
-0.002112382848100507
-0.0006483415288397077
1.4084554386295042e-05
-0.0004037785876021703
0.0026293009196524044
3.780632145878824e-09
0.0
3.780978426097664e-16
0.04078120445379595
0.040781204453795336
-0.002629300919652405
0.00014619687742011445
6.03969162189651e-05
0.0002083065815898569
0.0007727858184267384
0.00042801728912816297
0.00026788383771488033
0.00013609090656837764
9.285324803628054e-17
3.4950411261403973
-2.0873018787570337e-05
2.0873018787570347e-05
-3.416164635915677
3.416148169248203
-1.6466667473877403e-05
2.145672178429229e-06
5.662692346162022e-06
5.662692346162117e-06
3.860196710571594e-05
-2.314305760478292e-06
-2.3143057604784683e-06
0.3947422802063354
0.2622018181888137
-2.169180694548724e-05
8.241313746643491e-07
0.0001800600786948031
5.754588162307251e-05
0.00016854818148075558
0.14513768668603802
-0.14513810499075128
-4.2284032597325193e-07
3.5218453919365505e-19
5.091033571355876e-19
2.4529935182693225e-09
2.452993518170212e-09
3.5010128397536044e-05
0.0006980634654641106
0.0021506284960493083
0.002760653807784409
0.003957399595054368
0.0027606538077844093
0.00023469252898734242
1.989022667729729e-05
1.6871196166340528e-05
6.59316831796425e-05
8.583047112122719e-05
0.0
0.0
0.0
2.551010865996387e-05
1.467651396263297e-05
1.4659967985952813e-05
3.674900645301174e-05
4.0927654822758954e-07
8.582225948828934e-05
1.6866764488107544e-05
0.0
0.00011262943704501924
9.849407167639764e-05
0.00018626605956976555
0.0006164471843539283
0.0007943326379212103
0.00011336219824271939
0.00012083330621998329
-0.0026890669271578864
0.0
3.8022439789873027e-06
0.004798601934466331
0.003957399595054368
-0.003957399595054369
0.029565517913553052
0.0
0.0
0.000268408764221338
7.721693549740098e-05
0.0005437527852138604
0.0
3.9721169078593955e-05
0.0014281799276204214
0.000781716251341004
-0.0054851448388433255
0.00044493480596128894
0.0
0.0005513934672697886
10.921350037668992
-10.989172899730184
0.0672702914820136
-1.1771119083943918e-06
0.0
0.0
0.0
0.00014958493025493878
0.0005384869159029043
0.0
0.0
0.0
0.0
0.0001342043758767927
0.00013420437587679263
-6.896755150219703e-06
-6.896755150219773e-06
0.0
0.0
0.0
6.790430057419362e-10
0.0
0.0
0.0
0.0
8.061622736404005e-05
0.0
1.4684544184397573e-05
0.0
0.0
0.0
0.0
0.0
0.0
2.6628248478145657e-08
1.0987817609225945e-11
1.8935915722953997e-06
0.0006161937651841456
2.7749867865306054e-06
0.0
0.0
0.0
0.00011735720359528708
0.00048598956203635445
0.00048598956203635467
0.00022727893661554012
2.6628249426148723e-08
2.3148118601896024e-05
2.3148118601895743e-05
2.9820795143359235e-19
4.018382191438182e-18
5.819686884630744e-05
4.382039278427568e-05
3.1129745818959054e-05
0.0004418806026374797
0.0004274266304304778
1.9928216891234517e-06
2.6059344747926013e-05
8.80000085738072e-05
1.6576523434689644e-05
0.00017717683577089804
0.000330905215789259
5.90658697685442e-07
0.0002658910160257571
0.00011003156182045187
0.0
3.7751209290263534e-06
0.0
1.7834791511583085e-05
5.339106190413738e-05
5.894922724916825e-06
0.00015424155228127456
0.00015424121059936241
0.0001542415522812746
0.0001542415522812746
0.0001542415522812746
3.477806873766326e-20
3.8720329283252105e-20
8.07936408375132e-05
1.0964538647043936e-05
9.175663939685302e-05
0.0
-6.901853675652934e-05
1.6803722731759905e-05
6.901047115602648e-05
0.0003228157063594449
0.002619331942321103
0.0026193319423211026
0.0
0.00011422516000302756
0.0004370251477956998
0.0
-0.009286545808860791
0.0
0.0
0.0
4.7836643325919765e-05
1.8253771639548041e-06
5.6196293399343316e-05
0.0020338432724608104
0.0
9.201215350861836e-05
-9.383026419867403e-05
0.0
0.0
0.0
4.876155241409686e-06
0.0028413925749618714
0.00928654580886079
1.0117246008486464e-07
0.0
0.0
1.919363674246275e-05
0.0007802423916257687
-0.026350887756781502
2.977896918642516e-21
0.00013366087051571376
9.584729422666807e-05
0.00018362781563100255
4.577533688001722
-4.5779454045716035
-4.0596667280138616e-07
0.0
2.982498336733834e-05
-0.0011657751421573401
0.00010703236132473749
3.3136160403950053e-05
0.0008412023394119615
0.5045395160404682
6.318190759655521e-10
0.0
0.0
0.0
1.032656102924744e-06
1.032656102925397e-06
1.0326561029262118e-06
0.0021506284960494016
0.0
1.5985355808376547e-09
0.0
-2.0995259737645667e-10
2.662824643716886e-08
0.0
0.0
0.0
0.0
0.0
5.904633428689672e-18
2.880384406540903e-18
9.059206619913248e-18
9.419929052671174
4.405717240753218e-05
1.4340914110369563e-06
0.0
-9.41997310984358
0.0
3.881419618499022e-19
3.6720223220870225e-19
0.0
0.0
0.0
3.75781216306851e-05
0.005292383060337528
7.620035135042401e-05
0.0
0.00021701023861007916
0.00038515780608188235
0.0
0.0006021680446919614
9.806033033167452e-05
1.2704618979503474e-05
3.276304622755621e-05
5.9735857098906866e-05
0.0001248522131223991
2.2774261312121402e-05
5.235154914154559e-06
0.0
0.0
2.0221655398997018e-05
2.667127757769377e-16
2.6670437758196223e-16
2.8568398937100177e-16
2.66710746996505e-16
2.774986786530501e-06
0.0
0.0
0.0
0.0
0.0
0.002739087649951779
0.003233139510970844
1.8875605488476775e-06
0.0
0.0
8.890160947872469e-20
0.0009282228737339992
0.00032812131596831213
0.00032812232392404083
0.0
0.0
0.00014205766534614104
5.176754200207082e-05
1.0299839792570987e-06
3.981286972724176e-05
6.336874612592718e-05
1.0100388168251284e-05
0.00013652808230680725
0.0001420576653461404
5.1767542002070084e-05
1.029983979256456e-06
3.9813014326592836e-05
6.336885860300378e-05
1.010038816825035e-05
0.0001365281402644271
2.2028586203337966e-05
4.4057172406675947e-05
2.851328556302086e-05
0.0
0.00014700903362797906
0.00014700903362797906
-0.17873139328829624
-0.17854405951550778
0.000272024495639557
0.0008633582687756304
2.1160986842982488e-07
0.0011355943742836173
2.3085100845949632e-08
2.3085100902461496e-08
1.0231913953894367e-07
4.990333004867488e-08
3.6589951627030186e-05
0.0
0.0
7.314448205780394e-05
7.314448205780394e-05
7.314448205780393e-05
7.31439898555615e-05
7.314448205780393e-05
0.0
2.065312893501642e-06
2.00028242364069e-06
0.0
0.0
1.274808009131147e-10
0.0
0.0
0.0
0.0
0.00023343217296077404
4.874727118081944
0.0
0.00024366949544148245
-4.875204219750346
0.0
4.8749605503944915
0.0
0.041709443744456225
2.8505066868362022e-05
3.175496154698108e-10
0.0
1.2105959073455819e-11
0.00016807404617864055
-0.00016807404617866215
2.697464368931645e-05
-0.0014847931910622093
0.00023639258326064238
0.0016688894876033624
1.6395803695086103e-09
5.076085604885309e-09
0.0001715917646814849
5.994697221058197e-06
0.00017759302022402114
0.0
0.0
2.663772500272339e-19
0.0
0.0
0.0
0.0
0.0
0.0
0.0010726234260053547
0.0
0.0
0.0031715993365369496
7.333507481267583e-20
0.001303620137885299
0.0
3.862041583706736e-05
0.00015414833206660073
0.0
0.00011552751174098582
1.709637950203623e-05
0.00035007129041063237
0.3207820389631514
0.0001144373306942461
0.0
9.8776174102469e-05
4.018293868390408
-4.018294024630564
-1.579646079613439e-07
0.002557349536319917
-7.52563372965664e-05
0.0
0.0
0.00029368011196707075
1.5774824122648503e-05
2.7687128457182114e-05
0.0
0.0
0.000703697849142717
0.0009711588391691138
0.0002876121343760634
0.00022198951092731924
0.00012236761103799965
0.00039275478158947363
0.0002041838286415594
0.000183246166800927
0.0
0.0
0.0
0.002906080402593921
0.0031412792086196644
1.4208092271232696e-10
-1.4340914110369686e-06
0.0003023719835409862
6.792724845884898e-05
0.00010937994520607737
0.0006396777974969632
0.0008654091920789111
3.284474225660272e-05
0.00016564926106519857
2.388819807052391e-05
7.5502418580536775e-06
2.6628247470292787e-08
0.0
0.0
0.0
9.003359799507975e-05
7.70106108223853e-05
7.111257848663716e-11
0.0
8.674056319940435e-09
0.0
0.0
0.0
0.0
0.0032332535184417957
0.0
-0.00014308907659967292
0.0
0.0
0.0
0.0
0.007400149303463282
0.0024591463068831068
0.0017026640269349434
0.0
0.0
5.120131157011076e-07
3.558579485481324e-05
3.507378173911215e-05
1.7969794168853444e-19
0.0
0.003141279208619666
0.003141279208619666
0.00022965530395672188
5.662692346162117e-06
0.0
2.197383804481335e-11
2.1996788083101904e-11
2.198616451311345e-11
5.662692346161448e-06
0.0
0.0006027470976484165
0.002111603675872874
0.00012704180144058045
-0.0028413925749618714
0.0
3.7751209290261654e-06
5.66269234616194e-06
3.8022439791486854e-06
0.0
0.0
0.0
0.0032332535184417957
0.0032331398338650607
0.0
0.0
0.0
0.0
1.8075600520507655e-09
6.639803333974683e-09
2.3531355110125295e-06
7.481296835448861e-06
1.098546787723111e-11
0.0
0.0
4.211203848937042e-12
0.0
0.0
0.0
0.0
5.662692346160116e-06
5.662692346159919e-06
0.0
0.0
6.812007089649578e-05
6.812007089649579e-05
4.8754925175610035e-06
4.8767870604862745e-06
0.00038906465114137254
0.0
2.6137604923510576e-09
1.0711836095388313e-09
0.0
1.0711836095388313e-09
-0.00023799560744365924
2.7343132659015e-10
0.0
0.0
0.00025644222753860694
0.0
0.0
0.0
0.0002670309842381458
3.100072817618089e-05
0.0
0.0
0.00017798488856561424
2.02216553992165e-05
2.3997964061591253e-05
0.0
1.8827170898949058e-06
7.595601640918471e-05
0.0
0.0002357247395585201
0.0
5.182975882833011e-05
0.0
0.00021636112507948248
0.0
5.1829758828667486e-05
0.0
0.00019553348174055832
0.0
2.4864101226946863e-05
0.0
1.4084336748560471e-05
0.0
0.00023639452211843005
0.0
0.00011932804034556648
0.0
0.00011932804034590336
0.0
0.00011932804034624038
0.0
2.555012432915402e-08
2.5550124441252454e-08
2.5550138800145205e-08
2.555013415150238e-08
2.5550129350366277e-08
1.0220054555514764e-07
0.0028951274884640122
0.002895120760729234
0.0028933809762287524
0.0028849257275882475
0.0027251603564511697
0.0020854082044111954
0.0021331347199019216
-0.0002504771376469324
4.050652673976533e-05
4.051316901127231e-05
9.241068752649782e-08
9.24106875440018e-08
0.0
0.0
2.662825305287081e-08
0.0
0.12173170482365328
1.1861931618271117e-05
1.0729838462779631e-05
9.640047667972877e-07
2.6628250927469723e-08
6.383284410983292e-05
0.0
0.0
0.0
0.0
0.0
0.0
0.001131545956483731
0.00035152700451085114
7.296256277113275e-10
0.0
9.779140111660688e-06
0.00025281242749857776
9.394286659397388e-05
1.9717116973732574e-05
9.484765563683147e-05
1.489490322381927e-05
9.668607804083052e-06
0.00015976867824613565
0.0008629565639871611
0.0001990702228929527
0.0003400965522538331
0.0011306512132787032
0.0017455448050743391
0.00017422723190072619
1.2549382755638947e-06
0.0010154009564772941
8.457165984472908e-06
3.3071090778638046e-09
0.00022320441194720683
0.0002198220946943833
0.00036707119594315456
0.0002318325467920778
0.00026075161401213507
0.0001883117862870262
0.00023764752153621123
6.112361753733114e-05
1.9173439884997108e-09
0.015426314081203913
0.0007095688452687605
0.0
0.0
0.0
0.0
0.025347561873314807
0.03780193215650657
0.00020972999204316072
0.0
5.233019513245396e-11
0.0
1.996876519490007e-06
3.32010971362914e-05
8.51222044961425e-05
0.0
0.0
0.0
0.0
0.0
4.738696912100903e-05
0.00026576217912530954
0.0024793630705269003
1.2557803574627524
0.0016740810563949063
0.0
0.0
0.0
0.0
0.0
3.0612824460385356e-05
0.0
0.0
6.119022787361406e-05
6.119022787361406e-05
6.119022787361405e-05
6.118973571693499e-05
6.119022787361405e-05
0.000141295587163685
6.907306382034641e-05
-1.2562034172648193
7.124881013856392e-06
0.0
0.0
1.4214343992147304e-05
1.4214343992147299e-05
1.4214343992147289e-05
1.4213852755194162e-05
1.4214343992147294e-05
1.6075866339421162e-05
2.7062350797795847e-05
0.0
8.722300813164641e-05
8.721428922961278e-05
8.739108556733241e-05
8.72230081316465e-05
8.73910855673325e-05
8.457701202570896e-05
0.0
0.0
0.00016911860242196065
0.00016911860242196065
0.00016911860242196063
0.0001691181100873209
0.00016911860242196063
0.3140681225821596
0.0001393237651096341
6.513347692900269e-09
0.00027866055691465417
0.0
0.0
0.0010012806050151435
5.859683884077267e-06
0.0
7.056835079094742e-20
1.8875604645130164e-06
2.1101571037195675e-05
5.928237955772701e-05
7.427999039970747
0.0
0.0004337530558031873
-6.662766260936396e-06
0.0005587391236965576
0.009283499497836184
0.16077714677539853
0.0
0.0
0.0
0.0
0.0
0.0
0.0
0.0
6.231374923734725e-09
0.0
0.0
2.9069862041169163e-05
9.48066914510455e-05
0.0
0.0
0.041962595172594555
0.0
1.320321970128373e-10
0.0
0.0007880819861363291
0.0007880819861363291
0.0010348421768492722
0.0
2.0451968817518686e-07
0.0
3.107549587830326e-05
0.0
5.892231078713394e-09
5.443256819871162e-05
5.467367889212176e-05
0.00015513631375080631
0.0001745665817164484
0.0003669060074907323
0.00011136937655359569
9.477396147205705e-05
0.0
0.0
-0.002238308751516153
1.3255428890450757e-05
8.144943371729773e-05
0.0003674324855095821
0.0
0.0
0.0
0.0
8.323824886401924e-10
0.0
0.0
0.0
0.00014725991210472493
0.0034195263030795545
0.003359760295574073
0.0005434174994710184
0.04790187269576836
4.2194754759525356e-05
5.629080774636678e-10
0.0
0.0
0.0
0.0
0.0
0.0
0.0
0.0
0.0
0.0
0.0
0.0
0.0
0.0
0.0
1.3901690585058276e-09
1.0231913819757561e-07
0.0
0.0
0.0
0.0
4.554971933772296e-05
0.0
0.0
0.0
8.733632911763263e-10
0.0
0.0
0.0
0.13910247906035428
0.003884939354802966
7.435383182369753e-05
0.0
5.656511699672012e-06
0.0
0.0004958478470606731
5.553690219769653e-05
6.130849462569257e-06
3.127343403334806e-05
0.0
0.0013435665427987352
4.8524880369082645e-05
4.852488036908266e-05
4.8524880369082645e-05
4.852488036908261e-05
0.0
0.009741050777168487
0.002961808048991819
8.034169786012681
0.0
2.6571354936538026e-05
1.7426677016362174e-05
-9.144677920175836e-06
6.710657781372197
0.3207138674295172
0.0
0.0
0.0
0.0
7.031371656374858
1.0231913790449927e-07
1.0231913850156962e-07
1.0231913881576972e-07
0.0
0.0
0.0
0.0003274289283771858
0.08717933942387278
0.00042252127859885544
-5.323475487053125
5.41143135821839
7.713455918583164
7.031371656374858
0.017979681658232723
0.0
0.0
0.0
0.0
0.003359760295574073
3.51268877926527
2.7764224566778194e-06
0.0003812833747595677
-0.07844283235552497
0.0003903956831432416
2.5819395419106188e-09
0.003959293186626663
-0.00027491947846618035
5.8028787286991405e-05
3.107549587830353e-05
3.107549587830359e-05
5.0707762827703535e-06
-4.960546872231254
1.4478523069624938
-3.491938920344547e-06
9.587441020524897e-05
0.0
0.0
0.0013551506575633012
2.46821847571783e-09
2.2120677946514666e-09
0.0
0.0
0.0
3.4498082059695994e-05
0.00024167959377493402
-8.850382045401765e-06
0.0
0.0
0.0005711159909688214
9.585476576461104e-05
1.4895074358383211e-08
0.00041683255212550564
5.9888991784112335e-05
0.0001460028402362666
-4.209199383748425
4.209175534899796
-2.384884862953424e-05
0.00011307503646403512
6.667876661210195e-05
7.94569201475288e-06
-1.9437521335627057e-05
-0.0004491048270038913
0.00014324722829454594
3.8785604478404305e-05
0.00019346586458579107
0.0
5.030168997235021
-9.793321118059122
4.763150949162019
-1.1716620817106354e-06
0.0
4.092765481731305e-07
4.092765481051845e-07
4.0927654813236626e-07
0.0006211135141198642
0.002907471858897986
0.0
0.04787627015329806
1.4910626540965288e-05
0.0
3.200194032382535e-19
0.0
0.0
6.38402917291402e-05
0.0
0.0
6.694476537714162e-09
0.00011800292504370202
2.387086341869882e-05
8.323824886316752e-10
0.0
2.3531355103300737e-06
0.0022317311694609395
0.0004739998378459965
0.0
0.0
0.0002593230395167853
0.00025932303951678746
0.0
0.0022317220722479036
0.0
2.774129775174349e-06
2.7677347847999444e-06
0.0
0.0
2.776422456677869e-06
5.662692346158422e-06
3.775120929025978e-06
5.445764442154683e-05
8.57310784548947e-05
0.00011530668424217693
0.0
0.00046721515416641124
0.00010658962693051424
8.868788000248082e-05
0.0024407223996146922
-1.5423889941354498e-06
-0.002442264788608828
0.0
0.0
0.0
0.0
-1.031150658213699
-0.4061955228806544
3.4054310616512074e-05
1.755183170079103e-05
-1.7551831700791057e-05
0.0
0.0
0.0028951274884640174
0.00289512076072924
0.0028933809762287585
0.0028849257275882535
0.002725160356451175
0.0020854082044112
0.0021331347199019268
-0.0002504771376469274
0.0
1.8875605488276647e-06
0.0
0.0
0.00670215724585606
4.5077678456119926e-10
0.0
2.576926642894713e-08
9.286028914204493e-09
1.0954105125415665e-11
1.0231913648609083e-07
1.0231913699473581e-07
1.0231913616977893e-07
1.0231913628670083e-07
1.0231913669965552e-07
1.023191391394403e-07
0.0
0.001195367683994673
0.00011643137558130732
0.0006027280652286814
-6.286340203779217e-05
9.984389509386646e-11
0.0
0.0
0.0008412023394119622
0.0008412023394119622
0.0
5.2618382639231345e-05
-9.192083904115005e-05
-3.9302456401918765e-05
0.0
0.0
3.8844369847876804e-06
1.2783795203884532e-19
2.8742638967915324e-06
-2.8742638967915236e-06
0.0
5.662692346161675e-06
0.0
0.0
0.0
-6.044210683685408
6.0433988280922355
0.000811855593173998
-0.006145266600241126
0.004838772198459035
0.001303620137885299
0.0008412023394119621
6.23116218152934e-05
-1.739784500461095e-06
0.0009525375544395018
0.00016670001945191896
0.0
1.206678913767661e-09
1.1970369628469004e-09
7.98460165745639e-05
-8.741706625762915e-07
-8.741706625761896e-07
1.1770798399230387
3.5222770465181035e-08
2.4020862731295735e-06
2.193168505852913e-06
2.441405377418243e-07
2.193168505852961e-06
2.1931685058530202e-06
0.03915183874119817
-5.153774825182532
5.153775337217667
5.120131157011587e-07
0.0016293657125971738
1.524994968783301e-05
-0.0003835961277550581
0.0003861172241421234
-2.518103542323293e-06
-2.518103542323284e-06
0.0008412023394119621
0.0008412023394119621
0.0004859895620363543
-0.0024591463068831063
0.0
7.429611656526453e-05
-7.429011793963559e-05
0.0
-0.004798601934466333
0.002782540859452896
0.0
4.818914198226567
4.8189141999504574
0.0
0.0
0.0003323502360580757
0.00020314822196334842
0.0
5.19016342172967
-5.190164196596795
-7.758959917597214e-07
-5.128161324120594e-06
1.2740358562866967e-05
0.0038134692632406076
-0.0038134692632406063
-0.003813469263240608
0.003813469263240608
0.0
0.0
0.0001646728185090437
0.00016467281850904454
-0.007400149303463282
0.002459146306883107
9.339012871983828e-05
2.59293611091296e-05
0.00032961818189845523
0.00032961818189845523
0.0003296181818984553
0.0
8.756208172570124e-05
0.0016797926934516564
0.00011516425650645733
0.0016521905186708996
2.8522357721112903e-05
0.0
0.0
0.0
3.7806325108514114e-09
8.235695501840461e-09
0.0
3.9720530359513955e-05
0.0
6.387190800020866e-10
0.0
1.3125682603918148e-09
3.415267022408187e-06
2.8512053383221682e-05
3.9722481646854355e-05
2.8512490379778045e-05
3.4152670224081947e-06
0.0
9.750541315878539e-05
0.0
9.751364885264522e-05
0.00016406113011161139
0.00018554180280382608
0.003813469263240608
0.0
0.00020072607656042136
-0.000200722855699569
0.0
3.8785604478404196e-05
0.0
0.0
0.0
0.0
0.0
0.0
0.0
4.93942487235098e-09
7.980976311872736e-09
0.0
0.0
0.0001647579313805737
2.6198280240735835e-05
1.75977971619325e-05
7.99995742026507e-05
5.820227005744093e-06
9.202065656659164e-05
4.374513911669306e-06
3.515279604645374e-05
0.0
0.0
0.0
1.1253238561054106e-09
0.0
0.0
0.0
0.0
0.0
0.0
0.0
0.0
0.0
2.3906836595110354e-05
2.417716894111494e-05
7.744118703719272e-05
3.067957036785288e-05
7.049788667737246e-05
2.5119420860220644e-05
0.00010901759155482278
6.179259909903e-05
0.0
0.0
4.270336082985877e-09
1.4695912288448933e-09
0.0
3.5217384225444385e-09
4.556076437719614e-09
2.3978287501853445e-09
3.8407346682901504e-09
0.0
0.0
1.8452428242512378e-09
0.0
0.0
1.982378216777004e-05
3.4788306084269653e-06
0.0
0.0
4.056912808161898e-05
0.0
0.0
4.2445566572874673e-05
0.0
7.560917293240975e-05
0.0
0.0
0.0
0.0
0.00023799560744365922
1.4340914110409547e-06
0.0
8.241296059194249e-05
0.00021428765562453536
0.0002981293190524844
0.0
0.0
0.0
0.0
0.0
0.0004971687163219245
2.6628254118305406e-08
0.0
0.0
0.0
0.0014614804779818377
0.0
6.770464715490446e-12
4.023448743253699e-09
8.755297381769793e-11
8.755297382308758e-11
0.0
0.0
0.0
0.0
0.0
1.0624516412152212e-19
0.0
0.0004295005758197468
3.361863504881286e-05
0.00046311626412311294
0.0
6.166775166026496e-05
0.0
1.5587422998355255e-09
0.0
0.0
0.0
0.0
0.0
2.6691442669156923e-10
0.0
0.00032970316614189764
0.00032970316614189764
0.00032970316614189764
0.002668534131884939
0.0
0.0001460692813004325
3.0226572961551784e-05
0.0
1.1718867668432635e-05
0.0
1.8347687355774208e-09
0.0
0.0
1.1709951490060443e-05
1.675441103984189e-05
0.0
0.0
0.04419195494486683
6.409437236692725e-05
0.00043896309973936537
3.6946904605066643e-06
0.00020777915198499501
2.0221655398590022e-05
2.0221655398817064e-05
0.0006725872636867457
0.0006725858735192767
0.0
-2.6628250416800368e-08
-2.662825034409518e-08
2.022165539913014e-05
8.469934029723894e-06
0.0
0.0
0.0
0.0
0.0013074305582336102
0.0
0.0
0.0
0.0
0.0
0.0
8.917742179185741e-20
0.0
0.0
-5.754872029397375e-05
7.342862066142102e-05
0.00010045835270905862
3.051898824633616e-05
3.6891082225525105e-05
1.5797123944768926e-20
0.0003297031661418977
0.000947977836699853
0.000947977836699853
0.0
1.6754440755401888e-05
0.0
0.0
0.0
3.0231644859265964e-05
3.023164485926573e-05
0.0
0.0
0.0
0.0004772491625180961
8.233079460178642e-05
1.1807663948211735e-05
1.1712260449467783e-05
1.6744880359336108e-05
3.022333913413392e-05
0.0
-0.00047725573555894556
-8.233745520291352e-05
-1.1812006750521384e-05
0.00015587273746727308
0.0
0.0
0.0001558727374672783
0.001497357180985406
0.0011538648212023456
6.089447338361076e-05
0.0
0.0
0.0
0.0003493412562831972
5.84889650013668e-06
4.13062578700363e-06
0.0001647579313805758
0.00016475793138057672
1.0231913730281718e-07
1.0919075674692343e-06
1.091907567469229e-06
3.4381595412642146e-13
1.0326567905562415e-06
3.438158819808622e-13
4.876787060486911e-06
-0.0014824076620967947
2.065312893502092e-06
0.00017628478600898763
0.0
2.065312893501807e-06
4.1306257870035494e-06
3.757812163068523e-05
0.0
0.0
8.241313746504166e-07
0.008619695800972204
0.008619695800971813
0.001307430569186618
3.8022439791947843e-06
0.0
0.0
0.0
5.976600750548197e-05
0.0
5.509675339688417e-10
0.0009504105955219476
0.00023450452241119188
0.11769343203888635
0.0061232999127784375
0.16019217617945009
4.0709156610756616e-05
0.00014601484496718406
4.176985533156385e-05
3.501012839753594e-05
0.0002127414168739685
0.0001589515569262556
6.357440516095726e-05
3.7986270005824426e-05
0.0001031570748099966
0.005889758874747883
3.5004076983699294e-05
0.00011713110431447747
0.0007210207542954466
7.225710853333174
0.0
0.2700440529002268
0.004042449623642006
0.0026228601343107048
0.00025664674722616974
0.0002805349531248041
7.62167587639234e-05
-3.4414897296641936e-05
0.00020431561119826759
0.09206155235938673
0.09206337081113586
0.0
0.00025584882665607257
0.0006986352319874129
2.7339993488348037e-06
0.000780275521041126
0.00017694253695119426
0.0009015455448440195
4.887584078090279e-05
0.0
2.055903621012982e-09
2.1318179829511867e-09
0.0
3.5003526016165145e-05
0.0001031570748099965
1.8985529420628624e-19
1.927715704539464e-05
0.0
0.0
4.374193165196635e-09
0.0
0.0
0.0
0.0
0.0
0.0
0.0
0.0010000317986801018
0.0010000317986801018
0.0
0.0
0.0002210232611932004
3.99936411317402e-05
0.0
0.0003534013840888967
1.0288667908284857e-09
2.388819807052396e-05
0.0
0.0
2.8803820103017138e-05
0.0
7.70105397098069e-05
0.0
0.0002133612087101112
1.4470102787563548e-09
8.250221025111244e-05
1.493467041314251e-11
0.00012832540600975638
0.0
6.379060563171386e-05
2.5512842882249488e-09
0.0001780624456953711
0.0
0.0003926985769431282
0.0
7.456668290597744e-05
2.169180694548712e-05
0.0
0.0
0.00018180452611853503
0.0
0.00010635203799071218
3.497336909569809e-05
2.3888198070523933e-05
0.00011530668424217721
3.211455967936643e-05
1.7542024132406112e-06
0.0001624723565721376
0.0001560125344669385
1.8242324243525498e-05
3.496289028484869e-05
6.168048233402418e-05
0.00010703236132473774
2.563463452829308e-05
7.443516630276197e-05
0.0
2.7657987627719736e-09
0.0
0.0
0.0
0.0
0.0
0.0
0.0
0.0
0.0
0.0
0.0
0.0
0.4749324491052227
0.16086433025682453
5.904171553508197e-06
0.00017383077330652735
0.002619331942321102
8.974322787299477e-09
9.111844230475586e-09
0.0
1.8875825253620284e-06
3.041551440013619e-09
2.6628253413418557e-08
2.662825369806124e-08
2.6628253903963742e-08
1.8827170898948702e-06
1.1029054430158368e-11
1.1012518329299392e-11
0.0038134692632406076
0.0
3.994413874739961e-09
0.002841392711288265
0.0
3.994430154487314e-09
0.0
1.887560546091438e-06
1.7032152294346087e-06
1.8434531390118646e-07
2.6628251552438272e-08
2.6628252118190762e-08
2.662825261980529e-08
9.97445609142324e-06
3.3336609568504424e-05
0.0
1.3632639422395195e-10
0.0
-0.002841392711288265
9.214110559502168e-05
0.0
0.0
0.0
0.001544364259899296
0.0028269033147744873
0.00028481454438041216
0.00015983555255010955
0.00016526326005285595
8.101144537600256e-05
5.6183091346132136e-05
0.00019640895940173952
6.460322541852508e-05
0.0
0.0
0.0
0.0
4.876787060485051e-06
0.0003272010885980129
0.0003764967605447033
0.0008545947288160568
0.00011656411035305619
0.00023199803491445224
5.561409946161041e-05
0.00017748330950718928
4.4506201420128986e-05
0.00011996017865656633
2.4117600452481524e-06
0.00029963753948597266
9.311724210349995e-05
9.999980329197412e-05
0.0001041859125798497
0.0003525609564899236
0.00031494648481504686
0.0018356820112342615
0.0001800600786948032
0.0004672151541664114
0.06999581324578397
9.511716047396067e-07
9.331533863317004e-07
1.8827170898948395e-06
8.896593131270263e-05
9.076814032214721e-05
1.0234272532119424e-05
2.8650634149474162e-05
0.00048453131779345796
0.00022905192485034537
4.6484968055294194e-05
5.2682732050284786e-05
0.0
0.0
1.8827170898948868e-06
0.0
0.0
0.0255572990373981
0.0
0.03780193215650657
7.046965317668335e-05
0.0001976407233538815
0.00014873388181919325
0.0001487858967063492
9.385945472371952e-05
6.417342263745281e-05
3.417431493645291e-05
0.0001654911734220152
-0.0010348421768492724
0.017466643897539963
0.03977554184164955
-0.13910247906035428
0.047901872695768365
0.0
-0.12173168992857897
-0.0006171672239682197
2.8617101588083687e-07
0.0
0.0
2.6038851929259745e-09
0.0
0.0
0.0
0.00018421077171946267
2.8617101588112973e-07
5.1763284428279613e-05
0.0
7.66348247626608e-05
0.0
3.979550117279181e-05
2.603885193342616e-09
6.33650265005005e-05
0.0
1.008850438132396e-05
0.0
0.0001604311953632817
0.0
0.00018449694273534322
5.175439291625578e-05
7.662598557471905e-05
3.979810505798435e-05
6.335619760644181e-05
1.0079606411537946e-05
0.00016042228795091573
1.0930510086626519e-07
1.0930510086375042e-07
-0.0015681532311836162
5.29178605265956e-20
0.0
0.0
0.0
0.008631735564941371
0.008174272960684187
0.0005773949385536707
2.4177168941114572e-05
7.744118703719231e-05
3.067957036785251e-05
7.049788667737199e-05
2.51194208602202e-05
0.00010901759155482229
6.179259909902955e-05
9.077481418719685e-05
1.024102584278637e-05
2.8655964734239868e-05
9.562503746497167e-05
5.079717787374437e-05
4.6489951930704525e-05
5.268857594671092e-05
5.58779160360427e-05
9.696614014713465e-05
0.00014775597454001543
5.405752817076173e-05
8.038549189850167e-07
2.4073849190641777e-05
5.047134874786652e-06
2.6198280240735656e-05
1.7597797161932297e-05
7.999957420265052e-05
5.820227005743849e-06
9.202065656659142e-05
4.374513911669059e-06
3.515279604645352e-05
0.0
0.0
0.0
1.125323857398895e-09
0.0
0.0
0.0
0.0
0.0
0.0
0.0
0.0
0.0
2.390683659511019e-05
-5.553690219769565e-05
3.775120929026542e-06
2.6628250248618413e-08
4.266735766196423e-05
4.875492517581245e-06
0.0
0.0
3.757812163068514e-05
-0.000408619137642858
7.946427012561412e-05
0.0002518882075221656
0.00010023753998660594
3.459118592685656
0.0
0.0
0.0
0.0
1.5537747939151474e-05
0.0246649171484297
4.875492517574657e-06
0.00040980075271483576
6.873227451740867
0.0005503054914822201
1.7018119606244714e-07
-10.568259431842883
-2.871313766705278
0.00038906465114137265
4.875492517578296e-06
0.0011709344187681623
0.0015681532311836166
0.0
2.0057712401499504e-06
0.0
0.0
0.0
0.00023614434433479156
0.0
0.0
0.003959293186626664
0.003959293186626664
0.00048598956203635434
0.0008412023394119618
0.003957399595054368
0.0008412023394119617
0.003959293186626663
0.000841202339411962
0.0009517412715942285
0.0
0.0
0.0
0.00010333002425708574
-1.1343647819306042
1.1342573889092797
-4.062997067265434e-06
-2.861425157106022
0.0
0.0
0.0032331395109708432
1.9814710473969214e-05
3.4682365630905934e-06
0.0
0.0005401438353400729
0.0006772007813500711
0.0
0.0
0.017466643897539963
0.0
0.017466643897539963
1.4769181855773168e-10
1.981471047396894e-05
3.4682365630902758e-06
0.0
0.0005401438353400726
0.0006772007813500708
0.0
0.0
3.4591185926856562
3.485984428361693
9.262792384987904e-10
4.8754925175704335e-06
-0.0002894845755510621
4.645481969442185e-05
0.00019805766758994756
9.143565792976157e-05
0.0
-0.00016486743436378942
0.00011254948071236542
-6.872838965818934e-06
0.00020369273489294955
-0.00018072626887881193
3.9659877644808656e-05
4.47843914374924e-06
0.001226653268979776
7.984822825208664e-05
0.0
2.2116775622426465e-09
0.000538057268118564
8.89675392139186e-05
0.0
1.6079012554881607e-09
0.0005380562443225639
0.0
1.0237960396671029e-09
0.0016821837720891917
-0.0002552489220090342
3.7578121630685e-05
0.0
0.0
2.6137604923493954e-09
0.0
-1.1368457673490963e-07
-1.1368457673496416e-07
-1.136845767350288e-07
1.9277157045394652e-05
2.8707105296802045
2.8707105296802045
0.00012016994560058454
0.0
0.0
1.8875604645125325e-06
7.550241858053678e-06
3.775120929026941e-06
0.0009900346824640875
1.540087704031748e-09
0.0
0.0
0.0017175518110247809
0.0017175518110247809
1.0231913762302673e-07
3.802243979079544e-06
0.0
0.0
0.0
0.0
0.0
0.0
0.0
0.0001524537768095404
2.4174705931545047e-05
7.225501548563847e-05
0.0003513690142388384
2.4544321140556622e-05
1.629711885936794e-05
7.200843956699696e-05
4.208319196926501e-06
0.00019706445859234056
8.755587184484148e-06
0.00035488523439025963
1.173453180661115e-05
0.025054865906217333
-0.022484235823324213
3.571921916706916e-19
0.0
1.8730545074563554e-08
1.5555023542604922e-08
0.0
1.555502354263342e-08
1.5555023542693007e-08
4.0927654809162037e-07
2.982498336733842e-05
0.002150628496049308
1.6804204891803797e-20
0.0
0.0
0.0
5.997661321975282e-08
0.0031412792086196652
-0.003141279208619667
0.0
0.0
0.0
0.0
0.0
0.0
0.0
0.0
2.20189860359277e-11
3.5585794854813234e-05
0.0031924723553245203
0.00023799588087498582
0.00036604159186516013
3.2961484039082225e-21
0.0
-1.0372707375821346
1.0372110802907748
-5.966413352804148e-05
0.0
2.9824983367338477e-05
2.9824983367338477e-05
2.201670889049186e-11
1.8875604650253735e-06
1.8875604647701296e-06
0.00323313983386506
0.003233139510970844
0.001303620137885299
0.0
0.0
0.0
9.257103088751075e-10
0.0
0.0
0.0
0.0021533017021946876
0.0021532927279127407
2.9824983367338457e-05
2.3952498337040918e-18
2.3952497719608208e-18
8.39506229384779e-05
8.477442307058288e-05
-8.238001321027181e-07
8.241313746514592e-07
0.0
0.0
0.00014276554120644575
0.00033350525981832424
0.0
2.200551663121042e-11
2.201219341118209e-11
0.0004559493305665225
0.0005601517305396937
0.0006879760311857985
0.0
0.2020386675665739
0.0
0.0
-6.898162369342433
0.0
0.0
0.0
0.0
0.0
0.0021505866175623462
0.0
5.1821240084601875e-05
0.0
-0.023657139895359162
0.0
0.0
0.0
0.0
0.0
0.0
0.0
0.0
0.0
0.00022264693052151914
1.0220055017567776e-07
1.0220055033032285e-07
1.0231913773517073e-07
1.0231913767339003e-07
2.045196881385664e-07
0.00016475793138057474
0.0
0.0
0.0
7.692201683118173e-05
0.003141279208619666
7.427999039970747
4.1974868997677516e-05
8.137203899049219
-8.137204250493863
-3.514595788350246e-07
0.0
0.0
0.0011657751421573403
1.1235930148191498e-05
3.7903421209579164e-05
0.0026329770801896343
0.0
0.004838772198459035
0.0
0.00011280303799125791
0.0004024706131489902
-0.5712932087670131
0.5715735276286575
-9.349639792499129e-06
2.161829715068188e-06
-2.1618297150681685e-06
1.893591572399233e-06
0.014145201537695495
0.010909656025615718
0.0
0.0
4.2112038495962715e-12
0.0
0.0
0.0
7.998893589431118e-05
2.1618297150682227e-06
0.0002239926116105596
0.0
0.00022453449098613698
1.8935915722958105e-06
0.0630198162696088
4.7640557708500994e-18
0.0006781619782758325
7.209929127393967e-06
3.792760249026445e-05
4.5136662426980764e-05
3.7927602490264626e-05
0.0
8.691906772369965e-10
0.0
0.0003157664733345907
8.748873905224881e-06
0.0007930088853554071
0.0004772406881311293
2.4344305915197322e-20
-4.849663230851397e-06
-4.849663230851349e-06
-6.044114813060888
3.636593275970033e-19
0.0
9.037648805958849e-09
9.001067005392101e-09
0.0007475516690218915
0.0007475516690218914
1.6116633829358322e-17
0.0
0.0
1.8935915724102726e-06
0.0
1.1219225683651907e-09
0.0
-0.0011709344187681623
5.3886324913335753e-20
-1.834571298224645e-06
-1.8356932207929071e-06
5.257914980042861e-17
0.0003295158627611464
0.00027491947846618035
0.0
0.0
0.0
1.0220055413407634e-07
1.0220055416747578e-07
0.0003295158627611458
0.00035256095648992364
0.0010348421768492722
0.0003525609564861775
0.00027491947846618035
0.0002749194784661804
0.00035256095648992364
0.00035256095668989687
4.6554202981383865e-07
7.9115279637337e-08
1.0598100898061547e-07
0.0
0.0
0.0
0.0
0.0
3.780649796371753e-09
3.780649507195106e-09
0.0
0.0
0.0
3.780648935243666e-09
0.0
0.0
4.206327028177109e-05
0.0003525609564899236
0.0003295158627611461
3.780648268630202e-09
3.78063746521551e-09
7.765025217222123e-05
0.0
0.0
0.003555695574616894
0.0
3.780642456252779e-09
3.780647350006741e-09
1.887560465280501e-06
3.884436984784512e-06
1.996876519500705e-06
0.0001001442195368501
3.757812163068508e-05
7.606904411724748
-7.606904406601344
0.0
9.214110559502164e-05
-8.582225948828937e-05
-8.582225948828937e-05
0.00014110113102701221
0.00033346034472951484
6.386089313241659e-05
8.258035656403266
-8.258036825238209
-1.161382214045044e-06
0.0001647579313805732
-0.004538930721809109
0.0
5.023295089768515e-06
-5.016099418989669e-06
0.0
-0.0009571274686450693
1.2476725691498099e-17
0.0
0.0001411011310270121
0.0001729664620630466
-1.817666672455467e-05
-0.00019114312878760117
0.0
4.9617956334653e-05
3.55160661966627e-05
0.0
0.0
0.0
0.00025120414182746307
0.0
0.0
0.0
0.0
0.0
0.0
0.0
0.0001430833434706805
0.0007614627342265938
0.0008880405742711071
1.9391861866518815e-05
2.8863584403516432e-06
