0
0.0
6.678309390208882e-08
0.0
0.0
2.771564152078779e-06
3.801622849100579e-07
0.0
0.0
1.1848904006543852e-06
0.0
0.0
2.7888021642919224e-06
0.0
0.0
0.0
0.0
0.0
9.40577584835356e-09
0.0
8.947817338977629e-09
0.0
0.0
0.0
0.0
2.5385142112298846e-05
6.890429087172215e-09
0.0
0.0
9.903162486889262e-09
0.0
1.9401442658776306e-07
0.0
0.0
0.0
0.0
1.0744098455150709e-08
3.0694442769387914e-10
0.0
1.8969770003397128e-08
0.0
0.0
0.0
0.0
0.0
0.0
4.580703026646377e-08
0.0
0.0
0.0
0.0
1.8835154608679806e-19
0.0
0.0
0.0
0.0
0.0
0.0
9.119077231352938e-09
0.0
0.0
0.0
1.3085407984824277e-09
4.085196338715467e-18
3.2383419910245924e-09
0.0
0.0
6.858308189804329e-09
0.0
4.690097763892659e-18
0.0
0.0
0.0
9.384125284700628e-09
1.0144950336613348e-10
4.014347746334845e-11
5.318394295802744e-10
3.677977697078981e-19
0.0
1.7394473877078144e-08
0.0
4.760350000872106e-08
1.0144924773836626e-10
9.421009533598381e-20
0.0
0.024910541795196084
4.894176663085972e-13
9.341554080845664e-08
5.821320349338403e-10
0.0
3.6806637110172508e-09
0.0
1.6652464960656167e-10
0.0
5.2984381165802865e-09
-5.284609648986634e-09
7.961280703360797e-10
0.0
0.0
0.0
0.0
0.0
0.0
6.756247980491664e-09
0.0
0.0
9.833063506038264e-09
0.0
0.0
0.0
0.0
0.0
0.0
2.645426046691474e-09
0.0
3.736042276661088e-20
0.0
0.0
0.0
0.0
5.055146743248493e-08
3.6057882147074604e-09
0.0
9.744553551471539e-09
1.8891983393796033e-13
9.087725828673445e-09
0.0
-1.03691331077016e-08
0.0
8.76348174886127e-09
8.442554547883707e-09
0.0
4.5339692947957266e-09
7.101424966577056e-11
0.0
0.0
0.0
4.533712123663133e-09
0.0014470629400789897
1.944948920225496e-08
0.0
3.091220785086254e-10
0.0
1.6991381112761465e-08
2.226873043852216e-21
0.0
0.0
0.0
0.0
0.0
0.0
0.0
3.4325943821334594e-09
7.550930492927614e-09
0.0
3.1820104721675003e-09
8.365551509128942e-09
6.186118786252251e-09
8.773242810955044e-09
0.0
0.0
0.0
6.415663858839941e-15
2.0578229535444838e-09
-0.005023347252748722
0.0003269919797769442
6.47899231343002e-09
7.365936613554539e-09
5.752069536659455e-10
0.0
0.0
0.0
0.0
0.0
6.336956293195409e-05
1.2905168268003773e-06
0.0
2.7433775743625587e-08
9.54079615353501e-07
0.0
0.0
0.0
0.0
0.0
0.0
0.0018116900793536672
3.2586796068670384e-09
0.02505352628593016
2.8633243660104793e-08
2.8040299400531883e-05
0.0
2.5603136517890464e-08
0.0
9.600030184111771e-09
7.484980464507271e-19
2.7155901813809632e-09
2.752748515177921e-08
6.303261165572595e-06
0.0
5.378014157918244e-06
8.065842460674622e-10
0.0
2.7713612142157435e-07
1.662983381430335e-08
0.0
9.562020616880804e-09
3.804301837960489e-09
3.482067506954315e-06
2.7354700681094967e-10
0.0
0.0
1.7087466960973356e-06
1.8306595895971129e-06
7.924722371322142e-06
9.492786103328255e-09
0.0
0.0
8.474306482019178e-09
2.542023259234779e-08
2.3318139190255685e-09
0.0
0.0
0.0
5.510793083317959e-09
0.0
0.0
7.978088357511362e-09
8.8905427271103e-09
0.0
0.0
9.861037140170865e-09
9.844024893457274e-09
9.844024893457274e-09
1.6907875018687749e-10
0.0
0.0
9.899025182137142e-09
1.3473962509011903e-11
7.198525630615562e-09
2.72872062910491e-12
9.485105105283197e-09
0.0
0.0
3.02032445701679e-10
-3.2982213883759686e-05
6.2925102791724226e-12
0.0
0.0
0.0
0.0
2.821589613111925e-20
0.0
-0.025285643282130454
2.3047944553862477e-22
9.911290608534307e-09
9.870926253251707e-09
3.999282996323934e-09
0.0
0.0
8.380810778870075e-09
0.0
0.0
2.0431009814059436e-08
-2.6714742792834784e-05
9.772819450878893e-09
2.085494423028559e-09
0.0
0.0
0.0
0.0
0.0
7.104738538755958e-09
0.0
0.0
0.0
7.037850603580322e-10
0.0
0.0
1.0103558565344382e-06
0.0
1.1942407847850369e-20
1.1688597121359081e-08
0.0
3.761491593054238e-09
0.0
0.0
0.0
8.732913787005168e-09
0.0
0.0
0.0
-2.827061458984554e-05
1.9408178739118403e-07
2.5897671548644984e-09
8.904956988135127e-09
9.44838121062351e-09
9.296184805669005e-09
9.028551671114465e-09
9.773216877509355e-09
0.0
0.0
0.0
0.0
1.0668764166637469e-08
0.0
0.0
2.645305447110793e-09
0.0
0.0
7.961280513066721e-10
9.904328744515158e-09
9.646657764072704e-09
9.579129239400362e-20
0.0
0.0
1.1300498397689652e-07
0.0
0.0
0.0
0.0
0.0
0.0
0.0
0.0
3.060543483970082e-09
0.0
0.0
0.0
0.0
0.0
5.9208293865828905e-09
8.278954245582482e-09
0.0
3.1652323121529285e-07
2.529676611974355e-06
9.640842620698797e-05
4.014101383122918e-05
1.552280577630536e-05
1.3213858215758311e-08
1.8220244087546435e-05
-1.1848904006566498e-06
-1.1848904006591562e-06
0.0
0.0
6.953989548035297e-09
9.776507737543356e-09
5.475516814796185e-10
5.323798408668518e-10
5.481834043440587e-10
5.169746408751083e-10
9.859579268240333e-09
4.353727424496137e-10
9.942217913520074e-09
9.957817368225419e-09
9.973180047443361e-09
9.973819712361764e-09
0.0
2.430429261098464e-06
4.0305212075827406e-08
3.9461175645278387e-07
6.505901821549896e-06
0.00012922848923604822
2.1281894287625908e-05
4.6919404943838053e-05
4.737132560368136e-06
0.00013847877272731043
2.639671087644713e-06
2.0373299972817856e-05
2.9387495925110312e-05
5.823949015742334e-06
1.7861652793675832e-05
1.7418184119364465e-07
0.00013797232666307364
2.637662605957293e-06
1.9748777554953138e-05
0.0
5.789009014581677e-06
1.7850077055412144e-05
2.1678654542607717e-05
3.163957479350531e-08
1.665689022266714e-06
2.5100244862909832e-05
0.00012112807577135998
6.585396031318655e-05
1.5779412468238162e-07
1.9968713472165335e-07
4.6055970051343765e-08
1.6567017673169594e-06
1.0252762634064284e-05
7.5197522045165565e-06
6.580748627572429e-05
1.774593344693691e-07
0.0
0.0
0.0
4.70294765393334e-09
0.00012955457664932428
0.0
2.53851421123079e-05
5.466329146986545e-10
5.300759013727864e-10
5.473084358343841e-10
7.97965225757895e-05
6.902547578370917e-05
1.756560843629346e-05
1.8373919331848687e-05
1.756560843782475e-05
4.5012213698358815e-05
9.836241609270746e-08
1.2815970285027902e-07
1.6553465883569254e-06
7.981205796308248e-05
7.981205796461005e-05
7.981205796614312e-05
5.088560438446506e-09
0.0
-2.5385142112299882e-05
2.538514211230181e-05
3.495187928068859e-18
1.98799971128541e-08
1.9913301773618462e-08
1.9945429783202297e-08
1.9946753462842252e-08
7.979652257540475e-05
6.902547578332242e-05
1.756560843590963e-05
7.214656861543722e-05
1.7565608437442578e-05
4.501221369797134e-05
9.836241570997849e-08
1.28159702466647e-07
1.6553465879745107e-06
7.98120579627016e-05
7.981205796422851e-05
7.981205796575995e-05
7.979652257501908e-05
6.902547578293465e-05
1.7565608435525448e-05
7.214656861504742e-05
1.756560843706005e-05
4.5012213697582716e-05
9.836241532821837e-08
1.2815970208176256e-07
1.6553465875912188e-06
7.981205796384606e-05
7.98120579653759e-05
1.401497888544736e-09
8.928354038797426e-05
5.205221548244801e-10
5.125912857426603e-10
8.947817337846104e-09
-4.784075451883099e-10
3.904047849526592e-18
0.0
0.0
9.053926091223155e-09
5.370810423116551e-10
-5.364318607047417e-06
0.0
0.0
6.678309406043065e-08
-1.9401442695463429e-07
1.9401442733511998e-07
2.701607724456235e-05
0.00017445818615284138
0.00013538213585654132
2.4542840482982804e-07
0.0011565884922006432
0.0006919168473623102
0.000701567860055471
0.0005709476867932807
6.789333989760975e-06
0.00016188919614685532
2.5856251879474994e-06
0.0
6.953989525835377e-09
2.822518168068446e-09
0.0
7.213057827738503e-05
6.486899333244305e-05
0.011024189391154751
4.0685098556787944e-10
0.0
2.7958125077380547e-07
2.602816372773126e-07
-6.033321954332024e-06
-6.031278573346774e-06
-1.283259643965716e-05
-1.800008907850651e-05
-3.7151977517945085e-05
1.7642097684357678e-06
0.0
0.0
0.002809383686448669
0.0
0.0
1.9972223068205014e-15
0.0
0.0005910779610137672
6.858377699721147
1.8969770003315638e-08
0.0
-9.475268453347588e-09
1.9765301969068367e-08
3.736114557012349e-10
0.00020032674365133194
0.0
2.9510740425795973e-08
3.226853235264831e-10
0.002269308138625355
0.0022693081386253805
0.0
-7.500932819407566
1.6915548059817869e-06
0.00020032670981640733
0.0
9.762038931291845e-09
3.390728477773819e-10
9.895855120172993e-09
9.895855151799856e-09
9.4051156826764e-09
0.0
9.405115655271475e-09
-2.792743236910977e-07
-2.699392054085481e-07
6.033321936943156e-06
6.031278555964845e-06
1.2832596422285639e-05
5.328053700675789e-07
4.6631048353331126e-05
1.1824841786168129e-07
-2.101089908270977e-05
0.00010176814191335314
4.580702858144459e-08
0.0
3.2682418031269584e-15
0.009121566610764478
0.00912156661076119
-0.00010176814191339978
0.00015799114625550883
3.4780415615547374e-06
8.263304149793179e-05
2.266856824426655e-05
0.0005607198880256855
0.00036228333783683086
0.00040479388479336875
0.0
7.504475620793712
0.0
0.0
-2.332456450204745e-09
0.0
-1.0744098455877624e-08
4.287884703017017e-05
0.0
0.0
1.3022545707774536e-05
9.967318187334189e-09
9.967318279780212e-09
0.3859473345854254
0.5393065637760568
-5.141408579701769e-05
1.9401443120575463e-07
4.54910444857055e-06
0.00014738708618500576
0.00012550222172921747
0.0
4.846682077896958e-08
9.970672075881902e-09
0.0
0.0
9.92254292512843e-09
9.935827388051391e-09
6.596612737487123e-06
0.0
2.836175840873214e-05
0.0002401540645358217
7.837748991011695e-06
0.00024015406453592553
0.000400712061052234
9.508879718083567e-05
8.928127388364054e-05
1.1001491182116493e-05
0.00010609835160052464
2.2731890186254865e-08
0.0
0.0
0.00017451554907148265
4.9211564872371885e-06
4.935825140347983e-06
0.00018439416629244433
5.190104013858116e-07
3.060543516506393e-09
8.928263722148167e-05
5.241823852180461e-10
2.845999429361151e-05
4.118249168049193e-06
3.185397583013016e-05
2.245716683778872e-05
0.00027344071399137233
0.00033942222251897875
0.00023244249931599962
-0.002269308138625326
1.8819649345845153e-19
2.7715641508771077e-06
7.838598861532875e-06
7.837748991205703e-06
-7.837748991148738e-06
0.007994481954648426
0.0
0.0
4.952822488916293e-06
2.0876455318170497e-05
0.00018438278988302625
4.997987176994142e-10
2.9322410827264055e-06
1.0003258912722173e-06
0.0
-0.00010538562715511901
0.00015783657036901603
1.2112484900286706e-17
0.000324169195022538
12.55225483806253
-14.790021740675426
2.237442743034453
9.61657971001455e-09
0.0
0.0
0.0
0.0003468991692985817
0.0001255914756332721
4.0095170056852663e-10
0.0
0.0
0.0
8.088431306359035e-06
8.088431306423596e-06
9.95459344557982e-09
9.954593512983314e-09
0.0
0.0
0.0
7.1026466425621415e-09
0.0
4.144740229234569e-09
4.1447402240440145e-09
0.0
1.5905685545715052e-05
1.6962123194362906e-08
4.904194363808404e-06
0.0
1.2472102460247996e-08
1.247249819986303e-08
9.131502415685204e-09
1.9167154537391403e-08
9.405115632306842e-09
-2.7343480168976736e-09
8.032256898773505e-11
0.0
3.822878962837597e-06
5.4426901834817645e-06
9.887393690437636e-09
5.525340269932972e-10
5.259387573328749e-10
0.00020031681396132076
2.6695202583840076e-07
2.669520298291828e-07
2.585625187990997e-06
0.0
7.691050425378885e-05
7.69105042539926e-05
0.0
7.52271674550133e-16
0.0
3.4777990089336698e-06
3.084906837691626e-05
2.246686308279347e-05
0.0001875734231209956
0.0003394317631157111
0.00017610668947394876
0.00015800021477911777
2.4255262681459926e-10
5.1783973121012314e-05
2.0170516147489749e-07
0.00037314646490469003
2.2851574721117538e-05
0.00022868719531941642
0.0
0.0
0.0
8.757103467650303e-08
2.9010555844094404e-06
4.613542888189963e-05
9.824811100197135e-05
9.824487265997955e-05
9.824811100197049e-05
9.824811100197127e-05
9.824811100197068e-05
0.0
0.0
1.9485789505533914e-05
0.000327746684453526
0.0003472337824998583
0.0
-1.1613708912448653e-08
0.0
1.664192326270423e-09
0.00032023388033549304
3.186018304416043e-05
3.186018304424185e-05
3.946034948236567e-17
0.0001771717737882514
0.000497385750631509
5.285859418800279e-10
-7.898000820228647e-05
0.0
0.0
0.0
0.00016003009504756666
2.0985300722569997e-06
3.791457366698219e-05
0.00012419942589397416
2.006822607030541e-17
0.0
-2.0691810563043266e-06
4.538954180859089e-10
4.679985734689663e-18
0.0
0.0
2.5170761571674157e-05
7.898000820231316e-05
1.1301826796215957e-08
0.0
0.0
0.0
0.0
-0.00038395530996578053
1.1807487263724088e-17
0.00027198743481960985
0.0002408340199145568
0.00033951578022355116
5.67914056136182
-5.679990791014701
9.05200449271738e-09
3.923265688400851e-18
3.188285118035638e-05
-0.001863374742733892
1.796242381784555e-05
3.3712781016090267e-05
8.498709538142377e-10
0.05369089178433706
9.813691502860336e-09
3.900654295438116e-10
0.0
1.0513646857364528e-09
0.0
0.0
0.0
2.8361758403008886e-05
0.0
3.0887436896852023e-09
2.7343152076896027e-09
0.0
0.0
0.0
0.0
0.0
0.0
0.0
0.0
0.0
0.0
8.860634248897242
-1.0144950337079216e-10
2.78880216433808e-06
0.0
-8.860634248795794
0.0
0.0
0.0
0.0
0.0
-5.514149813031669e-10
2.5385142112332497e-05
-7.795459651706999e-06
6.444624198278297e-05
1.0801377640135902e-15
6.444528897478752e-05
0.0
0.0
6.443696198734631e-05
5.48150776990151e-05
8.117477454257442e-05
0.00011873477564214187
0.0004681218591258327
0.0008082076113558263
0.0003563410657749146
6.561873495542898e-05
5.414369502325095e-16
1.5994747643852952e-15
2.026454513579241e-08
6.538647321921e-15
6.523964804763401e-15
6.546179537881201e-15
6.5321732068003565e-15
5.442690183520351e-06
4.10704559926897e-10
0.0
8.562515618999558e-10
-1.739447387696762e-08
0.0
8.644082775355583e-08
3.4423066620972926e-07
3.672502358328799e-10
9.929689609611287e-09
9.929689659471391e-09
0.0
0.00015547142517243867
0.000490988492465261
0.0004909408889652436
-3.803685071990683e-08
7.92472237132217e-06
2.7540890101787356e-06
5.9950692632745585e-06
3.321754566918015e-05
3.0439129110455506e-05
2.6162191385240396e-06
6.01392978800652e-09
0.00010454916800016801
2.754089010188564e-06
5.9950692632769234e-06
3.321754566921595e-05
3.0439099704872916e-05
2.616196265307073e-06
0.0
0.00010454915621399617
0.0
-1.0144924773836626e-10
0.001711844188737309
5.304159122074573e-10
0.05725066709569658
0.05725066709569658
-0.024910541795196015
-0.024810711696935883
7.01954802122568e-05
0.0002573147067367029
-4.894176663085972e-13
0.000327510186459542
5.823322165437856e-10
5.821987673262683e-10
1.297526803674489e-07
8.559754772851691e-08
0.0
3.797912039931541e-05
0.0
7.593077306611801e-05
7.593077306611817e-05
7.593077306611886e-05
7.592709240240708e-05
7.593077306611884e-05
2.1320797447341817e-15
0.0
0.0
3.0089622067788304e-08
0.0
1.4950022654120777e-10
0.0
0.0
0.0
0.0
0.00010103905203984744
8.160440143072668
0.0
1.001701929635216e-05
-8.16055119914403
6.259221443812964e-15
8.160541182291233
0.0
0.009277103166400454
0.0017118458005349851
9.945768072958035e-09
7.190244337789182e-10
1.7000677640223495e-11
7.95113135286642e-05
-7.951131352822719e-05
1.7457599370254233e-05
-9.488861753294796e-06
1.6459613332093148e-06
0.003539964199626699
0.0
0.0
4.8659094641782864e-08
5.28460964899341e-09
4.864526617605706e-08
4.689244890273572e-09
0.0
1.8179508516624076e-17
0.0
0.0
9.923428691482457e-09
9.923428706878288e-09
4.984200024623701e-10
9.887818547579312e-09
6.012596641378745e-05
9.887818565916576e-09
4.632562951864501e-10
6.030885658092874e-05
0.0
2.2769713269292754e-07
9.822812281899258e-18
5.694513492451192e-05
0.000599870635006921
3.9309750503770136e-10
0.0005429156833206277
1.4150410615821504e-05
4.465188539172601e-05
0.04984493153198611
0.0006430097815794858
0.0
0.00025996287625922385
5.55093931245225
-5.5509392726409255
9.942193809679386e-09
0.0001363278390440004
-0.0011851782516390376
0.0
0.0
1.0496112392549742e-06
0.00010185746222114673
-1.1365395001498691e-06
1.994522339256332e-08
5.446228853338599e-10
0.0002604659565816849
2.5199219035535506e-06
9.64003638242324e-05
8.354091422990989e-05
6.193725938342187e-05
0.00018705895830901334
0.00010256347062400858
0.0003539550774837695
3.535827299893771e-10
5.493579009616948e-10
9.85957923327342e-09
2.777907568667579e-06
2.7669650037517868e-06
0.0
-2.7888021643138428e-06
8.35919549631054e-05
8.764287437158933e-05
0.00015194594268026724
0.0005140652554749988
0.0009538759463273528
0.0003564210197061839
0.0002619497807036677
6.45184075998443e-05
0.0
0.0
9.929689557783392e-09
0.0
9.95392331751342e-09
0.0
0.001185190514210319
1.99015242613665e-08
5.222906659866855e-10
0.0
0.0
0.0
0.0
5.466522102176165e-09
1.3633194422698716e-06
0.0
3.4201513759594e-05
5.429292212862093e-10
1.9935706843147296e-08
5.416531570384289e-10
0.0
1.6915548059749733e-06
0.0
8.561384412867287e-05
0.0
0.0
-9.672971985397034e-09
0.00016348115735552956
0.0001634908303274939
0.0
5.088560409179315e-09
2.7669650040464903e-06
2.7669650040888686e-06
-9.678504530805099e-09
0.0
1.4414341959287207e-15
1.606226049699322e-10
1.6079635865677e-10
1.6072032093206995e-10
-1.5124716095434726e-11
0.0
6.865092787515338e-07
0.0
2.449401748153445e-05
-2.5170761571637057e-05
2.770564980342192e-09
0.0
0.0
2.7715641519983752e-06
0.0
0.0
0.0
1.3633194421771264e-06
3.5296358502486607e-07
5.369775992432651e-10
1.9923102295979707e-08
5.351568349492097e-10
0.0
0.0
8.75959575197432e-09
2.024929591772648e-09
9.50233975659499e-09
8.045157064109772e-11
7.762977902076559e-10
0.0
0.0
0.0
0.0
0.0
0.0
0.0
0.0
1.8947552234250572e-18
8.947817351639964e-09
0.00015491228135310593
0.00015491228135310598
0.0
9.761107293943486e-09
0.0013772505019581064
7.30331386049739e-09
0.0
0.0
9.976694742020804e-09
0.0
-1.90638864409154e-05
9.646864162026755e-09
2.2538674138358093e-10
0.0
0.011606785853459181
5.051210652558016e-10
4.9995976323809e-10
0.0
0.00013734498547477263
0.0011881911933185221
1.984235825241564e-08
4.924374346547831e-10
2.971173551320272e-06
2.0269873673846607e-08
7.14066124261159e-10
0.0
-9.912719375669042e-09
6.223942112387724e-05
0.0
6.903432404512807e-05
0.0
1.7574627424468467e-05
0.0
1.8383116702467158e-05
0.0
9.24241954362967e-06
8.323188894576414e-06
4.502082218518731e-05
0.0
1.0795385753443087e-07
0.0
1.3768388025275439e-07
0.0
1.6648712864870492e-06
0.0
7.75451741783265e-07
7.903660622168054e-05
7.98207790224774e-05
0.0
7.982077902401207e-05
0.0
0.0
0.0
0.0
0.0
0.0
0.0
2.792743179092644e-07
2.699391998817191e-07
-6.033321942738867e-06
-6.031278561758821e-06
-1.2832596428077425e-05
-1.8000089066926595e-05
-3.715197750635887e-05
-1.7642097568573017e-06
4.107880830812337e-05
4.107334178602931e-05
2.0365667675344146e-06
2.0365667675507e-06
7.924722371324291e-06
7.92472237132008e-06
0.0
5.055146743249157e-08
0.00817403332899944
5.449371911848364e-05
5.36917518180567e-05
8.080058092903839e-07
0.0
3.5146137345868855e-05
5.1069568911534425e-09
3.064102854826937e-10
0.0
-3.2181176101402074e-10
0.0
0.0
-0.0003736968167182674
1.5332105062108153e-06
0.0
-9.087725828764025e-09
0.0
0.0003508698238288465
0.00012962186176029535
3.735745709851497e-05
1.3443564824181674e-08
0.00022707889277114742
0.00016189574254422815
6.794561641507721e-06
3.3979169773101184e-05
0.00018232212959201229
5.0129462517282185e-05
8.053913399337984e-06
0.0002916519475955907
0.000728949472298486
0.0004343458729605499
0.0001998046069962204
0.0
0.0
2.881167711108708e-05
0.00014571264175915582
6.758706188174848e-05
5.293054287897354e-05
0.0002821630858365043
0.000729067720710559
0.00043599183428797214
3.5847525505978126e-05
0.0
9.41043399967104e-05
1.2030493880932272e-06
0.0
5.819032383637406e-09
0.0
0.0
-0.0006884644395904749
0.00427401898198948
0.0006884454428860308
0.0
1.0512904736099004e-09
1.0512904600947382e-09
2.043994398326377e-08
9.861254402336143e-05
1.2158900444705592e-06
0.0
0.0
0.0
0.0
0.0
3.0156696060316096e-05
3.707955846512254e-05
0.0009584118733696868
1.03691331077016e-08
0.0003516752851530103
0.0
0.0
0.0
0.0
0.0
3.0959969317292827e-05
0.0
0.0
6.188145901632839e-05
6.188145901632847e-05
6.188145901632923e-05
6.18769250470338e-05
6.188145901632958e-05
0.00012332824339590163
0.00023412602365165954
-0.0003053846791711834
5.746190402721081e-07
0.0
0.0
1.110042945377827e-06
1.1100429453776194e-06
1.1100429453781735e-06
1.1101139596282967e-06
1.1100429453783768e-06
1.5547139330642363e-05
1.7819182793429004e-08
0.0
3.191884510051723e-05
3.1909203030822036e-05
3.1912808819039293e-05
3.191884510052024e-05
3.191280881904189e-05
1.818044777008281e-05
0.0
0.0
3.6322416018658374e-05
3.6322416018658306e-05
3.632241601865914e-05
3.631788230653483e-05
3.6322416018659485e-05
0.0001348776757055631
5.869927264626955e-06
0.0
1.173951119231815e-05
0.0
0.0
1.346323124821202e-08
4.609636705024605e-05
0.0
7.321912280899101e-16
0.0
1.5484902932444748e-05
2.5336367455129034e-05
7.80818309236078
0.0
0.0003803292284208915
-0.0014470629400789902
0.0019272206025677146
0.0011781410973213508
0.02845910031429563
0.0
0.0
0.0
0.0
6.331646720825129e-09
0.0
0.0
0.0
0.0
0.0
-9.952681093360204e-09
0.0004305328076747863
0.0004464301808641205
0.0
0.0
0.009466797440048677
0.0
0.0
-1.699138111296622e-08
7.048023062965837e-05
7.04802306296584e-05
0.00042748436427255337
1.7990125383845435e-08
1.2229298248989853e-07
0.0
1.6348416679979705e-07
0.0
1.0212539476616247e-08
2.8469062817217876e-05
6.404501591161773e-07
1.0049074532237348e-06
0.0
8.586729087038307e-05
0.0
5.633580984206091e-05
0.0
0.0
-0.0009380718137582569
0.0003926559502802058
1.6022094733788817e-05
6.7519180204867935e-06
7.77583882780716e-09
4.425221536757695e-10
0.0
1.8253003218314338e-10
9.669853038256092e-09
0.0
0.0
4.721376658442252e-10
0.0001362617142281363
0.002458742735985119
0.0002912027392732465
0.0013567657028048744
0.0014523605917153848
0.00012174046185735818
8.601723460432447e-09
0.0
1.0475304511498058e-08
0.0
0.0
0.0
0.0
0.0
0.0
0.0
0.0
0.0
0.0
0.0
0.0
0.0
0.0
1.2975263204323163e-07
0.0
-8.773242811052628e-09
2.404217116553129e-09
0.0
5.995008732814105e-05
3.212210806095489e-09
1.5418984448875848e-08
0.0
9.915859773695543e-09
4.909457659812103e-10
9.682125973613267e-09
2.6018998812170983e-10
0.007780633648032109
7.83713500140601e-06
0.0
0.0
0.0
2.059150479887939e-16
1.9823406908829234e-07
7.053633925889847e-08
0.00012528046681358187
0.0002686571481898887
0.0
0.0013835184080394922
4.868137797778459e-06
4.868137797729058e-06
4.868137797830707e-06
4.8681377978976e-06
0.0
0.0
0.0014349756135928976
7.1700698163967145
0.0
0.00033553944389258966
8.54746411564633e-06
-0.0003269919797769439
0.2832002186345985
0.028387595339750302
0.0
0.0
0.0
-6.4789923134367985e-09
0.31158781243428085
1.2975262146349263e-07
1.2975264301809346e-07
1.297526543879377e-07
0.0
0.0
0.0
3.887371997212727e-06
0.0033781672418964214
0.0013058166343941375
-5.538726292925193
5.543749640177941
7.141682221056963
0.3115878124342809
0.007284281404167426
2.1048937109860114e-17
0.0
4.673814014327398e-10
0.0
0.000291202739273272
0.01102417956046269
5.402942439146314e-06
2.383616455176318e-06
-0.0006623714451705898
0.0011202593618227664
1.3982180256783296e-08
7.828099522540655e-06
-2.901981339510336e-06
2.6163366751580494e-05
1.6348416696191e-07
1.634841670084345e-07
0.0002124865545998116
-2.915156119147925
2.903924909602965
3.0974860165581656e-10
0.0005307650550043599
0.0
1.8336441236915801e-09
0.0018616681818450615
0.0
1.843937068496642e-08
0.0
0.0
0.0
1.5037188778226489e-05
0.0005252942836417689
-2.7433775751195574e-08
-1.280804404078112e-06
-1.2905168268011191e-06
0.0004593077534363778
0.000529162928966905
2.939701182214634e-07
5.970190838653243e-08
0.0010444931903222175
0.0007271100218471034
-3.372166334524313
3.372165380444698
-9.540796153539126e-07
0.0016948400767075942
5.985786881280818e-05
1.5941609952632106e-05
-6.336956293195536e-05
-0.00020800802617472892
3.49038630053539e-05
6.252059196937503e-07
0.0
1.0650515493749787e-17
11.61814621107479
-14.332145135653096
2.7139989341446737
9.566367869106999e-09
3.0829481082028005e-16
5.190103998445555e-07
5.19010397802919e-07
5.190103986160715e-07
0.000761964199661325
0.0010960923589057527
5.474354519692369e-10
0.0014144597719453163
3.1725220159607895e-06
1.0357550656008904e-16
0.0
0.0
1.4398499710595497e-08
3.514103038899621e-05
0.0
0.0
1.9172699648225727e-08
0.0001499466533040014
9.179020651053338e-05
9.669853030932966e-09
0.0
2.0145751305950377e-09
0.0004920941993180983
0.0001417441554772351
3.989193712681971e-08
5.46506068460757e-10
6.132056468255958e-06
6.132056468702735e-06
5.510227930618951e-10
0.0004920849995761782
0.0
5.432855588426673e-06
2.445783549606135e-05
1.905489083086259e-05
5.320997529689571e-10
5.4029424391040265e-06
0.0
0.0
1.533338658168158e-08
0.0002686724815765763
0.00033420615355260176
0.0
0.0007189693453933
0.0
8.26868856763724e-05
5.034844185990378e-07
9.967095660880172e-09
-4.838363915937674e-07
0.0
0.0
9.382451462140613e-09
-1.91034627410538e-08
-0.025053508419364497
-0.02779283074015848
9.105927960548875e-08
2.804029940052956e-05
-2.804029940053091e-05
0.0
0.0
2.792743121256963e-07
2.6993919376681885e-07
-6.033321948536313e-06
-6.0312785675527975e-06
-1.2832596433866653e-05
-1.8000089072716004e-05
-3.7151977512151976e-05
-1.7642097626466703e-06
0.0
3.6721301394927756e-10
5.088560445154955e-09
0.0
0.0006633718754164453
2.7737377160416967e-06
0.0
0.0
0.0
1.3386534266258698e-11
1.2975258140805394e-07
1.2975259452653775e-07
1.2975257397822236e-07
1.2975257646748922e-07
1.297525867417129e-07
1.297526661526189e-07
0.0
0.0006470321064194004
0.0001111307460427344
0.0010866712941932965
-4.215078667153055e-05
9.624670177588571e-09
0.0
0.0
8.498705264318737e-10
8.498705410170464e-10
4.038898572716854e-18
4.5361373693530874e-05
-4.536408928372326e-05
-2.7155901868859656e-09
0.0
5.0885603984332725e-09
2.0435520731479155e-08
3.0916043616123223e-13
2.752748517770748e-08
-2.752748516472315e-08
9.686962638889438e-10
0.0
0.0
0.0
0.0
-6.706315713932218
6.705871791355369
0.0004439225768496857
-7.621304319817279e-05
7.59578185811559e-05
2.2769713181294967e-07
8.498705646151662e-10
0.0002511209333450218
-6.303261165564473e-06
0.00015765382032470183
4.403768805099007e-05
1.1544189194688764e-08
0.0
0.0
1.1960165958286314e-05
9.955512046077206e-09
9.955511970864068e-09
-0.001811712635165108
7.158026638240086e-09
0.0
9.303739392023414e-09
0.0
9.303740900381815e-09
9.30374240977924e-09
0.00806678102443363
-0.028504207010741602
0.028504197498730836
0.0
0.001054785586327556
1.554291570342907e-08
-0.00025668982785329947
0.0002620654847599382
-5.378014157917216e-06
-5.378014157917869e-06
8.498705954536859e-10
8.498705775707654e-10
2.6695202285019934e-07
4.914956701178308e-09
1.2186941714873722e-17
0.00012261047661742654
-0.00012261128320169697
0.0
-7.838598861453078e-06
0.0005188172920871786
9.966356456124958e-09
0.004957802147596929
0.004957519982305917
-2.6747748262245903e-07
0.0
0.0001470678008532687
2.130292472021189e-06
-7.147892643898926e-09
8.09030530436532
-8.090305284438866
9.960099673590146e-09
-7.472313123661913e-09
1.0749950492379987e-08
1.6998741649762693e-06
-1.699874164972151e-06
-1.6998741649738858e-06
1.6998741649708201e-06
0.0
-1.416567575358719e-10
3.481873182034215e-06
3.481873182030918e-06
-1.6915548059805163e-06
-4.9149566864331584e-09
2.764522511715731e-05
5.2166832845162506e-05
2.7016077244562255e-05
2.7016077244557166e-05
2.7016077244559406e-05
0.0
0.0
4.701808656203578e-05
4.7014495749877884e-05
-3.804301837960489e-09
8.444072070594367e-07
0.0
1.8496287847351105e-09
0.0
4.5807025210715585e-08
0.0
1.913940225576455e-08
2.922329680190952e-06
4.865444468488219e-10
9.911402601209624e-09
5.172796550154583e-10
9.942526756540248e-09
1.1807456604425802e-06
8.207789122747201e-07
2.9421836094181235e-06
8.329913270226984e-07
1.1710358972708163e-06
0.0
0.00017573096023709413
2.0863459324703792e-10
0.0001757214507343075
5.951942869697696e-05
0.00014142689315174898
1.6998741649894811e-06
4.4296937738779105e-18
3.903766569668968e-06
-5.612513265775432e-06
-1.6990261730392228e-06
6.252059197635914e-07
7.924722371321484e-06
0.0
2.5603136621067673e-08
0.0
0.0
1.9068141936104145e-06
1.8562627262045784e-06
8.988994520279721e-09
9.49275110727823e-09
0.0
-7.334206254510761e-11
1.3443162320931315e-05
6.776778605992848e-09
3.6049133902503106e-06
3.146574270466529e-05
4.4699777751010304e-07
1.2204391614319894e-06
0.00031806638822981477
9.373143785230823e-05
0.0
0.0
0.0
4.298223986690569e-08
0.0
0.0
0.0
0.0
0.0
0.0
0.0
0.0
1.6605163120356717e-09
9.180932798122807e-05
2.4304292610957514e-06
4.030521207395618e-08
3.946117564426679e-07
6.505901821544219e-06
0.00012922848923604163
2.1281894287616824e-05
4.6919404943827286e-05
0.0
4.7192166494107905e-09
9.549398838278727e-09
9.652690209796974e-09
0.0
0.0
9.829406008787375e-09
6.308228168000576e-09
0.0
0.0
0.0
3.137791904794516e-09
8.191016369467361e-10
0.0
4.569258947317677e-06
5.017268475646348e-07
0.0
6.148697276279847e-07
2.939394891986729e-05
3.575910274669805e-08
1.7463322224246813e-09
2.1472659179710376e-05
0.0
1.853665374719759e-08
1.485713491903487e-05
0.0001136051857749262
4.565493580985218e-08
0.0
1.9063886440931987e-05
2.7888021651367056e-06
3.4848757235520796e-17
0.00011649992142459079
4.677094024143393e-05
0.00016605475418939223
0.0
9.2976448304362e-09
9.297644830203197e-09
0.0
0.0
4.8656124199485016e-05
0.0
0.0
0.0
0.0
0.0
0.0
1.2651982678904434e-08
9.829464532286705e-09
9.868799731909125e-09
9.868799748286638e-09
3.4372572529198348e-09
3.4372572592685535e-09
0.0
0.0
0.0
5.3408019531601064e-18
0.0
5.950884557676378e-05
8.239067394420372e-06
6.777333320378113e-05
-1.5900084468911997e-08
0.00012535100315324977
0.0
5.706046425783479e-09
0.0
0.0
0.0
0.0
0.0
8.824566467098504e-09
0.0
6.561132969044827e-05
6.561132969042777e-05
6.561132969045836e-05
0.0005910806956647193
0.0
9.530024980316994e-05
4.8387715625719845e-06
0.0
8.41127533844836e-05
0.0
3.3760510713633665e-08
2.6685185471213474e-08
0.0
8.410450080290516e-05
1.1194716557385106e-05
0.0
0.0
0.0
0.005336840457242989
0.0009769607048675396
0.001852141781984324
0.0013008136966647038
2.0256943469778027e-08
2.0261028415355064e-08
0.0001645288527951082
0.0001645377433370179
0.0
2.734347059521182e-09
2.7343468523968307e-09
2.0267493571743117e-08
3.029622875143962e-06
7.481521056251123e-19
0.0
4.3925615464354546e-10
4.3925615464354557e-10
2.3542259755492776e-07
0.0
-4.200149190751198e-10
0.0
-4.200149190751198e-10
0.0
0.0
1.4602898271129629e-15
0.0
-4.368121792060449e-10
-7.38371989501105e-05
-1.6907875018687749e-10
1.0001656830748015e-05
6.383537304061226e-05
3.9929704408673306e-08
0.0
6.561132969043704e-05
0.0010553672674741056
0.0010553672674741056
9.905395014679971e-09
1.1194710514956207e-05
0.0
0.0
5.938151518004054e-09
4.840204869945175e-06
4.840204869468071e-06
0.0
2.7401236011051465e-08
1.4957297757600467e-08
0.00011294255820633348
0.00012827174101951295
0.0
8.413966487444317e-05
1.1171763503328078e-05
4.846156454795548e-06
0.0
-0.00011290061133200345
-0.0001282396625491581
1.8048155028954085e-08
2.7703428041391368e-08
0.0
-4.743221441090158e-10
2.7703422255954562e-08
6.990348173599235e-05
6.296562019140452e-05
0.00011106020970347725
0.0
-7.198525630960938e-09
1.7073927652487603e-09
6.937848070625331e-06
-1.3473962509011903e-11
0.0
1.344316232090611e-05
1.3443162320897493e-05
1.2975260270428833e-07
0.0
-2.7287204292051346e-12
0.0
0.0
0.0
9.761106922956408e-09
0.0
0.0
0.00010015731170661622
0.0
0.0
0.0
2.538514211230496e-05
0.0
-6.57637227132737e-11
1.9401442808265837e-07
-1.7566711325162077e-07
-1.7566701842122723e-07
2.3542041904549087e-07
2.771564152051398e-06
0.0
4.811232848028367e-10
4.81123262029875e-10
0.0021675399967118984
0.0
0.0
0.003385303367099212
2.0271754740058573e-05
0.0015030226859866172
8.336085117618904e-05
0.02843641742392184
0.0004855530444145437
0.0
0.0002037960703217612
6.5966127375898776e-06
0.001050781052972736
3.482983917769805e-05
0.0
0.00020379607925079748
0.003390584714156716
0.0012623839023443353
6.577383773834529e-06
0.0007685786413049882
0.0006031843684385182
7.675648687436828
0.0
0.5417737058049088
0.0041512355263186775
-0.00015124820623363305
0.011606908146383049
0.00013397632371572166
2.982999223872511e-06
-0.0007482078225523049
8.682761181135688e-05
3.2991999061926514e-05
3.518881996950052e-05
0.0
8.143817340024047e-05
0.0003225583901881916
-6.292510278436232e-12
0.00040113219449977176
2.864362796150073e-06
1.3152201643517393e-06
0.0033840169772024085
0.0
1.917398650215321e-08
0.0
4.917475386185656e-10
6.577699141565529e-06
0.0033905847141568702
0.0
0.0
-2.657941185906905e-08
2.2098331967875647e-10
0.0
6.91346911512846e-08
0.0
0.0
2.9684972066674703e-08
4.813646562125478e-10
1.5461955159608144e-09
1.32610891968414e-08
4.0611274103194645e-05
4.061127410319468e-05
3.7925811946526676e-10
3.7925810823759813e-10
0.00014032582222476983
2.790063458420706e-05
9.949456052709651e-09
7.496184624027888e-05
9.966356376503325e-09
6.451840759957526e-05
9.962472989604615e-09
9.924987927716553e-09
0.0
5.975484860144607e-08
0.0011851706126861207
9.953923252597235e-09
0.000902924512542569
9.95582870032894e-09
9.010380759743476e-08
9.930214562962201e-09
2.357316962732066e-05
9.975008957167128e-09
0.0002746394723202824
9.978224982086243e-09
2.5783881759883964e-05
9.968499476999976e-09
3.296266926921134e-05
9.973062362816623e-09
1.0733744326228116e-05
5.1414085797101485e-05
8.992697523126459e-17
8.11479715209762e-17
5.5448966581231126e-05
2.057822952459196e-09
0.00014939438380922687
5.9985395519576965e-05
6.451840759966228e-05
0.0003342061535524373
6.512931025833433e-05
0.0
5.4604563271821514e-05
2.243663012727435e-05
8.140676617431132e-06
0.011606786362504538
0.0001238424505718915
1.7962423817675154e-05
7.511337685638552e-05
9.04979158881824e-05
0.0
0.0
6.492849923380601e-08
0.0
0.0
0.0
0.0
0.0
0.0
0.0
0.0
0.0
0.0
0.0
0.025285643282130454
0.025150738297790964
0.0012532790728537124
6.55853107993066e-05
3.186018304430008e-05
0.0
0.0
0.0
5.689857512922549e-10
5.037565876961002e-10
0.0
0.0
0.0
-9.912719389502414e-09
2.456982929362009e-10
1.6310200167084585e-10
1.6998741649817882e-06
0.0
5.864893465394942e-09
2.5180597599564532e-05
0.0
5.934006146333624e-09
9.686962696427443e-10
3.2599076206556584e-10
9.712272021766274e-09
0.0
0.0
0.0
0.0
6.991784260512601e-05
6.700249944013766e-05
4.59225202770788e-10
9.836028045219155e-09
4.121193549943141e-10
-2.5180597599608334e-05
3.801622849152074e-07
1.5489470064121145e-19
1.4014730920862387e-09
1.4014794980685246e-09
0.002458765835181263
2.0662932928161213e-05
0.0
1.7982595102171154e-07
9.505123499897028e-05
1.6654784319849586e-05
0.00014329518479614295
0.0003393554824459066
5.43316976552842e-05
0.0
0.0
1.4014603166917412e-09
1.4014539673810021e-09
9.761108038463708e-09
0.0002601494333504634
3.1652323121169196e-07
0.0
2.5296766119681486e-06
0.0
9.640842620699845e-05
4.3399900398680605e-05
4.0141013831229945e-05
4.641445360711934e-05
1.5462475537167053e-05
0.0001870457444508055
1.3213858224190177e-08
8.434322653647242e-05
1.8230022859268105e-05
0.00020030642271193057
2.5636090813960278e-05
2.7256675946757425e-06
4.549104448470526e-06
0.0007189693453932035
0.0059976391758675696
9.72720194501193e-10
0.0
0.0
0.0003159995452505886
4.727403514679069e-06
0.0001384691790142784
2.630187734581839e-06
2.041550569945833e-05
2.944495339567636e-05
5.814814461960607e-06
1.784240754343268e-05
9.782263834873495e-09
3.590389592931268e-10
-9.912719382978936e-09
6.033023914175851e-08
0.0
0.0
0.0
0.004274018981989499
0.0014971714878283674
9.891207152343013e-06
6.026577444990996e-06
3.480037554887206e-05
5.5510314382331524e-05
0.00012374832135615373
6.587122756799728e-05
0.0001965249967456777
-0.0004274843642725762
0.00013605721811777983
0.002149799296892796
-0.007780633648032109
0.0014523605917153887
0.0
-0.008173739358881216
-0.00030119283474944116
1.4532135572868738e-05
0.0
7.496812773458425e-08
1.947543917712839e-08
0.0
0.0
0.0
9.691520017628919e-06
1.453213557285971e-05
5.9805214749401095e-06
0.0
3.3143673781599203e-05
7.496812771143308e-08
4.525749474497255e-05
1.9475439163682574e-08
0.00011622852482005825
0.0
6.37412923107283e-08
0.0
0.00019634751456452403
0.0
2.4223655590506685e-05
5.97124747772082e-06
3.321864190935772e-05
4.5276970184163596e-05
0.00011622070331960025
5.4148483754033714e-08
0.0001963387647656027
2.043101098189014e-08
2.0431010203344863e-08
4.789100274335545e-09
6.412773050104343e-16
0.0
0.0
9.905395002942343e-09
0.0007104598570727358
2.6714742792835217e-05
2.969393401506714e-05
2.4304292611017975e-06
4.030521207828268e-08
3.946117564632079e-07
6.505901821555597e-06
0.00012922848923605486
2.1281894287635262e-05
4.691940494384929e-05
4.737132560391675e-06
0.00013847877272733355
2.6396710876769912e-06
2.0366197326202705e-05
2.9387495925138878e-05
5.823949015773292e-06
1.7861652793708585e-05
2.167865454261607e-05
3.1639574801691916e-08
1.6656890222837065e-06
2.5107347509564777e-05
0.00012112807577137329
6.585396031320242e-05
1.577941247004721e-07
6.776778610334054e-09
3.6049133902526823e-06
3.1465742704675644e-05
4.469977775157823e-07
1.2204391614388766e-06
0.0003180663882298241
9.373143785231961e-05
0.0
0.0
0.0
4.298223989429086e-08
0.0
0.0
0.0
0.0
0.0
0.0
0.0
0.0
1.6605163272505837e-09
9.180932798124519e-05
-6.094507190283832e-08
0.0
0.0
0.0001295449277987611
0.0
0.0
-3.4971533753402284e-10
2.538514211232812e-05
0.0007494434657828628
0.0
0.00016903967093193835
4.4350966063465986e-05
6.858377709447178
0.0
0.0
0.0
0.0
8.174208331882152e-08
0.0045377782588844565
0.0
2.708966183979087e-05
0.0
2.135674555669281e-07
-0.00012125041507541029
-7.849775249359883
-6.597188021301626
0.0013772505019581166
0.0
9.122992529054715e-08
0.0
0.0
3.0300766107292233e-08
2.770564985739771e-09
0.0
2.770564991484833e-09
2.946667672182203e-05
1.317846808628448e-09
0.0
7.828099522521823e-06
7.828099522381467e-06
2.6695202417596207e-07
8.498707601564152e-10
7.83774899109124e-06
8.498708510957837e-10
7.828099522439826e-06
8.498706777389231e-10
2.068603212433227e-05
9.887393737903997e-09
4.6283683626075823e-10
1.4519217991454275e-17
0.0001504561233820399
-1.9704014689792446
1.9702510217143159
8.858453296990915e-09
-6.593768980815353
0.0
0.0
3.4423066781061264e-07
4.553221673505901e-06
4.968523512219919e-07
0.0
6.664261649140334e-07
2.9447631651831634e-05
2.5805447411413543e-08
0.0
0.00013605721811777647
4.468952125904656e-10
0.00013605721811775598
9.871248938277799e-09
4.553221673525843e-06
4.968523512389749e-07
0.0
6.664261649392628e-07
2.9447631651859884e-05
2.580544744409192e-08
0.0
6.858377709447177
7.500932819407566
9.86478338694517e-09
0.0
-0.0002532412646314717
6.48689933324684e-05
0.0002149381561924804
3.83130185380529e-05
4.852572135282483e-10
-4.108878829793509e-05
-7.82643473705351e-05
-1.8243678382805965e-05
0.00010091719432301467
-3.133747359986035e-05
0.00016639579292293278
8.277792021273861e-06
0.0001578368043282792
1.1969663507148028e-05
7.804636608836104e-11
9.49755146820961e-09
0.0002515944157244544
0.0003160006597646983
0.0
1.1145169821136967e-09
0.00025159511951464787
0.0
0.0
0.0
-5.46451603340537e-05
2.5385142112383457e-05
0.0
0.0
0.0
7.303313860083621e-09
-1.0103558566758464e-06
-1.0103558568224161e-06
-1.0103558569812568e-06
0.0
6.597050983993031
6.597050983993031
0.00015736276586171568
3.16391578986296e-09
0.0
0.0
0.0
0.0
0.0004740152370995219
0.0
0.0
0.0
-8.689342059363565e-09
0.0
1.297526112790118e-07
2.771564151917972e-06
0.0
-1.1688597121205942e-08
0.0
9.10452580134763e-09
0.0
9.104525821105183e-09
0.0
4.4340573095732524e-05
4.362357821587964e-05
9.087709578929752e-05
8.897714166931787e-06
2.0065514835884826e-07
0.00043676977393844235
2.9055338217561486e-06
7.746540216656812e-08
1.2691681186124695e-07
1.121922996048431e-06
0.0007481905690715444
0.0
4.24719350611974e-06
-0.0013831965190119547
0.0
0.0
2.77199105828551e-10
1.8392367414000912e-10
0.0
1.8392517498014562e-10
1.8392668557610105e-10
5.190103973996624e-07
3.188285118027364e-05
2.836175840882787e-05
0.0
0.0
0.0
0.0
0.0
2.7669650038402047e-06
-2.766965003925259e-06
1.5044020206437023e-17
2.4177625148471436e-16
1.0852874042153795e-16
3.730401007685957e-17
2.7908019035675924e-17
0.0
-7.1575451920127945e-09
0.0
1.60958922462749e-10
0.00016348115735556894
6.03014574955818e-05
1.9073533305059387e-05
6.825480608792265e-06
1.011903798084804e-17
1.764142795661055e-17
-0.015548284796215164
0.015548323525074684
2.6293883282476966e-10
0.0
3.188285118016076e-05
3.188285118019062e-05
1.609406860875027e-10
0.0
0.0
3.52963584152044e-07
3.442306694044203e-07
2.2769713209984375e-07
0.0
0.0
0.0
7.157545433884019e-09
0.0
0.0
0.0
2.729670700514393e-05
2.827061458984554e-05
3.188285118022309e-05
3.848675949503969e-16
3.848675949530896e-16
5.1371162376971894e-05
5.1565244165110214e-05
-1.9408178775793702e-07
1.9401442853915582e-07
0.0
0.0
5.122153888734546e-05
2.090903939002637e-05
0.0
1.6085650339563183e-10
1.6090654611444884e-10
0.00041082925632355736
0.00019463123573417772
0.00011453122141132252
0.0
0.03884878383709822
0.0
0.0
-0.007959570098902802
0.0
0.0
0.0
0.0
-2.953234769298009e-11
2.830436102872643e-05
9.739075847011278e-07
1.7565608435140187e-05
0.0
-0.0042714847215675825
0.0
0.0
0.0
0.0
0.0
0.0
0.0
-3.501076829877888e-10
0.0
6.06550557388297e-08
0.0
0.0
1.2975260930106714e-07
1.297526100927585e-07
1.2229298267231195e-07
1.3443162320918767e-05
1.7519009804620585e-10
9.801504643541057e-09
-8.773242835664018e-09
0.00022083639395771443
2.766965003993251e-06
7.808183092360827
0.00016749228217397298
5.358222485240474e-05
-5.35526088284363e-05
9.892703068861862e-09
9.645274115074339e-09
9.645569623833311e-09
0.0018633747427338689
6.109829052037291e-06
4.292186076844182e-06
6.558039584263918e-05
4.405111836839998e-10
7.595781858112788e-05
1.3571370809468108e-17
0.0001917483374082621
0.000721037643795812
-3.324562686454504
3.325091995357298
9.731622814725234e-09
1.0668764179229996e-08
-1.066876417288381e-08
0.0
3.043534859643005e-06
1.1808536990003116e-06
9.691227723273822e-09
0.0
0.0
0.0
0.0
0.0
9.925796099394466e-08
1.066876419163299e-08
0.0
9.64497785491107e-09
6.06511951694826e-08
0.0
0.003148497648827381
0.0
0.0003314433979959676
5.928052594704553e-05
9.984518685730747e-08
5.9385612722422036e-05
9.984518685146604e-08
1.3154951893649442e-08
0.0
0.0
1.4745064927551219e-05
0.0
1.4743930619341994e-05
2.7600181485546103e-07
3.4134748567977315e-16
9.064665110915243e-09
9.064665740243782e-09
-6.705784958538217
1.8971878533014792e-17
0.0
0.0
0.0
2.766386523720725e-07
2.862986277554591e-07
0.0
-6.214169803731018e-14
4.784075606212429e-10
0.0
9.9031624868648e-09
9.412105092252442e-09
9.412105788316242e-09
-9.122992460953994e-08
3.5043844789604995e-16
-1.0359288012476431e-07
-1.1300498451465581e-07
2.9711137495501354e-13
2.688632464192432e-05
2.9019813393355158e-06
9.962953537217097e-09
9.968277396207964e-09
5.42709867823518e-10
0.0
0.0
2.688632464205342e-05
0.0002003064227131901
0.00042748436427252724
0.00020030636620446137
2.9019813394873917e-06
2.9019813396019767e-06
0.00020030642271311273
0.00020030767088007205
1.4165916190086974e-09
0.0
3.7438559828219416e-08
5.37452131937274e-10
0.0
0.0
9.958482271940277e-09
5.330279375330865e-10
4.5976641040231924e-08
4.597663684640275e-08
5.322228545001364e-10
9.961800388742733e-09
5.363133179029423e-10
4.5976628502730825e-08
9.957658417852658e-09
0.0
7.70826902138594e-06
0.00020030642271223398
2.6886324641986053e-05
4.59766197852157e-08
4.5863555226077746e-08
0.00019734627534028992
5.8166032863320884e-08
5.8166033142494606e-08
0.0038805263125079262
5.203902027667627e-10
4.592008273361114e-08
4.597660691506901e-08
0.0
2.043551916732389e-08
2.0439947848729074e-08
0.0028444730851602536
2.538514211234716e-05
8.894602973473653
-8.894602963637556
4.1218511119196993e-10
3.8016228494143e-07
-3.0605434947982534e-09
-3.060543505640275e-09
8.078476713045606e-06
2.4456557660729536e-05
0.0006732786928583799
0.0
9.812877088677396e-08
9.921432205826815e-09
1.344316232093833e-05
-5.336394632271535e-05
9.411553298292036e-18
6.747084391443392e-05
-6.746109699099601e-05
3.241512255331739e-10
-5.3382026788506565e-05
0.0
0.0
8.078476713114643e-06
0.0011126411477878548
9.952191798627357e-09
-0.0011126311955961291
5.241226166713758e-10
0.0002709695478504213
1.9642749646266787e-05
1.0408148487291757e-08
5.321922091272686e-10
0.0
0.0010851469886440826
0.0
1.0186905851598418e-09
0.0
0.0
0.0
0.0
0.0
5.113015611098674e-05
0.0005288649926256994
0.000553833491991207
2.6161650103385057e-05
-6.642094084349749e-12
