0
0.0
0.0
0.0
0.0
1.9489356448456963e-08
2.6821635403981474e-07
0.0
0.0
0.0
0.0
0.0
0.0
0.0
0.0
0.0
0.0
0.0
9.604021728750884e-09
0.0
0.0
0.0
0.0
0.0
0.0
1.9615294352955513e-07
0.0
0.0
0.0
0.0
0.0
0.0
0.0
0.0
0.0
0.0
6.54757718724338e-06
0.0
0.0
1.982597028684624e-08
0.0
0.0
0.0
0.0
0.0
0.0
0.0
0.0
0.0
0.0
0.0
0.0
0.0
0.0
0.0
0.0
0.0
0.0
2.358547059342805e-09
0.0
0.0
0.0
2.3912477220052717e-09
0.0
8.375633557394541e-09
0.0
0.0
1.5918579444060802e-09
0.0
1.8915274100615378e-19
0.0
0.0
1.9639119920540875e-08
0.0
1.015515920866402e-10
8.264554154155668e-12
6.208953767968147e-10
7.458970091407178e-21
0.0
0.0
0.0
0.0
0.0
1.4930990623340166e-21
0.0
0.0008100422573107391
4.899135144196013e-13
1.9144132596549792e-08
0.0
9.741145537911343e-09
0.0
0.0
9.585864541639048e-09
0.0
3.988884130464453e-08
-3.987501193992993e-08
5.0962061026127245e-09
0.0
0.0
0.0
0.0
0.0
0.0
1.5947702460905262e-09
0.0
0.0
8.240146792309163e-09
0.0
0.0
0.0
0.0
0.0
6.1459873161589106e-09
0.0
9.004333893051125e-10
2.3927035394436948e-24
0.0
0.0
0.0
0.0
0.0
0.0
0.0
0.0
0.0
0.0
0.0
5.306213047300913e-07
-5.250230020481566e-07
0.0
9.599388144634658e-09
9.021616021473526e-09
0.0
5.363536993814778e-09
0.0
0.0
0.0
7.382440330000254e-09
0.00039750016334716355
0.0
0.0
0.0
0.0
0.0
0.0
0.0
0.0
0.0
0.0
0.0
0.0
0.0
0.0
0.0
0.0
0.0
0.0
0.0
0.0
0.0
0.0
0.0
5.748167400625438e-16
9.862614730286537e-09
-0.0002016250434762077
0.0
9.851622618012349e-09
3.930248059525328e-08
0.0
0.0
0.0
0.0
0.0
1.970592762166055e-08
0.0
1.7470362895245712e-08
0.0
0.0
3.206064895890154e-07
0.0
0.0
0.0
0.0
0.0
0.0
0.0004033786086612423
1.0801243576679254e-08
0.0008028468665462562
8.137258874592661e-09
8.756754483067523e-08
0.0
0.0
0.0
0.0
3.3416251493989714e-20
0.0
0.0
9.159529304333865e-08
0.0
2.593176023867681e-07
0.0
0.0
9.113615068115484e-10
1.994962076582829e-08
0.0
0.0
3.808157599156925e-09
1.597973689110684e-08
0.0
1.2404899355548753e-08
0.0
2.639626249391552e-08
1.2504197235845917e-08
0.0
1.469044120860601e-09
3.16438685207365e-08
0.0
8.95345433217106e-09
0.0
0.0
0.0
0.0
0.0
0.0
0.0
0.0
0.0
0.0
0.0
0.0
9.494650225446633e-09
0.0
0.0
1.6925011587544392e-10
0.0
0.0
9.52864998484561e-09
0.0
0.0
2.6677373849952747e-12
0.0
1.7516693463598713e-08
0.0
6.305327408986815e-11
2.47936366165602e-06
6.298674335399111e-12
0.0
4.683497823206961e-09
0.0
0.0
2.4821295599598465e-20
0.0
-0.0010090663031610658
1.7816250037145556e-24
0.0
0.0
9.825963043254842e-09
0.0
0.0
0.0
0.0
0.0
0.0
6.364350044112479e-07
0.0
9.605140553830905e-09
0.0
0.0
0.0
0.0
0.0
0.0
0.0
0.0
0.0
5.011360451813625e-09
3.5113828765427787e-09
0.0
6.687431337605115e-12
0.0
0.0
1.869934239357742e-08
0.0
0.0
0.0
0.0
0.0
1.201730357209436e-11
0.0
1.060542208342677e-16
0.0
0.0
0.0
0.0
0.0
9.590107594791857e-09
9.786577091144023e-09
9.655947120505664e-09
9.760894331583228e-09
0.0
0.0
0.0
0.0
1.0567722126352376e-08
0.0
0.0
2.4183737887184854e-09
0.0
0.0
5.096206141325458e-09
0.0
0.0
1.700531462908804e-21
0.0
9.004333893051138e-10
4.233197055282502e-08
0.0
0.0
0.0
0.0
0.0
0.0
0.0
0.0
0.0
0.0
0.0
0.0
0.0
0.0
0.0
9.603273297584791e-09
6.64882608198596e-12
8.180276208313101e-07
0.0
0.0
0.0
0.0
6.7433593481118916e-09
0.0
9.855531586095394e-09
9.855531584669837e-09
0.0
0.0
1.797192624772546e-08
9.990316892055128e-09
9.990979809096356e-09
6.259780078826161e-10
9.991199154661288e-09
6.170987892249105e-10
9.591473843296546e-09
9.591473628157375e-09
9.971797098639124e-09
9.98081293326595e-09
9.990980272788804e-09
9.991199615504426e-09
-2.5505482098075944e-10
0.0
0.0
0.0
0.0
1.3210873879880341e-09
0.0
0.0
0.0
0.0
0.0
7.467986790802344e-09
0.0
0.0
2.89676654884523e-09
0.0
0.0
0.0
0.0
0.0
0.0
0.0
1.2904873368834116e-08
5.1487964355288915e-08
0.0
0.0
0.0
9.532225532550343e-09
0.0
0.0
0.0
0.0
0.0
0.0
0.0
0.0
0.0
1.143935105458973e-08
0.0
0.0
5.068256243250993e-08
0.0
1.9615294353306798e-07
6.352779319518168e-10
6.170928091564117e-10
9.990048543290546e-09
0.0
0.0
1.6300633921775713e-10
5.374047967467148e-09
1.63100704135775e-10
0.0
0.0
0.0
0.0
0.0
0.0
0.0
9.964981890100082e-09
9.94902992420722e-09
-1.9615294353028667e-07
1.9615294353112518e-07
1.1595383700670712e-17
1.9943218414449e-08
1.995260407045565e-08
1.998123602599387e-08
1.9981248618760124e-08
-9.851603929172687e-09
-9.912518767856955e-09
1.629827461826131e-10
-9.664590632861271e-09
1.6307711472372035e-10
0.0
0.0
-9.239311826343146e-09
0.0
-9.552658807849927e-09
-2.044247902909198e-10
-9.552467846894383e-09
0.0
0.0
1.629591484831394e-10
0.0
1.6305351885122137e-10
0.0
0.0
0.0
0.0
0.0
0.0
1.989162832372629e-08
0.0
6.277643868471424e-10
9.971421089868815e-09
0.0
0.0
0.0
0.0
0.0
8.724989491238907e-09
9.988955012411329e-09
-2.5175288998255775e-07
9.312809660586008e-09
0.0
0.0
5.285244326688934e-10
0.0
-9.959723373454728e-09
5.0950825889355046e-08
0.0
0.0
0.0
0.0
1.8605217947889954e-08
0.0
0.0
0.0
9.072652871979743e-08
0.0
1.7971926260576273e-08
0.0
0.0
3.081276337638627e-08
2.4582204212391546e-08
1.693752518787202e-06
6.029796449179517e-10
9.551094947054284e-09
-6.557086821383136e-09
-1.617927392061347e-08
-1.0777456438404442e-07
-1.1877030802948003e-07
-1.2046700072210204e-07
-1.0959207177341665e-07
-5.692494676249303e-08
0.0
9.551094919819892e-09
2.0297992156789442e-10
2.8232227556506187e-07
0.0
0.0
7.036343436491325e-16
0.0
2.806149867527894e-08
0.0001375235949987962
1.982597028686539e-08
4.95897368666485e-10
-1.9825970286931754e-08
1.9938838152450094e-08
5.991383351835442e-10
2.725857281886308e-08
0.0
2.9739228670129358e-08
9.8003904794048e-09
1.7475118876945743e-07
1.747511886455108e-07
0.0
-7.78304939352838e-07
0.0
2.72432666124715e-08
0.0
9.75192699618809e-09
4.006162192003049e-10
9.95118341924935e-09
9.951183452888467e-09
9.916150902819643e-09
9.916150859222634e-09
9.916150946383049e-09
6.414644397254032e-09
1.6179272310790083e-08
1.0777456303789901e-07
1.18770306334684e-07
1.2046699907758418e-07
9.924359565399721e-08
3.755405377477844e-08
0.0
-1.5307931629552577e-07
0.0
0.0
-1.9259523446543692e-13
1.9260501734613662e-13
6.87437384411238e-06
6.874373651516874e-06
9.033284781648221e-09
0.0
5.190170640699705e-08
1.869450899448485e-08
5.982621170473486e-09
1.837932454087233e-08
1.0018747373098276e-08
0.0
2.349719150837302e-14
0.0
9.877804978714444e-09
0.0
-6.5409576723851615e-06
0.0
-6.5378372790787145e-06
0.0
0.0
0.0
1.3239677852903714e-07
6.305641944840451e-10
9.985468754445599e-09
-5.708878747512358e-08
-1.799293860571538e-07
0.0
0.0
0.0
1.665754911328564e-07
0.0
0.0
4.8361885163217266e-08
9.989106984162484e-09
0.0
0.0
9.974202801100028e-09
9.976951068438373e-09
0.0
0.0
0.0
-3.2342182517538997e-10
3.116550160303655e-11
0.0
1.138756350712444e-07
0.0
0.0
3.625682681800175e-08
3.6319714623305505e-08
8.805804261637747e-09
0.0
0.0
2.0409105309897365e-08
0.0
0.0
0.0
0.0
0.0
0.0
9.981786485693464e-09
1.0672769929498298e-08
5.0808660133766745e-08
6.17566851958089e-09
6.4243631653657634e-09
2.2328102133739454e-09
8.61904730222523e-09
0.0
-1.7475118886493834e-07
0.0
1.9489161017502386e-08
-9.777703569285091e-09
3.1164724434101405e-11
-3.11649525630564e-11
6.736184324533886e-06
9.936443466478682e-09
9.936443464417851e-09
6.766272225339833e-10
2.9298675837930287e-08
-1.240648690115212e-08
6.204158423993101e-10
3.04081569470812e-08
6.337170142925326e-06
6.3875226131638695e-06
-6.256309116992043e-06
0.0
0.0
0.0
19.1286863694495
-24.08682633393289
4.958139981586253
5.605168984273313e-10
9.790042147621303e-09
4.17032402077145e-10
1.044800521467214e-08
7.760190549439731e-08
0.0
9.885726823865438e-09
9.874489658191122e-09
0.0
0.0
2.583689385119836e-07
2.583689381732525e-07
9.969738812287687e-09
9.969738063981512e-09
0.0
0.0
0.0
0.0
7.868991960983297e-09
0.0
0.0
1.1329428379859266e-08
3.695648807952399e-08
0.0
6.996615887132321e-10
0.0
8.814179950523422e-08
0.0
0.0
1.0225702761366415e-08
9.916150994926047e-09
-9.827376618395554e-09
3.4517408219698004e-12
0.0
0.0
3.142869440186417e-08
9.980174333586142e-09
9.990754473077252e-09
6.2917812586807e-10
1.7292083242415437e-08
0.0
0.0
9.072652848551915e-08
0.0
0.0
0.0
7.874772708610028e-16
0.0
3.947318694152245e-09
6.062839227646116e-08
1.5784735476975383e-08
1.5753237635784533e-08
1.1900625480189267e-08
1.7890865249126278e-08
6.5894893057600845e-09
0.0
0.0
2.9097734457219507e-09
0.0
6.478698911057883e-09
0.0
0.0
0.0
0.0
0.0
9.865226618037544e-08
0.0
0.0
1.673295474516685e-07
1.5895391389564685e-07
1.6732954745317933e-07
1.67329547446466e-07
1.6732954745503979e-07
7.98591285165167e-18
7.984124566593874e-18
0.0
0.0
7.10302092937311e-10
0.0
0.0
0.0
0.0
1.7062911608482258e-08
-5.683101250570817e-10
0.0
0.0
0.0
0.0
6.281047540755695e-10
3.7523042242804117e-08
0.0
0.0
0.0
0.0
4.5992537182628635e-09
0.0
0.0
0.0
0.0
1.1241864918267808e-08
5.971828617103048e-10
1.8924615739916325e-19
0.0
0.0
0.0
-3.752304232455296e-08
0.0
0.0
0.0
1.9581119986495764e-08
0.0
1.2608646550449354e-07
0.0
0.0
2.3138604805101737e-05
3.5482147780407155e-07
7.286022888612955e-06
-3.075518773343333e-05
9.881154006130544e-09
1.8518514088772402e-19
2.2933216659432428e-08
8.64542984923243e-09
0.0
0.0
0.0
0.0002817794600929992
2.478303638221817e-10
0.0
5.9588345434483565e-09
1.3747093079012923e-08
0.0
0.0
0.0
0.0
0.0
9.813167070814434e-09
9.827477391031861e-09
4.750101106767564e-10
0.0
0.0
9.874489665838961e-09
5.212767594784158e-10
-1.0196907248182029e-08
-1.96391199205892e-08
0.0
0.0
0.0
4.961445363414584
-1.015515920866402e-10
0.0
0.0
-4.961445363313032
0.0
0.0
0.0
0.0
0.0
-6.108222421123112e-10
1.9615294342205055e-07
-2.782244754581729e-07
0.0
0.0
7.540338921629967e-08
3.769153629439428e-08
0.0
1.1309492551068649e-07
0.0
0.0
0.0
0.0
0.0
0.0
0.0
0.0
0.0
1.2401986524728472e-09
3.8540254346905794e-13
3.8545668051381987e-13
3.8583108712262783e-13
3.8587131236167454e-13
3.142869408187479e-08
6.055608946341697e-10
0.0
3.707115065609791e-08
9.743018281049842e-09
1.970592762400583e-08
9.85603944179999e-09
0.0
2.1691517822620245e-11
9.966488926259995e-09
9.966488903698917e-09
8.648817835787224e-18
0.0
2.317380043176931e-09
1.2138320945359976e-08
4.685546771435664e-10
0.0
0.0
0.0
1.5630785326489326e-08
0.0
3.559275426238882e-09
0.0
0.0
-6.848471115834982e-09
-9.30366115635265e-09
1.56307855472956e-08
-1.5777838956269061e-09
0.0
-9.74528561271731e-09
-6.843795381263323e-09
0.0
-1.015520691187944e-10
0.0
6.373211870765291e-10
2.1662408626040188e-05
2.166240862604021e-05
-0.0008100422573107391
-0.0007854815068703664
0.0
4.36864650869717e-06
0.0
4.3593395496541815e-06
0.0
0.0
0.0
9.294950041913823e-09
4.5938341548113714e-08
0.0
0.0
5.281133068065722e-08
5.281133068587621e-08
5.2811330689229017e-08
6.255247622529841e-08
5.281133068739213e-08
0.0
0.0
0.0
3.5402720881694843e-09
5.738953149508896e-16
0.0
9.585862513144887e-09
9.52607587228038e-09
-6.379987683990951e-16
0.0
0.0
0.06906031333858564
-2.3718910406999353e-10
0.0
-0.06906029370811631
5.74322073830806e-16
0.06906031314345451
2.371858571049878e-10
6.834922175155354e-06
0.0
9.880103664914772e-09
9.880103345270147e-09
1.8964400915653514e-08
0.0
8.20510131745774e-09
1.9935834359225595e-08
1.9370891433424797e-08
0.0
0.0
0.0
0.0
0.0
3.987501194074308e-08
0.0
9.896514075130444e-09
-2.0507212959791357e-08
0.0
0.0
0.0
9.75884298877574e-09
9.758842873056202e-09
4.0742373201429325e-10
9.870169030273318e-09
6.794857113179965e-08
9.870168862730237e-09
9.870168695243686e-09
0.0
1.0602872815058233e-16
0.0
0.0
0.0
7.750290908349327e-07
2.8617670233828793e-10
7.752879972830014e-07
2.4798176618735352e-05
0.0
0.0019926899333776314
4.881799110436429e-08
0.0
0.0
6.661414325234381e-05
-6.656445482469709e-05
9.971028608224977e-09
-1.7124318289762908e-08
-2.385296072666314e-10
0.0
0.0
0.0
0.0
-2.217429103654684e-07
1.9979191818856516e-08
6.339627437683916e-10
2.6443003838495063e-06
0.0
0.0
0.0
1.0690494106854044e-07
0.0
0.0
0.0
4.948772114693304e-10
6.352933428479929e-10
9.591474059107387e-09
1.0216354824850215e-09
-9.892161633232033e-09
0.0
4.102332695765654e-09
0.0
3.824616607640784e-08
1.2916440398219249e-09
0.0
0.0
0.0
0.0
0.0
0.0
0.0
9.966488933233545e-09
0.0
9.978975153580177e-09
1.3154901881743228e-08
1.0296293275612443e-08
1.9952885278987807e-08
6.191793341593024e-10
0.0
8.785053826056726e-09
0.0
0.0
1.019860586803698e-08
0.0
8.785053799327538e-09
-2.9317741469443194e-08
9.989757248794664e-09
1.997793876039346e-08
6.332345545917973e-10
1.044800820032566e-08
0.0
0.0
8.671576015996767e-06
0.0
0.0
-9.941553599607811e-09
0.0
6.222321044202901e-12
1.4947621803895925e-17
9.964981913783055e-09
0.0
0.0
-5.359348164187806e-10
0.0
0.0
6.517960452186284e-12
6.5226105866652356e-12
6.520717740099602e-12
-1.550352603119239e-11
0.0
9.427732455057242e-09
0.0
0.0
9.966497612444447e-09
9.950831351493973e-09
0.0
0.0
1.948935641585266e-08
0.0
0.0
0.0
0.0
0.0
6.348338222335139e-10
1.9977792136706252e-08
6.330439574521781e-10
0.0
0.0
1.7957191147307925e-08
1.213920739830212e-10
0.0
4.224818574517084e-12
9.803388454204136e-09
1.8892215959168888e-09
0.0
4.2567657201195805e-09
6.14598731629723e-09
0.0
-6.14598731629723e-09
0.0
0.0
7.016661605843358e-18
0.0
-9.423813596663722e-09
0.0
0.0
0.0
3.128138851879175e-07
8.157910971610514e-09
0.0
0.0
9.992447880277675e-09
0.0
1.978349045936062e-08
9.878329367059165e-09
9.878329253722108e-09
0.0
-1.043399105353851e-08
6.164611566981689e-10
6.088852969678084e-10
2.207435623180487e-16
0.0
3.022955918520324e-08
1.992449786956767e-08
6.065054635533447e-10
0.0
1.2406096525379413e-09
0.0
0.0
-1.3331472959452186e-09
0.0
0.0
0.0
0.0
1.0035137157851024e-08
0.0
1.510798790805831e-08
0.0
0.0
9.916977887538132e-09
2.2535627642513056e-09
0.0
0.0
0.0
4.580684413775036e-10
0.0
0.0
0.0
0.0
0.0
0.0
0.0
0.0
3.230047820056587e-10
0.0
0.0
0.0
0.0
0.0
0.0
-6.414645005135869e-09
-1.6179272891922447e-08
-1.077745636207661e-07
-1.1877030690020385e-07
-1.204669996268681e-07
-1.19179430541419e-07
-5.692494571725437e-08
-3.781177913518859e-09
2.234441328940261e-07
2.13245527050837e-07
0.0
0.0
0.0
0.0
0.0
0.0
1.1234868860288127e-05
0.0
0.0
1.005690154309205e-08
0.0
8.720417136787247e-09
0.0
8.808415272783948e-09
4.1220370181286436e-10
0.0
9.768604057277565e-09
4.170323942989304e-10
8.663401167142808e-06
0.0
9.936168111869477e-09
5.820112589361783e-10
0.0
0.0
0.0
0.0
0.0
0.0
0.0
1.0192464182571741e-10
0.0
0.0
0.0
0.0
0.0
0.0
0.0
5.512654787088688e-06
1.1697825013501124e-09
0.0
0.0
3.239971982913839e-08
1.0299607194860679e-08
2.3895107593035706e-08
9.421282357107791e-09
0.0
0.0
0.0
0.0
0.0
0.0
8.846827615195382e-09
3.6122281083861786e-10
3.6122281100664125e-10
1.8281007639533303e-08
4.635427025146198e-06
-8.240596899300456e-09
1.1348127490290674e-08
9.798998940529569e-09
9.79899893891556e-09
9.79899891147295e-09
0.0
0.0
2.456428223360125e-05
1.48668591718906e-11
8.569102813106158e-09
4.122037059994803e-10
9.874489659171867e-09
0.0
0.0
0.0
4.653760174752137e-07
-5.306213051170516e-07
0.0
9.889004326673421e-09
9.889004302865656e-09
0.0
0.0
0.0
2.3506860325930587e-08
0.0
0.0
8.281177368717257e-09
8.281177363733163e-09
8.281177371639466e-09
1.7302793391031142e-08
8.281177369606941e-09
1.9513574272349925e-07
0.0
2.927648701245289e-08
3.064740508249469e-09
0.0
3.4687104227056767e-09
0.0
0.0
0.0
0.0
0.0
1.0167711228677592e-08
1.8830680950914774e-08
1.0828942059452417e-08
8.971157001678861e-08
8.724685137007112e-08
8.320015243834783e-08
8.97115700139331e-08
8.320015244191347e-08
1.1215042022122245e-07
0.0
0.0
1.8770156115282453e-07
1.8770156115484725e-07
1.8770156115180338e-07
1.8031912082253284e-07
1.8770156114676605e-07
0.0
1.672066043941881e-07
2.7477930663612843e-08
3.893690704478245e-07
9.954009109163147e-09
0.0
0.0
0.0
0.0
0.0
0.0
0.0
0.0
6.607061955141379e-05
0.0
2.4259587081977033e-05
-0.0003975001633471633
0.00044631816680384186
0.0
0.0019376235431481635
1.8817212865464285e-08
1.0312147444715108e-08
9.915898447858475e-09
1.9755008836532528e-08
9.839110485996133e-09
4.864431027498233e-10
2.0288200855765642e-10
2.0288200854638229e-10
0.0
1.8817212886810273e-08
3.442249106344552e-10
0.00040980593629877393
0.0
9.798998945598214e-09
4.4695342471307136e-10
7.131231403112448e-06
1.766780983732616e-08
0.0
9.655882684893834e-09
0.005206965436588291
0.005206965436588291
0.0
1.9892731881027313e-08
0.0
9.910345216090223e-09
-9.966333512238584e-09
0.0
1.8569060608100942e-08
6.7254512775397226e-09
0.0
0.0
0.0
0.0
0.0
0.0
0.0
9.962909365991007e-09
1.2284702437682232e-07
0.0
0.0
0.0
0.0
6.192577601797768e-10
0.0
9.966281022677492e-09
0.0
6.124512444099088e-10
0.0
6.068749579851566e-10
1.551748638802301e-07
2.0989337857965295e-07
2.610890469754159e-08
1.328564246995358e-07
0.0005191644377576811
0.0
9.958390012310574e-09
6.038952311403774e-10
1.9894403972894905e-08
5.575569870364941e-10
9.719912365106255e-09
4.4428323267936886e-10
9.242833983135032e-09
8.785053826873849e-09
9.242833984214433e-09
9.242833985249774e-09
8.785053829501406e-09
0.0
0.0
0.0
5.9254675902895216e-08
9.719912365982853e-09
9.955550163345356e-09
0.0
4.285880987899314e-09
4.285880988649793e-09
2.0865940086878254e-09
0.0
0.0
0.0
6.885774265675149e-08
3.8862125264895496e-10
9.9521849389207e-09
9.952184833184052e-09
9.834665844624893e-09
9.834665775480009e-09
0.0002159999348609892
-6.797317526752839e-10
0.0
0.0
0.0
0.0
0.0
1.9143772785631352e-09
2.0331242006179436e-07
0.0
-5.095845637128982e-10
0.0
-5.891704112157958e-10
0.0
0.0
0.0
3.0154372922253092e-18
0.00020488158347862356
1.6919960881510432e-07
0.05568348813782375
0.0
4.72226909587235e-05
4.723210036804582e-05
9.409409321487547e-09
0.002766976427350468
0.05568343789440225
0.0
0.0
-4.987619061623321e-10
-9.851622618012768e-09
0.05845041278015416
0.0
0.0
0.0
5.733582383281834e-10
-9.955186946233937e-09
-3.9302480596414835e-08
0.0
0.0
0.00015445100870071073
-0.02037360111515696
0.02057523596255156
5.0243421499327286e-08
0.05845041278015375
9.305177030359565e-05
0.0
0.0
6.188270693136686e-10
4.285880970164146e-09
2.6108904610754187e-08
1.6837950583946262e-06
0.0
0.0
-0.00011745138622030952
0.0
1.979656034150709e-08
0.0
9.000638103752456e-11
9.314538057067948e-05
0.0
0.0
0.0
-1.6035629990121707e-06
0.0
6.045163157656056e-10
0.0
9.79004213953468e-09
4.381360303266897e-10
5.1515070029531894e-08
0.0
0.0
-1.970592762161631e-08
0.0
5.774309029346278e-10
9.613528162993158e-08
0.0
9.912554348417806e-09
-8.041396473098804e-09
-8.041396464202083e-09
0.0
0.0
0.0
0.0002048921470009191
6.0736301389094496e-06
0.0
-7.020146041507223e-07
3.910802962361505e-07
-3.109675807562336e-07
6.828983385415625e-07
0.0
5.067954470181276e-06
8.367154739896687e-09
-4.811465763434946e-09
2.6715947985263e-07
1.0754677231698136e-07
0.0
0.0
2.617971959261319e-06
-1.8093821722686698e-05
1.5484438997173926e-05
8.589232454350292e-09
0.0
0.0
0.0
0.0
4.7942181409722325e-09
0.0
6.354201248874544e-10
0.0005659431043459746
4.698209557533412e-05
0.0
8.167798136627466e-16
0.0
1.766558347614855e-08
9.841719339947911e-09
0.0
0.0
1.7807638799759536e-08
1.0558150093644172e-07
0.0
0.0
1.979190370980888e-08
1.2072931012983598e-10
3.8616318873391794e-08
3.8729496811156584e-08
3.996023148929698e-08
6.336302080766963e-10
0.0
0.0
9.99244706943736e-09
2.8666293382453856e-08
0.0
2.1468612442108847e-08
0.0
0.0
6.275818687846853e-10
0.0
0.0
0.0
0.0
0.0
0.0
5.095845630724023e-10
0.0
6.991978036850711e-08
0.0
8.503333305995304e-08
9.985872656114586e-09
-6.548947400425184e-08
-9.955186946256313e-09
0.0
1.9906459432521804e-08
0.0
-0.0008028669028140281
-0.0008515635520195972
0.0
8.756754476977655e-08
-8.756754480027908e-08
-1.4347102119651169e-09
0.0
-6.414645609591961e-09
-6.759373234854048e-09
-1.0777456420189846e-07
-1.1877030746398898e-07
-1.204670001721947e-07
-1.1917943106721639e-07
-5.69249462289978e-08
-3.781178351002813e-09
1.0448008779421511e-08
2.1689815411833095e-11
6.103871040247149e-10
6.103870949136164e-10
1.8492342559127465e-08
2.9284190853194864e-08
0.0
2.9574075280742653e-08
9.878680480247434e-09
0.0
0.0
0.0
0.0
0.0
0.0
0.0
0.0
3.5914626109366837e-07
0.0
0.00015430882632035497
-8.178340217372682e-08
0.0
9.842291965381034e-09
0.0
0.0
0.0
0.0
0.0
3.1981088746702096e-09
7.941258954776293e-09
1.989986128931251e-08
9.964981923012708e-09
0.0
3.5236556159923586e-14
0.0
9.887721711023526e-09
2.986484322496064e-08
0.0
1.989986128225936e-08
5.946773664309829e-10
9.949029910111045e-09
-0.09163305479255462
0.09163227759125675
7.772012978547323e-07
2.7630881398871265e-08
0.0
0.0
0.0
8.362694211917359e-08
-9.159529304949708e-08
5.4308713849096265e-06
6.574344826847646e-08
0.0
0.0
1.859030373834408e-08
0.0
6.280291857104429e-10
9.982895627426322e-09
-0.0004033688338598789
0.0
3.796472356993861e-09
1.283609881866462e-10
0.0
1.2836114976901735e-10
1.2836126218152546e-10
6.536603842586193e-06
-5.4733606552325564e-05
5.473345503737232e-05
0.0
3.2802990538342527e-07
0.0
-0.0012909396324022348
0.0012912089707323565
-2.5931760238486075e-07
-2.5931760238582807e-07
0.0
0.0
0.0
9.94328291659954e-09
0.0
0.0
1.0920244615828878e-08
0.0
9.77770324428473e-09
6.488475549448887e-08
6.335463383743057e-10
0.0
0.0
0.0
9.824825978795946e-09
0.0
0.0
-1.0505682412859086e-08
0.3581962219857311
-0.3581962020100851
6.322177246720833e-10
4.90785462920959e-09
6.02548399510052e-09
1.7514740861009214e-08
-8.085480162476613e-09
-8.085480269024894e-09
1.7514741186519496e-08
1.4866859892057734e-11
0.0
1.5785211329651383e-08
1.578521132961328e-08
9.844993219959575e-09
-9.943282738844594e-09
0.0
0.0
0.0
0.0
0.0
0.0
4.233658459886669e-09
0.0
6.3152471433695295e-09
0.0
9.989552550340956e-09
0.0
-3.0189251594041276e-09
-3.018925156281949e-09
0.0
0.0
1.963096563031698e-08
2.042781341238871e-08
6.255156943129094e-10
9.980343357108938e-09
6.233545431897306e-10
9.978148996498327e-09
0.0
0.0
4.0386306121147635e-08
1.4324590631892572e-08
-3.566795846849345e-09
-4.809944491313001e-09
0.0
5.907761835228571e-10
-9.654585304841858e-09
1.4151968602822386e-07
0.0
1.7514740643802282e-08
0.0
0.0
-2.0481367316324644e-08
-2.6396262493551346e-08
1.0754677188442857e-07
0.0
0.0
0.0
0.0
0.0
0.0
2.6005690387354506e-09
9.084863950395739e-09
1.4690135277907752e-09
0.0
-1.4690441085818406e-09
0.0
1.402408837139246e-08
0.0
1.7526793399796456e-08
1.2024692771524334e-08
0.0
8.113076382414629e-09
4.6645900556391136e-11
0.0
5.0280849857878445e-09
0.0
0.0
4.566886770819472e-09
0.0
0.0
0.0
0.0
0.0
0.0
3.989443700121697e-09
0.0
6.518915532689341e-09
0.0
0.0
0.0
0.0
1.3210872439646555e-09
0.0
0.0
0.0
0.0
0.0
1.7531098177288524e-09
0.0
0.0
9.539542458506954e-09
5.330513104294554e-09
8.27891477283932e-09
9.064069847345772e-09
0.0
9.764045146880183e-09
7.800013585339348e-09
0.0
5.190232014413126e-09
8.479495345708123e-09
9.271983429422126e-09
1.2323113093709813e-08
4.12010397517531e-09
1.4370985544348247e-08
0.0
1.669841243760749e-08
5.284756218364186e-08
0.0
5.096058604652942e-09
0.0
1.1550746547641256e-08
1.0638951622592544e-08
-1.9783490574773943e-08
0.0
4.9334224828312025e-17
2.1864981372998662e-08
0.0
4.3819964616509244e-08
-2.2153815450418665e-08
9.605355254899414e-09
9.605355251882986e-09
2.5636696634926066e-10
9.298346359586443e-09
1.4899140783162318e-07
0.0
0.0
0.0
0.0
0.0
-1.5720931501039814e-17
2.0073664383039866e-09
9.988975768264135e-09
9.986073567797595e-09
9.9860735576798e-09
9.973708295892286e-09
9.973708290577675e-09
9.980895529698466e-09
9.98089552200903e-09
9.965624940566558e-09
1.2609875708076624e-17
9.965624950235852e-09
3.3666606070999425e-06
0.0
3.354313583445236e-06
0.0
2.0522679569492686e-07
2.012580321363379e-08
9.934207527218571e-09
9.934207497006532e-09
9.845025796575676e-09
9.878598885389272e-09
5.253228322281792e-10
9.87859884840735e-09
9.79691157067884e-09
9.796911580595147e-09
0.0
-3.1027798701654605e-09
0.0
3.788765403234945e-08
2.412314342404896e-17
9.843072112925426e-10
3.6396994016635035e-08
0.0
2.7183447529387893e-09
0.0
0.0
0.0
3.24654636952747e-08
0.0
0.0
0.0
0.0
1.3341383726606093e-05
0.0
0.0
1.2182745075458056e-07
3.0259487894653277e-07
1.2396644878883127e-09
1.239947094275445e-09
1.598844928726824e-06
1.5888893785667275e-06
6.010985277882465e-10
4.747706690575643e-10
9.827237662583223e-09
1.2404194066787518e-09
0.0
4.151164989016571e-21
0.0
0.0
0.0
0.0
5.923838197208854e-09
5.923836535353497e-09
3.6210646939785427e-13
3.6210184156670877e-13
0.0
0.0
0.0
0.0
-1.4745165473585858e-10
1.4954758206960073e-08
-1.6925011583478634e-10
0.0
0.0
0.0
0.0
-3.1027798635382747e-09
4.813771288322052e-06
4.813771288322052e-06
9.982543028257167e-09
0.0
0.0
0.0
0.0
0.0
0.0
4.226079069142253e-08
4.991997014381046e-08
3.0076846747430855e-08
9.854306986895389e-08
0.0
0.0
0.0
2.4571826864436355e-08
0.0
0.0
1.0122306073583434e-08
1.7792446801127978e-08
6.086477281512037e-10
0.0
0.0
-1.8089884326054018e-10
0.0
1.2311758281924198e-05
0.0
0.0
9.298346387147634e-09
9.298346399051402e-09
0.0
1.2320037058927356e-05
-1.348761851310094e-11
0.0
0.0
0.0
0.0
0.0
-2.6677373849952747e-12
0.0
0.0
0.0
0.0
-6.619693987734709e-06
0.0
8.220367924638835e-09
0.0
0.0
0.0
1.9615294353272875e-07
8.569102818467997e-09
0.0
0.0
0.0004098032086123915
0.0004098032086131166
0.0
1.9489356438211527e-08
1.0038231378011095e-16
-8.087419728417455e-09
-8.087419728697357e-09
1.8378447376881016e-07
0.0
0.0
0.0
0.0
0.0
3.1196521772724033e-07
0.0019325377754072833
0.0
0.0
0.0
0.0
0.0
0.0
0.0
0.0
0.0
0.0
0.0
0.0
1.3581172370304083e-05
9.622691317213368e-05
0.0
8.279820296053231e-08
-4.413785070326425e-08
-7.866258621802395e-09
-2.0410194194030867e-08
-1.2051711998940165e-09
-1.9065733676966153e-08
-1.8937164651952927e-08
-6.279725787840851e-10
-2.469649776032579e-06
-2.4650213649134167e-06
0.0
0.0
1.4965161971484454e-05
-6.298961352513288e-12
1.4972841317087408e-05
0.0
0.0
9.919213955314075e-09
0.0
7.929345078320366e-09
2.0461459564066954e-09
9.975479178803148e-09
0.0
-9.93321085291949e-09
0.0
0.0
2.9774608500954258e-08
0.0
0.0
0.0
0.0
0.0
2.1742580608905642e-08
0.0
0.0
0.0
4.25109813232457e-06
4.251098132324628e-06
0.0
0.0
0.0
5.5277618592795834e-08
9.988816170000305e-09
0.0
9.988497479720917e-09
0.0
9.989804733116231e-09
9.963457184488805e-09
3.719492455714211e-07
5.987086662721712e-08
0.0
9.978975507139795e-09
0.0
9.977967129134032e-09
0.0
9.97114944827136e-09
2.1189813780603272e-07
9.990271416764515e-09
0.0
9.990754935321027e-09
1.9499426249591656e-08
9.989757724347478e-09
3.004823531645036e-08
9.990400125202321e-09
0.0
0.0
0.0
0.0
0.0
9.862614730287496e-09
0.0
0.0
0.0
0.0
0.0
0.0
0.0
0.0
0.0
0.0
0.0
0.0
0.0
0.0
0.0
0.0
0.0
0.0
0.0
0.0
0.0
0.0
0.0
0.0
0.0
0.0
0.0
0.0
0.0010090663031610658
0.0010090778563427438
6.47544875940106e-08
5.893212577031591e-09
-9.92225556231685e-09
9.698684739981065e-09
9.936365887391643e-09
-9.825963043260245e-09
3.085269552730626e-11
0.0
0.0
0.0
0.0
-1.3331472896102592e-09
1.5976173845826896e-11
1.0293579702907342e-11
1.7514740753072315e-08
9.897672734246929e-09
0.0
0.0
9.790920540711576e-09
0.0
2.986484321957835e-08
1.9042560634833016e-11
9.874735834364324e-09
0.0
0.0
0.0
0.0
1.0862188344647372e-08
4.970192158129441e-08
9.97321687734587e-09
1.0151837433711313e-09
0.0
8.951313771258348e-09
2.682163540388161e-07
2.1469774947586926e-18
1.989162597538184e-08
1.9891626572470113e-08
2.3420300829389709e-07
0.0
8.293290863319497e-07
0.0
0.0
0.0
0.0
1.565855907990905e-08
0.0
1.9891624130138688e-08
5.990780556714605e-10
1.989162477841855e-08
1.9891624179717127e-08
0.0
1.8262727630544813e-06
8.180276208760965e-07
0.0
0.0
0.0
0.0
0.0
0.0
1.1674635290905429e-07
0.0
0.0
6.743359495024323e-09
0.0
0.0
6.761786295858936e-09
0.0
1.9659982149414417e-10
0.0
0.0
0.0
0.0
1.4159377584576e-09
0.0
0.0
0.0
0.0
0.0
1.7358583483455487e-09
0.0
0.0
0.0
9.93812558619347e-09
9.93812546840056e-09
-1.333147298297429e-09
0.0
0.0
4.63768918288488e-06
4.2858809549073445e-09
0.0
1.2231383639912493e-05
5.240084831779667e-09
4.3064104228092944e-08
1.9476243803801312e-08
0.0
9.375277519197787e-09
0.0
6.597152476837665e-10
9.060053623906559e-09
0.00020474658904935683
-0.0005186295006070485
-0.00021599012996827757
0.000519174254297716
0.0
-1.1243958527140663e-05
1.1761179015607783e-07
0.0
0.0
0.0
0.0
0.0
0.0
0.0
1.4364137179007873e-08
0.0
5.270261734794764e-08
0.0
2.9278098972384133e-08
0.0
0.0
0.0
1.8374549012097195e-08
0.0
9.50020494255963e-09
0.0
1.0315791452926912e-08
0.0
8.896055427016465e-09
4.291527318123819e-08
1.943049618940878e-08
0.0
8.57969913621724e-09
0.0
7.206416424255018e-10
0.0
0.0
5.640782627433714e-10
1.6129432909276146e-17
6.265741703259664e-09
0.0
9.982543034815263e-09
0.0
-6.364350044113292e-07
6.646876189661096e-07
0.0
0.0
0.0
0.0
1.3210875275583088e-09
0.0
0.0
0.0
0.0
0.0
1.53369787056354e-08
0.0
0.0
2.8967668016541986e-09
1.2904873412097614e-08
5.148796445314764e-08
0.0
0.0
0.0
9.5322256190527e-09
0.0
1.4024088409856552e-08
0.0
1.7526793467188558e-08
1.2024692886667175e-08
0.0
8.113076470236226e-09
4.664622726136097e-11
0.0
5.028084984667251e-09
0.0
0.0
4.566886784480674e-09
0.0
0.0
0.0
0.0
0.0
0.0
3.98944383433296e-09
0.0
6.518915873744207e-09
0.0
0.0
0.0
4.079080555070099e-08
0.0
9.675677770269441e-09
3.255686357741513e-10
1.9615294342210646e-07
8.650195226778123e-09
0.0
0.00020137405575297208
0.0
-8.414476281221918e-09
5.323412801156891e-10
-5.323412814662172e-10
0.0
-9.605140553802308e-09
0.0
3.836450143853465e-07
0.0
2.906125047749502e-07
0.0001375317288888055
0.0
1.98265546202947e-08
-0.058248549514152585
-6.091968270973516e-08
3.128138851984368e-07
0.0
1.9773996031476215e-08
0.0
0.0
8.677004549159344e-09
9.950831347372941e-09
9.950831340901065e-09
5.964514004901401e-10
0.0
9.928833340169517e-09
9.928833339480838e-09
-9.860663520086521e-09
0.0
0.0
0.0
3.116518024082038e-11
0.0
0.0
-9.808869705189849e-09
1.4394493584342055e-08
9.980174134764919e-09
9.980173935939093e-09
0.0
0.0
-7.654867074515195e-07
7.946102933414271e-07
9.971694474611122e-09
-1.7850353562227805e-07
9.915898545180663e-09
9.915898642466412e-09
-5.76221578355191e-10
0.0
5.228665925177719e-09
0.0
8.04180795882111e-09
0.0
0.0
0.0
0.00020474658904933595
9.952530749621907e-09
0.00020474658904942434
9.952530864069972e-09
0.0
5.228665988645116e-09
0.0
8.041808048372823e-09
0.0
0.0
0.0
0.0
7.879809514111692e-07
9.961962210903282e-09
0.0
2.2665792869184777e-08
2.458220409951104e-08
0.0
0.0
9.975969223439962e-09
-1.107704819447287e-07
2.4154318707539715e-07
2.1419906058699316e-08
2.965087124277583e-08
1.6386223687203335e-09
8.22545578849608e-10
0.0
6.3877186479663945e-06
1.492418313674709e-10
9.852173653446684e-09
9.85206726907959e-09
0.0
0.0
-3.511396999323851e-09
0.0
0.0
0.0
0.0
2.3444291626853836e-06
1.593431044353351e-07
1.9615294309047278e-07
0.0
0.0
0.0
8.157910972578245e-09
0.0
0.0
-6.687431339892419e-12
0.0
1.5906595895513053e-07
1.5906595900637984e-07
3.336373144020546e-07
9.863489839662817e-09
5.104461934028616e-10
0.0
0.0
0.0
3.6580678212419906e-07
0.0
0.0
1.0448006430387796e-08
-9.423814266700664e-09
0.0
0.0
1.9489356383249485e-08
0.0
-9.262599127136576e-09
2.4019458211030805e-10
9.588919110072694e-09
2.40194585199915e-10
9.588919113260875e-09
9.58891908261453e-09
1.826269002990498e-07
2.9133171835048902e-08
0.0
2.8256514901213542e-08
0.0
0.0
0.0
0.0
0.0
0.0
2.1670747015186872e-08
0.0
0.0003773888491586817
-0.00018856423275347145
0.0
0.0
0.0
1.3355722318526416e-09
0.0
1.3355723771650748e-09
1.3355724941464634e-09
0.0
2.2933217094590946e-08
0.0
1.1174817865801362e-16
8.31792548597679e-09
8.31792551335515e-09
0.0
0.0
0.0
5.386769350282673e-10
0.0
0.0
0.0
0.0
0.0
7.234595697059509e-09
0.0
7.23459569732693e-09
6.529007048740166e-12
-9.93533162834095e-09
-1.9768293103156198e-08
0.0
0.0
0.0
0.0
0.0
2.860063195839695e-08
9.882938809711243e-09
1.8281008510002418e-08
2.2933217523451155e-08
2.2933217413804914e-08
6.5276964612688e-12
0.0
0.0
-9.91827089057986e-09
0.0
0.0
0.0
0.0
-7.234597016438572e-09
0.0
-1.0606207752339447e-16
0.0
5.096206102624991e-09
1.013171338820285e-08
0.0
2.2933217307898753e-08
0.0
0.0
2.4378663910485666e-08
1.456423905703838e-08
9.814424613610904e-09
0.0
0.0
0.0
0.0
4.0487363311352547e-08
0.0
6.524213932130997e-12
6.526099788827862e-12
1.050679016600711e-06
0.0
1.028715105829742e-06
9.745301736274064e-09
0.0019447619680738589
0.0
0.0
-0.0001442936863220723
9.95400913875611e-09
0.0
9.954009131753635e-09
0.0
-9.590107594793828e-09
0.0
0.0
0.0
-1.9560422173640713e-09
0.00018870468374138083
0.0
-4.3472495965831614e-10
-3.061512201394287e-10
-3.0615122013395293e-10
0.0
0.0
0.0
-4.0944320505209464e-10
5.0962061029502514e-09
1.4383395743417262e-07
0.0
0.0
0.0
0.0
0.0
0.0
7.403628419406895e-09
2.5888194722395734e-09
0.0
4.837487917674516e-07
0.0
6.607061955177732e-05
0.0
0.000423208207063273
-0.00042318827502896283
9.960885772622399e-09
9.887420747966924e-09
9.88746037285918e-09
0.0
0.0
3.056602848168197e-08
0.0
6.074131213126619e-10
0.0
0.0
0.0
0.0033968026834041596
-1.6363116300425161e-06
0.0033984781613330137
9.938212444359222e-09
1.0567722126141222e-08
-1.0567722126195167e-08
0.0
0.00018868668133720234
0.00018870768787520795
9.814054331529814e-09
5.905129434152378e-09
0.0
0.0
0.0
0.0
0.0
1.0567722126593286e-08
0.0
9.887381113384042e-09
1.4382957718084414e-07
0.0
1.3452232541456095e-05
0.0
1.3087185309690883e-07
3.1453045200993674e-08
0.0
2.5157374887820667e-09
0.0
0.0
1.962296747355503e-08
5.984441188707499e-10
-8.50641798362875e-09
0.0
0.0
4.098001674723116e-11
0.0
2.9642025246413136e-10
9.646058701744646e-09
-0.09163306567774043
0.0
0.0
9.870209500256326e-09
9.950383126373925e-09
0.0
0.0
0.0
0.0
0.0
0.0
0.0
9.948013235173774e-09
5.936763051099279e-10
-1.977399574369155e-08
8.806992956387744e-17
-3.238395763967461e-08
-4.233197070832488e-08
3.926349646855778e-14
0.0
0.0
9.97725710468533e-09
9.985278384063164e-09
6.303759884952203e-10
0.0
-7.53215856233237e-09
0.0
6.7617835705832556e-09
0.0
6.7581505443719e-09
0.0
0.0
6.761783749992092e-09
6.842093934500602e-09
9.011435576873794e-11
6.307318481122807e-10
0.0
9.977256878101678e-09
-5.926563647262392e-08
0.0
9.98306914305524e-09
9.983068915557806e-09
0.0
0.0
6.242697389344285e-10
9.982386663624056e-09
6.275280387727464e-10
-1.5953920837606807e-09
9.979078306010675e-09
4.971337044394128e-08
0.0
6.761785718762774e-09
0.0
0.0
0.0
0.0
1.6435393395709468e-08
1.6435392954569604e-08
-4.026753519610543e-08
6.092199990225225e-10
0.0
0.0
0.0
0.0
0.0
0.0
1.9615294331176827e-07
0.0
1.8200790208311446e-08
9.800001320864338e-09
2.682163539242932e-07
7.059620620454132e-09
7.059620674149244e-09
2.4839919961550743e-07
0.0
3.536449986789661e-07
0.0010262123405719707
-0.0010261225692172493
9.957269455767052e-09
0.0
-9.607607208606473e-14
3.7961996666999165e-18
0.0
1.9111772570773455e-08
0.0
-1.767282675757542e-08
0.0
0.0
2.4839919927133756e-07
8.823314563648204e-06
9.980362384405181e-09
-8.813334200918985e-06
9.988815819622632e-09
0.0
6.766091663353357e-08
1.9975483439034882e-08
6.317437919453689e-10
1.5377505321287337e-10
0.0001543085136307507
9.501078389538346e-09
2.0819603588113613e-12
0.0
-9.603273297574739e-09
0.0
1.9021182226930364e-08
1.5377504959242318e-10
1.3911757766743692e-06
3.7815307159031185e-09
1.4046903634764147e-06
0.0
-6.6488260209995875e-12
