0
0.0
0.0
0.0
0.0
1.885708837635087e-08
3.5332945280159385e-08
0.0
0.0
0.0
0.0
0.0
0.0
0.0
0.0
0.0
0.0
5.275834293837109e-09
8.282127047835509e-09
0.0
0.0
0.0
0.0
0.0
9.604249950707879e-09
0.0
9.05802350820348e-09
0.0
0.0
0.0
0.0001215219950305745
0.0
0.0
0.0
0.0
0.0
0.0008697721982222251
0.0
0.0
0.0
1.6019096954657232e-08
0.0
0.0
0.0
0.0
0.0
0.0
0.0
0.0
0.0
0.0
0.0
0.0
0.0
0.0
0.0
0.0
0.0
0.0
2.2210383220375022e-07
0.0
0.0
0.0
7.078656506183373e-17
8.383908391721667e-09
0.0
0.0
0.0
0.0
0.0
0.0
0.0
9.790377369823105e-10
8.708555564714387e-09
1.015464795584009e-10
2.597267510478494e-13
7.223613507539798e-10
8.30978781960623e-19
0.0
0.0
0.0
0.0
1.0154647961261101e-10
0.0
0.0
0.0018067497517111632
4.898865059270452e-13
7.632660801260111e-09
1.902901467587132e-09
9.884900479438957e-09
0.0
9.140578147239913e-09
0.0
0.0
0.0
0.0
5.576585884714836e-10
0.0
8.482220180497664e-09
6.694658502847208e-09
0.0
0.0
0.0
0.0
0.0
0.0
7.702324830173227e-09
0.0
0.0
0.0
0.0
0.0
9.713639373751484e-09
0.0
1.1720636989315643e-10
0.0
0.0
0.0
0.0
0.0
0.0
0.0
0.0
4.296003928069966e-09
0.0
0.0
0.0
3.565727468718626e-08
-5.539306258128818e-08
0.0
9.663801214232014e-09
0.0
7.120760813924068e-10
0.0
1.1229830821341316e-09
2.726208092322272e-09
9.672089926747333e-09
0.0
3.753818949143838e-08
1.1652034536038658e-08
0.0
1.016971205268552e-08
0.0
0.0
6.010701956732621e-20
1.9467302865290566e-08
0.0
0.0
0.0
0.0
0.0
0.0
0.0
0.0
1.9603319402477607e-08
0.0
0.0
0.0
0.0
6.4376008576585895e-09
0.0
0.0
5.593351621797365e-15
7.176938786082496e-10
-0.0007106419111827138
0.0
0.0
0.0
1.8638122282928384e-08
0.0
0.0
0.0
0.0
1.980986603216023e-08
0.0
0.0
0.0
0.0
0.0
0.0
0.0
0.0
0.0
0.0
0.0
0.0009901205387705145
0.0
0.0019242613154531912
4.572334538799378e-09
3.439645992524724e-08
0.0
4.129587772163421e-09
0.0
0.0
0.0
0.0
0.0
1.12214172388054e-08
0.0
0.0
0.0
0.0
4.682925128789896e-09
1.8391148430201913e-08
0.0
0.0
3.80794799609719e-09
1.1021086028126342e-08
0.0
7.139376564381435e-09
0.0
2.700929770978476e-08
7.882382431110673e-10
0.0
9.88662103026533e-09
2.693999949114313e-08
0.0
1.5001091999753559e-09
0.0
0.0
0.0
0.0
0.0
0.0
0.0
0.0
0.0
0.0
0.0
1.6561528702685447e-19
6.331157980112504e-09
0.0
0.0
0.0
9.035702480951473e-23
0.0
9.274082443672123e-09
0.0
0.0
2.6555157414169203e-12
1.4581716016352379e-09
2.474111420289769e-08
0.0
2.3775402083866123e-11
1.1697365163709783e-06
6.298541095422442e-12
0.0
0.0
0.0
0.0
0.0
2.6537335645525975e-11
-0.0019288779337489985
0.0
0.0
0.0
0.0
0.0
9.342225119579548e-09
0.0
0.0
0.0
0.0
4.684750903038992e-07
0.0
0.0
0.0
0.0
0.0
0.0
0.0
0.0
0.0
0.0
7.271757547510733e-09
6.09003376736871e-11
0.0
0.0
0.0
0.0
0.0
0.0
8.482973739879673e-09
0.0
0.0
0.0
0.0
1.1701438894790818e-10
0.0
0.0
0.0
-1.4648898572979295e-08
0.0
0.0
0.0
9.61332436845261e-09
0.0
9.357168937954102e-09
9.812070115975496e-09
0.0
0.0
0.0
0.0
1.0431553939492243e-08
0.0
0.0
7.872528559427576e-09
0.0
1.227674501238694e-09
5.576586764941034e-10
9.874862475856208e-09
0.0
4.71601380577967e-21
0.0
4.590335350445392e-09
2.1601684554226676e-09
9.789713703573298e-09
0.0
0.0
0.0
0.0
0.0
0.0
1.915109740189645e-07
2.5210628806424385e-08
0.0
0.0
0.0
0.0
0.0
0.0
0.0
6.648460048556265e-12
1.6973296515561106e-08
1.8849393068951423e-09
0.0
0.0
0.0
0.0
1.4686315610455323e-08
9.926933306490271e-09
9.926933309049158e-09
9.892185952310278e-09
6.003224656523408e-10
0.0
9.978941821347233e-09
6.857846361379229e-10
5.668343195000377e-10
6.601990329701769e-10
9.867891872780414e-09
0.0
0.0
9.867891942915574e-09
9.858085944059162e-09
9.979192230946567e-09
9.95314631630076e-09
-8.282127038653983e-09
0.0
0.0
0.0
0.0
3.861858658371767e-08
5.406210702373814e-10
0.0
0.0
6.112431459886239e-08
0.0
7.525476424235139e-09
0.0
0.0
6.013595288520275e-09
4.647023091732605e-09
5.71817691314849e-08
0.0
3.2143940638809718e-09
0.0
6.104847762365995e-10
0.0
6.115535970259845e-09
1.2191001546940177e-08
5.0479440318092364e-08
1.3726556199395091e-09
0.0
3.370802219609051e-08
1.4491736544274242e-08
8.420658182159021e-11
0.0
6.740391268167688e-09
0.0
0.0
1.9924710687248326e-08
0.0
0.0
0.0
0.0
4.779651576448258e-08
1.7177824851871243e-07
0.0
0.0
9.977935946231531e-09
5.961275371848897e-10
6.538938734688954e-10
0.0
0.0
0.0
4.543530756260842e-09
0.0
0.0
0.0
0.0
0.0
0.0
0.0
0.0
0.0
0.0
9.602215331756939e-09
0.0
0.0
1.9764583290950608e-08
1.974599977522227e-08
1.9957127474658257e-08
1.9899873754111437e-08
-9.903516603689856e-09
-9.652595438659067e-09
0.0
-9.967148615133703e-09
0.0
-8.374799495276634e-09
0.0
-9.240430213619559e-09
0.0
-9.757042728966844e-09
-4.676469548475048e-10
-4.676743858924538e-10
0.0
0.0
0.0
0.0
0.0
0.0
0.0
0.0
0.0
0.0
0.0
1.9094727696220308e-08
1.6419067364374083e-08
6.701868094854792e-10
9.896691277203156e-09
0.0
0.0
1.4924663215062659e-13
0.0
0.0
1.0337045271322968e-08
6.837707333441426e-10
-0.00012149291175634395
-0.00012151220545891802
-0.00012152199503057483
0.0
5.421027680401864e-10
0.0
-3.908357713825163e-10
0.0
0.0
0.0
4.352915822367693e-08
7.745235141431787e-08
0.0
5.2580577201643936e-08
0.0
0.0
4.5070567838060434e-05
0.0
0.0
1.512434835110115e-08
0.0
0.00017717260085976216
8.399768966216502e-08
8.647897318370456e-05
6.57098613147115e-10
9.614578542880689e-09
-5.8704266244977155e-08
-5.877725861812955e-08
-6.999865345171108e-08
-6.195010664079692e-08
-6.16002514490483e-08
-6.169007681956513e-08
-3.3404260562069216e-08
0.0
3.2778425082573516e-10
9.61457854629054e-09
1.8502022304700506e-05
5.453578861977848e-10
5.453578865730241e-10
0.0
0.0
0.0
0.0006590061986362645
0.0
-1.6019096951919512e-08
0.0
1.94983685541605e-08
5.150932507173327e-10
2.7085214705987326e-08
0.0
2.918603723244034e-08
9.687669327576371e-09
0.0
0.0
0.0
-0.0009140874750134496
0.0
2.7163507277394095e-08
0.0
9.881993261835016e-09
5.903127232886988e-10
9.947488275817679e-09
9.94748883596808e-09
9.882250284980191e-09
5.905651461586331e-10
9.882249634301351e-09
3.959744651793741e-08
5.8777241821947324e-08
6.99986366391574e-08
7.147360808583414e-08
6.160023458511021e-08
5.090197512363365e-08
1.3905323632868209e-08
0.0
-1.3578093239628893e-07
9.514509925898838e-09
0.0
7.216545883006326e-14
0.0
0.00017926099214844883
0.00017925119649014393
-2.2959884367429548e-10
7.979385317726636e-08
0.0
6.3941201211784924e-09
6.103402223674939e-09
0.0
0.0
7.011021846656661e-08
0.0
4.436274423659302e-05
9.874029906909096e-09
0.0
-0.0011028210450052534
0.00023304884678291684
-0.0008697721982222253
0.0
0.0
0.0
4.7572745992752933e-07
9.946005649771276e-09
6.531849447760818e-10
0.0
8.902886023776091e-05
9.385361924186333e-09
0.0
0.0
1.5535708563870405e-05
0.0
0.00022491984864840623
-0.00022487994184142157
9.973310875005435e-09
0.0
0.0
9.922421000623821e-09
9.9225088040513e-09
0.0
1.1107443934436319e-07
1.4189946279711684e-08
3.4674227367202486e-07
0.0
3.467422743750614e-07
1.1306819212077856e-07
0.0
1.608770317408809e-08
2.1454211060848348e-08
0.0
0.0
0.0
2.123297850789359e-08
2.0442700370344636e-08
0.0
5.456827895524519e-09
5.533137025654326e-09
0.0
2.521062883091111e-08
1.6785694648706602e-08
6.606789560783696e-10
0.0
0.0
5.984632611485602e-09
2.65708471276947e-09
3.33921409052377e-08
0.0
7.632781245243146e-09
1.6316520877468488e-10
0.0
1.885716151612106e-08
-6.189375522519525e-09
1.6077639015594695e-10
-1.6077613424077784e-10
3.2289651299691867e-07
5.950135016641606e-10
5.950135027907297e-10
3.70500861057646e-09
7.785484244655008e-09
0.0
9.965292603668309e-09
2.0922381578549615e-08
2.6106606019448732e-05
2.6157031127050922e-05
-0.00012932139351917726
0.00010328513628807657
3.5031210745922154e-16
0.0
20.023751570492063
-20.07827780250981
0.05452624860734409
5.667358405048826e-10
9.820287242197107e-09
9.927865147595777e-09
1.9094688464074694e-08
0.0
0.0
9.905424415662299e-09
0.0
4.14298554818843e-09
0.0
2.5543409590870924e-08
2.5543410036914087e-08
-2.221038323229062e-07
-2.22103832263126e-07
0.0
4.142985548199536e-09
0.0
5.86808007323439e-09
0.0
0.0
0.0
3.361515117108404e-09
2.1543049748942044e-08
0.0
8.884009650837792e-11
0.0
0.0
0.0
8.914958441549387e-08
1.0368558700989596e-08
9.882248983724998e-09
-9.559116518091312e-09
0.0
0.0
0.0
2.9134848189951543e-08
9.925259351778361e-09
9.976370109341314e-09
6.767910197608693e-10
1.7216019491353697e-08
4.790080430404428e-09
4.790075945271687e-09
4.5070567839464116e-05
0.0
0.0
0.0
0.0
0.0
0.0
0.0
1.5842653264409722e-08
1.0939001552152317e-08
0.0
0.0
1.747921124363128e-08
8.869330963828147e-08
0.0
0.0
0.0
0.0
4.1833349585988656e-10
5.263100726796779e-08
7.010451247291272e-16
0.0
3.1875984081562516e-10
0.0
0.0
1.6269245331959604e-08
0.0
0.0
0.0
0.0
0.0
0.0
0.0
2.951548311509388e-07
-2.848221054761491e-07
0.0
3.187598405563436e-10
-2.555868193067053e-08
0.0
2.5065366004713325e-08
1.3708692749504571e-08
-5.453246338051312e-10
0.0
7.144166414140928e-16
3.564731262970045e-08
3.885480550699679e-08
9.962541014374438e-09
3.784403618950494e-08
7.260553754147349e-10
7.260553054928923e-10
0.0
0.0
6.64480453570347e-09
0.0
0.0
5.483651399892758e-16
0.0
3.4440306971676186e-09
4.420808316147864e-10
0.0
8.673617379884035e-19
0.0
0.0
-2.8376031744248572e-08
0.0
0.0
0.0
1.87969327804317e-08
0.0
-2.4038242482649075e-07
3.5070748917383987e-16
0.0
0.0
0.0
0.13284785758060932
-0.13284781969723294
4.5570411812726256e-10
0.0
0.0
-4.172853174111424e-07
0.0
0.0
0.0
-0.001165221756328716
1.299035235235577e-10
1.2990352242785337e-10
2.9335306636419405e-08
0.0
0.0
0.0
0.0
1.4189932027102184e-08
0.0
9.633017845206115e-09
9.559036188745253e-09
2.7327834090579835e-10
0.0
0.0
0.0
-8.70855556520415e-09
0.0
-9.790377360815311e-10
4.102598998563618e-15
2.401924012141317e-15
5.101983539259525e-15
8.609687119467638e-10
-1.015464795787297e-10
0.0
0.0
0.0
0.0
0.0
0.0
0.0
0.0
-9.924300599816382e-09
0.0
-2.644786681368552e-08
0.0
1.5369326265167841e-15
0.0
3.852973406794221e-05
-1.734723475976807e-18
3.8521253249481654e-05
0.0
0.0
0.0
1.888175697944089e-09
0.0
0.0
0.0
7.672508441907771e-16
1.603426971687742e-15
0.0
0.0
0.0
0.0
0.0
2.9134849370774413e-08
0.0
2.9773519103536058e-08
0.0
9.856335483652428e-09
1.980986603031928e-08
0.0
0.0
0.0
9.869192960541677e-09
5.777423290355139e-10
2.862611008030727e-19
0.0
0.0
0.0
3.473921048405893e-10
0.0
0.0
0.0
0.0
0.0
2.509521743716714e-09
0.0
0.0
-3.048384564522874e-09
-5.832629756670309e-09
-9.451584627987895e-09
-9.64175546173951e-09
0.0
0.0
-2.435361318508073e-10
0.0
-1.0154647961261101e-10
0.0
9.904700622494894e-09
1.5436318730833656e-05
1.543631873083367e-05
-0.0018067497517111634
-0.001638397845725055
0.0
5.437225503856326e-09
-4.898865016918805e-13
0.0
1.9028972893906444e-09
1.9029000747939536e-09
0.0
0.0
0.0
8.081102462929444e-09
0.0
0.0
0.0
0.0
2.571468102396417e-09
0.0
2.371530656783023e-15
0.0
3.656916850102318e-09
0.0
5.585511437047885e-15
0.0
0.0
-4.570144633756867e-09
-5.538972058793945e-15
9.140561504747257e-09
0.0
1.4637564049735374e-08
9.140560993360385e-09
0.0
0.0
5.5868155078044545e-15
0.0
0.0
0.00017922203384569088
0.0
8.723734153451962e-09
0.0
0.0
0.0
0.0
1.0788084794493549e-08
1.9498919999472175e-08
7.893441346515026e-10
0.0
3.169185196259836e-11
0.0
0.0
0.0
0.0
9.865704909617817e-09
6.98830030174073e-10
0.0
0.0
-5.576585884693383e-10
9.684839189595185e-09
9.68483989133652e-09
3.967425798408244e-10
0.0
3.297627138026675e-08
0.0
-8.482220190120238e-09
0.0
0.0
0.0
2.4221417486175896e-16
0.0
3.1221330713947904e-05
-6.694658989415134e-09
3.123790885173968e-05
1.0514529600086431e-08
6.942407245592632e-08
0.003857695332956494
1.4294481196699495e-08
0.0
9.889196722406878e-08
0.0015904611564964278
-0.0015904216608362276
9.844961076102771e-09
-1.4770135564468718e-08
-5.907127258869549e-08
5.830397400946369e-10
5.830397390748002e-10
0.0
0.0
-1.6059454659621112e-05
1.9952771998532813e-08
9.976658610355571e-09
7.385093107278908e-09
2.7756861195020704e-09
0.0
0.0
0.0
0.0
5.480650001511727e-05
2.248493603884137e-08
6.055037099391114e-10
6.827608736582916e-10
0.0
2.3520731120321207e-09
-9.873626513612344e-09
0.0
9.85397958204264e-10
0.0
0.0
4.904998233885343e-09
0.0
0.0
0.0
0.0
0.0
0.0
0.0
9.86919181941323e-09
0.0
6.342834502556932e-10
0.0
6.909451838715271e-08
1.9866753555516324e-08
9.939991683916016e-09
0.0
9.782285292710298e-09
0.0
8.942087070806792e-09
2.5279173799843307e-09
0.0
4.924027107246464e-10
-1.8404107522099645e-06
9.967823239715162e-09
1.9936333025521514e-08
6.752915250097118e-10
9.70344825968916e-09
0.0
0.0
0.0
0.0
0.0
-9.896600379477594e-09
0.0
0.0
1.957492034173101e-18
0.0
0.0
0.0
-9.905083894041176e-09
0.0
7.701439165764313e-16
0.0
0.0
0.0
-1.565068246780544e-11
0.0
0.0
1.8153286973710588e-08
0.0
0.0
9.445724145111767e-09
0.0
0.0
1.8857088413790265e-08
0.0
0.0
5.616302778746474e-16
0.0
0.0
6.838415384144202e-10
1.995334623830895e-08
6.827770803509394e-10
1.8720809778305225e-08
0.0
0.0
0.0
7.100871121117863e-09
0.0
0.0
9.8657173248338e-09
9.50709079483778e-09
0.0
4.2501111770946884e-10
0.0
-9.7136393737568e-09
0.0
0.0
0.0
0.0
-9.41165227131798e-09
0.0
0.0
0.0
1.8033050459739623e-05
0.0
3.4035626085630616e-09
0.0
9.967169719491894e-09
0.0
1.0383579773435353e-08
9.86873238461103e-09
5.77289513491828e-10
9.51895110757626e-09
-1.0299504786440816e-09
6.342691754967058e-10
9.957441964309317e-09
0.0
0.0
8.946972445910925e-08
1.9899569860859934e-08
6.493751241747337e-10
0.0
0.0
0.0
2.8828469970766067e-13
2.469541253665957e-09
5.783856367498983e-09
0.0
4.294714406489797e-11
0.0
0.0
0.0
2.2995504480270052e-09
2.2439734219264288e-09
0.0
0.0
1.4432529644334024e-09
0.0
0.0
0.0
5.529664758129715e-10
0.0
0.0
0.0
3.4043677466692784e-11
0.0
0.0
0.0
1.4556901210704845e-11
0.0
0.0
0.0
0.0
0.0
0.0
0.0
-4.908967651877498e-08
-5.8777247421634704e-08
-6.047675956276422e-08
-6.195009542872484e-08
-5.208863209311621e-08
-5.217833781757177e-08
-3.340424927563302e-08
0.0
0.00046916306253140674
0.00046916053461395693
0.0
0.0
0.0
0.0
0.0
0.0
0.0005455087991632757
0.0
0.0
8.470236098473314e-09
0.0
0.0
0.0
9.828065649448905e-09
0.0
0.0
9.927865151607325e-09
9.927865141090564e-09
4.0491397463714857e-10
0.0
9.912920868059829e-09
9.912920797422193e-09
0.0
0.0
2.2827086136912587e-08
0.0
0.0
0.0
0.0
0.0
0.0
0.0
0.0
0.0
1.7246780686664322e-09
0.0
0.0
0.0
9.740191589875493e-09
1.6435168373670253e-09
0.0
7.715965460412196e-09
8.957206256760596e-10
2.8228756482020327e-09
2.1223592424763628e-08
0.0
0.0
0.0
8.265197695081637e-09
0.0
0.0
8.468926933433846e-09
6.34614910452979e-10
9.927100770102185e-09
8.46892880452285e-09
1.4783827997097027e-05
-5.0361190390687605e-09
2.2787037668912086e-08
1.7763025652089701e-10
9.461534340611437e-09
1.7763032944998634e-10
0.0
0.0
0.00016832596222190414
9.737271190136639e-09
0.0
0.0
0.0
0.0
0.0
4.905461462007912e-06
0.00010793875634803329
-4.5141942585022465e-08
0.00010256148188417863
9.930314149538602e-09
9.930314153651055e-09
0.0
0.0
0.0
1.5141303858510707e-08
0.0
0.0
0.0
0.0
0.0
0.0
0.0
7.615503044060258e-08
0.0
-4.358490593306454e-07
1.6288017304015036e-09
0.0
3.5962594949181042e-09
0.0
0.0
0.0
0.0
0.0
2.3897601159067824e-07
2.4644604045769693e-08
0.0
5.16096033520251e-07
5.188222416123811e-07
5.095781293792185e-07
5.160960335203565e-07
5.095781293780571e-07
1.8788184008592175e-08
0.0
0.0
0.0
0.0
0.0
7.883467612648796e-09
0.0
1.0903621587683989e-07
4.169880341518719e-08
3.468083164623777e-08
1.5275927069241245e-07
9.802491978773571e-09
0.0
3.4179485997113314e-05
0.0
0.0
3.7444043176395476e-16
0.0
0.0
0.0
7.257941403586787e-08
0.0
0.00010598783922918582
-3.753818949073489e-08
0.0002743423929682335
0.0001683121649386463
0.0033884848875103363
0.0
1.6838004768260362e-08
6.911727930178778e-09
1.6838003684763347e-08
9.92627571173324e-09
9.926275668921636e-09
-1.0169712054529816e-08
-1.016971205359575e-08
0.0
0.0
-1.1652034535966551e-08
4.497470898272698e-05
0.0
1.776302532452926e-10
9.461534337212379e-09
0.00017984845983404218
1.796043796533881e-08
0.0
9.867061834256674e-09
-9.411670833523247e-09
0.0
0.0
0.0
0.0
-1.0073550828138192e-08
-9.937834826757863e-09
0.0
1.9503958517343352e-08
0.0
6.809744382543229e-09
0.0
0.0
3.5906939206917035e-08
0.0
0.0
0.0
9.953530603630089e-09
1.4042099673317043e-07
0.0
0.0
0.0
0.0
6.721873710803667e-10
0.0
6.692940015246043e-10
8.452538114413359e-09
9.646823118103498e-09
0.0
6.55437612748703e-10
4.1900728596478645e-07
2.8791814391346317e-06
2.88885911708487e-06
2.6062004157682793e-05
0.0007513868484654573
0.0
9.741728861592002e-09
4.5258563265159643e-10
0.0
-1.9603319402548662e-08
9.585630243795192e-09
9.874653173381862e-09
9.799115975725432e-09
9.782285293618844e-09
9.799115974922247e-09
5.089277962354414e-10
9.782285293777322e-09
4.924026432251548e-10
5.83103466788098e-10
5.831034719538064e-10
2.239929831719667e-08
9.58563019054594e-09
9.852361658492928e-09
0.0
9.856501285996223e-09
5.652773165661911e-10
-6.4376006747579595e-09
0.0
3.875137653165179e-08
0.0
2.994105436409783e-09
0.0
9.877831252311765e-09
5.862252211359538e-10
2.362629362398498e-09
0.0
0.0005902704245091641
-4.558289856682052e-11
0.0
0.0
9.721620509567149e-09
1.2697835804799752e-15
0.0
3.823737604371825e-05
0.0
0.0
0.0
2.5927947396734195e-05
-9.337369988315913e-09
0.0
0.0
0.0
0.0
4.4955614991777236e-05
1.7609168101679922e-06
0.005901432900997246
1.1384122811097797e-18
0.00012149339253194287
0.00012150315819814202
9.765666199120554e-09
5.326479368304311e-06
9.774407858218879e-05
1.9777244255428e-08
9.902591088431512e-09
9.902588971044679e-09
9.902590407891708e-09
0.00010306901643580534
0.0
0.0
0.0
-9.249995022234289e-09
0.0
5.535055751041742e-11
0.0
0.0002038005260889282
0.0003853113831045702
0.00029681650178792603
0.00041382540939478775
0.005803688822414996
0.00010306901643649759
2.5946296500208343e-05
7.017766266948784e-16
0.0
6.196518973281812e-10
5.652773893096973e-10
2.8888591177175473e-06
8.645923931384476e-05
0.0
0.00017708799055165742
-0.00017398226016099053
0.0
1.975764487022273e-08
0.0
2.3799555389487657e-10
7.66423793253388e-08
0.0
0.0
0.0
-8.64000206299842e-05
0.0
9.929441569744927e-09
0.0
9.820287203850231e-09
9.820287223025363e-09
4.549755951967064e-05
0.0
0.0
-1.9809866032283185e-08
0.0
6.066216554901807e-10
0.0
0.0
5.504795582918051e-10
4.8483860602128e-10
9.77458114020122e-09
0.0
3.850489368143676e-08
0.0
0.0
1.7997196426382198e-07
0.0
-0.004406991829917134
0.004407001471483351
9.64156621619509e-09
0.0
0.0
2.0467917134538302e-07
5.413622161867787e-10
1.679687976967152e-08
5.215925262163358e-07
1.0404693266231671e-07
5.986220345041633e-05
3.503021058360457e-16
0.0
2.6944924513827573e-08
0.0
1.0444760068688914e-10
1.905092996884818e-15
0.0
0.0
0.0
8.457535528231963e-08
0.0
9.966528439334424e-09
0.000282217199609212
0.0
6.343142189347697e-16
0.0
0.0
1.6831284311621927e-08
0.0
0.0
0.0
1.912161959428873e-08
1.0980888290467516e-07
0.0
8.452538033985562e-09
1.1942849377971858e-09
0.0
1.793603622127776e-05
0.0
3.9834896582431844e-08
9.968495870882506e-09
2.437594940672324e-07
2.437594961672565e-07
9.967173236042822e-09
1.7926072480474453e-05
0.0
2.0171888798795874e-08
0.0
0.0
6.374052236446493e-10
0.0
0.0
0.0
0.0
0.0
0.0
0.0
0.0
0.0
1.8926778847732444e-06
9.953621329050257e-08
6.524468305389859e-10
-8.005040614474574e-08
3.9402725477360274e-10
0.0
0.0
-4.5723344990842435e-09
-0.0019242647483649618
-0.002046031438261542
0.0
3.4396459780198795e-08
-3.4396459852806334e-08
9.748806928389087e-09
1.901614677486327e-08
-4.908968211049178e-08
-5.877725302067495e-08
-6.999864784917767e-08
-6.195010103590037e-08
-6.160024583047765e-08
-5.217834344464032e-08
-3.3404254919599895e-08
-1.363787040844491e-09
9.703453820609193e-09
0.0
-9.604249950672869e-09
-9.604249950710138e-09
-9.669572564512138e-09
2.8510674020816872e-08
0.0
9.187181954707156e-09
9.845587614112893e-09
0.0
0.0
0.0
0.0
0.0
0.0
0.0
1.4787983947328606e-13
0.00038552166389098857
3.822938978385919e-05
1.3093626411849783e-09
0.0
0.0
9.676623095363974e-09
0.0
0.0
0.0
5.807271176701311e-17
0.0
1.1055599155552695e-08
4.482644049335282e-09
3.8770063715591335e-10
0.0
0.0
0.0
0.0
9.888113529914905e-09
0.0
0.0
3.877006371193104e-10
-9.058023508231023e-09
0.0
-0.00014886446845713275
0.00013678746184234215
1.2077006614788222e-05
2.7970410276106916e-08
0.0
0.0
0.0
2.3768077492075094e-07
-1.1221417238558434e-08
0.0
3.7586935837457585e-07
3.814463421008513e-08
0.0
0.0
8.839109293426106e-07
9.957370865126478e-09
6.643480362549034e-10
-0.0009901269715636531
1.0582861727626892e-10
0.0
5.0073721403446624e-09
0.0
5.00737232476148e-09
5.007372527696188e-09
0.00017727530175784545
-0.00023695811980097112
0.00023694819806131023
0.0
1.9856904627901507e-06
0.0
-1.5316127628268577e-06
1.483808678814164e-06
9.722590000743571e-09
9.722590000204011e-09
0.0
0.0
4.7900841109418e-09
6.364442303665499e-10
0.0
1.8820066188638614e-07
-1.7441107630760004e-07
4.201940129178183e-09
0.0
0.0
6.632268747452891e-10
0.1125804195708612
0.11258041488793746
0.0
0.0
3.717333439264564e-07
0.0
-9.004766926534775e-09
11.84585787815668
-11.845857858232957
6.742936271933749e-10
-7.368222345459266e-09
0.0
1.81282632285673e-08
-8.743776932891613e-09
-8.743776231943145e-09
1.8128261108789043e-08
9.73727124777898e-09
4.482097067607543e-10
1.0826571295617867e-08
1.0826571301965797e-08
9.799608969692585e-09
-6.364452880369175e-10
0.0
0.0
0.0
0.0
0.0
7.260554438205744e-10
0.0
0.0
0.0
-3.807947996107354e-09
0.0
0.0
0.0
0.0
0.0
1.9246335776491312e-08
0.0
1.0984754546333754e-08
6.449568570274294e-10
9.937628389082194e-09
6.699159412019114e-10
9.963037607559451e-09
0.0
0.0
3.088541782918652e-08
1.050075996009863e-09
-9.630320459087368e-09
-6.003224684814095e-10
4.797659302691005e-07
4.4001599813152505e-10
4.990122661086981e-07
6.0012773260421366e-05
0.0
1.812826463658378e-08
0.0
0.0
-1.9246642816929567e-08
-1.757645733882337e-08
1.0404693453836235e-07
0.0
0.0
4.129587761434857e-09
0.0
0.0
0.0
4.91782602486124e-09
0.0
9.886582341783662e-09
0.0
-5.94857042708102e-10
0.0
0.0
0.0
0.0
7.925271190342336e-09
0.0
0.0
0.0
3.9396427798187025e-09
0.0
0.0
0.0
3.2279768836090156e-10
0.0
0.0
8.283377583513602e-09
0.0
0.0
0.0
0.0
0.0
0.0
0.0
0.0
0.0
0.0
3.861858666130183e-08
5.406212276807458e-10
0.0
0.0
0.0
0.0
0.0
8.01970428755669e-09
0.0
0.0
1.91900447471773e-09
6.915065112584476e-09
6.239878300610064e-09
9.205367514044025e-09
0.0
9.6964780556146e-09
9.839531341441924e-09
0.0
1.085761191270923e-08
0.0
1.3516451194006967e-08
0.0
7.549475218362185e-09
2.3228900499818115e-08
4.112325164165265e-09
1.5146045486209706e-08
3.7499171009712313e-08
2.0762061047721094e-09
1.3579179573506291e-08
4.086833712183924e-09
7.395895498164216e-09
-1.038357907489774e-08
0.0
0.0
3.889883230841385e-06
1.0406107426749491e-06
4.956448574941375e-06
-2.693999944508156e-08
9.93252608904112e-09
9.93252608883938e-09
6.399438225007196e-10
9.835561331252628e-09
1.3142369748824298e-07
0.0
0.0
0.0
0.0
2.0050463681482205e-06
0.0
2.5104445657753086e-08
9.980097439897648e-09
9.964035365758584e-09
9.964035488139309e-09
9.895283078628304e-09
9.895283142435248e-09
9.958276826375873e-09
9.958276890952066e-09
9.930571537868739e-09
0.0
9.930571593610396e-09
0.0
9.794962193052514e-09
0.0
5.779056312604366e-10
3.8227791841243825e-05
1.8630621235203862e-08
8.711362182055637e-09
0.0
9.775684800651739e-09
9.920012542677673e-09
9.9200125458245e-09
9.920012609841164e-09
9.43633713121733e-09
1.5291567414254873e-10
1.9318100122205546e-08
1.9318100121690663e-08
1.9318100121698074e-08
-1.2861932265767484e-10
5.847350936478449e-17
1.384535745920597e-08
0.0
7.802854073353662e-09
0.0
7.802846332189763e-09
0.0
0.0
0.0
2.126771689213409e-09
1.3135917573345984e-08
6.591638102486962e-09
7.809567634895487e-09
0.0003566486779043156
0.0
0.0
0.0
0.0
0.0
0.0
3.3629243238687556e-07
3.264400706652156e-07
9.852361784827682e-09
9.559153989090006e-09
9.559158266285298e-09
0.0
0.0
0.0
0.0
0.0
0.0
0.0
5.0854917636241974e-11
5.085354359835037e-11
2.45008742919484e-09
2.450087601335235e-09
0.0
0.0
7.485187389344409e-16
0.0
0.0
-6.845316886000844e-08
-1.6924080003090716e-10
7.801509672075987e-08
0.0
1.4875934942869652e-05
0.0
9.925334422498403e-09
-9.411456380712845e-09
0.0
8.744325305190082e-09
1.3129873052226768e-08
0.0
0.0
2.605974642315404e-09
0.0
0.0
0.0
4.977663355306863e-08
2.995918408319589e-08
0.0
6.951398090528331e-09
0.0
8.992006912295222e-09
0.0
0.0
7.809560458172792e-09
1.708132169925752e-08
0.0
9.695743469364084e-08
0.0
0.0
-9.274082107076757e-09
0.0
1.261626046470344e-07
1.3141994811145087e-07
0.0
9.835561258968447e-09
5.447141945628679e-10
0.0
0.0
-1.3486876132768385e-11
0.0
0.0
0.0
0.0
0.0
-2.6555157414169203e-12
0.0
0.0
0.0
0.0
-0.00017475103204144275
0.0
0.0
7.802863031963738e-09
0.0
0.0
0.0
0.0
0.0
0.0
4.497562644242836e-05
4.497562644024955e-05
0.0
1.8857088388580626e-08
4.1845599118458857e-16
-1.5318221110599666e-08
-1.538114692390546e-08
0.0
0.0
0.0
0.0
0.0
0.0
0.0
0.0033883188356872863
0.0
0.0
2.184528113904128e-09
0.0
0.0
0.0
0.0
2.1934658007527598e-09
0.0
0.0013116865508380287
0.0
0.029580939163485
4.9564018042863334e-06
6.7961714267123695e-09
0.0
8.941744005684432e-05
0.0
-5.255258399696329e-08
-2.0170830860284455e-08
0.0
5.84340685922527e-09
-6.93804181803702e-09
0.0
-1.1600619784966248e-06
-1.1391613783344295e-06
0.0
0.0
5.548415962181342e-08
-6.298541096375354e-12
5.4956185072917416e-08
0.0
0.0
9.460938817584859e-09
0.0
0.0
9.89424570499964e-09
5.995235405203462e-10
0.0
-6.106365341349142e-10
0.0
0.0
2.9799752276904456e-08
5.085594837345671e-10
0.0
0.0
0.0
0.0
2.9488775964480502e-08
6.350127979542337e-10
0.0
0.0
1.023197770863354e-05
1.0231977708633396e-05
4.3235674540556905e-10
9.72112238991664e-09
0.0
0.0
9.959677237954558e-09
1.0100437218988193e-07
9.95622943452552e-09
0.0
9.977214943313542e-09
9.957442035610729e-09
0.0
5.835236442411916e-08
4.922776558371887e-08
9.92676262434318e-09
6.447409016087447e-08
9.904699791093624e-09
0.0
9.926748847969775e-09
1.6049629553955647e-05
9.97611416558405e-09
0.0
9.976369406923477e-09
1.830779918437599e-06
9.967822535073791e-09
0.0
9.9665277337479e-09
0.0
0.0
0.0
0.0
0.0
7.176939159664058e-10
4.838559510790818e-09
0.0
0.0
0.0
0.0
0.0
0.0
0.0
0.0
0.0
0.0
0.0
0.0
0.0
0.0
0.0
0.0
2.6536874575196455e-11
2.653595260739259e-11
5.3067110569228655e-12
1.2382644883633876e-11
1.9459099690672796e-11
7.076024198985908e-12
3.5379876913148806e-11
2.1228070952114868e-11
1.4151924008395602e-11
2.830397307430884e-11
0.0
0.001928887760663578
0.0019287642935080704
0.0
1.9442854044708415e-10
-5.453215281055647e-10
9.814862720370006e-09
9.858362172490083e-09
0.0
0.0
1.6095525579615588e-08
0.0
0.0
0.0
0.0
0.0
0.0
1.8128263932545343e-08
0.0
8.513452444003069e-09
0.0
0.0
9.787380495926927e-09
0.0
0.0
0.0
4.5186766989334616e-09
0.0
0.0
0.0
2.9316673568965943e-08
0.0
6.728115847841532e-10
0.0
-6.062365053775775e-11
9.910462180073853e-09
3.5332944981776154e-08
0.0
1.909470529989055e-08
1.9094710902412676e-08
2.903412360906344e-06
0.0
2.261154571743682e-09
0.0
0.0
0.0
2.3966646888828413e-08
0.0
1.8813336007502557e-08
1.909468844764903e-08
5.24339579673144e-10
1.9094694088381974e-08
1.9094688479732525e-08
0.0
0.0
1.69732976064709e-08
8.907472791369117e-10
1.884939672588978e-09
0.0
0.0
5.207089492255427e-10
0.0
8.801673576253552e-10
0.0
0.0
0.0
5.4791813699878925e-05
2.0930125385921948e-08
6.678605148676129e-09
2.374466787614458e-08
0.0
0.0
0.0
0.0009881014434879772
1.6926167347165423e-08
0.0
2.4692429282844213e-09
0.0
0.0
5.306390721403831e-08
0.0
0.0
0.0
0.0
0.0
9.279876457176236e-09
0.0
2.469541302897206e-09
0.0
0.0
1.4825649143611128e-05
9.856501428933946e-09
0.0
0.00012337405163287909
0.0
0.0
4.092305724649266e-08
0.0
4.934250631950456e-09
3.224976719003426e-08
0.0
8.748108844533394e-09
4.480121201117677e-05
-0.00016186836121034887
-0.0005902704245093049
0.0007513868484655339
7.19389119464258e-17
-0.0005455175300080883
1.1210221865927822e-07
2.0447183830903918e-08
6.260071252161512e-09
0.0
0.0
0.0
0.0
1.264847319305767e-08
0.0
2.04471844810614e-08
2.8250058947249803e-10
6.2600720092761515e-09
3.418266515920787e-08
0.0
4.978343260246907e-11
0.0
1.4734107968950323e-08
0.0
1.2325055695289803e-08
0.0
0.0
1.2648474564461278e-08
1.1266318572829458e-08
6.542570846232955e-09
2.457218041551301e-08
0.0
5.107072135138089e-09
2.9844822736554526e-09
5.951000005195973e-09
0.0
0.0
0.0
0.0
0.0
0.0
8.744325704143005e-09
-2.952015126095331e-08
-4.58838660302085e-07
0.0
0.0
0.0
0.0
0.0
3.861858651300846e-08
5.406209225457638e-10
0.0
0.0
6.112431424777897e-08
0.0
1.657395961456821e-09
0.0
0.0
6.01359492486995e-09
6.11553568144242e-09
1.2191001234493339e-08
5.0479440045560664e-08
7.240735349580356e-09
0.0
3.370802194154892e-08
1.4491735915670181e-08
0.0
0.0
0.0
7.92527124454471e-09
0.0
0.0
0.0
3.939642345180294e-09
0.0
0.0
0.0
3.227971926380097e-10
0.0
0.0
8.283377246931243e-09
0.0
0.0
0.0
0.0
0.0
0.0
-3.823737604618803e-05
0.0
0.0
1.619927195161591e-07
0.0
9.680461995564371e-09
3.924425597362378e-10
0.0
-3.42206035651569e-05
0.0
1.0748723766332932e-07
0.0
-7.69181651705253e-09
6.13324553618638e-10
-6.13324555687471e-10
9.857153818941256e-09
9.857153817358424e-09
0.0
3.613970175288606e-09
0.0
2.403035119664524e-06
0.0006589941278745175
0.0
7.3878859616779065e-09
-0.00014949160360758072
-4.847110841656491e-05
1.8033050459668977e-05
0.0
0.0
0.0
0.0
8.682368499527294e-09
9.445724143353145e-09
1.6212265993566023e-10
1.6212265961536232e-10
5.912388518420785e-05
9.267339845517053e-09
0.0
-9.624649461068653e-09
0.0
4.790082429066514e-09
0.0
1.6077587834212025e-10
0.0
0.0
0.0
1.4489995937582167e-08
9.925260752212927e-09
6.328089892121326e-10
3.4740666759995264e-16
0.0
-1.9096558071590232e-08
4.772284497861972e-08
9.948144107800874e-09
-3.052938458836252e-05
6.911727887438496e-09
6.91172784912826e-09
-6.034216658947615e-10
0.0
0.0
0.0
0.0
0.0
0.0
0.0
4.480121201124646e-05
5.161461487170486e-10
4.4801212010614394e-05
9.806466900084508e-09
0.0
0.0
0.0
0.0
0.0
0.0
0.0
0.0
0.0009140874750173111
9.926566285100147e-09
0.0
-2.4147194507937074e-08
8.399769036504332e-08
5.304133204277564e-08
0.0
6.74301893719823e-10
-1.5472549637400464e-05
1.6079045185184848e-05
1.9301762593707948e-08
1.840209404254927e-06
-2.537208442880543e-07
5.616455136130787e-10
-6.93694228947149e-09
0.0001294348958669386
8.766392846996886e-07
-7.2717492516838e-09
0.0
0.0
0.0
4.8584056777656315e-09
4.858451225981241e-09
0.0
-6.089156782962402e-11
0.0
0.00040313436672115066
1.0241726116453774e-07
0.0
0.0
7.731519437691181e-09
3.4035626080476764e-09
0.0
5.440937294893394e-11
5.440937299594427e-11
5.440937300314405e-11
0.0
3.285971310270065e-05
3.2859713102559605e-05
0.0
8.13818511129646e-09
0.0
0.0
0.0
0.0
3.8501477238389786e-07
9.605382435020852e-09
3.017939910255585e-08
9.703431564971774e-09
6.539557349384465e-08
7.492274774047366e-08
0.0
1.8857088451230634e-08
1.7590852692909136e-08
1.689331131891427e-10
-8.48297373894812e-09
0.0
-8.482973739851508e-09
0.0
0.0
0.0
1.606821671826573e-05
6.965971139946217e-09
1.8267171618543063e-06
0.0
6.001703235337447e-08
1.5203374892336412e-08
0.0
0.0
0.0
0.0
0.0
0.00017640676165252476
-0.00010581033912824417
0.0
0.0
4.925207534893543e-09
4.874129409491002e-09
0.0
4.874129633680321e-09
4.874129851766711e-09
0.0
0.0
1.418994696392507e-08
0.0
6.08945390247767e-10
9.900965620066642e-09
9.900965618184665e-09
9.933760321169858e-09
0.0
5.820952143925528e-10
2.3269303677365014e-16
5.788274194226293e-15
2.034959537858145e-15
1.5895940841196936e-16
1.6028068591738482e-16
0.0
0.0
0.0
0.0
-9.911884347843416e-09
-1.0378335965471589e-08
0.0
0.0
3.499249155199762e-16
4.662722247074534e-16
-4.7375366252211393e-07
5.1259145705399e-07
9.909708539759636e-09
8.46892506074116e-09
0.0
0.0
0.0
0.0
0.0
-9.778328920878598e-09
0.0
0.0
0.0
0.0
0.0
3.876041497508874e-09
6.938893903907228e-16
0.0
5.576585884422332e-10
3.3958776301613095e-08
2.406859102033345e-08
0.0
2.244241017519961e-16
2.244241012522891e-16
4.477935997513751e-09
0.0
9.765476195362235e-09
0.0
0.0
0.0
2.6377941076297147e-07
0.00017690882144900133
0.0
0.0
0.0
1.5753434953833668e-06
6.203792740643839e-09
1.581143004084431e-06
9.871229653775002e-09
0.00373632411151619
0.0
0.0
-0.000659365253947327
5.122425435980065e-10
0.0
9.802491908936191e-09
0.0
-3.265534767488403e-10
0.0
0.0
-8.480783493147097e-09
-3.3615151163383754e-09
8.823247793301146e-05
0.0
2.3395449338694514e-10
-7.527662381741571e-11
-9.357168937955922e-09
9.518951107901406e-09
0.0
0.0
-9.812070116046318e-09
0.0
1.2024420826475733e-08
0.0
0.0
0.0
0.0
0.0
0.0
1.2650572213027398e-09
8.702112451172415e-09
9.856503169203279e-09
0.0
0.0
7.257941294752753e-08
0.0
0.23553847035196154
-0.23553845054077446
9.884438259479423e-09
9.780926202678551e-09
4.910206658134374e-10
4.1728531329093765e-07
3.553815630309777e-08
0.0
0.0
6.340905534574092e-10
0.0
3.5027888298739302e-16
1.2127643639099554e-08
7.813191627033393e-08
9.523056587745771e-08
0.0
9.93078501668811e-09
1.0431553936541094e-08
-1.0431553938016505e-08
0.0
8.820796402169745e-05
8.823480501115634e-05
3.1590244274278147e-09
0.0
0.0
0.0
0.0
0.0
0.0
1.1304294030922472e-09
0.0
9.780974724547688e-09
1.201986513800416e-08
0.0
2.6226300839043745e-08
0.0
1.0872675814581563e-08
7.944764068473948e-08
0.0
5.090939841945987e-08
0.0
0.0
1.9729831005211805e-08
9.892404857184296e-09
-1.995096532943284e-08
0.0
0.0
1.4725122464497645e-08
0.0
0.0
-1.2276744369628286e-09
-0.0001488543889962557
0.0
-5.5765867648792e-10
0.0
9.762469153819177e-09
1.5102221330356297e-07
1.5102221330354158e-07
5.603313666033121e-15
0.0
0.0
0.0
0.0
0.0
-9.789713703131104e-09
5.541613955911684e-10
0.0
-1.1949881972839194e-08
-2.160168048850178e-09
0.0
0.0
0.0
9.86281795637661e-09
9.692973918995107e-09
9.692974425380176e-09
0.0
-7.424989658026904e-09
-7.255343482145786e-09
6.678610288265475e-09
0.0
6.685637775415291e-09
0.0
0.0
6.678610680737091e-09
6.523107470352191e-09
0.0
0.0
0.0
9.862817883362837e-09
-2.2378073198705e-08
2.122678345660973e-11
9.726122331571595e-09
4.3726490628474966e-10
0.0
0.0
4.070113730445339e-10
9.785287531112121e-09
4.953502534949406e-10
0.0
9.695302352819147e-09
2.2399298325653447e-08
0.0
6.6786074097112985e-09
0.0
0.0
0.0
1.831727973488251e-08
0.0
0.0
-2.418098417450421e-08
3.0352804543304137e-10
0.0
0.0
0.0
0.0
0.0
0.0
0.0
0.0
-1.8325570039223749e-07
-1.8192098375866658e-07
3.5332944709184494e-08
-1.5785573368914744e-08
-1.578557337702991e-08
2.4764724241955625e-07
0.0
9.322879245294325e-11
0.08607264300703629
-0.08607255506402284
9.82606574703001e-09
0.0
1.8235436995703638e-08
0.0
0.0
1.4592245770387018e-08
9.893928755716548e-09
0.0
5.602454321705251e-15
2.0574016596427355e-08
2.4764724248373673e-07
0.00015702556711500847
6.223523521215157e-10
-0.00015701565249903173
9.95967723560736e-09
7.508062411289221e-10
2.6849756449165092e-08
1.0510302789445637e-08
9.947221454517652e-09
0.0
0.0
5.81672014459882e-09
1.9847961081480468e-08
9.915434992237636e-09
6.231567148414726e-10
3.235374014638744e-09
2.581346129629046e-09
5.8167201442231305e-09
0.0
1.654095325814712e-08
1.663881820952454e-08
0.0
-6.648460045168133e-12
