0
0.0
0.0
0.0
0.0
1.699335637076833e-08
2.251348180214753e-07
0.0
0.0
0.0
0.0
0.0
0.0
0.0
0.0
0.0
0.0
0.0
9.89451469309342e-09
0.0
8.578599670548615e-09
0.0
0.0
0.0
0.0
2.0566227110477806e-07
0.0
0.0
0.0
9.849498698444789e-09
0.0
0.0
0.0
0.0
0.0
0.0
1.8165499038953223e-08
0.0
0.0
1.981044332693013e-08
0.0
0.0
0.0
0.0
0.0
0.0
1.1306311254275616e-10
0.0
0.0
0.0
0.0
0.0
0.0
0.0
0.0
0.0
0.0
0.0
1.990998116327732e-09
0.0
0.0
0.0
0.0
3.2295073878268233e-18
0.0
7.983675791810467e-09
0.0
0.0
0.0
0.0
0.0
0.0
0.0
0.0
0.0
7.317824503983606e-12
9.971378579550158e-09
0.0
0.0
0.0
0.0
0.0
1.0155514103271646e-10
7.470540377219572e-24
0.0
0.0006177533634325089
4.899282642278284e-13
1.3081346530495684e-08
0.0
9.870837803932116e-09
0.0
0.0
9.805170947868681e-09
0.0
0.0
8.845680872070436e-09
0.0
0.0
0.0
0.0
0.0
0.0
0.0
0.0
0.0
0.0
0.0
0.0
0.0
0.0
0.0
0.0
7.06759323742818e-10
0.0
0.0
7.369895842221703e-24
0.0
0.0
0.0
0.0
0.0
0.0
0.0
0.0
0.0
0.0
0.0
3.087977155915786e-07
-3.1627083781315145e-07
0.0
9.736185295371891e-09
9.819464984402315e-09
0.0
0.0
9.68795886497373e-09
0.0
0.0
7.037138536477448e-09
0.00030481275737821153
0.0
0.0
0.0
0.0
0.0
0.0
0.0
0.0
0.0
0.0
0.0
0.0
0.0
0.0
0.0
0.0
0.0
5.986539024005068e-09
0.0
0.0
0.0
0.0
0.0
2.586516873946008e-16
0.0
-0.00015119829095605334
0.0
0.0
3.213515104530152e-09
0.0
0.0
0.0
0.0
0.0
1.9495815028206252e-08
6.490208308302107e-09
0.0
0.0
0.0
3.4654479448831474e-08
0.0
0.0
0.0
0.0
8.37103185485835e-09
0.0
0.00030266935441694435
3.9339054995684586e-08
0.0006102845313657988
2.8416576795828743e-08
9.094742034303605e-08
0.0
0.0
0.0
0.0
0.0
0.0
0.0
0.0
0.0
0.0
0.0
0.0
1.2953843039851714e-09
1.9913383522880976e-08
0.0
0.0
0.0
1.525749744033294e-08
0.0
0.0
0.0
1.889372966774304e-09
1.0142842349464123e-08
0.0
1.7949139905793486e-10
3.416525318152039e-08
7.2453873519494065e-09
0.0
0.0
0.0
0.0
0.0
0.0
0.0
0.0
0.0
0.0
0.0
0.0
4.2805223617056235e-19
3.0504973279275363e-09
3.707814978559021e-11
6.306517275245499e-11
1.6925523545099734e-10
0.0
0.0
9.801581867024403e-09
0.0
0.0
2.6620795624084593e-12
9.53655765885754e-09
0.0
-1.81603863891322e-18
5.7546355743963626e-11
2.6393314234895906e-06
6.299078202402428e-12
0.0
0.0
0.0
0.0
0.0
0.0
-0.0007704116200351863
7.080317363982862e-24
0.0
0.0
0.0
0.0
0.0
0.0
0.0
0.0
0.0
6.082310077884512e-07
0.0
0.0
0.0
0.0
0.0
0.0
0.0
0.0
0.0
0.0
0.0
9.81617215752918e-09
0.0
0.0
0.0
0.0
0.0
0.0
0.0
0.0
9.797109682871917e-09
0.0
0.0
8.864218430987296e-11
-6.009668382467951e-10
6.6780635510397e-17
2.691647965540013e-10
-2.700662804500098e-09
0.0
0.0
0.0
5.7245100255505885e-09
0.0
0.0
9.801783284528283e-09
2.691647965540008e-10
0.0
0.0
0.0
1.0471563891824126e-08
0.0
9.739324133628228e-09
0.0
0.0
0.0
0.0
0.0
0.0
0.0
0.0
0.0
3.1730164868131624e-08
0.0
0.0
0.0
0.0
0.0
0.0
0.0
0.0
1.385154961549623e-09
0.0
1.4297876056674248e-08
0.0
0.0
0.0
0.0
0.0
0.0
5.846814030316115e-10
0.0
0.0
0.0
0.0
0.0
0.0
9.858027530329022e-09
9.858027527936247e-09
9.822402262859783e-09
6.256985262282205e-10
1.9916387962492662e-08
9.993238640573387e-09
9.993830107706773e-09
7.875781721698903e-10
7.927288858226986e-10
9.986840787033816e-09
9.961326729459962e-09
9.961326613832505e-09
9.986840908934572e-09
9.987906070315652e-09
9.993830406546518e-09
9.993170640907198e-09
-6.96220624792914e-10
0.0
0.0
3.738166994418498e-08
0.0
2.991630682303665e-09
1.2332160294744793e-08
0.0
1.4885096822605988e-08
4.456828465464909e-08
0.0
5.223710151248562e-08
1.249091652273777e-08
0.0
0.0
0.0
2.3558746219859602e-08
0.0
3.6842798752837136e-08
0.0
0.0
0.0
3.566354065498296e-08
0.0
0.0
0.0
0.0
0.0
7.205717731833538e-09
0.0
0.0
0.0
0.0
7.387107267726718e-09
0.0
1.1114972641158354e-09
1.3373533760164576e-08
0.0
0.0
0.0
3.9470089439573236e-10
-8.5785996706343e-09
2.0566227111267201e-07
7.930094771203479e-10
7.878194937989377e-10
9.993127977024618e-09
0.0
0.0
0.0
9.606890547945247e-09
0.0
1.6497731597094697e-08
0.0
0.0
0.0
0.0
0.0
0.0
9.984287788930405e-09
9.981735322909953e-09
-1.9610154203628302e-07
2.0566227110840482e-07
0.0
1.997097891992277e-08
1.9976058795875415e-08
1.998728787550166e-08
1.9986298877211305e-08
-7.060171845947928e-10
-9.870221973073967e-09
0.0
-9.940540604200243e-09
0.0
7.201563130220525e-09
0.0
0.0
0.0
-9.785880632304927e-09
-9.785170705477316e-09
-5.886001323459941e-10
0.0
0.0
0.0
0.0
0.0
1.649737575113223e-08
0.0
0.0
0.0
0.0
0.0
1.9975495865759305e-08
0.0
7.881868539655784e-10
7.838916606056935e-10
8.578599670728925e-09
-9.849498698449052e-09
0.0
1.3619380639259436e-08
0.0
9.878441277244878e-09
7.918188349418797e-10
4.649576145106249e-09
0.0
0.0
0.0
9.907773606534706e-09
0.0
-9.983263382640217e-09
3.3117570192818105e-08
7.37730377448391e-08
8.467880241220675e-09
2.2669229518532212e-08
0.0
1.6885702678898456e-08
6.484269385830941e-08
0.0
2.0988736076832912e-09
8.65965476908233e-08
0.0
1.9916388014702936e-08
0.0
5.589879267143521e-18
0.00022588444125330249
0.0
7.107871257261656e-07
7.779102313958853e-10
9.924206222118917e-09
-1.9480263831953538e-07
-1.7464249069121252e-07
-1.5514264788836156e-07
-1.5477450445366622e-07
-1.2589990631615368e-07
-1.1539742333447072e-07
-8.20797891401762e-08
1.0195954929916669e-08
7.252625461736123e-10
9.924206411792303e-09
2.4488629439059495e-06
7.146517534466415e-10
7.146517534943553e-10
4.388278642854281e-15
0.0
1.6211405843015753e-08
0.007553884707851032
1.9810443326930417e-08
6.29645853349688e-10
-1.981044332693109e-08
1.9962156341078658e-08
9.972329670425526e-09
3.250706240124883e-08
0.0
2.992762062841553e-08
7.656223566896434e-10
0.0
0.0
0.0
7.363148788312756e-08
0.0
3.250088103450193e-08
0.0
9.974905084599447e-09
7.748584838919884e-10
9.98304010470072e-09
9.983039966629051e-09
9.980521544514422e-09
9.980521279220889e-09
9.980521809953934e-09
1.84881755784317e-07
1.7464248935894489e-07
1.646881923043523e-07
1.4523338124294058e-07
1.2589990453890177e-07
9.561061416941933e-08
6.190863506181591e-08
7.194272182435742e-09
-1.369378900662561e-07
0.0
1.1305977968367684e-10
0.0
1.5101218237186387e-12
0.0003081986840912654
0.0003081986825812175
6.910960422670032e-10
0.0
7.24127744084848e-09
5.901082337230507e-08
4.792798229800518e-08
3.845024404603176e-09
1.676648955356246e-08
0.0
1.771511487596707e-13
0.0
9.922231127435649e-09
0.0
-7.19449790350702e-09
0.0
-8.853700027091922e-09
0.0
0.0
0.0
1.3324535215864525e-07
9.991067113392094e-09
9.991066772681561e-09
4.004303933768938e-06
-8.661293657019766e-08
0.0
0.0
0.0
1.3977621026489832e-09
0.0
9.02529696182229e-07
-8.529158378938966e-07
7.928330498097216e-10
0.0
0.0
9.982564086033993e-09
9.985001965185328e-09
0.0
4.506950964907544e-07
0.0
0.0
0.0
0.0
1.248802113576715e-07
1.0282864528050384e-09
0.0
0.0
0.0
0.0
0.0
0.0
0.0
4.166599989585946e-08
3.939406025880111e-08
0.0
0.0
1.3851548131339938e-09
0.0
9.987885770182392e-09
4.2090029485683234e-08
7.445132899549977e-09
2.797920151007172e-08
0.0
4.4766135540020266e-09
6.497619659748973e-09
0.0
7.955240015344867e-09
0.0
1.6991840521589286e-08
-5.128903340384646e-10
1.8097989206547307e-10
-1.8098277347264324e-10
8.148832969316002e-05
7.589481923024187e-10
9.95864176940673e-09
0.0
9.115671134498e-09
-6.5607495120228315e-09
7.83978245621547e-10
2.085822034948552e-08
-5.0630811767497005e-08
0.0
0.0
0.0
7.859187359077954e-18
0.0
0.0
-1.335290901183228e-07
1.6129060923319407e-07
9.949463707884139e-09
9.708768899940878e-09
9.920309972007981e-09
1.0648789937256833e-08
0.0
0.0
9.9498335127876e-09
9.920002980832374e-09
0.0
-1.990997463034369e-09
2.587185824032482e-07
2.5871858218508736e-07
9.98015195485813e-09
7.799917656766638e-10
0.0
0.0
0.0
0.0
2.247714577378162e-09
0.0
0.0
1.9673176976343118e-08
3.698911209493103e-08
0.0
4.641952398314454e-08
0.0
0.0
4.99922471896739e-08
2.9444641301740206e-08
1.99554274181446e-08
9.980522069438007e-09
-7.214539938324479e-10
1.0659205235374688e-11
0.0
0.0
3.005762064415297e-08
9.986700159882385e-09
9.99392552023895e-09
7.924964615322859e-10
2.251784078291299e-08
0.0
0.0
8.65965474547477e-08
0.0
0.0
0.0
5.397763320591012e-16
0.0
0.0
1.6717034554326463e-08
3.788665821329766e-08
9.106007134630475e-09
1.3623864553299207e-08
1.567069593271078e-08
2.2762681704825155e-09
4.871830704350866e-10
0.0
2.1124165756517512e-08
3.882197589900386e-08
0.0
1.095794384417025e-09
0.0
-1.143020140342843e-16
0.0
9.908583249454177e-09
1.7439925256764258e-07
0.0
0.0
3.113091909423819e-07
3.1929286673876945e-07
3.113091909545021e-07
3.113091909467354e-07
3.1130919094643224e-07
0.0
0.0
1.9519872839436277e-09
0.0
0.0
9.90858332969996e-09
0.0
0.0
0.0
-2.1091697277597632e-08
-7.497465063343984e-10
0.0
0.0
3.134297967841818e-08
0.0
9.988311300561555e-09
3.019184000617905e-08
9.957592169525554e-09
9.957592196611616e-09
9.957592233406087e-09
4.999578383114306e-09
0.0
0.0
0.0
0.0
1.575579406146716e-08
0.0
7.695662272478478e-10
0.0
0.0
0.0
0.0
-3.960934286811879e-08
0.0
0.0
1.930185218444687e-08
0.0
1.1554268376536413e-07
0.0
0.0
0.0
0.0
0.0
0.0
3.582919600127242e-08
9.960600351357866e-09
0.0
1.4473073325348783e-08
-3.4968887693401924e-08
0.0
0.0
0.0
0.0011288956517979294
1.0401328103251452e-09
0.0
0.0
2.6452700286561496e-08
0.0
0.0
0.0
0.0
9.223960053736309e-09
0.0
9.9220896355252e-09
9.922386972160253e-09
0.0
1.9796251564028742e-08
9.920003067028792e-09
9.920003115389958e-09
9.876248614659121e-09
6.783557418492131e-10
0.0
0.0
0.0
0.0
-1.0155514176455292e-10
0.0
0.0
9.649255036485449e-09
-7.317659146818464e-12
0.0
0.0
0.0
0.0
-7.749901873355146e-10
2.056622710585037e-07
-2.2559478367478378e-07
0.0
0.0
0.0
0.0001649763733085501
0.0
0.000164966568787586
4.022133640322689e-06
0.0
0.0
0.0
0.0
3.6852023775060434e-08
0.0
0.0
0.0
2.5244956055246657e-09
3.018806633940349e-12
3.0188011385491092e-12
3.0185919010527734e-12
3.018588258954462e-12
3.0057620331240825e-08
9.974946279991265e-09
0.0
3.792453494554542e-08
9.533785008550505e-09
1.949581501821774e-08
0.0
0.0
5.8085130469133936e-11
9.989219203330318e-09
9.989218804234458e-09
1.936910079967888e-17
0.0
4.216677819236713e-08
5.212889514246954e-08
9.962116932570693e-09
0.0
0.0
0.0
0.0
0.0
2.1239827476025245e-09
0.0
0.0
-9.83123717331058e-09
-9.680572491082944e-09
-1.4170277451430735e-09
-9.97469561461739e-09
2.101083197291083e-09
-9.554066413767874e-09
-4.089201894261081e-10
0.0
0.0
0.0
9.987326204360979e-09
-9.382881263999329e-09
0.0
-0.0006177631692657523
-0.0006177888775078071
0.0
9.410894053152698e-08
-4.899282642278284e-13
8.446056385740252e-08
0.0
0.0
0.0
3.027139272918387e-09
0.0
0.0
6.8076268703509375e-09
0.0
0.0
0.0
7.185274477825977e-10
0.0
0.0
0.0
0.0
6.184377542498724e-09
2.220446049250313e-16
0.0
9.805170694474064e-09
1.967805474123452e-08
0.0
0.0
0.0
0.00038660797409775284
-9.805170947852111e-09
0.0
-0.000386588500996314
2.5925155387040373e-16
0.00038660808994453634
6.088484433994044e-10
0.0003081589140575496
0.0
9.975967007491519e-09
9.975966812099792e-09
1.9678054174424624e-08
0.0
0.0
1.0275232239121291e-08
1.0842955055524939e-08
0.0
0.0
2.2079630363811355e-09
0.0
0.0
-8.8456808720682e-09
0.0
9.837759494163385e-09
1.8669611637905925e-08
3.4244947267223324e-17
2.691647952311593e-10
0.0
9.921466594722096e-09
9.921466522441246e-09
7.225825087356955e-10
9.931132479634883e-09
7.154937948240248e-08
9.931132370323814e-09
7.320373637945724e-10
0.0
6.675338050043368e-17
0.0
0.0
0.0
9.499413580826138e-09
7.420052311411502e-10
9.38542283084522e-09
0.0
0.0
0.0015387219822255045
6.588960096071562e-08
0.0
0.0
0.0007711815321427202
-0.0007711415824782994
9.98627906301057e-09
4.018013062701692e-06
-8.515205277004334e-10
9.899120773505286e-09
9.899120775153612e-09
0.0
0.0
-5.283952034319025e-07
1.998766642973809e-08
9.993627259063942e-09
0.0
0.0
0.0
4.139996989150369e-06
0.0
2.2272958473165892e-08
0.0
0.0
9.962854381762032e-09
9.994040612450021e-09
9.961326845107935e-09
6.75599948136429e-10
-9.950576416875925e-09
0.0
6.816792472358525e-09
4.070702842089494e-06
0.0
0.0
0.0
0.0
1.8728533199099765e-08
0.0
0.0
0.0
0.0
9.989219611285064e-09
9.977721779290513e-09
7.876261128674627e-10
0.0
1.1549864240564197e-08
1.997544699012077e-08
9.987491755442801e-09
9.980146310344948e-09
0.0
9.93528029280804e-09
7.360949455775149e-10
5.583410474758819e-08
0.0
-5.9865374879564115e-09
-1.1934720005582368e-06
7.928790053983437e-10
1.998658468510648e-08
7.928168562525123e-10
1.9975495320013667e-08
0.0
0.0
0.0
7.495459338583712e-09
7.49545961357804e-09
0.0
0.0
0.0
3.1521190406546e-17
9.984287840105077e-09
0.0
0.0
-7.838182649352886e-10
0.0
0.0
1.829750351952246e-11
1.831580681667241e-11
1.8307094711140342e-11
0.0
-3.338410955013374e-16
9.698433335013503e-09
0.0
0.0
9.956835904378902e-09
9.98574672980828e-09
0.0
0.0
1.699335629527373e-08
0.0
0.0
-2.5118253831057924e-16
0.0
0.0
9.992703553507454e-09
1.9985128883432647e-08
7.919994880362238e-10
0.0
1.84138999641321e-08
0.0
2.53504834852013e-10
1.2614477157142695e-09
1.670419952243891e-11
0.0
0.0
9.846652616983337e-09
1.0492045373058996e-08
0.0
-1.5178830414797062e-18
0.0
0.0
0.0
0.0
0.0
-9.382875974786793e-09
0.0
0.0
0.0
2.204381903770505e-06
0.0
8.287796329215759e-09
0.0
9.994949907568059e-09
0.0
-1.1626389770491295e-06
9.919705518016476e-09
9.919705458706577e-09
4.5304728634130315e-09
-9.526296295945447e-10
7.689182956120769e-10
7.851731593805041e-10
0.0
0.0
2.74441086300925e-07
1.9969499244366112e-08
7.838069484975404e-10
2.3295246536317191e-07
2.5252425469089413e-09
0.0
0.0
-2.587351577779118e-09
0.0
2.038514399424102e-09
0.0
0.0
0.0
4.084212536325124e-10
0.0
1.7876875579679132e-08
0.0
0.0
0.0
2.5884582953406474e-08
0.0
0.0
0.0
6.318495076322242e-09
9.240335883268687e-10
0.0
3.389964452682671e-11
0.0
0.0
0.0
0.0
0.0
0.0
0.0
0.0
0.0
0.0
0.0
-1.9443874066382705e-07
-1.650928367225749e-07
-1.5514264702896815e-07
-1.5477450345790784e-07
-1.258999051466807e-07
-1.058783936426221e-07
-8.207978758245551e-08
-1.0195953254698952e-08
0.00015106909635493172
0.00015101326225016426
0.0
0.0
0.0
0.0
0.0
0.0
0.00014797673165129963
0.0
6.192172935751994e-09
0.0
0.0
8.61854528583829e-08
3.0522398441482956e-10
7.319216964546952e-10
9.872334314106447e-09
6.745275336133544e-10
7.21451305441103e-10
9.920309979732922e-09
-2.591500420180617e-09
0.0
9.957789680721791e-09
7.581142185832553e-10
0.0
0.0
4.076185201294315e-08
0.0
0.0
3.1241464860127253e-08
0.0
0.0
0.0
0.0
0.0
0.0
0.0
0.0
0.0
3.4040688161143034e-06
5.867983513925933e-11
9.977722153179069e-09
1.0503635383578581e-08
1.314365018586656e-08
4.2352335142423884e-10
4.182911752318941e-08
1.0284109406610609e-08
0.0
0.0
3.417638201128981e-06
9.972367191458523e-09
0.0
0.0
0.0
9.54662655438393e-09
9.546626547987137e-09
0.0
-3.80049823947842e-07
-9.829985381237805e-09
4.912240410362096e-05
9.87177706246456e-09
9.87177709088553e-09
6.739825794428611e-10
0.0
0.0
0.0
2.353599124731884e-09
0.0
9.872334304696609e-09
9.920003019198925e-09
0.0
0.0
0.0
2.755219313282413e-07
-3.0879771559244595e-07
0.0
9.982429932309075e-09
9.982429913202368e-09
0.0
0.0
0.0
1.673324470317481e-08
0.0
0.0
0.0
0.0
0.0
3.908808959409273e-09
0.0
7.819845355847257e-07
0.0
0.0
0.0
0.0
1.2102793896562186e-08
4.755645529662961e-09
4.755645527533854e-09
4.7556455353712654e-09
0.0
4.7556455456710214e-09
1.969562811475386e-08
0.0
0.0
0.0
0.0
0.0
0.0
0.0
0.0
1.7679045568368505e-08
0.0
1.479750105862329e-08
1.4797501055458284e-08
1.4797501058238165e-08
7.760362522522147e-09
1.4797501064516934e-08
0.0
7.897624663070292e-07
4.483478983432011e-11
1.5796146027468566e-06
9.975203684229125e-09
0.0
7.448112926856566e-08
0.0
0.0
0.0
0.0
0.0
0.0
0.0
0.0
0.0
-0.00030481275737770375
0.0003047848136228926
1.7710926734468118e-05
6.680380585856385e-06
0.0
1.9907760394455407e-08
7.541340524131887e-10
1.9907760608278286e-08
9.954040096854026e-09
9.954040315423261e-09
4.153108748560164e-10
4.153108586025673e-10
1.6086194716869703e-08
0.0
0.0
3.1505227295174976e-09
0.0
9.871777056636973e-09
9.871777068102411e-09
0.0003085989197591807
0.0
1.9085149331141522e-08
7.632181109216639e-10
-9.382882428920353e-09
0.0
0.0
1.9842876740552238e-08
0.0
9.855168856748103e-09
-7.726629457798796e-10
0.0
1.89526919378339e-08
5.1864991882453935e-08
0.0
0.0
0.0
0.0
0.0
0.0
0.0
9.962029871786763e-09
1.20419745156561e-07
0.0
0.0
0.0
0.0
7.791932166842252e-10
0.0
9.972606275864926e-09
0.0
7.388894863512121e-10
1.968933516738872e-08
7.754542349880078e-10
0.0
2.077867852301413e-08
1.8844643362788962e-08
0.001170209206017642
0.00015142823203244645
0.0
9.966985495544517e-09
9.96698548574957e-09
1.9909864547468397e-08
7.236619924774331e-10
6.401218583524394e-10
9.860548023333853e-09
9.81551993536388e-09
0.0
9.815519925113105e-09
9.815519914957752e-09
0.0
-5.986539264313251e-09
6.630008330586684e-10
9.860548005717618e-09
5.004650102816474e-08
9.837152325366072e-09
9.946113442145592e-09
0.0
9.73103026010341e-09
9.731030251557138e-09
6.601735643751344e-10
9.857656977588919e-09
1.5742923057031103e-09
0.0
3.96965749903323e-08
6.680381980001481e-10
9.977855230872803e-09
7.777445485250944e-10
9.955346001438654e-09
9.955345565979388e-09
0.00015076765111533724
1.0928342117962758e-10
0.0
-2.5895088922808524e-16
2.3388043678915353e-09
0.0
0.0
1.7391434124310504e-07
6.926019055473249e-08
0.0
8.371031854319385e-09
0.0011700590711033554
2.867138172082337e-08
3.8084346747737104e-08
3.80843464814562e-08
3.808434629476938e-08
0.0
-2.2805863918144545e-08
1.3762677450329772e-06
5.194764941479319e-08
0.0
0.0
3.566303854660169e-09
9.785938045527934e-09
0.0
6.141147366708551e-08
1.9749246477764357e-08
9.888698440967925e-09
9.888698431935114e-09
9.8886984231463e-09
5.10852879043275e-08
0.0
0.0
0.0
9.844502777610299e-09
7.321272103799099e-09
0.0
0.00012132435306805758
2.646636289223489e-05
3.4139036137642155e-06
0.0
0.00015121449018012164
0.0
5.1085287682643e-08
0.0011699373981024967
0.0
1.9816130249202842e-08
9.983105250885999e-09
9.73103027746957e-09
1.884464329505662e-08
7.008091015291195e-07
0.0
0.0002258428109886069
-2.55260475853829e-06
0.0
0.0
0.0
4.575455967240145e-10
0.0
0.0
0.0
0.0
-0.00270461740109361
0.0027039466433267834
7.773282554831902e-10
9.100957739291376e-08
5.146091280162779e-10
9.708770676297718e-09
1.4064224023552333e-07
0.0
0.0
-1.0172863008011698e-08
0.0
7.276654852945453e-10
0.0
0.0
9.952676123677583e-09
4.8682350369988117e-11
9.231655027815932e-09
0.0
0.0
1.3879651909078374e-07
0.0
1.6498894692789266e-05
1.5650156165569656e-06
-8.577920324986873e-06
8.55298714318721e-06
-2.5252717291172254e-08
1.8049388148696157e-05
0.0
0.0
-6.490208278794873e-09
3.590801744585223e-08
0.0
1.705339057851617e-08
1.1067418521748877e-06
0.0
3.2130848005366908e-06
-3.184278087668321e-06
0.0
6.81537115614344e-10
0.0
0.0
0.0
0.0
8.418589750630414e-08
0.0
9.993136984576267e-09
4.3380876910519294e-07
1.8838986793829193e-08
0.0
4.981903292700124e-16
0.0
1.874771694031131e-08
8.588022882182516e-08
0.0
1.9689335239164417e-08
0.0
4.022665575799584e-08
0.0
0.0
1.9403840561193545e-08
2.52270762158873e-10
2.261410610237449e-07
1.0792227888644533e-06
3.997195729048325e-08
7.920931940757959e-10
0.0
0.0
9.994949162154404e-09
2.162088697382769e-07
0.0
2.0082673738654218e-08
0.0
1.5611376282070113e-10
7.881250543799435e-10
0.0
0.0
0.0
5.562503748867921e-10
0.0
0.0
-8.371031854888591e-09
0.0
0.0
1.0843825473932423e-06
0.0
9.990563037715495e-09
1.9373444700159122e-08
7.321272118460671e-09
6.601735817272705e-10
1.983200212192442e-08
-1.903982908659059e-08
-0.0006103142815600505
-0.0006104968080186626
0.0
9.094742029675981e-08
-8.144787575191168e-08
-3.933904935138344e-08
-2.9473098684514774e-08
-1.8488175468337015e-07
-1.7464249008333509e-07
-1.551426474603711e-07
-1.5477450395276482e-07
-1.2589990573509186e-07
-1.058783943296198e-07
-8.20797883575652e-08
-9.91198050436183e-10
1.0648791685212163e-08
5.807794178286931e-11
7.840382965627366e-10
7.840382747740084e-10
7.141800131575282e-09
2.6758558904373736e-08
0.0
2.993020963410077e-08
9.989137292950451e-09
0.0
0.0
0.0
0.0
0.0
0.0
0.0
0.0
0.00012471110797998967
1.6426549920683047e-07
2.1955361178631966e-07
-3.4030777527735218e-06
3.948667419724202e-09
0.0
0.0
0.0
0.0
3.79384039458165e-17
0.0
1.778892679690715e-08
0.0
1.9967482089282733e-08
9.984287863948653e-09
0.0
1.461397336977487e-13
0.0
9.943166043996365e-09
2.9951769969732093e-08
0.0
1.996748206890528e-08
9.981735304011382e-09
7.815410433705518e-10
-2.159845481210651e-07
2.3368988371525487e-07
0.0
2.9658752339958567e-08
0.0
0.0
0.0
0.0
7.546957759484885e-10
0.0
1.7440658879268744e-07
0.0
0.0
0.0
0.0
9.98924398483669e-09
7.888876097066258e-10
-0.0003026502475307707
0.0
6.52571561326969e-09
0.0
0.0
0.0
0.0
0.0003071434243860388
-8.862030965253563e-05
8.863024453403367e-05
1.420078201596811e-10
1.0467690100788534e-06
0.0
0.0
9.930200756915417e-09
4.061607574439566e-10
9.597795312667418e-09
0.0
0.0
0.0
7.62963603445338e-10
3.725209131517373e-17
0.0
1.0941035335533533e-08
0.0
9.707011888737682e-09
2.380240962120391e-07
7.923213701597715e-10
0.008572867895874458
0.008572860252139762
0.0
9.465703330134307e-09
0.0
1.93230455155152e-06
-1.9913383522888156e-08
5.354690002114411e-09
5.354690002114411e-09
9.991842721180538e-09
-1.0073296163675381e-09
1.261485169333651e-09
0.0
0.0
6.992417189835348e-09
0.0
2.353599134555272e-09
2.3535991411251093e-09
1.5062965706472984e-08
1.5062965699655835e-08
9.958838672989578e-09
-8.354844651285092e-10
0.0
0.0
0.0
0.0
0.0
9.95759208471428e-09
0.0
3.9168751732445505e-08
3.3088567049516855e-08
-3.80827279761515e-09
0.0
4.2402298640351875e-07
2.1119909548539714e-10
2.1119909144265896e-10
1.1305311449778637e-10
1.9612044052145633e-08
0.0
1.0870309237083015e-08
9.98791102940961e-09
9.987911070787134e-09
9.987077531073071e-09
9.98707757261989e-09
0.0
3.757108703159816e-07
3.084529796338697e-08
4.053072228562396e-07
0.0
-6.256985201833379e-10
8.297235023665736e-08
7.48941971000687e-10
1.025843942748135e-07
1.175792193170832e-06
0.0
0.0
3.676556047962208e-17
0.0
0.0
-1.8893729663527025e-09
1.7053390191023525e-08
0.0
0.0
0.0
0.0
0.0
0.0
1.7102029005531227e-10
1.0078991214729209e-08
1.7946095835856097e-10
0.0
-1.7949136968398172e-10
0.0
0.0
0.0
0.0
0.0
0.0
2.7348945079799764e-09
4.676283533483288e-09
0.0
0.0
4.662896695757573e-10
0.0
1.8830620642887317e-09
0.0
0.0
0.0
0.0
0.0
0.0
4.954913082517231e-09
0.0
0.0
0.0
0.0
3.7381670597280906e-08
0.0
2.991631493886537e-09
1.2332161111826654e-08
0.0
0.0
9.39960831953971e-09
9.659328855413737e-09
0.0
6.94866206567329e-09
9.696603688139153e-09
0.0
9.197524877820662e-09
0.0
0.0
6.770588712383479e-10
0.0
0.0
9.571710027738004e-09
3.400773568593804e-08
1.1609930966020285e-08
0.0
1.6071364672487587e-08
1.5380104065167492e-08
0.0
1.3758244959929166e-08
3.6375328028433756e-08
1.5367880422928514e-08
1.0664396957851508e-08
5.310144384877428e-09
0.0
1.1868242792690827e-08
0.0
1.172291805417796e-06
0.0
1.5143976138188598e-16
0.0
2.0472068431751554e-08
3.793154023335689e-08
-2.476521600591016e-08
0.0
0.0
0.0
0.0
1.2726107299540232e-07
0.0
3.75335787827759e-09
3.7533578738568464e-09
0.0
8.602934347584363e-07
0.0
6.909290752871351e-11
9.992242125883471e-09
9.990387216477168e-09
9.990387174916002e-09
9.982432421650164e-09
9.98243239886753e-09
9.987477561495654e-09
9.987477529962522e-09
9.972260660977747e-09
0.0
9.972260624091217e-09
4.018302790496326e-06
1.6602618441461248e-07
4.1745495932499825e-06
9.779381653486716e-09
2.4317452925590686e-07
2.6946697923571687e-08
9.967392223195245e-09
9.967391836375461e-09
-2.6225647454473228e-08
9.956180453497075e-09
9.956180068560307e-09
9.956180847252289e-09
7.023121154731136e-09
0.0
2.3004557019068714e-08
2.300455705355614e-08
2.3004557005061466e-08
1.6754822370471343e-08
0.0
2.1261089677538908e-08
1.6612891029127113e-08
0.0
1.7694666524734787e-08
0.0
0.0
0.0
1.6363417435979448e-08
9.032536444610463e-09
1.7212853782761548e-09
1.9901017484050044e-09
0.0
0.00012053321624663971
0.00018549628800193074
1.354386397848795e-06
0.0
1.684272178809503e-06
2.5235127778445097e-09
2.5240337391481654e-09
2.018198741595259e-10
0.0
7.466921683461709e-10
7.199445333333071e-10
9.918702735013663e-09
2.5248985411181546e-09
0.0
0.0
-4.336808689942018e-19
0.0
0.0
0.0
0.0
0.0
0.0
0.0
0.0
0.0
0.0
0.0
0.0
-3.5744963334735647e-08
0.0
4.532924640582693e-08
0.0
1.4030515374457649e-06
4.5193102728572566e-18
2.3004557037076268e-08
-9.382864310919492e-09
0.0
9.975246276246595e-09
1.7152386223985924e-09
0.0
0.0
0.0
0.0
0.0
2.608649656477923e-08
4.99457783336742e-08
3.0154233340776785e-08
0.0
0.0
0.0
1.1646103287547744e-08
8.614170633647414e-09
0.0
0.0
1.5612774025362515e-08
7.950452204387708e-08
3.92810495034035e-08
3.0769681019105637e-09
0.0
-9.801582487539793e-09
3.076967833165958e-09
0.0016676470393507535
0.0012193301809910043
0.0
2.6679892052436426e-10
2.667988626249909e-10
2.62256474637729e-08
0.0004483168448717227
0.0
0.0
0.0
0.0
0.0
0.0
0.0
0.0
0.0
0.0
0.0
4.008304205992651e-07
0.0
1.0347378954373768e-08
0.0
0.0
0.0
2.056622711119367e-07
0.0
-9.536557658146316e-09
0.0
0.0
0.0
0.0
1.6993356347105466e-08
4.101341905914068e-17
9.901297413200932e-09
7.028547127877797e-10
1.9340350964832894e-09
0.0
0.0
0.0
0.0
0.0003174896650137646
1.619709680598397e-05
6.7769893609527435e-06
0.0
0.0
1.02221944120845e-07
0.0
0.0006848150900247142
0.0
0.0
1.0223088682991442e-07
0.0
0.0
0.0
0.0
4.60944644293034e-07
0.02299526754209396
0.0
5.960632549578096e-07
-2.665673206847306e-08
4.0065690052983945e-06
-2.0139676140326634e-08
1.5265918309331772e-07
2.517073136155762e-07
0.0
-5.46935171741333e-07
-2.6393314235262366e-06
-2.570925263455787e-06
0.0
4.861218834622387e-08
2.1400130943261824e-08
-6.2990782057905596e-12
7.98928476189872e-08
0.0
0.0
9.876090432321167e-09
7.450991435398977e-09
1.9695564514611793e-08
0.0
7.844333134737575e-10
0.0
-9.88723578381048e-09
0.0
0.0
-3.9642912762175735e-08
9.939909048235491e-09
0.0
0.0
2.629322279896011e-08
2.9070762481713133e-08
0.0
9.93625482234036e-09
0.0
2.447843208218277e-08
2.0596640608368656e-06
2.059664060836872e-06
9.882825404176551e-09
6.847879461344866e-10
2.3318362553817408e-07
2.8112345700608954e-07
9.991096461034943e-09
1.9397184383329475e-06
9.99275404983749e-09
0.0
9.992703747288485e-09
9.985447832108086e-09
5.272281358928418e-07
5.992006935088073e-08
0.0
9.987955064202752e-09
1.026958095852886e-08
9.987326384484013e-09
9.288184113833953e-08
9.968833085471877e-09
5.185301528553023e-07
9.994040914590258e-09
0.0
9.99392581989215e-09
1.1963510293342231e-06
9.993324104559287e-09
7.431928127613077e-07
9.9931375031121e-09
0.0
0.0
0.0
0.0
0.0
0.0
0.0
0.0
0.0
0.0
0.0
0.0
0.0
0.0
0.0
0.0
0.0
0.0
1.5414557101036555e-07
0.0
0.0
0.0
6.943008485886428e-08
0.0
0.0
0.0
0.0
0.0
0.0
0.0
0.0
0.0
0.0
0.0
0.0007704116200351861
0.0007703784759430656
0.0
6.280037884886282e-11
-7.497469455578912e-10
9.98887313969505e-09
9.990794672198103e-09
9.97236782041e-09
8.129914044287377e-11
0.0
0.0
0.0
0.0
-2.5873507156215503e-09
4.550762777751014e-11
3.2616964634079924e-11
0.0
9.634006727270275e-09
0.0
3.4694659568615765e-12
3.747194658546689e-09
0.0
2.9951769963734955e-08
5.31456025164344e-11
8.745971719080632e-09
0.0
0.0
0.0
0.0
1.0042958235331967e-08
0.0
9.98299526855026e-09
9.960304771699263e-09
9.960304536851079e-09
0.0
2.2513481801284468e-07
8.812306686197748e-18
1.9975494766238687e-08
1.997549504675014e-08
4.510116034412329e-08
0.0
0.0
0.0
1.952900159519222e-08
0.0
0.0
1.4798203389947074e-08
0.0
1.0648789849202831e-08
9.987015223108608e-09
1.9975494203433118e-08
1.997549392286248e-08
0.0
0.0
5.846801534196879e-10
0.0
0.0
3.1446659771667313e-10
0.0
4.149387549260664e-06
0.0
2.825647422351125e-10
0.0
3.2095866850028005e-08
0.0
0.0
0.0
1.1984981274934732e-08
2.7077565146061255e-10
0.0
0.0
0.0
0.0
9.429406864567917e-09
0.0
0.0
6.787585646742118e-08
1.2728594998072698e-08
3.5177568817831976e-08
0.0
4.420366691799704e-08
4.155486385058577e-09
0.0
0.0
9.988478426751608e-09
7.881382397259051e-10
-2.587351166649654e-09
0.0
0.0
4.874023826072695e-05
9.731030302311852e-09
0.0
0.0003047916213866751
2.5844221284325833e-08
0.0
0.0
0.0
7.275178659627339e-09
0.0
1.7052611125318232e-09
5.321501250071803e-09
2.9221495153886e-06
0.0
-0.0001507591504945105
0.000151428232032461
2.8364704619129747e-18
-0.00014782816334237226
2.1321639920302005e-07
0.0
0.0
0.0
0.0
0.0
0.0
0.0
3.575352970012034e-08
0.0
4.960247894149532e-10
0.0
7.038979021718456e-10
0.0
2.3258877430444593e-09
0.0
0.0
0.0
3.086514503349381e-10
0.0
5.739015378365491e-10
0.0
2.5915499267243045e-08
0.0
0.0
0.0
0.0
0.0
0.0
0.0
0.0
9.929183347925756e-09
3.9436060535770464e-17
0.0
6.2768578112937234e-09
9.97524629183701e-09
-1.8821882645037383e-07
-6.082310077896709e-07
0.0
0.0
0.0
3.738166928857086e-08
0.0
2.9916298678892514e-09
1.233215947828808e-08
0.0
1.4885096069752903e-08
4.456828378961389e-08
0.0
5.44848155929093e-08
1.24909156660328e-08
0.0
0.0
3.566353992359927e-08
0.0
0.0
0.0
0.0
0.0
7.205716804562246e-09
0.0
0.0
0.0
0.0
0.0
2.7348936917559807e-09
4.676282671670045e-09
0.0
0.0
4.662889259763361e-10
0.0
1.883061211403586e-09
0.0
0.0
0.0
0.0
0.0
0.0
4.954912243364293e-09
0.0
0.0
-1.64364975355923e-07
0.0
0.0
0.0
0.0
8.912146688942482e-09
8.91214664024663e-09
2.0566227105358898e-07
4.2971049379790857e-07
0.0
0.0
0.0
-9.382793209056217e-09
9.949833518619992e-09
-7.503313471495833e-10
9.91495485200853e-09
9.91495485167589e-09
0.0
3.6533747442746916e-07
0.0
0.0
0.007553874225856745
0.0
-1.3452833219686336e-07
-9.528101776527475e-06
-1.7494472712521683e-06
2.194704167391414e-06
0.0
9.54942522383369e-09
0.0
0.0
8.717674472293246e-09
9.985746721122765e-09
7.854656777140632e-10
9.985746689386218e-09
0.0
9.865955047670276e-09
9.865955051513962e-09
-9.747203703891483e-09
0.0
0.0
0.0
1.8098565505538273e-10
0.0
0.0
-6.898537953073392e-10
1.4398796537040481e-08
9.98669986164155e-09
9.986699563884274e-09
0.0
0.0
0.0
2.2831837480418003e-08
9.977889014944685e-09
-7.238425925263362e-08
9.953720948305165e-09
9.953721166744423e-09
-7.661364653481699e-10
2.2653705096163863e-08
1.1618821056437755e-08
7.876271102677298e-09
7.058570856589122e-09
1.3358725286506008e-08
0.0
5.810507974888841e-12
2.922149515406386e-06
9.925099331329848e-09
2.922149515474518e-06
9.92509939413685e-09
2.265370385106189e-08
1.1618819514090841e-08
7.876269833011768e-09
7.058569360882161e-09
1.3358723800650775e-08
0.0
5.808807850238485e-12
0.0
-6.41505557039455e-08
9.974628738550639e-09
0.0
0.0
0.0
8.44842139162608e-09
1.5561104798755331e-10
9.983696113055235e-09
4.557737653954064e-08
5.378434737166436e-07
-3.058936251560014e-07
1.370483185314983e-06
2.0188680777164307e-08
0.0
3.1091802913437577e-07
0.0
7.842540860628611e-11
9.719266572016908e-09
9.719095240466233e-09
0.0
7.055668662999819e-08
2.681112221125659e-09
2.680999498137296e-09
3.787137222840498e-10
-9.816172280834728e-09
0.0
0.00012099879247263106
-6.167510446023429e-08
2.0566227087831626e-07
5.770871219646486e-10
9.772684017930744e-09
9.688771212791733e-09
0.0
4.1383485702118587e-11
4.138348604770803e-11
0.0
0.0
1.7681360068700217e-06
1.768136006902756e-06
2.6177428223776947e-07
9.937820610975947e-09
7.385799477117725e-10
0.0
0.0
0.0
2.2987629726929825e-07
9.908583209388464e-09
1.302413801370612e-08
1.997549448485951e-08
1.4487282956440404e-07
1.5441378340057176e-07
0.0
1.6993356219778163e-08
1.2602189541788698e-08
2.66436895918383e-09
7.03711222070262e-10
9.902173164854507e-09
9.902173130668223e-09
9.902173141993517e-09
9.902173181246254e-09
0.0
0.0
1.3653953473023133e-06
0.0
1.5947866489596752e-09
0.0
0.0
2.615548429093779e-07
5.270436040840085e-07
0.0
0.0
0.0
-8.752972424488765e-07
-1.3191071141797819e-06
0.0
0.0
0.0
2.0771501900128906e-09
0.0
2.0771503870006463e-09
2.0771506335431336e-09
0.0
1.4473073576998653e-08
0.0
1.7404113052716836e-16
6.505622469405047e-10
9.847828361185698e-09
6.505615140701476e-10
0.0
0.0
7.510611097581357e-10
5.286447860215324e-18
0.0
0.0
1.2492371819364827e-17
1.0271657528055136e-17
0.0
-6.00967950499947e-10
0.0
1.8345018503019965e-11
-9.665286674633532e-09
-1.952076384037656e-08
1.182211511059506e-06
1.7769596373739889e-06
7.167059195104514e-18
9.810281597124182e-18
-0.020282827954637612
0.020282838084639685
9.918723940923954e-09
1.0069846486315094e-11
1.4473073858604006e-08
1.447307377781147e-08
1.8338601687539434e-11
1.5812808486164893e-12
0.0
-6.794271507025287e-10
0.0
0.0
0.0
0.0
6.0096683825488e-10
9.797108545312161e-09
0.0
0.0
0.0
1.1659875902989472e-08
2.7006620451757184e-09
1.4473073704241655e-08
0.0
0.0
1.0645275842067965e-10
0.0
9.840347158673228e-09
0.0
0.0
0.0
0.0
0.00022589382909424558
0.0
1.8323900176215194e-11
1.8331558704734143e-11
0.0
7.231074384524323e-08
0.0
7.413643735370398e-10
0.0003329065228766157
0.0
0.0
-0.007635384848020777
9.97520365423327e-09
0.0
9.975203664821951e-09
0.0
-5.7245100260538626e-09
0.0
0.0
-9.399148166375215e-09
-1.967317696608946e-08
-4.078905165414582e-07
9.889365034507079e-09
0.0
6.91183943160048e-10
6.911839360681566e-10
4.53047285682844e-09
0.0
0.0
-6.05537539422231e-10
0.0
0.0
0.0
0.0
0.0
0.0
0.0
0.0
5.319058916801506e-10
9.46304401994105e-09
9.731030328752333e-09
4.099741432505992e-06
0.0
0.0
0.0
5.327630114163321e-09
5.327630114163321e-09
9.961310259293255e-09
9.923896322236327e-09
7.251099221649191e-10
4.439919626795377e-08
3.468282396558934e-08
0.0
0.0
9.97462855541198e-09
0.0
0.0
0.0
5.912455097083168e-09
-1.2464702692227547e-07
1.6026687018272615e-07
9.960686927001981e-09
1.0471563854670055e-08
-1.2611481771312074e-09
0.0
-4.1858674799152115e-07
-4.1481766188330993e-07
0.0
0.0
9.780029416043233e-09
1.9493429304961824e-08
5.444746900513309e-10
-5.44474696212824e-10
1.0234042074364153e-07
1.2611481136511762e-09
0.0
9.923742342851632e-09
0.0
0.0
-1.6814977753850519e-06
0.0
1.3279876552420535e-06
0.0
3.1486939290884865e-08
2.3702737879916097e-09
3.14869390794355e-08
0.0
1.988156882460664e-08
7.548054760713755e-10
6.24707916093651e-09
0.0
0.0
0.0
1.3615487228583413e-17
7.62690343848958e-10
9.96246693474312e-09
-1.0527386570435421e-07
3.40482229675608e-17
2.6916482949023313e-10
9.983543588643418e-09
9.987843877952036e-09
1.89293826908937e-05
1.8929382690893685e-05
0.0
-1.891499110118211e-15
6.521953179556998e-10
0.0
9.849498698448247e-09
9.535316003291043e-09
3.4512458603248834e-10
-3.5890320465399545e-10
5.004114574544385e-16
-2.219485018850944e-08
-2.2339261809618023e-08
1.5381567003537684e-13
0.0
0.0
9.984004246136037e-09
9.989826412762389e-09
7.894568086158672e-10
0.0
-9.758944705210446e-09
-5.780265393466414e-10
1.1984979576032921e-08
0.0
1.197821236736285e-08
0.0
0.0
1.1984980090744898e-08
1.2135268194884201e-08
1.694912776239767e-10
0.0
0.0
7.837607915415688e-10
-5.952769028400029e-08
0.0
9.987294504172388e-09
9.987294378289761e-09
1.334678549597266e-10
1.334627323552822e-10
9.987499195625428e-09
9.987707878976124e-09
9.987707756328734e-09
1.3345365350997396e-10
9.9874993290082e-09
5.9507242505655623e-08
3.3583764571511303e-08
1.198498144695727e-08
0.0
1.3344462797210718e-10
1.198487154471857e-10
3.117521246644775e-08
0.0
0.0
2.1673732563773254e-07
7.834993053506997e-10
1.266407754439189e-10
1.3342908309015797e-10
4.601615171984034e-12
0.0
0.0
0.0
2.0566227099660613e-07
0.0
1.7912442009550466e-08
9.946102889662687e-09
2.2513481792285524e-07
0.0
0.0
2.4873843000985116e-07
0.0
7.63724883019732e-07
1.0004599279194875e-06
-9.105867401575617e-07
9.982139370745915e-09
0.0
1.1003961144101323e-07
3.576082682751219e-17
0.0
-4.52580416719639e-09
-5.026768956375253e-09
1.1599524820579677e-07
0.0
1.245918064874271e-08
2.487384297790082e-07
2.8273014548201543e-05
9.986949525394098e-09
-2.8263027598445824e-05
9.991096271885086e-09
4.273250045177505e-08
0.0
1.0655371803657274e-08
9.991030001143259e-09
9.920454628120225e-09
2.170396514744881e-07
9.920454586922858e-09
2.5015885983060758e-09
9.74697601426545e-09
9.74697605092556e-09
0.0
1.8411022372974874e-08
7.215928683209142e-10
1.7922308966602833e-07
1.7194233515103324e-07
3.610538792579612e-07
0.0
-6.649027032082366e-12
