0
0.0
0.0
0.0
0.0
1.9780567893731887e-08
4.95454831312342e-07
0.0
0.0
0.0
0.0
0.0
0.0
0.0
0.0
0.0
0.0
0.0
9.928317954458073e-09
0.0
8.62534237353615e-09
0.0
0.0
0.0
0.0
2.050805539735329e-07
0.0
0.0
0.0
9.455541213536605e-09
0.0
0.0
0.0
0.0
0.0
0.0
0.0012667678489265877
0.0
0.0
8.744438232362971e-09
1.224994465927346e-09
0.0
0.0
0.0
0.0
0.0
1.0167477957814753e-10
0.0
0.0
0.0
0.0
0.0
0.0
0.0
0.0
0.0
0.0
0.0
6.522976220472023e-09
0.0
0.0
0.0
7.752487009355661e-10
0.0
0.0
9.897303155449213e-09
0.0
0.0
0.0
1.2536805556488743e-18
0.0
0.0
1.3391701270957595e-08
0.0
1.0155005241113506e-10
1.2062755503948526e-11
5.819718690310528e-10
0.0
0.0
0.0
0.0
0.0
0.0
0.0
0.0
0.0005068575073813308
4.899037432592801e-13
2.017820655813776e-08
0.0
0.0
9.369621428672825e-09
0.0
6.2640399351602675e-09
0.0
3.886824512559648e-10
-3.7485196391202316e-10
0.0
0.0
0.0
0.0
0.0
0.0
0.0
0.0
0.0
0.0
0.0
0.0
0.0
0.0
0.0
0.0
5.627527661493985e-09
0.0
0.0
0.0
0.0
0.0
0.0
0.0
0.0
2.1380499023953947e-09
0.0
8.783733324839228e-09
0.0
0.0
0.0
1.8011959781460973e-06
-1.8279782561251347e-06
9.502083471580493e-09
9.785571482156127e-09
0.0
3.019752745906443e-10
7.931422038683039e-09
0.0
0.0
9.421086771311927e-09
0.0
0.0012093179930869604
0.0
0.0
1.0709066015593309e-08
0.0
0.0
0.0
0.0
0.0
0.0
0.0
0.0
0.0
0.0
5.4691283293052294e-08
0.0
0.0
9.104358104568298e-09
6.101783839445049e-09
1.5839257670618744e-09
0.0
8.138918855856335e-09
0.0
0.0
1.2192960583306158e-16
0.0
-0.0007891983879292352
1.594283026157236e-05
5.86764506062952e-10
0.0
1.7013555159286766e-08
0.0
0.0
0.0
0.0
1.9315683748772196e-08
0.0
1.0164953456119162e-08
0.0
0.0
3.839965262478516e-05
0.0
0.0
0.0
0.0
8.886130696585188e-09
0.0
0.0025852754655065237
0.0
0.0004996825994477451
2.805478811854365e-08
9.132290188058179e-08
0.0
0.0
0.0
0.0
0.0
0.0
0.0
0.0
0.0
5.422022194164787e-05
0.0
0.0
1.7968867549272208e-09
1.986582583466754e-08
0.0
5.866467860729184e-10
3.808081976489075e-09
1.52230520323878e-08
0.0
0.0
0.0
2.59695015746348e-08
1.003249636438147e-08
0.0
0.0
2.7090589208207457e-08
6.028735589160312e-09
9.208300327602815e-09
0.0
0.0
0.0
0.0
0.0
0.0
0.0
0.0
0.0
0.0
0.0
2.2871453374455837e-19
3.75926195618307e-09
0.0
0.0
1.6924675463186878e-10
0.0
0.0
9.734091168020083e-09
1.348735068467115e-11
0.0
2.67400484350519e-12
8.350801157966206e-09
5.188063480164235e-09
0.0
5.627300582795568e-11
2.3436683936339797e-06
6.2987626995702345e-12
0.0
0.0
0.0
0.0
0.0
0.0
-0.0011663673511757011
4.802480419561142e-24
0.0
0.0
0.0
0.0
0.0
0.0
0.0
0.0
0.0
5.642756055284929e-07
0.0
0.0
0.0
0.0
0.0
0.0
0.0
0.0
0.0
0.0
0.0
0.0
7.977574339300858e-09
0.0
1.2350911740507197e-10
0.0
9.393684315319358e-20
1.5678492813320993e-09
0.0
0.0
4.5304348990233557e-10
0.0
0.0
1.539031578409975e-11
-4.53043131724204e-10
2.1581788606835547e-17
2.6445736468163254e-09
-2.994988016619127e-08
0.0
1.6729073532175185e-07
0.0
9.784131206907665e-09
9.897045894557248e-09
9.735701765504345e-09
9.764811414086407e-09
2.6445736468163254e-09
0.0
0.0
0.0
1.050892527110649e-08
0.0
6.8674890343749494e-09
0.0
0.0
0.0
0.0
0.0
0.0
0.0
0.0
0.0
4.091345734041294e-08
0.0
0.0
0.0
0.0
0.0
0.0
0.0
0.0
0.0
0.0
0.0
0.0
0.0
0.0
0.0
2.9868846174002675e-09
6.648693964539704e-12
0.0
0.0
2.3383433894506073e-09
0.0
7.436961763478576e-10
0.0
0.0
3.1868198940291446e-10
9.690135417593585e-09
9.86729308916583e-09
4.932261055484346e-10
7.0879394549905015e-09
9.984453193496522e-09
9.991610442068787e-09
6.064339707515185e-10
6.149089286330078e-10
9.973245340688663e-09
9.927232313500238e-09
5.52296876042724e-10
9.973243724985036e-09
9.98215838205207e-09
9.991610545004286e-09
9.990756256661852e-09
-9.928317954499213e-09
8.584806560100692e-09
3.440946757826801e-07
0.0
0.0
0.0
0.0
6.6420623317690436e-09
5.4206452624187414e-08
0.0
1.1086321849919707e-08
1.2457213449884e-07
4.073460556043365e-08
1.5737858088303135e-08
1.610587037760825e-08
5.787564338181328e-08
0.0
0.0
1.372831522572497e-07
0.0
2.37928339953693e-08
0.0
0.0
3.6674329786651036e-08
0.0
0.0
1.00891302921223e-08
2.0686250259258532e-08
0.0
0.0
0.0
0.0
0.0
1.1772967426266596e-08
0.0
0.0
0.0
0.0
0.0
4.708135439726954e-08
1.309448082132025e-09
-8.625342374146347e-09
2.0508055392940566e-07
6.154572770295749e-10
9.98175777276733e-09
6.142948044461362e-10
0.0
1.6615206315623557e-08
0.0
1.0437621164260827e-08
0.0
5.512150439219546e-08
0.0
0.0
0.0
0.0
0.0
0.0
9.948972712276887e-09
9.946769856416169e-09
-2.050805539679571e-07
2.0508055396228594e-07
7.372830931584275e-18
1.9943230074931326e-08
1.996391624224418e-08
1.9982923099904445e-08
1.998088948662849e-08
-9.885936259933573e-09
7.174578837777815e-09
0.0
-9.500415502471798e-09
0.0
5.5121176831263163e-08
0.0
-9.640433734018749e-09
0.0
-9.267739295929628e-09
-9.266431985082324e-09
-9.265120793339273e-09
0.0
1.661455236976301e-08
0.0
0.0
0.0
5.512084926616153e-08
0.0
0.0
0.0
0.0
0.0
1.993838418420758e-08
0.0
9.981463653112484e-09
5.944362235864643e-10
8.625342374530258e-09
-9.455541213639131e-09
0.0
0.0
0.0
8.057985304496503e-10
6.107282792587076e-10
-5.41968660753428e-05
4.59023665345254e-09
0.0
0.0
9.915193971769195e-09
0.0
-9.963084498685812e-09
3.7137042741803775e-06
3.147030688160584e-06
4.727811779607584e-09
4.033344480774131e-08
5.2278384708542464e-05
0.0
1.6467879078988724e-08
1.7108157115910868e-08
1.7157346416433242e-07
2.9858319240086927e-06
0.0
7.087939537610314e-09
2.8965138208989357e-09
2.347458299844553e-18
3.341316723754833e-07
5.533806215852381e-08
0.0
5.779419041214807e-10
9.900429664043593e-09
-1.794674279759567e-07
-1.757638449853549e-07
-1.6582578256374436e-07
-1.5519061936572487e-07
-1.6154593729281671e-07
-1.250893932411984e-07
-1.26069009159216e-07
2.037373551930146e-09
9.900429659252807e-09
9.900429654915999e-09
0.00027887128628814736
4.698171537659725e-10
4.698171526097957e-10
1.0760959989621996e-15
0.0
2.4785759592876393e-06
1.3536779904290351e-08
8.744438222590001e-09
0.0
0.0
1.9943934224891157e-08
5.847966829904445e-10
2.441921823195265e-07
0.0
2.9898813981183185e-08
5.795465109797787e-10
4.73277763686959e-09
4.7327776054904795e-09
0.0
-0.0012644045436402962
0.0
2.441911447143823e-07
0.0
9.961641832534094e-09
5.862115127987353e-10
9.97660346013346e-09
9.976603553059596e-09
9.964272736447884e-09
9.96427285127055e-09
9.964272663996468e-09
1.695669979238229e-07
1.7576384361752545e-07
1.658257802461538e-07
1.4557935360061202e-07
1.7116231021407913e-07
1.1132490411805418e-07
9.921782940375268e-08
3.4927311043375653e-10
-2.5144808695302945e-06
1.4610492806416934e-08
1.0167410680557159e-10
0.0
4.775316767881502e-13
0.0001732330697209461
0.00017323306924346693
-1.461049275834625e-08
6.44564241823005e-08
3.345885603718953e-06
3.049720241873507e-06
9.732324527310392e-08
4.015819778655718e-08
0.0
5.2255598415389765e-05
3.253904257180615e-13
0.0
9.789641664358756e-09
0.0
-0.009342695425002125
0.00807592757607554
-0.001266767848926587
1.6253803140373034e-08
0.0
0.0
0.0
9.989637466740041e-09
9.989637336130525e-09
7.762759700469246e-05
-2.2152337653125187e-07
9.499502036771149e-09
0.0
2.8144216062910234e-07
1.8040848925040082e-07
0.0
8.951354783815848
-8.951354743850828
9.991057509443276e-09
0.0
0.0
9.977208255624367e-09
9.981227714849477e-09
0.0
7.836136028505125e-07
2.012934237846293e-08
-8.61360198453425e-09
2.7154032821477244e-07
0.0
5.481856951877491e-07
9.661107307435636e-09
0.0
2.4284573332261496e-07
2.4372629684537047e-07
0.0
0.0
8.780544372110396e-09
2.713157362041315e-08
9.065639689736664e-10
2.680812435316277e-10
0.0
0.0
0.0
0.0
6.096352759264768e-10
0.0
3.62474164485299e-07
1.1180297991643853e-08
0.0
3.3562004366373885e-08
0.0
1.7490403572379188e-08
-4.7327776316052894e-09
0.0
1.978008673122032e-08
2.521582250956898e-07
2.715403280266885e-07
-2.6190151691188346e-07
1.306325730794229e-06
4.929737735578176e-10
4.929737645752546e-10
0.0
2.3136625943570424e-07
-1.04998176362215e-08
6.046192753385355e-10
2.721201417092711e-07
5.9420541997257104e-05
5.947067132628931e-05
-6.460656496270079e-05
5.236521060797624e-06
0.0
0.0
0.0
-2.3193657722438175e-05
2.3232999345384213e-05
9.930527672494175e-09
3.745428659926442e-09
9.780577973168489e-09
1.0478353156048592e-08
0.0
2.1937820023819793e-07
9.907718748462452e-09
7.19485352683093e-09
0.0
0.0
5.299697845174314e-07
5.299697844313482e-07
9.969067446116616e-09
9.969067354223706e-09
0.0
0.0
0.0
8.45460021161312e-09
0.0
0.0
0.0
0.0
2.5353757263261245e-07
0.0
1.0691839789715861e-08
0.0
2.3163228828109507e-08
2.3162403334289218e-08
2.316258692184451e-08
1.0465949315169511e-08
9.964272587596245e-09
-9.885772741728587e-09
1.1995011065082455e-11
0.0
0.0
3.6266284328969193e-08
9.9764801637029e-09
9.991038957285937e-09
6.114642363261053e-10
2.342145413835586e-07
0.0
0.0
2.9858319239673118e-06
0.0
6.641628500816351e-08
6.641628487306721e-08
9.789512436977374e-17
6.72835091038006e-14
0.0
3.7226961916814936e-07
1.3235595773936843e-08
3.614084110835577e-10
4.281260592473125e-08
0.0
2.0976669945962515e-08
7.335547463262478e-08
2.9736159865586284e-06
3.0364846478478422e-06
9.69618390895045e-08
0.0
0.0
5.2234621748615966e-05
-1.81603863891322e-17
0.0
-7.752487060240423e-10
6.432953645596111e-07
2.738240187183275e-08
0.0
1.323818989406728e-06
1.3337162925853047e-06
1.3238189894774107e-06
1.3238189894298505e-06
1.3238189894305937e-06
3.872437810435395e-17
3.8719270308828585e-17
1.5165142147561881e-06
-1.7428193812597803e-08
1.4998612696471931e-06
0.0
-1.7727586618717511e-09
0.0
0.0
1.7427791104414163e-07
-9.872660577947556e-09
0.0
0.0
0.0
1.4465054612007447e-07
6.07383496870136e-10
-2.38457479248555e-07
8.84444761634655e-09
8.844447649461698e-09
0.0
2.615111427257443e-09
0.0
0.0
0.0
0.0
1.570473678305325e-07
-1.398343178651406e-07
5.729743268809395e-10
1.2538291232965655e-18
0.0
0.0
0.0
2.2882472172041265e-07
1.8740643556423733e-08
0.0
0.0
0.0
0.0
-4.2316901124248685e-07
0.0
0.0
0.0
0.0
6.052348582853045e-05
-6.0482971467432886e-05
9.935723835710438e-09
1.4821621130425305e-18
2.3806799386597505e-08
-0.00027724505656704827
0.0
0.0
0.0
0.001859279633364519
1.1481832712716712e-09
0.0
0.0
2.6044597337400626e-08
0.0
0.0
0.0
2.012966792694422e-08
0.0
4.622741597801694e-09
9.892789647037164e-09
5.195933912423483e-10
0.0
0.0
7.194853483483829e-09
0.0
-3.97687412616145e-09
-3.976874201532804e-09
0.0
0.0
0.0
1.8561366948893127e-05
-1.0155005241113506e-10
0.0
0.0
-1.8561265398840722e-05
-1.2063239296367101e-11
0.0
0.0
0.0
0.0
-6.111877066034128e-10
2.0508055385310893e-07
-4.95840734450826e-07
0.0
0.0
2.9864729691334457e-09
0.00022484136613980084
0.0
0.00022484435261277001
6.5736032797343595e-09
0.0
0.0
1.5499179376680684e-06
0.0
0.0
2.4115283609390937e-06
0.0
0.0
3.2670950383984074e-09
9.51022176528688e-13
9.510314888120192e-13
9.487404342785038e-13
9.487619166647528e-13
3.626628422131634e-08
6.037690446686349e-10
0.0
3.8334852921379284e-08
9.354190201940615e-09
1.931568374152949e-08
8.657397142955916e-09
0.0
6.099011090487601e-11
9.977640184841364e-09
6.019806792385427e-10
1.5329697473833145e-17
0.0
5.308930311267037e-07
5.403849664197254e-07
1.234919978086927e-10
0.0
0.0
0.0
0.0
6.244618206158248e-11
0.0
0.0
1.257723238273192e-08
0.0
-9.758433558577342e-09
-1.273849695394761e-10
3.300270443756283e-11
-9.25687283268961e-09
-8.703683631631977e-09
1.2565421950633043e-08
0.0
-1.0155005243824011e-10
0.0
9.981816305608227e-09
1.688167783660152e-05
1.688167783660149e-05
-0.0005068476890909898
-9.916859828838587e-06
0.0
0.00010092916941678981
-4.899037447415877e-13
0.00010092161275792935
0.0
0.0
0.0
1.0123301827246607e-08
2.7103974092991097e-07
0.0
0.0
5.142349265777971e-07
5.142349265543997e-07
5.142349265782683e-07
5.048653051493029e-07
5.142349266257054e-07
0.0
0.0
0.0
5.110106576687031e-09
0.0
5.694191274327523e-09
0.0
0.0
0.0
0.0
1.0316018279746518e-08
6.20982474188736e-05
0.0
0.0
-6.208889965368298e-05
1.208417228644497e-16
6.211482747684858e-05
0.0
0.0001732328181910522
0.0
9.960391400523328e-09
5.849788256408955e-10
5.698481291652305e-10
1.636292411279391e-08
-1.636292410779356e-08
1.3764483651968666e-08
2.6851173314019174e-08
1.6880927474827775e-09
5.3810212303573066e-08
0.0
3.2477651402806687e-09
1.5360623497943135e-06
3.748519639154113e-10
1.5360485193050173e-06
0.0
0.0
7.487961031941087e-17
2.644573646801802e-09
0.0
9.561531978440755e-09
9.561531953241493e-09
9.561531928194145e-09
9.93239172468576e-09
9.278129346148987e-07
9.932391647907844e-09
5.573817938959697e-10
8.46381657321732e-07
2.1579182608286074e-17
0.0
0.0
0.0
1.0810011365794546e-07
9.950870699086559e-09
1.07639291534946e-07
0.0
0.0
0.002332244816617036
1.869486991764439e-09
0.0
3.830761691113421e-08
7.081294622103993e-05
-7.07632284994299e-05
9.98144233456017e-09
4.02450206013049e-06
0.0
3.841951965994533e-10
9.756638047605723e-09
0.0
9.62015554822533e-08
-8.43282189723891e-07
1.998359373349302e-08
6.157026961080827e-10
0.0
0.0
0.0
0.0
1.2252784632168087e-06
0.0
4.5821014949434604e-07
2.4098237921497203e-08
9.9504475770118e-09
6.161666140873071e-10
9.927232356468831e-09
6.515807570055103e-10
-9.923335472783457e-09
0.0
2.148778946191776e-09
0.0
8.580970760321868e-09
0.0
1.5336363270853212e-06
3.353250339980565e-08
0.0
2.4265669843583405e-06
2.129734464061143e-09
0.0
0.0
9.977639980042219e-09
5.873354152618866e-10
9.984040006509056e-09
0.0
1.3953319716450522e-07
1.996538217779487e-08
9.981341953199085e-09
9.973503688716007e-09
0.0
9.738107666985952e-09
9.738107663455862e-09
0.0
0.0
-6.101783867284914e-09
-8.755371080915175e-11
6.15736447602667e-10
1.9982886808750858e-08
9.991290918416086e-09
1.0478353830449713e-08
0.0
0.0
0.00012671414537551346
9.783274638826733e-09
4.1043832204697846e-10
-9.405963184851385e-09
0.0
1.2054431785882761e-09
2.5781854280570187e-17
9.94897275351243e-09
0.0
0.0
-9.948230605071572e-09
0.0
0.0
2.3034473761250942e-11
2.3041608355887094e-11
2.303829927222969e-11
-1.5356604876615165e-11
-2.8557885223268187e-16
0.0
0.0
7.462422876380839e-09
9.945840753408652e-09
9.969388529654254e-09
0.0
0.0
1.9780567695450324e-08
0.0
0.0
0.0
0.0
0.0
6.144474264176168e-10
1.998092281822536e-08
6.147891818393449e-10
1.8757400289556362e-08
0.0
0.0
3.247326704777919e-10
5.509030201419396e-10
1.3907861782087952e-11
0.0
0.0
9.90824814623764e-09
1.5523955882891408e-08
0.0
0.0
0.0
0.0
0.0
6.188302955283093e-18
0.0
2.5351030994817615e-05
2.535103099481759e-05
0.0
0.0
1.5911079213547687e-06
0.0
9.437052433335781e-09
0.0
9.99408072280826e-09
0.0
-3.110748067265985e-06
9.8489801487712e-09
9.848980126250795e-09
0.0
-1.0322254106116684e-08
5.772695206757018e-10
6.019665619583265e-10
9.75781955236954e-17
0.0
6.92003282180408e-07
1.995469972208435e-08
6.014219521804526e-10
5.225825135164614e-07
3.268455159409729e-09
0.0
0.0
0.0
0.0
0.0
2.640472039647323e-08
0.0
7.278049239415799e-09
0.0
0.0
2.017434612617038e-08
9.210661466302662e-09
0.0
6.483944794578772e-08
0.0
5.4000795280974494e-09
0.0
0.0
0.0
1.0085014767178449e-09
0.0
0.0
0.0
5.17209150672605e-10
0.0
5.185155766614191e-10
0.0
0.0
0.0
0.0
0.0
0.0
0.0
-1.5995110395721087e-07
-1.7576384407462509e-07
-1.562110431077483e-07
-1.5519061716468265e-07
-1.7116231169900242e-07
-1.2508938961042215e-07
-1.260690048743296e-07
0.0
0.0005921779367933268
0.0005921871984635371
0.0
0.0
0.0
0.0
0.0
0.0
0.0005483261257793748
0.0
1.0256085654682733e-08
0.0
0.0
6.016255455095415e-08
0.0
5.050439701005251e-10
0.0
0.0
4.0778142944422807e-10
4.0778142336978165e-10
0.00012669468234542732
0.0
9.936896747151571e-09
9.936896783220567e-09
0.0
0.0
0.0
9.196617675502117e-08
0.0
0.0
1.6454674673005481e-07
2.5934483563963845e-08
0.0
3.4862888484906354e-07
0.0
6.473675613638703e-08
1.542826171804128e-08
2.6981259328724797e-09
0.0
7.822479905999804e-07
0.0
9.962783506187248e-09
3.6304136123005287e-08
3.3388477766390404e-07
4.50033810995376e-09
1.6191720953836694e-07
4.227943288577117e-08
3.0473959661225103e-09
0.0
2.0318826161859452e-08
9.958214116441329e-09
0.0
0.0
0.0
9.725219300607112e-09
9.725218852452144e-09
0.0
0.0
-9.086497193555587e-09
0.0
4.986342813939196e-10
9.87278109725648e-09
4.986342426990343e-10
0.0
0.0004966837021689842
2.5540460867322243e-07
0.0
0.0
0.0
7.194853397933525e-09
0.0
0.0
0.0
1.9804687745093395e-06
-1.8011959763697405e-06
0.0
0.0
0.0
0.0
0.0
0.0
1.5424241298290703e-08
0.0
0.0
0.0
0.0
0.0
0.0
0.0
1.0101028801420267e-08
0.0
-2.1106925629510442e-07
4.058167202561068e-08
4.541231724457668e-09
0.0
7.19650072175036e-08
7.19650071729466e-08
7.196500715316483e-08
7.989642921803361e-08
7.196500717811125e-08
2.5381559142780357e-08
0.0
3.967413022437506e-08
1.1029442579492389e-07
1.0176142721104285e-07
1.038994771174712e-07
1.102944258346131e-07
1.0389947710416366e-07
2.8242038995172774e-08
0.0
0.0
1.7809190169025056e-08
1.780919012347587e-08
1.7809190103864568e-08
2.723027690140885e-08
1.7809190129973684e-08
5.0312399780614366e-08
1.2847816266290949e-08
1.502691174086859e-08
5.574945919502741e-08
9.88619590157355e-09
0.0
0.00013088522700284552
0.0
1.442766688308109e-09
0.0
0.0
0.0
0.0
5.403060686347674e-05
3.469446951953614e-18
0.0003865832713373969
-0.0012093081646883772
0.0020928403712020156
0.0013179522700664389
0.00027329614982881756
0.0
8.079301308352652e-09
0.0
1.7525536282094587e-08
9.73289271240375e-09
3.6080209470983405e-10
-1.3234767673549543e-09
-1.32347677061022e-09
1.46776831983891e-08
0.0
9.778102928043042e-09
2.357877634878744e-06
0.0
4.986342835603614e-10
9.872781099406038e-09
0.000173589873546747
5.582962410699465e-09
4.214045029471983e-09
4.2396888522318205e-10
5.779556979634127e-07
5.779556979634111e-07
4.178181747343725e-07
1.941241726813615e-08
0.0
8.062317165418794e-11
-9.951742747579817e-09
0.0
1.923046891919262e-08
3.0353100526880735e-09
0.0
0.0
0.0
0.0
0.0
0.0
0.0
5.860653358796506e-10
0.0
0.0
1.1673011302870313e-07
0.0
0.0
9.977612766272174e-09
0.0
5.972351130796285e-10
0.0
5.618038582068455e-10
1.2830113191500773e-08
9.966265280387208e-09
1.795428405290497e-06
1.1787330550129122e-06
1.188610770084667e-06
2.407349283576163e-07
0.0005912783009414044
0.0
9.877449603072553e-09
5.032349572943489e-10
1.9677246364332806e-08
3.3120595122717666e-10
9.911393976597474e-09
0.0
0.0
0.0
0.0
-1.5839241029880213e-09
0.0
0.0
0.0
0.0
-5.272322369269042e-09
9.911394020208408e-09
9.91236097172723e-09
0.0
9.76114704019044e-09
9.76114704483947e-09
0.0
0.0
1.2356594521564895e-06
0.0
0.0
-4.5144219973955756e-08
9.945207372973431e-09
5.700131772491997e-10
9.893304733821464e-09
9.893304799305988e-09
0.0006489480869346061
2.521407670378478e-07
9.518199717996355e-09
0.0
0.0
0.0
3.480599796711628e-07
1.986015558337925e-08
0.0
2.253094073705592e-06
0.0
9.052889600118747e-08
-8.530353922034639e-09
0.0
0.0
0.0
0.0
2.863039957078095e-06
1.407272832041279e-07
11.02119282375772
-3.984442983884229e-18
7.10577518009359e-05
5.5114921539365204e-05
-1.594283026157182e-05
0.0
5.527627296997684e-06
0.0
0.0
0.0
0.0
5.517850692271001e-06
0.0
0.0
0.0
-1.7013555160408714e-08
0.0
0.0
5.587428671118804e-09
5.589810757064568e-05
0.0006622431924016157
-0.021457333489410545
0.022246531877339774
11.021187296130424
5.517850692179658e-06
1.6451742798019506e-05
0.0
1.9468997113695237e-08
5.751622305727784e-10
9.761146999235216e-09
1.1886107700952788e-06
-1.840422747534376e-08
0.0
2.7737071169559133e-07
-0.0001547895878351778
0.0
0.0
2.6165896672133605e-07
-2.4163615540697086e-07
1.054224818059781e-05
0.0
0.0
3.906023537217588e-08
-0.0023074637621736116
0.002307469820781616
9.946352019480178e-09
0.0
3.745428651181674e-09
0.0
0.00028007198360914857
0.0
0.0
-1.9315683748755315e-08
0.0
9.896974243327086e-09
0.0
2.3386876626231227e-08
9.94419151623821e-09
-7.866496031841856e-10
-1.0164953450531478e-08
0.0
0.0
0.0
0.0
1.2553426329820283e-06
3.712355387262819e-05
-3.839126977034368e-05
0.0
-3.8399652624785535e-05
0.0
0.0
0.0
8.370604206198612e-09
5.5176085371798795e-09
1.848298979940872e-06
1.0025181957137806e-07
0.0
0.0
1.1621551295385524
-9.634192398522085
8.47203727887942
9.895885463553079e-09
0.0
0.0
0.0
0.0
5.360515243091105e-06
5.314366073023033e-06
6.143118293126118e-10
0.0
8.992898343950477e-07
0.0
1.3269033054510038e-16
0.0
1.9549820413361847e-08
6.022181235445311e-08
0.0
1.2830113181902424e-08
0.0
7.328454328492404e-08
0.0
0.0
1.962199465015967e-08
3.2307293826770706e-10
1.2815264539822351e-06
0.0
3.996034789477296e-08
6.134812352015521e-10
2.713627322234564e-07
2.713627576698842e-07
9.994080438875327e-09
1.271574015568322e-06
0.0
2.6286829428461466e-08
0.0
0.0
6.108397099235011e-10
0.0
0.0
0.0
2.679453864762457e-08
2.2798886123999755e-06
0.0
-8.886130696981391e-09
1.0886200973443243e-07
3.8274980731057193e-08
0.0018274287868007715
0.0
9.987184761503797e-09
8.142801027265286e-09
1.4321316239569552e-09
0.0
0.0
-1.8561572085014166e-08
-0.0004997123606766962
-0.0005717273780902083
0.0
9.132290182867166e-08
-9.132290185608264e-08
0.0
0.0
-1.695669981892356e-07
-1.7576384452711263e-07
-1.6582578180046603e-07
-1.5519061826265758e-07
-1.7116231318189284e-07
-1.1548987271072624e-07
-1.2606900701096681e-07
-2.0373710984077347e-09
1.0478353954247173e-08
6.098781033204933e-11
5.737242541805026e-10
9.948973200835098e-09
2.7499105128038492e-06
2.9541109108029935e-08
0.0
2.992851933048326e-08
9.986005132186035e-09
2.623957542180012e-13
0.0
0.0
0.0
0.0
0.0
0.0
0.0
0.0005365304909295611
1.504550082022324e-07
0.00012720289738624114
-9.995049690871588e-10
0.0
9.863793396007942e-09
0.0
0.0
0.0
0.0
0.0
1.75901984964086e-08
7.877402198270442e-09
1.9916158410783777e-08
9.94897276933438e-09
0.0
1.3293268959813818e-13
0.0
9.89168861121646e-09
2.986513118813929e-08
0.0
1.9916158398310515e-08
9.946769842299977e-09
5.715530604243467e-10
-11.115697009875113
11.115695914411406
1.0954637061834525e-06
-2.483808827814793e-07
2.6806955354637295e-07
0.0
0.0
5.7708322396264194e-06
9.938059009043554e-09
7.718672247323561e-07
0.0
0.0
0.0
2.633615556755148e-08
6.018111566396015e-07
9.986179570012365e-09
6.103978425257229e-10
-0.002585252274628614
0.0
6.012523914264414e-11
2.5164908772297434e-11
0.0
2.516610569571423e-11
2.5167370266208075e-11
1.4199112047807994e-06
-1.5975894415252043
1.5975894321422939
0.0
0.00017181315803870708
0.0
-7.261313557510628e-06
6.144401246923409e-05
-5.422022194164708e-05
-5.42202219416476e-05
0.0
0.0
0.0
9.943264352510472e-09
0.0
4.101687218995612e-10
3.805870639337272e-09
0.0
-2.617953530036077e-07
4.993454230450692e-09
6.149589322565747e-10
0.0005861468224377537
0.0005861450255508771
0.0
9.685116468258575e-09
7.751576483763477e-08
0.0
-1.0406175401849222e-08
6.396447501534492e-05
-6.393470532360151e-05
9.989989920718182e-09
-2.253428645125708e-10
2.7138809872037976e-09
1.708815615035424e-08
-1.708815614703818e-08
-1.708815614183401e-08
1.708815614056218e-08
0.0
0.0
1.502852932416626e-08
1.5028529915159808e-08
9.909651519507401e-09
-9.94326611555873e-09
0.0
0.0
0.0
0.0
0.0
8.844447587786842e-09
0.0
0.00015728615414216743
0.00015728081428126968
-3.808081976489075e-09
0.0
0.00020093309644427708
9.826345584551471e-09
4.528764186289799e-10
1.0167276149339906e-10
3.2065112027188735e-09
6.711448075271969e-09
2.6213938997386813e-07
9.980751663037127e-09
9.98075169918921e-09
6.04557664424276e-10
9.980254789893986e-09
0.0
0.00020088731192487863
2.821003965354e-07
0.0002009169598436419
-9.68901273889399e-09
-9.867293075877578e-09
0.0
5.431574738004871e-10
-6.385664618390949e-09
2.9658802964822027e-07
4.8601530526876546e-08
1.7088156143670662e-08
0.0
4.8044670249588474e-08
-7.401417181686365e-08
-2.5969501571757037e-08
1.0025181943580194e-07
0.0
0.0
0.0
5.478006495130708e-11
5.477924151608613e-11
0.0
6.279415708358858e-11
7.648850655442196e-09
0.0
5.4778762322120984e-11
5.4778521001361394e-11
0.0
0.0
0.0
7.278394105277259e-09
1.3878176521569522e-08
0.0
0.0
0.0
0.0
0.0
0.0
4.521915123508526e-09
5.684985404922299e-10
0.0
0.0
0.0
0.0
1.9458805801637847e-09
0.0
3.549735926882853e-09
0.0
0.0
8.58480815174456e-09
3.440946777972219e-07
0.0
0.0
0.0
0.0
6.642065511616526e-09
0.0
9.333849627673749e-09
0.0
0.0
0.0
1.1322864976224688e-09
0.0
8.198231949172097e-09
0.0
3.362614884924123e-11
4.902249724788201e-09
7.965299507742032e-09
0.0
9.72106685799121e-09
4.529047717553566e-09
0.0
1.8012596039062027e-08
0.0
5.842284664394515e-08
0.0
3.5644260422580755e-08
0.0
5.559157054341232e-08
1.7922929003389173e-09
0.0
0.0
3.0362322327722825e-08
0.0
3.1107480672388393e-06
0.0
6.306955496934061e-17
0.0
1.4552608227287582e-05
1.457162729418248e-05
-1.760056973436337e-08
0.0
0.0
0.0
0.0
2.5075242662965923e-06
0.0
0.0
0.0
0.0
0.00013345625897956054
0.0
1.2881299457721867e-08
9.984785554431531e-09
9.980682722315085e-09
9.98068266527619e-09
9.946202573858476e-09
9.946202545365192e-09
9.968744190522228e-09
9.96874415883549e-09
9.769918445026433e-09
1.1097649391610328e-17
9.7699184308404e-09
1.1551635408535323e-06
3.729061292382054e-08
1.1909886549032902e-06
0.0
1.0203847004790442e-08
2.9647627869649334e-08
9.897464434324865e-09
5.229593776058896e-10
0.0
9.90913649821777e-09
5.344624336028915e-10
9.909136481718577e-09
9.841026742888215e-09
9.841026743506731e-09
1.3429268074753691e-06
1.3429268074941555e-06
1.342926807466439e-06
2.4884409685489825e-06
0.0
2.0898745078923753e-08
1.0482862410634482e-07
0.0
2.4684218287920195e-08
0.0
3.20837255136445e-10
0.0
0.0
1.526704180693113e-08
3.016018019159333e-09
0.0
0.0
-1.6297897010510934e-05
0.0
0.00018588107502111962
6.802423599024637e-06
0.00019890143179034997
3.2655904670271848e-09
3.2663608409025404e-09
3.131183035139428e-08
2.139946960868148e-08
9.91236071001822e-09
5.056832928199338e-10
9.880014004958423e-09
3.2677931039170643e-09
0.0
0.0
0.0
0.0
0.0
0.0
2.8455873900430803e-10
2.845587160951171e-10
1.687229916351674e-10
0.0
0.0
0.0
0.0
0.0
0.0
1.9088603205443403e-08
-1.6924675465219757e-10
0.0
0.0
0.00019798303164273766
0.0
1.3429268074862408e-06
-9.324901672271704e-09
0.0
9.928947885207383e-09
3.0099704455182617e-09
0.0
6.236897469350272e-12
0.0
1.1354111069818754e-07
1.1354110945908557e-07
0.0
4.9864868790183776e-08
3.006523439344436e-08
0.0
0.0
0.0
1.8368613255535943e-08
0.0
1.082563520144601e-07
0.0
6.25799973031152e-08
5.298341945844838e-08
3.2507333320823395e-08
1.3233598464957202e-06
0.0
-3.6198297144785933e-10
1.32335984637189e-06
6.204605797847012e-09
0.0
1.3059485261758568e-07
8.774833441156354e-09
0.0
0.0
1.582833775748332e-08
-1.348735068467115e-11
0.0
0.0
0.0
0.0
0.0
-2.6740048977152986e-12
0.0
0.0
0.0
0.0
-6.822187379266088e-05
0.0
1.1657607864325211e-07
0.0
0.0
0.0
2.05080553950983e-07
0.0
-8.350801161024073e-09
0.0
2.881811680663371e-06
2.8818116831587706e-06
0.0
1.9780567828634675e-08
5.1704197291422924e-17
-5.188063477101442e-09
0.0
0.0
0.0
0.0
8.8013471572634e-06
0.0009211948980775939
0.0
3.3680434171572957e-06
0.00027336046424675356
0.0
0.0
0.0
0.0
3.651947525625804e-09
6.123603053083457e-06
0.0
0.0
0.0
3.111035271213869e-05
9.790766394516836e-09
2.0370159323742343e-05
0.0
9.914139644477926
0.0
0.0
1.6752152711122644e-06
3.901140881897025e-06
-2.0243064316927302e-08
6.680857668299456e-10
5.377290107906163e-07
1.2530946303995413e-07
2.7815696678487947e-09
-2.3436683936509356e-06
-2.3121950137872105e-06
0.0
1.0345108426465335e-08
2.975468269160991e-05
0.0
2.9774142206105666e-05
0.0
8.806422833379358e-06
0.0
0.0
0.0
1.9823776483165537e-08
5.960668725319402e-10
9.851059718611841e-09
-9.761874707561215e-09
0.0
0.0
0.0
2.6314633306780827e-10
2.8143890163211134e-08
0.0
0.0
0.0
0.0
9.358973917715735e-09
0.0
5.299414076029365e-09
1.640213979060346e-05
1.6402139790603443e-05
1.678846586923577e-09
0.0
5.22901976081916e-07
0.0005410261012073452
9.987981845112673e-09
5.596661253282854e-06
9.990806960129155e-09
2.1297345772452487e-09
9.990288035389612e-09
9.97762610114881e-09
0.0007458316235516041
5.983566257629068e-08
1.1956781485840547e-07
9.984040096215387e-09
0.0
9.981816393184568e-09
5.546270919767227e-07
9.952570107708273e-09
8.347318421091934e-07
9.992032167621873e-09
1.6564746238987964e-07
9.991039058581552e-09
0.0
9.991595760665732e-09
0.00182731378887916
9.990150501587428e-09
0.0
0.0
0.0
0.0
0.0
0.0
3.2317212677720663e-10
0.0
2.1297345044318563e-09
0.0
0.0
1.2119292735176264e-07
0.0
0.0
0.0
0.0
0.0
0.0
1.3220787333715143e-09
8.370416853730777e-08
0.0
3.0062727456182086e-08
0.0
0.0
0.0
0.0
0.0
0.0
0.0
0.0
0.0
0.0
0.0
0.0
0.0011663673511759808
0.001166289081158789
0.00015183656932431623
1.473742816159217e-10
-4.985156763996804e-10
9.988461597921644e-09
9.98760482093906e-09
5.828319475170532e-10
9.065264697238854e-11
0.0
0.0
0.0
0.0
-3.3739839169072416e-09
4.3315191779255656e-11
2.908964587276214e-11
1.708815615179647e-08
0.0
5.614081462160398e-09
0.0
0.0
5.626245091911834e-09
2.986513118559274e-08
5.435436417936488e-11
8.078009289822257e-09
0.0
0.0
0.0
0.0
3.4460571464217564e-08
2.1070730114850964e-07
9.977417825095258e-09
9.612438357606507e-09
9.612438251404773e-09
3.334021860673664e-10
4.954548313082632e-07
5.92226097509782e-18
1.993838367121623e-08
1.9938383802959278e-08
1.2030326661589238e-06
0.0
0.0
3.3506257524918424e-07
1.0407873699051165e-08
0.0
0.0
0.0
0.0
1.0478353140767092e-08
5.890075992675639e-10
1.9938383405056303e-08
1.993838327033486e-08
0.0
4.1479258053219445e-10
0.0
5.336723416131829e-10
0.0
0.0
2.338339832671007e-09
0.0
0.0
1.2245347628849946e-06
8.412981470608098e-10
0.0
0.0
4.6606566050833467e-07
1.9773402112385007e-09
2.2369202186009532e-07
0.0
2.9750449943432314e-08
2.8144216073542345e-07
1.0886200983759626e-07
0.0
0.0
0.0
0.0
1.1908865853904373e-06
4.899967762925628e-08
0.0
1.942265851347899e-09
1.2831675300076307e-07
4.074765966547439e-08
1.4083421761335381e-08
0.0
9.973904531239154e-09
5.982983131861398e-10
0.0
0.0
0.0
0.0
9.761146963285209e-09
0.0
0.0017039170302146473
0.0
2.6880933362269857e-08
0.0
0.0
1.4170726320918195e-08
1.248411080364056e-08
8.860969767249504e-09
-4.1781817483599326e-07
0.00010060270184210732
1.2287984131722253e-08
-0.0006489390511106783
0.0005912783009413716
0.0
-0.0005483358788754278
-1.071672618330583e-06
0.0
0.0
0.0
0.0
0.0
0.0
0.0
3.056562308222983e-09
0.0
3.6464306214080874e-08
0.0
4.067848762420647e-09
0.0
2.4669722843166036e-09
0.0
2.3543183372842964e-09
0.0
2.1027869634294286e-08
0.0
1.8588539081152404e-08
0.0
0.0
2.676412214408774e-08
0.0
0.0
0.0
1.1184970707166505e-08
8.858335214178395e-09
0.0
0.0
9.844164588423629e-09
6.554421436427599e-19
0.0
6.192022006246134e-09
9.928947652647972e-09
-1.0009868401529565e-05
-5.739458549466891e-07
9.869847559888655e-06
8.584804969197995e-09
3.4409467376519423e-07
0.0
0.0
0.0
0.0
6.642059148489726e-09
5.4206451001774955e-08
0.0
1.1086320064968251e-08
1.1611753196586047e-07
4.0734603489189694e-08
1.5737855108806407e-08
1.6105867165649144e-08
0.0
3.667432776656716e-08
0.0
0.0
1.0089128234366406e-08
2.068624730330916e-08
0.0
0.0
0.0
7.278392361240766e-09
1.3878174223310407e-08
0.0
0.0
0.0
0.0
0.0
0.0
4.52191280325736e-09
5.684964811389487e-10
0.0
0.0
0.0
0.0
1.9458788142320634e-09
0.0
3.549733869786679e-09
0.0
0.0
-1.9860155338097436e-08
0.0
0.0
0.0
0.0
8.784370782289001e-09
8.78437077819847e-09
2.050805538810604e-07
-0.00013092095751587152
0.0
0.0
6.295291429720934e-08
-9.47451361810181e-09
9.907718753406102e-09
-5.330652113797044e-10
9.511867089522729e-09
1.431168441730874e-10
0.0
0.00022550241445748616
0.0
0.0
3.59170665634585e-09
3.7485451830926e-07
-2.7175859163145464e-09
-0.0032102316841502443
-1.8205171183808068e-06
1.5911079213886282e-06
0.0
1.8501560874462972e-08
0.0
0.0
8.724445159217134e-09
9.969388522416328e-09
5.93847026443657e-10
9.969388498759502e-09
0.0
8.502610950451253e-09
8.502610988646634e-09
2.616589667159275e-07
2.616589668269555e-07
0.0
0.0
2.715403281342615e-07
0.0
2.616589667796244e-07
-3.7270536398783733e-10
1.4636040913098348e-08
9.976479803714114e-09
9.976479444211844e-09
0.0
0.0
-0.011524229655910963
0.011524247105799768
9.96545611500755e-09
-4.593182433458931e-07
7.792643790304243e-09
0.0
-5.58476239275358e-10
0.0
0.0
8.83490324103789e-09
0.0
4.983394504050587e-08
0.0
6.180301089989238e-09
0.00010060270184207611
9.892594715621428e-09
0.00010060270184206185
9.892594709616136e-09
0.0
0.0
8.834899687907808e-09
0.0
4.983394090629623e-08
0.0
6.1802946792007646e-09
0.0
0.0012644045436402962
9.952543798944503e-09
0.0
2.645197223457088e-08
5.533806213699307e-08
0.0
0.0
6.032479946821586e-10
6.4710132715427624e-09
7.488332237397372e-07
0.0018274453049743505
1.176962214385728e-08
5.565258488756555e-06
1.1831221298455153e-07
0.0005410523977132983
6.471683617780755e-05
6.11455173858963e-07
2.7370144484323404e-10
9.644243672866105e-09
0.0
1.1829086985619354e-06
0.0
0.0
0.0
0.0
1.703705636785213e-09
0.00013983310533644623
0.0007457653021947628
2.0508055373310014e-07
4.151227883557425e-10
4.15122784691164e-10
0.0
8.792847090045302e-09
0.0
-1.2350911733381028e-10
0.0
0.0
0.0031216743966155634
0.003121674396615629
0.0
9.788508963096048e-09
4.155955452428969e-10
0.0
0.0
0.0
2.1583591605648128e-07
0.0
-9.464214078370526e-10
1.0478353439944186e-08
8.985227794874959e-07
8.985227794874321e-07
0.0
1.9780567497169626e-08
8.220659690799927e-09
0.0
9.907844669265059e-09
9.907844668159506e-09
9.90784467144024e-09
9.907844670309873e-09
5.331892695378477e-10
0.0
8.552721843697411e-07
3.2407342329060917e-09
0.0
0.0
1.334213901498528e-07
2.721614864204393e-07
2.6556752433357537e-07
0.0
0.0
0.0
0.0
-7.556202392211165e-07
-7.559934757022346e-07
0.0
0.0
0.0
0.0
0.0
0.0
0.0
0.0
2.3806799480890043e-08
2.012934225127308e-08
9.2303108636936e-17
0.0
9.233309066370434e-09
9.233309070802078e-09
0.0
0.0
9.923352954920072e-09
0.0
0.0
0.0
4.000468006087742e-17
3.4883202845695904e-17
0.0
-4.5304348990165356e-10
0.0
2.3051216279593934e-11
-8.200520082435325e-09
8.365920156176709e-07
3.1205970474371836e-06
4.139355317858553e-05
0.0
0.0
-1.420230753502233
1.4202307691235925
8.592612851501997e-09
1.374418222973203e-09
2.3806799593694017e-08
2.3806799560188993e-08
2.3049385415474715e-11
0.0
0.0
-9.918111114406042e-09
0.0
0.0
0.0
0.0
4.5304313173813974e-10
9.826514775417158e-09
0.0
-2.1575623232461538e-17
0.0
3.982386929254912e-08
2.994988016619127e-08
2.3806799529149706e-08
2.558086330542323e-14
2.5580863310877482e-14
4.740743371420686e-10
0.0
9.84823425684617e-09
0.0
0.0
0.0
0.0
3.4386313372888714e-07
0.0
2.304452092139543e-11
2.304715135041766e-11
4.4791373680328877e-07
1.6352236456262912e-08
1.0090744392154498e-07
-1.5767554076972188e-07
0.001764608368618298
0.0
0.0
0.0
9.886195932750676e-09
0.0
9.886195935343313e-09
0.0
-9.784131207047492e-09
0.0
0.0
-5.65011948523448e-10
9.722843465016906e-09
-3.741158690201418e-07
0.0
-9.897045894555602e-09
-3.6356931053470185e-10
-3.635693105554539e-10
0.0
0.0
0.0
-9.764811414062565e-09
0.0
3.2504524015504686e-08
0.0
0.0
0.0
0.0
0.0
0.0
1.2566236960215306e-09
8.737457024185606e-09
3.8863732428744955e-10
7.073867311423804e-05
0.0
5.403060686472682e-05
0.0
6.783925160085893e-05
-6.781935242669928e-05
5.713891851483232e-10
9.877160315936046e-09
9.877324513851704e-09
0.00027724505656707353
1.438556023718423e-07
1.5890488183698224e-07
0.0
5.772440470969835e-10
2.6806955353639495e-07
0.0
0.0
6.136514328371689e-08
9.935488232137857e-08
0.0
9.941545475103256e-09
1.0508924787170671e-08
-1.0508925029121229e-08
0.0
-3.836475027635644e-07
-3.7003335554820717e-07
0.0
0.0
9.78686581158707e-09
1.6648695382651215e-08
6.8674890335145575e-09
0.0
5.64017342226772e-07
1.0508923509178203e-08
0.0
9.87699611210963e-09
3.250039343970188e-08
0.0
-7.114693511087178e-05
0.0
2.2757566134192273e-07
1.1418625182438187e-06
1.1408127851802602e-07
1.236058278305869e-06
1.1408127853147926e-07
0.0
1.988551846978423e-08
5.739700672730336e-10
5.242390332837164e-05
0.0
5.242194247994917e-05
0.0
5.611637726719542e-18
9.927737960599558e-09
9.927737974991495e-09
-11.11569702887861
7.465972865777241e-17
0.0
9.983677358189084e-09
9.983600862587483e-09
4.325787754202922e-08
5.2802402888427687e-08
0.0
0.0
8.766089626072567e-11
0.0
9.455541213742107e-09
9.813267176984587e-09
9.813267654547515e-09
-1.8501560727912647e-08
2.1797863018553416e-16
-3.1100190867050514e-08
-3.1388269359535475e-08
1.6422432255835746e-13
0.0
2.4163615540667795e-07
9.969432721534761e-09
9.983727859314827e-09
6.079811263373504e-10
0.0
-9.796721788664925e-09
-9.972420230692196e-09
2.2369202329520177e-07
4.178181745858182e-07
2.2368290669240902e-07
2.4163615543372514e-07
2.4163615549894107e-07
2.2369202319292175e-07
2.2389544240569778e-07
2.2966594000088553e-10
0.0
0.0
5.938905562266302e-10
0.0
0.0
9.974397033430742e-09
5.98783714374305e-10
1.2904089494384403e-10
1.2903989877446156e-10
9.974414903399231e-09
9.96402480298529e-09
5.88560182934727e-10
1.2903781744512282e-10
9.974414979762236e-09
0.0
3.451495328353353e-08
2.236920221998391e-07
0.0
1.2903574884203313e-10
1.1079356378056394e-10
0.0
0.0
0.0
7.780812908524115e-07
5.941196555079318e-10
1.199135551545202e-10
1.2903259499884763e-10
0.0
0.0
0.0
0.0007464152639684073
2.050805538252398e-07
14.100474449083713
-14.100474439158539
9.925175997911595e-09
4.954548312706182e-07
7.879957348900062e-09
7.879957360587423e-09
5.200007168932842e-07
1.6248603585273593e-07
0.0
0.016665920364026806
-0.016665830620887858
5.895190999318533e-10
0.0
1.8197543028009022e-08
0.0
0.0
1.957395234824166e-08
9.86115864553866e-09
0.0
0.0
0.0
5.200007167923697e-07
0.0
6.069111132813319e-10
1.930837603132229e-08
9.987981770646914e-09
0.0005463451659556959
0.0
1.9975602108133952e-08
6.118177308314222e-10
0.0
0.0001272026027777461
2.8858023571079746e-09
0.0
0.0
0.0
0.0
1.2700710313724992e-08
0.0
1.1194826176855989e-08
3.284306897362755e-05
3.285811587488604e-05
0.0
-6.648693965174979e-12
