0
2.0898052799780733e-06
2.128923867916575e-06
0.0
2.843316039047563e-08
4.195207680131269e-06
2.1052746778319397e-05
5.613872759169498e-07
0.009338077790085777
4.305722699205497e-06
0.0
6.502365492738194e-09
1.024426571753069e-06
1.11008839220298e-09
1.368761739398968e-09
5.041518220696116e-09
1.5168257522084346e-09
1.3321641837184313e-09
8.661089348219366e-11
0.0
0.0
0.0
0.0
8.398419474971256e-10
3.170914372737944e-09
1.0476047634566026e-05
1.9798519760152514e-09
0.0
0.0
0.0
0.0
1.3556511235215462e-06
0.0
0.0
0.0
0.0
1.8474324108362046e-05
2.7215171889903888e-11
0.0
0.0
1.1098255389058436e-10
0.0
1.2613914975998715e-09
0.0
7.200387821082782e-09
4.038333665950355e-09
1.3385529633927402e-08
9.747088910261425e-07
3.57663030704264e-06
3.707691160932252e-06
0.0
0.0
0.0
0.0
0.0
0.0
2.0556973283817382e-07
0.0
9.921762167142644e-10
1.9662155503536326e-05
0.0
0.0
0.0
0.0
3.3026518119082603e-10
0.0
0.0
4.59337552649149e-09
0.0
0.0
4.441284909716558e-06
9.755876236788532e-09
0.0
7.695205049351526e-09
-4.860747488691113e-05
0.0
0.0
0.0
0.0
7.67556969996904e-10
3.4450624173828673e-09
0.0
-4.86074748871868e-05
0.0
0.0
0.19678863343276176
-2.3346541804676065e-07
0.0
0.0
0.0
4.3815774631833084e-10
0.0
1.4630226310711482e-10
0.0
0.0
-6.614597964314492e-06
7.283579376350879e-10
3.450657790381805e-09
4.51757234904276e-09
0.0
2.714925952392812e-07
0.0
2.0740382333005468e-09
0.0
1.2284402243099887e-09
0.0
0.0
4.2775560740236595e-09
7.416384045102468e-10
0.0
3.2775758724875283e-09
1.8762623321145259e-10
0.0
1.981935161930187e-09
1.1710237059964815e-09
0.0
0.0
2.1410625470264396e-09
0.0
2.3533740633293112e-07
0.0
2.6743595966587e-06
0.0
6.6068162183503e-09
0.0
0.0
0.0
-1.3455176420895434
1.3453671741063609
8.751245340498482e-09
7.74654505088964e-09
0.0
4.38739506694371e-10
0.0
4.3820069814453365e-10
0.0
0.0
4.3869899386329633e-10
7.62801761723336e-05
9.815873472756944e-10
1.090468069547449e-09
4.238489250260707e-10
0.0
5.960132641911344e-10
4.392694572100309e-20
0.0
3.899086847483905e-09
0.0
0.0
4.7158497141007696e-11
1.59477292015277e-10
0.0
0.0
1.181121140027402e-09
2.76888718594592e-10
1.983708179617371e-09
4.079987378673937e-09
5.708873641888078e-09
1.248420181488904e-09
0.0
3.370302349491428e-10
0.0
0.0
0.0
-0.09689787849788395
9.536107229825086e-06
1.983708179617371e-09
0.0
4.1744094987170744e-10
0.0
1.1948263466709813e-05
1.4169890711872497e-05
0.0
0.0
1.0508295313008495e-05
0.0
0.0
7.564095780327327e-07
7.490452033139894e-06
1.936163012913089e-09
0.0
3.477205136887639e-09
0.0
1.211633668492086e-09
3.336549907800664e-06
-1.2589048946855073
0.0
1.1171283106699992
0.0
2.9850118100847936e-05
0.0
0.0
0.0
0.0
0.0
1.6970955428047227e-06
2.740293269477633e-05
6.215858574758663e-07
8.782092312026866e-06
2.002523027088478e-07
0.0
0.0
0.0
0.0
1.4802408679052812e-06
5.801284656140639e-09
-0.0018228316620834775
0.0
0.0
0.0
0.0
0.0
4.513055488672562e-09
0.0
7.986779276064586e-09
0.0
3.5362335674934793e-09
3.880725116042953e-09
0.0
7.94833062143808e-09
0.0
1.6593803600549338e-11
4.248047639449852e-09
2.1464960094111853e-09
0.0
0.0
2.7462069481858147e-09
0.0
2.8433163046502373e-08
5.900856123649799e-20
8.157293997025423e-09
4.10989414617149e-09
4.10989414617149e-09
-8.101245795818224e-05
8.79469654797701e-20
2.39479199124685e-09
8.77537934332177e-09
-6.452981145776717e-06
8.831579737242068e-11
-1.2046889454880815e-06
5.506727330525914e-09
3.5486652219752177e-09
0.0
0.0
-0.10142637203845303
-3.0163714720914655e-06
0.0
1.3553609357371764e-09
0.0
4.4267095200894516e-09
5.746446386926721e-20
0.0
-0.5135071722832087
1.6150939700788333e-24
0.0
0.0
0.0
0.0
0.0
2.169452686725028e-10
3.0325831767850165e-09
0.0
4.7450086591617284e-07
-0.009009979808214
1.6774184172689552e-09
5.511097825156351e-10
1.645104412066431e-10
3.915439232267458e-09
1.7529122338140307e-09
4.0157511473774106e-07
3.81799477709634e-09
5.726994387587026e-10
7.147911158459539e-11
0.0
0.0
0.0
0.0
0.0
1.27786765592288e-06
2.4244067988351714e-09
4.460591198301808e-21
0.0
1.0381832210664735e-09
8.831579737242097e-11
0.0
0.0
5.583314022663674e-06
5.693137615997885e-10
0.0
1.0759546906281133e-19
0.0
-0.002386618224402649
1.3518651277262881e-06
0.0
3.292176052317411e-09
7.219751880317159e-09
4.791106671360898e-09
6.542265348011186e-10
7.811674091000349e-09
0.0
7.2887429936117395e-09
4.3471203480478014e-06
0.0
1.1313575790536634e-06
1.481661907208631e-06
0.0
2.061350705032958e-09
3.683511736870256e-11
0.0
7.283579371084176e-10
0.0
0.0
7.576070702317475e-20
0.0
1.1710237059964818e-09
1.4767002023644307e-06
0.0
4.366960906402865e-09
2.5005040996661332e-09
1.5324280564760833e-09
2.7705782740087246e-09
3.0049725237341165e-09
0.0
0.0
6.240820163859143e-05
1.808923434486751e-06
0.0
3.4476100939137264e-05
1.0323396735514995e-09
0.0
1.6441245799470214e-09
2.2209256664659253e-10
-3.1844664158965933e-06
8.575785757521063e-05
9.032842157393193e-05
1.3705568196905237e-05
4.234667533707762e-06
0.0002216146725696463
8.412508480669534e-05
9.533506517979783e-06
-4.305722699205493e-06
-4.305722699205488e-06
0.0
0.0
0.0
0.0
0.0
0.0
0.0
0.0
0.0
0.0
0.0
0.0
0.0
0.0
0.0
8.929882176860198e-05
6.102794785356636e-05
2.1670902994127745e-05
0.00013337483886620538
2.5766357434163715e-05
4.069495319067024e-05
2.9083487790308667e-05
0.00013934766857220924
0.00016257175764462296
1.2831577951734139e-05
3.830161046275053e-05
4.843552526840376e-05
1.0741186608028176e-05
2.0938315116603603e-05
4.595283271590548e-05
0.00015574376373456397
1.2834748092100073e-05
3.829466745804936e-05
4.759205782613764e-06
1.0744656065771617e-05
2.0940685491872615e-05
0.0001266593966980236
1.579954128994998e-05
1.1618997810980906e-05
5.9270367862196394e-06
3.1870595237972184e-05
0.00011233559659985416
5.029784481580135e-05
2.245391393379095e-05
1.5806106033046205e-05
9.91307211025217e-07
5.9382391132944685e-06
3.187549580555188e-05
0.00011234791622817982
5.031091982030177e-05
0.0
0.0
0.0
4.180069904730332e-10
2.671103858456748e-05
0.0
1.0476047634565957e-05
0.0
0.0
0.0
0.0002669121039446102
0.0004203256086812617
2.330733603416953e-05
0.0003514130319830287
2.3307336034635667e-05
7.163084421863283e-05
9.766584452840953e-05
2.666355779216217e-05
2.5180020091889625e-05
8.289535817857854e-05
8.289535817904346e-05
8.289535817950872e-05
0.0
0.0
-1.0476047634566018e-05
1.0476047634566011e-05
0.0
0.0
1.9828806088229345e-10
7.920390176229628e-10
0.0
0.00026691210394449375
0.0004203256086811452
2.3307336034053023e-05
0.0010789816330558776
2.3307336034519115e-05
7.163084421851613e-05
9.766584452829293e-05
2.6663557792045475e-05
2.5180020091772975e-05
8.289535817846237e-05
8.289535817892718e-05
8.289535817939237e-05
0.00026691210394437726
0.00042032560868102863
2.3307336033936505e-05
0.0010789816330557607
2.330733603440255e-05
7.163084421839941e-05
9.766584452817632e-05
2.666355779192877e-05
2.5180020091656304e-05
8.289535817881092e-05
8.289535817927602e-05
0.0
5.8041499514756234e-05
0.0
0.0
0.0
0.0
2.240884708039003e-20
0.0
0.0
0.0
0.0
-1.9238001453053488e-07
0.0
0.0
2.128923867916292e-06
-1.3556511235236686e-06
1.3556511235270392e-06
0.0003640196757250262
0.00012844588782545647
0.0006738962986939831
0.0016519647242145765
0.0018822205887779261
0.0005497084632158935
0.00016012302615748685
0.001607662433430207
0.00018486582179248707
0.0002634194263985672
0.0001635202315991279
9.413496903899934e-07
0.0
0.0
0.0
0.0003394383615777171
0.0001422708721810493
5.691079689227982
0.0
0.0
0.0032423187842937004
0.0032423122430382994
0.0032416906571808004
0.003057668314054968
0.0028809515387025865
0.0022220789483893767
0.0024273009846885827
5.183475312480567e-05
0.0
0.0
0.0003937431613807135
0.0
0.0
1.0164060296754893e-19
5.723849493757988e-17
0.0023925792258040965
9.785849962331131
0.0
0.0
0.0
0.0
0.0
0.00020144699022580693
9.413497003609063e-07
0.0
0.0
0.0033589053152268677
0.0033589053152268677
0.0027131356543094952
-3.2946574099607364
0.008164460275037857
0.00020144323490040324
9.413496954261382e-07
1.3032406292024594e-09
0.0
0.0
0.0
0.0
0.0
0.0
-0.003242318757078511
-0.003242312243038281
-0.003241690657180784
-0.003057668314054951
-0.002880951538702569
-0.0021477297357946038
-0.0010950402007197605
2.6672762121138636e-05
-9.244223966402087e-05
0.0029514877773833465
1.3385529647674808e-08
0.0
5.331405582465272e-16
0.046385865512791516
0.04638586551279068
-0.0029514877773833452
0.00040253370208117423
7.904357656719378e-05
0.0004147846196104169
0.0009091688789663957
0.0006367580725481888
4.4247281139384984e-05
0.0002218871149111153
1.2686979875072306e-16
3.304399521996368
-9.747088910261476e-07
9.747088910261554e-07
-4.455051599780132
4.4550331254560245
-1.847432410836205e-05
5.0155857805007476e-05
6.247674799017911e-06
6.247674799018022e-06
0.00021274848076445802
-3.5766303070423073e-06
-3.5766303070424903e-06
0.13607746890770844
0.08894235773365011
-0.00020121138110001398
1.3556511235528023e-06
0.0001692519094535719
0.00026219816952274453
0.00010037663341346693
2.061390712853741
-2.0613944179824513
-3.7076911609321405e-06
6.8642790368862e-17
4.529462129023601e-17
2.3457473096167456e-09
2.3457473080094534e-09
1.3109787852771657e-06
0.00042310347447056476
0.0024421649166810003
0.0035301291422708833
0.004282741542165735
0.0035301291422708833
0.0004028788002691818
2.9445291086177826e-05
5.804139839841982e-05
8.219294308570172e-05
0.00011164678752000005
0.0
0.0
0.0
8.238836947531324e-05
3.1783208541066886e-05
3.176669859098794e-05
8.747428366145604e-05
9.415007520634637e-07
6.240820163859137e-05
5.80369491772372e-05
0.0
0.00043763059392288927
9.132040887163865e-05
4.057995428432344e-05
0.0007366826628321024
0.0008066485328126803
7.127667261197217e-05
0.00019853120129793934
-0.0033589053152268677
0.0
4.195207679783196e-06
0.005169161130452758
0.004282741542165734
-0.004282741542165733
0.0337811630196711
0.0
0.0
0.00018648195386989096
8.7327222415605e-05
0.0005601022895624136
0.0
1.1806530580272446e-05
0.0021650926314744777
0.00047166834350554753
-0.006535561017934732
0.0006337369451430649
0.0
0.00037468609705220676
10.917827348772146
-11.595114395964494
0.676912155525562
-2.0556973283817985e-07
0.0
0.0
0.0
0.0011187612200210183
0.0002389260558503717
0.0
0.0
0.0
0.0
2.385625997511053e-05
2.3856259975110463e-05
-1.9662155503536245e-05
-1.9662155503536293e-05
0.0
0.0
0.0
7.379913124845446e-10
0.0
0.0
0.0
0.0
0.0001139841638787268
0.0
3.179122079302512e-05
0.0
0.0
0.0
0.0
0.0
0.0
2.8433160345012688e-08
1.2523387228382335e-10
2.089805279819291e-06
0.00019937557267573445
7.855550759772634e-05
0.0
0.0
0.0
0.00020145043528822443
0.0005308328977374143
0.0005308328977374146
0.0001635202315991278
2.8433161637582788e-08
5.335145527366712e-05
5.335145527366688e-05
2.562891316162581e-19
5.808618179016941e-18
0.00037506136204707515
2.347757090277277e-05
2.02600865630851e-05
0.0007286567794488108
0.0004587283225187947
1.4042413446402593e-08
4.4061034198977035e-05
2.7472340034099555e-05
5.556600566442159e-05
0.0003945245330473323
0.0001805120995175854
0.00017802975002939462
4.423323872593917e-05
0.00017782608071213878
0.0
4.16503307310204e-06
0.0
8.636496492344308e-06
1.8574581928830053e-05
2.457304102694694e-05
0.00010356823889624259
0.00010356790863106142
0.00010356823889624261
0.0001035682388962426
0.0001035682388962426
2.86986488025205e-20
3.1263261311182055e-20
0.00015826126475625198
0.00010196793898675254
0.00026022778454323737
0.0
-1.7574285936722533e-05
4.4833915701868724e-05
1.756645358578213e-05
0.0006651594491660353
0.0028378031451958543
0.0028378031451958543
0.0
0.00012018187130636364
0.0007853259391135936
0.0
-0.010140620354396404
0.0
0.0
0.0
0.00034805515543228515
3.890826639346101e-05
1.0676156377011e-06
0.0026370104688751297
0.0
5.055262115922422e-05
-8.945371368623065e-05
0.0
0.0
0.0
5.380241023848532e-06
0.0031043402358525056
0.010140620354396404
1.0208046017025624e-07
0.0
0.0
2.1184976388780797e-05
0.0011944478109852962
-0.029623409717185252
0.0
7.530197707429183e-05
9.09935219791484e-06
0.00014095692437235172
6.696545231928011
-6.696736123200171
-4.441284909716571e-06
0.0
1.3120265300172869e-05
-0.00041591604007982754
0.00018180914449933059
0.0002332123757010583
0.000886419588287022
0.552907071901883
4.925858106783294e-10
0.0
0.0
0.0
1.139310611654036e-06
1.1393106115407146e-06
1.1393106114275243e-06
0.0024421649166811274
0.0
2.0076953959062817e-09
0.0
-2.824949774444626e-10
2.8433157564402863e-08
0.0
0.0
0.0
0.0
0.0
7.522799516549023e-14
3.7769440810580505e-14
1.1206719819047889e-13
9.542172899165802
4.8607474886911144e-05
1.024426571753038e-06
0.0
-9.542221506640688
0.0
8.393465438217756e-17
8.205913782192758e-17
0.0
0.0
0.0
1.0476047634565876e-05
0.005350983123391908
0.0005701075108781322
0.0
0.0008127652225519543
0.0010319865342146989
0.0
0.0018447517567666532
2.751546357576019e-05
5.1081659283839606e-05
0.00020260732502408986
4.950514429363669e-05
0.0004280099850054427
0.00026488059379413246
0.00018439052335833295
0.0
0.0
2.2312392286397562e-05
4.017011664280516e-16
4.0168199148274324e-16
4.0827208513397604e-16
4.0165017982991656e-16
7.85555075977263e-05
0.0
0.0
0.0
0.0
0.0
0.003021441935761983
0.003568611055200555
2.0825166693053543e-06
0.0
0.0
7.056940655530484e-20
0.000687109037254637
0.00021143304741931153
0.00021143391469005896
0.0
0.0
0.00013901939964080126
5.700178986920335e-05
1.59663363276091e-05
1.2548264234755315e-05
9.426576769064098e-05
2.059342911132442e-05
3.27418705180698e-05
0.0001390193996407996
5.700178986920124e-05
1.5966336327607433e-05
1.2549916958893476e-05
9.426705326750083e-05
2.0593429111322197e-05
3.274253295505333e-05
2.4303737443593405e-05
4.86074748871868e-05
8.753399538143918e-06
0.0
6.0589308780086114e-05
6.058930878008611e-05
-0.19678863343276176
-0.19641271022153378
8.744793194067822e-05
0.0005333864124426848
2.3346541804676383e-07
0.0006210678098014097
0.0
0.0
2.3537519685704233e-07
0.0
9.43024581535805e-06
0.0
0.0
1.882541049095625e-05
1.8825410490956243e-05
1.882541049095623e-05
1.8824972333209938e-05
1.882541049095624e-05
0.0
2.278629343007742e-06
2.5597883416434465e-06
0.0
0.0
1.3304787231947787e-10
0.0
0.0
0.0
0.0
2.7215697010440734e-05
4.864537155363989
0.0
0.0007044055128652436
-4.865268776573863
0.0
4.864564371207302
0.0
0.047072991185266096
8.74540711218878e-06
5.05318571463618e-10
0.0
1.3254914927119556e-11
0.00028165192784288104
-0.0002816519278428414
-7.434921259475681e-05
-0.0013322607839688057
2.516199100368304e-05
0.0017590675555260438
1.6193909964724112e-09
4.94761313613452e-09
0.0007151820925498585
6.614597964314497e-06
0.000721803168078159
0.0
0.0
2.26066932222747e-19
0.0
0.0
0.0
0.0
0.0
0.0
0.0011370701304567546
0.0
0.0
0.0034532821799896887
4.40435968200713e-20
0.0014387074118591445
1.1229236594400612e-20
4.566100990175281e-05
0.00038177887971597025
0.0
0.00033611774324131954
2.0181873845846705e-05
0.0005269520962151477
0.35287163254468784
0.00011656826378856146
0.0
2.902405436953308e-05
5.5761599714529195
-5.576160241335255
-2.714925952391084e-07
0.0035803494153630678
-6.278640194210954e-05
0.0
0.0
0.001304208315783282
0.0002730177614609303
-0.00048543283062823985
0.0
0.0
0.00012841044812412198
0.00025416550828729766
0.0001227190872769787
0.0002729775593871626
0.0003211625013153608
0.00020533857167059577
0.00043945342693009774
0.00032625966382748346
0.0
0.0
0.0
0.0032056725592068363
0.003465166881519186
0.0
-1.0244265717530557e-06
0.00036411953836374566
0.00011488995900121517
0.00022918361052738363
0.000657977066385546
0.0012683160059365976
0.000285443944718516
0.00025332470266011583
1.08163400709571e-05
8.33006614620514e-06
2.8433158971752412e-08
0.0
0.0
0.0
3.0888084663536544e-05
0.00010351432757161003
9.156848964599161e-11
0.0
8.89142120992134e-09
0.0
0.0
0.0
0.0
0.00356988949217024
0.0
-8.865080421812033e-05
0.0
0.0
0.0
0.0
0.008164460275037855
0.0027131356543094952
0.0007754721073957377
0.0
0.0
8.0056545208804e-06
0.00012691107214090353
0.00011890541762002313
1.4505368990912428e-19
0.0
0.0034651668815191875
0.0034651668815191875
0.00025321457948514827
6.247674799018018e-06
0.0
2.504653817228017e-10
2.5049445956739653e-10
2.50481007808071e-10
6.247674799017267e-06
0.0
0.0009552951883992879
0.002025610590060187
0.00012343445739303137
-0.0031043402358525048
0.0
4.165033073101838e-06
6.247674799017817e-06
4.195207680026833e-06
0.0
0.0
0.0
0.0035698894921702396
0.0035686116245143167
0.0
0.0
0.0
0.0
1.1585906926619582e-09
7.2050685536063745e-09
2.596517749514811e-06
6.998078835366791e-06
1.2524199235634544e-10
1.5558992497565277e-10
0.0
0.0
0.0
0.0
0.0
0.0
6.247674799015431e-06
6.247674799015218e-06
0.0
0.0
0.0006202247505708997
0.0006202247505708995
5.379056191213333e-06
5.380733609659922e-06
0.0011788828374857058
0.0
2.4515698520407695e-09
1.7386025683942727e-09
0.0
1.7386025683942727e-09
-9.879954341770985e-05
1.9827886037990878e-10
0.0
0.0
0.0002505507989847813
0.0
0.0
0.0
7.029677506223845e-05
0.00011754822375985423
0.0
0.0
0.0002610024354353846
2.231239228668499e-05
2.6480692626525518e-05
0.0
2.0784950597723925e-06
0.0002436132419992115
0.0
0.00042033411104100106
0.0
2.331566780471122e-05
0.0
0.0003514214004746016
0.0
2.331566780517738e-05
0.0
7.16392677876894e-05
0.0
9.76743545763885e-05
0.0
2.6672210545182466e-05
0.0
2.5188595670398684e-05
0.0
8.290378213907523e-05
0.0
8.290378213954023e-05
0.0
8.290378214000558e-05
0.0
2.3533740631451985e-07
2.3533740627772673e-07
2.3533742430201281e-07
2.353374186671326e-07
2.3533741265630468e-07
9.41349685178616e-07
0.0032423187570785163
0.003242312243038288
0.00324169065718079
0.003057668314054957
0.0028809515387025753
0.0022220789483893655
0.0024273009846885723
-5.183475312481634e-05
6.69256220550778e-05
6.693235434637772e-05
2.2545736016728206e-07
2.2545736021866512e-07
0.0
0.0
2.8433166621885076e-08
0.0
0.13531327405662902
4.2303690713634534e-05
3.9548490360792364e-05
8.923102756567285e-08
2.8433163689515365e-08
0.00014388047709404316
0.0
0.0
0.0
0.0
0.0
0.0
0.0005679061557616904
0.00030138305724642815
6.060412716183824e-10
0.0
8.14498102248152e-06
4.6047423815896475e-05
0.00016980115713105502
0.00012385334858469718
4.305458545972495e-05
0.00016338495986881402
7.939790489921449e-05
0.00017672084077000521
0.001315650275840766
6.779217777057291e-06
0.0001370490489113586
0.0013392603662647747
0.0015080028041155058
0.0001983031956208941
0.0004140659454053975
0.0001471453115000095
0.0001840247342281863
4.0654176467303795e-09
0.0006567776855275786
0.00028635046667104246
6.269983631660723e-05
0.00019238541242021394
0.00017574202014670527
0.00022497595774203803
0.00043922793640908584
1.1198710339836985e-05
2.391102375611447e-09
0.016770303897805337
8.845906204578567e-05
0.0
0.0
0.0
0.0
0.02923445034879353
0.04153665584956659
0.0007882076665706015
0.0
1.9780741618636754e-11
0.0
2.5571425932740963e-06
9.845439166791962e-06
0.0003485113184754702
0.0
0.0
0.0
0.0
0.0
0.0007430163831719509
0.00038879714509632533
0.003024263522108146
1.3455176420895434
0.0015851837937707267
0.0
0.0
0.0
0.0
0.0
2.7220301966380134e-05
0.0
0.0
5.440552062825615e-05
5.4405520628256156e-05
5.4405520628256135e-05
5.440508188874947e-05
5.440552062825614e-05
8.036226833026449e-05
9.427463939859545e-06
-1.3458154808256726
9.908290250649181e-06
0.0
0.0
1.9781499201653233e-05
1.9781499201653223e-05
1.9781499201653213e-05
1.9781061000955093e-05
1.978149920165322e-05
0.00010024601584769275
1.5447895321148218e-06
0.0
0.00020365330676612453
0.00020364479130537946
0.00020631915090203826
0.00020365330676612464
0.00020631915090203834
2.4059213002438486e-05
0.0
0.0
4.8083342851064766e-05
4.808334285106476e-05
4.8083342851064745e-05
4.8082904152070906e-05
4.808334285106475e-05
0.33645622707240325
0.00011206341440858485
6.6960180003796775e-09
0.00022414022085316226
0.0
0.0
0.0008680779117040053
2.4538058361442938e-05
0.0
1.3615120019559802e-19
2.0825165365523665e-06
1.2246498924084008e-06
1.882680352705364e-05
6.528471304248298
0.0
1.7878753016868455e-05
-7.628017617233362e-05
0.0004525156868314643
0.013565717141843911
0.1695236225124791
0.0
0.0
0.0
0.0
0.0
0.0
0.0
0.0
6.127329931568515e-09
0.0
0.0
0.00043899498950834246
0.00024345356616592282
0.0
0.0
0.048202670288882477
0.0
4.211980380713333e-11
0.0
0.0006498738246556922
0.0006498738246556922
0.0012875621161437076
0.0
1.176724880212413e-06
0.0
3.711727304787551e-05
0.0
5.659903218303508e-09
6.256923187581368e-05
6.784283796886534e-05
2.031986772123792e-05
8.02588338329097e-06
0.0003479202102938851
7.126263019852521e-05
0.00015447016709896176
0.0
0.0
-0.0017802131412279084
7.064464841912453e-05
0.00013738747857105758
5.502709661174189e-05
0.0
0.0
0.0
0.0
6.693014098708827e-10
0.0
0.0
0.0
0.00010752942664651123
0.002453183232834518
0.0020457656949909963
0.00044002557469904
0.049699742603168715
0.0002448488511989653
4.335741966150944e-10
0.0
0.0
0.0
0.0
0.0
0.0
0.0
0.0
0.0
0.0
0.0
0.0
0.0
0.0
0.0
1.2464738738196597e-09
2.3537519175812467e-07
0.0
0.0
0.0
0.0
0.00027385448863357113
0.0
0.0
0.0
6.897711100975709e-10
0.0
0.0
0.0
0.153704424690487
0.004055166307299569
0.0002296650401459831
0.0
6.241873514361104e-06
0.0
0.00011319542481086962
6.432626116633878e-05
0.00010958635636821462
0.00032089393745911093
0.0
0.0013247085378326909
3.2461350213335857e-05
3.24613502133359e-05
3.246135021333583e-05
3.2461350213335775e-05
0.0
0.01060512366591575
0.0034345065807081685
6.151821414764502
0.0
2.4235865106035898e-05
1.469975787621078e-05
-9.536107229825096e-06
7.67894246498117
0.05063164540750586
0.0
0.0
0.0
0.0
7.729574196947296
2.3537519063065552e-07
2.3537519292409472e-07
2.3537519412728938e-07
0.0
0.0
0.0
4.096645995673286e-05
0.0945484760565642
0.002284192405899648
-3.9960397621271415
4.092937640625025
6.101189769356996
7.729574196947296
0.019050924325955267
0.0
0.0
0.0
0.0
0.0020457656949909963
5.69107968177265
7.856085494315819e-05
0.00016469868385089978
-0.08710342961041082
7.592663093447622e-05
2.628092685408729e-09
0.004284831347445553
-0.0002713002915504864
1.0912299034234495e-05
3.7117273047875736e-05
3.7117273047875783e-05
5.419936944524551e-06
-8.124069007999763
2.433050515752809
-1.1948263466709808e-05
0.00015830093312512383
0.0
0.0
0.0004994157590070577
2.3638739808451904e-09
2.3027698365353743e-09
0.0
0.0
0.0
6.384167502407436e-05
0.00036018067249628705
-7.564095780327392e-07
0.0
0.0
0.0002075638870745419
0.00015819392417193708
1.0194480859487004e-07
0.0005141815318456021
0.0002931433881379112
0.0008568981980682423
-2.3809031544534083
2.3808956640013754
-7.490452033139904e-06
4.353624371576586e-05
0.001037808201814403
6.744856215723757e-05
-1.0508295313008532e-05
-0.00039780440386896884
0.0004125421501558103
4.8486736670058955e-05
0.00019169594507786034
0.0
7.82685686928188
-10.509916696369125
2.683045657196536
-1.416989071187245e-05
0.0
9.415007518895099e-07
9.415007516721293e-07
9.415007517590903e-07
0.00025285061449610146
0.0028584176952849163
0.0
0.04964731182870946
1.450157988712469e-05
0.0
2.8744060265291304e-19
0.0
0.0
0.00014388759048624577
0.0
0.0
6.387857242216648e-09
0.00011477670945899147
3.616658114838093e-05
6.693014098640592e-10
0.0
2.5965177486213915e-06
0.0023800732050793037
0.0002916966295623698
0.0
0.0
8.591426486239126e-06
8.591426486242394e-06
0.0
0.0023800641372785617
0.0
7.855509801254766e-05
7.855208095063393e-05
0.0
0.0
7.856085494315816e-05
6.247674799013365e-06
4.165033073101638e-06
0.00041433654697691186
0.0007352304844360226
0.0001892503447493704
0.0
3.6081348250814154e-05
0.00013699624100702495
0.0002622341361508467
0.0012001170351120037
-3.3365499078005813e-06
-0.0012034535850198047
0.0
0.0
0.0
0.0
-1.117128327521935
-0.4478345304801262
9.60575900156441e-05
2.985011810084797e-05
-2.985011810084795e-05
0.0
0.0
0.0032423187570785224
0.0032423122430382933
0.0032416906571807944
0.003057668314054962
0.0028809515387025805
0.0022220789483893715
0.0024273009846885775
-5.1834753124811e-05
0.0
2.0825166692749407e-06
0.0
0.0
0.007245424828190171
1.2403597526052388e-09
0.0
2.6049320867012588e-08
9.360860851948652e-09
1.2519080052039556e-10
2.3537518595253414e-07
2.3537518755331005e-07
2.3537518496469057e-07
2.353751853273492e-07
2.353751866223648e-07
2.3537519536639016e-07
0.0
0.0010513185553251338
0.0001342827531958409
0.0027195409809339204
-1.1820296197312546e-05
2.383289126879319e-11
0.0
0.0
0.0008864195882870227
0.0008864195882870226
0.0
0.0001190638532596556
-0.0001207609488024602
-1.6970955428046834e-06
0.0
0.0
4.639659130984252e-06
1.7359397397618673e-19
2.7402932694776335e-05
-2.740293269477633e-05
0.0
6.2476747990175176e-06
0.0
0.0
0.0
-5.915514530210312
5.915017752747029
0.0004967774632823818
-0.006675453472877218
0.005209343128323296
0.0014387074118591445
0.0008864195882870226
0.00048434117329551217
-6.215858574757165e-07
0.0001353250153026971
9.439307608616748e-06
0.0
9.787733784278536e-10
1.3332869479880216e-09
7.834921262099619e-05
-8.782092312026788e-06
-8.782092312026673e-06
1.258904916485056
3.702037958802509e-08
2.5542689651948115e-06
2.32738032543102e-06
2.639090193528421e-07
2.3273803254278796e-06
2.327380325424817e-06
0.04417888960797567
-3.923859409401109
3.9238674153061526
8.005654520880464e-06
0.002206975904815005
1.6447382926812855e-05
-0.0003730960267767266
0.00037329884476412637
-2.0025230270886593e-07
-2.0025230270885577e-07
0.0008864195882870224
0.0008864195882870224
0.0005308328977374142
-0.0027131356543094957
0.0
0.0002667206830087527
-0.00026671545204610297
0.0
-0.005169161130452758
0.0021258239251746814
0.0
4.472755481831179
4.472755482996696
0.0
0.0
9.307820420704172e-06
0.0001188586581997377
0.0
4.838022537955422
-4.838024017486717
-1.4802408679052194e-06
-4.401561085438799e-06
1.5314313450138745e-05
0.004207336177148755
-0.004207336177148756
-0.004207336177148755
0.004207336177148754
0.0
0.0
0.00018167205521674265
0.00018167205521674574
-0.008164460275037857
0.0027131356543094957
1.739131031922477e-05
6.550404785912144e-05
0.0003640196757250264
0.0003640196757250262
0.00036401967572502616
0.0
0.00013932952999010933
0.0023841429094666735
0.0007006407773733049
0.0018228316620834775
5.293465805514032e-05
0.0
0.0
0.0
1.3385529674490956e-08
7.761532815508404e-09
0.0
1.1806055849028784e-05
0.0
4.747312436440778e-10
0.0
1.1847857710425883e-09
4.314432660333034e-06
5.2924497241277894e-05
1.1807715366043502e-05
5.292486254873245e-05
4.314432660333038e-06
0.0
3.2885767730870204e-05
0.0
3.289352926169491e-05
0.00031081446922438935
0.0001308131416266981
0.004207336177148755
0.0
0.0003590891408253653
-0.0003590860301301084
0.0
4.848673667005891e-05
0.0
0.0
0.0
0.0
0.0
0.0
0.0
4.775734716886337e-09
7.988463550111797e-09
0.0
0.0
0.00018189215026824298
0.00015074709700710765
2.3485951169905605e-05
8.299102114515368e-06
7.384166108748719e-06
3.483919945895634e-05
3.061179760824859e-05
0.00013325163858712041
0.0
0.0
0.0
2.0487888691106763e-09
0.0
0.0
0.0
0.0
0.0
0.0
0.0
0.0
0.0
3.620291768252636e-05
8.929882176860241e-05
6.102794785356692e-05
2.167090299412817e-05
0.0001333748388662059
2.576635743416422e-05
4.06949531906708e-05
2.9083487790309192e-05
0.0
0.0
4.553989394426414e-09
5.179115643963632e-09
0.0
3.933055426894503e-09
4.681923899637451e-09
5.187671795535107e-10
1.8911541649421307e-09
0.0
0.0
1.234155594387679e-09
0.0
0.0
9.339535462348494e-05
6.829885064225968e-06
0.0
1.7638890576374391e-09
4.367755364138631e-05
0.0
0.0
0.00010420496399705347
0.0
1.0632244589351701e-05
0.0
0.0
0.0
0.0
9.879954341770987e-05
1.0244265717588134e-06
0.0
0.00010794191982617656
5.034609094353075e-06
0.00011399611897184683
0.0
0.0
0.0
0.0
0.0
0.00010983354998312953
2.8433168129721774e-08
0.0
0.0
0.0
0.001891921753490921
0.0
0.0
3.4520175189619325e-09
0.0
0.0
0.0
0.0
0.0
0.0
0.0
1.0444056691395693e-19
0.0
7.929603473562827e-05
0.00020152443081461184
0.00028081766440377017
0.0
0.0001739126175345521
0.0
1.4788277348847143e-09
0.0
0.0
0.0
0.0
0.0
3.1580482263574237e-10
0.0
4.8484156774342605e-05
4.8484156774342605e-05
4.8484156774342584e-05
0.002392550775232955
0.0
0.00020321017190040835
2.721401177451289e-05
0.0
4.058524379270903e-05
0.0
6.605705073162925e-08
5.767099180646561e-08
0.0
4.05737603198639e-05
3.28897217118695e-05
0.0
0.0
0.049422497575303204
0.0005522640843198151
0.001178256595094706
8.755491378025683e-05
8.579147419328717e-05
2.23123922858646e-05
2.2312392286161897e-05
0.0006289006825454021
0.0006288994360734665
0.0
-2.8433162980008364e-08
-2.8433162883915858e-08
2.2312392286571895e-05
9.790732367988961e-06
0.0
0.0
0.0
0.0
0.0014429101545586581
0.0
0.0
0.0
0.0
0.0
0.0
1.9659255371312494e-19
0.0
0.0
4.458067249243924e-05
8.101245795818224e-05
3.235156894366207e-05
4.080216522080941e-06
0.00013389267008927472
1.5911399373903372e-20
4.8484156774342605e-05
0.001092650845102284
0.0010926508451022839
0.0
3.289006135117183e-05
0.0
0.0
0.0
2.7218980710810158e-05
2.721898071080977e-05
0.0
0.0
0.0
0.00010977261537421086
0.0002333187464042856
5.798098967509517e-05
4.063696446338968e-05
3.288025075618933e-05
2.720978284345874e-05
0.0
-0.00010978023193397541
-0.00023332634637077555
-5.7985539334580856e-05
1.849514125952132e-05
0.0
0.0
1.849514125952718e-05
0.0012323512489189963
0.0009352189087661715
6.9956492029502e-05
0.0
0.0
0.0
0.0003035853212986016
6.452981145776719e-06
4.557258686009713e-06
0.00018189215026824835
0.00018189215026825125
2.3537518852715532e-07
1.2046889454880715e-06
1.2046889454880779e-06
3.92976792344998e-12
1.139318471246536e-06
3.929767905410554e-12
5.38073360966064e-06
-0.0012317697991713777
2.2786293429512184e-06
0.00023047780265993573
0.0
2.278629343000374e-06
4.557258686008933e-06
1.0476047634565992e-05
0.0
0.0
1.355651123532527e-06
0.00942196476318099
0.00942196476318099
0.0014429102797480205
4.195207680096456e-06
0.0
0.0
0.0
0.00040741753784352127
0.0
3.4053938471814053e-10
0.0002219072448662738
0.00021170406106590402
0.1318042974447586
0.008391312173381581
0.16884535321836003
0.00016554782587791995
0.0003353707465369402
2.9916848961559255e-05
1.3109787852770897e-06
9.453679828421826e-06
0.00025528759782389654
0.00022041894912050184
2.574247724927087e-05
0.00012813676871720005
0.003216472001864916
1.3046690181885123e-06
0.0001801767124328142
0.00013879911118647314
4.948392691625971
0.0
0.09807556593166922
0.004859796799760767
0.003570365805159078
0.0002517275238647142
0.0006075843323788898
0.00020059537315734321
1.8275427869692978e-05
0.00015380474245770893
0.10142637203845303
0.1014652733056749
0.0
4.784934153268367e-05
0.0036846082379497014
3.016371472091468e-06
0.003196420180228738
0.000539053770725739
0.00011635487553860245
0.00010556263855538725
0.0
1.5931888159175443e-09
2.025732411405843e-09
0.0
1.3043284787884692e-06
0.0001281367687172
1.535886637481233e-17
2.126946114363964e-05
0.0
0.0
4.045672596509449e-09
0.0
0.0
0.0
0.0
0.0
0.0
0.0
0.0007923285010073715
0.0007923285010073715
0.0
0.0
8.433230581149302e-05
0.00018905399533705822
0.0
7.616578781098065e-05
7.095743275490815e-10
1.0816340070957139e-05
0.0
0.0
8.33887529152507e-05
0.0
0.0001035142360031204
0.0
0.00014585370274915042
1.4119701131969425e-09
0.00028744654464201683
1.834669173939366e-10
0.0006039485053240763
0.0
0.0004175031616842835
1.770412012194313e-09
0.00041878687038655703
0.0
0.00012569841398976493
0.0
0.00013867185196408382
0.0002012113811000139
0.0
0.0
4.662974310654586e-05
0.0
7.107821960781297e-05
0.00033013606616843664
1.0816340070957101e-05
0.00018925034474937064
0.0002550394435768286
4.072783406101092e-05
0.00014096651148527898
0.00011851567469583635
0.0003728891346045516
6.1967303177381656e-06
0.0001640606490616747
0.0001818091444993308
2.6661544076333036e-05
0.00012312890670878015
0.0
2.460144813836298e-09
0.0
0.0
0.0
0.0
0.0
0.0
0.0
0.0
0.0
0.0
0.0
0.0
0.5135071722832087
0.17705094896604512
0.0002700787509126464
2.9989731133693363e-05
0.0028378031451958543
9.204328696613946e-09
9.26893088020124e-09
0.0
2.082767138186992e-06
3.2127288338568664e-09
2.8433167125456284e-08
2.8433167526794196e-08
2.8433167821928255e-08
2.078495059772357e-06
1.2531122448910868e-10
1.2528548532524492e-10
0.004207336177148755
0.0
1.9526568127365387e-09
0.0031043402833519527
0.0
1.9526783335170732e-09
0.0
2.0825166656839204e-06
2.051254291695441e-06
3.126237036779683e-08
2.8433164548262314e-08
2.8433165327566924e-08
2.8433166020766995e-08
0.00011369003541159258
8.123883056449667e-05
0.0
4.749944713053531e-11
0.0
-0.0031043402833519527
2.1052746778319397e-05
0.0
0.0
0.0
0.00038842846897341
0.00305022790371294
0.0001867843767101163
0.00011784053072819721
2.7709236977936642e-05
0.0001324454082739032
0.00018795718445117383
0.0001348384064942863
0.00013913052851413833
0.0
0.0
0.0
0.0
5.380733609658555e-06
4.2652590548910464e-05
8.575785757520974e-05
0.00016383708671336463
9.032842157393083e-05
0.00010901351908007261
1.370556819690437e-05
0.0002687428918534537
4.234667533706649e-06
9.954782874571351e-05
0.00022161739524869683
0.00012121348686389929
8.412508480669419e-05
0.0004299199204121169
9.537272654781206e-06
0.00046094755810812755
0.0006771977761889727
0.0017649671404920276
0.00016925190945357198
3.608134825081428e-05
0.07751661840201432
9.325492310417209e-07
1.1472957386126335e-06
2.078495059772317e-06
0.0002627758127692568
0.00013934076874615875
0.00016256537742120525
1.2825798204846739e-05
0.00046736883238749884
0.0002451058006626973
1.0735669810262894e-05
2.0936658591516755e-05
0.0
0.0
2.0784950597723747e-06
0.0
0.0
0.030022665124281412
0.0
0.04153665584956659
0.00041583759133145663
8.706468681588511e-05
7.280166406519679e-05
2.7585405245559912e-05
1.8478499577591824e-05
0.000126141628621034
0.0001329291238474093
0.00011925392707085024
-0.0012875621161437076
0.018549446502838466
0.044753460883676
-0.153704424690487
0.049699742603168715
0.0
-0.13531317211182042
-0.000676210204053026
0.00017860536587564342
0.0
0.0
0.0
0.0
0.0
0.0
6.461077288209213e-05
0.00017860536587564424
5.6995558032148e-05
0.0
2.6594098034532698e-05
0.0
1.2543464301478466e-05
0.0
9.426862481399916e-05
0.0
2.0581207619226724e-05
0.0
6.894429170503985e-05
0.0
0.00024321613875773478
5.698668603073764e-05
2.6585235390550463e-05
1.2538041094156292e-05
9.425976198354773e-05
2.0572337179896883e-05
6.893542340499775e-05
4.745008659190387e-07
4.745008659171284e-07
-0.0017301174365967433
5.998038002809514e-20
0.0
0.0
0.0
0.009852683204417722
0.009009979808214
0.0002062372537380458
8.929882176860153e-05
6.102794785356577e-05
2.167090299412731e-05
0.0001333748388662048
2.576635743416319e-05
4.069495319066967e-05
2.9083487790308135e-05
0.00013934766857220886
0.00016257175764462244
1.2831577951733771e-05
3.83008724714376e-05
4.84355252684033e-05
1.0741186608027617e-05
2.0938315116609223e-05
0.00012665939669802322
1.5799541289949484e-05
1.1618997810980533e-05
5.927774777531916e-06
3.187059523797173e-05
0.00011233559659985365
5.02978448158009e-05
0.00015074709700710722
2.348595116990506e-05
8.299102114514936e-06
7.384166108748165e-06
3.483919945895582e-05
3.061179760824801e-05
0.00013325163858711987
0.0
0.0
0.0
2.048788869052316e-09
0.0
0.0
0.0
0.0
0.0
0.0
0.0
0.0
0.0
3.620291768252589e-05
-6.432626116633736e-05
4.1650330731022444e-06
2.8433162758517266e-08
2.880084386438713e-05
5.37905619123611e-06
0.0
0.0
1.0476047634565904e-05
-0.00028920898029573695
1.6209765457931428e-06
8.718341057875322e-05
3.425516775384273e-05
2.2422788876831987
0.0
0.0
0.0
0.0
1.8558636523937627e-05
0.026553767492439432
5.379056191228753e-06
0.00014715572976887017
7.543571075363552
0.0005275319717877817
-0.00011553306247335396
-11.082182204148314
-3.1164191528345464
0.001178882837485706
5.379056191232849e-06
0.001291324499165239
0.0017301174365967436
0.0
2.562650703108159e-06
0.0
0.0
0.0
0.00025589616987393803
0.0
0.0
0.004284831347445553
0.004284831347445553
0.0005308328977374142
0.0008864195882870222
0.004282741542165734
0.0008864195882870221
0.004284831347445553
0.0008864195882870224
0.000985473139851832
0.0
0.0
0.0
1.3547065821696473e-05
-0.5383845561284754
0.5383706074875388
-4.0157511473771417e-07
-3.105945892101295
0.0
0.0
0.0035686110552005544
9.338793603025249e-05
6.821613686640224e-06
0.0
0.0005959338809977551
0.0007460462589476093
0.0
0.0
0.018549446502838466
0.0
0.018549446502838466
0.0
9.338793603025171e-05
6.821613686639207e-06
0.0
0.0005959338809977541
0.0007460462589476084
0.0
0.0
2.2422788876831987
3.2946574099607364
6.974827245206252e-10
5.379056191224012e-06
-0.0005839260218256386
0.00014227087218104928
0.0003425022732503395
0.00024143206239770406
0.0
1.0673722330218531e-06
0.00033092922454860425
-4.287646820273953e-05
0.0004454433952684117
-3.3243642987887407e-06
0.000283830636329782
1.4455695878976207e-05
0.0011054071609102386
7.835108488267413e-05
0.0
1.872261729674586e-09
0.0001332587370641638
0.0002627771626791906
0.0
1.3499099855596536e-09
0.00013325793775884095
0.0
7.993053746030986e-10
0.005875170470383159
8.531429878747083e-05
1.0476047634565774e-05
0.0
0.0
2.4515698520384113e-09
0.0
-1.2778676559229264e-06
-1.2778676559229844e-06
-1.2778676559230541e-06
2.1269461143639668e-05
3.116473789368943
3.116473789368943
5.436436584572115e-05
0.0
0.0
2.0825165365516783e-06
8.330066146205175e-06
4.165033073102716e-06
0.00040922379204087127
1.4191997669946014e-09
0.0
0.0
5.856746041619454e-05
5.856746041619453e-05
2.3537518954292062e-07
4.19520767992241e-06
0.0
0.0
0.0
0.0
0.0
0.0
0.0
0.00018663430913505816
0.00045260326395089065
0.0005808270377404341
0.00011540809885657594
5.796073244937596e-05
2.310109736242658e-05
0.0001766017687399603
2.3993604417382913e-05
0.00021988134097584815
1.5145037715378904e-06
0.0003056417167605128
2.951897761450487e-05
0.025053029083198355
-0.024221933003639874
3.051694045569281e-17
0.0
1.1657454151249871e-07
1.0864758761359814e-07
0.0
1.0864758761147067e-07
1.0864758760842042e-07
9.41500751628675e-07
1.3120265300172982e-05
0.0024421649166810003
4.6768890880774315e-20
0.0
0.0
0.0
4.4185703624545613e-07
0.003465166881519187
-0.003465166881519187
0.0
0.0
0.0
0.0
0.0
0.0
0.0
0.0
2.505225245897002e-10
0.0001269110721409035
0.0034542568888807144
9.879974169657022e-05
0.0002695330692270769
6.036696074854645e-21
0.0
-0.9583906083257719
0.9583850313281274
-5.5833140226636925e-06
0.0
1.3120265300173118e-05
1.3120265300173094e-05
2.50519648163554e-10
2.0825165373148368e-06
2.0825165369332785e-06
0.0035686116245143163
0.003568611055200555
0.0014387074118591445
0.0
0.0
0.0
9.470545708440225e-10
0.0
0.0
0.0
0.0023866271735372424
0.002386618224402649
1.3120265300173048e-05
3.52124467450675e-18
3.521244674779868e-18
0.00014562182280242157
0.00014697368793015328
-1.351865127728377e-06
1.3556511235341068e-06
0.0
0.0
0.00022081330414961564
0.0001186250574281015
0.0
2.5050550159577855e-10
2.5051394253898893e-10
0.00011800151207048425
0.0004353565249559538
0.0003419216514379977
0.0
0.2195780056298548
0.0
0.0
-7.572416745378739
0.0
0.0
0.0
0.0
0.0
0.002442124275221775
0.0
2.3307336033820052e-05
0.0
-0.027224632353041463
0.0
0.0
0.0
0.0
0.0
0.0
0.0
0.0
0.0
0.0002141004123799307
9.413496905236541e-07
9.413496906156459e-07
2.3537518952128e-07
2.3537518951173392e-07
1.176724880187207e-06
0.0001818921502682456
0.0
0.0
0.0
0.00029295476268535877
0.0034651668815191875
6.528471304248298
2.3425874483282452e-05
8.946260558373265
-8.946262039851705
-1.4816619072087038e-06
0.0
0.0
0.00041591604007982765
1.2763481677586695e-05
8.002051267189747e-05
0.0027431253854431886
0.0
0.005209343128323296
0.0
0.00012379694787105808
0.0002891953303254443
-0.3652595449929796
0.36542059695256857
-4.347120348047781e-06
1.1313575790536924e-06
-1.131357579053675e-06
2.0898052799623845e-06
0.014312964997276759
0.010740055509295125
1.555899249763689e-10
0.0
0.0
0.0
0.0
0.0
0.00028483370862293
1.131357579053725e-06
0.00024696690468613004
0.0
0.00021618292891662443
2.0898052798198433e-06
0.06987425999007431
5.409491372205548e-18
0.001702625211809889
4.737205464649606e-05
0.00022552724284293776
0.0002728996026697715
0.00022552724284293779
2.6834522050681957e-10
0.0
0.0
0.00011993936681854809
7.104347608724245e-06
0.0006436690824644669
0.0005237285501286898
2.390305080106347e-20
0.0
0.0
-5.915356233244603
3.4715383163407595e-19
0.0
9.156180642247195e-09
9.295898518310588e-09
0.0013048770133575272
0.0013048770133575272
1.8251177029280542e-13
0.0
0.0
2.0898052799780733e-06
0.0
8.032240341298908e-10
0.0
-0.0012913244991652386
6.153110665259352e-20
-1.475896978330503e-06
-1.47670020236452e-06
7.263726752257378e-17
0.0003637843005364833
0.00027130029155048637
0.0
0.0
0.0
9.413496954839827e-07
9.41349695498341e-07
0.0003637843005364821
0.00046094755810812776
0.0012875621161437074
0.0004609475581032382
0.0002713002915504864
0.00027130029155048653
0.00046094755810812766
0.00046094755835696485
5.136254182603397e-07
9.451365338098859e-07
9.547350051031015e-07
0.0
0.0
0.0
0.0
0.0
1.3385551366786558e-08
1.33855510421736e-08
0.0
0.0
0.0
1.3385550397120883e-08
0.0
0.0
2.8035131967912147e-06
0.0004609475581081275
0.0003637843005364827
1.3385549694583732e-08
1.3385536136149964e-08
0.00018965601282838924
0.0
0.0
0.0041427566261810775
0.0
1.33855425081414e-08
1.3385548690092754e-08
2.0825165376962286e-06
4.639659130981617e-06
2.557142593282637e-06
0.00027172468173638467
1.0476047634565852e-05
8.002553564770695
-8.002553558723564
0.0
2.105274677831936e-05
-6.240820163859139e-05
-6.240820163859139e-05
4.351841547864663e-05
7.05867525821527e-05
4.223870686958523e-05
7.773121940171519
-7.773123757429982
-1.8089234344866872e-06
0.00018189215026824166
-0.005254997319890542
0.0
5.416642477313654e-05
-5.415928177904101e-05
0.0
-0.001303253955611261
1.4792690103340785e-13
0.0
4.351841547864654e-05
0.0003777999954078287
-3.4476100939137196e-05
-0.0004122760963469657
0.0
0.0007323974206979224
0.00017459882693419247
0.0
0.0
0.0
0.0024181612158635443
0.0
0.0
0.0
0.0
0.0
0.0
0.0
0.00012086923690516425
0.00038697539026716484
0.00037546488471934346
0.0001355642088688823
3.1844664158965967e-06
