0
0.0
0.0
0.0
0.0
1.62497172232082e-08
0.0
0.0
0.0
5.561513950279843e-10
7.426231870945774e-09
0.0
5.6420537508743977e-08
0.0
0.0
0.0
0.0
0.0
0.0
0.0
0.0
0.0
0.0
0.0
0.0
2.2828872459408368e-07
0.0
0.0
0.0
0.0
0.0
0.0
0.0
0.0
0.0
0.0
0.013108336279167175
0.0
0.0
1.9530466666172212e-08
0.0
0.0
0.0
0.0
0.0
0.0
2.7557201811599727e-10
0.0
0.0
0.0
0.0
0.0
0.0
0.0
0.0
0.0
0.0
0.0
4.581053540106595e-09
0.0
0.0
0.0
9.187930929513732e-09
3.6391824552038277e-16
0.0
9.764094932618037e-09
0.0
0.0
0.0
0.0
0.0
0.0
2.891505669675212e-10
8.563455779036141e-09
1.0154780892578964e-10
1.308418124447062e-11
1.0417683915836816e-09
0.0
0.0
3.5572617843672872e-09
0.0
0.0
1.0154780891223712e-10
0.0
0.0
0.015187238712638208
4.898929423186531e-13
2.1697797183548306e-08
0.0
0.0
1.4819455978944968e-09
0.0
1.5775232664482873e-10
0.0
3.855366190541903e-08
-3.853983076799672e-08
1.3013445389035102e-09
0.0
0.0
0.0
0.0
0.0
0.0
0.0
0.0
0.0
0.0
0.0
0.0
0.0
0.0
0.0
9.664963570983216e-09
0.0
8.979455287327927e-09
0.0
0.0
0.0
0.0
0.0
0.0
6.746879006231237e-10
0.0
9.21619590827198e-09
5.351431420102756e-09
0.0
0.0
5.0762449170349555e-05
-5.076914109380937e-05
0.0
9.73855693669938e-09
9.238565139901736e-09
0.0
7.692013514808215e-09
0.0
0.0
0.0
9.740717467197078e-09
4.050368523323667e-06
5.610107673754093e-09
0.0
0.0
0.0
0.0
0.0
0.0
0.0
0.0
0.0
0.0
0.0
0.0
2.9804073005373207e-08
9.244879653473712e-09
0.0
3.16948849012705e-09
9.60369644381089e-09
9.216124182667464e-09
9.859606913095322e-09
0.0
0.0
0.0
1.0923437807468967e-15
9.113504512814322e-09
-0.00785222003150729
1.944449647738476e-06
6.572449818230557e-09
0.0
1.2017676396893604e-08
0.0
0.0
0.0
0.0
6.3642033744982155e-09
0.0005802136567477261
9.197001830669288e-09
0.0
0.0
0.001982844481250981
0.0
0.0
0.0
0.0
0.0
0.0
0.015145391744721173
2.9556694350260597e-08
0.014573811911915775
0.0
9.040611566533381e-08
0.0
0.0
0.0
0.0
0.0
0.0
0.0
0.0
0.0
2.0181146667667657e-08
0.0
0.0
1.501277272383861e-09
1.9889872173226387e-08
0.0
9.262564665110619e-09
0.0
1.514376522428782e-08
5.491982213061782e-08
2.6746386208617486e-08
0.0
2.7249943456497727e-08
9.982724607862394e-09
0.0
1.080506859953948e-10
0.0
0.0
9.634046351095546e-09
1.0370143151761195e-08
0.0
0.0
0.0
0.0
0.0
0.0
0.0
0.0
0.0
0.0
5.630110071037358e-21
3.3141893265807483e-09
0.0
7.416126012520873e-10
1.6924301557094158e-10
0.0
0.0
9.41426579465147e-09
1.3487052674763383e-11
9.790649901647513e-09
2.6781285437878005e-12
9.670588403113255e-09
0.0
0.0
5.165684355237692e-11
2.83152414554122e-06
0.0
0.0
0.0
0.0
0.0
2.2523738490215524e-20
0.0
-0.01587856467468196
0.0
0.0
0.0
5.191917900098118e-09
0.0
0.0
0.0
0.0
0.0
0.0
6.087118823473736e-07
0.0
7.355477127697263e-09
0.0
0.0
0.0
0.0
0.0
0.0
0.0
0.0
0.0
0.0
1.832300569135463e-09
0.0
1.0524759538345315e-08
0.0
0.0
1.5679838124923536e-08
0.0
9.871197857176284e-09
0.0
8.644628787778314e-09
0.0
2.2703703491027373e-09
0.0
3.432297979769545e-19
0.0
-4.399068917775854e-08
0.0
0.0
0.0
7.25027609979242e-09
9.82645249261707e-09
8.479909791230807e-09
9.764640323304108e-09
0.0
0.0
0.0
0.0
1.0462675425565944e-08
0.0
9.180278363685151e-09
0.0
0.0
0.0
1.301344540417111e-09
0.0
0.0
1.3951495756631353e-23
0.0
2.7866868401120966e-09
3.7631639036199465e-08
0.0
0.0
0.0
0.0
0.0
0.0
0.0
0.0
0.0
0.0
0.0
0.0
0.0
0.0
0.0
9.294035881921917e-09
0.0
0.0
0.0
4.0845108011510464e-08
0.0
4.03834357256662e-08
0.0
3.720316454634504e-08
-5.561513948244108e-10
-5.561513946177347e-10
0.0
0.0
7.0827664431768845e-09
9.976823541978432e-09
5.452712004760638e-10
5.399639283504052e-10
9.992109843530439e-09
5.352376763644209e-10
9.898317370033188e-09
4.517879010449258e-10
9.982751995288799e-09
9.987533634175803e-09
9.992903129067816e-09
9.992109851254814e-09
1.916997344882895e-10
4.3721931054887145e-09
0.0
0.0
3.342313197500936e-09
9.221672200553994e-09
1.8690192311242404e-07
1.5591086388985266e-07
3.223348205441992e-09
1.0929483700123921e-07
9.42415705649491e-12
0.0
0.0
0.0
2.6746463895913996e-09
0.0
0.0
0.0
0.0
0.0
3.482348865771286e-10
0.0
2.300408768624116e-07
4.610150199225029e-08
1.6362443054656848e-07
8.292895035194917e-09
3.3531575531463715e-08
1.6067408621587815e-08
0.0
0.0
0.0
0.0
0.0
0.0
0.0
0.0
0.0
4.722073136979549e-08
0.0
0.0
8.250079401437009e-10
0.0
2.2828872458072814e-07
5.443872197576509e-10
5.383682930784016e-10
5.440646731582028e-10
9.404874577562698e-08
4.800791187306499e-07
9.413000988942328e-08
3.1926409669769336e-07
9.413190306852819e-08
5.4897594951227445e-08
1.020096103029528e-07
1.8353519209358697e-07
9.030083500012779e-08
9.975481258784178e-08
9.975670494265889e-08
9.975859750067349e-08
9.878639874869278e-09
9.14682660463858e-09
-2.282887245921931e-07
2.2828872459026168e-07
7.140626496094832e-19
1.9964356492872948e-08
1.9973452932658596e-08
1.9984911926111074e-08
1.9983792278075072e-08
8.442970853007335e-08
4.80078645422662e-07
9.412953661660986e-08
2.995337893803643e-07
9.413142976139829e-08
4.5308497298474506e-08
1.02009136971679e-07
1.8353471880824812e-07
9.030036166484815e-08
9.975433954146067e-08
9.975623183951937e-08
9.975812434872644e-08
9.40477993531203e-08
4.800781721147285e-07
9.412906335375753e-08
2.995333159777411e-07
9.413095646136259e-08
5.489664830447683e-08
1.0200866364518127e-07
1.8353424552297712e-07
9.029988832637188e-08
9.975575873638222e-08
9.97576511967711e-08
1.845820684309931e-08
9.156370271856128e-09
5.373280707785566e-10
9.981604482226533e-09
0.0
0.0
0.0
7.365190497996851e-10
8.94501295049177e-09
0.0
5.407723232581366e-10
-4.8869269045668505e-08
3.8874295879540727e-10
3.8874295878449174e-10
0.0
9.798125650409677e-09
0.0
-9.952715924847755e-09
2.98415424240303e-07
3.6360000136433857e-07
1.279562460787225e-06
3.2351685328967724e-08
1.0055477039413686e-06
4.893428840390733e-07
1.1311449635037248e-06
4.748936425462647e-07
9.291841163762186e-08
1.0425843562486258e-05
0.0
7.082766444490108e-09
2.894057100109093e-09
0.0
3.205650526941737e-06
2.934550055462343e-06
0.915566989181289
4.785627271426857e-10
8.015544104093928e-09
-2.626627171172999e-07
-2.6349977502119343e-07
-2.579354146801874e-07
-2.5752360167247135e-07
-7.28315218193748e-07
-5.279321560955341e-07
-2.317241529692024e-07
2.942483702049985e-07
0.0
8.01554410396506e-09
2.090340025230119e-05
0.0
0.0
4.0927178439398896e-17
0.0
6.323091759087415e-06
6.387889021060166
1.9530466666189024e-08
1.0467440970527684e-10
-1.9530466666172527e-08
1.994219510922065e-08
5.073246622960404e-10
9.148840405786041e-08
0.0
2.98623160701522e-08
4.73335992322906e-10
1.4674768632387281e-05
1.4674768632386878e-05
0.0
-0.014224437094053854
0.0
9.147028634637569e-08
0.0
9.940553403400908e-09
9.940553406459496e-09
9.961456834928602e-09
9.961456841037534e-09
9.944177777529895e-09
4.971118652725582e-10
9.944177774537129e-09
2.546471697695849e-07
2.5383461208932925e-07
2.57935410839967e-07
2.575235978127116e-07
7.283152143123042e-07
5.258500380403083e-07
1.9773284241084502e-07
1.9349485673626974e-07
-4.523965726292592e-06
3.024526442572692e-06
2.7557292970927805e-10
0.0
2.1941670204337783e-14
0.00201607367120781
0.002016073671185864
-3.024526442572603e-06
1.108908962783967e-06
3.707818649381455e-07
2.274152726780987e-07
1.1542093057952996e-06
0.0
4.895353319750455e-07
9.514674484865891e-07
4.727337577702482e-13
0.0011388334879544183
0.0
0.0
-0.017534538744543453
0.004426202465376273
-0.013108336279167175
0.0
0.0
0.0
0.0
9.99075502903495e-09
9.990754952419126e-09
-0.5071251390464298
-0.0018911178336529985
0.0
0.0
0.0
4.093970364078413e-07
1.863427780371375e-08
0.2590340799202194
-0.2590340399510946
9.991859585880956e-09
0.0
0.0
9.97904448587942e-09
9.983402537777938e-09
1.2793593956249981e-09
2.877058980635697e-08
4.376932858600309e-08
-5.176325236500023e-10
1.205422173231353e-06
0.0
2.4268531323082193e-07
0.0
0.0
4.3629571667364036e-09
4.576341850798498e-09
9.141920846527394e-09
0.0
0.0
1.1025854588852574e-08
8.655715835444087e-08
8.643147704098832e-08
0.0
0.0
0.0
0.0
5.342993406083418e-10
2.3054350852848801e-07
2.3074969178687118e-07
1.465372949362159e-07
4.122611688219248e-09
3.672906682534892e-08
1.9314925109721925e-07
1.541481217345259e-07
-1.467476863275044e-05
0.0
1.6249693607568274e-08
1.2053622673261627e-06
1.215139052728127e-06
-1.2151390531029091e-06
3.1733525684218767e-05
4.2270801539042856e-10
4.227080153557771e-10
4.4782855521940223e-10
0.0
7.438091800370927e-08
5.254813755898327e-10
1.2072148400787822e-07
6.472215499210695e-06
6.522342105689325e-06
-7.026624103900758e-06
4.131913052760455e-06
0.0
5.8087820230681223e-08
0.0
-0.393681697472978
0.39368165781310693
3.5174936228329414e-10
0.0
0.0
8.948664603862376e-09
7.095101074860086e-08
1.3561289608224288e-07
4.250794986434716e-09
0.0
0.0
-4.5810531761774666e-09
1.473631950959806e-06
1.4736319509561412e-06
5.342850420148034e-10
9.981788167997883e-09
0.0
0.0
0.0
0.0
9.688288480390936e-09
5.512399012073317e-09
5.512399012387331e-09
0.0
1.0044148581557882e-07
0.0
9.607852866736419e-08
0.0
2.2579392734944597e-08
2.3213180606060404e-08
2.3207677430492493e-08
1.0368734051352593e-08
9.944177771525459e-09
-9.905065473179212e-09
3.8153709756246354e-11
0.0
0.0
1.3873678091443353e-07
9.965530516905096e-09
5.44727710044927e-10
5.407060118903427e-10
8.15088291541925e-08
0.0
0.0
1.0425843562485056e-05
0.0
2.679330501411992e-08
2.679330345456883e-08
1.9236153707054636e-15
0.0
2.4013308108798065e-07
2.405331823628506e-07
1.549963753080008e-07
9.93272683874228e-09
1.5921292878022706e-09
2.0295481085820166e-07
1.6391420568172425e-07
8.687758823879245e-07
1.3024868324689992e-07
7.24188980272356e-08
1.144276579580211e-06
0.0
2.86580521734223e-07
7.875532434705795e-07
0.0
0.0
-9.187930929518604e-09
0.0
1.7897347020564794e-06
4.745509315703248e-07
4.514160509914211e-06
4.523924604846765e-06
4.514160509914029e-06
4.514160509914147e-06
4.514160509914153e-06
0.0
0.0
1.367722531327956e-05
-1.3124747976204078e-05
5.616652680050185e-07
-9.187930929477946e-09
0.0
0.0
0.0
0.00012248331432815123
-9.67944700260015e-09
0.0
0.0
0.0
0.00012245987591746164
9.985255535855375e-09
-1.4187651594742767e-05
9.92665693815734e-09
9.926656574371433e-09
4.79795177505312e-10
5.383859237459742e-09
0.0
0.0
0.0
0.0
2.2975916493358707e-08
0.0
9.964230640135789e-09
0.0
0.0
0.0
1.2667690630585917e-08
1.4187651594379024e-05
0.0
0.0
0.0
1.9235927968856605e-08
2.696012216802588e-07
-1.5625703592911377e-05
0.0
3.645483820056613e-07
0.2783344530799535
4.948689163869854e-06
1.5383905923107006
-1.8167303586375076
9.881277002418339e-09
0.0
2.5864665834642254e-08
-2.0642096606524243e-05
0.0
1.6740554097478075e-08
0.0
-0.023853394727261223
1.0012086258396155e-09
0.0
4.62376606471697e-09
1.7404373122327795e-09
0.0
0.0
0.0
4.376980288103092e-08
0.0
9.712941290060075e-09
9.916971520486841e-09
4.723107774857124e-10
0.0
0.0
0.0
0.0
0.0
0.0
0.0
0.0
0.0
6.074569195051523e-05
-1.0154780892578964e-10
5.6420537509345575e-08
0.0
-6.0735792077551986e-05
0.0
0.0
0.0
0.0
0.0
-1.0480500083642817e-09
2.2828872456546627e-07
1.789565722172537e-08
0.0
0.0
0.0
0.03162789297656436
0.0
0.031627884598361834
0.0
0.0
0.0
0.0
2.5286509844417868e-09
0.0
0.0
0.0
0.0
9.872612568863073e-09
4.291483200263752e-14
4.2971088252163155e-14
4.292723111824387e-14
4.2963149185282394e-14
1.387367808887609e-07
5.267785625299617e-10
0.0
0.0
0.0
6.3642033785930714e-09
9.243999937836844e-09
0.0
1.7733121662332526e-10
9.979574506765369e-09
5.32097050475437e-10
3.068086084846802e-19
0.0
5.7369946254790045e-06
5.746669565640597e-06
2.3107726101096865e-10
0.0
0.0
4.9364964709205936e-09
0.0
0.0
5.942418921171232e-08
0.0
1.9518356209857294e-07
-8.887836407369862e-09
4.9364946027742455e-09
-9.673216302453786e-09
-9.43249662345479e-09
5.940129247771625e-08
0.0
1.951717628845761e-07
0.0
-1.0154780891223712e-10
0.0
5.391649861067555e-10
7.0224558652890275e-06
7.0224558652890275e-06
-0.015187238712638162
-0.01518726145552618
0.0
0.00014441091730804127
0.0
0.0001444085846200349
0.0
0.0
0.0
1.171624608048886e-08
2.0558447380560324e-05
0.0
0.0
4.107897297426397e-05
4.107897297426323e-05
4.107897297426333e-05
4.1077491028666295e-05
4.1078972974264154e-05
0.0
0.0
0.0
7.074887013981496e-09
0.0
1.4242408477671051e-10
0.0
0.0
0.0
0.0
6.859149657327772e-07
10.467646756210515
0.0
1.7127176365259864e-07
-10.46764761339725
1.089704206504127e-15
10.467647442283234
0.0
0.002016035699106592
0.0
9.981355810013166e-09
5.338576837999851e-10
1.532380949615531e-11
2.3572152506911127e-07
-2.3572152506632455e-07
0.0
3.3991306576299646e-08
1.0075350946660649e-07
0.0
0.0
0.0
2.9208188371005145e-06
3.853983076799672e-08
2.9208050059630882e-06
9.690979999137184e-09
-1.931699041580266e-08
0.0
0.0
0.0
9.87249322258278e-09
9.872493222563438e-09
4.262674512259473e-10
9.828866764741119e-09
2.501289519965098e-07
9.828866742441592e-09
3.8315668889602675e-10
1.694864502832301e-07
3.3951922266425006e-19
0.0
0.0
0.0
3.918103601873639e-06
4.523100721170306e-10
3.917255980202147e-06
0.0
0.0
0.0317567794124112
0.0
0.0
9.056220735507588e-07
4.8889409920783567e-08
0.0
9.985150484226324e-09
8.721263959196243e-07
-2.4502553447585534e-08
-4.5331172938812805e-08
-4.533117293891574e-08
0.0
7.947523641844367e-08
-7.418795135546085e-08
1.9984470055064844e-08
5.444493930866011e-10
8.260396816869748e-07
4.443682763845031e-07
3.154455730859251e-08
0.0
5.612268413318301e-06
8.637505425708194e-08
2.1688676659055862e-06
1.1050551941314216e-07
4.709572034380873e-10
5.447723034139437e-10
9.898317370087684e-09
2.031348386691945e-08
-9.792874558142706e-09
9.635077153168127e-09
-5.642053750904294e-08
2.2183136593823476e-07
1.8798464060168661e-07
1.3926807647263698e-07
0.0
8.939561846659873e-08
0.0
1.9313326890764605e-07
4.993478488488794e-08
0.0
0.0
9.979574860854206e-09
9.365447802993148e-09
5.382684927051101e-10
5.3670182500972345e-08
3.485830216824441e-08
1.997192667232956e-08
9.986108294439573e-09
9.882466977781883e-09
0.0
0.0
0.0
1.5408821148466153e-08
2.8526994886216076e-09
-1.6070294325425379e-10
-3.7337139670108715e-08
5.441075126645374e-10
1.9983153239386837e-08
6.617893147127109e-09
8.94867000294756e-09
0.0
0.0
0.003882962392604722
0.0
0.0
-9.875840184612661e-09
0.0
0.0
5.938358972563095e-19
9.878639875768369e-09
0.0
0.0
-9.984193994744115e-09
0.0
0.0
7.626353282265632e-11
7.626257213590863e-11
7.626359411595041e-11
-1.559614980903485e-11
0.0
0.0
2.023659350168731e-08
0.0
-1.2667690637777063e-08
9.821641589834996e-09
0.0
0.0
1.6249717051561892e-08
0.0
0.0
0.0
2.8526998523063928e-09
0.0
5.436875229424692e-10
1.9982171459960117e-08
5.432622066324037e-10
1.9044403352277133e-08
0.0
0.0
9.845319883098377e-10
9.61822216228053e-10
3.824144515284151e-11
0.0
1.8793434863094906e-08
9.525463049019886e-09
0.0
9.664963940281268e-09
0.0
-2.212218931816743e-10
0.0
0.0
3.5926326997614927e-19
0.0
-9.30286412010109e-09
0.0
0.0
0.0
3.312425882119291e-07
0.0
8.372266030110287e-09
0.0
9.99300539227091e-09
0.0
6.258460416574962e-10
0.0
0.0
0.0
-1.0138491707083717e-08
5.137235512344702e-10
5.3537603144926e-10
0.0
3.677690512013856e-07
1.2569235794557553e-07
1.996404302462665e-08
5.336552589897912e-10
6.090141378229567e-08
9.877651653862578e-09
0.0
0.0
-9.925471672969654e-09
0.0
7.201362402159248e-09
4.897126209347051e-07
0.0
1.0369518727727841e-07
0.0
3.287278854151119e-07
0.0
1.0369707939207318e-07
0.0
6.45803046419096e-08
0.0
1.1166698300354139e-07
0.0
1.930971864984722e-07
0.0
9.962804545647437e-08
0.0
1.0939819277535192e-07
0.0
1.0940008446374141e-07
0.0
1.0941901282076313e-07
0.0
0.0
0.0
0.0
0.0
0.0
0.0
-2.5464717085064287e-07
-2.53834613268461e-07
-2.5793541212019294e-07
-2.5752359909987643e-07
-7.283152156055406e-07
-5.182413970150853e-07
-2.3172415031412257e-07
-2.9424836753694634e-07
0.0016480977609610204
0.0016480823521395085
0.0
0.0
0.0
0.0
0.0
0.0
0.013441657580053168
0.0
2.475894069793265e-09
7.509985680529686e-10
0.0
1.2475517064262435e-07
0.0
0.0
0.0
0.0
0.0
0.0
0.003880604043189767
1.7120216850188972e-06
9.893583736303747e-09
4.471102069894379e-10
0.0
0.0
0.0
0.0
0.0
0.0
8.897245411758504e-08
4.801570696858634e-07
0.0
0.0
1.1748968457313237e-07
8.708787561897325e-08
0.0
0.0
2.99778184692297e-08
7.4538407083700445e-06
0.0
9.365448013444511e-09
1.9383952877485478e-07
2.84560054768547e-07
1.1957179733014293e-07
0.0
2.425481795613628e-08
1.851839497435515e-07
1.307313266017583e-07
0.0
0.0
1.3101637541747561e-05
1.3517503981899306e-07
0.0
0.0
0.0
-9.373789157076295e-09
-1.46337569860433e-07
0.0023223369458084397
1.2825570937079273e-07
2.779886939022723e-09
2.7798869394292024e-09
0.0
0.0
0.0
0.0
0.0
0.0
0.0
0.0
0.0
0.0
9.319289322677859e-07
5.628560617683335e-05
-5.0762449170349555e-05
4.6392837022449655e-06
9.760348862937782e-09
9.760348865133047e-09
0.0
0.0
0.0
1.6719272318851734e-06
0.0
0.0
3.3055755079680222e-06
3.305575507969062e-06
3.3055755079675064e-06
3.3148140731079414e-06
3.3055755079680345e-06
4.3075738408004293e-07
8.460899976082399e-07
8.794200704374555e-07
3.74585117264941e-07
0.0
0.0
7.379889517631523e-07
7.379889517621717e-07
7.379889517617301e-07
7.456809652771151e-07
7.379889517622732e-07
9.378005266455858e-08
0.0
0.0
1.5838363310813198e-07
1.5117304248376645e-07
1.5184773038425665e-07
1.5838363310902753e-07
1.5184773038359546e-07
5.943066626957263e-08
0.0
0.0
8.039528010973822e-08
8.039528010921169e-08
8.039528010979806e-08
7.065456264254205e-08
8.039528011091518e-08
0.0
7.125303386153437e-09
1.2452328862177922e-10
1.4499656034099004e-08
9.831899215252624e-09
0.0
0.0008799437563930855
4.461702030556585e-07
0.0
0.0
0.0
1.7151579057534292e-06
0.0
15.925953800924642
0.0
0.0
-4.050368523324328e-06
4.0339579189618236e-06
0.009574978891881426
0.0003259814729437669
0.0
1.0191744946233832e-08
3.596897036303786e-10
1.970697267817293e-08
9.901855128327313e-09
4.552841468022425e-10
8.126626257276726e-09
8.126626257348724e-09
3.0041781037092674e-09
0.0
0.0
2.74110688496387e-06
6.481712658275843e-07
0.0
0.0
0.002017879652293733
1.2521096589335656e-08
0.0
0.0
8.014244344518807e-05
8.014244344518814e-05
1.126441654146639e-07
1.987204469248766e-08
0.0
4.4041004027256176e-10
-9.943327612278448e-09
0.0
9.653591529516776e-09
0.0
0.0
0.0
0.0
3.513693684681503e-08
0.0
0.0
1.9173135699372846e-08
4.746637546431604e-10
-0.0005824640198283169
0.0
0.0
0.0
0.0
5.192049073796971e-10
0.0
9.944311559156958e-09
0.0
4.715866574898436e-10
0.0
4.914220359667543e-10
0.0005817843837524411
3.482209130633261e-05
2.3171849116153118e-05
2.702853185239653e-06
0.0016480833201914374
5.753748530948438e-06
9.846837206147548e-09
4.009146817077143e-10
1.8523003827213638e-08
0.0
0.0
0.0
0.0
0.0
0.0
0.0
0.0
-1.6070330231466858e-10
0.0
0.0
0.0
0.0
9.555154072864391e-09
0.0
0.0
-9.85960691313615e-09
0.0
7.463404241359658e-09
5.80881368515196e-07
0.0
0.0
-2.025600982638677e-08
9.954242425086802e-09
5.070596295496946e-10
9.876877913031142e-09
4.306004944240744e-10
0.013473916997662427
-7.121201536074845e-07
1.9173032128398214e-06
0.0
0.0
0.0
2.0594430524528088e-08
7.026650766842042e-06
1.6791319638727526e-06
1.2337649952086925e-08
0.0
2.5529809163597736e-06
1.1996150317357857e-07
1.1996150317443637e-07
1.1996150317266883e-07
1.1996150317165284e-07
0.0
-2.215105170998371e-08
1.6976201276767966e-06
0.03906390059315261
0.0
1.9449453222722085e-06
0.0
-1.9444496477384757e-06
0.005973697441721886
0.039063833177182476
0.0
0.0
0.0
-6.5724498183282465e-09
0.045037529077372414
0.0
0.0
0.0
-2.5496108274358137e-09
0.0
0.0
0.0
0.007850228590275635
6.356505665971355e-08
-9.52569533451768
9.533547554549186
6.741597013765229e-08
0.04503752907737164
6.371933755902064e-05
0.0
1.9670157084238764e-08
5.156391502187759e-10
-9.859606540062182e-09
2.3171849115789415e-05
0.9155669792558794
9.87893682342513e-08
1.412135587088339e-07
-1.0405475756814671e-07
2.1391062720782596e-08
0.0
1.2051830584988116e-06
-9.027660983487121e-08
5.812999525824934e-05
0.0
0.0
4.432346786083667e-07
-2.292982615633153
1.3774153221246883
9.926739551444931e-09
0.0
0.0
0.0
1.6867839345336764e-05
0.0
3.065950176183306e-09
-6.364203375072448e-09
0.0
9.306867139616956e-09
0.0
4.324214890982738e-08
9.805169839955039e-09
0.0
0.0
2.3565314370513148e-06
0.0
0.0
2.589893935349371e-06
0.0018035151968099168
0.00017959241901976326
-10.988215828536
10.98623298405475
-0.001982844481250981
1.4750740726909528e-09
2.619542226462489e-07
0.0
-0.0005802136567477261
0.0005799879421427882
0.0
7.099245317100252e-07
8.928385970359269e-06
0.0
0.0
-0.0004234050120752221
0.0004234230758256778
9.161531853999958e-09
0.0
0.0
0.0
0.0
7.639163175686171e-07
6.701347480592848e-07
5.436257528364256e-10
0.0
0.0
0.0
1.4745908125542271e-15
1.9173136059144244e-08
0.0
1.3428327527826608e-07
0.0
0.0
1.8090602568976818e-08
5.460013730057999e-07
0.0
0.0
1.9024580128387102e-08
9.794904179909068e-10
3.523694457960818e-08
8.695194163956565e-08
3.9965945492391443e-08
5.433059801444975e-10
4.679437668390482e-06
4.6794376682159615e-06
5.453722851804848e-10
2.5298234353730853e-08
0.0
1.287625872583101e-07
8.90121239723677e-08
0.0
5.374380569421304e-10
9.878936825947188e-08
0.0
0.0
1.705242977129145e-08
2.939007789617448e-08
0.0
0.0
3.1810425419946936e-08
0.0
0.0
3.284326565956245e-08
9.990309690310049e-09
-1.3325377780418605e-08
0.0
0.0
0.0
0.0
-0.014573841555172606
-0.014577482621823694
0.0
9.040611564307296e-08
-9.040611565435208e-08
-2.0009244464749415e-08
-1.0146232622636908e-08
-2.546471719313756e-07
-2.6349977393265445e-07
-2.5793541340041887e-07
-2.575236003861739e-07
-7.283152168987769e-07
-5.279321547962262e-07
-2.3172415164213894e-07
-2.942483688709555e-07
8.948671080698404e-09
1.7733116426554087e-10
4.323417106494388e-10
4.3234171036202076e-10
7.538565859731977e-06
2.5858306643358433e-08
0.0
2.963137831915432e-08
9.926816825040203e-09
5.334031985145229e-12
0.0
0.0
0.0
0.0
0.0
0.0
0.0
9.236649572045764e-06
7.0170055514454455e-06
7.744238594430572e-06
1.4494948763686091e-08
7.317235904655124e-09
0.0
0.0
0.0
0.0
0.0
3.666961559050336e-06
-3.6590523074731993e-06
7.909251571720299e-09
1.8968468195024302e-08
9.87863987606891e-09
0.0
6.901614380008659e-12
0.0
9.863399246977448e-09
2.8847108071519073e-08
0.0
1.896846819474997e-08
0.0
9.14682660413087e-09
-9.432801347721322
9.432641752402288
0.00015959531903233753
-1.4197444469296952e-05
1.4216636334024975e-05
0.0
0.0
2.0888870308269415e-06
5.564355315980956e-09
7.468335657329878e-06
2.825500968203907e-08
0.0
0.0
0.0
2.77718570011421e-06
9.98904289120263e-09
9.98904425841829e-09
-0.015145381649737999
0.0
2.7787487293450524e-10
1.3161430264266015e-10
0.0
1.3161539505459024e-10
1.316163903189239e-10
3.4718951376553006e-05
-6.396121821938529
6.39612181213895
0.0
0.0019813547198093097
0.0
-6.773614342875543e-05
6.777580281446166e-05
-2.018114666766889e-08
-2.0181146667668044e-08
0.0
0.0
0.0
9.672073737407305e-09
0.0
0.0
1.3620335364925441e-08
3.944975317119251e-09
-1.2053622676991282e-06
3.397178098908107e-08
5.439213837050414e-10
7.099079957805398
7.099079956304121
0.0
9.106228472925851e-09
6.722311842573483e-06
2.6283261665422893e-06
-1.0373852582257153e-08
5.200851341724216
-5.200851321741947
9.990730953111065e-09
0.0
8.903230729342691e-09
1.836879431431353e-08
-1.8368794317200066e-08
-1.836879431893479e-08
1.8368794319339952e-08
0.0
0.0
1.4949247364996135e-08
1.4949247514838867e-08
8.718802919222002e-09
-9.672073737407305e-09
3.683172373573429e-08
6.292214275934688e-08
0.0
0.0
0.0
9.9266573026035e-09
0.0
8.139201942799373e-08
7.554692710203038e-08
-3.8079978441352136e-09
7.673153836258751e-07
0.0
-1.7206432442305442e-08
-1.7206432442385622e-08
2.7557475285246206e-10
0.0
1.0594493994721018e-08
1.1074789183241624e-07
9.97359217863399e-09
9.973592177042574e-09
5.279562010111229e-10
9.975385068008898e-09
0.0
7.880423015908547e-07
1.3069686907429106e-07
7.851266960563603e-07
-4.956247617973378e-09
0.0
9.709173452862057e-07
3.621612927396693e-10
9.701304702001404e-07
2.6688738141773754e-07
9.398306512123436e-06
1.8368794312217305e-08
1.7367931070953227e-19
9.774778091295827e-08
-1.2499772437002832e-07
-1.770856963186286e-08
7.099245316836717e-07
0.0
0.0
0.0
0.0
0.0
0.0
9.682018803693633e-11
9.657702011387568e-09
1.0801909661276866e-10
0.0
-1.0805058046806506e-10
0.0
0.0
5.33239279090719e-08
0.0
0.0
0.0
0.0
0.0
0.0
0.0
0.0
0.0
8.933730707800435e-09
1.7014956374229231e-09
0.0
0.0
1.4767665642717074e-08
0.0
0.0
0.0
0.0
3.848454274840924e-09
4.3721938064559684e-09
0.0
0.0
3.34231380657534e-09
9.221672837553679e-09
1.869019237259826e-07
1.5591086454422813e-07
0.0
0.0
8.669546393817015e-09
0.0
0.0
0.0
1.900170001426787e-09
2.2191618462900625e-09
9.71250146030473e-09
0.0
1.1138569001930697e-09
4.6013528609249856e-09
2.8899824739963247e-10
0.0
1.5317602528893722e-08
1.2881143656247971e-07
0.0
1.0640821037119697e-08
2.4857588978436836e-10
0.0
9.937265126980375e-09
2.3769341310638588e-07
4.62187155168221e-08
1.819843789034224e-07
1.6585092750999835e-08
3.7913425663665074e-08
2.4964220532923645e-08
3.1227779045632887e-09
-6.258448679883157e-10
5.6420537120072685e-08
4.36155049982998e-19
0.0
1.0250507508899753e-05
1.0296458800894377e-05
1.9208632755974512e-10
1.6796174399310646e-09
1.6796174398176803e-09
0.0
-9.790649538291723e-09
4.5607969770035965e-06
0.0
0.0
0.0
-1.906815241760162e-10
0.0
0.0
1.2871674251388104e-08
9.977617149971382e-09
9.968817134405846e-09
9.968817133167163e-09
9.755270832374429e-09
9.755270831581905e-09
9.948654450158478e-09
9.948654448987389e-09
9.834288085419831e-09
0.0
9.834287721074393e-09
2.2153090734275524e-05
7.9647466178868e-08
2.2243108343606148e-05
-9.182635150932443e-10
8.705782727760603e-06
1.3125160833330894e-08
9.869599474614204e-09
4.234081658002209e-10
0.0
9.571777285833182e-09
1.2917694473846695e-10
9.57177763784135e-09
3.2106415209597336e-09
0.0
9.57186487905253e-06
9.571864879052646e-06
9.57186487905249e-06
6.332966531652842e-06
7.761351543871545e-19
6.781131489238202e-08
0.0
0.0
7.219040199162829e-08
0.0
0.0
0.0
0.0
6.295873741589269e-08
0.0
0.0
0.0
0.0003355555128079425
1.25920255209823e-06
2.040404842789731e-05
0.0013486022109354637
0.00033475704236839523
9.86757319461674e-09
9.870093189568984e-09
5.706658616159094e-05
5.705703100751888e-05
1.1275905192359292e-10
9.894886615692983e-09
4.4867845052478237e-10
9.875132057521427e-09
0.0
0.0
0.0
0.0
0.0
0.0
0.0
0.0
6.123537734362166e-11
0.0
0.0
0.0
0.0
0.0
0.0
-1.0874788006083554e-08
-1.6924301557094158e-10
2.9792903765686024e-08
0.0
1.065392541012132e-09
3.6191417543232623e-16
9.57186487905262e-06
7.45130847462299e-05
7.451308474622995e-05
9.97152051750829e-09
0.0
6.217194373047298e-09
0.0
0.0
0.0
0.0
0.0
4.962718311867383e-08
3.033313271899208e-08
0.0
7.920406552772284e-06
7.913615052372271e-07
4.701611361458592e-08
2.9974725550157407e-09
0.0
0.0
5.7562501548587784e-08
-7.877238931467594e-06
-7.681538278053556e-07
9.505421858809326e-06
0.0
0.0
9.505421857728188e-06
0.00029020196987097056
0.00027959671102221524
0.0
0.0
-3.4539445419578986e-10
8.411651817343394e-09
1.0605245361702641e-05
-1.3487052674763383e-11
0.0
0.0
0.0
0.0
0.0
-2.678128543364284e-12
0.0
0.0
0.0
0.0
-2.271639140146353e-05
0.0
4.012993976916626e-08
0.0
0.0
0.0
2.2828872458643812e-07
0.0
-9.670588402982405e-09
0.0
2.5865320280177295e-06
2.586532028052424e-06
0.0
1.6249717166003647e-08
0.0
3.4240825844413305e-10
3.4240825991677184e-10
1.1650242190179106e-05
0.0
0.0
3.826420485860708e-09
6.461765575782008e-07
0.01982632106588635
0.009553103896204194
0.0003260570546574504
3.1249528411539024e-08
0.0
2.3661461124654183e-07
1.2793586171461114e-09
0.0
5.099896313944833e-07
0.0
2.366235518612683e-07
0.0
0.0
0.0
8.081049267107664e-06
0.0
13.535271564481336
0.0
-0.001888607729798153
6.592322912550363e-07
7.89002849950482e-07
-2.0073362983321144e-08
-8.02828799704712e-09
7.813734372389199e-09
5.2773957863461174e-08
4.9010429523417135e-08
-2.83152414554122e-06
-2.7939821406752774e-06
0.0
1.318632199815904e-07
4.043245223954059e-05
-6.2986235828789774e-12
4.057196750843284e-05
0.0
1.4457894119367814e-08
5.485751877891907e-09
3.4465838702305166e-09
1.9563809162438196e-08
0.0
5.234948425221253e-10
0.0
-9.397685656655766e-09
0.0
0.0
-2.9675189212734604e-08
4.806200632384695e-10
2.7334299902447154e-08
2.736975983780236e-08
0.0
0.0
0.0
4.868823217052598e-10
5.362547326044362e-09
9.304135576495362e-09
0.00014152195404345549
0.00014152195404345543
3.1324419284117034e-10
3.1324419286833723e-10
4.3863906392234996e-07
0.0
9.989818037419333e-09
4.583288378779252e-06
9.991537462012004e-09
4.993478717860812e-08
9.991300878817053e-09
9.982891989148278e-09
1.5890803275075306e-06
5.990434687927169e-08
1.4886375471737681e-08
9.985818353741455e-09
8.473289898426258e-07
9.986725329100388e-09
4.99266509402746e-07
9.960985799796142e-09
6.462528633235837e-08
9.992398373382758e-09
3.7448540166214096e-07
9.99235327447475e-09
2.7994493035948397e-08
9.991725784403079e-09
0.0
9.991238366120505e-09
1.5606730733463744e-08
0.0
0.0
0.0
4.2453478539927075e-09
9.113504512815576e-09
0.0
0.0
4.993478678184026e-08
0.0
0.0
0.0
0.0
0.0
0.0
0.0
0.0
0.0
0.0
0.0
0.0
6.870193858206152e-08
0.0
0.0
0.0
0.0
0.0
0.0
0.0
0.0
0.0
0.0
0.0
0.0
0.015878554816731116
0.015878586105330494
1.5483243544861153e-06
6.954770014359835e-08
-9.679447004334873e-09
9.958677168374906e-09
9.965703084472732e-09
0.0
2.737635741185262e-10
0.0
0.0
0.0
0.0
-9.925470944440005e-09
1.190517103115998e-10
7.866851751490352e-11
1.836879431314975e-08
0.0
5.380861170968499e-09
2.2639811768932826e-08
0.0
5.413703843387563e-09
2.8847108071321215e-08
1.5716150776217314e-10
7.925154149782026e-09
0.0
0.0
0.0
0.0
3.0441643384160444e-06
0.0
5.112167353202883e-10
9.972120738515105e-09
5.247297457146839e-10
-2.2639811394532805e-08
0.0
0.0
1.845820251033692e-08
1.8458203594489324e-08
3.484636644000249e-05
7.251562314188535e-06
0.0
3.1251469398714754e-08
3.8308472436408923e-08
1.0792706758176564e-09
0.0
1.8379157485938697e-07
0.0
8.948664600673992e-09
0.0
1.8458200341211146e-08
1.84581992565936e-08
0.0
8.355305861310012e-07
0.0
4.536767822455678e-07
0.0
0.0
4.08451072392164e-08
0.0
0.0
5.571884976937779e-06
4.900432412874059e-08
9.414139751125971e-08
0.0
2.1316645007361036e-06
3.849571894529944e-08
7.102248405667932e-08
2.2687166263707667e-08
2.108216310239938e-08
0.0
3.181042579373895e-08
0.01599491839576682
0.0
0.0
0.0
1.4988021271970683e-06
0.0
1.0475025671629377e-07
0.0
0.0
0.0
0.0
0.0
9.802113731345555e-09
3.567216446950805e-10
-9.92547130899282e-09
0.0
0.0
0.0
0.0
0.0023223369458077073
3.821304122579779e-06
2.2079423594763374e-07
7.547665171279028e-08
1.5377575271505993e-07
0.0
9.288356737084027e-08
1.0445299584224843e-08
2.001406894748856e-07
-1.126441650516237e-07
3.224023469944191e-05
0.006196536619543347
-0.013473916997663149
0.0016480833201917974
3.634338559407848e-16
-0.013441667346165385
-9.158382101636785e-06
0.0
0.0
0.0
0.0
0.0
0.0
0.0
2.3066593105607617e-07
0.0
8.530636383983267e-08
0.0
1.6346615056671574e-07
0.0
8.112190256243914e-09
0.0
1.0182243028695148e-07
0.0
1.963110710478219e-08
0.0
2.1000080136198103e-07
0.0
2.2194521965302732e-07
7.563536780519652e-08
1.5381653893314123e-07
0.0
9.200226817780479e-08
9.809294643922688e-09
2.0018857947315843e-07
0.0
0.0
5.914226977078718e-09
1.7058817261127094e-17
2.2621651367990374e-09
0.0
9.97152051768157e-09
0.0
-6.087118823473736e-07
1.306591851922456e-10
4.372192397316307e-09
0.0
0.0
3.3423126028581814e-09
9.221671587968118e-09
1.8690192250222995e-07
1.5591086324505257e-07
3.2233475001641892e-09
1.0929483632461626e-07
9.423498352110569e-12
9.396481695050116e-09
0.0
0.0
2.6746457227476256e-09
2.3004087614621492e-07
4.610150132827439e-08
1.636244298889632e-07
0.0
3.353157487877801e-08
1.60674080027694e-08
0.0
0.0
5.332392741886429e-08
0.0
0.0
0.0
0.0
0.0
0.0
0.0
0.0
0.0
8.933730083296028e-09
1.7014949850868532e-09
0.0
0.0
1.4767664980848874e-08
0.0
0.0
0.0
0.0
3.848453629716868e-09
-7.026650763523618e-06
0.0
0.0
0.0
0.0
8.833139015150127e-09
0.0
2.2828872457309777e-07
-0.0008799711995039294
0.0
0.00011233049153935706
5.334333938696731e-09
6.387623070123102
0.0
0.0
0.0
0.0
0.0
0.0017085347350147908
0.0
2.2843264261688183e-07
0.00026595404174745526
3.7646861759659115e-08
3.250904234740684e-08
-0.04607409116823808
-0.51016888760046
3.3124258783209966e-07
0.0
1.5158226826917994e-08
0.0
0.0
8.711653202344112e-09
9.82164158957788e-09
9.821641589326073e-09
9.821641588567132e-09
0.0
9.895433056496427e-09
4.489374494532724e-10
1.2051830588655915e-06
1.2051830599741025e-06
0.0
0.0
1.2151390534776759e-06
0.0
1.205183059601882e-06
-9.776788458080044e-09
7.275837447858001e-06
9.965530512381228e-09
5.182160699951158e-10
0.0
0.0
2.7179751227457416e-08
0.0
9.952025383570234e-09
-0.5101618023479617
9.805117551508957e-09
9.805117552304579e-09
-9.942421476394347e-09
4.024806265225124e-09
1.1455435194086621e-07
0.0
7.038140987129996e-10
0.0
0.0
9.582115697776118e-10
3.22402346998052e-05
9.934245297855884e-09
3.224023470016873e-05
9.934245297981633e-09
4.024805282785713e-09
1.1455435098854378e-07
0.0
7.038132040710917e-10
0.0
0.0
9.582106092405454e-10
6.3876230701231
0.014224437094053854
9.934430273484355e-09
0.0
-0.00012249981475342866
2.934550055461949e-06
7.817882528617782e-09
0.00012250195954605496
5.153939039562521e-10
0.0
0.0
-6.632339458869685e-08
4.0560840253734136e-08
-4.756231965923649e-06
1.4939219508387867e-07
-3.632632903354801e-07
1.0664105583241919e-05
2.7870361271563128e-06
4.044668714073416e-10
9.850429655408957e-09
0.0
1.4969698208415861e-06
0.0
0.0
0.0
0.0
1.9028997292937184e-09
1.137023817096494e-08
4.014808878226436e-09
2.2828872455026947e-07
0.0
0.0
8.372266030129553e-09
0.0
-1.0524759538177493e-08
-1.0524759538008934e-08
-1.0712042385774645e-09
0.0
0.5101637010844375
0.5101637010844368
5.909534631424788e-07
9.882242909501996e-09
4.3590234156405486e-10
0.0
0.0
0.0
7.806054871877185e-06
0.0
0.0
8.948666766125633e-09
4.313486446668e-05
4.313486446667993e-05
0.0
1.6249716879914828e-08
0.0
-6.18517397563714e-09
0.0
1.7307386688768618e-09
0.0
1.7307386682282656e-09
0.0
1.0446385683428978e-07
1.8734523271353396e-08
1.792258292380467e-08
1.1386268005583388e-08
8.602780585813228e-08
0.0
2.4105247118317343e-08
0.0
0.0
0.0
0.0
0.0
7.453382609712289e-08
7.344616798910777e-08
0.0
0.0
0.0
0.0
0.0
0.0
0.0
0.0
2.586466583543847e-08
4.37693281693077e-08
5.769795289296604e-19
-4.2498699147464867e-10
0.0
-4.249873506286956e-10
0.0
0.0
9.792874556407982e-09
0.0
0.0
0.0
0.0
0.0
2.969496625346975e-09
0.0
2.969496625262904e-09
7.626171254464571e-11
-9.933719209188896e-09
1.605570517189056e-07
0.0
1.2044328123852925e-05
0.0
0.0
4.419279564515932e-08
0.0
7.604796589201805e-09
0.0
2.5864665837008616e-08
2.586466583660428e-08
7.626165926232747e-11
0.0
0.0
-7.672059680260968e-09
0.0
0.0
0.0
0.0
0.0
0.0
0.0
0.0
0.0
0.0
5.357784561670076e-08
2.5864665836182276e-08
0.0
0.0
2.468874829505838e-07
2.3715678186771774e-07
9.730700934446714e-09
0.0
0.0
0.0
0.0
3.210341022630167e-06
0.0
7.626154844308326e-11
7.626160453128615e-11
0.0
5.738905359431921e-06
0.0
0.0
0.01191736305111352
0.0
0.0
-0.00028819386143585544
9.831898850620746e-09
0.0
9.831898851465635e-09
0.0
0.0
0.0
6.30867493198163e-08
9.41285901039546e-08
0.0
-0.0023223038571413557
0.0
-3.807711006943539e-10
-8.479909791232185e-09
0.0
0.0
0.0
0.0
-9.764640318543627e-09
1.3013445389510733e-09
3.2229075944819066e-07
0.0
0.0
0.0
0.0
0.0
0.0
4.996502696432993e-09
4.996502696432997e-09
-9.859605440307003e-09
2.876349925497992e-06
0.0
15.925953800924642
0.0
11.89775993594272
-11.897759916037343
9.944393104834405e-09
9.926318612127298e-09
4.783477917024891e-10
2.0642096606525107e-05
0.0
1.4190323679071963e-05
5.98756264069605e-08
4.87478070818926e-10
1.421663633438887e-05
0.0
0.0
3.803317030497056e-06
-0.7731650471402542
0.7731688798576266
3.319084155042148e-10
1.0462674794314976e-08
-1.0462675110004557e-08
0.0
3.2541679836906034e-08
4.016143962857176e-08
0.0
0.0
9.525463050478546e-09
1.8671495634459356e-08
9.180278363695284e-09
0.0
5.087092108239674e-07
1.0462674162757448e-08
0.0
9.927445252331151e-09
3.2228404507008616e-07
0.0
0.0056226727711918
0.0
2.3567763965626116e-07
6.087697587199469e-07
0.0
5.813249488551546e-07
0.0
0.0
1.949263896251469e-08
9.772595302437459e-09
2.0018188410316547e-05
0.0
2.0016654338930146e-05
0.0
2.5023744465461033e-19
9.927092330460716e-09
9.927092330999217e-09
-9.432801367279009
0.0
0.0
9.897141048823202e-09
9.957884085841869e-09
-8.990531024667608e-09
0.0
0.0
0.0
0.0
0.0
0.0
9.833481382864337e-09
3.8771669395796687e-10
-1.5158226770138616e-08
2.833677900087142e-17
-2.7798157766435177e-08
-3.763163909269544e-08
0.0
0.0
9.027661055805431e-08
9.983498546360276e-09
9.987684169354826e-09
5.401127065539634e-10
0.0
-9.76745209447502e-09
-9.865816053034623e-09
7.102247901554003e-08
1.126441657534416e-07
7.0994751498761e-08
9.027660983523912e-08
9.027660911590797e-08
7.102247972749719e-08
7.163321610800197e-08
6.928299854217898e-10
0.0
0.0
5.359755748030175e-10
0.0
0.0
9.982927258869227e-09
5.354109082983941e-10
3.5874724976762933e-10
3.587489291289165e-10
5.364891110730872e-10
9.985240434825095e-09
5.376972782345284e-10
3.587515098401443e-10
9.984018103783026e-09
0.0
1.4790019196160808e-06
7.10224833277828e-08
0.0
3.587545455131278e-10
3.0330175569904205e-10
0.0
0.0
0.0
4.864172605499595e-08
5.334846076301789e-10
3.310296663996901e-10
3.587584826556491e-10
0.0
0.0
0.0
1.777041066702243e-08
2.2828872456358702e-07
0.0
1.859873622472863e-08
5.25338224016943e-10
0.0
9.746208910213982e-09
9.746208910213982e-09
1.463650162777154e-06
1.1566003718815895e-07
1.5507529871874222e-06
4.0132891032195624e-08
4.0132891032195624e-08
9.979650689818962e-09
0.0
-3.5086688789931486e-06
6.426032832881939e-19
1.2075415792383937e-08
-2.173145353012891e-09
4.556945863647838e-10
-3.526912786711023e-06
0.0
2.312239224452371e-09
1.4636501627698258e-06
1.5964629905190747e-05
9.987443546008649e-09
-1.595464246184619e-05
5.422218663000514e-10
6.366062645318575e-07
3.741397523887767e-07
1.0462640163716738e-08
5.416346296012334e-10
5.04498434694689e-09
6.022385010196092e-06
5.044984347196833e-09
0.0
0.0
-9.29403588192079e-09
0.0
1.4389681958360556e-08
0.0
0.0
2.156786783663733e-06
1.1029160260406881e-08
2.1367140401754937e-06
-6.64854710829665e-12
