0
0.0
1.7409038247280727e-08
0.0
0.0
0.0
2.065205428494201e-07
0.0
0.0
0.0
0.0
0.0
0.0
0.0
0.0
0.0
0.0
7.626507913673952e-09
0.0
3.639951992609945e-10
0.0
0.0
0.0
0.0
1.9743841627522828e-10
0.0
8.903431556613969e-09
0.0
0.0
0.0
0.0
0.0
0.0
0.0
0.0
0.0
2.9988944067163936e-05
0.0
0.0
1.9756479385513542e-08
0.0
0.0
0.0
0.0
0.0
2.009246879024545e-09
9.505706036146582e-09
0.0
0.0
0.0
0.0
0.0
0.0
0.0
0.0
0.0
0.0
0.0
0.0
0.0
0.0
0.0
9.291011539502997e-09
5.063350238339954e-18
0.0
9.53253582541745e-09
0.0
8.498597061563191e-09
0.0
0.0
0.0
0.0
0.0
7.551110775819947e-09
1.0154752082616736e-10
9.487342454391735e-12
6.570254847343513e-10
0.0
0.0
8.004475786576263e-09
0.0
0.0
1.0154752088037747e-10
1.8950849078176508e-20
0.0
0.00163502178206111
4.898915601726415e-13
0.0
0.0
0.0
6.758849747982951e-09
0.0
9.3871436292572e-09
0.0
3.967364745827388e-08
-3.9659812978916115e-08
2.331134337542923e-09
0.0
9.470090295723281e-09
0.0
0.0
0.0
0.0
0.0
0.0
0.0
9.843562910016163e-09
0.0
0.0
0.0
0.0
0.0
9.078408018922206e-09
0.0
9.624416228954514e-09
1.6502877879927952e-22
0.0
0.0
0.0
0.0
0.0
6.034982811973377e-09
0.0
9.608092915160615e-09
0.0
0.0
0.0
0.0
-2.30105605011731e-08
9.06551465040007e-09
2.0856462337759216e-09
9.792723670322043e-09
0.0
1.0798086528943325e-09
0.0
0.0
8.855687245673732e-09
0.0
4.8812906332692205e-06
1.966766884081887e-08
0.0
9.817251995859628e-10
0.0
1.838307499299977e-08
5.0226380463805736e-20
1.912350023217636e-08
0.0
0.0
0.0
0.0
0.0
0.0
1.9768870081627114e-08
0.0
1.7550509435716705e-08
0.0
8.353200387325351e-09
7.855918101707468e-09
0.0
0.0
0.0
0.0
2.0917115656032866e-13
0.0
-0.00040896317087035783
3.0161397783570567e-07
7.279262664964266e-09
5.199354209175609e-09
4.747069792752086e-09
0.0
0.0
0.0
0.0
1.9344443994472067e-09
0.0
2.7061188111059306e-09
0.0
0.0
0.0
0.0
0.0
0.0
0.0
4.362607791925666e-09
0.0
0.0003988429575287405
0.0
0.001815318185543461
0.0
5.13438426955511e-08
0.0
0.0
1.5187868478512954e-08
9.759907409448488e-09
0.0
0.0
0.0
0.0
0.0
1.7444616712520166e-08
0.0
0.0
1.837452176883645e-08
6.299889471041357e-09
0.0
5.532488679742132e-09
3.807987042012129e-09
8.565852421823512e-09
5.156044135728902e-07
1.218979671445499e-06
0.0
7.171911540243737e-06
6.086558811179573e-09
0.0
9.652096872632687e-09
5.04024854278558e-08
0.0
0.0
0.0
0.0
0.0
0.0
9.266507476054355e-09
0.0
0.0
0.0
0.0
0.0
0.0
1.7187749676458215e-19
2.521004630855248e-09
0.0
7.936791777901682e-11
0.0
9.002154695888777e-21
3.337028176446205e-09
9.814749497395248e-09
0.0
0.0
0.0
9.102287588726913e-09
1.0977048798300321e-08
0.0
6.229225674662406e-11
-5.177992715654778e-06
6.298961352513288e-12
0.0
0.0
0.0
0.0
0.0
0.0
-0.001715640101217673
1.5963712685283106e-24
9.825174133540248e-09
0.0
9.482769172472429e-09
0.0
1.3777058492747748e-10
1.6195673621284902e-08
0.0
0.0
0.0
4.313549535617245e-07
0.0
9.832737544158849e-09
0.0
8.296215225933485e-10
0.0
0.0
0.0
0.0
0.0
0.0
8.984401687370355e-09
0.0
0.0
8.30559253344866e-08
0.0
0.0
2.238159343005115e-20
2.6496949461491414e-09
8.854854011515139e-09
0.0
-9.331427781514029e-09
9.425721266616827e-09
6.938911764239169e-09
8.803706013898763e-09
9.33143026602334e-09
4.7742393476853597e-17
0.0
-5.0141709575092334e-08
0.0
0.0001781129134314786
0.0
8.500646629944967e-09
8.816928933501165e-09
9.594957371414424e-09
9.90349404171278e-09
0.0
0.0
0.0
0.0
1.8523036863759537e-08
0.0
9.835802494317482e-09
0.0
0.0
0.0
2.331134388636343e-09
9.493063340680324e-09
0.0
9.049249953276285e-21
2.562224521093781e-14
7.736186562823804e-09
2.2737641885952145e-08
0.0
0.0
0.0
0.0
0.0
0.0
0.0
1.6653738143365256e-07
2.4676498914089358e-08
0.0
0.0
0.0
0.0
0.0
9.654693945064832e-09
0.0
6.6485282584254415e-12
0.0
0.0
4.259096177298364e-08
0.0
5.21065574591703e-09
0.0
9.828120689304056e-08
0.0
0.0
4.791243479868758e-10
4.791243473301663e-10
0.0
9.954049270297253e-09
9.980412757535446e-09
5.562511336919277e-10
6.458844274574012e-10
9.936842893642339e-09
0.0
-7.626507907837476e-09
9.936842894141741e-09
9.892129471763057e-09
9.980413463899142e-09
9.983214980118222e-09
4.090855351191781e-09
0.0
1.0387056564683668e-08
0.0
0.0
0.0
0.0
0.0
0.0
4.569734689433011e-07
1.463929570806206e-09
0.0
2.2354039163390214e-07
0.0
1.1932536334643686e-07
0.0
0.0
0.0
0.0
0.0
0.0
0.0
1.6788091665770042e-07
8.65057795449419e-09
0.0
0.0
0.0
0.0
0.0
0.0
0.0
9.565204953837862e-09
0.0
0.0
0.0
1.0345213797608003e-08
0.0
3.940909816666345e-08
0.0
0.0
1.1690740493850218e-10
2.929234565857077e-10
0.0
9.982112001945872e-09
5.743975995350795e-10
9.982567918419066e-09
3.232571743014469e-10
0.0
2.0086609969645226e-08
9.31325811572572e-09
2.008664462042313e-08
0.0
1.750913975879164e-09
0.0
6.487426373668744e-08
0.0
0.0
0.0
0.0
0.0
5.508922299861689e-11
0.0
1.9019797077793245e-18
1.985458172456094e-08
1.9802700940326436e-08
1.9962526172587098e-08
1.9965783554802797e-08
0.0
-7.950645667954273e-09
2.0086601251363487e-08
0.0
2.0086636024963702e-08
0.0
1.7509054261067165e-09
-2.360150189231411e-10
6.487425524372643e-08
-9.534631237317903e-09
-9.5345990564627e-09
-9.534565601963865e-09
3.2323980815149715e-10
0.0
2.008659254559783e-08
0.0
2.0086627441924955e-08
0.0
1.7508969272667804e-09
0.0
6.487424676904466e-08
0.0
0.0
0.0
0.0
6.291367121469995e-10
9.917738829642169e-09
0.0
7.73618656852229e-09
0.0
1.6527356606377027e-08
0.0
9.323915295681703e-09
9.972671576711253e-09
-3.410836227606706e-08
0.0
0.0
1.740903844302633e-08
2.158302919536697e-10
0.0
-9.870629789649615e-09
2.2321596308021888e-06
0.0
5.335051561075355e-09
8.633144991710993e-06
8.45470810489607e-08
1.8007313853859135e-07
4.461580628540067e-06
2.274468746608545e-09
0.0
3.3652080114653615e-06
0.0
0.0
1.87271666204063e-08
0.0
1.1274763991535474e-06
1.582138608753372e-07
0.0
9.904552553769916e-09
2.290731637065648e-09
-1.4415826067593063e-09
0.0
3.834275601882764e-09
-1.570167111410977e-08
-3.183189860813635e-08
-3.1588899506741176e-08
8.360876544925115e-09
5.5607336189910164e-08
2.2907316380312806e-09
0.0
-2.0807873730734095e-08
0.0
4.3906836191993925e-09
7.031260285050094e-16
0.0
4.9802413689468885e-09
0.000742126077311869
1.9756479385509294e-08
5.210300468070955e-10
-1.032717140529633e-08
1.5871037622492393e-08
0.0
1.2450937880015077e-07
0.0
2.3916518072676585e-08
0.0
2.2988288313938744e-05
2.2988288313891347e-05
0.0
-1.166350177403733e-06
7.1351388433403455e-06
1.2387147324675897e-07
0.0
9.755058856310571e-09
9.755058845910333e-09
9.252901207945897e-09
9.252901203322095e-09
0.0
-2.0092468772008932e-09
0.0
-8.497759006881322e-10
-1.926440697502113e-09
-3.834903631195347e-09
2.5156754518071422e-08
3.18312707897558e-08
0.0
3.928209613243411e-08
-1.9391431922005653e-08
4.259414882975578e-09
8.421431940820448e-08
9.505705847469066e-09
0.0
2.4529925453466397e-14
0.0001779810160071248
0.00017798101598259786
-8.421431931492085e-08
4.157418620676082e-06
1.8060242484443059e-06
1.2394048560074593e-08
1.925215135368337e-08
7.5382916401376815e-06
1.713481774716815e-07
8.040462261621609e-08
0.0
7.367014071627167e-07
9.644958454921608e-09
0.0
-2.9979486763298524e-05
0.0
-2.998894406716461e-05
1.3288561134036395e-07
0.0
0.0
0.0
9.979342580372294e-09
9.979341877158765e-09
1.8376457482843778e-05
0.0
9.610287417060839e-09
0.0
0.0
1.4505876673558739e-06
1.3168009410290179e-08
9.184993457271043e-06
-9.14506248815882e-06
6.45679182818475e-10
0.0
0.0
9.949786700337878e-09
9.952942021694378e-09
0.0
0.0
4.025413404373292e-08
0.0
0.0
0.0
2.8993398889920257e-07
8.979069651300896e-09
0.0
1.2752165298914578e-07
0.0
0.0
0.0
1.458728300441505e-07
0.0
0.0
1.3371678993847588e-07
0.0
0.0
2.467649891277593e-08
0.0
9.96837517044935e-09
1.5718855226878506e-07
4.670122128991223e-07
3.6518712154133432e-09
6.265291246374792e-09
1.986248658892921e-07
8.110911180283983e-09
7.861275363071118e-08
-2.2988288313989915e-05
0.0
0.0
-7.837184616554804e-09
1.6648400348534948e-09
-1.6648447689893153e-09
3.8676249889962794e-05
6.1731566246313926e-09
6.173156624129949e-09
0.0
1.8636437092745455e-08
7.568317404011392e-08
5.616149470027824e-10
2.10916176946374e-08
3.765768384611772e-07
4.2657633161794244e-07
-1.4600693880595372e-06
1.8938000467767363e-06
0.0
0.0
9.312300909330775e-09
9.312300909330775e-09
0.0
9.827565078574413e-09
0.0
0.0
-7.259838344215682e-09
3.3430062822526675e-06
3.0606685644846275e-08
6.821703924680275e-09
0.0
2.882614855759067e-09
0.0
2.5948241538268426e-07
2.594824150458678e-07
6.148737478124658e-10
9.951703315065489e-09
2.8826148638222415e-09
2.882614855649861e-09
2.882614855636515e-09
0.0
6.715273041466464e-10
0.0
0.0
0.0
1.1783663443016013e-07
6.634535239599347e-09
0.0
0.0
1.629028389166636e-08
1.6273521262436893e-08
1.629041867481482e-08
0.0
0.0
-9.494307765838831e-09
3.6175670460129536e-11
0.0
0.0
2.9930191549310967e-08
9.947661519200073e-09
9.985435747541843e-09
6.224665534894619e-10
1.1461857202935575e-07
7.656662952378612e-09
7.65666435837787e-09
3.365208011377391e-06
0.0
1.6544156144098354e-07
1.6544155998736915e-07
1.4572745859932458e-15
0.0
0.0
4.73837989671786e-07
0.0
1.5995865078977918e-08
2.045604605194835e-07
1.7063370782287467e-08
8.820876749566517e-08
4.1670234146788974e-06
1.3321862593204467e-06
1.9013845491574573e-08
3.2562868518665074e-09
7.333731180245042e-06
1.542848071865321e-07
0.0
0.0
0.0
-9.291011539403035e-09
0.0
2.8890216884352423e-08
0.0
2.9321638288008603e-08
3.885417411175152e-08
2.9321638283873636e-08
2.9321638286339517e-08
2.9321638286877198e-08
0.0
0.0
0.0
-1.478652261266769e-08
0.0
0.0
-1.1865128733581747e-10
2.455784753393902e-08
0.0
2.2697673866074394e-08
-9.930446222272682e-09
0.0
0.0
0.0
0.0
9.973708906018449e-09
2.8836398791418705e-08
0.0
0.0
0.0
0.0
0.0
0.0
0.0
0.0
0.0
1.64978767303136e-08
5.687681575301911e-10
0.0
5.421010862427522e-20
0.0
0.0
-2.8836398798239127e-08
0.0
0.0
0.0
1.9872669874470074e-08
0.0
9.937494613525322e-08
1.889089468542957e-18
0.0
7.554739384315716e-07
0.0
0.0
-7.243922359951325e-07
9.656739839274944e-09
1.0823611321781779e-19
0.0
-6.386905974777935e-08
0.0
0.0
0.0
-0.00031950335741281815
1.872372216281855e-10
0.0
1.7767784462470808e-09
1.5766595224049413e-10
0.0
0.0
0.0
4.025393555280076e-08
0.0
7.251439501168633e-10
9.494313210375223e-09
9.49430975505372e-09
0.0
1.075827434844471e-09
0.0
0.0
8.626937145390663e-09
8.626936657879156e-09
0.0
0.0
0.0
0.000642028920081137
-1.0154752082616736e-10
0.0
0.0
-0.0006420190009888036
-9.485805370357259e-12
0.0
0.0
0.0
0.0
-9.939380975193925e-09
0.0
-2.1793857580068576e-07
0.0
0.0
7.4018146987634475e-06
1.0275134956167472e-06
5.421010862427522e-20
8.429328194380267e-06
0.0
0.0
0.0
0.0
0.0
0.0
0.0
0.0
0.0
9.377075167375078e-09
4.788374076389857e-14
4.7819148336320466e-14
4.806014621580748e-14
4.802667264230578e-14
2.993019077340733e-08
5.23781385317409e-10
0.0
3.597644752715174e-09
0.0
1.934444398779934e-09
0.0
0.0
1.6844190088532608e-10
9.890806729867016e-09
5.549496791114404e-10
0.0
2.3016457063461613e-06
8.886908092748756e-06
8.89662909132689e-06
3.8790272985465825e-10
0.0
0.0
1.339622203105717e-09
2.7324363806947537e-08
0.0
0.0
0.0
3.335717228123438e-08
-1.8124739134295076e-10
1.339620148785184e-09
1.7860205087911222e-08
-9.84275387707961e-09
-8.407033013404499e-10
-9.722573388742939e-09
3.334537275284205e-08
0.0
-1.0154752088037747e-10
3.674083798789201e-08
6.000627194739153e-10
7.451239663913637e-09
1.686170099707309e-08
-0.0016350217820610968
-0.0016349580919521854
0.0
5.0194011567078175e-08
-4.898915474671472e-13
4.055305658741544e-08
0.0
0.0
0.0
0.0
0.0
1.7879825751711607e-08
0.0
2.205409085237609e-09
2.2054090868604062e-09
2.205409084648151e-09
0.0
2.2054090810163496e-09
0.0
0.0
0.0
8.684985470021681e-09
2.0883164988938496e-13
1.3080612729136456e-08
5.948882431121963e-11
-3.6943131671204777e-09
0.0
0.0
1.1757015604297535e-08
-2.950232413923004e-08
-5.969395368253817e-11
7.856758767946754e-09
9.887701752790225e-09
2.0900135035195093e-13
0.0
9.386504024673677e-09
0.0001802910717441711
3.6862699316267085e-08
9.6100613070311e-09
9.610061236912416e-09
0.0
0.0
9.78308068323025e-09
2.7624369862877703e-08
-6.657703133152587e-08
7.499814052495772e-08
9.150626544710704e-08
0.0
0.0
0.0
3.9659812978916115e-08
0.0
9.78076565322226e-09
-2.041985022815608e-08
0.0
0.0
-2.3311343375656508e-09
9.845162006944701e-09
9.845161555976821e-09
5.100392591406316e-10
0.0
9.015207883222742e-08
0.0
-9.47009029416459e-09
2.9366359293053715e-08
4.782113932833583e-17
0.0
0.0
0.0
0.0
1.5124996174594439e-10
0.0
1.4552929860839355e-06
6.951277325380699e-07
0.0034295398763949346
1.2438988386116563e-07
0.0
7.063139618568214e-08
0.0
4.8022612948240336e-08
9.926356487113401e-09
8.31731435396374e-07
0.0
-5.059503901471215e-07
-5.05950390147095e-07
0.0
0.0
-1.5022706643931064e-06
1.9969685382888173e-08
6.476032591986495e-10
0.0
0.0
3.8847264607643114e-08
0.0
5.461560036385342e-08
0.0
7.266387416430402e-06
6.808056847989347e-08
4.219039216931372e-10
6.473694431291689e-10
0.0
1.4772057344139772e-08
-9.75845972257805e-09
4.0908553184717705e-09
0.0
1.4899472947297e-07
4.583562787090627e-07
3.274594611432161e-08
8.459011736066425e-09
2.038108308199433e-07
0.0
1.1121412358308447e-07
0.0
0.0
0.0
9.890806752966038e-09
5.137300311064755e-09
5.595248302699928e-10
0.0
1.0672943932057609e-08
1.9831781805284187e-08
5.997401792521475e-10
0.0
0.0
0.0
0.0
0.0
0.0
0.0
-4.9395817120788763e-08
6.465338136410861e-10
1.996832326983031e-08
9.984447849146214e-09
0.0
7.135138843324109e-06
0.0
0.0
0.0
8.321714286061007e-09
-9.322435521634466e-09
0.0
0.0
0.0
0.0
0.0
0.0
-1.8446397621191268e-09
0.0
0.0
7.230210621336466e-11
7.209655071238926e-11
7.230372529139152e-11
-1.5594423305166595e-11
-1.3503873583578518e-15
0.0
9.651607072050818e-09
0.0
4.75628861809476e-10
0.0
0.0
0.0
0.0
0.0
0.0
0.0
0.0
0.0
6.464102915901237e-10
1.9966423981813962e-08
6.453528494743222e-10
1.0397567090755457e-08
0.0
0.0
9.350271406685403e-10
4.680292417636553e-09
3.6275084408184315e-11
0.0
9.718833391457836e-09
9.559537181454315e-09
0.0
9.078409135554466e-09
0.0
-9.078408013863886e-09
0.0
0.0
1.2372655028247628e-18
-2.9292345016144164e-10
1.0455738697792531e-06
1.0455738697792557e-06
0.0
0.0
2.454822498461147e-06
8.610444138912743e-10
0.0
0.0
9.978172305594077e-09
0.0
0.0
0.0
-9.425721266378192e-09
0.0
-9.676373352596694e-10
5.781501854115441e-10
5.167976076500001e-10
0.0
0.0
2.996916453640742e-08
1.9722837481876705e-08
5.352715654647338e-10
0.0
9.381794544935434e-09
0.0
0.0
-9.557947361522878e-09
0.0
0.0
1.863477346556929e-09
0.0
2.6908245672716287e-08
0.0
0.0
1.5237585128609258e-08
8.42799260381222e-09
1.165866062516623e-08
0.0
7.642817254814584e-10
1.143069384290501e-08
0.0
1.954931477734697e-10
0.0
7.447877911469804e-08
0.0
0.0
0.0
0.0
1.6391472464284584e-10
2.063373662074765e-10
0.0
0.0
0.0
0.0
0.0
0.0
0.0
0.0
1.926231302988666e-09
3.834694289536755e-09
-1.5701254215650626e-08
-3.1831480067599995e-08
-3.158848104270473e-08
8.361292167393238e-09
-4.608001105205812e-08
0.0
3.1580840746331553e-10
0.0
0.0
0.0
0.0
0.0
0.0
0.00039747195494743703
0.0
9.87080411441099e-09
0.0
0.0
8.408336741634288e-07
0.0
1.3574618002764196e-10
0.0
-9.608092915031063e-09
0.0
0.0
-2.610040503725486e-07
0.0
9.76645067541807e-09
4.3260868377450215e-10
0.0
0.0
0.0
0.0
0.0
8.42899667438805e-07
0.0
1.1812654173352944e-08
1.0158413429044385e-07
3.8825683881004823e-07
6.123458628284052e-09
0.0
2.0813401069808836e-07
9.668300788597149e-09
0.0
5.81753463374167e-07
1.950972622520891e-08
5.137300812829593e-09
1.0182629634029002e-07
4.099983089971867e-07
3.374761925857592e-08
0.0
1.4155677010947018e-07
0.0
7.018430772049813e-08
1.4410901785288614e-09
0.0
0.0
0.0
0.0
2.983495700133469e-09
2.9834956993541988e-09
-6.118791902224674e-09
4.9701237429504866e-08
7.586003780640587e-07
0.0
9.581621927302886e-09
9.581621929779986e-09
2.5084721561829116e-10
0.0
7.529141885615535e-08
0.0
0.0
0.0
0.0
0.0
0.0
0.0
0.0
4.941490971605e-08
0.0
0.0
0.0
0.0
0.0
0.0
0.0
3.7232431276815837e-09
2.8166284540386956e-09
0.0
0.0
0.0
0.0
3.496574107452865e-09
0.0
0.0
0.0
-8.777969660768035e-08
1.4382077168026901e-08
0.0
0.0
0.0
0.0
0.0
0.0
0.0
5.599836994312042e-08
0.0
0.0
6.396761399577484e-08
5.413216696582346e-08
6.016714978135775e-08
6.396761399315696e-08
6.016714978865428e-08
0.0
0.0
2.8721901897841473e-08
1.8526279436626445e-08
1.8526279437226333e-08
1.8526279437282317e-08
2.7381966682609534e-08
1.8526279436941535e-08
1.952691043099317e-08
0.0
2.0938204870472444e-08
2.362922760446018e-08
9.89052304734136e-09
0.0
1.2519330366355432e-06
0.0
0.0
1.8262207517150057e-16
0.0
0.0
0.0
8.003212891499014e-05
0.0
0.0
-4.88129063327085e-06
4.938410719620143e-06
9.170884763257486e-07
4.9637834361723763e-08
0.0
1.0133436014940628e-08
3.936020655080439e-10
1.9561602580470705e-08
9.834809261374628e-09
9.834809274177634e-09
0.0
-9.817251995776484e-10
0.0
0.0
-1.9667668840815753e-08
4.951597072297492e-06
0.0
2.508472013047147e-10
9.5816219247008e-09
1.3807899430777286e-08
0.0
0.0
-8.962175859590498e-09
1.1310745928348547e-05
1.1310745928348544e-05
1.8107972302042848e-07
0.0
0.0
-1.9123500232150203e-08
-9.911744068460526e-09
0.0
1.9030608791248483e-08
1.6679334504612193e-07
0.0
1.0271666912385492e-08
0.0
0.0
0.0
0.0
8.03890706209882e-09
6.022937075307429e-10
-1.1695209251617867e-07
0.0
0.0
0.0
0.0
6.264991590128147e-10
0.0
6.183040915648311e-10
0.0
9.636917635788713e-09
0.0
9.925642530106416e-09
0.0
2.8463411533141093e-05
5.559337538372212e-06
1.1865960446168865e-07
0.0012215558226783153
0.0
9.904639103912727e-09
5.68560290861438e-10
0.0
-8.135160768720133e-09
8.853554779933437e-09
8.99661790111763e-09
0.0
0.0
0.0
-7.855918101722656e-09
0.0
0.0
0.0
8.996617900528317e-09
0.0
8.853554809567637e-09
9.878469147291216e-09
0.0
6.2838424205786105e-09
6.283842419316766e-09
2.3091263693904643e-10
2.3091263693904643e-10
0.0
0.0
0.0
-1.0339490059442262e-08
9.801908382984795e-09
4.674879068337406e-10
6.71344875697011e-09
0.0
0.000410188911848954
0.0
0.0
0.0
0.0
0.0
0.0
1.734631184587448e-07
2.0607114319104054e-09
4.9280437678907044e-08
0.0
0.0
-9.579337129084209e-09
0.0
0.0
0.0
1.065507890641806e-18
4.091764114051835e-06
2.15010302373822e-06
7.852134011344143e-06
3.5236570605778894e-19
3.0900462240508955e-07
0.0
-3.0161397783534557e-07
0.0
7.861875168487274e-06
1.7173552367673495e-09
0.0
0.0
-7.279262664942323e-09
7.851329026878578e-06
0.0
0.0
0.0
0.0
-4.3848773432207146e-10
-5.199354208458573e-09
0.0
1.0803851977017328e-07
0.0004085254693555651
0.00017877595783666322
0.00023018721303297234
0.0
7.851329026151678e-06
1.54871132592464e-06
0.0
1.9137578090160315e-08
9.936583802117266e-09
6.283842426870606e-09
5.55933753832073e-06
-1.826351159195383e-08
0.0
9.689373232435138e-07
-2.1573996081991986e-05
1.4630421083308196e-06
0.0
0.0
9.310560018652766e-09
6.720838330261082e-08
0.0
0.0
0.0
-0.00240833036540522
0.002408370807322694
9.91451212929939e-09
0.0
0.0
0.0
3.3837969627921417e-06
0.0
7.934421704855928e-09
0.0
0.0
9.607201500484719e-09
0.0
4.06824279030518e-08
9.882169162188717e-09
-2.7061188110030798e-09
0.0
2.4724566219493217e-07
0.0
8.853697812465247e-09
8.41504207341518e-07
1.259303674248523e-08
1.0397028928247371e-07
-8.095430419362317e-06
8.114924354300598e-06
9.752041021707215e-09
1.3792734748879807e-07
0.0
0.0
9.88034456151038e-09
-9.581740742113307e-08
0.0
0.0
2.209723917810749e-06
0.0
0.0023115621581038404
-0.002535212030657874
0.00022365945354313016
2.5022708458435784e-10
0.0
0.0
0.0
0.0
8.86099672395543e-08
0.0
6.462534452964384e-10
0.0012215490626328693
0.0
0.0
1.352118080402767e-15
8.038907067289067e-09
1.900013119067115e-09
8.412500594132114e-07
0.0
0.0
1.9266943694748154e-08
1.5106503830994546e-07
3.48139537956276e-08
0.0
1.9372347866913202e-08
9.302323781776388e-10
7.253751346170894e-07
0.0
3.993230221902416e-08
9.982928075201935e-09
5.121536562496224e-08
5.121536089792573e-08
9.978170510335782e-09
7.154115414589879e-07
0.0
2.0071061254910365e-08
0.0
2.505241149014867e-10
9.963307295395008e-09
0.0
0.0
0.0
9.826323630703436e-10
5.026306935323455e-08
0.0
-4.362607791951984e-09
1.1295033310050795e-06
0.0
9.149916105652593e-07
4.514503834439672e-05
9.98072655140794e-09
-4.513505761718963e-05
0.0
0.0
4.760866475315023e-09
8.424767684656254e-09
-0.001815323491580756
-0.0018169659098412616
0.0
5.134384185215887e-08
-5.134384295502059e-08
0.0
1.6579818606120043e-08
0.0
1.9260219079331176e-09
3.834484944842398e-09
-2.515717315395476e-08
-3.1831689336486724e-08
-3.158869027464206e-08
1.77779866453176e-08
-4.608021995627535e-08
-7.258583484270886e-09
1.6844067149052707e-10
0.0
0.0
0.0
9.687595010451263e-10
0.0
0.0
0.0
4.963489804061005e-12
0.0
0.0
0.0
0.0
0.0
0.0
0.0
2.3769470844591656e-08
1.6516665798770012e-07
0.00040857115666786313
0.0
6.0550013301365065e-09
0.0
1.4230153513872246e-19
0.0
0.0
0.0
0.0
1.5232627401925774e-08
7.634512035471601e-09
0.0
0.0
0.0
4.0528616842109195e-13
0.0
4.994190064381743e-10
0.0
0.0
0.0
0.0
0.0
-1.4337865878758112e-06
1.4525501676845837e-06
0.0
1.910539720241115e-08
0.0
0.0
0.0
2.253983246045676e-07
0.0
5.822199987575469e-07
2.2582238856649656e-08
3.1039269965352777e-08
0.0
0.0
7.93630307712785e-09
6.382694165867275e-10
9.975477364991359e-09
-0.00039884743225885943
3.530438906495592e-10
0.0
5.144993686088354e-09
0.0
5.1449954881628595e-09
5.144997089896505e-09
3.957779152699801e-05
-1.6477967484605447e-07
1.651308524883138e-07
0.0
0.00013839344907756935
0.0
-2.8377021864356785e-07
3.3022657057538896e-07
-1.7444616712963823e-08
-1.7444616712469156e-08
0.0
0.0
7.656662059416001e-09
9.395224371058775e-09
6.630633679823122e-19
0.0
1.2590643194698714e-08
0.0
7.837183988584906e-09
8.133470948482854e-09
6.394936466868219e-10
7.392040625108076e-05
7.389224535726255e-05
-1.837452145991847e-08
9.73543021944362e-09
9.684657231032699e-08
2.6755519724268115e-08
0.0
3.2464466960598125e-05
-3.244450968674089e-05
9.980551958835553e-09
-3.742868743065298e-09
4.689637631245892e-09
7.163030416157948e-06
-7.163030416177524e-06
-7.163030416197961e-06
7.1630304162181805e-06
0.0
-5.532488680302237e-09
8.371335853342842e-09
8.371335738974299e-09
-7.135138843334526e-06
-9.395224298200389e-09
0.0
0.0
0.0
0.0
0.0
0.0
0.0
1.6584595016134228e-06
1.653871560765075e-06
-3.807987042012129e-09
0.0
0.0
-1.2189796714436735e-06
-1.209292686948871e-06
9.505705470279322e-09
9.776820492548265e-09
0.0
1.1129101866208755e-08
9.96251568296646e-09
9.962515755705956e-09
6.158618556635058e-10
9.952707860028774e-09
3.0342641412015572e-09
1.1892057635830672e-06
3.104432562742564e-08
1.1997462685988055e-06
3.034264141335498e-09
-4.791243466730817e-10
0.0
9.331768322049655e-09
0.0
1.7725481634255969e-06
2.7826815320561335e-08
7.163030416097944e-06
0.0
0.0
-7.1621276855375686e-06
-7.171911540237216e-06
0.0
0.0
0.0
0.0
0.0
0.0
0.0
1.338449486563088e-09
0.0
9.651947854708618e-09
0.0
-9.652096824788132e-09
0.0
0.0
0.0
0.0
0.0
0.0
5.068381693344075e-09
0.0
0.0
0.0
0.0
1.7833287219365612e-08
0.0
0.0
0.0
0.0
0.0
3.297868924897759e-08
4.089582035298914e-09
0.0
1.0186046902103417e-08
0.0
0.0
1.0387057105691655e-08
0.0
0.0
0.0
0.0
0.0
9.60631815253048e-09
0.0
9.560150601964532e-09
0.0
0.0
0.0
9.710440417668103e-09
0.0
9.778362820412265e-09
0.0
6.478566749646038e-09
9.491702020840767e-09
2.3916535659324245e-10
0.0
0.0
4.7661738011895356e-07
1.0356016463253909e-09
7.57196786396869e-09
2.42912770870915e-07
4.2087691847975675e-09
1.1813052831717949e-07
1.8733386010095984e-07
8.267664522089556e-09
0.0
0.0
0.0
0.0
0.0
0.0
0.0
6.51524442419036e-18
0.0
4.5590715446629943e-07
4.871491405510062e-07
-5.040248574061934e-08
7.91277421655789e-09
7.912774216591008e-09
0.0
5.331769421157159e-10
0.0
0.0
6.559068587567988e-09
6.559068587468192e-09
0.0
0.00013846164960329822
0.0
2.868784758733203e-08
9.960680966032849e-09
9.92606115613472e-09
9.926061155480326e-09
0.0
0.0
8.605511739085526e-09
8.60551173868143e-09
9.798666883788015e-09
0.0
9.798666878917327e-09
0.0
5.6633126599858485e-08
3.753007819583216e-08
3.763598521234822e-10
1.755238271858181e-07
1.0682540076899798e-08
6.585243508413372e-10
0.0
0.0
9.848349443880268e-09
9.848349443893802e-09
9.848349448651166e-09
9.6070237620385e-09
9.607023762316569e-09
3.044541863030671e-08
3.044541863097259e-08
3.0445418626957224e-08
1.4474960202681686e-08
3.3931709377809304e-17
1.380863984609487e-09
0.0
3.9743856697687277e-08
0.0
3.9743856696475914e-08
9.132412279117179e-10
0.0
0.0
3.2217481592340795e-08
1.87768570587343e-08
0.0
3.975058518737521e-08
0.0001445086923728884
0.0
0.0
0.0
0.0
9.372320596103717e-09
9.374702313139176e-09
2.19728467940897e-05
2.1962968325281416e-05
5.428096580013849e-10
9.494210813433181e-09
9.494213840872242e-09
9.379439262551013e-09
0.0
0.0
0.0
0.0
0.0
0.0
0.0
0.0
4.408478520961773e-11
0.0
0.0
0.0
3.6265120375895674e-16
0.0
0.0
-1.1175375928178161e-07
0.0
1.2136244037007786e-07
0.0
1.966336837778646e-08
3.739045271621427e-18
3.0445418630837065e-08
3.478251317044028e-06
3.478251317044037e-06
0.0
1.877080847480454e-08
0.0
0.0
0.0
0.0
0.0
0.0
2.9179795662637178e-08
2.8570541855778365e-08
0.0
0.0
0.0
3.341201849583947e-08
8.612415575314924e-09
0.0
3.975058516746033e-08
5.551747218153144e-08
4.596180573582801e-08
2.593659886981816e-08
3.395740911600795e-08
0.0
-4.801203310869777e-10
3.395720046539888e-08
3.328518180784888e-05
3.329487111856016e-05
0.0
9.868678198206137e-09
9.86867819913553e-09
0.0
0.0
-1.3487013589275065e-11
0.0
0.0
0.0
0.0
0.0
-2.6929569685307797e-12
0.0
0.0
0.0
0.0
-5.975724237136757e-06
0.0
3.218088499074153e-08
3.97438566406035e-08
0.0
0.0
0.0
0.0
0.0
0.0
4.963634825737984e-06
4.963634826021801e-06
0.0
0.0
0.0
-1.6250726378195298e-09
-1.6250726305133849e-09
2.2904073994721896e-05
0.0
0.0
0.0
0.0
0.0034287587662537333
2.4668851129379114e-06
9.918698562153437e-08
0.0
0.0
0.0
0.0
0.0
0.0
0.0
0.0
0.0
0.0024272834997957383
0.0
0.024123381659168774
0.0
1.50644280461403e-08
3.333921680392926e-18
2.200683619335564e-06
2.6034532768504093e-07
8.205994964665623e-07
-2.012326579984647e-08
-1.9682707332047134e-08
0.0
0.0
-8.49766523301922e-07
5.168583451654474e-06
5.175819780836371e-06
0.0
0.0
4.912275871461395e-05
-6.298605734200713e-12
4.912284181880255e-05
0.0
0.0
9.871378354584085e-09
0.0
1.1984187690611887e-10
9.754172987476035e-09
5.384213962950554e-10
0.0
-3.0708257033684895e-10
0.0
0.0
2.161849917250739e-09
9.944271351682021e-09
0.0
0.0
0.0
2.5118761412261902e-08
2.9619613718420843e-08
6.231153552743992e-10
0.0
3.5630944791769314e-09
9.101932890810465e-07
9.101932890810466e-07
4.956894993662608e-10
4.956895352793498e-10
0.0
0.0
9.976872421338397e-09
1.1257831267059352e-07
9.976721305728639e-09
0.0
9.98374921516983e-09
9.85203039889017e-09
1.1690604412170991e-05
5.0179701045639396e-08
0.0
9.895456489767596e-09
1.458673692777277e-07
9.93665313644609e-09
0.0
9.914384960249826e-09
1.5022625976753298e-06
9.98472390376852e-09
0.0
9.985436454311139e-09
4.915861763431682e-08
9.983874787195243e-09
0.0
9.98358993286534e-09
0.0
0.0
0.0
0.0
0.0
0.0
0.0
0.0
0.0
0.0
1.974369262787764e-07
0.0
0.0
0.0
0.0
0.0
0.0
0.0
7.962478641014584e-07
0.0
0.0
2.7309449524499766e-08
0.0
0.0
0.0
0.0
0.0
0.0
0.0
0.0
0.0
0.0
0.0
0.0
0.0017156401012176732
0.0017156389174867695
0.0
0.0
-9.930446454813719e-09
0.0
9.637644332367568e-09
-9.48276916917465e-09
2.5991897351121087e-10
1.4853088360136612e-08
0.0
0.0
0.0
-9.557947341383823e-09
1.1313626138719036e-10
7.473041209512113e-11
7.163030416131595e-06
0.0
7.549829098183217e-09
0.0
0.0
9.80565684493953e-09
0.0
1.4926292272149364e-10
0.0
9.940815816038288e-09
0.0
0.0
0.0
1.0410896764230435e-07
0.0
6.271730600494428e-10
0.0
0.0
9.947954458452979e-09
2.0652054280138786e-07
0.0
0.0
0.0
2.848764508027458e-05
0.0
0.0
0.0
3.96653589059862e-09
0.0
0.0
4.04048039317618e-09
5.5833026639669425e-08
0.0
-1.6195673600831624e-08
0.0
0.0
0.0
0.0
0.0
8.083527597449231e-09
0.0
0.0
4.2590960550807924e-08
0.0
0.0
4.940494334736592e-08
5.256586556088964e-09
0.0
0.0
7.168106208447034e-06
1.0791777283004941e-07
1.0415835973820292e-07
0.0
4.938951535156712e-08
0.0
1.1295033316774466e-06
0.000353051421026155
9.458216966151605e-09
0.0
0.0
6.555100813244392e-08
0.0
4.476576217874511e-07
0.0
8.292724447024169e-09
2.1334043688868118e-07
0.0
1.020531256597558e-07
8.935835135561952e-09
8.935835102029041e-09
-9.557947356142525e-09
0.0
0.0
5.977926922215389e-08
6.283842433599321e-09
7.586003780526452e-07
0.0
1.5820258673152286e-07
9.912185397601955e-09
5.990936546365708e-08
0.0
0.0
0.0
1.0226559737556023e-09
-1.714759311000388e-07
1.2725860646249196e-05
-0.0012212033573992325
-0.0004101987236785223
0.0012215558226783198
4.411141117862304e-18
-0.00039746310124957364
1.4268933529854554e-07
0.0
0.0
0.0
0.0
0.0
0.0
1.98871080686273e-08
1.680492068921116e-07
0.0
1.9307631724391945e-08
0.0
5.03441576212281e-08
0.0
2.6150403507547446e-09
0.0
7.359195720170064e-10
0.0
8.702389316949884e-09
0.0
0.0
1.9887109100852583e-08
1.5869430927309122e-07
9.636800111373136e-09
4.106482974491854e-08
0.0
0.0
4.4953860416611656e-10
1.0541719678165123e-08
0.0
0.0
9.906757392728893e-09
0.0
0.0
0.0
0.0
2.1563197317724327e-08
-4.313549535617245e-07
4.356040943586873e-08
0.0
1.0387056030308613e-08
0.0
0.0
0.0
0.0
0.0
0.0
4.56973468399763e-07
1.4639289543475885e-09
0.0
2.23540391007942e-07
0.0
1.1932536282781304e-07
1.6788091609201428e-07
8.65057744627428e-09
0.0
0.0
0.0
0.0
0.0
0.0
0.0
0.0
0.0
0.0
5.068381192183282e-09
0.0
0.0
0.0
0.0
1.7833286669481752e-08
0.0
0.0
0.0
0.0
0.0
3.297868867558903e-08
4.089581511594978e-09
0.0
1.0186046413730934e-08
0.0
-1.7346311574943044e-07
0.0
0.0
0.0
0.0
9.651410856122327e-09
3.1927036577700725e-10
0.0
3.8586153500687844e-07
0.0
0.0
9.756434890772975e-09
-6.4578711837706e-09
0.0
0.0
0.0
-4.978166842889189e-10
0.0
3.9396937838939605e-05
0.0
0.0
0.0007421355462166668
0.0
-7.571591931555392e-07
-4.07387226424305e-05
-2.1655829390287984e-06
2.454822498472645e-06
0.0
1.6090303958501624e-09
0.0
0.0
8.57251124088618e-09
0.0
0.0
0.0
0.0
9.821809920281e-09
4.870661615729203e-10
-8.10846836072146e-09
0.0
7.656662422369383e-09
0.0
1.6648495027574745e-09
0.0
0.0
-9.502039510257687e-09
1.437950575044415e-08
9.947661476039609e-09
6.10895773192352e-10
2.021167301137116e-18
0.0
-0.000809390884301737
0.0008094091259445131
9.928320143600808e-09
6.534935291833671e-09
9.726793344714732e-09
9.72679335686788e-09
-9.740982163247702e-09
0.0
4.5752316700662203e-07
1.2114722065855344e-09
1.7847142001403504e-08
2.2258357983772325e-07
0.0
1.1051921847184154e-07
1.2725860646253342e-05
7.516335174704777e-09
1.2725860646303554e-05
7.516335216552594e-09
0.0
4.5752316597325656e-07
1.2114710418945125e-09
1.784714091967056e-08
2.225835786443099e-07
0.0
1.1051921745459146e-07
0.0
1.1663501774002938e-06
9.93238027890191e-09
0.0
-3.281351688539004e-08
1.582138608307703e-07
0.0
6.20718161379675e-08
6.332773236744203e-10
-1.5649550588651777e-06
1.531924142794878e-06
2.97726558474206e-08
8.653748056391475e-07
1.418191064260759e-07
9.031348650244365e-09
2.284286511962559e-08
2.3113915199538174e-06
0.0
-8.9844055172969e-09
0.0
0.0
7.50474070983927e-08
1.6752532731376717e-10
9.49663180647292e-09
0.0
0.0
9.042625547202072e-09
0.0003577733237975044
1.1875183749118898e-05
0.0
-7.349977888487664e-08
-8.305592533348893e-08
0.0
9.755680332787433e-09
0.0
0.0
8.781149097682317e-09
0.0
1.2670246256650485e-05
1.2670246256641139e-05
0.0
9.811499009976597e-09
4.769226286888382e-10
0.0
0.0
0.0
1.2070461174167323e-07
0.0
0.0
-7.2594197320086096e-09
0.0
6.206786780603225e-09
0.0
0.0
7.161804063788607e-09
0.0
0.0
0.0
0.0
0.0
0.0
0.0
6.718866696651231e-07
4.8653941185997964e-08
0.0
0.0
1.4603744040766252e-09
0.0
1.2048036288125744e-08
8.38325204524221e-07
8.056358262655826e-07
0.0
3.6387321181413535e-09
0.0008130283223859447
-0.0004085208169478433
0.0
0.0
5.030299449073622e-09
4.501860387418068e-09
0.0
4.501861905930086e-09
4.501863461100425e-09
0.0
0.0
4.025413332689762e-08
4.5878096274910474e-17
0.0
9.28379535276317e-09
9.283795353671662e-09
9.216915951797584e-09
0.0
4.2474846920284725e-10
0.0
0.0
0.0
0.0
0.0
9.331427781776791e-09
4.94989551476744e-12
9.331427781646298e-09
7.189263672274386e-11
-4.968717246405952e-10
1.0292296917530193e-08
0.0
0.0
0.0
0.0
-0.005294396103130444
0.005294415947497681
-6.938911719192066e-09
0.0
0.0
0.0
7.189161379182992e-11
0.0
0.0
-9.37275701495821e-10
0.0
0.0
0.0
-8.803706014162731e-09
-9.33143026607755e-09
0.0
0.0
-4.778621075229861e-17
0.0
0.0
5.014170957433339e-08
0.0
0.0
0.0
7.476284739492828e-09
0.0
9.478580275398456e-09
0.0
0.0
0.0
5.199516317197357e-07
6.075247674322528e-07
0.0
7.188924824282557e-11
7.189048430153864e-11
1.1727187147181538e-08
0.0
0.0001692293334240102
-0.00017811291343147856
1.0267069313414528e-06
0.0
0.0
-0.0007807988777130959
9.890523043161976e-09
0.0
9.890523042858541e-09
0.0
-8.500646629995171e-09
0.0
5.8522597204311416e-08
2.0086583682162387e-08
7.625005464864925e-09
0.0004057425624095308
0.0
0.0
-9.594957371407116e-09
-2.639583743773284e-10
0.0
0.0
0.0
-5.674335668341613e-10
0.0
5.324675391451697e-08
0.0
0.0
0.0
0.0
0.0
0.0
9.760134081780059e-09
2.1803819433931508e-10
6.283842446386245e-09
1.318824128489316e-08
0.0
8.003212891512987e-05
0.0
0.07234698817670018
-0.0723469683342195
9.928094799384966e-09
9.769179669216339e-09
9.769569404437413e-09
6.386905979303275e-08
0.0
3.556096736842868e-08
0.0
5.958580231705449e-10
0.0
0.0
0.0
0.0
-0.040144820577700635
0.04014483693631393
9.93541681127687e-09
1.8523036866992228e-08
-1.8523036865366166e-08
0.0
0.0004064884078861081
0.00040652043915972297
0.0
1.9619333567272062e-08
9.67080180302243e-09
0.0
9.83580249313957e-09
-5.008320147714222e-10
0.0
1.85230368701951e-08
0.0
9.768789505650362e-09
5.324307534711077e-08
0.0
6.534764986350789e-07
0.0
0.0
1.9187371403115183e-08
0.0
0.0
0.0
0.0
1.965518725593693e-08
4.2785145385451977e-10
7.837828252786247e-06
0.0
7.836819231996735e-06
1.736550210659805e-08
2.733530417563351e-17
2.6630019798467345e-10
9.597339257602481e-09
-1.4418367166213752e-06
0.0
0.0
0.0
9.288344771926874e-09
4.006726583148765e-06
4.006726583148754e-06
0.0
0.0
-7.736186562369443e-09
0.0
0.0
8.63985388300494e-09
0.0
-1.6090305676383365e-09
0.0
-1.4097787566486443e-08
-2.273764166532688e-08
3.898621396420681e-13
0.0
0.0
9.900147092054263e-09
9.8348741203226e-09
4.999186566882531e-10
0.0
-9.051077453850346e-09
0.0
1.0415835960640005e-07
1.8107972304246404e-07
1.0413199316903531e-07
0.0
0.0
1.041583595977237e-07
1.0473851675044738e-07
6.581569315543246e-10
0.0
6.309671451184814e-12
5.64140247561096e-10
0.0
0.0
9.88364293148844e-09
9.883642927959596e-09
9.584811883536704e-09
9.584811496716328e-09
9.507936267737123e-09
9.49206658413624e-09
9.492066584126935e-09
9.584810848408147e-09
9.507936267878316e-09
6.280571031237921e-10
5.296187290946696e-08
1.0415835966077026e-07
0.0
9.584810247092944e-09
9.532073660835515e-09
1.2314338240978082e-07
0.0
0.0
1.657837194857413e-07
0.0
9.558441638397106e-09
9.584809381818621e-09
0.0
0.0
0.0
1.1804853680362099e-05
0.0
9.439030056327198e-05
-9.454704751319931e-05
-1.665373814335123e-07
2.0652054266103315e-07
-1.5222800798183643e-08
-1.5222800797747626e-08
2.4953071093565575e-07
2.9320359667664664e-08
0.0
1.4550179296804586e-07
-5.618685848725631e-08
9.741102130913502e-09
0.0
-7.222807045792479e-07
0.0
0.0
1.7359704267809348e-08
5.383337922240526e-10
-7.404962385493263e-07
0.0
9.28207590016376e-09
2.495307104743221e-07
1.737235850984743e-06
6.397186110581183e-10
-1.727262284017647e-06
6.396424344312424e-10
0.0
0.0
1.0521683240602044e-08
9.975248183025087e-09
-3.2269602328488107e-10
0.0004085710768653821
0.0
1.7780672945553186e-08
9.867898729028961e-09
9.867898729031854e-09
0.0
1.0440244719400085e-10
-9.654693945059184e-09
0.0
2.3821892472889517e-05
2.3822814514282352e-05
0.0
-6.648528253343244e-12
