0
0.0
1.669856027875205e-08
0.0
0.0
0.0
2.6056242420380857e-07
0.0
0.0
0.0
0.0
0.0
0.0
0.0
0.0
0.0
0.0
0.0
9.833350596911363e-09
0.0
9.940856839604017e-09
0.0
0.0
0.0
0.0
1.3150858206743357e-07
0.0
0.0
0.0
9.927917830179278e-09
3.2454429518637425e-05
0.0
0.0
0.0
0.0
0.0
0.005189132108329035
0.0
0.0
1.967589628953165e-08
0.0
0.0
0.0
0.0
0.0
0.0
0.0
0.0
0.0
0.0
0.0
0.0
0.0
0.0
0.0
0.0
0.0
0.0
8.547946161854368e-09
0.0
0.0
0.0
5.7615010313826885e-09
0.0
0.0
9.89027574036989e-09
0.0
0.0
0.0
0.0
0.0
0.0
0.0
6.781497048843445e-09
0.0
7.525382504078915e-12
9.973496807491231e-09
4.141336033431016e-19
0.0
0.0
0.0
0.0
1.0155742913298127e-10
1.7888088238473566e-21
0.0
0.004550041973584123
0.0
1.9085233443003238e-08
0.0
1.3795249246648034e-09
0.0
1.7929943105184003e-09
0.0
0.0
3.903947248857184e-08
-3.902564201657688e-08
0.0
0.0
0.0
0.0
0.0
0.0
0.0
9.883390904499706e-09
0.0
0.0
9.637088296078713e-09
0.0
0.0
0.0
0.0
0.0
1.0186377977180482e-09
0.0
0.0
1.2391032178036392e-24
0.0
0.0
0.0
0.0
0.0
0.0
0.0
0.0
0.0
0.0
0.0
2.2084060234332892e-07
-2.5211587315586165e-07
0.0
9.836064850897545e-09
1.1098149896985915e-09
0.0
9.827488814074602e-09
0.0
5.05933837439642e-09
0.0
4.131405006884502e-09
0.0006901135563099603
0.0
0.0
1.4059384134182491e-08
0.0
0.0
0.0
0.0
0.0
0.0
0.0
0.0
0.0
0.0
0.0
0.0
0.0
5.557056182056139e-09
9.454288936152242e-09
0.0
0.0
1.9692458644351207e-08
0.0
0.0
0.0
9.890953767928743e-09
-0.0026345264914625034
0.0
4.215688578501057e-09
1.5167755218736007e-08
0.0
0.0
0.0
0.0
0.0
1.981802395015168e-08
0.0
9.785182902704103e-09
0.0
0.0
1.6800791657110889e-07
0.0
0.0
0.0
0.0
0.0
0.0
0.005911292811994429
0.0
0.004575703264989237
2.985657507181989e-08
7.129691217131166e-08
0.0
0.0
2.4193531861292146e-08
0.0
4.6449427933648715e-20
0.0
0.0
3.448553001095999e-08
0.0
9.52529409202443e-07
0.0
0.0
1.204151548716148e-09
1.9947983723391345e-08
0.0
0.0
3.808359815235551e-09
1.554638346722634e-08
0.0
3.9956244994022805e-08
0.0
1.3193674407509363e-08
1.2550004736096145e-08
0.0
9.930160672723951e-09
3.673294510991473e-08
0.0
9.540333277916056e-09
0.0
0.0
0.0
0.0
0.0
0.0
6.034880569536056e-09
0.0
0.0
0.0
0.0
2.6558323967749778e-20
3.241453860851966e-09
8.044489909435398e-12
0.0
0.0
5.8237780384596665e-24
0.0
9.816720081618304e-09
1.3488334682845975e-11
0.0
0.0
0.0
0.0
-5.80658026001768e-17
4.93214877924755e-11
2.4708639416726186e-06
0.0
0.0
0.0
0.0
0.0
0.0
0.0
-0.004927963962411063
2.6536872565723213e-21
0.0
0.0
9.520688713175134e-09
0.0
0.0
0.0
0.0
0.0
0.0
6.358980059358033e-07
0.0
9.352983941263752e-09
0.0
0.0
0.0
0.0
0.0
0.0
0.0
0.0
0.0
7.963000265379596e-09
1.5067185721431553e-10
0.0
0.0
0.0
0.0
1.9747533950686383e-08
0.0
2.516716035037437e-09
0.0
0.0
0.0
6.374613696628484e-11
0.0
4.8412972922017875e-17
2.962418274003457e-09
0.0
0.0
0.0
0.0
9.394414513499779e-09
9.846657636922627e-09
9.933380385986785e-09
9.921356277171538e-09
2.9624182740017746e-09
0.0
0.0
0.0
1.0721074630972303e-08
0.0
0.0
2.1813410906241706e-09
0.0
0.0
0.0
9.938655734709647e-09
0.0
1.2390782722124499e-17
0.0
0.0
3.073195603744535e-08
0.0
0.0
0.0
0.0
0.0
0.0
0.0
5.386689468779746e-08
0.0
0.0
2.3403787354027683e-09
0.0
0.0
0.0
0.0
0.0
6.649179088048926e-12
0.0
0.0
0.0
0.0
0.0
0.0
0.0
9.808218761833557e-09
9.808218787068362e-09
8.030823914847894e-10
8.030823912051112e-10
0.0
9.9936492119961e-09
9.994227910564051e-09
9.984981445186598e-09
8.69211499924624e-10
9.978681954955076e-09
9.859379152821298e-09
7.382370528819038e-10
9.978682147969518e-09
9.984981991745026e-09
9.99422836151319e-09
9.993750612607941e-09
-7.12874768179544e-10
0.0
0.0
0.0
0.0
0.0
6.462840274169219e-09
0.0
0.0
0.0
0.0
4.801041848305988e-10
9.076576507580986e-09
0.0
7.448175650446682e-09
0.0
0.0
0.0
0.0
0.0
0.0
0.0
2.779765625752605e-08
0.0
1.510141861579741e-08
3.2213452755796326e-08
0.0
0.0
0.0
0.0
0.0
0.0
1.1670628407192216e-08
1.132355240342203e-08
0.0
0.0
0.0
0.0
0.0
4.821113477148353e-08
1.4938085281836807e-10
-9.940856839519424e-09
1.3150858215253196e-07
8.694751346251039e-10
9.981014751326549e-09
9.992945046829104e-09
0.0
0.0
0.0
4.985017137890418e-09
0.0
0.0
0.0
0.0
0.0
0.0
0.0
0.0
9.971745683061874e-09
9.968844746711167e-09
-1.3150858207966465e-07
1.315085820915138e-07
0.0
1.9943402099072555e-08
1.996599728939855e-08
1.9988249372612143e-08
1.9986696111301083e-08
-7.769646621545262e-10
-7.468570095917345e-10
0.0
-9.97400309793537e-09
0.0
-7.335623400438283e-09
0.0
-9.823019852308332e-09
0.0
-9.895592156946523e-09
-9.894258243010184e-09
-7.708673294651445e-10
0.0
0.0
0.0
0.0
0.0
0.0
0.0
0.0
0.0
0.0
0.0
1.997453946351338e-08
3.630468747087361e-09
8.616197977892909e-10
8.409090351729762e-10
9.94085683960459e-09
-9.92791783017196e-09
0.0
0.0
3.239746069194295e-09
0.0
8.656569823367012e-10
-3.338740081704755e-05
-3.245442951864061e-05
-3.244468372120261e-05
1.6698560309125225e-08
9.903172431838329e-09
0.0
-8.2641843979474e-10
0.0
1.5994183501489492e-06
0.0
4.937055537699638e-08
0.0
0.0
9.705687695165896e-09
0.0
0.0
3.6629691312072153e-07
0.0
0.0
1.9604770521575256e-08
3.149557965750634e-19
5.283952944154818e-08
6.09081435436138e-08
0.0
8.457004469542941e-10
9.893894586830974e-09
-6.20178994739499e-09
2.1575630171355442e-10
-3.426979681780094e-08
-5.371368466363432e-08
-5.382912408521956e-08
-4.433640539432994e-08
-2.237476461671318e-08
7.365336597710243e-10
7.718734317500817e-10
7.718734311952108e-10
-7.707574768949909e-07
7.615404404432442e-10
9.883292014650769e-09
1.1239122103770161e-15
0.0
0.0
0.0060462786558165334
1.967589628937404e-08
5.790403994640189e-10
-1.0408258524746514e-08
1.9958634031281743e-08
9.971587354901156e-09
2.6815679105745522e-08
0.0
2.9921541857556145e-08
9.962907804306198e-09
4.4181694295922335e-08
4.41816942414997e-08
0.0
-0.0051881886299869106
0.0
2.680969010255375e-08
0.0
9.961898777431447e-09
8.381589339348236e-10
9.980498141587838e-09
9.98049814696769e-09
9.963089317121175e-09
8.393195291402461e-10
9.96308936213285e-09
0.0
-2.1573686001703785e-10
3.426981155217623e-08
5.371369933706389e-08
4.4417377246892116e-08
3.446207651105205e-08
6.552338602792453e-10
-3.908581799010177e-11
-1.4505397606533053e-07
2.2108295730490816e-08
0.0
0.0
8.178161264259107e-13
2.5074148098319995e-08
1.5764979943824232e-08
-1.282050881046908e-08
1.8885717483216322e-08
0.0
1.6126883056767495e-06
9.685612981250618e-10
0.0
0.0
0.0
3.145569648568616e-13
1.917350102171193e-07
9.824108483094326e-09
0.0
-0.1157733766399538
0.11058424453162434
-0.005189132108329035
0.0
0.0
0.0
1.3010982978013922e-07
1.5374138695406129e-09
9.991707070149995e-09
1.5910498788187458e-06
0.0
4.753603627155774e-09
0.0
0.0
0.0
0.0
0.0001704610075637703
-0.00017042103210819243
8.687754795137614e-10
0.0
0.0
9.98504814888104e-09
9.987551708789146e-09
0.0
0.0
0.0
0.0
1.97162259392078e-11
0.0
1.1345838594049799e-07
3.1083393142589345e-08
0.0
3.2813108855043285e-10
1.2892074577779352e-08
0.0
0.0
1.8519449893180377e-08
0.0
4.818449026538085e-09
1.3471405529989948e-08
1.1682612325716934e-08
0.0
0.0
0.0
9.988318069127297e-09
1.9495278000251714e-08
1.2958619144255645e-08
6.115475415488118e-09
5.695495630384698e-09
0.0
0.0
0.0
-3.479363576524846e-08
0.0
0.0
-9.872409688360673e-09
1.971411402297495e-11
0.0
4.8877266057923104e-08
6.552618754904821e-10
6.552618989322538e-10
0.0
2.610783069584227e-08
-1.6617114039104886e-08
8.598858911615898e-10
2.063904724675302e-08
-4.943983925552453e-08
1.06061933559254e-09
-2.9761190385340824e-07
7.341905555206808e-07
0.0
0.0
7.743862148549557e-09
7.743862148549557e-09
0.0
7.740868327948545e-10
6.234697756210488e-10
8.045290845453162e-10
1.997457396815845e-08
9.974240169200898e-07
0.0
9.940811929851746e-09
0.0
0.0
-8.547946169839497e-09
2.585577023978232e-07
2.585577021379675e-07
8.510572088566863e-10
9.975129054793502e-09
0.0
0.0
0.0
9.827272944527091e-09
0.0
0.0
0.0
0.0
0.0
1.3122064077063326e-08
0.0
0.0
0.0
8.934126815078224e-08
0.0
1.992498819739343e-08
9.963089406931749e-09
-7.908769912851693e-10
6.4428169947374205e-12
0.0
0.0
3.001820920495175e-08
9.971383157017315e-09
9.993902321046681e-09
8.676333128132771e-10
1.6829191982630097e-08
0.0
0.0
3.66296913018298e-07
0.0
0.0
0.0
5.226149125627856e-16
0.0
2.8557122007655125e-08
0.0
1.5790554249195458e-08
9.67125611449333e-09
9.455049977302136e-09
6.12142272324275e-09
2.7098564112172545e-09
0.0
5.32487767983704e-09
1.596897751585967e-06
0.0
0.0
0.0
0.0
0.0
0.0
0.0
1.5267292600446665e-08
0.0
0.0
0.0
2.5281668799760628e-09
0.0
0.0
0.0
1.6625016627001538e-17
1.6638054101708954e-17
0.0
-8.3375301531503e-09
0.0
-5.76150105402462e-09
-1.0921522367035585e-10
0.0
0.0
1.0884030946517663e-08
-9.949638977933806e-09
0.0
0.0
0.0
0.0
8.629735323552755e-10
3.013013804888119e-08
9.896746738202396e-09
9.89674683832856e-09
7.746533198248255e-10
1.9105339241076053e-09
0.0
0.0
0.0
0.0
0.0
2.537583499015103e-08
8.455948223392242e-10
0.0
1.0842021724855044e-18
0.0
0.0
-3.0130138137835054e-08
0.0
0.0
0.0
1.9721093461218808e-08
1.6265530384048812e-07
-3.6452448704655263e-08
0.0
0.0
1.6962431677406813e-08
0.0
0.0
1.2743971211648386e-08
9.938287988707018e-09
0.0
2.558337366975938e-08
9.548183925261154e-09
0.0
0.0
0.0
-0.010351744978354777
1.7021108994189285e-09
0.0
0.0
2.934437674492957e-08
0.0
0.0
0.0
0.0
9.870493481608015e-09
0.0
9.91867446265123e-09
9.919483828387373e-09
0.0
0.0
0.0
-6.781497048700784e-09
0.0
3.305163769626654e-09
0.0
0.0
0.0
3.919211404734833e-07
0.0
0.0
0.0
-3.8224130462202217e-07
0.0
0.0
0.0
0.0
0.0
-9.977250976789254e-09
1.3150858217451863e-07
-2.706027928747745e-07
0.0
0.0
0.0
1.708626546543825e-05
0.0
1.7077221757296397e-05
0.0
0.0
0.0
0.0
0.0
7.472845153272047e-09
0.0
0.0
0.0
1.739423281180284e-09
1.6355389152384134e-12
1.6355214897771163e-12
1.6370599996715704e-12
1.6371264640836077e-12
3.0018208906073385e-08
9.963621928920675e-09
0.0
3.9057300350685973e-08
9.835462187746113e-09
1.981802394870732e-08
0.0
0.0
3.7025593098318826e-11
9.98648665027899e-09
8.621297904581232e-10
1.0036554955295257e-17
0.0
0.0
6.535960255055772e-10
7.525985133392551e-10
0.0
0.0
0.0
0.0
0.0
0.0
3.7539226577401605e-10
0.0
-3.6123518805195115e-10
-7.336694566941371e-10
0.0
-9.90091800125853e-09
-9.514386861697588e-09
0.0
-9.846485522768678e-09
0.0
-1.0155742913298127e-10
0.0
8.5952799997813e-10
1.455542644350867e-07
1.550677238729502e-07
-0.004550041973584123
-0.004550081429285107
0.0
1.249041108856059e-09
-4.899394692031711e-13
0.0
0.0
0.0
0.0
9.634823670128055e-09
1.4678030769101389e-08
0.0
0.0
0.0
0.0
0.0
0.0
0.0
0.0
0.0
0.0
8.343092626978223e-09
-4.939625097843958e-15
0.0
-1.79300418718005e-09
7.112414373818335e-09
4.936962026257791e-15
1.7930091215865403e-09
0.0
2.1254191626535234e-05
1.7930091231188605e-09
0.0
-2.1245876713975066e-05
0.0
2.1252105590847507e-05
-1.792994312212453e-09
0.0
7.54470059178572e-09
9.959670420562769e-09
9.959670203394142e-09
7.112414371057533e-09
0.0
7.47202321570899e-09
9.898815868330895e-09
2.1719545334074244e-08
0.0
1.2244066845103045e-09
0.0
0.0
1.0707877802282857e-09
3.9025642016509115e-08
1.056957308160363e-09
9.877240305201692e-09
-1.983069427049639e-08
2.586532554539138e-17
2.9624182740391247e-09
2.9624182759646622e-09
9.806071607344576e-09
9.806071391575524e-09
9.806071175966219e-09
9.826519876815759e-09
7.157507718011419e-08
9.826519694142041e-09
7.062189492020199e-10
1.0053406845413848e-08
4.843666714286183e-17
0.0
0.0
0.0
0.0
9.862255012649257e-09
0.0
0.0
0.00012120443198121283
0.009734400343607156
2.794109435699092e-08
7.363308809057048e-09
0.0
2.4573077752828876e-07
-1.9626850876945006e-07
8.531607099764081e-10
-2.4548649796957724e-08
-2.8927675249667248e-08
0.0
0.0
0.0
0.0
-6.074402907836119e-08
1.9988818326326983e-08
9.994232247345636e-09
0.0
0.0
0.0
2.7997636706083922e-08
6.39438305742045e-06
0.0
0.0
0.0
8.18087185182096e-10
8.700259533001003e-10
9.859379303984694e-09
7.442849268572434e-10
-8.190760496067938e-10
0.0
9.310750670075366e-09
1.892873840339215e-08
0.0
0.0
0.0
0.0
0.0
0.0
0.0
0.0
0.0
9.986486664260739e-09
-9.88339188268128e-09
9.986853445674397e-09
0.0
4.845961339609614e-08
1.9970595654218825e-08
9.983742235491685e-09
0.0
0.0
9.832102226456883e-09
7.116584067272724e-10
0.0
0.0
-3.438284972851092e-10
-7.502521937041706e-10
9.994053397788943e-09
1.998748385869591e-08
8.688992485907729e-10
1.0704244535927163e-08
0.0
0.0
0.002568850933805472
9.456096794480118e-09
3.4558706567682647e-10
0.0
0.0
0.0
1.9710012009815372e-17
9.971745712863772e-09
0.0
0.0
-9.756336602755739e-09
0.0
0.0
1.1249899220599767e-11
1.125986444104188e-11
1.1252508275055975e-11
-1.519042568598125e-11
-9.522547680940185e-16
9.465904102586084e-09
0.0
0.0
9.975957920849154e-09
9.976224376075187e-09
0.0
0.0
0.0
0.0
0.0
-4.250377448004189e-16
0.0
0.0
9.99393057199427e-09
1.998731773191315e-08
9.993386696102952e-09
1.9415095931020634e-08
0.0
0.0
1.7308179767620654e-10
0.0
9.715681133352203e-12
0.0
0.0
4.823257129112553e-09
1.06067959426991e-08
0.0
0.0
0.0
0.0
0.0
0.0
9.940856836448083e-09
-9.718754732861525e-09
0.0
0.0
0.0
1.6163579780250856e-07
0.0
9.578883414114969e-09
0.0
9.992860823655242e-09
0.0
1.6965547627238557e-08
9.679990167794472e-09
5.634942898771229e-10
0.0
-1.0416803433721533e-08
9.978598332609917e-09
8.548206766669224e-10
5.551115123125783e-17
0.0
6.848602363239742e-08
1.9951889058680705e-08
8.488832409501947e-10
0.0
1.740144575093379e-09
0.0
0.0
-1.7986135528809313e-09
0.0
9.491342715814475e-09
0.0
0.0
0.0
0.0
0.0
8.757292987878917e-09
0.0
0.0
0.0
2.4428918187602873e-09
0.0
0.0
0.0
0.0
7.409430476910235e-11
0.0
0.0
0.0
0.0
0.0
0.0
0.0
0.0
0.0
0.0
0.0
0.0
0.0
3.692094776296221e-09
0.0
-3.4269806645226275e-08
-5.371369444597378e-08
-5.382913382684829e-08
-5.3748002327470845e-08
-1.3084978122104303e-08
-7.365433429178461e-10
1.8473830349480537e-05
1.8483168294346394e-05
0.0
0.0
0.0
0.0
0.0
0.0
0.0051691652920089655
0.0
9.489604329551923e-09
0.0
0.0
1.794311589481046e-08
1.953511597987153e-11
6.593293685896362e-10
9.91555447715487e-09
7.929839670682731e-10
8.045290853516994e-10
9.927399238220894e-09
0.0025687777367292687
0.0
9.957993689363741e-09
9.957993705664303e-09
3.562050534689994e-10
0.0
0.0
0.0
0.0
6.877989600193698e-08
0.0
0.0
0.0
0.0
0.0
0.0
0.0
0.0
0.0
1.6855252193787005e-08
9.923179507944865e-09
0.0
0.0
1.1523400964139942e-08
0.0
0.0
1.1774965681996173e-08
0.0
0.0
0.0
0.0
0.0
0.0
1.982640706195112e-08
7.912756229140245e-10
9.913801744809714e-09
1.9826406709287257e-08
1.3444745464159273e-05
7.068015375200076e-07
0.0
8.211475499363968e-10
9.944448057823674e-09
8.211475492867132e-10
0.0
0.0
0.0
6.168048263984867e-09
9.912604935291832e-09
9.915554477853934e-09
0.0
0.0
0.0
0.0
1.6613116316500168e-07
-2.2084060234098372e-07
0.0
9.683865242508144e-09
9.683865283579976e-09
0.0
0.0
0.0
0.0
0.0
9.752726094225904e-09
0.0
0.0
0.0
0.0
0.0
1.0390707333759201e-07
2.143211979949509e-07
2.5166301650903986e-07
2.1466247871937325e-08
0.0
0.0
3.3002184594603045e-09
3.30021845894624e-09
3.300218458734039e-09
1.3127707273140575e-08
3.300218459066732e-09
0.0
1.894941609744123e-08
0.0
5.8622469057335056e-09
1.0921585281426803e-08
2.6141289459825546e-09
5.862246906569712e-09
2.614128946597977e-09
0.0
0.0
9.266702526085418e-09
0.0
0.0
0.0
0.0
0.0
0.0
1.4545257564752755e-09
4.973951532124975e-11
3.0085316735473698e-09
9.960514306848895e-09
0.0
0.0
0.0
0.0
0.0
0.0
0.0
0.0
0.017975500047374266
0.0
0.0
-0.0006901135563099603
0.0006900840420374564
2.7130585514005193e-05
0.0
1.9095396263432425e-08
1.991265351424605e-08
8.27191034584662e-10
1.9912653556725364e-08
9.962005828672294e-09
8.382633327525117e-10
-1.4059384129128105e-08
-1.405938413414254e-08
0.0
1.9095396272114523e-08
1.9673446133413838e-10
3.2281236365444576e-05
0.0
9.944448011126608e-09
8.211475347639466e-10
4.420809627873195e-07
1.9581440030329335e-08
0.0
7.841295670880436e-10
-9.718758332616026e-09
0.0
0.0
1.9662678124284068e-08
0.0
5.663128930877872e-10
-9.973518735639412e-09
1.867387622504148e-08
0.0
0.0
2.2013392484528775e-08
0.0
0.0
0.0
0.0
0.0
0.0
8.583032115430279e-10
6.826875665125187e-08
0.0
0.0
0.0
0.0
8.539038802074486e-10
0.0
9.982658164951508e-09
0.0
8.436606028923006e-10
8.643340054775995e-09
8.529974807667016e-10
0.0
3.597007191471002e-08
1.3896673066833456e-08
1.3563398932008774e-07
2.0176345747609963e-05
0.0
9.943356409917606e-09
8.200834543647721e-10
1.9885978077742914e-08
7.827607740840781e-10
1.9368491142591589e-10
0.0
9.860446630546894e-09
0.0
9.860446630987991e-09
9.860446631405027e-09
0.0
-3.438284968469935e-10
0.0
0.0
4.928616555418716e-08
9.29988872721888e-09
9.937684340969752e-09
0.0
9.938234543498038e-09
9.938234528622351e-09
-1.9692458644346813e-08
-1.9692458644348427e-08
3.314705248757328e-08
0.0
3.910244307831316e-08
5.120501449243407e-10
9.970554807298432e-09
8.46597474337415e-10
9.914852833064779e-09
9.914852779069339e-09
0.005185346797989838
-5.8651351136918e-11
0.0
0.0
6.152857828057291e-09
0.0
1.5999984391738673e-07
0.0
0.0
0.0
-9.890953767827115e-09
0.0
-8.376293374466568e-09
0.0
0.0
0.0
0.0
1.6255650962193613e-05
-7.22901767030281e-08
0.013511623434916556
0.0
3.338766176459656e-05
3.3397175092308984e-05
9.513327712184702e-09
5.306374314974547e-07
7.9344285637607e-06
0.0
0.0
-4.215688578605714e-09
-4.215688578500682e-09
8.463524315475944e-06
0.0
0.0
0.0
9.905692876577884e-09
0.0
-1.516775521871863e-08
2.8793460019894133e-07
0.0026006249537960267
2.1630298705738554e-07
0.0
0.002634524024191388
0.013503689006352803
8.463524315198839e-06
0.0
0.0
0.0
8.508569383441766e-10
8.150907582203753e-10
1.3896673045312498e-08
-1.969395668766083e-08
0.0
0.0
-1.6442547179274034e-05
0.0
1.9862755782137126e-08
0.0
9.862779495558617e-09
7.086989802821459e-08
0.0
0.0
0.0
-1.3878192555086493e-05
1.396735405061528e-05
8.221124153604646e-10
0.0
1.302209002890586e-09
9.74157544427368e-09
3.138239882699391e-07
0.0
0.0
-1.1508781387032977e-08
1.8673876403406435e-08
9.952520285065169e-09
0.0
8.775965524298141e-08
9.963802053452536e-09
-6.659468929592359e-10
-6.659468930638885e-10
6.374097948746089e-08
0.0
0.0
1.5995367767024715e-05
1.4243774892604106e-07
0.0
-1.9683228281969365e-07
3.8359732501092987e-08
-1.5848811788551808e-07
0.0
0.0
0.0
7.77559526585494e-10
1.3989428282457084e-08
0.0
7.865784767303597e-08
2.96818325286755e-07
0.0
0.0
0.0
2.2646727263781267e-08
9.745232252004643e-09
0.0
0.0
0.0
0.0
3.9892387782164926e-08
0.0
9.992692543597022e-09
1.683393617689482e-06
0.0
0.0
9.347029069773389e-16
0.0
1.934979775221132e-08
1.7923580839170768e-08
0.0
8.643340140576062e-09
1.3337795680124406e-09
5.640936433205546e-08
4.1631453554375017e-08
0.0
1.862591003990969e-08
1.7220192625127562e-10
2.2066355377469e-08
6.615170014861055e-09
3.9971591057663006e-08
9.992201467287631e-09
0.0
0.0
9.992860064257452e-09
1.2100417574184563e-08
0.0
2.0054586678035104e-08
0.0
0.0
9.98470882798309e-09
0.0
0.0
0.0
0.0
0.0
0.0
9.890953833746607e-09
0.0
3.4740735795046854e-08
0.0
0.0
8.66262400711816e-10
1.9709484034863972e-08
4.721349066378136e-09
-1.0424671412988312e-08
1.9889104285042363e-08
-2.985657507176661e-08
-0.004575722399552426
-0.0046094860668220855
0.0
7.129691206435991e-08
-6.185435322165832e-08
9.389594532737577e-09
1.9322974703097994e-08
3.6920997092959595e-09
2.1574672257052008e-10
-2.4915128856760518e-08
-5.371368955457874e-08
-5.382912895285363e-08
-4.433641024633679e-08
-2.2374769471228406e-08
-7.365385011962045e-10
1.0704239648899227e-08
3.702369960571497e-11
8.477584789733744e-10
9.971745662756912e-09
-7.532078514668111e-10
2.984414997721893e-09
0.0
0.0
9.901103671775003e-09
0.0
0.0
0.0
0.0
0.0
0.0
0.0
0.0
0.0
0.0
6.988853120626688e-07
-2.463263371055291e-08
0.0
9.884523761125677e-09
0.0
0.0
0.0
0.0
0.0
1.7808052921175488e-08
0.0
1.994506914201809e-08
9.971745723016357e-09
0.0
8.066094651319148e-13
0.0
8.10103357505779e-10
2.9916814865993326e-08
0.0
1.9945069132369332e-08
9.968844737109211e-09
9.968844727459812e-09
-8.86399232668735e-05
1.7626570019908242e-05
7.101335324696548e-05
2.022798180097565e-08
0.0
0.0
0.0
1.4795257663700679e-07
-3.4485530002372616e-08
0.0
0.0
3.776587291688197e-08
0.0
0.0
0.0
8.656457070436569e-10
9.990093066658812e-09
-0.005911283554671516
1.1518677562478743e-11
0.0
9.845436792757003e-09
0.0
9.845437190310797e-09
9.845437642931242e-09
-1.1897545823232394e-07
-1.2712612995177102e-07
1.3672554382594793e-07
8.502444538845624e-11
1.4404878843269555e-07
9.532154477548596e-09
9.210940446093483e-07
0.0
-9.525294092042332e-07
-9.525294092033523e-07
0.0
0.0
0.0
8.340737510195205e-10
1.145995036009511e-17
0.0
9.397873579927545e-09
0.0
7.509346974991698e-10
3.579909327074322e-08
8.685280999374672e-10
0.0
-9.073772129280719e-09
0.0
8.658367778656626e-09
0.0
7.592773746930983e-09
-1.0677913782641703e-08
5.387292275783507e-09
5.387292275783507e-09
9.992090013039023e-09
9.841917467633132e-09
1.1406590479897232e-08
4.311681144018337e-09
-4.311681219525132e-09
-4.311681294443502e-09
4.311681369742358e-09
6.168048272624029e-09
0.0
1.535184751338828e-08
1.5351847502829762e-08
9.94622693538047e-09
-9.957709172796116e-09
0.0
0.0
0.0
0.0
0.0
9.896746500887255e-09
0.0
0.0
0.0
0.0
0.0
0.0
-3.0580982974270017e-08
-3.9956244993958993e-08
0.0
1.9389038681916687e-08
0.0
1.065717909333886e-08
8.576268965151858e-10
9.981868077562278e-09
9.98489032655401e-09
9.984890402994332e-09
0.0
0.0
3.06239377261217e-08
2.0366008265604357e-08
-9.75591143122632e-09
-1.4754937943710558e-09
0.0
9.95707767344027e-09
5.549553633774123e-10
4.064522243235229e-07
0.0
4.31168099303804e-09
1.1373429488527006e-17
1.6570491363805342e-07
-1.693739306340841e-07
-4.004464102890809e-09
7.865784730292283e-08
0.0
0.0
0.0
0.0
0.0
0.0
2.7843514778058254e-09
6.293506096973303e-11
9.93070205826633e-09
0.0
-9.930160683624021e-09
0.0
0.0
2.7209521185390346e-09
4.203601595261553e-09
5.013144122101102e-09
0.0
7.869146252953887e-09
0.0
0.0
2.3974560336012518e-11
0.0
0.0
0.0
0.0
0.0
5.2535874641981725e-09
2.177953815590071e-08
0.0
0.0
1.2143730090927332e-08
0.0
1.066931225578072e-08
0.0
0.0
0.0
0.0
0.0
6.462898578310182e-09
0.0
5.5398331999318305e-09
5.354102365149051e-09
1.9501730370694298e-09
9.87314160517225e-09
1.9053132699245824e-09
0.0
0.0
0.0
0.0
0.0
0.0
0.0
9.8343190859673e-09
4.70355823812537e-09
0.0
0.0
0.0
1.3480046324518177e-10
1.66543826511429e-08
5.766862898705211e-09
2.1913886428082663e-08
4.2659128881423894e-08
5.539149745760412e-09
2.6487551097646538e-08
3.041596633610354e-08
0.0
0.0
0.0
-1.696554771310737e-08
0.0
2.4898216795473868e-17
0.0
6.719083220988613e-08
8.475036652901257e-08
-3.6732945130828025e-08
9.84069030259665e-09
9.840690371326602e-09
9.840690439822178e-09
9.285308633739595e-09
1.3543640030421854e-07
0.0
0.0
0.0
-4.2754633899724825e-10
0.0
-1.9949319973733282e-17
2.9598554366016068e-08
9.993783785533644e-09
9.992418015793292e-09
9.992417972715033e-09
9.98449902000306e-09
9.984498996674471e-09
9.987880778027575e-09
9.987880750778116e-09
9.965531609529709e-09
0.0
9.965531587013533e-09
9.487938088023466e-09
0.0
0.0
3.686713649184883e-10
0.0
1.3875228902734168e-08
9.963113377215587e-09
8.393430442160083e-10
2.307696536816604e-10
9.946994186280167e-09
9.946994185812884e-09
9.946994170456905e-09
0.0
-6.034880569501678e-09
0.0
-8.193176288025933e-09
0.0
0.0
0.0
2.9282554808045276e-09
8.427389325024179e-09
0.0
2.2534757572639587e-08
0.0
3.2646461942340585e-09
0.0
0.0
1.5036541397394418e-08
0.0
0.0
0.0
1.9022788388702028e-06
0.0
0.0
0.0
0.0
1.7386232827627808e-09
1.7390345343542641e-09
2.6279576869657903e-10
0.0
9.937684302277694e-09
9.908824399884608e-09
9.908797911121833e-09
1.7397936292518127e-09
0.0
0.0
-2.710505431213761e-20
0.0
0.0
0.0
1.0064266730763397e-10
0.0
0.0
-8.044488686298479e-12
0.0
0.0
0.0
0.0
0.0
9.93701707070898e-09
0.0
0.0
0.0
0.0
0.0
-8.193175915494066e-09
-9.687765276488887e-09
0.0
9.98044165393305e-09
0.0
2.918916664583302e-09
0.0
0.0
1.7621271974939468e-08
1.7621271379470198e-08
0.0
4.99522312185883e-08
3.002894593993287e-08
0.0
0.0
0.0
5.754091081842359e-09
0.0
1.1103347361824305e-08
0.0
3.021725934309596e-08
1.1919396061474408e-07
8.010303919649046e-12
0.0
0.0
-9.816720370674301e-09
0.0
3.2556082075682575e-06
3.2649773978611574e-06
0.0
9.285308650460612e-09
1.7951236684981519e-10
0.0
0.0
-1.3488334689622239e-11
0.0
0.0
0.0
0.0
0.0
-2.6688720677903177e-12
0.0
0.0
0.0
0.0
-1.4017211837497408e-06
0.0
6.921458592029403e-09
0.0
0.0
0.0
1.3150858211559782e-07
9.912604934872941e-09
9.912604934484107e-09
0.0
3.2278903084089286e-05
3.226915741562876e-05
0.0
0.0
1.0096186909988646e-17
7.951717363602854e-10
9.917799131703865e-09
2.2073398792508622e-08
0.0
0.0
0.0
0.0
0.00979483545585995
2.7426621013928454e-05
6.384391770165188e-08
0.0
0.0
0.0
0.0
0.0
0.0
0.0
0.0
0.0
1.3829217100750862e-07
0.0
0.10934267091986749
0.0
0.5648643918241274
0.0
-7.886985692664994e-08
2.236057465923591e-09
-6.37505054939192e-08
-1.1124727676986444e-08
-1.0535668552266893e-09
9.617373408471583e-09
-1.8157637139817667e-08
-1.1237668531296173e-08
-2.470863941669793e-06
-2.3588536564385225e-06
0.0
0.0
1.931842273261054e-06
0.0
1.9320784922377605e-06
0.0
0.0
9.933631428998477e-09
8.665396292726038e-09
1.891258752036936e-08
0.0
8.592571252882359e-10
0.0
-9.935290071339241e-09
0.0
0.0
-3.0348950534904985e-08
8.065104285727954e-10
0.0
1.8775707065645912e-08
0.0
3.8764281152820516e-08
2.779341585725439e-08
8.176656592214998e-10
7.666660074779044e-09
7.2066261037967445e-09
8.081242151587037e-09
8.081242151567489e-09
7.885194760025679e-10
7.88519479780669e-10
0.0
2.599866808648943e-08
9.992275472162058e-09
0.0
9.99304964840054e-09
0.0
9.99393082231958e-09
9.978989625697002e-09
0.0
5.988141061403063e-08
2.8489017739429716e-08
9.98685341624027e-09
0.0
9.983818520000212e-09
0.0
9.978598306106901e-09
5.082752076882474e-08
9.994585778016959e-09
0.0
9.993902771715315e-09
0.0
9.994053664223724e-09
0.0
9.992692995419013e-09
0.0
0.0
0.0
0.0
0.0
9.89095376780683e-09
0.0
0.0
0.0
0.0
0.0
0.0
0.0
0.0
0.0
0.0
0.0
0.0
0.0
0.0
0.0
0.0
6.920527320988856e-08
0.0
0.0
0.0
0.0
0.0
0.0
0.0
0.0
0.0
0.0
0.0
0.004927963962411062
0.004927953201158741
0.0
7.51598671531861e-10
-9.949639496385733e-09
9.777841597838174e-09
9.93550652042814e-09
-4.0843010948948623e-10
5.178924729327157e-11
9.867766941188214e-09
0.0
0.0
0.0
0.0
2.869859031976374e-11
2.0025232654532394e-11
4.311681068776567e-09
9.842973097410895e-09
0.0
0.0
0.0
9.29680335897937e-09
2.991681486569162e-08
3.350574789824083e-11
0.0
9.812571854806394e-09
0.0
0.0
0.0
4.203808093865914e-08
0.0
8.559474900056188e-10
1.645338263516656e-11
1.6453382926939764e-11
9.959504543993747e-09
2.6056242419542194e-07
7.19280630409737e-20
1.997455918709694e-08
1.9974554253959882e-08
6.025685088987993e-08
0.0
0.0
0.0
0.0
0.0
0.0
4.145358583121695e-09
0.0
1.9974573947264994e-08
9.986773524415984e-09
1.9974569055348637e-08
1.997457398922405e-08
0.0
0.0
0.0
4.143730133250938e-11
0.0
9.60273200810442e-10
0.0
3.787011278797897e-08
0.0
6.404308614727973e-06
0.0
7.738053475357663e-11
0.0
0.0
0.0
6.2931690939456515e-09
0.0
0.0
0.0
0.0
0.004530900958489028
0.0
1.6163736125406704e-09
0.0
0.0
0.0
0.0
0.0
0.0
1.0119549690357645e-10
0.0
0.0
9.987800401938226e-09
9.987800377749284e-09
-1.7986134842441575e-09
0.0
0.0
1.342575089913747e-05
9.938234541042493e-09
7.068015374350131e-07
0.0006577944513183788
3.3403212699225e-08
1.1848721418253136e-08
7.600077916032638e-09
2.1329165551087088e-08
1.1723034761539066e-08
0.0
1.2933952990234496e-09
9.906133524705374e-09
1.616195926271523e-05
0.0025807052431164506
-0.005185346797989789
2.0176345747592823e-05
0.0
-0.0051691650917383165
1.8650429912340366e-07
0.0
0.0
0.0
0.0
0.0
0.0
0.0
4.272484959337253e-08
0.0
2.1627904387744405e-08
0.0
1.7036037090388768e-08
0.0
9.601473546291346e-09
0.0
3.5673310290719003e-10
0.0
3.5491113189888035e-10
0.0
5.7443474655151115e-09
0.0
3.2900696623678426e-08
1.2109898229218548e-08
7.514847583854664e-09
9.427652687220281e-10
0.0
0.0
0.0
0.0
0.0
8.471499589118251e-09
1.169096852994675e-16
0.0
0.0
9.980441462258666e-09
-1.1674731581479136e-07
-6.262919976428783e-07
0.0
0.0
0.0
0.0
0.0
0.0
6.462781969879018e-09
0.0
0.0
0.0
0.0
0.0
9.076576540805982e-09
0.0
7.448176486304868e-09
2.7797655639270904e-08
0.0
1.5101418728598327e-08
4.204072597218406e-08
0.0
0.0
0.0
0.0
2.7209515156445226e-09
4.203601424519381e-09
5.0131436709540246e-09
0.0
7.869087983632747e-09
0.0
0.0
2.3974533644259845e-11
0.0
0.0
0.0
0.0
0.0
5.253587386937324e-09
2.177953840478409e-08
0.0
0.0
1.2143730148936349e-08
0.0
1.0669313109305292e-08
0.0
0.0
0.0
0.0
0.0
8.246054241739787e-09
0.0
1.3150858212584883e-07
-1.907400401252729e-08
0.0
0.0
0.0
0.006046242249728361
9.940811953803593e-09
-8.176031362999037e-10
0.0
-9.352983941371754e-09
0.0
0.0
0.0
4.1838531751020154e-07
2.5988884667636565e-08
1.5900561447777062e-07
1.0259283728563793e-08
-9.840585480819917e-06
1.7945039159452136e-07
1.6163579785011912e-07
0.0
8.235544030994423e-09
0.0
0.0
8.68056755806769e-09
9.976224366913262e-09
8.521247705499439e-10
8.521247612329869e-10
0.0
9.933380170728777e-09
9.933380203022008e-09
-9.917107299153415e-09
0.0
0.0
0.0
1.9715637855035182e-11
0.0
0.0
-9.892190316884708e-09
1.4321750086841478e-08
9.971383001293542e-09
9.971382845507083e-09
0.0
0.0
2.5377545398441725e-08
0.0
8.337766962493816e-10
-1.1189035871699698e-07
9.950647749440022e-09
9.950647760137238e-09
-8.504838140375959e-10
0.0
0.0
0.0
0.0
8.948309210137602e-09
0.0
1.0594107133871626e-09
1.616195926269737e-05
9.942959383027646e-09
1.6161959262754187e-05
9.942959437768912e-09
0.0
0.0
0.0
0.0
8.948309204109244e-09
0.0
1.0594122082987042e-09
0.006046252079103936
0.005188188629986942
9.965317465055186e-09
0.0
-3.0135991512331524e-08
6.090814346470002e-08
0.0
5.206134104388097e-08
9.983870471888881e-09
5.083124597518411e-08
7.825071712875283e-08
1.3728433356265113e-08
1.246965980559317e-09
0.0
2.931016566369712e-09
6.175745025734141e-09
7.451595682092206e-07
5.508511298259702e-10
9.909050253671236e-09
9.908831347702247e-09
4.8119636118010825e-09
0.0
-1.5067336950029996e-10
0.0
1.2775221852310204e-08
0.0
0.0
0.0
1.0892973944837299e-07
1.315085820445894e-07
9.096831737973737e-09
0.0
0.0
8.632640691767058e-09
0.0
3.9815258347705436e-11
3.981525851202983e-11
0.0
3.3774001594234185e-09
3.3774000703629388e-09
0.0
9.91837204824551e-09
9.918372079805587e-09
0.0
0.0
0.0
0.0
0.0
2.3854951456997626e-08
1.99745641207838e-08
1.456771427954008e-07
1.4567714279521052e-07
0.0
0.0
0.0
-1.047925102526438e-08
6.767033067509643e-10
9.796224354403317e-09
6.76703276553608e-10
9.796224323372135e-09
6.767033060414789e-10
5.802400233847155e-08
0.0
3.7440110057297e-10
0.0
0.0
2.9864008538222103e-08
0.0
1.8907066650412787e-08
0.0
0.0
0.0
0.0
1.2972264925712708e-06
-3.769159753684488e-07
0.0
0.0
1.0808604797449016e-10
8.018186243743451e-11
0.0
8.018233346792816e-11
8.018275719108478e-11
0.0
2.558337395951014e-08
0.0
1.785751082984227e-17
0.0
0.0
-2.516716035225186e-09
0.0
0.0
9.942339218409202e-09
0.0
0.0
0.0
0.0
3.793539906360729e-18
0.0
0.0
0.0
1.1272569721721356e-11
-9.82940075931445e-09
0.0
0.0
0.0
0.0
0.0
-0.6411090082208704
0.6411090291092532
4.969521144112244e-10
1.9826407415008553e-08
2.558337422069702e-08
2.5583374159206898e-08
1.1270911036602648e-11
0.0
0.0
-9.910972310111566e-09
0.0
0.0
0.0
-6.374614724968808e-11
0.0
7.074591552604342e-09
0.0
-4.840962700147777e-17
-2.9624182740198746e-09
9.740208267422048e-09
-3.48539263856501e-11
2.558337409773359e-08
0.0
0.0
7.755134803127867e-11
0.0
9.835746465555739e-09
0.0
0.0
0.0
3.3758717795273e-08
1.9080812074463762e-08
0.0
1.1267035821457214e-11
1.1269066283398381e-11
2.6867081032749166e-10
0.0
0.0
5.270064523350782e-10
2.7414272625978882e-05
0.0
0.0
-8.914702058001442e-08
9.960514303381397e-09
0.0
9.960514313257127e-09
0.0
-2.855920945799534e-10
0.0
0.0
-6.780355544489765e-10
9.832012013788818e-09
-2.8077567277493386e-08
0.0
-7.25840918798342e-10
-8.103591309508722e-10
-8.103591309553419e-10
0.0
0.0
0.0
-7.986389281721889e-10
-2.962418274020298e-09
0.0
0.0
0.0
0.0
0.0
0.0
0.0
9.757801023919292e-09
2.350597887979829e-10
8.150907252785351e-10
0.0
0.0
0.017975500047375238
0.0
0.0
2.782146891035578e-08
9.973231730915633e-09
9.929812409256793e-09
9.92978111790787e-09
0.0
0.0
3.335849864302009e-08
0.0
9.965317432358844e-09
0.0
0.0
0.0
0.0
-0.03184280862302769
0.031842824075926306
9.933302925211121e-09
1.0721074610690609e-08
-1.0721074621827809e-08
0.0
6.594749923649612e-07
6.811066577479437e-07
0.0
0.0
9.185210901463916e-09
6.693430329739655e-10
-2.1813410909668165e-09
0.0
0.0
1.0721074589788787e-08
0.0
9.929843696555018e-09
0.0
0.0
0.0025831004805339924
4.961998360066163e-15
1.8117309841736495e-08
7.514948211682719e-08
0.0
4.539016887669703e-08
0.0
0.0
1.989452121255016e-08
8.363131428552267e-10
-8.472437163301039e-09
0.0
0.0
0.0
0.0
9.937841711007978e-09
8.147077680112754e-10
-8.865963179622096e-05
2.5994835599128043e-17
0.0
0.0
9.9488151886048e-09
-9.718758436916275e-09
0.0
0.0
-7.903400156550333e-15
8.05034567192555e-10
0.0
9.927917830180085e-09
9.845925229474307e-09
7.251274197688507e-10
-8.235543548279402e-09
2.1467112563913682e-16
-1.1607937434449227e-08
-3.073195617431246e-08
0.0
0.0
0.0
9.979941340676274e-09
9.987046679009952e-09
8.626756365444888e-10
0.0
-7.506557562337018e-09
0.0
6.293170210899862e-09
0.0
6.288335521599473e-09
0.0
0.0
6.293170027417906e-09
6.3997697556644985e-09
1.200005239712717e-10
2.8000693497205887e-10
0.0
8.557483770591275e-10
-5.872232717468208e-08
0.0
9.980912612346905e-09
8.566952836972617e-10
0.0
0.0
9.983411279283187e-09
9.979793462456124e-09
8.556042066372886e-10
-2.3173468969789775e-09
9.983411440351817e-09
5.870778124068327e-08
0.0
6.293169219278869e-09
0.0
0.0
0.0
6.970142505777589e-09
9.18580648245676e-09
9.18580670242527e-09
-7.1026533500915006e-09
9.970304886385006e-09
0.0
0.0
4.72709960597233e-13
0.0
0.0
0.0
1.315085821110743e-07
30.030475419526642
-30.030475473393533
-4.445505225920367e-08
2.605624241028254e-07
9.725941251223264e-09
9.725941289997044e-09
2.485825725471207e-07
0.0
8.488651831124858e-09
2.1783703078335492e-05
-2.169391860997586e-05
8.359720178057145e-10
0.0
-3.0117275784391495e-07
1.0881107567806753e-17
0.0
0.0
-2.340378734791448e-09
-2.976119020937879e-07
0.0
2.9616452740226034e-08
2.485825723343294e-07
0.0
8.636308674918906e-10
1.9706778436999353e-08
8.677732841176684e-10
0.0
3.0585229413348626e-08
1.998368104766954e-08
9.991405104976142e-09
7.376710276110959e-10
6.891218123525172e-07
9.858798071428931e-09
1.9719706339936582e-08
9.879016106105277e-09
7.573734402875596e-10
1.4929635176810522e-08
0.0
7.376711615987026e-10
0.0
0.0
0.0
0.0
-6.64917908635486e-12
