0
0.0
0.0
0.0
0.0
2.2011275927633022e-08
3.2846242831981695e-11
0.0
0.0
0.0
0.0
0.0
0.0
0.0
0.0
9.591000902163426e-09
0.0
0.0
0.0
0.0
0.0
0.0
0.0
0.0
5.927229960132896e-09
0.0
3.2547566989968882e-09
0.0
0.0
9.271985708809008e-09
4.211208840083875e-09
0.0
0.0
0.0
0.0
0.0
0.00013977023805948868
0.0
2.1851771923269788e-07
0.0
1.6502608584323382e-08
0.0
0.0
0.0
0.0
0.0
0.0
5.110664579327721e-08
0.0
0.0
0.0
0.0
0.0
0.0
0.0
0.0
0.0
0.0
0.0
2.225311631975734e-07
0.0
0.0
0.0
1.8109143264795292e-16
0.0
8.115394129788301e-09
0.0
0.0
0.0
0.0
0.0
0.0
0.0
0.0
0.0
0.0
5.504751912839671e-10
0.0
0.0
0.0
0.0
0.0
0.0
0.0
0.0
9.158033053994303e-07
0.0
0.0
0.0
8.402081547801285e-09
0.0
0.0
8.271881965230824e-10
0.0
8.254046989250969e-09
0.0
0.0
9.770721757888856e-09
0.0
5.296404642536366e-08
0.0
0.0
0.0
9.72567647929321e-09
0.0
0.0
0.0
0.0
0.0
0.0
0.0
0.0
9.819044764184199e-09
0.0
9.690696678746826e-09
0.0
0.0
0.0
0.0
0.0
1.8635367066722e-08
0.0
0.0
1.511230018303235e-10
0.0
0.0
0.0
0.0
-1.8331848606516558e-08
9.248673674715889e-09
9.743296792257305e-09
0.0
9.589982920248883e-09
9.872635214015978e-09
0.0
1.4924056051094068e-09
0.0
3.156620191732049e-09
0.00014368902128570954
0.0
0.0
0.0
0.0
0.0
0.0
1.9431815544721537e-08
0.0
0.0
0.0
0.0
0.0
0.0
0.0
0.0
0.0
0.0
0.0
0.0
0.0
0.0
9.708581490917616e-09
9.329908703721253e-09
0.0
0.0
-7.029633765606059e-05
0.0
0.0
0.0
0.0
0.0
0.0
1.4398601747934654e-07
0.0
1.951267636694209e-08
1.0193250577427432e-08
0.0
0.0
0.0
0.0
0.0
0.0
0.0
0.0
4.0463396906780064e-09
0.0
0.00028617459128182053
0.0
0.0
0.0
1.0223899962477958e-08
1.928811272969548e-08
4.033424688527419e-10
0.0
0.0
0.0
0.0
0.0
0.0
0.0
0.0
0.0
0.0
0.0
0.0
0.0
9.007880898182458e-09
3.80771102465754e-09
0.0
0.0
0.0
0.0
1.5581261392293866e-08
0.0
0.0
8.461388607276425e-09
5.654440717115384e-08
0.0
0.0
0.0
0.0
0.0
0.0
0.0
0.0
6.4944953545865015e-09
0.0
0.0
0.0
0.0
3.448863598983519e-18
9.855187146475435e-09
2.31740158609158e-09
0.0
1.6922996337598306e-10
0.0
9.839169529371642e-09
9.721905323372603e-09
0.0
0.0
2.6192817446230032e-12
9.230528298886339e-09
2.4040687750519783e-08
0.0
1.0253862048137915e-10
4.950551021033099e-07
6.298961352513288e-12
0.0
0.0
0.0
0.0
0.0
8.601199340670073e-11
-7.410039883189124e-05
1.5270777935487707e-21
0.0
0.0
9.811424054328962e-09
8.393219323303153e-09
9.933892144296463e-09
0.0
9.246549019883556e-09
1.5401126499318e-08
0.0
2.7764417428934735e-07
0.0
0.0
0.0
6.555715262010473e-10
8.303045871257991e-09
0.0
0.0
0.0
6.394068363795907e-09
0.0
7.55321588783826e-09
6.8585666449382e-09
0.0
0.0
7.425152100775814e-10
5.879553701717663e-09
4.0737642292007874e-23
0.0
0.0
0.0
-6.370764246103118e-10
9.869537263639226e-09
0.0
0.0
9.866608499880622e-09
0.0
6.333940094322107e-09
-8.564803298440754e-09
0.0
1.7435214020715315e-06
0.0
0.0
0.0
0.0
9.74396843256048e-09
6.333940094394869e-09
0.0
0.0
0.0
2.3602792421663698e-08
0.0
9.919777421380758e-09
0.0
0.0
5.653291596266137e-09
0.0
0.0
0.0
0.0
-2.7849142263114413e-14
0.0
0.0
9.59801816714485e-09
0.0
0.0
0.0
0.0
0.0
0.0
1.764317114234193e-07
7.069065341290715e-10
0.0
1.2546302686868665e-09
0.0
0.0
0.0
8.27051941313802e-09
0.0
6.648045180289029e-12
0.0
0.0
0.0
0.0
2.5110940557178233e-07
0.0
0.0
5.268554928532985e-10
5.268561338961781e-10
5.251544804599772e-10
9.752321746085619e-09
1.9842763486141793e-08
9.980245787236786e-09
5.760864256370998e-10
6.753569659928204e-10
-9.591000905148986e-09
9.885391690173193e-09
9.162553538590615e-09
9.162555573540899e-09
9.885389970899724e-09
9.905700780755276e-09
9.804336761017798e-09
0.0
9.869757091976754e-09
0.0
0.0
0.0
0.0
4.12943670861693e-08
0.0
0.0
0.0
2.5021913937318136e-08
0.0
0.0
0.0
2.706414120486465e-09
0.0
0.0
2.0210178848290785e-08
0.0
0.0
0.0
1.7080644372536658e-09
0.0
0.0
7.872690971135279e-09
0.0
0.0
0.0
0.0
0.0
0.0
0.0
2.0996477088236845e-09
0.0
0.0
0.0
0.0
6.526550884946292e-09
3.619410001367136e-09
0.0
0.0
8.346098928301558e-10
9.690697012204597e-09
0.0
0.0
3.6208032005859053e-10
2.3788519406815582e-09
0.0
0.0
8.316250808959905e-09
5.290303000917828e-09
8.316378711853974e-09
4.727572443625634e-08
2.193263549685061e-09
2.5004250765204645e-08
1.5205253045183197e-08
0.0
0.0
0.0
0.0
0.0
2.6102822911424275e-10
0.0
0.0
1.936807296233189e-08
1.9491404068286554e-08
1.518762329023635e-08
0.0
-6.436375261411944e-10
0.0
8.316218523077198e-09
-9.820939027590546e-09
8.316346445017987e-09
4.72756915494317e-08
2.1932314261391323e-09
1.5622944665646207e-08
1.5205221006119592e-08
-8.516600757957349e-09
-8.516469347260138e-09
0.0
0.0
0.0
8.316186834022036e-09
0.0
8.316314769167914e-09
4.7275659268897776e-08
2.193199835700098e-09
2.5004185608222923e-08
1.520518958170364e-08
0.0
0.0
6.268145377105628e-10
2.519798472991926e-08
9.955532417222975e-09
2.6129575836133577e-10
0.0
-5.528862531299497e-11
1.1143739134533277e-13
9.011649652210796e-10
1.0248390062721803e-08
0.0
9.966894673517704e-09
-2.0008211760627608e-10
0.0
0.0
0.0
1.567166641066518e-10
0.0
-6.778539486533969e-10
1.3594723019877252e-08
0.0
0.0
3.665893625767367e-08
0.0
0.0
0.0
9.994364391451554e-10
7.77877360023192e-09
0.0
0.0
1.9842760543604832e-08
0.0
0.0
1.1519917590953958e-08
1.4664167748404371e-08
0.0024664146635017116
6.589593414315954e-10
9.730258500870033e-09
-4.677882647899197e-08
-2.5676396572392012e-08
-2.825445024823227e-08
-3.572031002167308e-08
-6.568694033148859e-08
-6.569702297963814e-08
-7.282408535601514e-08
5.960543795169822e-08
9.7302590942221e-09
9.730259689882774e-09
6.075419595509524e-09
-2.1851771926921938e-07
-2.1851771930554015e-07
0.0
1.7356852027295278e-14
1.1185574419333128e-05
1.6872970177052675e-05
0.0
-1.650260852841308e-08
0.0
1.915269627538581e-08
9.220516347237072e-09
2.66810451605494e-08
0.0
2.902199613955206e-08
9.869301299814115e-09
0.0
0.0
0.0
-0.000125869305748748
0.0
2.682459041061683e-08
0.0
9.855832108039615e-09
9.855833548594317e-09
9.950566382566244e-09
9.950568267376576e-09
9.925320080119747e-09
9.925319233161645e-09
9.925318035111015e-09
3.7067262440146603e-08
3.509895559047557e-08
1.8857636663189954e-08
4.517014031557706e-08
5.6201078466206484e-08
4.0579687224195995e-08
7.452787142167659e-08
3.481759406481766e-08
-1.116992625090562e-05
0.0
0.0
0.0
3.0102665000362393e-13
2.198221620629793e-06
2.2079053598530064e-06
9.907616713156209e-09
3.429875717951188e-09
0.0
1.6494086868826982e-08
0.0
2.537763429062264e-08
9.217907717410602e-09
1.5398213405443866e-08
3.1736111081658916e-14
0.0
-5.1106646026255476e-08
5.110664742484724e-08
-0.00021119404902851448
7.142381096902476e-05
-0.00013977023805948917
0.0
0.0
0.0
0.0
2.2491590812023787e-09
0.0
-4.3334422092280306e-07
0.0
9.054845070033575e-09
0.0
0.0
0.0
5.98220053785507e-09
0.0
4.312129672052415e-08
9.916212588070036e-09
2.092228400176571e-14
9.802891355734702e-15
9.775942205995475e-09
9.775943339167044e-09
0.0
0.0
0.0
0.0
2.3239192806982605e-08
0.0
1.1211577997363298e-07
8.802923342521692e-09
4.994066031776928e-09
0.0
8.9053361359715e-09
0.0
0.0
0.0
4.25794661415088e-08
2.2002078985006395e-08
2.4602205027527696e-09
4.546645811736045e-09
0.0
7.06907288749983e-10
5.508508890745736e-09
8.97530592864704e-09
7.510901833878805e-10
0.0
0.0
1.6237856435612016e-10
2.5499847534107177e-08
1.25125154580185e-08
9.193530553918978e-11
8.866708553956989e-09
0.0
2.201096904906078e-08
6.147773358877481e-09
2.3239200592052923e-08
-2.323919845474334e-08
0.0
9.791227181455991e-09
5.632477320236973e-10
0.0
0.0
6.185418617941326e-09
6.607020727847942e-10
3.19571969871146e-08
1.92234296390707e-07
3.394822558562993e-08
-1.2584715586273247e-07
2.2112136853684317e-09
8.097525680880182e-16
6.80782218678547e-08
0.0
-3.068235220258463e-08
0.0
9.789271825503738e-09
1.775167512117759e-09
2.399113218614525e-09
0.0
3.8612856152297255e-08
0.0
6.716360827585594e-09
9.706872626543445e-09
9.341876080023205e-09
1.2360462253986587e-10
0.0
0.0
-2.129544245497368e-07
-2.1295442462649666e-07
9.341875302623301e-09
9.341876068811936e-09
9.34187606113114e-09
0.0
9.266419124098748e-11
0.0
0.0
1.5047256753188848e-08
1.345851981374193e-09
1.0981530825257465e-08
1.1020540083405378e-08
0.0
8.834338906013524e-08
0.0
0.0
1.9781146849001674e-08
9.925316588401256e-09
-2.6133729780788526e-10
0.0
0.0
0.0
3.0023190647566136e-08
9.895509867660622e-09
6.747647184312347e-10
9.971627419505351e-09
1.687402631785312e-08
0.0
0.0
0.0
0.0
0.0
0.0
0.0
0.0
1.0635493478773653e-08
1.2701148528796324e-09
0.0
0.0
3.5203120385697405e-08
1.8953719297571296e-08
9.95180129616223e-09
0.0
0.0
2.538977118688021e-08
0.0
0.0
0.0
5.446410804833568e-09
1.1622647289044608e-16
0.0
4.736596716041858e-10
1.238615354795206e-08
0.0
0.0
0.0
0.0
0.0
0.0
0.0
0.0
0.0
2.3858524483251456e-08
-2.388898704059391e-08
0.0
9.69971819746892e-09
-3.2132953735981504e-10
3.855799516745516e-10
0.0
5.857723668248199e-10
-9.565118475052259e-09
0.0
1.667349797836776e-15
0.0
0.0
0.0
3.913576565725205e-08
9.861693345921687e-09
9.86169478611134e-09
9.861695821067329e-09
0.0
0.0
0.0
0.0
1.2344387374601556e-15
1.3472106598606316e-08
0.0
0.0
0.0
6.1257422745431e-17
0.0
1.5726640755153359e-09
-2.970111745026883e-08
1.9637950750169334e-08
0.0
0.0
0.0
9.738612980128548e-08
-1.1317912911141825e-08
8.907168017734776e-16
0.0
0.0
0.0
3.5045949047113813e-07
-3.224965617070205e-07
5.391953848119269e-10
0.0
5.310268603804093e-09
9.645200416130706e-09
0.0
1.7879233964619016e-08
0.0
-2.934804169975784e-07
2.997781234321196e-10
0.0
0.0
2.9030949471239154e-08
0.0
0.0
0.0
0.0
0.0
7.63179185617604e-09
9.445630879974644e-09
2.2508104011682455e-10
0.0
1.1421155193555217e-08
9.706872528348632e-09
9.706872438545837e-09
1.7142825796054306e-09
0.0
2.0871831047553976e-14
1.2430012046390748e-14
2.5325865041470374e-14
1.2018904038463398e-08
-1.0154015822605444e-10
0.0
0.0
-2.651215410318131e-09
0.0
2.4077832529917012e-14
2.4080971583519098e-14
0.0
0.0
-9.7781802231944e-09
0.0
1.2042537869412073e-09
0.0
5.905929111473868e-15
0.0
3.0923479952151485e-08
0.0
2.1077405340613687e-08
0.0
0.0
2.523509224886284e-09
0.0
0.0
8.877406933449117e-09
0.0
2.3480187009600813e-15
7.822198047184529e-15
0.0
6.031113932339383e-13
6.022586404112044e-13
6.031507923287329e-13
6.01809709571682e-13
3.0023191713121116e-08
9.474637700622327e-09
0.0
3.8287478293080524e-08
3.44841589109267e-10
1.9512677102098467e-08
4.071922389372107e-09
0.0
0.0
9.807007017158519e-09
5.787012851998049e-10
0.0
0.0
1.3054948036307324e-05
1.3064697265462047e-05
9.749229994173423e-09
0.0
0.0
0.0
0.0
0.0
2.426941135050172e-09
0.0
1.8816373715432192e-08
-9.881540906100003e-09
-9.726491612127575e-09
-9.771478600762752e-09
-9.237663078920377e-09
0.0
-9.781762927972039e-09
1.8804582996790524e-08
0.0
-1.0154015917473135e-10
0.0
8.513103911915454e-09
-9.494951498656423e-09
0.0
-9.158033056031096e-07
-2.2950210346450327e-08
0.0
5.165038056345364e-10
-4.89853796902754e-13
0.0
0.0
0.0
0.0
9.395806674355363e-09
0.0
1.4957514982130938e-08
0.0
0.0
0.0
0.0
0.0
0.0
1.0177109037120431e-14
0.0
2.531449384808576e-09
0.0
-2.13240883284449e-15
3.8036649832661565e-09
0.0
-2.976466517701226e-09
0.0
0.0
1.0856546292679665e-08
4.350525456068021e-07
0.0
0.0
-4.458383168571352e-07
0.0
4.5635198179334135e-07
0.0
2.2072063485729784e-06
0.0
9.59704065761288e-09
9.597041506978488e-09
0.0
6.727192745209948e-05
-6.727192745268587e-05
1.5657175560239336e-08
0.0
2.478785221503852e-08
0.0
0.0
0.0
0.0
8.240227294346175e-09
0.0
9.425453678698492e-09
0.0
7.251327604433304e-16
6.33394009426258e-09
0.0
0.0
0.0
-9.77072175945004e-09
9.85501016435767e-09
4.13147453299881e-08
9.855010534141059e-09
9.855010907214388e-09
4.0976543840205875e-08
0.0
0.0
4.1187298684779266e-16
0.0
0.0
-5.296404654889046e-08
5.371688262985559e-08
9.05645312153854e-07
0.0
0.0001471247519968471
6.365249805197098e-08
0.0
0.0
1.4202346742707453e-08
1.4202346742707453e-08
9.773684514491343e-09
-8.88838783957705e-08
0.0
9.815251561171023e-09
9.815251540462762e-09
1.9864552463657158e-07
9.335413179753743e-08
-1.566329199402678e-08
1.9848234123297033e-08
6.938312828919862e-10
4.219060936097952e-08
0.0
0.0
1.691843520100366e-07
2.485138583688129e-07
0.0
4.548923504559325e-07
7.960793941663465e-08
9.861013856599793e-09
9.923675710780196e-09
9.162551480697653e-09
2.0687544661256917e-08
-9.703040956390093e-09
9.869756782436722e-09
3.466413262310657e-10
0.0
0.0
3.1493228537217494e-10
0.0
0.0
0.0
0.0
9.438878589858017e-09
0.0
0.0
9.807003261298127e-09
-9.725676479444001e-09
9.850295655533525e-09
0.0
1.5474228045675593e-08
1.9750745421121052e-08
6.702146591231703e-10
6.250585614081376e-09
9.83057943659787e-09
9.896625602248514e-09
6.664657673253378e-10
6.408819494436783e-08
0.0
9.830578446595642e-09
-2.472317228658962e-09
6.006023106363489e-10
1.9380672739552336e-08
9.551301726959394e-09
0.0
0.0
0.0
0.0
0.0
0.0
-8.023088749896552e-09
0.0
0.0
2.107145781412442e-16
0.0
0.0
0.0
3.32474045722838e-09
0.0
1.818129527192092e-15
0.0
0.0
0.0
-1.541322820243496e-11
0.0
2.0627751242107538e-08
0.0
0.0
-1.572661614026834e-09
0.0
0.0
0.0
2.201127634065014e-08
0.0
0.0
0.0
0.0
0.0
9.953097374060249e-09
1.9903299661547335e-08
7.189504412170868e-10
0.0
1.8331102900518733e-08
0.0
0.0
1.4665619594646456e-09
0.0
0.0
1.9432410799210135e-08
9.57831153140214e-09
0.0
9.819045395422768e-09
0.0
-5.904855807799904e-10
0.0
0.0
0.0
-9.690696678270327e-09
2.9170308996507523e-08
2.917030899648978e-08
0.0
0.0
2.495864095037106e-07
9.83257760974804e-09
0.0
0.0
9.974729485542423e-09
0.0
-1.075570538007442e-06
0.0
-2.4812832625045093e-09
9.374375697546899e-09
-9.448474063041001e-09
9.872024547656622e-09
6.260302689566004e-10
0.0
1.0860489965894516e-06
1.4869111110268384e-07
1.970695847260271e-08
6.223853996561248e-10
1.264047403969165e-07
0.0
0.0
2.1098815325214957e-13
0.0
0.0
0.0
0.0
2.3423408459087406e-09
1.7577250633370355e-08
0.0
1.4572063162715537e-08
0.0
1.7956414448746417e-08
0.0
5.7096275010139324e-08
0.0
0.0
1.1999689174762197e-08
3.482002236115814e-08
0.0
2.4607191144608242e-08
0.0
0.0
0.0
1.316667775605514e-09
0.0
7.974204110859828e-10
0.0
0.0
0.0
0.0
0.0
0.0
0.0
-4.6520098304992166e-08
-2.567640143761106e-08
-2.825445517135039e-08
-4.517013752860827e-08
-6.568694549402565e-08
-6.569702814130784e-08
-8.232952581829767e-08
-5.960544330884407e-08
1.2954296424593183e-05
1.2890208230639444e-05
8.683523605937543e-09
8.683525380837075e-09
0.0
0.0
0.0
1.8635367096599964e-08
8.27051673762515e-05
0.0
1.1398815904127108e-08
0.0
0.0
0.0
0.0
0.0
0.0
-1.511229859378323e-10
5.490783553104962e-10
9.776757216896088e-09
0.0
0.0
9.75790530893698e-09
9.757905702206804e-09
0.0
0.0
0.0
0.0
1.900286107974749e-08
0.0
0.0
1.0791121414941331e-08
0.0
2.247197771418204e-08
0.0
0.0
0.0
0.0
0.0
1.37096006733178e-05
7.1042483603980185e-09
0.0
0.0
0.0
5.795480278734994e-09
5.129276992308683e-09
0.0
2.657159703259369e-08
1.4880243383535962e-08
0.0
0.0
0.0
0.0
-2.5726156716802517e-09
6.657915108121415e-09
6.657915121999203e-09
-2.5726128453549234e-09
4.0558255311667424e-05
1.7573952406051488e-05
0.0
9.810684174771378e-09
9.81068420485605e-09
9.810683835216198e-09
0.0
0.0
9.062269005013416e-07
0.0
0.0
0.0
9.706872621822738e-09
9.807900914284869e-09
0.0
0.0
9.643954953502436e-07
4.853578864771196e-09
0.0
0.0
0.0
0.0
0.0
0.0
3.457192454396717e-08
0.0
0.0
3.180230569366487e-08
3.180230570496421e-08
3.180230570079472e-08
2.2212322784747217e-08
3.18023057203612e-08
7.841966626650253e-09
0.0
-1.0086334743784637e-06
0.0
6.862994364734341e-09
0.0
0.0
0.0
0.0
2.986153971498622e-09
0.0
5.224128635867151e-07
0.0
1.9808203553342044e-09
1.0208962253480054e-06
1.0223886309405441e-06
1.0149763269423808e-06
1.0208962253473962e-06
1.0149763269146712e-06
0.0
0.0
1.0437674580518496e-08
0.0
0.0
0.0
0.0
0.0
2.496944528245951e-07
0.0
3.3754754743377483e-08
5.31674942569601e-08
9.944856133958235e-09
0.0
7.129281253792113e-07
0.0
0.0
0.0
0.0
0.0
0.0
4.2911933193048234e-07
-4.458781434346637e-16
0.0
-0.0001436792351463596
0.0001445824434295311
1.2667104012105751e-05
1.619801028500708e-06
1.9099457791446894e-08
1.9522829464158065e-08
9.795662649515063e-09
1.952283034911917e-08
9.727168212681313e-09
5.005308059007041e-10
4.856021063103276e-10
9.711919064098185e-09
0.0
1.90994581744781e-08
5.035920470117034e-10
1.4407436740679472e-08
0.0
5.822986374016617e-10
5.82298664828206e-10
7.649973736249815e-07
0.0
1.953605841971456e-08
9.869426599893672e-09
2.238956782745806e-06
2.238956782745793e-06
0.0
0.0
0.0
-1.008535251533784e-08
-9.936403926500013e-09
0.0
1.915723462467706e-08
0.0
0.0
0.0
1.4440210351508065e-09
0.0
0.0
0.0
0.0
7.134487257688005e-10
8.172035844376813e-08
2.0880285951261606e-08
0.0
0.0
0.0
6.985358816550152e-10
0.0
9.946939827365497e-09
0.0
4.843703629505843e-10
0.0
6.733314413073189e-10
0.0
0.0
0.0
9.274116634512937e-08
1.2851714285395904e-05
0.0
9.89404612595774e-09
9.894046519386525e-09
1.3539452913441839e-08
3.708726496496153e-09
5.438395234641956e-10
9.915192716135753e-09
5.250126242791777e-09
9.830580026557867e-09
5.250126231947917e-09
0.0
9.830580014433917e-09
9.83058000465515e-09
9.915193336241645e-09
9.915193958573692e-09
4.2671864777357615e-08
9.771405968816056e-09
9.826823372300382e-09
0.0
9.826840519950455e-09
9.826839877506173e-09
5.690282879423608e-10
9.797132330418732e-09
4.522365153779623e-08
0.0
6.075604729794654e-08
3.186008396005166e-11
0.0
-9.329909289590432e-09
0.0
-9.708581492520211e-09
8.712151679922397e-05
2.2824021352800886e-08
0.0
0.0
0.0
9.403743839205227e-15
0.0
6.264374262484145e-08
0.0
1.4465105297244563e-08
4.046339735497284e-09
0.0
0.0
0.0
0.0
0.0
-3.1051550219984847e-16
4.3183434353296585e-08
-4.0949242817323924e-08
1.5653178384786168e-05
5.905648174737359e-16
8.57652887609013e-09
8.986417090682488e-09
5.205975612259389e-10
2.078513128960842e-06
1.4953507039878033e-05
1.9757891768885018e-08
9.842700275036453e-09
6.136514337019735e-10
9.842701516345453e-09
1.7030478752766937e-05
0.0
0.0
0.0
4.886544646770701e-10
2.0030553666992474e-08
6.248414963540877e-10
6.922406470606189e-05
1.0744114755334252e-06
0.0
-0.00013777020565665873
0.00020807625489972773
6.996713443266419e-07
1.7030478756739563e-05
7.889391626238911e-07
1.4879404231763147e-15
0.0
1.9773687835263123e-11
5.981198036314387e-10
0.0
0.0024664047745400286
0.0
0.0
-3.7668672579660415e-06
2.1802005896817945e-07
1.8288250753309855e-08
1.3494221756550801e-08
-1.0938279852083614e-08
5.995208120326884e-07
0.0
0.0
2.345674027599885e-09
-0.0024712960216850687
4.937656365953654e-06
9.918090483919113e-09
0.0
1.7751680264632697e-09
0.0
-6.814994500644391e-10
0.0
0.0
-1.9512676367045012e-08
0.0
9.484824743348152e-09
1.2958934886890591e-08
1.1508263808211535e-07
5.870679425257487e-10
0.0
8.410692351129914e-09
0.0
0.0
3.78281318880376e-08
0.0
1.5877943044838546e-07
0.0
-1.5910665376927228e-06
1.6059852910908386e-06
0.0
1.6071325221446348e-07
0.0
0.0
-1.0193250508960285e-08
-1.3465315247077291e-09
0.0
0.0
4.2245945641659846e-05
3.9810439744890444e-16
0.0027018855083369786
-0.0033497838312735923
0.0006477543369188053
-1.344378869176483e-07
1.4408990380816525e-14
0.0
0.0
0.0
5.06124284497525e-08
0.0
0.0
0.0
1.905006246290617e-08
4.398712843746848e-15
0.0
0.0
1.9314266556249424e-08
0.0
0.0
0.0
1.9254961814635793e-08
0.0
2.8816525065882666e-08
0.0
1.923704233699422e-08
0.0
0.0
0.0
1.071621324944814e-08
5.391309434339354e-10
0.0
0.0
7.429833398117583e-10
-4.1244693565233516e-09
0.0
2.0548555078518314e-08
0.0
0.0
7.201900374780439e-10
0.0
0.0
0.0
0.0
1.4386088714689855e-08
0.0
0.0
6.3140539579992064e-09
0.0
1.935228949353308e-08
0.0
5.293211137577438e-09
1.4788112149616005e-08
2.0030553064345813e-08
9.797131108533048e-09
1.9578269395039125e-08
9.665258371427399e-09
2.3962811224312102e-08
-3.290705388115889e-08
0.0
1.0223898690323718e-08
-1.0223899326537028e-08
0.0
5.787852054182571e-10
-3.706725762496182e-08
-2.5676399316692463e-08
-2.825445302110643e-08
-4.5170135343751156e-08
-5.620107342913842e-08
-6.569702587153059e-08
-8.232952347945674e-08
-5.96054409413802e-08
6.268175631318762e-10
0.0
0.0
0.0
1.118981334856789e-05
3.1687440321184967e-08
0.0
0.0
9.399244325274535e-09
0.0
0.0
0.0
0.0
0.0
0.0
0.0
1.04935994121499e-13
0.0
5.385213899481002e-08
6.943953211359803e-05
1.6639428905259115e-08
0.0
9.846466965531362e-09
2.303929616531697e-18
0.0
0.0
4.1913683436730113e-16
0.0
1.5599203709998344e-08
0.0
0.0
0.0
0.0
0.0
0.0
9.869313427127552e-09
0.0
0.0
0.0
-3.2547566625520566e-09
-3.254756680822875e-09
-9.36074555004719e-05
9.36171052926933e-05
0.0
2.9432732895004476e-08
0.0
0.0
0.0
2.0007586604719656e-07
0.0
1.3726240102194612e-05
0.0
2.0022901338407974e-08
0.0
0.0
3.5902079063788673e-09
2.5645445283256824e-10
9.47773375233052e-09
-0.00028620370819092654
0.0
7.675499437398557e-09
5.89235775299614e-09
0.0
5.892359800348903e-09
5.8923623668045534e-09
-1.8822031713087767e-07
0.0
0.0
0.0
2.3961256762127063e-06
7.569794811301357e-09
0.0
1.5041955455384645e-08
0.0
4.937078698717245e-09
0.0
0.0
0.0
9.767876302940737e-09
2.9015033414390027e-16
0.0
1.3727595226267715e-08
0.0
-1.5459004159244782e-08
3.2586528658840236e-09
5.865167919463779e-10
0.0011091556944305006
0.0011091652764238593
9.581991825913325e-09
9.52638305144029e-09
0.0
0.0
1.2851082177578466e-10
0.0001113694732978501
-0.0001113497236999787
7.036728860815394e-10
-2.299862449406555e-09
0.0
6.700781046222038e-09
-6.700780468037529e-09
0.0
6.700779929491862e-09
0.0
-9.00788089361641e-09
0.0
0.0
9.8801454029903e-09
-9.767877194263343e-09
0.0
1.1718986987652709e-09
0.0
0.0
0.0
9.861691016002823e-09
7.008832602090336e-07
3.865768488974784e-07
1.0912678201325943e-06
-3.8077110249556956e-09
0.0
3.3617406445847257e-07
0.0
0.0
0.0
0.0
1.9600713683043602e-08
3.1459100065564105e-08
9.938794676145335e-09
9.938792373777604e-09
7.120172733882601e-10
9.94312541306344e-09
0.0
2.99632066122398e-07
5.134101194742389e-08
3.2912410985864026e-07
-2.7710401842103745e-10
-9.752322390615964e-09
2.757928554673159e-08
9.750376864518968e-09
8.396161463857666e-09
4.2282831542237885e-05
0.0
6.7007814242946765e-09
2.9818934998979395e-16
0.0
0.0
-6.268751036680704e-09
0.0
0.0
1.9288112623933022e-08
4.0334280434957983e-10
0.0
0.0
1.103610661573122e-08
0.0
1.8309890988956386e-08
8.461364896169036e-09
0.0
-8.461388619276922e-09
0.0
0.0
0.0
0.0
3.9667581373357205e-10
1.0268463138379563e-09
2.4384702106968754e-08
2.843365888740895e-08
3.64690614977842e-10
0.0
2.2844334169507816e-09
1.7315998476338536e-09
0.0
0.0
0.0
4.1318480653614286e-10
0.0
1.7731931793206274e-08
1.9322062190585496e-08
0.0
0.0
0.0
0.0
0.0
0.0
0.0
4.1294365712851017e-08
0.0
0.0
0.0
0.0
8.42216759942135e-09
5.871375661971083e-09
0.0
0.0
0.0
9.543739225025083e-09
8.811988820762046e-09
0.0
0.0
9.474020721488673e-09
9.53667977083468e-09
7.97950951930342e-09
1.935845729079666e-08
1.3623720066192406e-08
0.0
0.0
1.265153542996052e-08
1.0535025557833275e-08
1.1339965059475996e-09
0.0
8.726024866689805e-09
0.0
0.0
0.0
0.0
0.0
1.0755705396460544e-06
0.0
2.498820981285618e-16
0.0
0.0
2.818646591560883e-08
-5.654440714264464e-08
9.359802757269022e-09
9.35980274693108e-09
1.411308161020151e-10
0.0
1.116023768817564e-05
0.0
9.84960820305696e-09
9.849608626489094e-09
9.849609058920628e-09
2.411809366649667e-06
0.0
1.0693095657992236e-10
9.96945454718833e-09
9.974279843988757e-09
9.974282202567302e-09
9.962808114564215e-09
9.962809291034348e-09
9.94402145218084e-09
9.944023221380966e-09
9.869535589780892e-09
9.882049992664868e-16
9.869537161370227e-09
0.0
1.2271344092395873e-08
0.0
0.0
5.539030043490461e-08
1.2929033605226306e-08
9.4850666081334e-09
2.6362629141273584e-10
-2.970964276935245e-08
9.93848291500117e-09
7.074670379693236e-10
9.938481922953085e-09
0.0
0.0
6.801731958861347e-09
6.801729536640589e-09
6.801732867865631e-09
1.1195018075961169e-05
0.0
0.0
0.0
2.0900573381598864e-08
5.565071061993726e-10
2.0900542749464806e-08
0.0
0.0
0.0
2.151816412183106e-08
0.0
0.0
2.0907241450838783e-08
3.44949981882674e-06
0.0
0.0
0.0
1.6509897323346963e-08
0.0
0.0
7.173933667043347e-05
7.172950984650329e-05
9.826824488069274e-09
9.445323800871819e-09
9.445301374651324e-09
0.0
0.0
0.0
0.0
0.0
0.0
0.0
9.847566280123562e-09
6.184077096738854e-10
0.0
0.0
7.998142066127733e-10
0.0
0.0
0.0
-9.855187142548202e-09
9.941572451053649e-09
0.0
0.0
0.0
4.2536742959936636e-05
0.0
6.80173044670634e-09
0.0
0.0
0.0
0.0
0.0
0.0
0.0
0.0
0.0
0.0
4.983078914407502e-08
3.0057823915199806e-08
3.81063754362629e-08
0.0
0.0
1.2097387051295364e-08
0.0
0.0
2.090721246390825e-08
7.065777700502122e-08
2.035498336815664e-08
-6.225905132151849e-10
0.0
0.0
-4.953785293395963e-10
0.0
0.0
0.0
0.0
2.679608251385852e-11
2.6795989906125417e-11
3.9144313178646925e-08
1.5951179150235441e-09
-1.3486038728891675e-11
0.0
0.0
0.0
0.0
0.0
0.0
0.0
0.0
0.0
0.0
-2.427183310450621e-07
0.0
0.0
2.0900605906132937e-08
0.0
0.0
0.0
0.0
-9.230529229853346e-09
0.0
5.871089890294168e-08
4.923534359718693e-08
0.0
2.2011275864608086e-08
0.0
-2.4040687757306747e-08
-1.4664589128915363e-08
1.0409062040975048e-09
0.0
0.0
0.0
0.0
0.0001318985982322147
1.2412694551982834e-05
1.5910169349160853e-06
0.0
6.404627086369009e-08
0.0
0.0
0.0
0.0
0.0
0.0
0.0
7.668835378701847e-06
0.0
1.5041592042675883e-07
0.0007281933849993614
0.0
3.469446951953614e-18
1.2682259672389451e-05
0.0
-5.8334062552189286e-08
-9.272853916133456e-09
0.0
1.461768477443293e-07
-1.0278849771339083e-08
0.0
-4.950551023237883e-07
-5.221340954274494e-07
0.0
0.0
0.0
0.0
8.025054173267271e-09
0.0
0.0
9.551843031418055e-09
9.38651549887665e-09
1.9477674152876966e-08
0.0
6.873368199193141e-10
0.0
-9.926473475902392e-09
4.2042734277148145e-15
0.0
2.0360388874284157e-08
0.0
0.0
0.0
0.0
0.0
2.1556964784812386e-08
0.0
0.0
0.0
0.0
0.0
8.485876890063082e-09
0.0
1.2091135689141991e-06
0.0
9.672862997354644e-09
4.1616187365285497e-08
9.814989552692977e-09
9.43887147814889e-09
9.953095590340041e-09
9.855340006176113e-09
1.8124194651347094e-07
5.728010650394056e-08
0.0
9.850293646972113e-09
6.422853923429646e-09
8.513101654431544e-09
0.0
9.872023590250968e-09
1.5162703282500992e-08
9.923672981737407e-09
0.0
9.905095844961908e-09
0.0
9.829373322702485e-09
0.0
8.161768343192605e-09
1.3734876084330351e-08
0.0
2.3695502894502803e-15
2.834023079076964e-15
1.2417307220436762e-05
0.0
2.5539236291086228e-08
0.0
9.438873444644551e-09
0.0
0.0
0.0
0.0
0.0
0.0
0.0
0.0
0.0
0.0
0.0
0.0
0.0
0.0
8.601162152509951e-11
8.601088120380639e-11
1.7205419962736163e-11
4.014116154393159e-11
6.307634828753296e-11
2.2939990925669167e-11
1.1469215286816654e-10
6.881790508907655e-11
4.587928250221926e-11
9.175546200456012e-11
0.0
7.410040121708497e-05
7.38624332107042e-05
9.569848127137596e-07
0.0
-9.565114039689591e-09
9.813353949118688e-09
9.098967530079836e-09
-9.811424055150564e-09
0.0
0.0
0.0
0.0
0.0
0.0
0.0
0.0
6.700781008591283e-09
9.443230888154396e-09
0.0
0.0
9.69818432817733e-09
0.0
0.0
0.0
9.671775762796232e-09
0.0
0.0
0.0
0.0
0.0
3.051761445213952e-08
0.0
0.0
-9.933892144422737e-09
8.361237201653442e-09
3.284624137510682e-11
0.0
6.268262670230032e-10
6.268228290413424e-10
2.2457054226620725e-08
0.0
0.0
0.0
0.0
0.0
2.750205145295098e-07
2.6118092469871274e-08
0.0
6.268418517813099e-10
9.873392635699647e-09
6.268342933083372e-10
6.268382838142242e-10
0.0
5.1972375104645535e-08
0.0
0.0
0.0
0.0
0.0
1.7896161875152337e-07
0.0
0.0
2.3512623667797562e-07
0.0
0.0
4.619529749375664e-07
0.0
6.303958966717468e-09
0.0
5.508108984113029e-09
0.0
6.314049952817803e-09
0.0
2.423152959482658e-08
0.0
8.0707965391471e-09
0.0
3.2788691429645e-10
1.6147348627785123e-08
0.0
0.0
0.0
0.0
0.0
0.0
-3.04292743525981e-11
0.0
1.5983171520800484e-08
2.6521956390054568e-09
4.053026721001983e-05
9.826840374639633e-09
1.7573952409368815e-05
0.0001445831760544575
0.0
0.0
6.133208575355826e-09
1.0018096945158033e-08
0.0
0.0
0.0
8.617174177775327e-09
4.444694828373347e-06
-1.159847217684828e-05
-8.71117394033968e-05
1.2861450848136418e-05
0.0
-8.265756280679533e-05
1.1751179387111668e-07
0.0
0.0
0.0
0.0
0.0
0.0
9.256740646516935e-09
0.0
0.0
8.045662355432641e-09
0.0
4.033566917847777e-09
0.0
1.2650458709731947e-08
0.0
2.3594020197142485e-10
0.0
0.0
0.0
0.0
9.256737534622987e-09
0.0
9.30908191201977e-10
0.0
2.9545270201854408e-09
0.0
0.0
8.15367572480016e-09
0.0
0.0
-2.4858228689146573e-09
2.0886126331666125e-16
-1.5401125708081054e-08
-1.5401125708081054e-08
0.0
-7.700299751693543e-07
-2.680541889703901e-07
9.791604872785396e-07
0.0
0.0
0.0
0.0
4.129436846388745e-08
0.0
0.0
0.0
2.5021915715786618e-08
0.0
0.0
0.0
2.7064158808973893e-09
0.0
0.0
7.872691654601947e-09
0.0
0.0
0.0
0.0
0.0
0.0
0.0
0.0
3.9667625486018133e-10
1.0268476485103078e-09
2.4384702585289282e-08
2.843366004688693e-08
3.6469124836953064e-10
0.0
2.284435488169595e-09
1.7316013889507783e-09
0.0
0.0
0.0
4.13184705126177e-10
0.0
1.7731933055926566e-08
1.9322062923077394e-08
0.0
0.0
0.0
-5.316219697608559e-08
0.0
0.0
0.0
0.0
9.48348490505466e-09
9.483481902143641e-09
0.0
-7.605203293024713e-07
0.0
0.0
0.0
1.6863457005099336e-05
0.0
0.0
9.752172337728267e-09
5.250088256488196e-10
0.0
0.0
0.0
0.0
0.0
0.0
1.845525353372235e-08
-1.6701051622944012e-05
-3.978429904840986e-08
2.4000270208582285e-07
0.0
0.0
1.1749338439235552e-08
0.0
8.590581889354318e-09
0.0
0.0
0.0
1.2014961826340567e-08
0.0
-8.303045854649808e-09
4.205819209042146e-09
1.3494215089332941e-08
0.0
0.0
2.323919632023703e-08
0.0
1.3494217191770514e-08
0.0
1.4490786298338352e-08
9.89551208970805e-09
9.895514314645776e-09
9.889254782178614e-16
0.0
0.0
1.834965093370506e-08
9.801278013340847e-09
-2.2190124492737763e-07
9.795663162523653e-09
5.675908343631427e-10
-9.23934854040031e-09
1.0179410871868315e-08
0.0
1.5941441056438631e-09
0.0
8.585344932003376e-09
0.0
0.0
4.444694827356099e-06
-6.394068523892134e-09
4.444694825908831e-06
0.0
1.0179411633611748e-08
0.0
1.5941480366475355e-09
0.0
8.585349541927273e-09
0.0
0.0
1.6863457005486034e-05
0.0001258693057491489
8.972536987859248e-09
0.0
2.9096602357863398e-08
1.4664168492322398e-08
0.0
0.0
6.141220714948939e-10
4.067938978312598e-08
-4.8868221807630045e-08
1.0981199413633364e-09
0.0
7.3905477605829e-08
1.2269630135019956e-07
-7.738158558368013e-09
2.8606386503637445e-08
0.0
0.0
0.0
0.0
0.0
0.0
6.336066465061629e-09
0.0
-6.858560165707902e-09
0.0
8.155384777344362e-05
2.0048087972829483e-08
0.0
9.72649944175455e-09
9.726500043046298e-09
0.0
9.81616101877601e-09
-7.425152447103692e-10
-7.425152793548637e-10
0.0
0.0
1.7723578755333998e-07
1.7723578900805014e-07
0.0
0.0
0.0
0.0
0.0
0.0
0.0
9.69971822619777e-09
2.8496686744340882e-08
6.268302801728382e-10
-9.494941459947193e-09
0.0
0.0
2.201127675367789e-08
3.3625521824713736e-09
2.608800142406524e-11
9.929037827414696e-09
9.92903785779782e-09
6.982140046290501e-10
9.929037797024937e-09
9.929037488154283e-09
4.294455465804829e-08
0.0
0.0
2.6790912350069656e-09
0.0
4.293542680083471e-09
1.53176350022646e-07
0.0
0.0
0.0
0.0
0.0
8.152907310282972e-08
9.020448563933927e-08
6.8019667507953005e-15
3.654443104371868e-10
0.0
2.5639066002403636e-09
0.0
2.563908791664373e-09
2.563911589210482e-09
0.0
5.3102646216542435e-09
0.0
0.0
0.0
4.987714846329296e-09
4.98771452958624e-09
0.0
0.0
4.769102213498178e-10
8.874422463729468e-16
1.1313594090216942e-14
4.513158503058897e-15
1.1471880326969708e-15
1.2182091255868292e-15
9.866619802867348e-09
6.370764248008742e-10
9.866619797758464e-09
0.0
-9.934639730458003e-09
9.20831926265464e-08
1.065700999709996e-06
0.0
8.044036099487773e-16
1.2481226605122866e-15
-2.62330355471109e-06
2.638968968515882e-06
0.0
0.0
5.3102592460471785e-09
5.310261216863015e-09
0.0
0.0
0.0
-9.901156994016947e-09
0.0
0.0
6.618067813476482e-10
0.0
-9.866608499892269e-09
0.0
0.0
0.0
-6.33394009429269e-09
1.7859832187577814e-08
8.564803298386544e-09
5.3102628556341665e-09
0.0
0.0
0.0
0.0
9.30832457830431e-09
0.0
0.0
0.0
0.0
2.130161143030696e-08
0.0
0.0
0.0
1.1262859861144357e-05
5.837897260193581e-08
0.0
-1.733845936148739e-06
1.4950826976276348e-05
0.0
0.0
-7.784840847207663e-09
9.944858270216628e-09
0.0
9.944857115918477e-09
9.807901219462765e-09
9.80790152826233e-09
0.0
0.0
8.316154539414651e-09
-5.740439426044928e-09
-1.7509423799682086e-05
9.846606773371978e-09
9.374376347257756e-09
9.846607098166539e-09
9.846607407909547e-09
9.374376020124139e-09
0.0
0.0
-5.169771538899364e-10
0.0
0.0
0.0
0.0
0.0
0.0
0.0
0.0
4.987364910936211e-09
4.987364910936211e-09
9.826839591687187e-09
0.0
0.0
4.2911933593276787e-07
0.0
5.225998001100373e-09
5.225998001100373e-09
9.880948055575133e-09
9.74051304332935e-09
5.135623032722172e-10
0.0
3.335450675526897e-08
0.0
0.0
0.0
0.0
4.1480861136943845e-16
0.0
7.442021090550044e-08
0.0
9.768899899784109e-08
9.73253682723732e-09
2.3602792460920257e-08
-2.3602792440999276e-08
0.0
4.532234942252403e-08
5.580386693521643e-08
0.0
1.9702897622493143e-08
9.652263864834364e-09
0.0
9.919777636441191e-09
-6.891428446978173e-10
0.0
2.3602792502087292e-08
3.3401669021352757e-09
9.740545846349914e-09
0.0
0.0
1.5709735052189832e-05
3.3354832784711983e-15
1.6163177930316171e-07
8.655479483366307e-08
0.0
5.7732567797373466e-08
0.0
0.0
1.9160659836494897e-08
6.764677136335091e-10
3.251371758447553e-06
0.0
3.265678769299084e-06
4.725015957643245e-09
3.418401033337898e-16
-5.65329181465837e-09
-5.653291705423307e-09
-9.358768057716923e-05
7.21459715223758e-16
6.333940815590796e-09
9.409436997521086e-09
9.534053428565096e-09
-5.046922323383111e-09
0.0
2.7849187069458402e-14
2.784918969695946e-14
5.528802522217312e-11
0.0
9.271985732180409e-09
0.0
-9.598018167845114e-09
7.677414353806896e-09
2.9932312856059033e-16
-4.785914237831479e-09
4.812103954459496e-09
0.0
0.0
1.093827092414447e-08
7.898260168085768e-09
9.93218154628218e-09
9.93218486597511e-09
0.0
0.0
0.0
6.304010683396134e-09
0.0
6.326858272635342e-09
1.093827847995548e-08
1.09382840457557e-08
6.304006376272413e-09
5.79947001234278e-09
0.0
4.905632222862809e-10
0.0
7.898261600303158e-09
-5.20672484564293e-08
6.882050245154163e-11
9.830726543686769e-09
9.830728371217241e-09
0.0
0.0
9.863236066503676e-09
9.881602848803568e-09
9.881604555450618e-09
0.0
9.863233565744373e-09
4.2671864401086885e-08
0.0
6.3039709377074314e-09
0.0
0.0
0.0
4.788821175896814e-09
0.0
0.0
9.980461272289747e-08
9.874103141030433e-09
0.0
0.0
0.0
0.0
0.0
0.0
0.0
0.0
-1.573152488098892e-07
-1.764317114127825e-07
3.2847725053207275e-11
0.0
-7.069069400914916e-10
2.1269328015279767e-07
0.0
3.2047079529594377e-07
3.818034386079646e-08
3.818034386079646e-08
9.167750951617759e-09
0.0
5.951625539624139e-09
2.338265706186522e-16
1.8969777313493463e-06
-1.8982323614931797e-06
0.0
-1.1347530278696146e-09
2.785402640890491e-14
2.8228185157130428e-08
2.1269328113576606e-07
0.0
0.0
1.235526218539461e-10
9.672865293247276e-09
0.0
1.983311188773497e-08
1.9537463351142204e-08
9.864602459538907e-09
-8.270519409516591e-09
6.943802048908765e-05
0.0
1.8366494530637537e-08
9.006691762969922e-09
9.006691755039306e-09
0.0
1.5372747647506892e-09
-8.270519412769198e-09
0.0
3.6974771351241305e-05
3.6974779843600424e-05
0.0
0.0
