0
0.0
0.0
0.0
0.0
1.922708249230067e-08
1.1609214212236412e-07
0.0
0.0
0.0
0.0
0.0
2.4885242252054064e-08
0.0
0.0
0.0
0.0
5.876233385833017e-09
9.925728889063096e-09
0.0
0.0
0.0
0.0
0.0
0.0
1.3473688025885675e-07
0.0
0.0
0.0
0.0
0.0
0.0
0.0
0.0
0.0
0.0
0.0011881312997793192
0.0
0.0
1.7543671037231448e-08
0.0
2.426392817552268e-09
0.0
0.0
0.0
0.0
1.7716545745525114e-08
8.48702993090327e-08
0.0
0.0
0.0
0.0
0.0
0.0
6.441166595180468e-10
0.0
0.0
0.0
9.579397205710389e-09
0.0
0.0
0.0
9.800781607028872e-09
1.131727976161913e-18
3.562248481815226e-09
0.0
0.0
0.0
0.0
0.0
0.0
0.0
1.634006514806433e-08
0.0
1.015520613022354e-10
1.3877073843561096e-11
8.470845361899158e-10
0.0
0.0
0.0
0.0
0.0
1.0155206342913513e-10
0.0
0.0
0.002873988105964065
4.899136501566311e-13
0.0
0.0
9.542711942798092e-09
0.0
0.0
7.779825234482322e-09
0.0
3.80605095306714e-08
-2.8689882258359928e-08
3.8374177281868716e-09
0.0
6.633167406502821e-09
0.0
0.0
0.0
0.0
9.895788120290069e-09
0.0
0.0
2.6065650226986443e-09
0.0
0.0
0.0
0.0
0.0
9.867639681027026e-09
0.0
9.208649233100649e-09
0.0
0.0
0.0
0.0
0.0
0.0
0.0
0.0
7.870577149157695e-10
0.0
0.0
0.0
1.0373265268981413e-07
-1.1133848511844052e-07
8.1336343034139e-10
9.639811161070308e-09
0.0
4.1195055462279e-09
0.0
6.460167115021528e-09
3.193776139705936e-09
9.594884862805341e-09
0.0
3.5970213854715576e-06
0.0
0.0
8.944855883414551e-09
0.0
0.0
3.373996767542149e-22
0.0
0.0
0.0
0.0
0.0
0.0
0.0
2.0346000009807694e-08
8.293298162512996e-09
0.0
4.720255448892156e-09
0.0
0.0
0.0
0.0
7.911907199693729e-11
0.0
4.0423479825127953e-13
9.72225592624854e-09
-0.0008772022793990971
2.6634460698585445e-06
2.727957509581785e-09
0.0
0.0
0.0
0.0
0.0
9.658172382009954e-07
1.976426995463471e-08
1.327820396986056e-07
1.1987239902157105e-08
0.0
0.0
0.0
0.0
0.0
0.0
0.0
0.0
0.0
0.0011927446636814665
3.403296952624e-08
0.002867297588241304
0.0
5.54337080699102e-08
0.0
2.0506879742007933e-08
0.0
0.0
0.0
0.0
0.0
3.149617658287245e-08
0.0
0.0
0.0
0.0
1.9534084104528907e-08
1.9899131083029598e-08
0.0
0.0
0.0
5.812244719123974e-09
0.0
2.0481334708139959e-07
0.0
1.9832045009358417e-08
0.0
0.0
9.406511323599657e-09
2.0616024896688367e-09
4.796625191275971e-09
0.0
1.5811376958821666e-09
0.0
0.0
0.0
0.0
0.0
0.0
0.0
0.0
0.0
0.0
1.9463633274829076e-19
0.0
9.911284201244352e-09
0.0
0.0
1.911411118911422e-21
0.0
9.73653292861076e-09
1.3487617750374241e-11
2.2185272819966577e-09
0.0
8.062826337335409e-09
0.0
-3.2526065174565133e-19
5.299079384905248e-11
2.268908537195772e-06
0.0
0.0
0.0
0.0
0.0
0.0
0.0
-0.002876363531821222
2.4088438000457632e-24
0.0
0.0
9.928067802208402e-09
0.0
0.0
0.0
0.0
0.0
0.0
6.300601428817221e-07
0.0
9.434965492216754e-09
0.0
0.0
0.0
0.0
0.0
0.0
0.0
0.0
9.72541020761614e-09
0.0
0.0
4.1324258018032845e-08
0.0
0.0
0.0
1.6923975086492872e-08
0.0
0.0
9.20806135853991e-09
0.0
3.077259963810478e-08
1.1829156436901955e-10
-9.208053926350958e-09
1.9249293810771222e-16
0.0
-1.5141958242814724e-08
0.0
0.0
0.0
8.664617609694101e-09
9.605196556159562e-09
9.231840305165038e-09
9.727386629528838e-09
0.0
0.0
0.0
0.0
7.024674828247026e-08
0.0
9.903301099136868e-09
0.0
0.0
0.0
3.837417334132927e-09
8.102040357960208e-09
0.0
0.0
5.571075285121241e-14
9.264725169266318e-09
2.3753671695624613e-08
0.0
0.0
0.0
0.0
0.0
0.0
0.0
0.0
1.0157077616818894e-08
0.0
0.0
0.0
0.0
0.0
7.383802071570461e-10
4.70808746222956e-09
6.648825661857618e-12
0.0
0.0
0.0
0.0
0.0
0.0
0.0
7.705822326308191e-10
9.870776260592629e-09
5.840256572202805e-10
9.679065422643885e-09
1.9802796567530875e-08
9.987021177451418e-09
9.988818050693862e-09
8.696807780471161e-10
8.83051589807325e-10
9.961057186556876e-09
0.0
0.0
9.961057450797672e-09
9.97254996389129e-09
9.988820131595024e-09
9.986279981335272e-09
-8.240854621480475e-10
3.225712238404661e-08
0.0
0.0
3.6348975062036334e-08
0.0
0.0
0.0
0.0
4.673682822363931e-09
1.0348317536184273e-09
1.28397831905751e-08
0.0
0.0
1.0994344100057924e-08
0.0
0.0
0.0
0.0
0.0
0.0
0.0
3.8222979610528445e-09
0.0
4.440046148263078e-09
0.0
0.0
0.0
0.0
0.0
0.0
6.667084816414714e-09
0.0
0.0
0.0
0.0
0.0
2.3069966412643704e-08
0.0
0.0
1.9256825002133418e-10
9.208649301641334e-09
1.3473688036539706e-07
8.852756772648699e-10
8.576654127122858e-10
8.825322362039288e-10
0.0
0.0
0.0
5.215443914540192e-09
0.0
4.222439523143222e-09
4.066174466725524e-09
0.0
2.706454263626629e-10
1.680149078465708e-08
1.6802905094906354e-08
1.680432050636335e-08
9.958489206588657e-09
9.908619947598544e-09
-1.3473688027413428e-07
1.3473688028939642e-07
1.0005326256077762e-18
1.9910316905143112e-08
1.9932762542610326e-08
1.997738364387272e-08
1.99720267323259e-08
-2.532163008068275e-09
-7.1379833360829125e-09
0.0
-7.637383682821192e-10
0.0
4.222084674931903e-09
4.065818342038717e-09
0.0
2.702903326306234e-10
1.6801137485846862e-08
1.680255147253854e-08
1.6803966623855203e-08
0.0
0.0
0.0
0.0
0.0
4.22172982153633e-09
4.065462221937414e-09
0.0
2.699347893608548e-10
1.680219784996641e-08
1.6803612742534663e-08
1.9875824759941164e-08
0.0
9.961398345081918e-09
8.469988739863681e-10
0.0
9.26472523811526e-09
0.0
2.1083860633587213e-08
0.0
1.0082601673272799e-08
9.978446189102503e-09
0.0
9.130140418287853e-09
5.076069106867494e-11
0.0
9.60430516180503e-09
0.0
-8.225152320332026e-10
0.0
0.0
1.0544212817315937e-07
0.0
2.835317838540269e-08
2.0352256247969238e-08
2.4672426432178677e-08
0.0
0.0
3.7369619479295845e-06
0.0
1.9802796571731225e-08
0.0
7.3078351160747e-19
1.9121558500512254e-06
5.9106259633614843e-08
0.0
9.798940716826475e-09
7.661492592020576e-09
0.0
3.0850662180667847e-09
-2.8409490525100212e-08
-1.9090815075647324e-08
-2.8387198591772744e-08
-1.8977841476007643e-08
-1.6581854735325103e-08
3.1206383277235347e-10
7.661492671350283e-09
7.66149275070033e-09
1.0330435117994103e-06
1.1750822060391914e-09
0.0
5.306549406770802e-16
0.0
0.0
0.009867920290515681
1.7543671037235316e-08
7.569941945853587e-09
-8.313422764050063e-09
1.9831969112319793e-08
1.7438036161313808e-09
2.7142845084031168e-08
0.0
1.740557650534098e-08
0.0
0.0
0.0
0.0
-0.0013388996076493243
0.0
2.7162930536739868e-08
0.0
9.859869954325482e-09
9.859869765711549e-09
9.968604525740034e-09
9.96860433775049e-09
9.94231001730608e-09
9.942309828151795e-09
9.942310206484707e-09
-3.7690746584826176e-09
-3.086277327452036e-09
2.840827758896305e-08
2.8403723664749414e-08
1.9071961470247494e-08
2.816155366194839e-08
5.250765722827205e-10
0.0
0.0
5.614172629821893e-11
1.7716545732009168e-08
0.0
8.133345019462119e-13
3.807941905150781e-05
3.806967089968907e-05
-5.614132388363351e-11
0.0
1.385495369105e-08
1.1341336773155738e-08
5.530991768019036e-08
0.0
2.5577611046977884e-08
1.933468217460486e-08
0.0
0.00015079249523631305
-8.487029921570178e-08
8.487029911686894e-08
-0.001191330915057609
3.2094237567971824e-06
-0.001188131299779318
1.293814417097194e-07
0.0
0.0
1.2757848251616805e-08
9.984563947407115e-09
9.984561791986091e-09
7.965935190102377e-05
2.1673403544712655e-05
9.342122598191791e-09
0.0
0.0
3.8692962633922186e-08
0.0
0.0
4.7776667441712384e-08
9.987725455402954e-09
0.0
0.0
9.972519697494834e-09
9.977135998785771e-09
0.0
4.142957789454303e-08
5.27011727952624e-09
1.0108535935388074e-08
5.317152489855395e-11
1.0108533729995452e-08
1.0146205346523077e-07
3.4256672230445625e-08
0.0
0.0
0.0
8.403765097552794e-09
0.0
3.2635555757531756e-08
1.7994341322266112e-09
0.0
3.482543422558976e-08
3.3070214734112424e-08
0.0
1.0157077396934984e-08
0.0
8.652068693740328e-10
2.3049341266349526e-08
7.895095402621517e-09
0.0
3.798237282391599e-08
9.190363047710732e-09
8.367367860875437e-10
1.9179471310685465e-08
9.480007297640683e-09
0.0
1.922626116906929e-08
-4.4972509681294977e-10
5.315959936699866e-11
-5.3163803220845907e-11
3.431877633927755e-05
9.881381472270644e-09
9.881381469198456e-09
0.0
9.274633925004035e-09
-1.2306697466657468e-08
8.656934077160173e-10
2.1016333591169015e-08
2.066147164620093e-07
2.6595284571844357e-07
-1.2928806597468418e-07
0.0
0.0
0.0
0.0028315063863824695
-0.0028559923009510157
2.450442296685513e-05
9.408066011723044e-09
-9.658172386295405e-07
9.44624105781232e-09
1.0619187126479197e-08
0.0
0.0
8.363764391593596e-09
6.48953120616412e-09
0.0
-4.870989656234695e-10
2.583247453252872e-07
2.58324744223231e-07
8.365406914309045e-10
9.938518481073917e-09
-9.579397201077568e-09
0.0
-4.870989680015317e-10
9.500666290752461e-09
0.0
0.0
0.0
1.9175345627546688e-08
0.0
0.0
0.0
0.0
8.706822753994513e-08
0.0
0.0
1.0549024521355962e-08
9.942310395170452e-09
-9.827384077303313e-09
1.8406547762074706e-12
0.0
0.0
3.0132508745901996e-08
9.968183806459612e-09
9.988508757954873e-09
8.815250246286603e-10
1.719432582116575e-08
8.512449094385984e-09
8.51245015641667e-09
3.7369619475395715e-06
0.0
0.0
0.0
4.4122217916608135e-15
0.0
6.130667890532588e-09
1.768487134356716e-08
4.397778351925595e-10
8.72393672281875e-09
0.0
1.0268126556029149e-08
2.9069090975911627e-08
0.0
0.0
1.0901561879367515e-08
4.6585982489355086e-08
0.0
1.5309485234348236e-08
0.0
-1.948616235817463e-16
0.0
-7.024516182746854e-10
1.6192112222496047e-08
0.0
0.0
0.0
0.0
0.0
0.0
0.0
0.0
0.0
0.0
0.0
1.2545016325429703e-09
-7.024516182591519e-10
-1.9227253736866395e-08
0.0
9.259297440509285e-09
2.9925151916705844e-08
-9.909019159674501e-09
0.0
0.0
0.0
1.6451408000720393e-10
8.673451034835782e-10
3.915176514587837e-08
9.768296499208528e-09
9.768296496535426e-09
9.768296495723677e-09
0.0
3.894247425004735e-09
0.0
0.0
0.0
0.0
6.484026135181934e-09
7.605852409448006e-10
0.0
0.0
0.0
0.0
-2.97910809569173e-08
0.0
0.0
0.0
1.856158887940144e-08
0.0
9.687251105864751e-08
0.0
0.0
2.0475296591027482e-07
0.0
0.0
-1.7286274440076604e-07
6.627888490441981e-10
0.0
5.703103061484704e-09
2.1416143303198965e-09
0.0
0.0
0.0
-0.002145639074875581
0.0
-6.441159584869016e-10
0.0
2.874403899660318e-08
0.0
0.0
0.0
5.270073597712727e-09
0.0
8.57160281565751e-09
9.832887853877658e-09
7.346036032272413e-10
0.0
0.0
6.4895312801104e-09
0.0
-1.6340065127653077e-08
-7.12390796432495e-09
0.0
0.0
0.0
0.12043809441387765
0.0
2.4885242251673948e-08
0.0
-0.12043809431232559
0.0
0.0
0.0
0.0
0.0
-9.956269033176146e-09
1.3473688029456705e-07
-1.1654124399575824e-07
0.0
0.0
0.0
3.512158057239656e-05
0.0
3.5111742299879634e-05
5.094284737938253e-09
0.0
0.0
0.0
4.041299757006342e-06
0.0
0.0
0.0
0.0
6.036020811125677e-10
1.6205967978823536e-12
1.6212029802686464e-12
1.6244952457311019e-12
1.624766204562297e-12
3.013250649274482e-08
8.581721269338585e-10
0.0
9.774218326968798e-09
9.804872288534348e-09
1.9764269949022028e-08
0.0
0.0
1.631292373018134e-11
9.948520230201346e-09
9.948519853710142e-09
6.471335663763807e-18
0.0
2.1659174549621278e-08
3.143309189729015e-08
6.763081781745361e-10
0.0
0.0
1.7415511314249422e-09
0.0
2.8285600943311057e-08
0.0
0.0
0.0
-4.902333252453026e-10
1.741544273538547e-09
-5.612924586224638e-10
2.8256159990795726e-08
-9.369052126383284e-09
-5.664675906121321e-10
0.0
0.0
-1.0155206342913513e-10
0.0
8.591703627633558e-10
-5.2855562275892764e-11
0.0
-0.002873988105964065
-0.002873997719905253
0.0
0.04776799793661318
-4.89913665191466e-13
0.047767990457632845
0.0
0.0
0.0
0.0
1.6385029515879216e-08
0.0
0.0
0.0
0.0
0.0
3.505429851407738e-09
0.0
0.0
0.0
3.106154507296423e-09
0.0
0.0
0.0
7.779420444633476e-09
7.639150673797072e-09
-4.061282966828436e-13
0.0
0.0
1.0402935150277622e-07
0.0
0.0
-9.631656361364094e-08
4.041151159783162e-13
1.1388408906050752e-07
0.0
3.806163457154302e-05
0.0
9.68902948474669e-09
9.689029039456648e-09
1.6861599799279328e-08
0.0
9.789320293892168e-09
1.285695278539778e-10
2.5354911992875317e-08
0.0
4.429014665766173e-08
0.0
0.0
0.0
3.8046665484792186e-08
0.0
4.198725648418489e-09
-3.3861783880345664e-08
3.541063988149577e-16
0.0
0.0
9.876533349193761e-09
9.876532379897115e-09
9.876531592567517e-09
0.0
5.224286373534823e-08
0.0
0.0
0.0
1.9234570205826688e-16
0.0
0.0
0.0
0.0
9.4796348548698e-09
0.0
0.0
2.6656201244093165e-07
0.005752227497332912
5.093325956907734e-08
0.0
0.0
1.527574279791888e-08
1.527574279791888e-08
9.94776766862648e-09
4.00088026654595e-06
-7.379114176306063e-08
5.472297717873571e-10
9.641234010304317e-09
0.0
0.0
-1.804947326101091e-08
1.9976363401051207e-08
8.845663794309051e-10
2.5998103221735066e-08
2.0644382051213658e-07
0.0
1.0799283735572525e-07
2.5746859328671885e-08
0.0
0.0
0.0
9.81481045881301e-09
8.852410600265913e-10
0.0
7.054531252706404e-10
-9.858947727647838e-09
0.0
-1.559230605535947e-08
0.0
0.0
0.0
2.682284998140769e-08
4.027673122925049e-06
0.0
0.0
0.0
0.0
0.0
9.948520608535964e-09
-7.949328731149049e-10
9.973691939894305e-09
0.0
8.391438089877575e-08
1.9945364233999063e-08
9.971671377425337e-09
0.0
9.67773553223752e-09
8.093369009704362e-10
9.910582045329135e-09
4.636256480232467e-08
0.0
5.82732067203519e-10
-6.111477211819915e-10
8.845780256233845e-10
1.9974580401085364e-08
8.834930171456804e-10
1.987501745610344e-08
0.0
0.0
5.899965374598718e-06
5.14823065790235e-09
5.148230657999176e-09
-8.13200975354757e-10
0.0
3.160124594742072e-11
1.2674326002762007e-17
9.958489225754824e-09
0.0
0.0
4.0391032214466536e-08
0.0
0.0
2.054754754400418e-12
1.6522188385367525e-12
2.0552794981829635e-12
-1.52064930200764e-11
-4.096707036647419e-15
0.0
6.879545476324053e-09
0.0
9.940824606202389e-09
9.95399314863072e-09
0.0
0.0
1.9227082000568852e-08
0.0
0.0
-2.0699003424359645e-15
0.0
0.0
8.851231098123473e-10
1.9974462551966276e-08
8.828338048059719e-10
0.0
1.1664383795219443e-08
0.0
5.944314801274658e-11
0.0
5.097991763608329e-12
0.0
1.943472828227745e-08
7.685361932146361e-09
0.0
9.867639696667374e-09
0.0
-7.67528752644519e-10
0.0
0.0
6.455562253533497e-19
-9.208649232324393e-09
3.18251111404691e-07
3.278121792892486e-07
0.0
0.0
9.299769781173152e-07
0.0
9.69310442004501e-09
0.0
9.989997996239602e-09
0.0
-5.369178893987483e-07
9.828621747703655e-09
9.828621556299109e-09
0.0
-1.0324800021400179e-08
9.969641109045219e-09
9.947786685633594e-09
0.0
0.0
6.726803655960508e-07
1.9907323005526034e-08
9.95953578701407e-09
6.186565733732189e-07
6.038725844717313e-10
0.0
0.0
0.0
0.0
1.144736801175229e-08
0.0
1.6770824985592083e-09
4.109484231297509e-09
0.0
1.4212219899028509e-08
0.0
4.043331116949276e-09
0.0
1.3641750851724278e-08
0.0
0.0
1.3763265131060709e-08
0.0
5.310633773561571e-09
9.15890723661303e-09
0.0
0.0
2.6338833037975552e-08
0.0
2.6565546040829164e-08
2.6437091398531354e-08
0.0
0.0
0.0
0.0
0.0
0.0
0.0
3.768678425753535e-09
3.0858736258573133e-09
-1.9094537617970556e-08
-2.8404128774289078e-08
-1.9072364933251995e-08
-2.8290529426189773e-08
-2.5880395321871853e-08
0.0
0.00017492323978255149
0.0001748768772177466
2.63792587231468e-11
2.6378719921502526e-11
0.0
0.0
0.0
0.0
0.0009833373481044716
0.0
8.877213152906627e-09
0.0
0.0
5.631615910406726e-08
0.0
6.515156055001435e-09
0.0
-7.870577530707493e-10
9.446241054558019e-09
3.576740318277827e-10
5.894510439182964e-06
0.0
9.942370602769968e-09
8.40290653071136e-10
4.095098008756702e-11
0.0
0.0
0.0
0.0
0.0
0.0
0.0
0.0
0.0
0.0
0.0
0.0
0.0
0.0
1.1852759136409003e-08
0.0
0.0
0.0
0.0
0.0
0.0
1.546279547429129e-08
0.0
0.0
0.0
0.0
0.0
0.0
0.0
9.530667564414625e-09
9.530667596202818e-09
0.0
1.5561702609856454e-07
0.00017264088387170548
0.0
0.0
8.559038104472425e-09
0.0
0.0
0.0
0.0
5.567148522240815e-09
0.0
0.0
6.489531181792804e-09
0.0
0.0
6.650919348941388e-09
5.212465724359416e-08
-1.0373265398031025e-07
0.0
0.0
0.0
0.0
0.0
0.0
0.0
0.0
3.0191463647340795e-08
3.726566604677123e-08
3.7265666070296095e-08
3.7265666064693025e-08
3.314616053353998e-08
3.726566610630523e-08
0.0
8.226312797543921e-10
4.0164737900166836e-08
0.0
1.7961110649730578e-08
0.0
0.0
0.0
0.0
0.0
0.0
4.671231966240911e-08
0.0
0.0
5.572406119836871e-08
5.8917837371546935e-08
4.9208171033330863e-08
5.5724061231732325e-08
4.920817094038098e-08
1.1054289110226864e-08
0.0
0.0
0.0
0.0
0.0
4.109392914797746e-09
0.0
0.0
0.0
2.835874502016591e-09
0.0
9.919504227975913e-09
0.0
7.398337680736266e-05
0.0
0.0
0.0
0.0
0.0
0.0
8.32484491106592e-05
-7.997685087975104e-18
0.0
-3.59702138547553e-06
3.5686129855053322e-06
0.0
4.169880870311635e-09
8.497585502948437e-09
1.0226396710856427e-08
9.657367737864085e-09
1.9476494493106815e-08
9.819126754005976e-09
7.203062544388134e-10
0.0
0.0
0.0
8.49758550064733e-09
0.0
3.5621095731143063e-06
0.0
0.0
0.0
3.834810068800113e-05
1.9269052317333038e-08
0.0
9.907738521210303e-09
-9.478920775368298e-09
0.0
0.0
1.9606529909111195e-08
0.0
9.641895424433722e-09
-9.952541479320287e-09
1.7817650320152502e-08
0.0
1.6918673411478325e-08
0.0
0.0
2.925843456761027e-08
1.160074182737848e-08
0.0
0.0
1.9710003704740647e-08
9.959397646158979e-09
-9.7810937792349e-07
0.0
0.0
0.0
0.0
8.227856131873555e-10
0.0
8.497583763493567e-10
9.186887992224645e-09
9.93666996588621e-09
1.9827700753197077e-08
9.958278173209309e-09
1.0892941872066943e-06
1.792886443292141e-06
1.8024225915078983e-06
2.2339162340698833e-06
0.0017383579610817852
0.0
9.927970542191529e-09
8.262682505546227e-10
1.912829775836235e-08
9.152263303995045e-09
-8.293298162521511e-09
0.0
9.698324602426332e-09
9.677735531452104e-09
9.698324602256608e-09
6.027600376918186e-10
9.677735531144716e-09
9.677735530869754e-09
0.0
-4.720255448770368e-09
1.031555252675731e-08
0.0
9.913566544436043e-09
0.0
5.193728077122541e-10
0.0
3.875844118564336e-10
3.875844114463809e-10
0.0
0.0
0.0
-2.034600000993701e-08
9.91451627783026e-09
9.914516085776735e-09
0.0
0.0
0.001004868943236259
0.0
0.0
-4.041749709438394e-13
5.55194205823208e-09
0.0
0.0
6.150731521859876e-10
0.0
0.0
-9.7222559262492e-09
2.1132476498860925e-06
-9.153187843086164e-09
0.0
0.0
0.0
0.0
3.610737325946343e-06
8.22457450654254e-08
0.0
0.0
2.731697896775987e-06
6.825182691762372e-08
-2.65377875497361e-06
2.593777656694283e-07
0.0
0.0
0.0
0.0
0.0
2.480907763445781e-07
0.0
0.0
0.0
9.524965693263757e-09
2.622149300468557e-08
6.728290962872537e-09
0.0
4.5395279435251596e-08
0.0008744249985378198
-0.07105855110014403
0.07193575337954322
1.1884684301180928e-09
2.4809077413906856e-07
2.10130307328104e-06
0.0
0.0
9.92488549247349e-09
5.193728097474096e-10
1.8024225913111774e-06
-1.768989221773154e-08
0.0
1.852403835798084e-06
-2.1253102153617753e-05
0.0
1.9224949774981028e-08
0.0
9.43903355043324e-09
0.0
0.0
0.0
0.0
-0.10359276828508646
0.10359284479061179
9.628473940037304e-09
0.0
-9.561945016605206e-07
-9.658172382027985e-07
3.700053870773221e-06
0.0
0.0
-1.976426995463333e-08
1.781765031875536e-08
6.99822240882925e-10
0.0
3.0376491720559346e-09
7.669602236892692e-10
-2.8387489912913412e-09
-2.8387489912812174e-09
0.0
0.0
0.0
0.0
3.0085298647085126e-08
0.0
-2.9787802732109782e-05
2.9807201768148255e-05
9.657497700916767e-09
0.0
0.0
5.519220090466487e-08
-1.3278203969881254e-07
1.645179477116744e-07
0.0
4.2903233859599545e-05
9.122365711155524e-06
0.0
0.005220326230731806
-0.0052202989827310415
0.0
6.255015342574893e-10
0.0
0.0
0.0
0.0
6.989914420523517e-08
0.0
9.98534480884457e-09
0.001563576527522768
8.563017153258048e-08
0.0
4.134605783385117e-15
1.9710003709416444e-08
0.0
5.9598376062627237e-08
0.0
1.9827700946746186e-08
0.0
6.809934541142617e-09
0.0
9.186887985526836e-09
7.497819666741714e-10
5.913767082998968e-11
3.919226508859223e-08
2.399456318103982e-09
3.9941905467153785e-08
9.984529832580876e-09
0.0
0.0
9.989992832970529e-09
2.9239462163256147e-08
0.0
2.0171771812040716e-08
0.0
0.0
8.758644972086395e-10
0.0
0.0
0.0
0.0
0.0
0.0
6.2604145721355e-10
0.0
3.1881775590683443e-09
1.765655127996679e-07
1.3396859936564538e-07
9.982283230858946e-09
-1.1449946677112867e-07
1.692002791764478e-08
3.8758441229981105e-10
1.9493202047382698e-08
0.0
-0.0028672693044670457
-0.0028702321428243594
0.0
5.543370685868972e-08
-5.5433707465637637e-08
-3.403297021975504e-08
-2.4203795926988643e-08
1.293438966871942e-08
3.085469922039976e-09
-2.8409086270941852e-08
-2.8404533881226657e-08
-2.8386792926687887e-08
-2.8290935660119088e-08
-2.5880802077664095e-08
-3.116565235050661e-10
1.987542111192924e-08
1.6311757272652223e-11
8.559875090299233e-10
9.958489193863385e-09
-7.3299848245386e-10
2.8983962595741216e-08
0.0
0.0
9.702672869500709e-09
0.0
0.0
0.0
0.0
0.0
0.0
0.0
0.0
0.0008739977879640054
0.0
5.558918508978827e-07
-2.1633218556804668e-08
0.0
9.720039101570609e-09
3.006966962752766e-20
0.0
0.0
1.3837985081255218e-18
0.0
1.7313495334289348e-08
0.0
1.9862613108029758e-08
9.958489232296474e-09
0.0
2.914094404576887e-12
0.0
9.8332502268528e-09
2.9821102345725437e-08
0.0
1.9862613102103462e-08
8.074264577704381e-10
8.074264522852773e-10
0.0
0.0
1.0528979296411718e-08
2.9292816636517907e-08
0.0
0.0
0.0
2.1604180530399134e-07
-3.149617811004646e-08
0.0
0.0
0.0
0.0
0.0
1.262822969655447e-09
9.981852043319524e-09
9.981853754149894e-09
-0.0011927677067848919
0.0
0.0
9.51663879086184e-09
0.0
9.5166426415582e-09
9.516647262503574e-09
3.601144842583402e-05
0.0
0.0
0.0
2.067969812256007e-06
8.72050764165361e-09
-3.025657786120961e-08
3.7732233204306956e-08
0.0
8.248204195943425e-09
0.0
0.0
8.512448413882137e-09
9.897722079432736e-09
0.0
2.745026972214266e-08
-2.3279886074260587e-08
0.0
4.497224651333497e-10
0.0
9.987241153159329e-09
1.5739658875710786e-06
1.5492962667236087e-06
-1.9534084179538753e-08
0.0
1.790035250377149e-09
0.0
-1.989913108303796e-08
2.661436064325088e-08
0.0
9.986545948508936e-09
8.721932876127637e-09
9.265501397300838e-09
1.0950520640436892e-08
-1.8239088339477804e-09
-1.095051818288188e-08
1.095051678112386e-08
5.567148614319316e-09
0.0
5.617719455962195e-09
5.617719238051376e-09
9.80352886018481e-09
-9.89772232273448e-09
0.0
2.5896310394652346e-08
0.0
0.0
0.0
9.768296502435261e-09
0.0
0.0
0.0
-3.808157387081051e-09
0.0
1.1184483989034177e-08
-1.9528544752718145e-07
-2.0481334708106874e-07
1.771654570517316e-08
1.9734038475853017e-08
0.0
1.105109725714223e-08
8.625576581499968e-10
9.965235946277802e-09
9.962039019562731e-09
9.962039407255935e-09
0.0
1.7824552277435234e-07
3.097837338606754e-08
2.0640177396320605e-07
-7.76402298702239e-09
-9.679065423142788e-09
0.0
9.912986353604908e-09
1.0005101006959737e-08
5.2071957873881664e-05
0.0
1.09505221970293e-08
0.0
0.0
-9.041526662838399e-10
-1.0578612162907246e-08
4.2903233857149715e-05
0.0
0.0
2.0506879712218797e-08
0.0
0.0
2.4111598846453496e-09
1.2233167285460373e-08
1.9250840179678267e-08
9.406546108402731e-09
0.0
-9.406511397261707e-09
0.0
0.0
1.6500633096479202e-08
0.0
0.0
1.1889145977880502e-08
0.0
7.313129949183029e-09
0.0
0.0
0.0
0.0
2.43642089080932e-10
8.531820508425101e-09
0.0
0.0
0.0
2.5317533215823725e-09
0.0
0.0
0.0
0.0
3.225712234625607e-08
0.0
0.0
3.634897659564477e-08
0.0
0.0
0.0
0.0
2.056569352064042e-09
0.0
0.0
9.871703194933905e-09
8.911944012064218e-09
0.0
8.916668931964826e-09
0.0
7.59033458792746e-09
9.869993042830667e-09
0.0
0.0
9.818145239300392e-09
1.0779190716733495e-08
1.0971722637308481e-08
1.697814674404952e-08
3.25789003848881e-08
0.0
0.0
3.0657469510767195e-08
0.0
0.0
0.0
0.0
1.122906362206139e-08
1.3048018065820606e-08
0.0
5.369178892069362e-07
2.4885240309082244e-08
0.0
0.0
1.7521442364183253e-06
1.7697005579555798e-06
0.0
0.0
0.0
0.0
0.0
0.0
0.0
9.480057949098225e-09
9.480057948847923e-09
3.9053577122352814e-10
2.236399862400993e-06
-1.7914746834428452e-18
1.6951763145153446e-10
9.985293013521206e-09
9.9801953376372e-09
9.98019533454679e-09
9.965016764038903e-09
9.965016762507803e-09
9.97538037606134e-09
9.975380373882848e-09
9.92294760577529e-09
0.0
9.922947602145154e-09
0.0
0.0
0.0
0.0
0.0
2.8127692018438074e-08
9.915416204086067e-09
9.915416204277791e-09
-8.049388107427253e-09
9.837840031932105e-09
7.38520616466016e-10
9.837840034609328e-09
8.374427506971525e-09
8.374427506649667e-09
0.0
-9.622404022333547e-09
0.0
-4.2915765992995736e-11
0.0
1.2218212165753223e-08
1.0138434044926231e-08
0.0
0.0
0.0
0.0
1.5068409899336865e-08
0.0
0.0
0.0
2.429060759789359e-08
0.0
3.848798648694176e-05
0.0
2.4776272067358357e-08
6.842299165336671e-07
5.654646372357043e-06
6.033145382284697e-10
6.034606695479635e-10
3.4002430428022644e-10
0.0
9.913566515669403e-09
7.237567387008026e-10
9.822606398396383e-09
6.037392335821206e-10
0.0
0.0
-1.9651164376299768e-19
0.0
2.0190602225482038e-11
0.0
3.0962506308132834e-10
3.096250133644829e-10
0.0
-9.911284200082271e-09
0.0
0.0
0.0
6.696588360091012e-09
6.696582349272305e-09
-4.835943933779573e-07
0.0
4.932841264489884e-07
0.0
4.845701236688908e-05
0.0
-9.622404022885389e-09
3.0596336297635454e-06
3.059633629763544e-06
9.962461144972682e-09
0.0
0.0
0.0
0.0
4.526901015713682e-09
4.526902531997194e-09
5.611534932227578e-09
4.989290669753218e-08
3.0191326755153504e-08
0.0
0.0
0.0
1.811806334867724e-08
0.0
0.0
0.0
1.1508585763122829e-07
2.061756530010498e-08
0.0
0.0
0.0
-6.399324600247489e-10
0.0
5.973468616842289e-09
1.5750690489478887e-08
0.0
0.0
-2.2185272819879947e-09
1.7276637128176258e-08
0.0
0.0
0.0
0.0
0.0
0.0
0.0
-2.7320125328689215e-12
0.0
0.0
0.0
0.0
-4.268740777746416e-06
0.0
3.332752278453619e-09
0.0
0.0
0.0
1.347368803199059e-07
0.0
-8.062826339943718e-09
0.0
3.5704873426134293e-06
3.580165830242619e-06
0.0
1.922708232854867e-08
1.4952980169488974e-16
0.0
7.109359733855865e-09
0.0
0.0
0.0
0.0
0.0
0.005711746833535031
0.0
0.0
0.0
0.0
0.0
0.0
0.0
0.0
0.0
0.0
0.0
0.0032500389640135025
0.0
0.0
7.206277321465772e-06
0.0
0.0
2.2326251492696815e-05
1.119583418294257e-08
3.930717781036727e-06
-1.1028864576860348e-08
1.274097168275435e-07
6.38187594099638e-07
-2.7830266013362137e-09
-9.79036005255762e-09
-2.2689085371005343e-06
-2.210609829759452e-06
0.0
0.0
0.0
0.0
0.0
0.0
0.0
9.648992551486256e-09
1.0034445827646598e-08
1.9746714181353595e-08
0.0
8.648336309298139e-10
0.0
-8.262412501498208e-10
0.0
0.0
-3.3801235588271084e-08
5.640302824195536e-10
0.0
3.652157771575688e-08
0.0
1.605686990522586e-08
2.8746184261618034e-08
9.935155920182126e-09
2.0886631863220338e-08
0.0
3.123477089986609e-05
3.1234770899866084e-05
5.203005056111193e-10
5.203006623362712e-10
5.59525510455696e-07
0.0
9.983537667316994e-09
2.3495605717444944e-08
9.987242865987518e-09
0.0
9.988406506039537e-09
9.94778695219934e-09
0.0
5.982526599737615e-08
6.396901620660661e-08
9.973692398388186e-09
0.0
9.961757896564349e-09
4.230036237722267e-08
9.969641237881857e-09
1.7546741976523587e-08
9.98852805119479e-09
1.3482315848804316e-07
9.988510837950721e-09
0.0
9.98784719692005e-09
0.0
9.98534685580574e-09
0.0
0.0
0.0
0.0
0.0
9.722255926247858e-09
0.0
0.0
0.0
0.0
0.0
0.0
0.0
0.0
0.0
0.0
0.0
0.0
1.280181973735976e-07
0.0
0.0
6.130061707649927e-08
0.0
0.0
0.0
0.0
0.0
0.0
0.0
0.0
0.0
0.0
0.0
0.0
0.0028763733516027736
0.0028763970201488775
0.0
0.0
-8.078163836857981e-10
2.891561817786735e-09
3.6595665406682075e-11
-1.1552042061318702e-09
1.9587773316870686e-11
0.0
0.0
0.0
0.0
-6.737280613228983e-10
1.4872352962511125e-11
1.0798758972148566e-11
1.0950521511217925e-08
9.673808763010446e-09
0.0
0.0
3.3702944921111013e-09
0.0
2.982110234326587e-08
1.5089009520911384e-11
0.0
9.80583373395968e-09
0.0
0.0
0.0
1.992020549510937e-08
0.0
8.526309540035048e-10
1.507903763734615e-10
0.0
6.919922401946988e-10
1.1609214202729057e-07
0.0
1.9874210073335997e-08
1.9874613799757345e-08
1.8170884264255772e-06
0.0
2.6962776619257876e-08
0.0
0.0
0.0
1.3001775779984277e-08
0.0
9.478190962505422e-09
1.0619186805032132e-08
9.953891162706174e-09
1.987340246358081e-08
1.9872998615763242e-08
0.0
3.5789739165221305e-08
0.0
2.16267477516183e-07
0.0
3.4585936316285486e-09
0.0
1.1783241909666919e-07
0.0
3.556208647725872e-08
0.0
0.0
0.0
6.562048752978676e-09
0.0
6.659334253162838e-09
6.96072330714227e-09
0.0
0.0
0.0
0.0013049900290166042
1.8425052246054096e-08
0.0
0.0
0.0
0.0
5.201679821508764e-10
0.0
2.4079423076247852e-09
0.0
0.0
0.0
9.919106481075717e-09
9.919106016347748e-09
0.0
0.0
0.0
1.3734134295371247e-07
5.193728120732624e-10
0.0001726408838717013
0.0
0.0
0.0
7.001562421725517e-09
2.5163215292317467e-08
0.0
0.0
0.0
9.371133124699838e-09
2.1512171207213422e-05
-0.0008640799048529411
-0.0010048689432363457
0.0017383677745689803
1.4013987943551646e-17
-0.0009833372969958504
1.669880079289898e-07
0.0
0.0
0.0
0.0
0.0
0.0
0.0
0.0
0.0
2.0465444169393056e-10
0.0
3.3446285380388226e-10
0.0
3.413017387116138e-08
0.0
7.330326555898836e-10
0.0
2.0307241584263262e-09
0.0
3.417132008302998e-09
0.0
0.0
0.0
0.0
2.4423076447986287e-08
0.0
0.0
0.0
0.0
0.0
9.865485822366238e-09
9.36054595941785e-19
0.0
0.0
9.962461146549685e-09
-2.0855069092680107e-07
-6.300601428782526e-07
0.0
3.225712242331382e-08
0.0
0.0
3.6348973527285386e-08
0.0
0.0
0.0
0.0
4.6736808931074996e-09
1.0348286130904068e-09
3.339115176424974e-09
0.0
0.0
1.0994342847002119e-08
3.8222980155556055e-09
0.0
4.4400431885707835e-09
7.873156952964755e-10
0.0
0.0
0.0
0.0
1.6500631388972486e-08
0.0
0.0
1.1889143035080874e-08
0.0
7.31312899490301e-09
0.0
0.0
0.0
0.0
2.436388081641699e-10
8.531819705368507e-09
0.0
0.0
0.0
2.5317503603486517e-09
0.0
0.0
0.0
0.0
-6.150648805102864e-10
0.0
0.0
0.0
0.0
9.572294330444162e-09
4.798231617986521e-10
1.3473688023400496e-07
-7.401046016163631e-05
0.0
0.0
1.269833989249043e-07
-9.168439794155457e-09
0.0
-8.3637636785934e-09
0.0
-3.467180989738762e-10
0.0
3.717765409980617e-06
0.0
0.0
0.009867930530155819
0.0
1.0627969938684957e-08
-0.00015557444208269544
-4.968556829833805e-05
9.299769781114658e-07
0.0
1.3306474116049026e-09
0.0
0.0
8.693623432428723e-09
9.953993143045902e-09
8.516089802936847e-10
8.516089746220149e-10
0.0
9.82917401002827e-09
9.829174009289037e-09
-7.681448065031171e-10
0.0
8.512448691495665e-09
0.0
5.31680044045978e-11
0.0
0.0
-5.014258409772988e-10
1.4408998748221175e-08
9.968182862110938e-09
9.968181917863108e-09
0.0
0.0
8.137674646862432e-09
0.0
7.757036229291023e-10
-4.9191092482850036e-05
9.657367736627081e-09
9.657367735420395e-09
-8.348790845381912e-10
0.0
8.874771574258816e-09
3.196983050537935e-10
1.197477025017802e-08
0.0
8.78835560499748e-09
6.108523839717346e-09
2.1512171207215265e-05
9.671255796206424e-09
2.151217120740867e-05
9.67125450657678e-09
0.0
8.874767919886746e-09
3.1969221594142987e-10
1.1974766991068434e-08
0.0
8.788354173101213e-09
6.108521851466627e-09
0.0
0.0013388996076489797
9.895124209276419e-09
0.0
-3.95886071239286e-08
5.9106259431032806e-08
0.0
6.877868616430145e-08
8.368446691654621e-10
6.766413692001134e-09
4.721371710502938e-08
3.101694163247457e-08
1.3875446140590087e-07
1.807671411724332e-07
1.0816858980449025e-09
-2.010566183476719e-08
2.497512395535346e-07
0.0
-6.291103874990452e-10
0.0
0.0
0.0
4.253431360712386e-10
9.515785562972448e-09
0.0
0.0
8.792706025890443e-10
0.000973570095305732
-5.426608700044649e-07
1.347368798405409e-07
-4.1324258017387935e-08
-3.195633987031365e-08
0.0
9.091483729575104e-09
7.91608703280556e-11
7.91608705669189e-11
0.0
0.0
4.935056387399347e-05
4.93505638739891e-05
0.0
8.254443281115673e-09
0.0
0.0
0.0
0.0
0.0
0.0
-4.4607340655785955e-10
1.0619987674166932e-08
-9.478986817690327e-09
0.0
0.0
1.9227081508842007e-08
0.0
-1.6923975086490576e-08
8.167034575466304e-10
9.918147654830561e-09
8.167034557031313e-10
9.918147652907338e-09
9.918147657667271e-09
0.0
2.7244776986493982e-08
9.723143289858048e-08
3.0789429590634605e-08
6.945560091276302e-08
0.0
6.477440788886365e-07
0.0
0.0
0.0
0.0
0.0
0.0010420588387127505
-0.0005215276307996065
0.0
0.0
4.2301000125711266e-11
0.0
0.0
0.0
0.0
0.0
5.703103668080743e-09
5.27011500143274e-09
2.2903555576560053e-16
9.20505922307257e-09
9.205059221176425e-09
1.234586392776149e-10
0.0
0.0
9.858947918657579e-09
0.0
0.0
0.0
0.0
0.0
0.0
-1.2637235601938502e-10
0.0
1.2508847737059445e-12
-9.882949813333302e-09
7.508767044250853e-08
5.467465113379913e-07
1.7259822661985925e-05
0.0
0.0
-0.01679496696357021
0.01679493599280297
-2.1446247528347784e-08
1.4678465228676884e-09
5.703104202610128e-09
5.70310404656763e-09
1.2502511899507883e-12
0.0
0.0
-9.818532074740692e-09
0.0
0.0
0.0
0.0
1.2636514324479089e-10
9.208053927436335e-09
-1.9247299067048917e-16
0.0
3.837417728171739e-09
2.50390175322084e-08
1.5141958188973498e-08
5.7031039322811245e-09
0.0
0.0
7.410608055319219e-09
0.0
4.4576244951015313e-10
0.0
0.0
0.0
0.0
1.921581348888212e-06
0.0
1.2491562563072602e-12
1.2496747243139205e-12
2.4719627492074146e-07
0.0
2.0574850022428684e-07
5.294059566729525e-10
3.834046587642094e-05
0.0
0.0
-0.009902291701580215
8.180243610448563e-10
0.0
9.91950422521518e-09
0.0
0.0
0.0
0.0
-5.304668966925558e-09
-9.928143864194284e-09
0.00034838288151251007
0.0
-9.60519655615811e-09
-9.23184030510602e-09
-1.4945250422108654e-10
0.0
0.0
0.0
-6.310331430081478e-10
0.0
0.0
0.0
0.0
0.0
0.0
0.0
0.0
6.261293802299384e-09
3.7287041954119326e-09
5.193728162973036e-10
0.0
0.0
8.324844910920145e-05
0.0
4.483777134303796e-05
-4.480808115624901e-05
9.969489261907327e-09
9.905554689740919e-09
8.037981162539892e-10
0.0
0.0
3.4766462205937086e-08
0.0
7.942862895705511e-10
0.0
0.0
0.0
0.0
1.4975061574016116e-08
0.0
7.969338296032722e-10
7.024674819149381e-08
-6.081541947650851e-08
0.0
0.0005210142262744047
0.0005210343368603973
9.412411447992095e-09
0.0
0.0
1.9793016192167658e-08
8.02247738878685e-10
-8.02247734775918e-10
0.0
6.081541932383188e-08
4.979791221242294e-08
9.906216009600474e-09
0.0
0.0
0.00012925176201045106
0.0
7.922763823574902e-07
1.9338261520486544e-08
0.0
0.0
0.0
0.0
1.98222612606266e-08
9.920665067220114e-09
0.0
0.0
5.055804072168738e-09
1.832169532394465e-08
0.0
8.00069273580321e-10
9.901063544088484e-09
-1.929157414951667e-08
3.539901299910336e-16
-3.837417494878537e-09
0.0
9.494838384137716e-09
-9.478857566709444e-09
0.0
0.0
0.0
-9.264725168631454e-09
0.0
0.0
9.798886799076914e-09
9.798887035117332e-09
-1.3306467455675985e-09
2.362033199970822e-16
-4.771762045610249e-09
-1.446849768755001e-08
0.0
0.0
0.0
9.973729091296182e-09
9.977319097838433e-09
8.743256130731475e-10
0.0
0.0
-7.53941971354255e-09
6.6593285700145365e-09
0.0
6.657656735502001e-09
0.0
0.0
6.6593290413568825e-09
6.696262819843303e-09
4.0862044789047495e-11
1.145063497550736e-09
1.0112821658800232e-08
9.973728821999206e-09
-1.2088791246505735e-09
0.0
9.976034454456108e-09
9.976033776837312e-09
1.7721579763876424e-08
1.7721579998727654e-08
8.654798754659553e-10
9.96463448216038e-09
9.964634217685078e-09
1.772158021523085e-08
9.96823635354459e-09
1.2039672370976505e-09
1.422326043471e-07
6.65933299058924e-09
0.0
1.7721580623518853e-08
1.7718224151825122e-08
2.478274502639187e-08
0.0
0.0
6.553640645584613e-07
9.965312249005098e-09
1.7719902583260536e-08
1.772158100536261e-08
4.247555817051578e-13
0.0
0.0
0.0
1.3473688011809737e-07
9.153523080231473e-06
-9.144259134858675e-06
1.8061817258994157e-10
1.1609214155012776e-07
-1.0494637881739433e-09
-1.015707749090172e-08
2.4838622324551115e-07
0.0
6.8022262571119e-07
1.2259762860065774e-07
-2.358461567945721e-08
8.390513893855449e-10
0.0
0.0
0.0
0.0
1.2593626810914675e-08
0.0
-1.115161925637902e-08
0.0
2.6358385288878335e-10
2.483862218440366e-07
0.0
9.976607762194565e-09
9.650401589265976e-09
8.803811305460504e-10
0.0
3.063297767402966e-08
1.0712228710653752e-08
8.802135727706318e-10
0.0
5.543389723373904e-07
0.0
0.0
0.0
-4.7080874615579305e-09
0.0
9.118886816376332e-09
0.0
0.0
8.772362025926845e-09
8.86956941411436e-09
0.0
-6.648825641528827e-12
