0
0.0
0.0
0.0
0.0
1.931947953815111e-08
0.0
0.0
0.0
0.0
0.0
0.0
3.965012206275622e-08
0.0
0.0
0.0
0.0
9.626649294063738e-09
7.637735874570227e-09
0.0
0.0
0.0
0.0
0.0
0.0
0.0
0.0
0.0
0.0
0.0
0.0
0.0
0.0
0.0
0.0
0.0
0.0
0.0
0.0
4.085973645375993e-09
5.824668149674328e-09
0.0
0.0
4.855443345474206e-09
0.0
0.0
1.8513814944059155e-08
0.0
0.0
0.0
0.0
0.0
0.0
0.0
0.0
0.0
0.0
0.0
0.0
0.0
0.0
0.0
0.0
0.0
0.0
9.227008680914223e-09
0.0
0.0
0.0
0.0
0.0
0.0
0.0
9.652817563600028e-09
1.0153900897175161e-10
4.9360648389597175e-12
9.933049595518828e-09
0.0
0.0
0.0
0.0
0.0
1.0153713980720624e-10
0.0
0.0
0.007092066028502916
0.0
1.948852647085888e-10
0.0
9.470041537039755e-09
0.0
0.0
9.021298006548863e-09
0.0
0.0
9.648219667646174e-09
8.163290216121969e-10
0.0
0.0
0.0
0.0
0.0
0.0
0.0
0.0
0.0
0.0
0.0
0.0
0.0
0.0
0.0
8.247031568280662e-09
0.0
4.638380730075451e-09
0.0
0.0
0.0
0.0
0.0
0.0
5.593579833355779e-09
7.626379585595796e-10
1.7065479330924906e-09
0.0
0.0
0.0
0.0
-1.9979289682093993e-08
0.0
0.0
9.863184098174855e-09
0.0
9.570869804183569e-09
0.0
0.0
9.339484615531562e-09
0.0
7.888512872094894e-06
0.0
0.0
0.0
0.0
0.0
2.62702436026468e-19
0.0
0.0
0.0
0.0
0.0
0.0
0.0
0.0
0.0
0.0
0.0
0.0
0.0
0.0
0.0
0.0
0.0
9.222877741431626e-16
0.0
-0.001180778283685216
0.0
0.0
5.353807480724076e-10
0.0
0.0
0.0
0.0
0.0
1.9319097385604235e-08
0.0
0.0
0.0
0.0
0.0
0.0
0.0
0.0
0.0
8.326653289674992e-09
0.0
5.250040370744269e-06
0.0
0.007085907471676478
7.073820792994674e-10
7.145523521897458e-08
0.0
0.0
0.0
0.0
0.0
0.0
0.0
0.0
0.0
0.0
0.0
0.0
9.39716799713043e-10
1.8883205845098672e-08
0.0
0.0
3.807597792615525e-09
1.5135843352154448e-08
0.0
0.0
0.0
2.6675365897157184e-08
1.2381885306653726e-08
0.0
9.569464268543261e-09
0.0
0.0
0.0
0.0
0.0
0.0
0.0
0.0
0.0
0.0
0.0
0.0
0.0
0.0
5.476276080864625e-20
3.483111020251104e-09
0.0
0.0
1.6922641066230426e-10
0.0
0.0
9.842036191407299e-09
1.3485635730672847e-11
0.0
2.6523455401938033e-12
7.927919864535317e-09
2.4724760283436462e-08
0.0
5.956194861863517e-11
2.1038458162259133e-06
0.0
0.0
0.0
0.0
0.0
0.0
8.893137102443924e-11
-0.007096095880942066
0.0
0.0
0.0
0.0
0.0
0.0
0.0
0.0
0.0
0.0
5.770422264790185e-07
0.0
0.0
0.0
0.0
0.0
0.0
0.0
0.0
0.0
0.0
9.668694080635977e-09
8.792755468929274e-09
0.0
0.0
0.0
0.0
3.59788266974961e-21
0.0
0.0
0.0
0.0
0.0
0.0
6.082298053609809e-09
1.3653161630882208e-09
0.0
0.0
-2.8034815027604132e-08
0.0
0.0
0.0
8.424822149344668e-09
0.0
0.0
9.789112054906211e-09
0.0
0.0
0.0
0.0
1.3120140165641982e-08
0.0
9.742334995078717e-09
0.0
0.0
0.0
8.16328994536817e-10
9.326895627683245e-09
0.0
0.0
0.0
4.534582751975753e-09
2.4467212309438852e-08
7.503345369791652e-09
0.0
0.0
0.0
0.0
0.0
0.0
1.9345230835246048e-07
4.3536240978596914e-08
0.0
0.0
0.0
0.0
0.0
0.0
0.0
0.0
2.9800528211043826e-07
0.0
0.0
4.107462646874131e-09
0.0
0.0
0.0
9.900540999463676e-09
5.509922606463324e-10
5.706499286807943e-10
5.706499424077903e-10
0.0
9.989761020085911e-09
9.980779037445375e-09
9.968379994715337e-09
6.272704538709081e-10
5.387966516044364e-10
0.0
-9.626649294256157e-09
9.879319480787181e-09
9.96837975597079e-09
9.980778393120402e-09
9.978010670135185e-09
0.0
0.0
0.0
1.3266555556391383e-07
5.627803567708727e-07
0.0001562951813365638
0.0
0.0
9.313962786062802e-08
7.29546279748626e-08
2.218930361956383e-08
0.0
1.441720551058365e-06
3.200556471953778e-08
2.530319471755152e-08
0.0
0.0
1.0682296091238143e-08
0.0
0.0
1.3777348665671677e-08
4.37833087896237e-08
8.604091936559127e-09
2.9788060452222624e-07
0.0
3.443920153976507e-08
2.0327386795188185e-06
1.0346552122563e-08
5.64232908920557e-07
0.0
4.260036345649303e-08
0.0
0.0
0.0
1.5297824524797398e-09
5.236799956958652e-07
0.0
0.0
2.0336939778220493e-08
0.0
1.1546172171886063e-06
0.0
0.0
6.29550568130839e-10
6.159195928298232e-10
6.282612487541995e-10
0.0
0.0
1.0337361459737726e-09
5.038823230248493e-09
1.0338333501433156e-09
0.0
0.0
0.0
0.0
0.0
0.0
0.0
9.784885834336781e-09
8.770899252834885e-09
7.006052626934434e-09
0.0
3.493487925905851e-16
1.9818156422524217e-08
1.9934863460215455e-08
1.9961104587555484e-08
1.9957027512768772e-08
-9.836527179672141e-09
-6.258924779203642e-11
1.0337118150802267e-09
-5.412904879196812e-10
1.0338090703942107e-09
-7.998396592398191e-09
0.0
-4.4117214563253093e-10
0.0
-2.7988845788262884e-10
-9.624978015418178e-09
-2.796799389625594e-10
0.0
0.0
1.033687470345627e-09
0.0
1.0337847681182171e-09
0.0
0.0
0.0
0.0
0.0
0.0
1.9791522240383268e-08
0.0
6.28884350838748e-10
9.938837318824351e-09
0.0
4.534582756488513e-09
3.03585271821872e-14
2.455480774478535e-07
0.0
1.0300922695553948e-08
6.336717807608177e-10
2.9350636364658866e-08
4.439004996053934e-09
4.439004989975626e-09
0.0
4.800213162706817e-10
0.0
-9.902027301410266e-09
3.1972022981874972e-06
3.5567109297555474e-07
1.3653771339841408e-05
0.0003732061966041724
8.755338202678699e-07
9.112131083799794e-07
1.9120071912324687e-05
4.6334393614567874e-06
1.577505100176916e-06
0.002349966919510149
0.0
0.0
1.93882186282546e-08
4.973084300768136e-18
1.9886362192345105e-06
1.9658298881542835e-06
1.0662550189739756e-07
9.968716337360018e-09
9.851591648951642e-09
-1.463448306988479e-07
-1.269208977797999e-07
-1.2719907976731356e-07
-1.2688762120877106e-07
-1.1842361161738346e-07
-8.943942962577238e-08
-6.038366408452067e-08
0.0
5.028033563935521e-10
9.851591622393827e-09
1.633052030282009e-06
9.842178322555864e-09
4.935369516526675e-10
0.0
0.0
1.0755696934275562e-07
0.5281799410476374
4.085973645141195e-09
0.0
0.0
1.9684986835437866e-08
9.738817681654612e-09
4.717410568648387e-07
0.0
2.927942242346583e-08
2.497377211843309e-10
1.8842611770862834e-06
1.8842611771557852e-06
0.0
-6.758242910542833e-05
0.0
4.7172653324301166e-07
0.0
0.0
0.0
9.934418379326031e-09
9.934418422179406e-09
9.883307236393919e-09
5.34025609948152e-10
9.883307207731939e-09
1.3649323634656852e-07
1.365144112297858e-07
1.271990774705939e-07
1.1729835678176317e-07
1.0883844385086014e-07
7.320519993685646e-08
2.6028521925375842e-08
1.356859069545635e-10
-2.232286352918389e-07
1.8928844508435225e-06
1.8513815075973082e-08
-2.0961010704922955e-13
2.0970602886999082e-13
1.6321676143379003e-05
1.6311916024635797e-05
-1.8928844509689263e-06
1.7753196011942105e-05
3.043981840697195e-07
0.0
1.1131979056069404e-05
0.00017380361255212964
9.125505249474834e-07
0.0
2.309073456106639e-14
7.080565188968348e-05
5.973827027173299e-09
0.0
-0.1122300657410098
0.1122300753315956
9.59058580719352e-09
1.747265560217428e-07
0.0
0.0
0.0
6.147338578312102e-10
9.965280048552941e-09
0.0006995570082625355
4.019562499467089e-09
7.490937115181215e-09
0.0
0.0
3.9843384803225675e-07
0.0
1.3049747545196644e-05
-1.3009830091732788e-05
9.978424703635763e-09
0.0
0.0
9.939918662691387e-09
9.941560996651665e-09
0.0
0.0
1.815455302335364e-08
9.889043530754427e-08
2.715018067485364e-08
9.889043597366493e-08
9.877238181600787e-07
1.596904742218703e-10
0.0
1.7187942804294668e-07
1.8189234514323299e-07
3.041367452466723e-07
0.0
0.0
0.0
0.0
2.8466287660923164e-07
2.99533329136057e-07
0.0
4.3536241010646073e-08
0.0
7.658155381693123e-10
1.3957775752641855e-06
3.0536527078910636e-07
1.9055582908629965e-07
6.345666810198504e-07
0.00017380376860532036
0.0
4.294953840568212e-07
-1.8842611770299384e-06
0.0
1.9319268650694745e-08
2.0141034748322705e-08
2.715018167410042e-08
-2.7150181394763884e-08
0.0
9.956363288576614e-09
6.059541392306897e-10
9.446760211450045e-08
2.160242803674885e-07
3.2966537337895583e-07
5.95962170475272e-10
4.2261415480484253e-07
9.497745887787057e-06
9.548030039259002e-06
-1.3994391121485705e-05
4.568887301985685e-06
2.7719201660013826e-17
0.0
2.8328465986109488e-05
-0.06644465275484635
0.06641633842896666
9.474822179920823e-09
0.0
9.920822544848057e-09
1.9791515739318345e-08
1.275320547380211e-07
1.6078999404256868e-07
9.938480919113782e-09
0.0
9.884748246084412e-09
5.354442309920001e-10
2.8462073517408447e-07
2.846207354752235e-07
3.679424553888948e-10
9.714571771865242e-09
9.884748245741885e-09
9.884748246328531e-09
5.354442316889085e-10
0.0
9.747985702471638e-09
0.0
0.0
1.9755121762105036e-08
1.6235037359456683e-07
0.0
0.0
8.75461969641601e-08
0.0
0.0
0.0
0.0
9.88330717940478e-09
-9.541853383376181e-09
0.0
0.0
0.0
3.5995724679622396e-08
9.946034742190663e-09
6.27185935894995e-10
9.96917811382923e-09
4.6179211490234743e-07
0.0
0.0
0.002349966919510258
0.0
0.0
0.0
0.0
0.0
1.405483112675724e-06
3.133929318714348e-07
2.8882073773285906e-09
2.5560506820793595e-07
0.00017381201331951676
7.75165756353925e-09
0.0
1.6347712898929672e-05
0.0
0.0
1.087637398731263e-05
0.0
9.047988657743774e-07
8.398028369910567e-09
5.4726798722100345e-17
0.0
9.913196973205824e-09
1.4804695211582376e-10
0.0
8.79012007140026e-09
0.0
7.695125480568671e-09
0.0
0.0
0.0
7.764310260084426e-19
7.764959533771403e-19
0.0
2.9897399867035834e-05
2.9887076732130097e-05
9.913196594873476e-09
-4.215688545213302e-08
0.0
4.170937270800093e-08
5.562528219558993e-06
9.821679782028112e-09
9.821679961718937e-09
7.845097844607186e-17
0.0
5.532896497331989e-06
6.307607125365738e-10
3.8849983917399467e-08
9.945033881002194e-09
9.945033691959622e-09
9.94503350713324e-09
1.2416379317145068e-07
1.0162448443757443e-09
0.0
1.2017614108944621e-07
6.542429392527926e-17
1.710754002254957e-08
0.0
5.938643927715426e-10
0.0
3.279711571768651e-17
0.0
0.0
-2.9344415525167317e-08
0.0
0.0
0.0
1.970631764172489e-08
5.587753717446282e-08
-8.412963838348315e-08
3.0978299237049864e-17
2.3266087787113048e-07
0.0
1.2352012523051683e-06
0.0
-1.4393307274929157e-06
5.897912541182909e-10
0.0
0.0
9.390067222607814e-09
5.0893591954507284e-08
3.506620723205414e-08
0.0
0.0012662537152778874
5.444912427236509e-10
0.0
2.8942454451980865e-08
0.0
0.0
0.0
0.0
1.8154574818773105e-08
9.808798767134259e-09
0.0
9.541970129986724e-09
1.9814695865410222e-10
0.0
0.0
0.0
-3.071766750307128e-10
2.863397189708286e-10
2.8633979586370837e-10
3.7311418965215476e-15
2.1831729117001197e-15
4.644078714865527e-15
0.3515429765407074
-1.0153900918859204e-10
3.9650122023158616e-08
0.0
-0.35154297643916976
0.0
0.0
0.0
0.0
0.0
-5.854840349545753e-10
0.0
5.317869593074636e-09
0.0
1.3636661439766895e-15
1.9614677108250563e-08
6.3148631003363e-05
0.0
6.316824568047126e-05
0.0
0.0
0.0
0.0
0.0
0.0
0.0
6.751319784174811e-16
1.983306500560448e-15
0.0
4.2039337337926785e-13
4.2032752491854293e-13
4.226129222242899e-13
4.2251970151258975e-13
3.5995724771800386e-08
4.5505950544787844e-10
0.0
3.432539567370769e-08
3.0466787491939464e-11
1.931909738861199e-08
9.587924791673637e-09
0.0
0.0
9.948941964546822e-09
9.948942048074606e-09
3.2712819207963526e-17
0.0
0.00020848540491204541
0.0002084953587318966
6.03449758722909e-10
0.0
0.0
0.0
0.0
0.0
0.0
0.0
0.0
-9.054597200491843e-09
-9.740482520629841e-09
-2.817694645339974e-10
-9.897689386055049e-09
-8.7130219325436e-09
-9.34264312661264e-09
-9.597880496521204e-09
0.0
-1.0153713980720624e-10
0.0
9.968436156767343e-09
0.0
0.0
-0.007092066028502916
-0.004749953206596728
1.8776251478752297e-06
0.0006072962877063769
-4.898414451506798e-13
0.0006091739123644105
0.0
0.0
0.0
0.0
9.31944397197969e-08
0.0
0.0
1.650453263223205e-07
1.6504532633334455e-07
1.650453263386806e-07
1.7451536787004504e-07
1.6504532633303226e-07
2.686191060772425e-15
0.0
3.521815493294187e-09
0.0
9.114887664085636e-16
8.219197397290278e-09
9.021297193642641e-09
0.0
0.0
0.0
4.784030422153817e-06
7.306437411783661e-09
0.0
9.098995793882383e-08
-4.891747362734122e-06
9.168831526289573e-16
4.809778698550939e-06
0.0
1.628216811368544e-05
0.0
8.38607221693621e-09
8.386072163513864e-09
8.020971987412778e-10
0.0
3.912756483763884e-11
6.828814370906282e-09
2.4857333879248667e-08
2.2951340877800275e-09
7.11790402926049e-08
2.4085989443944143e-09
9.365503025134819e-09
0.0
-9.64821966848643e-09
0.0
0.0
2.688927666682009e-10
2.403822091444924e-17
0.0
0.0
2.5920473692012926e-09
2.592047455123689e-09
0.0
9.775987906551402e-09
1.3962720761095438e-07
9.775987919789127e-09
9.77598793306918e-09
7.805904993217407e-08
0.0
0.0
0.0
0.0
2.0419809286811246e-06
5.573176822383296e-10
2.041861271707077e-06
0.0
0.0
0.014191170210012378
0.0
0.0
5.0181238305973454e-08
5.664325452707525e-05
-5.659361492936929e-05
9.952747959761722e-09
1.7955664594060394e-05
5.599154104772575e-10
4.804869159881575e-10
4.804869162178172e-10
0.0
0.0
-3.7857681965691465e-09
1.9959450424734985e-08
6.277538003972145e-10
7.818524547231052e-07
0.0
0.0
0.0
8.587926837478023e-06
1.561867479481242e-06
0.0
2.1589570023722673e-07
4.842576045401822e-10
6.301630316864265e-10
0.0
3.2884707022908545e-09
-9.638840755553548e-09
0.0
-3.9650122042986e-08
1.0781906284172582e-07
3.0444134062381656e-07
0.0
5.4898787738386766e-08
1.7056380693372108e-05
0.0
4.134271383428086e-07
0.0
0.0
0.0
9.948941885215263e-09
5.799423215938258e-10
9.931466224064045e-09
1.5078279400897376e-07
1.0075443019417684e-08
1.9864419968573327e-08
9.932953967267688e-09
9.880187704890282e-09
9.899123771345646e-09
9.90826205414172e-09
9.908262051892e-09
5.748080690545886e-08
0.0
5.495969573293024e-10
1.6851761605812818e-10
9.97951926246993e-09
1.9957088658403927e-08
6.268358737746287e-10
1.0351590301893602e-08
0.0
0.0
0.0
4.171192427281234e-10
4.171192425748499e-10
-9.312467046167184e-09
2.427449119308813e-08
3.358695817095269e-08
6.561652574528386e-17
9.784885932669455e-09
0.0
0.0
0.0
0.0
6.975225335441272e-16
0.0
0.0
0.0
-1.5493618967822847e-11
0.0
0.0
0.0
0.0
9.93525114262317e-09
9.784914526508884e-09
0.0
0.0
1.9319479355749983e-08
0.0
0.0
6.462929150186092e-16
0.0
0.0
9.974549186608783e-09
1.9954014045301187e-08
9.979463477804984e-09
0.0
1.1110030848726066e-08
0.0
0.0
0.0
0.0
8.812994033466428e-09
1.803387887329575e-08
0.0
0.0
0.0
9.486769009248164e-20
-8.247031568287336e-09
0.0
0.0
1.7457353853926914e-16
0.0
6.153114791259185e-05
6.153114791259185e-05
0.0
0.0
1.9876663729698447e-07
0.0
9.837258315609003e-09
0.0
9.989314192612624e-09
0.0
1.9660045450886447e-08
9.899015278183422e-09
9.899015361962619e-09
9.847235943121592e-09
-7.308036785865288e-10
5.832117622598167e-10
9.919807393912738e-09
0.0
0.0
1.4922166093882926e-07
1.983372602464627e-08
5.748366846604601e-10
1.2164722971226242e-07
0.0
0.0
4.612179867742228e-13
0.0
0.0
0.0
0.0
0.0
1.0806550570310322e-08
0.0
1.4817570276154116e-08
0.0
1.0647752128749173e-08
0.0
1.7274645857293913e-09
0.0
4.45243330929238e-09
0.0
0.0
0.0
1.6528059563509006e-09
0.0
2.6601295446785644e-10
0.0
0.0
0.0
0.0
0.0
0.0
0.0
0.0
0.0
0.0
0.0
-1.2689973025120306e-07
-1.365144120524242e-07
-1.2719907823734167e-07
-1.268876197921525e-07
-1.1842361036094222e-07
-8.943942857698611e-08
-6.038366324578187e-08
-2.430819242725188e-09
1.2101703635634985e-05
1.204422282872701e-05
0.0
0.0
0.0
0.0
0.0
0.0
3.15210984453589e-08
8.09149687701921e-09
0.0
1.7717552904059824e-08
0.0
1.6953043120683364e-06
6.832712335697823e-09
-7.626380083003426e-10
0.0
0.0
9.920822516523275e-09
9.920822530699218e-09
-1.0074523069947272e-08
1.915769470445092e-08
9.861620168483708e-09
5.126756258051599e-10
4.63197342366508e-06
0.0
2.6271775201781706e-06
0.0
1.5100546691332929e-06
2.5619534663115163e-05
1.5583757647857024e-06
1.465938068402931e-09
2.657005007899853e-06
2.782917135595894e-07
2.2171227139873133e-07
6.5539141676249e-07
0.00018779111246751602
0.0
1.4220974397268835e-06
8.126648970950703e-08
9.357694945428033e-09
9.929944912357176e-09
2.6764150287996074e-06
3.006757925283495e-07
2.3795811417754786e-07
6.884869269893368e-07
0.00018781596980097578
0.0
1.4243925744893068e-06
9.824682591817254e-08
9.669150513588126e-09
0.0
0.0
0.0
0.0
6.623719288209518e-09
-1.3042007118637278e-09
0.0011638172653313402
5.633156499740933e-06
2.951816352186912e-06
5.397904486327205e-10
9.889162949874632e-09
5.397904755899549e-10
0.0
0.0023414774404462743
5.861770805139779e-07
9.49288243481861e-09
0.0
0.0
0.0
0.0
0.0
0.0
0.00011674615817494518
9.263558808925154e-10
0.00011645365722157402
9.979295159685087e-09
9.979295159056013e-09
9.512177764282384e-09
9.512177758021932e-09
9.512177751837935e-09
5.2920589788317304e-08
0.0
0.0
6.627638461886664e-08
6.6276384607738e-08
6.627638462409844e-08
7.613956871641582e-08
6.627638461824116e-08
5.707071644541044e-07
0.0
-3.087107354930863e-07
0.0
1.6141096048120444e-08
0.0
5.766504928417731e-09
5.766504936490527e-09
5.766504939495478e-09
1.533737473864074e-08
5.766504934466765e-09
0.0
3.1945442427166047e-10
0.0
5.514392479504567e-09
0.0
5.5831918275787825e-09
5.514392467565835e-09
5.583191831789988e-09
1.8887371174539647e-08
8.90521949928576e-09
0.0
5.5310661068091694e-08
5.531066107802656e-08
5.5310661082608165e-08
6.465014569279043e-08
5.531066107729448e-08
7.719868894695866e-08
5.221210447217544e-07
3.4682025966172185e-08
1.1136061413685705e-06
9.951653148332824e-09
0.0
9.927795982739071e-05
0.0
0.0
0.0
0.0
0.0
0.0
7.429049013456821e-05
0.0
1.1194473183668482e-06
-7.888512872106032e-06
0.002351071577717275
0.0008270898070388501
0.011005970399907897
1.8653801057029903e-08
1.0424193134316966e-08
5.842052225356835e-10
1.986453199969443e-08
9.930257112899e-09
5.802493391114765e-10
0.0
0.0
0.0
1.865380105715991e-08
4.1297216048145663e-10
0.0023587399454707446
8.820541138744551e-06
5.397904217974603e-10
5.397904352042093e-10
1.6812094601253942e-05
1.9785170707122205e-08
0.0
9.955455877643654e-09
-9.184114930366194e-09
0.0
8.801124391129784e-07
1.971663699707907e-08
0.0
4.0836270740550903e-10
-5.953250904753874e-10
0.0
1.9037010619671116e-08
0.0
0.0
1.876676220766222e-07
3.7896161337556935e-07
0.0
0.0
4.3915178926839207e-07
0.0
5.973398630709075e-10
1.3994920066513674e-07
0.0
0.0
0.0
4.230326514805172e-08
5.858943547424978e-10
0.0
9.95323549957388e-09
9.493038291970899e-09
4.2002399089974126e-10
0.0
5.704994745327089e-10
8.272172409859614e-08
0.0
3.4851794840057354e-09
1.180217928124603e-07
1.2590873787134658e-05
0.0
9.900665065361686e-09
5.511143837552607e-10
1.991963493644154e-08
9.953078304461918e-09
5.749170131639843e-10
9.893063584285537e-09
9.933458321086105e-09
9.899123771783977e-09
9.933458318627572e-09
5.834013279853891e-10
9.899123772175566e-09
5.495969588993522e-10
5.436306328499664e-10
5.436306306507083e-10
5.971047980211398e-08
9.924841208427761e-09
9.970319263722813e-09
0.0
9.936500012147272e-09
5.863961923955996e-10
4.733429156985349e-10
4.73342913485249e-10
8.44219404969332e-09
0.0
6.77037127506008e-08
5.825565631847234e-10
9.934767068986302e-09
9.934767111700052e-09
9.863277295953943e-09
9.863277340704801e-09
0.0023516551104597605
1.6979953283086347e-08
0.0
0.0
9.477388828640943e-09
1.2711194855177855e-15
0.0
1.524374287950797e-08
0.0
0.0
0.0
0.0
-9.12122209830723e-09
0.0
0.0
0.0
-6.865413795732918e-18
0.0023499227377124354
3.186610290259504e-07
0.03104549622453699
0.0
0.0
0.0
9.526321437954734e-09
4.948248936394074e-06
0.001341610639803147
1.9789780130967344e-08
9.896716544474335e-09
5.472270030959819e-10
5.472270008965934e-10
0.0013465573473717238
0.0
0.0
0.0
1.1208183605608122e-10
9.380649419331822e-09
0.0
2.9347514811353266e-06
1.2412307777144686e-05
0.0011654684881164505
0.0005903891459385557
0.0005903891459385557
0.02970388558473385
0.0013465573473723435
3.821788166931684e-08
1.7960963903157157e-18
0.0
9.969259058430332e-09
9.936500011686888e-09
3.485179537475353e-09
9.665678391002075e-08
0.0
2.1958836843067876e-08
-0.002365479531435788
0.0
1.9709008437840847e-08
1.7240475876489944e-08
-3.920790318800993e-07
0.0
0.0
0.0
0.0
-1.8689600989720655e-08
0.0
9.958573944808796e-09
0.0
0.0
0.0
0.0023499226772998078
0.0
0.0
-9.881865673530982e-09
0.0
9.92551285605714e-09
4.640685393132688e-07
1.5300210703198293e-05
9.90226358789164e-09
9.837666271449858e-09
4.890953694234668e-10
0.0
0.0
3.8811107087632454e-08
3.5332822381452036e-08
0.0
1.6678776959104536e-07
-0.2832070015817312
0.2832070114672535
9.8855221557917e-09
0.0
1.9510130893317363e-07
0.0
4.123190132980585e-10
-1.3926796530717188e-05
1.6433291564722025e-05
2.3554750720511782e-05
0.002326328398101736
3.441581805611384e-17
0.0
2.7600522287717978e-08
0.0
9.823099408013372e-09
1.9065337165215083e-15
0.0
0.0
0.0
8.602916015958594e-08
0.0
6.296547618669716e-10
5.714977900353154e-07
1.5092475111461965e-08
6.357633179662668e-16
0.0
0.0
1.5864886228623626e-08
1.6884715997884085e-06
7.595350385570776e-09
0.0
1.8712794769926348e-08
2.4046713069125225e-06
1.3973729713264047e-05
9.493038306424409e-09
2.7445410414480873e-10
0.0
1.4111826350762696e-08
0.0
3.9914080934716675e-08
6.259024754477088e-10
0.0
0.0
9.989314598212676e-09
0.0
0.0
2.6192636231156467e-08
1.5091954553084747e-08
1.885633826147242e-08
9.978391611337534e-09
0.0
0.0
0.0
1.8616322167406355e-09
0.0
0.0
-8.32665328939601e-09
0.0
0.0
4.5337157895480105e-07
1.0464895852213152e-07
9.966723964733681e-09
-8.511091738866036e-08
9.380649421446529e-09
9.821663436291228e-09
1.9350275973113186e-08
0.0
-0.007085926422391593
-0.007294130667617527
0.0
7.145523516292812e-08
-7.145523519095384e-08
3.164711215943514e-10
9.84574785583621e-09
-1.268997311520064e-07
-1.3651441287540142e-07
-1.2719907900235472e-07
-1.268876205005973e-07
-1.0883844509067633e-07
-9.901358777320013e-08
-6.038366366645231e-08
0.0
1.0351591204134577e-08
0.0
4.3714303532773374e-10
9.784885769367237e-09
1.2743367044584786e-07
2.9106202596611006e-08
0.0
2.881638500084384e-08
9.937583493052466e-09
0.0
0.0
0.0
0.0
0.0
0.0
0.0
0.0
4.619961239419612e-09
6.593023822472285e-07
0.0011686526511579883
-7.936422153630732e-08
0.0
9.270505378213312e-09
1.3552527156068805e-20
0.0
0.0
1.654598861113322e-17
0.0
5.053898521659004e-09
5.141810694404816e-09
1.8555813829551713e-08
9.784885951175528e-09
0.0
1.350746315440563e-12
0.0
9.890647258235102e-09
2.8340699806852386e-08
0.0
1.8555813811341514e-08
0.0
0.0
-0.0007955874012043895
0.0007954802596521698
1.0714155222228869e-07
1.9731243066184072e-08
0.0
0.0
0.0
2.5861488435304883e-07
9.31533100465856e-09
0.0
4.008642132594764e-05
0.0
0.0
3.860875270727633e-08
7.230045291016617e-05
9.967198460925395e-09
9.967198253143131e-09
-5.231457805621176e-06
8.799804627885201e-11
4.1793089707298055e-11
9.618601397592748e-09
0.0
9.618601382893353e-09
9.61860134815529e-09
1.7524925306387155e-06
-0.003998759003815359
0.003998749618312494
0.0
1.4559480857195566e-05
9.49575854624503e-09
-1.0119373844364379e-07
9.037460958117221e-08
9.778520945148483e-09
9.778520940550788e-09
0.0
0.0
0.0
9.865791648910882e-09
0.0
0.0
4.072067811935512e-09
0.0
-1.0699166224463081e-08
0.0
6.252673293827194e-10
0.0
-9.330811678864848e-09
0.0
0.0
2.8425991949492782e-06
1.454902627685811e-06
-9.448548834058633e-09
0.0
2.8344064310903416e-08
9.976994405634009e-09
-3.5338842963028583e-10
0.0
1.779514988141439e-08
-1.7795149815616647e-08
-1.7795149749859785e-08
1.779514968407391e-08
9.492882340954897e-09
9.492882247581682e-09
1.494134587621317e-08
1.494134588549208e-08
9.80537042186147e-09
-5.167822856006505e-10
1.2328357669750954e-10
0.0
0.0
0.0
0.0
9.945034405220383e-09
7.364561265486697e-06
0.0
7.36188535636522e-06
-3.80759777526829e-09
1.2963896885584733e-07
0.0
1.0666301442038197e-10
1.0666301484379935e-10
1.8513815339855162e-08
0.0
1.8111568253244347e-08
4.1264407845602824e-07
6.194572128880234e-10
9.97007648421894e-09
6.230837108097384e-10
9.97375937601801e-09
0.0
8.514837016856737e-08
4.32587914045436e-07
1.1486867140451532e-07
-9.673768285266949e-09
-9.920507285229516e-09
1.5387877624008955e-05
9.9630839878233e-09
1.537972914000818e-05
0.0023503736253726306
0.0
1.779515002113217e-08
0.0
1.0588980130588985e-08
-3.726434627537856e-08
-1.720423973209713e-08
2.3554750720657763e-05
0.0
0.0
0.0
0.0
0.0
0.0
3.273882740210532e-09
1.934109360514431e-08
9.569452824068135e-09
0.0
-2.2517233881611715e-10
0.0
1.2778064169055655e-06
0.0
4.901519195901774e-08
0.0
4.263878485736165e-07
0.0
5.760791125409735e-09
1.3901711846968154e-08
0.0
0.0
4.336831121339203e-08
0.0
0.0
1.4889997205241553e-08
0.0
0.0
0.0
0.0
1.3601454475518148e-05
0.0
3.9658506944509854e-07
0.0
0.0
1.3266555521051834e-07
5.627803562215169e-07
0.00015629518133611275
0.0
0.0
9.849275384107812e-09
5.4262576635907416e-09
0.0
9.698115983135646e-09
0.0
0.0
0.0
0.0
0.0
9.633523631486106e-09
0.0
6.260634680228451e-09
9.530984092735913e-09
9.706972093105408e-09
9.095572642724582e-08
7.732865740593277e-08
2.1140529665567338e-08
0.0
1.4572981463746527e-06
2.7759193618997374e-08
0.0
2.6691260542845728e-08
2.6070649684938135e-07
3.501223787228589e-11
5.104269582272923e-08
2.034315920620722e-06
0.0
3.084593958843214e-08
-1.966004536756551e-08
3.965012161923363e-08
0.0
0.0
0.0
1.1354163956182529e-08
3.8629216140758696e-10
9.879112199220367e-09
9.879112010284986e-09
5.298952952087e-10
9.931390746245605e-09
2.233518942454647e-07
0.0
9.906271062397024e-09
9.906271076860898e-09
5.566336856910661e-10
1.4879682155837842e-05
-1.3633842319005218e-17
2.9377849593815394e-08
9.989630947775297e-09
9.987696613170992e-09
9.987696604480547e-09
9.978443743559114e-09
9.97844374390705e-09
9.977362222027355e-09
9.977362222481884e-09
9.960949150661182e-09
0.0
9.96094914686733e-09
5.617493471987149e-07
0.0
5.42352059842832e-07
5.825799428431842e-10
5.687133644101165e-09
1.878556330192016e-08
9.918050403367615e-09
5.682309949351755e-10
-1.834220815818909e-08
9.904012166952427e-09
5.544097026813237e-10
9.904012169613088e-09
8.440248329079875e-09
8.440248333140693e-09
1.9904190193692706e-05
1.990419019367715e-05
1.9904190193699207e-05
1.0751304351925384e-07
0.0
2.7528160382944318e-08
2.2210397181784926e-07
0.0
3.243182869925643e-08
0.0
0.0
0.0
2.1232105211513485e-07
2.9455549286051054e-08
0.0
1.4103898429291971e-09
0.0
0.002395644747529957
0.0
0.0
0.0
0.0
0.0
0.0
2.1639715614429427e-08
1.1669396359657565e-08
9.970319245822853e-09
9.541722214291902e-09
9.541705400242188e-09
0.0
0.0
0.0
-5.421010862427522e-20
0.0
0.0
0.0
5.655816277215664e-10
5.655816162630778e-10
9.9890059154025e-11
9.989005759700187e-11
0.0
0.0
0.0
0.0
0.0
-3.947421844341843e-08
-1.6922523488401172e-10
5.8406085992964506e-08
0.0
0.0
7.264110819253021e-19
1.9904190193684916e-05
9.704458170166712e-08
1.0662336255588733e-07
9.115713433100908e-09
0.0
0.0
0.0
0.0
0.0
0.0
2.2213788380047282e-07
4.9922894652843917e-08
1.274906478737399e-07
0.0
0.0
0.0
3.109120079372662e-08
2.0618534676587367e-07
0.0
0.0
2.7209225285146268e-08
1.0664949085304721e-08
-1.0704082108528579e-09
1.9884428913601337e-05
0.0
-9.842036519103203e-09
1.9884428912712528e-05
2.7374202563853738e-05
0.0
6.44058639367812e-07
9.931390746841733e-09
9.931390751011436e-09
2.7817423086732322e-08
2.7381437537864122e-05
0.0
0.0
0.0
0.0
0.0
0.0
0.0
0.0
0.0
0.0
0.0
-0.0023639054965735847
0.0
2.271534715340534e-07
0.0
0.0
0.0
0.0
0.0
0.0
0.0
0.0023499844338285766
0.0023499844338293677
0.0
1.931947947733422e-08
0.0
-1.5261214824474004e-08
-1.5261214824554885e-08
0.0
0.0
0.0
0.0
0.0
0.0
0.0008263465398072999
0.011005932506018688
0.0
0.0
2.4710319011193797e-06
0.0
0.0
0.0
0.0
2.47104083608093e-06
0.0
1.2849392929594522e-06
1.1380607022322708e-08
0.07625485595898927
0.006117314836755162
3.4084309106523214e-09
0.0
5.367325030813941e-07
9.417961382124742e-07
1.7786308978660554e-05
-1.9930159343619497e-08
-1.087467715467469e-08
-1.9420902151810315e-08
1.409839191995815e-07
0.0
-2.094137769239231e-06
-2.092357393476338e-06
0.0
1.1894681343036524e-05
0.0
-6.297961934950691e-12
1.1901202993117402e-05
0.0
0.0
0.0
3.05621322224478e-08
1.9303738547022018e-08
0.0
9.936952574153557e-09
1.144181278814485e-08
-8.140420764223784e-09
0.0
0.0
2.970049229024388e-08
9.824007012775634e-09
0.0
0.0
0.0
0.0
2.900067889734076e-08
5.822342418244613e-10
0.0
0.0
2.2590447393234722e-07
2.2590447393237996e-07
9.792138057004851e-09
4.442811144575641e-10
1.2167764326123855e-07
0.0
9.9681313061506e-09
4.160171130389794e-05
9.975976486867762e-09
0.0
9.974550879938391e-09
9.919807365707046e-09
0.0
5.963366519111932e-08
0.0
9.931466112732006e-09
0.0
9.968435903775554e-09
0.0
9.933265702710663e-09
0.0
9.980948538104401e-09
4.906525387750292e-07
9.977924831397757e-09
0.0
9.979518965911787e-09
0.0
9.980431999764293e-09
2.32720054729974e-06
0.0
3.7976646418173554e-16
5.736551928640647e-16
1.0822385931453721e-08
0.0
0.0
0.0
0.0
0.0
0.0
0.0
0.0
0.0
0.0
0.0
0.0
5.0893590838961465e-08
0.0
3.9079657937724244e-07
0.0
0.0
0.0
8.893112106175135e-11
8.893062118096747e-11
1.7785966890542736e-11
4.150041798381294e-11
6.521532492099671e-11
2.3715067241208693e-11
1.1857374834904057e-10
7.114497690700318e-11
4.743008109313078e-11
9.485948788479151e-11
0.0
0.007096086036781831
0.0070960155662727065
0.0
0.0
4.733593156514402e-10
9.924735498518974e-09
9.955878953958422e-09
3.232475503964448e-10
0.0
0.0
0.0
0.0
0.0
8.212781235951028e-09
0.0
0.0
1.7795149945079634e-08
0.0
9.23832470475159e-09
0.0
0.0
9.647107327664633e-09
2.834069979358672e-08
0.0
0.0
9.687365583855198e-09
0.0
0.0
0.0
1.8930370673079378e-06
0.0
6.236127903224714e-10
5.7890639576651215e-09
5.789063933305625e-09
4.1461871255713966e-09
0.0
0.0
1.9791518595454578e-08
1.9791519518926018e-08
1.9120386836067777e-08
0.0
1.5763363239459363e-06
0.0
1.8451283562523657e-07
5.739758550248457e-07
0.00015672994400774297
0.0
0.0
1.9791515684186665e-08
5.614569559487997e-10
1.9791516719180594e-08
1.9791515780012002e-08
0.0
4.838471733150975e-07
2.980052828128233e-07
0.0
0.0
3.2130148114770972e-09
0.0
0.0
4.107463773753893e-09
8.597624394066005e-06
0.0
1.5705231839767753e-06
0.0
6.822970461546363e-09
0.0
4.5122205105188385e-07
0.0
2.791023358866073e-08
0.0
0.0
0.002477246733652751
0.0
2.828711215209572e-08
8.568506537029659e-09
0.00015812839051852025
1.0704134124586193e-07
6.319392857916731e-08
1.9198032584857256e-08
4.230177271202092e-08
1.4222340369322279e-06
2.2206650521383354e-08
3.956816142174473e-08
9.880345533296805e-09
5.311098216663393e-10
8.568590368734615e-09
0.0
0.0
0.0011667504278824702
9.936500011712635e-09
5.633156499930442e-06
2.622116886249669e-08
3.523748671433422e-09
2.8719102306240396e-07
0.0
2.4905244838580335e-08
1.5634143512360673e-05
1.1922561020805718e-09
8.099500500859937e-07
-8.801124391556205e-07
0.002351643658310856
0.0
-0.0023516452770497133
1.2600628143645411e-05
0.0
0.0
1.0890211939174055e-07
0.0
0.0
0.0
0.0
0.0
0.0
1.4123866350923788e-07
1.1761644980915058e-08
0.0
2.4459066196241303e-07
0.0
4.2848115325350546e-10
0.0
3.175357672894059e-08
0.0
1.5641937435661664e-05
0.0
0.0
0.0
2.862476121251899e-07
1.4123866040751496e-07
2.7398140058078323e-09
2.356527320099554e-07
0.0
2.209360057100469e-08
1.5633213131706353e-05
0.0
4.2748627873568726e-07
0.0
0.0
4.1520712926109713e-10
0.0
6.11092002152612e-09
6.1109200195610036e-09
9.115713433139706e-09
3.9113944658164534e-06
-5.770422264790185e-07
1.1678697597061038e-05
0.0
0.0
1.326655559170941e-07
5.627803573201879e-07
0.00015629518133701486
0.0
0.0
9.313962825584573e-08
7.295462849809138e-08
2.2189304030280993e-08
9.458633884449974e-09
1.441720551567912e-06
3.200556638646147e-08
2.5303196350548448e-08
8.604092270862474e-09
2.978806049839032e-07
0.0
2.4691216383681476e-08
2.0327386799663094e-06
1.0346553732684336e-08
5.642329104635985e-07
1.2778064172565978e-06
0.0
4.90151923263864e-08
0.0
4.2638784903851186e-07
0.0
5.760792685535929e-09
1.3901712242934823e-08
0.0
0.0
4.336831182198693e-08
0.0
0.0
1.4889998822864974e-08
0.0
0.0
0.0
0.0
1.3601454475965432e-05
0.0
3.9658507098795513e-07
-1.524374542154379e-08
0.0
0.0
1.1447102113819012e-06
0.0
9.388856169916635e-09
4.754727791869003e-11
0.0
-9.93242170501276e-05
0.0
4.039451936341578e-09
3.6807944104353155e-07
8.760786321103543e-07
5.883465808286377e-10
-9.938481038140878e-09
9.828215808554892e-09
4.797926941609748e-10
0.0
4.676556357484718e-06
0.0
1.3693178811987456e-07
0.5281790355231248
0.0
0.0
-0.0020885506973667006
-6.138703596257484e-06
1.9876663730424545e-07
0.0
1.935052332578904e-08
0.0
0.0
8.66737117723825e-09
9.784914494353657e-09
4.3717124444461565e-10
4.37171213095311e-10
1.752830521151161e-05
9.620504384458899e-09
2.753843512086545e-10
1.724047560096309e-08
1.7240474706813978e-08
0.0
0.0
2.71501811151395e-08
0.0
1.7240474924828877e-08
-7.0091446882636355e-09
1.434017075247236e-08
9.946034949795818e-09
5.957846521153667e-10
5.5068514929221424e-17
0.0
-2.5796167324558862e-06
2.6085540176650922e-06
9.955327192488403e-09
-2.1608037489084328e-07
9.934274682634817e-09
8.552660374357995e-10
-9.765147860563649e-09
1.1470671633883705e-07
7.299421719970527e-08
8.515737272054402e-09
4.260468328760914e-08
1.4309139062161865e-06
8.429305147643602e-09
0.0
0.0023516436583108417
0.0
0.002351643658310758
7.074014273800469e-09
1.1470671710123289e-07
7.299421821873314e-08
8.515738065067608e-09
4.2604684475162834e-08
1.4309139072072474e-06
8.429308454333922e-09
0.0
8.857578158875364e-07
6.758242910532573e-05
9.938276185495912e-09
0.0
-5.582130911287522e-06
1.965829888200207e-06
0.0
5.601977959056831e-06
9.974317813948918e-09
-3.3127735982860685e-08
2.4190904106276116e-08
4.3323949385680807e-07
2.8402191557842793e-10
3.749888900700382e-05
0.0
-3.3361147129427546e-06
1.4107249482366949e-05
7.229078463554877e-05
-3.2279733652881783e-10
0.0
3.8101393203243565e-05
0.0001581382768774559
9.885518102130877e-09
9.885938459104316e-09
3.81101855046813e-05
0.0
0.0
5.4073885315065364e-08
8.54619921434311e-08
0.0
9.772237519189986e-09
4.246941992409081e-10
8.946610536679368e-09
0.0
6.197283695655911e-09
6.197283701938354e-09
6.197283708236044e-09
0.0
4.078705163957388e-05
4.078705163995016e-05
0.0
9.894201847029986e-09
9.894202224886017e-09
0.0
0.0
0.0
6.1710229057229065e-06
9.913197162401467e-09
3.9558106364567087e-08
1.0351587547301427e-08
1.4645348866650405e-05
1.4645348866650393e-05
0.0
1.9319479173353713e-08
1.9777841769506532e-08
5.343534756244455e-10
9.910630945987065e-09
9.91063095964015e-09
9.910630918686346e-09
9.910630932333678e-09
5.609261650987454e-10
5.1205682992998955e-09
0.0
0.0
0.0
1.3957544003114454e-07
1.0447651383449537e-08
0.0
0.0
0.0
0.0
0.0
0.0
5.490068643400944e-07
-2.2921208913148343e-08
0.0
0.0
0.0
0.0
0.0
0.0
0.0
0.0
0.0
1.815455366178767e-08
0.0
5.839061813648341e-10
9.93397106629524e-09
9.933971070437767e-09
0.0
0.0
9.638841010073396e-09
0.0
2.1892044454984768e-16
0.0
0.0
0.0
1.3653163816025102e-09
0.0
1.3653163814715866e-09
0.0
2.4274491343824044e-08
7.208522300947151e-08
0.0
2.9325501357853186e-08
3.474208999876492e-17
2.6109459414688704e-17
4.4817348054948525e-08
0.0
9.644069264308547e-09
0.0
0.0
0.0
0.0
0.0
0.0
-3.6828499937191506e-09
0.0
0.0
0.0
-6.082298054396228e-09
0.0
0.0
5.551115123125783e-17
0.0
0.0
3.7894258811862734e-08
2.803481502673677e-08
0.0
0.0
0.0
5.76740869137396e-07
5.6697983827931e-07
9.761030825630734e-09
0.0
0.0
0.0
1.3287886689364128e-07
1.855757352354407e-06
0.0
0.0
0.0
0.00020851517233775167
0.0
0.0
9.943395942182357e-09
0.01184967631857487
0.0
0.0
-0.5281591924305125
6.013163051557849e-10
0.0
9.951653139334689e-09
0.0
0.0
0.0
0.0
1.033663129699276e-09
-1.9755121759644925e-08
-5.31998911405143e-06
9.874280973926147e-09
9.84723596063428e-09
5.251395004574048e-10
9.874280991820084e-09
9.84723595185935e-09
0.0
0.0
-4.4130273118263473e-10
0.0
5.685801601371425e-07
0.0
0.0
0.0
0.0
0.0
0.0
8.426307719260811e-11
9.905051132583326e-09
5.863961879046415e-10
0.00010142927541131957
0.0
7.429049013497023e-05
0.0
20.255573372087387
-20.25557335220948
9.94463469780874e-09
9.899850037211538e-09
9.899513300097774e-09
0.0
0.0
3.485214329701035e-08
0.0
9.938276252733497e-09
0.0
2.645798762439497e-17
8.414621141255651e-07
0.001994638700354523
-0.046320167646616284
0.04831398473694924
9.913816018778548e-09
1.312014024056611e-08
-3.730295998981803e-09
0.0
2.93684331749422e-07
3.047449153121759e-07
9.760167763284535e-09
1.363771435760489e-08
0.0
0.0
9.742335009359747e-09
-9.74233499506183e-09
0.0
1.3120140315544052e-08
0.0
9.900186812603884e-09
5.685750285483662e-07
0.0
0.0011695993397444204
0.0
9.990783701913175e-08
1.9846286872384855e-08
0.0
0.0
0.0
0.0
1.9471138001314748e-08
9.950221211427537e-09
1.6206305032120602e-08
0.0
1.0100207662389371e-08
0.0
2.6032969705090858e-17
9.611991699379713e-09
9.611991765760838e-09
-0.00079557756374539
2.3411360787343864e-17
-8.163289939584328e-10
0.0
9.910794025148732e-09
-9.170168003689513e-09
0.0
5.07969748853452e-15
5.079270337660091e-15
0.0
0.0
0.0
0.0
0.0
-9.91310940468701e-09
0.0
-3.197055766782417e-08
-2.4467212304433387e-08
0.0
0.0
3.9207903132803535e-07
9.910641794504108e-09
9.946169198594224e-09
9.946169592008882e-09
0.0
0.0
-7.464742043597353e-09
4.512220536739987e-07
8.801124390708609e-07
4.512457632067643e-07
3.92079031791659e-07
3.9207903218778523e-07
4.512220533478909e-07
4.507003412347494e-07
0.0
2.4694610700421654e-09
1.1483498697303998e-08
5.609371619356021e-10
-5.96393340885666e-08
7.114544998774024e-11
9.966556622819109e-09
9.9665569623761e-09
1.8442675510007657e-08
1.8442675416905776e-08
5.463173587247684e-10
9.960993227360751e-09
6.105133860011469e-10
1.8442675532100606e-08
9.895792240919065e-09
5.971047981129582e-08
2.8935856691485274e-07
4.512220514924474e-07
0.0
1.8442675578954786e-08
1.8490101997448427e-08
0.0
6.879800229558506e-08
6.879800266366128e-08
4.7385311439750557e-07
6.031471005855524e-10
1.8466388807669847e-08
1.8442675805588943e-08
0.0
0.0
0.0
3.907764817553703e-08
0.0
4.932147183109483e-05
-4.951492413944852e-05
-1.8383964489348886e-07
0.0
-4.353624098927503e-08
-4.3536240999927315e-08
2.749061642384197e-07
0.0
0.0
0.0
9.776968403402942e-08
9.930927960999283e-09
0.0
1.527139938744282e-08
0.0
2.7920515387309147e-08
-1.806094106085801e-08
5.106616430583958e-10
-2.9289354969106494e-09
5.0840922842304935e-15
2.964490901282665e-08
2.749061644868008e-07
1.59700093866607e-07
6.041421248383623e-10
-1.4014679640456982e-07
6.175422952572035e-10
0.0
3.3463811780199552e-06
1.994103331363819e-08
6.222399303843788e-10
5.152900877190782e-10
0.001168623541810136
9.864276162311122e-09
1.96998744183881e-08
9.820762030161685e-09
9.820761841554046e-09
0.0
1.9052646191373467e-08
5.152897156831417e-10
0.0
5.073940969564493e-07
3.9209194844890665e-09
4.936782353304955e-07
-6.647127293035737e-12
