0
1.9417656915868057e-06
1.9711091466663147e-06
0.0
2.705914823697499e-08
3.894821813875591e-06
3.156518471421236e-05
4.68452184242316e-07
0.008677872897991924
4.513439097359042e-06
0.0
6.4091596823614365e-09
1.7020477363392243e-07
9.287187188306587e-10
1.0225439527316534e-09
5.060823876811449e-09
1.1407759504774915e-09
1.3839133072153592e-09
0.0
0.0
0.0
0.0
0.0
8.035555721941427e-10
3.1730398290896194e-09
1.0298155321784855e-05
1.982347122150839e-09
0.0
0.0
0.0
0.0
6.8497216184289876e-06
0.0
0.0
0.0
0.0
5.403320165307304e-06
6.824777863125091e-11
0.0
0.0
1.298112374071884e-10
0.0
1.2401530528094342e-09
0.0
7.186813262927369e-09
3.912683246783521e-09
6.271170934308494e-08
4.365986040954584e-06
1.0655881243351107e-06
3.218374772173238e-07
0.0
0.0
0.0
0.0
0.0
0.0
2.5056834701670387e-06
0.0
9.077583111430026e-10
1.352257674892402e-06
0.0
0.0
0.0
0.0
3.5769140457800196e-10
0.0
0.0
4.702243941369253e-09
0.0
0.0
7.324801483871368e-06
9.70246043119644e-09
0.0
7.8052109211874e-09
-4.51706482097177e-05
0.0
0.0
8.72256761085207e-20
0.0
7.973873115669108e-10
3.0736318113322938e-09
0.0
-4.5170648209264316e-05
0.0
0.0
0.18248456245416644
-2.1695806530210052e-07
0.0
0.0
0.0
4.164099260193443e-10
0.0
1.4025920702603686e-10
0.0
0.0
-6.146365434902772e-06
7.153970797143219e-10
3.4654926914825785e-09
4.637925291928971e-09
2.3108458766883375e-11
1.3558200917341175e-06
0.0
1.96017722839804e-09
0.0
8.305889901304757e-10
0.0
0.0
3.6137957158310288e-09
3.4702219131169043e-10
0.0
3.100236808377657e-09
7.406966450465504e-11
0.0
1.9607164810047613e-09
1.1659221223376986e-09
0.0
0.0
1.5655113354226948e-09
0.0
2.211396453736973e-07
0.0
1.4768985170544476e-07
0.0
6.9547425797557305e-09
0.0
0.0
0.0
-1.6226927154879398
1.622552288504826
8.756929956219573e-09
7.808865206786774e-09
0.0
4.1659210987887025e-10
0.0
4.13499372513686e-10
0.0
0.0
4.165778931297185e-10
0.00014646544707919496
9.16059012514494e-10
9.293604312410351e-10
4.0423017532733017e-10
0.0
4.4111114298263426e-10
1.7529733735484551e-19
0.0
3.819369697840913e-09
0.0
0.0
0.0
0.0
0.0
0.0
1.179433739233624e-09
3.045824866032065e-10
1.9422404453634714e-09
4.03099630056791e-09
5.708815453929412e-09
1.1890851953782737e-09
0.0
1.5050908620220834e-10
0.0
0.0
0.0
-0.09004855476478277
5.883077237391353e-06
1.9422404453634714e-09
0.0
4.24362204774984e-10
0.0
1.1940113186363226e-06
3.517090871606592e-06
0.0
0.0
1.0022890570966085e-06
0.0
0.0
2.9621489337396947e-06
2.765799746873248e-05
1.8567494089121269e-09
0.0
3.395643857817336e-09
0.0
1.2033843161965971e-09
6.869674169301915e-07
-1.5418720315303585
0.0
1.2241009156686644
0.0
6.17071261442334e-06
0.0
0.0
0.0
0.0
0.0
2.67384976604986e-05
1.1895008526509345e-05
2.2607509880406763e-06
1.4002862241864802e-06
6.897170160571833e-07
0.0
0.0
0.0
0.0
3.875303796011488e-08
5.967881267446041e-09
-0.0016939470314638297
0.0
0.0
0.0
0.0
0.0
4.756500254177552e-09
0.0
7.72689542742908e-09
0.0
3.4910990818861237e-09
3.9187272106341505e-09
0.0
7.897269862236563e-09
0.0
0.0
4.528307786648825e-09
2.424677931659438e-09
0.0
0.0
2.680926236205261e-09
0.0
2.7059150596085986e-08
5.473851763769548e-20
8.063689563870533e-09
3.9011388584758005e-09
3.9011388584758005e-09
-7.528441352595644e-05
0.0
2.566342474259677e-09
8.75868094965471e-09
-5.996718414049634e-06
6.082415846435699e-11
-1.1195097817925033e-06
5.58886038375791e-09
3.5449250981034587e-09
0.0
0.0
-0.09447753718704785
-2.803096760871964e-06
0.0
1.3493667484187682e-09
0.0
4.278510455133097e-09
0.0
0.0
-0.5699965455822902
8.016340482609937e-25
0.0
0.0
0.0
0.0
0.0
1.9471698270931082e-10
3.0319424177121274e-09
0.0
1.038488069263883e-06
-0.008375366001123602
1.4323749951839986e-09
3.766650059882984e-10
7.336251357503196e-11
3.950159121708854e-09
1.7420583065121417e-09
1.0164192517584607e-05
2.9764290196537807e-09
4.902122575874909e-10
0.0
0.0
0.0
0.0
0.0
0.0
1.7851206723972272e-06
2.162347953738681e-09
0.0
0.0
9.694028985581225e-10
6.082415846435778e-11
0.0
0.0
3.63129901620034e-05
3.546058812900276e-10
0.0
1.8426764162847969e-19
0.0
-0.002201898887325792
6.846562376894999e-06
0.0
3.137678135032913e-09
7.351923112574027e-09
4.624732479978935e-09
5.635729961926692e-10
7.84671931578322e-09
0.0
6.49557014208082e-09
4.4732977200009514e-06
0.0
2.051217488887197e-05
3.4320271223275386e-06
0.0
2.039987674046115e-09
0.0
4.83772867893433e-06
7.153970788421456e-10
0.0
0.0
1.7754439874262617e-20
0.0
1.1659221223376988e-09
2.4111712826886917e-06
0.0
4.315350085036376e-09
2.465789794270043e-09
1.490538838102553e-09
2.757782315995793e-09
2.962744122226325e-09
0.0
0.0
0.0001803303553145572
2.263691580222552e-07
0.0
1.8899659300810127e-05
9.692530652831646e-10
0.0
1.516779623752483e-09
1.7937971106986042e-10
-2.959306436722923e-06
7.370176058780684e-05
4.244455083520563e-06
0.00012080983317403432
1.3676235813157188e-05
0.00023230180777188134
7.140776560086794e-05
5.186208601124109e-05
-4.513439097359041e-06
-4.513439097359039e-06
0.0
0.0
0.0
0.0
0.0
0.0
0.0
0.0
0.0
0.0
0.0
0.0
0.0
0.0
0.0
7.19816654228036e-05
3.894555577680493e-05
7.162860865470854e-05
5.813325704796944e-05
6.890593384020669e-05
3.085816851386834e-05
2.97249840631274e-05
7.626492057150786e-05
0.0001241747659768554
8.184361259915858e-05
7.442011025427928e-05
0.00020711450611835195
2.694835812393889e-06
3.409115903591779e-05
5.590799940825048e-05
7.382317198993842e-05
8.184741670719537e-05
7.442117568462486e-05
6.508015585154072e-05
2.699505544829253e-06
3.4095929261443976e-05
0.00011390100382707994
2.014267651188678e-05
4.376654766156298e-05
6.557344446503405e-06
1.2790042550100104e-05
5.922724574040106e-05
2.8822248534221953e-05
3.764081382190557e-05
2.0147676579847962e-05
2.8578231327237033e-06
6.566850523791843e-06
1.2794554051121918e-05
5.923861696263487e-05
2.8833797000078113e-05
0.0
0.0
0.0
4.98238389388537e-10
0.00024072996705742835
0.0
1.0298155321784779e-05
0.0
0.0
0.0
0.0001969463991193251
0.00016934980058644927
5.482985684295481e-05
0.0002091739486455267
5.4829856843365425e-05
7.797821790363012e-06
0.00024363652788462526
1.7766517582182238e-05
4.7825311391734186e-05
5.7504238721648654e-05
5.75042387220583e-05
5.750423872246823e-05
0.0
0.0
-1.0298155321784848e-05
1.0298155321784836e-05
0.0
6.911737910981929e-10
9.800431729062587e-10
1.2200830001603526e-09
0.0
0.00019694639911922252
0.00016934980058634657
5.482985684285218e-05
0.000885487003033471
5.482985684326276e-05
7.797821790260218e-06
0.00024363652788452254
1.7766517582079442e-05
4.7825311391631424e-05
5.750423872154629e-05
5.750423872195586e-05
5.750423872236572e-05
0.00019694639911911995
0.00016934980058624393
5.482985684274954e-05
0.0008854870030333682
5.482985684316008e-05
7.797821790157406e-06
0.00024363652788441983
1.7766517581976646e-05
4.782531139152865e-05
5.750423872185341e-05
5.7504238722263207e-05
0.0
6.798219534140037e-06
0.0
0.0
0.0
0.0
1.6538285290130193e-20
0.0
0.0
0.0
0.0
-6.817621737511538e-07
0.0
0.0
1.971109146665965e-06
-6.849721618430105e-06
6.849721618431811e-06
0.000338425051377946
0.0008915755091628918
0.0006026743555925368
0.0016949728849832255
0.0019483132419372958
0.0007334608225950852
0.0002347405274090409
0.0012078007110006854
7.829255239808551e-05
0.0003786742519092598
0.0002994121488021696
8.845586391599137e-07
0.0
0.0
0.0
0.0010754943611284906
0.0001761666314892147
6.916117017380066
0.0
0.0
0.003034556627652866
0.0030345499069527083
0.0030322891559646393
0.0028928415854888997
0.002865612338202814
0.002149225444153476
0.0021615621894638636
6.558757328024792e-05
0.0
0.0
0.000683712034116013
0.0
0.0
1.0044693473219607e-19
4.323058863807473e-17
0.0018617646075030153
9.596033024065077
0.0
0.0
0.0
0.0
0.0
0.00014050310743250196
8.845586484410124e-07
0.0
0.0
0.0031169663523966124
0.0031169663523966124
0.002521300332045309
-3.9732675169215517
0.007587184488398729
0.00014049899425105036
8.845586438358363e-07
1.3535072815798512e-09
0.0
0.0
0.0
0.0
0.0
0.0
-0.0030345565594050656
-0.0030345499069526867
-0.0030322891559646176
-0.002892841585488879
-0.002865612338202793
-0.0019604280804925763
-0.0010519509245441358
1.77757543267755e-05
-5.785785347968755e-06
0.0028639631014480416
6.271170928107167e-08
0.0
4.770124026230223e-16
0.04323427459952742
0.04323427459952664
-0.0028639631014480424
0.00025658079343808695
0.00048385861660040316
5.813846452158874e-05
0.0006561917792617729
0.0006747853270341754
8.298263578764445e-05
0.0006007413954112443
1.1381611923971563e-16
3.980361006905334
-4.365986040954582e-06
4.365986040954581e-06
-3.1296346989987116
3.129629295678546
-5.403320165307307e-06
3.448695345161679e-05
5.8059148282854295e-06
5.80591482828553e-06
0.00010403197616773298
-1.065588124334665e-06
-1.0655881243349093e-06
1.0779295351190532
0.9708886570484463
-2.1996526185425022e-05
6.849721618444829e-06
9.154032343805225e-05
0.00023887730167736652
6.466423633115876e-05
0.43686507195051716
-0.43686539053122964
-3.218374772171544e-07
5.191497809083973e-17
3.4218939490375275e-17
2.4624605847028335e-09
2.462460583515841e-09
2.656832093280117e-06
0.00019228050739243232
0.0021889183857590326
0.002899642803473923
0.004010254422088982
0.002899642803473923
0.0002809913459469074
3.9427244285092806e-05
6.79706428897744e-06
5.36271783597254e-05
9.306301443367915e-05
0.0
0.0
0.0
5.825109334300026e-05
4.066665046221397e-05
4.064998841937887e-05
4.621235224237417e-05
1.0740967343812892e-06
0.00018033035531455716
6.793178211255963e-06
0.0
0.00018368930654730114
0.00012227417774976523
0.0001203957223675995
0.0006751540999350302
0.000872819131829436
9.516119809957715e-05
0.00010563419718590224
-0.0031169663523966133
0.0
3.894821813570524e-06
0.004859160366193714
0.004010254422088982
-0.004010254422088981
0.03244203173126338
0.0
0.0
4.62368325453852e-05
4.163600568815357e-05
0.0003862552026027764
0.0
3.417653427935952e-05
0.0015627122145848173
0.00020415310742056183
-0.005710323658785654
0.0004883461987113944
0.0
0.00012554188849130436
9.572262573990157
-11.078747609048499
1.5063569874863798
-2.505683470167041e-06
0.0
0.0
0.0
9.70725484512682e-05
0.00010292174840119516
0.0
0.0
0.0
0.0
9.845019708377943e-05
9.845019708377934e-05
-1.3522576748922712e-06
-1.352257674892347e-06
0.0
0.0
0.0
7.462521023437865e-10
0.0
0.0
0.0
0.0
9.430189648272213e-05
0.0
4.0674718122996775e-05
0.0
0.0
0.0
0.0
0.0
0.0
2.705914819679071e-08
1.045065240242851e-10
1.9417656914611602e-06
0.00019612330201391052
2.5362777845599243e-05
0.0
0.0
0.0
0.00014050618106431338
0.0004981381124067026
0.0004981381124067028
0.00029941214880216946
2.7059149342359867e-08
0.00026085400255963656
0.0002608540025596363
3.181854977609991e-19
3.0504097464265123e-18
0.00013640650014138989
0.00011082770387350335
2.897838133929962e-06
0.0006432399137788491
0.0003962731212111205
2.07979869953696e-05
3.072365579602345e-05
0.00012017429329669748
0.0003730309127269003
5.524062638765914e-05
1.295186548292427e-05
0.00027851220582305534
6.218464879227534e-05
0.0005700177396152213
0.0
3.870540242175111e-06
0.0
3.6171913584546416e-05
7.764586234451219e-06
2.3845140852414774e-05
0.00013556328134282483
0.00013556292365142026
0.00013556328134282483
0.00013556328134282483
0.00013556328134282483
2.924384701697885e-20
3.2438232037424446e-20
0.00020867330571298868
-7.698670319528081e-05
0.00013168482955058067
0.0
-0.00010966344830661497
7.066690700794213e-05
0.0001096553468413926
0.0003931263479138754
0.0027672377485253898
0.0027672377485253893
0.0
5.900158829391557e-05
0.00045211205456563945
0.0
-0.009493679117102425
0.0
0.0
0.0
1.7939117726678546e-05
0.0001704318734015693
0.00017343059075739813
0.0021068874570822752
0.0
3.812188540522644e-05
-0.00020854643760075882
0.0
0.0
0.0
4.99954194384883e-06
0.0029065689261049614
0.009493679117102426
5.173494608877517e-08
0.0
0.0
1.9730801441770623e-05
0.0007264479719834194
-0.02701982165825123
4.540024710404051e-22
4.778077323232682e-06
9.092975478079385e-05
0.0010021845973140482
5.069290971018604
-5.070225756376103
-7.32480148387138e-06
0.0
1.994325208336175e-05
-0.0002442556596369166
9.995169867371166e-05
3.600126339488503e-06
0.000848905944104729
0.5113522682676862
6.150639273436825e-10
0.0
0.0
0.0
1.0587548340099941e-06
1.0587548340092794e-06
1.058754834008744e-06
0.0021889183857591466
0.0
2.0672048077102046e-09
0.0
-2.1460478391221945e-10
2.705914574267597e-08
0.0
0.0
0.0
0.0
0.0
1.003391135719421e-15
5.035837637551811e-16
1.4955014398702863e-15
7.059774555753222
4.5170648209717716e-05
1.7020477363389384e-07
0.0
-7.0598197264014315
0.0
6.348381229015821e-17
6.209326655156184e-17
0.0
0.0
0.0
1.029815532178469e-05
0.005526897571585327
0.0001153439183308119
0.0
7.733419504552265e-06
0.0015456581602623168
0.0
0.001553391579766869
4.213173569277878e-06
1.4102463794024654e-05
0.00018163266320287035
0.00016454395982889468
0.0001386453549758264
9.393591350224131e-05
2.1475351128616278e-05
0.0
0.0
2.0734546577346407e-05
3.4038183096474443e-16
3.4035688039549467e-16
3.4839304789848004e-16
3.403382267912087e-16
2.5362777845599087e-05
0.0
0.0
0.0
0.0
0.0
0.0028088461690026203
0.0033151510510567054
1.9352702318640685e-06
0.0
0.0
7.194757478934996e-20
0.0006501759902186228
0.0003720699779973121
0.00037207095825642224
0.0
0.0
5.008081268999855e-05
5.944234415609152e-06
5.353947479082079e-07
8.412394097813854e-05
8.982219549699755e-05
0.0001187825420063288
8.164548567004229e-05
5.008081268999719e-05
5.9442344156074766e-06
5.353947479069028e-07
8.412532010136729e-05
8.982326825249785e-05
0.00011878254200632703
8.164603844361805e-05
2.2585324104632165e-05
4.5170648209264316e-05
0.00017161160864879313
0.0
0.002395489950983698
0.002395489950983698
-0.18248456245416644
-0.18207184649528907
7.967307918802076e-05
0.0010552977184058337
2.1695806530210322e-07
0.0011351877556591567
0.0
0.0
2.6852418904478446e-07
0.0
2.8131607336089283e-05
0.0
0.0
5.6227960882025134e-05
5.622796088202513e-05
5.622796088202511e-05
5.6227544472099116e-05
5.622796088202512e-05
0.0
2.1175162298227764e-06
2.9804488027009215e-06
0.0
0.0
1.2804022522217851e-10
0.0
0.0
0.0
0.0
0.00013658064429135803
4.963797591945433
0.0
0.0001956729380468746
-4.96412984552777
0.0
4.963934172729983
0.0
0.043884467123346836
0.00017160338307265028
4.573874487577351e-10
0.0
1.2218799782216358e-11
0.00011662751028054488
-0.00011662751028054027
-0.00018879736366087893
-0.0011096112649197065
4.7811818953492945e-05
0.00191072289478326
1.6405466365563652e-09
5.068657210432356e-09
0.00018117227302099983
6.146365434902775e-06
0.00018732520064244882
0.0
0.0
4.358349564080114e-19
0.0
0.0
0.0
0.0
0.0
0.0
0.00033608318807162185
0.0
0.0
0.002494118664054919
7.488050760201673e-20
0.0013425742065118677
0.0
9.43421773400636e-05
0.00014021012725278395
0.0
4.586797302117904e-05
0.00011686205844657819
0.0001874877381573409
0.32776860180199724
0.000302665226491134
0.0
5.511240599272394e-05
5.224414957105621
-5.224416310064172
-1.3558200917339667e-06
0.0025822752978942607
-8.508268448293731e-06
0.0
0.0
0.00099686429993666
3.1996088862448483e-05
-5.6722903775103845e-05
0.0
0.0
0.00024307397340609082
0.00017872904800401317
0.0003689214015994604
4.8195568756003416e-05
0.00024574379427669084
0.00013123498513796153
0.00015414512918469233
0.00027769347621591504
0.0
0.0
0.0
0.002978230170880361
0.0032193748077708395
4.82159739401528e-11
-1.7020477363390996e-07
0.0001508957972537954
7.037852235919589e-05
0.00022305880709468654
0.0008024488156843306
0.001023200535609899
0.000212689243390273
0.00016566282623580337
5.903753077021214e-06
7.741080484351281e-06
2.7059146984731263e-08
0.0
0.0
0.0
1.2012946061017728e-05
3.0001478356207672e-05
9.932156489246998e-10
0.0
8.911442004963014e-09
0.0
0.0
0.0
0.0
0.0033169365263349846
0.0
-1.004360577592218e-06
0.0
0.0
0.0
0.0
0.00758718448839873
0.002521300332045309
0.0011614474402591485
0.0
0.0
4.2527105773023443e-07
7.467785209688738e-05
7.425258103915717e-05
1.4539381406520924e-19
0.0
0.0032193748077708403
0.0032193748077708403
0.00025682631894860335
5.805914828285627e-06
0.0
2.0901086502299995e-10
2.0903817556519255e-10
2.090255369514099e-10
5.805914828284723e-06
0.0
0.0007097735919619442
0.001998360187039372
0.00019843514710364576
-0.002906568926104962
0.0
3.870540242174909e-06
5.805914828285355e-06
3.894821813784097e-06
0.0
0.0
0.0
0.0033169365263349846
0.003315151405662587
0.0
0.0
0.0
0.0
1.0871877901871814e-09
7.3246683701653915e-09
2.4128927328103286e-06
8.530021211468411e-06
1.0450799047425109e-10
1.130899706296266e-10
0.0
0.0
0.0
0.0
0.0
0.0
5.805914828283118e-06
5.805914828282884e-06
0.0
0.0
0.00093617198649894
0.00093617198649894
4.998724632745526e-06
5.000157007777043e-06
0.00034759093103267424
0.0
2.651247449468481e-09
1.697821928784579e-09
0.0
1.697821928784579e-09
-1.9388753772981727e-05
2.232473022086827e-10
0.0
0.0
0.0004359073933812805
0.0
0.0
0.0
0.0002792316093772376
-1.76826113295203e-05
0.0
0.0
0.00020333692238822876
2.0734546577614317e-05
2.4607387017538527e-05
0.0
1.931074748247619e-06
0.00014212506696747377
0.0
0.00016935833760034326
0.0
5.4838219649096484e-05
0.0
0.00020918220707149678
0.0
5.4838219649507125e-05
0.0
7.806302995061401e-06
0.0
0.00024364505745712276
0.0
1.7775219507980425e-05
0.0
4.7833927210166354e-05
0.0
5.751269013128787e-05
0.0
5.7512690131697586e-05
0.0
5.751269013210758e-05
0.0
2.211396453663052e-07
2.2113964535153727e-07
2.2113966124311116e-07
2.2113965617911227e-07
2.211396508794069e-07
8.845586343657734e-07
0.0030345565594050725
0.0030345499069526936
0.0030322891559646245
0.002892841585488886
0.0028656123382028
0.0021492254441534612
0.00216156218946385
-6.558757328026158e-05
0.00020630008851813255
0.00020630675142277745
2.586030446305065e-07
2.5860304466246614e-07
0.0
0.0
2.7059153744852448e-08
0.0
0.12612154312475585
2.4892617365629167e-05
2.4195967374152843e-05
5.574959273018295e-07
2.7059151159109613e-08
0.00021271152244975997
0.0
0.0
0.0
0.0
0.0
0.0
0.0005599445146392268
0.0003744869694907369
7.217677320264229e-10
0.0
5.1059294088724944e-05
3.851999118042433e-06
0.0004751211570494834
0.00011783561342883035
0.0003217441238388338
0.0001199813812507841
0.00023922708229632525
2.723325830936027e-05
0.001008724455224864
4.8102138260530914e-05
0.00040176982654045376
0.001383142236329546
0.0014167585921601202
0.0002036518735650279
0.000196664143869651
6.461188487927888e-05
0.00013944988869727922
4.011023302219495e-09
0.0002923375611755537
0.00024923624723182476
0.0002129724628795818
0.000265603738505169
0.0003071473272404203
0.00022142762789181025
0.00024447596282315076
4.7871640782984334e-05
2.3182215687462424e-09
0.01619402416436936
0.00023772723449550022
0.0
0.0
0.0
0.0
0.026327880574122803
0.040344165994784534
0.00043279207359002176
0.0
5.181434833327119e-11
0.0
2.973862656532937e-06
0.00017773978063079438
0.00012532083140521347
0.0
0.0
0.0
0.0
0.0
7.400568074883299e-05
0.001037007508847989
0.0018094646680515535
1.6226927154879398
0.00019190781697497587
0.0
0.0
0.0
0.0
0.0
7.225058801156202e-05
0.0
0.0
0.00014446592159116623
0.00014446592159116623
0.0001444659215911662
0.00014446550499905636
0.00014446592159116623
5.637508379235916e-05
2.159607386745765e-05
-1.6231776630755537
2.6172272179163343e-06
0.0
0.0
5.1992109213322235e-06
5.199210921332217e-06
5.199210921332205e-06
5.198797421959714e-06
5.1992109213322125e-06
4.5783422308281625e-05
3.155634992781428e-05
0.0
0.00015521967376563295
0.00015521103351326463
0.00015535872336497014
0.00015521967376563303
0.00015535872336497022
6.437221881448659e-05
0.0
0.0
0.00012870918324709284
0.00012870918324709284
0.0001287091832470928
0.0001287087666691997
0.00012870918324709284
0.40579981478735483
7.918018318673225e-05
6.554231001440747e-09
0.00015837347483546759
0.0
0.0
0.0004672760658362924
2.3810284795979928e-05
0.0
7.209961703035819e-20
1.9352701210874628e-06
2.7210407082785658e-05
1.2041441230953886e-05
7.4895198683860285
0.0
0.00453568681955702
-0.00014646544707919496
0.004985212878672222
0.008839201608880494
0.18751790636163906
0.0
0.0
0.0
0.0
0.0
0.0
0.0
0.0
6.229608444169762e-09
0.0
0.0
1.7918896004963977e-05
0.00021023652485515813
0.0
0.0
0.044323216267838805
0.0
1.4616685945067436e-10
0.0
0.0019532010410712826
0.0019532010410712826
0.001103234395972867
0.0
1.1530828238816851e-06
0.0
3.9273062228793036e-05
0.0
5.785043339949228e-09
4.72828064059109e-05
1.1446473876261436e-05
0.00011749788423366919
3.191418615618052e-05
0.0004765460106183151
7.436321110420709e-05
7.491054138987833e-05
0.0
0.0
-0.0024816568790676204
2.5279413596776317e-05
1.5029655463130675e-05
0.0006293604465182452
0.0
0.0
0.0
0.0
8.83251748504524e-10
0.0
0.0
0.0
0.0003518374188050591
0.0026449640001233567
0.002391960749174786
0.0007926624608956957
0.04444371025255877
0.0003937552928698614
5.429561790295485e-10
0.0
0.0
0.0
0.0
0.0
0.0
0.0
0.0
0.0
0.0
0.0
0.0
0.0
0.0
0.0
1.3096421038010691e-09
2.6852418589704216e-07
0.0
0.0
0.0
0.0
8.9042685265103e-05
0.0
0.0
0.0
9.79089637535399e-10
0.0
0.0
0.0
0.14360291579974152
0.003968049708003642
4.4146479776799636e-05
0.0
5.799946947017307e-06
0.0
0.00011476804153895507
3.27873908301367e-05
1.2119443093316213e-05
0.00027392014312415926
0.0
0.001614904682341104
9.4038223359563e-05
9.403822335956303e-05
9.403822335956298e-05
9.403822335956292e-05
0.0
0.009861689346829898
0.0027939970955335085
5.593007895108532
0.0
0.00010426576996378262
9.838269272639124e-05
-5.88307723739137e-06
5.101373800528948
0.5604869314857883
0.0
0.0
0.0
0.0
5.661860804243973
2.6852418520289987e-07
2.6852418661569524e-07
2.6852418735816054e-07
0.0
0.0
0.0
0.00033213839818577363
0.08904224438313209
0.000569897216772261
-3.0523432056575706
3.1423917604223535
5.032520963622743
5.661860804243973
0.01874466641378727
0.0
0.0
0.0
0.0
0.002391960749174786
6.916117009732879
2.536797372432821e-05
0.0008052818590942931
-0.08014855490341692
0.0003346107593073355
2.4096890092652487e-09
0.004012196187780443
-0.0002753206152964501
0.00012463657907069088
3.927306222879317e-05
3.92730622287932e-05
0.00016343724484289805
-7.902464807075781
0.9862085309031354
-1.194011318636321e-06
2.6299121613460618e-05
0.0
0.0
0.0004730732918940372
2.4174760670973425e-09
2.1992809422130323e-09
0.0
0.0
0.0
1.2272983302084088e-06
0.0002644125805695593
-2.962148933739705e-06
0.0
0.0
0.0006015008719342832
2.6179777967258876e-05
1.1447396711310522e-07
0.00037963799879720347
0.0006880021847306685
0.00019216293335268416
-1.3932838589839025
1.393256200986434
-2.7657997468732482e-05
0.0003197945172276622
0.00018765185622206048
0.0003508606941119636
-1.0022890570966388e-06
-0.0004924580433115303
0.0003599086799965134
3.569857377423741e-05
0.0004797941944233919
0.0
9.447932374327817
-10.588788437016744
1.140852545598054
-3.51709087160654e-06
0.0
1.0740967342741175e-06
1.0740967341402996e-06
1.0740967341938293e-06
0.00039083001222324417
0.0028099845959620004
0.0
0.04433509853770219
9.769503656619092e-05
0.0
3.5723471384326963e-19
0.0
0.0
0.00021271899289191507
0.0
0.0
6.546618461162672e-09
0.00011711860114764456
6.251693666796526e-05
8.832517484962855e-10
0.0
2.4128927319762696e-06
0.0019571415582109925
3.811369481933134e-05
0.0
0.0
7.940866669618035e-05
7.94086666961819e-05
0.0
0.0019571324699229177
0.0
2.5362406710056298e-05
2.535919477102523e-05
0.0
0.0
2.5367973724328296e-05
5.805914828281164e-06
3.870540242174708e-06
2.598095346737721e-05
0.00029990109659153624
0.000224605522580539
0.0
0.00011575144050104388
7.88038364322483e-05
0.0002947061370740934
2.358985487778901e-05
-6.869674169300827e-07
-2.4276822294718925e-05
0.0
0.0
0.0
0.0
-1.2241009330121022
-0.4159014914300224
2.466604389844149e-05
6.170712614423271e-06
-6.170712614423315e-06
0.0
0.0
0.0030345565594050803
0.0030345499069527005
0.0030322891559646315
0.0028928415854888936
0.002865612338202807
0.002149225444153469
0.002161562189463857
-6.558757328025476e-05
0.0
1.935270231837619e-06
0.0
0.0
0.005987359482430118
0.0
0.0
2.658437876172196e-08
9.388112020067313e-09
1.0446617672449462e-10
2.6852418232403436e-07
2.6852418330921155e-07
2.6852418171596905e-07
2.685241819392418e-07
2.685241827362494e-07
2.685241881237159e-07
0.0
0.0010535079595476418
0.00015358913122695732
0.0009186665100769084
-5.013239177102477e-05
8.530595707460073e-11
0.0
0.0
0.0008489059441047298
0.0008489059441047298
0.0
0.0005190931381838498
-0.0005458316358443484
-2.6738497660498566e-05
0.0
0.0
4.909132778599022e-06
1.2576794901772108e-19
1.1895008526509352e-05
-1.1895008526509347e-05
0.0
5.805914828285012e-06
0.0
0.0
0.0
-5.96631857566661
5.9657262455038405
0.0005923301627699066
-0.006274304309331584
0.004919835094293208
0.0013425742065118675
0.0008489059441047297
0.00027201390300764813
-2.260750988040557e-06
1.447949310825427e-05
0.0001059669156036488
0.0
1.1237344698532018e-09
1.3840877466545917e-09
0.0005010199011059672
-1.4002862241863887e-06
-1.4002862241862595e-06
1.541872053942452
3.566211022405718e-08
2.425089725480116e-06
2.20693460508593e-06
2.538172306182153e-07
2.2069346050859896e-06
2.2069346050860764e-06
0.0428748771057819
-3.2496878189100924
3.2496882443902146
4.2527105773029605e-07
0.0003593974937447323
1.547650892258007e-05
-0.0004409991209167649
0.00044169135580253335
-6.897170160572135e-07
-6.897170160571968e-07
0.0008489059441047297
0.0008489059441047297
0.0004981381124067024
-0.0025213003320453085
0.0
0.00020462223109357888
-0.00020461658109586708
0.0
-0.004859160366193714
0.0023532627928267726
0.0
3.718834786414645
3.718834788234546
0.0
0.0
0.00023853787827985646
0.00017562303449026635
0.0
5.7518134124123526
-5.751813450301164
-3.8753037960026115e-08
-6.117128478272547e-06
1.220452536504662e-05
0.0039098527812742355
-0.003909852781274236
-0.003909852781274236
0.003909852781274236
0.0
0.0
0.00016882705285450457
0.00016882705285450701
-0.00758718448839873
0.002521300332045309
4.915818931870715e-06
5.258841978957321e-05
0.00033842505137794606
0.00033842505137794595
0.00033842505137794595
0.0
0.00013571480065958837
0.0018046535564937116
0.0002464213256894703
0.0016939470314638301
5.732756588921704e-05
0.0
0.0
0.0
6.271170915725504e-08
8.042933601196214e-09
0.0
3.4175930189996566e-05
0.0
6.040893629483777e-10
0.0
1.276146365348591e-09
4.522194397815393e-06
5.731729735793232e-05
3.417781042572488e-05
5.7317757765315075e-05
4.522194397815394e-06
0.0
3.602916670271229e-05
0.0
3.603720963435731e-05
0.000609189462865721
4.680400706367177e-05
0.003909852781274236
0.0
8.424226895018215e-05
-8.42392175589049e-05
0.0
3.5698573774237245e-05
0.0
0.0
0.0
0.0
0.0
0.0
0.0
5.009216487840454e-09
7.728300832561515e-09
0.0
0.0
0.00016907826359701314
1.5105830129982282e-05
3.29967978234027e-05
7.876364568986543e-06
6.323992800976777e-05
9.175452599941921e-06
6.433224170401053e-05
1.3365343169163847e-05
0.0
0.0
0.0
1.6910320379034461e-09
0.0
0.0
0.0
0.0
0.0
0.0
0.0
0.0
0.0
6.25535015792635e-05
7.198166542280396e-05
3.8945555776805383e-05
7.162860865470888e-05
5.8133257047969865e-05
6.89059338402071e-05
3.0858168513868795e-05
2.9724984063127828e-05
0.0
0.0
4.25404646374838e-09
3.0398882239035826e-09
0.0
3.013572695262369e-09
3.08080515347385e-09
1.5651630050245253e-09
3.366483033909929e-09
0.0
0.0
2.5901782609349184e-09
0.0
0.0
2.0358486326263698e-05
5.035496046995255e-05
0.0
0.0
0.00014203694044507368
0.0
0.0
7.625862484216964e-05
0.0
4.091297857530407e-05
0.0
0.0
0.0
0.0
1.9388753772981727e-05
1.7020477363691865e-07
0.0
1.5458068536444196e-05
0.0005467493620787267
0.0005623724359311024
0.0
0.0
0.0
0.0
0.0
1.0701604279737154e-05
2.705915506142914e-08
0.0
0.0
0.0
0.00035181886044259917
0.0
0.0
3.873717388160314e-09
6.02724041249515e-11
6.02724041281966e-11
0.0
0.0
0.0
0.0
0.0
9.57535456865961e-20
0.0
0.00028217481059419035
0.0007868142617448047
0.001068985986702657
0.0
4.490683392345175e-05
0.0
1.545932848814884e-09
0.0
0.0
0.0
0.0
0.0
2.865480567332e-10
0.0
8.552423567553816e-05
8.552423567553813e-05
8.552423567553816e-05
0.0018617375338259288
0.0
0.00019031976003106498
4.12447069191664e-07
0.0
2.895563002752932e-05
0.0
1.1167691781077874e-07
1.032441838018076e-07
0.0
2.8944607966182385e-05
4.0801913279272335e-05
0.0
0.0
0.04485921219674906
0.00027310466982249216
0.0005920066726090013
1.7416256203438057e-05
4.2857409991823416e-05
2.0734546576849636e-05
2.0734546577126737e-05
0.0001706336165293213
0.00017063230688911635
0.0
-2.705915053688726e-08
-2.7059150450217982e-08
2.0734546577508915e-05
1.4677981847821225e-05
0.0
0.0
0.0
0.0
0.0013464809827192956
0.0
0.0
0.0
0.0
0.0
0.0
7.905722589077321e-20
0.0
0.0
-0.00017180143717642464
7.528441352595647e-05
0.00010977855034062044
0.00013730730036176064
0.000277911355850751
1.4139918998093537e-20
8.552423567553813e-05
9.855976490072384e-05
9.855976490072386e-05
0.0
4.0802196692844134e-05
0.0
0.0
0.0
4.1736049128194673e-07
4.17360491281633e-07
0.0
0.0
0.0
4.9045486205175244e-05
1.9848931337334317e-05
7.553384850709383e-05
2.905389083149668e-05
4.079242803280981e-05
4.0827867342332674e-07
0.0
-4.905237908698625e-05
-1.9855884503795265e-05
-7.553826624226345e-05
4.279723075345843e-05
0.0
0.0
4.2797230753465717e-05
0.0002324288390310271
0.00023456904674119523
0.00012080174039682054
0.0
0.0
0.0
3.8565107038815316e-06
5.996718414049636e-06
4.235032459645832e-06
0.00016907826359701766
0.00016907826359702002
2.6852418390864105e-07
1.1195097817925127e-06
1.1195097817925067e-06
3.279165537589409e-12
1.058761392341312e-06
3.2791654362217937e-12
5.000157007777922e-06
-0.0011095589914580585
2.1175162298225553e-06
0.00019083126520104716
0.0
2.117516229822857e-06
4.235032459645748e-06
1.0298155321784816e-05
0.0
0.0
6.849721618434631e-06
0.0086368904271936
0.008636890427193783
0.0013464810871841328
3.894821813845091e-06
0.0
0.0
0.0
0.0002530032509485709
0.0
4.845652308407204e-10
9.027316025363527e-05
5.368684488494693e-05
0.09564090950876603
0.005673036152382262
0.18586042149927184
2.4348801060518657e-05
0.0006372509015033077
4.0462298598994184e-05
2.656832093280004e-06
8.857764615059351e-05
0.0003109490208071781
4.0009010470144536e-05
3.6583080015470485e-05
2.285398161365971e-05
0.0031695269933005085
2.6513189693390745e-06
0.0004138792296685214
0.00032567241105182587
3.5676896054375145
0.0
0.9801802886467659
0.004647851483718741
0.0029371482343641094
0.0004370604762049744
0.00037089555215064486
0.00012806716382750673
1.1393697497202083e-05
0.00013538519383208663
0.09447753718704785
0.09464796209905285
0.0
4.77527297649466e-05
0.0021698068137722313
2.8030967608719666e-06
0.0019466295940476434
0.00027373304625040657
8.984527279714276e-05
4.3777172761477577e-07
0.0
1.2164203123204928e-09
2.670161626537514e-09
0.0
2.65083440409663e-06
2.285398161365959e-05
1.160620202784097e-17
1.9764890916717366e-05
0.0
0.0
4.432624967296177e-09
0.0
0.0
0.0
0.0
0.0
0.0
0.0
0.000877198151504668
0.0008771981515046679
0.0
0.0
0.00023154812764514886
1.6531903910397478e-05
0.0
0.00037862643088388805
8.642273255386741e-10
5.90375307702134e-06
0.0
0.0
0.0012179822300272963
0.0
3.0000485140558844e-05
0.0
0.00035912190807351477
1.881496085871799e-09
3.643124601826064e-05
6.400960934322531e-10
0.00011553860129688205
0.0
0.00027868076873955596
2.0366817899158914e-09
0.00013868781310555453
0.0
0.0001305409702576655
0.0
1.9016504871738094e-05
2.1996526185424894e-05
0.0
0.0
0.00027092921378495035
0.0
0.0003747749024153444
0.00013768345252796225
5.903753077021279e-06
0.00022460552258053932
4.469276656459825e-05
2.1492216692265246e-05
4.5403538408010415e-05
5.881569752177814e-05
0.00018630888159834575
0.00020883055117580578
0.0002310128684861147
9.995169867371192e-05
8.46396633589011e-05
5.84531599425722e-05
0.0
2.9209343190389125e-09
0.0
0.0
0.0
0.0
0.0
0.0
0.0
0.0
0.0
0.0
0.0
0.0
0.5699965455822902
0.16419673451817518
0.0001431621255297196
4.2727454948291224e-05
0.002767237748525389
9.236744355735137e-09
9.286518885643721e-09
0.0
1.9354792460000515e-06
2.7190843449163103e-09
2.7059154186651314e-08
2.7059154537294615e-08
2.7059154793270453e-08
1.9310747482475855e-06
1.0456545843476974e-10
1.0454383646345362e-10
0.0039098527812742355
0.0
2.373612503882895e-09
0.0029065690662546544
0.0
2.373631106969127e-09
0.0
1.9352702284874445e-06
1.7855027004700992e-06
1.497675246414506e-07
2.705915191753663e-08
2.7059152605180536e-08
2.705915321606961e-08
9.673115747410401e-05
0.00013766395672055375
0.0
1.4014969263108543e-10
0.0
-0.002906569066254655
3.156518471421236e-05
0.0
0.0
0.0
0.0007164090151188534
0.0026671043263893596
0.00011070844345059189
7.024257426811633e-05
0.00019977941164981905
5.092547989275322e-05
0.0002205657589672464
4.781563381241525e-05
1.3308808089958052e-05
0.0
0.0
0.0
0.0
5.0001570077753464e-06
0.00016937221281828322
7.370176058780608e-05
0.0001744845929204917
4.244455083519667e-06
0.0002481115684254254
0.0001208098331740336
3.451933294284533e-05
1.3676235813156299e-05
1.344198650480868e-05
0.00023230656802409705
5.9827219537092656e-05
7.140776560086702e-05
0.00010228304317345035
5.186396652771079e-05
0.00038165437574554486
0.0007821781890592724
0.0014067401966997607
9.154032343805239e-05
0.00011575144050104404
0.07088674182718845
1.0209181133055216e-06
9.115966219137885e-07
1.9310747482475567e-06
0.0002830623406062845
7.625841812858528e-05
0.00012416863937893285
8.183836738955511e-05
0.00047315024530000777
0.00038987407226698896
2.690436765732238e-06
3.4090547466524365e-05
0.0
0.0
1.9310747482476016e-06
0.0
0.0
0.026760679793380284
0.0
0.04034416599478454
0.0006219014681891813
0.0001247166540627134
2.6087154994715426e-05
4.4301861354757825e-05
9.06808257523998e-05
0.0001026165991362618
0.00017800991492328473
0.00017303215391978517
-0.001103234395972867
0.017507666926919983
0.0449539766307326
-0.14360291579974152
0.04444371025255878
0.0
-0.12612142865078876
-0.0002347147689304097
3.925636472337931e-05
0.0
0.0
0.0
0.0
0.0
0.0
8.707584024080617e-05
3.925636472337995e-05
5.939478414865387e-06
0.0
4.144403822203275e-05
0.0
8.411664868522144e-05
0.0
8.982412454472417e-05
0.0
0.00011877129796064789
0.0
0.0001441994287386483
0.0
0.00012633220496418486
5.930591176179442e-06
4.143519320945894e-05
8.411376041902563e-05
8.981522972732368e-05
0.00011876239866713218
0.00014419053478427214
1.0384880692653984e-06
1.0384880692643883e-06
-0.0016077875359743641
5.95433342311725e-20
0.0
0.0
0.0
0.009083914625741178
0.008375366001123602
0.00016393502963561426
7.198166542280322e-05
3.894555577680445e-05
7.162860865470818e-05
5.8133257047969e-05
6.890593384020626e-05
3.085816851386789e-05
2.9724984063126977e-05
7.626492057150756e-05
0.00012417476597685503
8.184361259915856e-05
7.441936400217659e-05
0.00020711450611835162
2.694835812393744e-06
3.4091159035924935e-05
0.00011390100382707962
2.0142676511886395e-05
4.37665476615627e-05
6.558090698605612e-06
1.2790042550099748e-05
5.922724574040068e-05
2.8822248534221618e-05
1.5105830129981913e-05
3.299679782340226e-05
7.87636456898619e-06
6.323992800976733e-05
9.1754525999415e-06
6.433224170401007e-05
1.3365343169163423e-05
0.0
0.0
0.0
1.691032038133348e-09
0.0
0.0
0.0
0.0
0.0
0.0
0.0
0.0
0.0
6.255350157926313e-05
-3.278739083013544e-05
3.870540242175317e-06
2.7059150336359774e-08
0.0002426717327488898
4.9987246327736465e-06
0.0
0.0
1.0298155321784724e-05
0.00011558960136934162
4.017354876546446e-06
5.308724535081289e-05
2.9320187469967644e-05
2.5032956363004377
0.0
0.0
0.0
0.0
1.9636531114396447e-05
0.026200064871542725
4.9987246327645214e-06
0.0003320250783750309
7.092737388214665
0.00014074899500633248
-0.00011377027783578117
-9.68640254722843
-1.9655762576110503
0.00034759093103267424
4.9987246327695376e-06
0.001201058633028256
0.0016077875359743643
0.0
2.9795354958929363e-06
0.0
0.0
0.0
0.0005797170895756091
0.0
0.0
0.004012196187780443
0.004012196187780443
0.0004981381124067025
0.0008489059441047293
0.004010254422088982
0.0008489059441047291
0.004012196187780443
0.0008489059441047296
0.0007385493413848562
0.0
0.0
0.0
4.523191217236242e-06
-0.43671907997886533
0.43670439259513055
-1.0164192517584592e-05
-1.9562305463591012
0.0
0.0
0.0033151510510567063
2.0350418720334166e-05
5.0345467388993624e-05
0.0
0.0005537910954364121
0.0007947399509067506
0.0
0.0
0.017507666926919983
0.0
0.017507666926919983
2.8938855803410143e-11
2.0350418720333542e-05
5.034546738899283e-05
0.0
0.0005537910954364114
0.00079473995090675
0.0
0.0
2.5032956363004373
3.9732675169215517
8.249561074075249e-10
4.99872463275869e-06
-0.00025546819574477224
0.00017616663148921466
9.850280404161562e-06
0.00024562656442333195
0.0
-5.966630343302417e-05
8.354118419377676e-05
0.00015087342527672268
0.00022332351564654872
-1.085417245103574e-06
3.78966676329972e-05
1.4740860467001594e-05
0.0006925012127224081
0.0005010218076964673
0.0
1.9065905482646333e-09
0.00021862194953336178
0.00028306378059330447
0.0
1.4399870682038247e-09
0.00021862110073789554
0.0
8.487955144721971e-10
0.0032773879464209526
-9.777478662006443e-05
1.029815532178458e-05
0.0
0.0
2.6512474494667348e-09
0.0
-1.7851206723972776e-06
-1.7851206723973386e-06
-1.7851206723974119e-06
1.9764890916717376e-05
1.965583345389496
1.965583345389496
0.00017723239799569845
0.0
0.0
1.93527012108693e-06
7.741080484351278e-06
3.870540242175748e-06
0.0006593344183076638
1.772967127082104e-09
0.0
0.0
0.0004325217447465019
0.0004325217447465019
2.685241845339431e-07
3.894821813692614e-06
0.0
0.0
0.0
0.0
0.0
0.0
0.0
2.3367080226132444e-05
0.00016874101738105794
4.4819166056130244e-05
0.00032708074667210673
3.0933362630389123e-06
1.6808629682456952e-05
9.029619605189667e-05
3.77709677756101e-05
0.0001564110989719995
8.588965381860896e-05
0.0002565735553384717
6.325681249970439e-05
0.022557161419085793
-0.0214317709867541
2.3053157450640947e-17
0.0
5.690981077772098e-08
5.715682536548317e-08
0.0
5.715682536559381e-08
5.7156825365668094e-08
1.074096734113563e-06
1.9943252083361847e-05
0.0021889183857590326
5.28569123335945e-20
0.0
0.0
0.0
2.1953030782095218e-07
0.0032193748077708403
-0.0032193748077708395
0.0
0.0
0.0
0.0
0.0
0.0
0.0
0.0
2.0906456138323378e-10
7.467785209688738e-05
0.0024984846500958734
1.9388977020283932e-05
0.0006152020463626375
7.593787780169809e-22
0.0
-1.3998697308202195
1.3998334244056145
-3.631299016200341e-05
0.0
1.994325208336194e-05
1.994325208336193e-05
2.0906185604394564e-10
1.9352701217353104e-06
1.935270121412326e-06
0.0033151514056625865
0.0033151510510567054
0.0013425742065118675
0.0
0.0
0.0
9.290264600074055e-10
0.0
0.0
0.0
0.002201907855962693
0.002201898887325792
1.99432520833619e-05
1.805952507394815e-18
1.8059524765184292e-18
0.00016419843182000684
0.00017104499419690465
-6.846562376896113e-06
6.849721618435229e-06
0.0
0.0
1.5601330259720598e-05
0.0010598930308687697
0.0
2.090485548876526e-10
2.0905649059965668e-10
0.00022993678694292746
0.00032480250231707965
0.00018266549792334447
0.0
0.23048410978031617
0.0
0.0
-7.120554727176242
0.0
0.0
0.0
0.0
0.0
0.002188876870421454
0.0
5.4829856842646944e-05
0.0
-0.027406692591334693
0.0
0.0
0.0
0.0
0.0
0.0
0.0
0.0
0.0
8.750820811785364e-05
8.845586392495761e-07
8.845586393105573e-07
2.6852418452265846e-07
2.685241845156646e-07
1.153082823865484e-06
0.00016907826359701536
0.0
0.0
0.0
7.73752065420424e-05
0.0032193748077708403
7.4895198683860285
1.7677368635661127e-05
8.363218664721987
-8.363222096109013
-3.4320271223276343e-06
0.0
0.0
0.0002442556596369167
7.916129984359846e-05
7.059451654504878e-05
0.0025640277869936
0.0
0.004919835094293208
0.0
0.00020128269470887493
0.0003704401394424763
-0.6356567027763612
0.635821387748331
-4.473297720000929e-06
2.0512174888871996e-05
-2.0512174888871983e-05
1.941765691578095e-06
0.012938547500183955
0.009618605802366603
1.1308997063016213e-10
0.0
0.0
0.0
0.0
0.0
1.248768410341807e-05
2.0512174888872033e-05
0.0002510204041203174
0.0
8.944347823905901e-05
1.9417656914615838e-06
0.06572382829223576
6.663423080131126e-18
0.00096140912108467
1.831449384508093e-05
6.959167159838879e-05
8.790587713853312e-05
6.959167159838893e-05
0.0
2.883049362914526e-10
0.0
0.0006861044541115165
1.306935171608749e-05
0.0011711750347028628
0.0004850687606906148
3.000665120506528e-20
-4.837728678934422e-06
-4.8377286789343675e-06
-5.966292280429477
6.166758102567595e-19
0.0
9.192858235420548e-09
9.307379949346707e-09
0.00024368837935458663
0.00024368837935458663
2.439580456915489e-15
0.0
0.0
1.9417656915868057e-06
0.0
1.0344010381619416e-09
0.0
-0.0012010586330282558
5.996703939385215e-20
-2.410136881650735e-06
-2.411171282688785e-06
5.927810430664505e-17
0.00033815652719402405
0.00027532061529645003
0.0
0.0
0.0
8.845586438761197e-07
8.845586438859789e-07
0.0003381565271940231
0.00038165437574554496
0.001103234395972867
0.0003816543757409719
0.0002753206152964501
0.00027532061529645014
0.0003816543757455449
0.00038165437597608337
4.773090185170269e-07
8.915760627250879e-07
9.472701473845909e-07
0.0
0.0
0.0
0.0
0.0
6.271172606974096e-08
6.271172593092733e-08
0.0
0.0
0.0
6.27117256532273e-08
0.0
0.0
6.688501236956716e-05
0.0003816543757455448
0.0003381565271940235
6.271172534949038e-08
6.271171450226746e-08
0.00010634253022813094
0.0
0.0
0.004135258764261298
0.0
6.271171976105865e-08
6.271172490915923e-08
1.935270122058148e-06
4.909132778597477e-06
2.9738626565377157e-06
0.00022297176542664966
1.0298155321784667e-05
7.804933336341962
-7.804933330971279
0.0
3.1565184714212316e-05
-0.00018033035531455724
-0.0001803303553145572
9.98024547586715e-05
0.00017711856494224347
0.0014410700961301778
7.998136553781683
-7.998136787363749
-2.263691580222183e-07
0.00016907826359701203
-0.004699007491422158
0.0
2.440360729969088e-05
-2.439648611331141e-05
0.0
-0.00102667594130601
1.97549726824118e-15
0.0
9.980245475867138e-05
9.708006035604787e-06
-1.889965930081005e-05
-2.860766533641471e-05
0.0
0.00024864818446508586
1.7916986176689963e-06
0.0
0.0
0.0
0.0005441826782643065
0.0
0.0
0.0
0.0
0.0
0.0
0.0
4.32622318168249e-05
0.0007197726998746277
0.0004767957727629351
0.00028919846536524043
2.9593064367229255e-06
