0
0.0
0.0
0.0
0.0
2.3645577604001988e-06
2.1747866929078144e-07
0.0
0.0
5.2617379417051216e-09
7.89221320995465e-10
0.0
5.978675839724824e-08
0.0
0.0
0.0
0.0
8.127575526327578e-09
0.0
0.0
9.801626556032977e-09
0.0
0.0
0.0
0.0
3.90961481167171e-07
0.0
0.0
0.0
0.0
0.0
0.0
0.0
0.0
0.0
0.0
6.072752212108809e-09
0.0
0.0
9.448089540490704e-09
5.220930755525876e-10
0.0
0.0
0.0
0.0
0.0
1.6315714679079652e-09
0.0
0.0
0.0
0.0
0.0
0.0
0.0
0.0
0.0
0.0
0.0
4.284242843070605e-09
0.0
0.0
0.0
1.4107537917838932e-09
3.0547918909369507e-19
0.0
1.912279868638736e-09
0.0
4.2868331947854166e-09
0.0
0.0
0.0
0.0
0.0
9.688458496766787e-09
1.0153236823344514e-10
1.2631451133466865e-11
8.115484908183321e-10
0.0
0.0
1.9900888839991896e-09
0.0
0.0
1.0153211604801982e-10
1.5405184578378669e-25
0.0
0.016497908835318986
4.898172075146524e-13
2.018403747394179e-08
0.0
0.0
9.6869972510866e-09
0.0
9.541850000537575e-09
0.0
0.0
0.0
0.0
0.0
7.65587421160757e-09
0.0
0.0
0.0
0.0
0.0
0.0
0.0
0.0
0.0
0.0
1.092572774964346e-08
0.0
0.0
7.546837094574346e-10
0.0
0.0
0.0
0.0
0.0
0.0
0.0
0.0
2.9643010297636423e-09
0.0
9.826751009514772e-09
1.4881342135503223e-09
0.0
0.0
-0.007459599788475657
0.007459611855836101
0.0
9.094916456404326e-09
7.753058106861124e-09
0.0
3.1751134024358542e-09
0.0
0.0
0.0
6.444912415472343e-09
0.008713105523663603
0.0
0.0
1.313006599626157e-08
0.0
0.0
2.2462924736441484e-20
0.0
0.0
0.0
0.0
0.0
0.0
0.0
1.3819186256596031e-08
0.0
0.0
4.849132384301892e-09
9.528090011580646e-09
9.3232498341807e-09
7.591827845858699e-09
0.0
0.0
0.0
1.6112958236054677e-16
1.0701456496627059e-09
-0.004218683315549643
5.382374260870337e-07
4.849132384301892e-09
5.0425168364047125e-09
0.0
0.0
0.0
0.0
0.0
7.934608299129717e-09
9.328580987699863e-07
1.5815978599270974e-09
0.0
0.0
4.4428835876357404e-05
0.0
0.0
0.0
0.0
0.0
0.0
0.001297877399535352
0.0
0.020220733760656806
1.970463788558413e-08
1.4470379744567893e-08
0.0
0.0
0.0
0.0
0.0
0.0
0.0
1.1309433888483684e-07
0.0
0.0
0.0
0.0
6.127729265386959e-09
1.9790879923309405e-08
0.0
9.459253807385087e-09
3.807409086793723e-09
1.523400063606734e-08
1.2917241279565897e-07
3.096794548225859e-08
0.0
9.27764640916572e-07
9.963024982197062e-09
0.0
3.819346933717851e-10
0.0
3.5232922014072154e-09
8.56886665142024e-09
0.0
0.0
0.0
0.0
0.0
0.0
6.215169157010655e-09
0.0
0.0
0.0
0.0
3.9756921639456978e-22
4.645901325531151e-09
9.007278570379836e-11
9.00727857037969e-11
1.6921684881229457e-10
0.0
0.0
9.589330058210829e-09
1.3484967484523337e-11
3.735883672374791e-09
0.0
9.777456116566515e-09
0.0
0.0
6.649117216736402e-11
1.4166927537158851e-06
6.29764973215886e-12
0.0
0.0
0.0
0.0
0.0
0.0
-0.022740157681444106
8.268703290944753e-25
0.0
0.0
0.0
0.0
0.0
0.0
0.0
0.0
0.0
5.911889158867267e-07
0.0
0.0
0.0
0.0
0.0
0.0
0.0
0.0
0.0
0.0
2.4874832924731217e-09
0.0
0.0
0.0
2.4889148826650833e-08
0.0
3.2878595298482847e-22
8.499134285297763e-09
0.0
9.518040000218244e-09
1.5239059624981996e-10
0.0
0.0
5.724916253206423e-11
-1.5239029690744036e-10
2.4187094766562038e-17
7.63537981362633e-09
0.0
0.0
0.0
0.0
9.78324722778991e-09
1.7297924047397513e-09
9.68289646233079e-09
9.781680416570789e-09
7.635379813621612e-09
0.0
0.0
0.0
1.0468247968117251e-08
0.0
7.578352252533397e-09
0.0
0.0
0.0
0.0
0.0
0.0
0.0
0.0
4.110132397246142e-11
3.686478293646913e-08
0.0
0.0
0.0
0.0
0.0
0.0
0.0
0.0
1.05871123987393e-07
0.0
0.0
0.0
0.0
0.0
0.0
3.116679455172797e-10
6.647519232121091e-12
0.0
0.0
0.0
0.0
0.0
0.0
0.0
-5.261737941674675e-09
-5.261737941684839e-09
0.0
0.0
7.08853491165329e-09
9.985097145164517e-09
6.047084097931723e-10
5.922614593508236e-10
9.98800123164223e-09
5.900303823027653e-10
0.0
0.0
9.97258946834365e-09
9.974852364289108e-09
9.987476541121698e-09
9.988001355166242e-09
1.833384875452448e-10
1.2735929045672156e-05
1.863985584695826e-09
8.723512807953154e-08
1.9107118730622323e-06
4.870194819464447e-06
9.212435522060171e-07
2.4483803176678273e-07
6.992691395850586e-08
1.510270383541015e-08
0.0
1.4527288718720349e-08
4.711567770365655e-06
1.58072352557434e-06
9.433558833307605e-07
5.751354384577942e-08
1.5068830267427697e-08
0.0
1.0664099357053854e-08
0.0
1.5590956271661044e-06
9.467695920423519e-07
1.0941328950688077e-06
8.484225573700014e-08
1.7416557365906445e-06
6.680309443941831e-06
1.3972427322304696e-06
5.3942539436358265e-08
7.965329545162987e-07
0.0
5.792637024382248e-10
0.0
1.1188390020743264e-08
8.14444940722457e-08
0.0
7.373768896678747e-07
0.0
4.0873003204695434e-08
0.0
0.0
3.6843286175549566e-05
-4.2150127184225744e-10
3.9096148116441315e-07
6.046257633936942e-10
5.91927504706079e-10
9.987919970503902e-09
1.796661707867711e-06
0.0
1.79256896431068e-06
2.7237670539625218e-08
1.7925689995865687e-06
0.0
9.848937397461486e-09
2.5254595016079843e-06
6.636088315729679e-07
1.2694125157661464e-07
1.2694128674187638e-07
1.269413219600473e-07
9.931030470401838e-09
9.928832930789373e-09
-3.909614811667919e-07
3.9096148116637943e-07
0.0
1.9940092392883998e-08
1.9949366015553497e-08
1.9974869260551722e-08
1.99759214491964e-08
1.7966616990508933e-06
0.0
1.7925689554923836e-06
7.809692780490207e-09
1.7925689907669154e-06
-5.755603762471959e-09
9.848928576346464e-09
2.525459492787339e-06
6.636088227524731e-07
1.269412427952444e-07
1.2694127794678645e-07
1.269413131518881e-07
1.7966616902340037e-06
0.0
1.7925689466740726e-06
7.809683573990019e-09
1.7925689819472302e-06
0.0
9.848919755048367e-09
2.525459483966687e-06
6.636088139316149e-07
1.2694126915172223e-07
1.2694130434376945e-07
1.9876847523415795e-08
0.0
5.971303732432464e-10
5.850153465223544e-10
9.801626556078164e-09
0.0
0.0
0.0
0.0
9.92964501873694e-09
6.00150954430174e-10
-1.3985631514422242e-08
9.86429346817424e-09
4.832687688242785e-10
0.0
9.651891864647488e-09
0.0
-9.942119713656286e-09
6.578445796044134e-07
0.0001498021161447444
0.000162218764112566
2.5134192215778505e-05
8.752404180028822e-07
7.616452103262497e-08
4.327335781686894e-05
5.129712572925734e-09
1.2301736923909208e-05
1.8557138927848543e-05
0.0
7.088534912758856e-09
2.896562234616257e-09
1.3061758698937306e-20
0.002848582847614744
0.0028467268633565333
9.109967470510373
5.432739019697241e-10
6.086824377898053e-09
-1.8348574102114434e-07
-1.868867738601815e-07
-2.999811118085949e-07
-1.960657815928968e-06
-1.941509326010001e-06
-1.9346465743291102e-06
-7.912797029240026e-08
3.2094906546454185e-06
0.0
0.0
-1.4576161100643761e-05
0.0
0.0
0.0
0.0
8.919721080795193e-06
7.597841454172952
9.448089540653909e-09
0.0
-7.320446055013635e-11
1.9902607238008658e-08
5.422544045635203e-10
1.5589901106752064e-05
0.0
2.982825574684373e-08
9.925648484436327e-09
0.0033546840100251987
0.0033546840100251744
0.0
-2.0865560248010965e-07
9.004104615989477e-07
1.5589889521762535e-05
0.0
9.908035754841143e-09
5.263882750439107e-10
9.962187668660764e-09
9.962187644272662e-09
9.918066048852846e-09
5.362763472480705e-10
9.918066073190508e-09
1.677778287275808e-07
1.8688677324858304e-07
2.999811111979722e-07
1.960657815318345e-06
1.941509325396839e-06
1.4196619777841202e-07
7.105427179687762e-07
2.5354242173205346e-06
5.904474398745998e-09
0.0028534094574661985
1.6315715402623987e-09
0.0
9.204260277369314e-16
0.003126761820769139
0.0031267716595926864
-0.0028534094574661504
2.8910562132170293e-05
6.707119023771565e-07
0.00014141601224793867
9.818640547059445e-06
1.0875952242859798e-05
6.936593314359719e-07
1.232976500438104e-06
8.738869415183644e-15
0.017948941175173018
8.917914244803963e-09
0.0
-6.025885263248095
6.025885257175342
0.0
0.00015681628822578097
0.0
0.0
0.00042435066469989884
9.98486976601506e-09
9.984869641880688e-09
-0.18078026356765142
-1.8510054609855894e-06
-1.8815652314240535e-05
0.0
4.965680965971028e-08
8.911739170711174e-05
2.4593544945011808e-05
9.906620363658268
-9.906620323710229
9.986690910470324e-09
0.0
0.0
9.968802130138893e-09
9.973010866268615e-09
2.8688526836904213e-07
8.410688949106523e-09
4.8869800983428693e-08
0.0006192797776887679
1.1115277103266458e-06
0.0006192797776886442
3.123941875900861e-05
1.2230741938116787e-05
0.0
0.0
1.2232359572092247e-05
0.0
0.0
0.0
0.0
3.3760914150764617e-06
3.3568520345857392e-06
1.2211728462759248e-05
0.0
1.0587112392629388e-07
0.0
5.859552021285504e-10
1.3838327125217306e-05
5.756551264632639e-08
1.8095076588636844e-06
9.844166648412047e-06
1.0888894200439509e-05
9.918418052400264e-07
3.1436586969655656e-07
-0.003354684010025223
0.0
2.3645577594924293e-06
1.1026651246803798e-06
1.1115277100721416e-06
-1.1115277101479693e-06
2.38315334125947e-05
1.317977282104607e-10
1.3179772817206994e-10
1.0386959784110702e-05
1.2262567186638985e-05
1.3693837235918133e-05
5.661902028159909e-10
1.561707416625708e-05
0.0002961486940412845
0.00028713558693549315
-0.0017974706916605854
0.0024084706780599747
0.0
0.0
0.00035077904598199605
-1.102040134802074
1.1016893746189318
9.468155551261584e-09
0.0
0.0
1.04117203138179e-08
0.0015407505899962372
0.00020148800399454907
8.305046101533956e-10
0.0
0.0
0.0
1.3697355843528128e-06
1.3697355842553579e-06
9.969370811613808e-09
9.96937071338001e-09
0.0
0.0
0.0
0.0
8.261445052827862e-09
0.0
0.0
0.0
3.3779211824951647e-06
0.0
3.3858137263795405e-06
0.0
8.873984624388029e-08
0.0
0.0
1.0361237537708824e-08
9.918066097526648e-09
-9.769814891959477e-09
3.7860518489546076e-11
0.0
0.0004272635829288203
8.103294735051833e-08
9.968992226289417e-09
6.037244058677529e-10
6.01637731916386e-10
1.5579927334069154e-05
0.0
0.0
1.8557138927799907e-05
0.0
1.9517135220275864e-05
1.951713522002628e-05
2.4982064557800037e-16
3.879611462087999e-17
1.384816957850039e-05
6.532220481342164e-08
1.2981776092030949e-06
9.811064914024986e-06
1.0884799505588884e-05
7.571890158969115e-08
3.2285897257130164e-07
1.506239255371382e-05
6.053896978296443e-07
0.0001401178346387797
7.575633078342994e-09
0.0
6.179404298911164e-07
9.101175279110164e-07
0.0
0.0
0.0
2.9364363220470173e-07
6.887099662554008e-05
2.0759573989993023e-06
0.00014248119531348817
0.0001424831075933568
0.00014248119531348817
0.00014248119531348817
0.00014248119531348817
0.0
0.0
1.431343186891562e-06
6.187628152161742e-05
6.330903546230082e-05
0.0
-5.336013802147675e-09
1.0053511003905553e-07
0.0
2.4428598893887882e-05
5.007266130419366e-06
5.0072661303219005e-06
0.0
6.2181600851037895e-06
3.0626818044167346e-05
5.899210332038051e-10
-3.991400306609105e-05
0.0
0.0
0.0
2.1829861285728414e-06
1.3635432627280114e-06
0.0
3.5406863715054305e-06
0.0
1.4628105527826767e-05
-1.598172843611817e-05
5.385322961772255e-10
0.0
0.0
0.0
1.7567271280675076e-07
3.9914003066065235e-05
1.8892709876858343e-08
0.0
0.0
0.0
0.000605033208276727
-0.0012704745583584226
0.0
0.0
0.0
0.0
5.973535477848815e-05
-5.8325163130642907e-05
4.674548135011198e-10
0.0
4.9271658859265395e-06
-0.001628666034686776
3.079625872610117e-05
0.0
0.0
0.06430198682760646
7.05049307395118e-09
0.0
1.2450168932824484e-08
0.0
0.0
0.0
0.0
4.886980999575397e-08
0.0
5.7816532620892045e-09
9.769885759292006e-09
3.9023605533227663e-10
0.0
0.0
0.0
-3.099794269457709e-10
0.0
0.0
0.0
0.0
0.0
0.1645975588046758
-1.0153236823344514e-10
5.978675839880566e-08
0.0
-0.16459755870314297
-1.262989712813578e-11
0.0
0.0
0.0
0.0
-8.177180147288075e-10
3.909614811369805e-07
4.9738139932808956e-06
0.0
0.0
0.0
0.0002297302737101257
0.0
0.00022972263649109867
2.7721816410188414e-07
0.0
4.896154665654908e-07
0.0002094070400799241
3.024524463893122e-06
0.0
1.2625999962008088e-05
0.0
0.0
9.802800099213485e-09
1.7279978611538628e-15
1.75225936800219e-15
1.727944778570251e-15
1.7523337505506751e-15
8.103294727607948e-08
9.95466924082894e-09
0.0
0.0
0.0
7.93460829913505e-09
4.829701403161056e-09
0.0
1.7594823315169464e-10
9.973772796360327e-09
5.911970857871509e-10
6.80706092750969e-20
0.012430316783059107
0.0003322666885511875
0.0003322755678753448
0.0
0.0
0.0
0.0
5.893001567844084e-09
0.0
0.0
5.722713413826371e-07
2.754417055323175e-09
-6.433922769230084e-09
-9.827962914679429e-09
5.8930013925020865e-09
-9.629471044373251e-09
-9.249683770515136e-09
5.722713412044768e-07
0.0
0.0
-1.0153211604801982e-10
0.00014290731681330834
9.975447883917303e-09
-8.950612582483627e-09
0.0
-0.016497908835318986
-0.0156410823787253
7.054107085917694e-05
0.0
-4.89817207554357e-13
7.054043483174174e-05
0.0
0.0
0.0
1.0186215885306035e-08
3.717061968238348e-05
0.0
0.0
7.430242925903874e-05
7.430242925903872e-05
7.430242925903874e-05
7.429274226178765e-05
7.430242925903875e-05
0.0
0.0
0.0
8.591215491047545e-09
0.0
1.1101773236820894e-08
1.6554788599992395e-10
0.0
0.0
0.0
2.625206893072995e-05
0.0037632594049092916
-9.541849993387696e-09
0.0
-0.0037894930822884388
1.6131510363486767e-16
0.003789521015690162
9.541850695205314e-09
0.015557065529055447
0.00014290817634423115
9.963104242975866e-09
5.806785231539706e-10
0.0
1.1182339650258098e-05
-1.1182339650259797e-05
1.7926803759320525e-06
-6.217387243343044e-07
6.740664367051615e-07
0.00016345828448345416
5.300060689970197e-10
0.0
1.3533200122445646e-05
0.0
1.3533186291876664e-05
1.8033684596833154e-10
0.0
3.528457981641688e-17
7.635379813625149e-09
0.0
9.793193921617293e-09
9.793193897323774e-09
4.1319027391100683e-10
0.0
5.322051019264016e-06
0.0
-7.655874209838614e-09
5.247688461636592e-06
2.427359001464116e-17
0.0
0.0
0.0
9.961086899479946e-05
0.0
9.961480672225424e-05
7.299967533540595e-08
6.214350372060862e-07
0.04145901246269557
1.8138172104158214e-05
0.0
1.855612687997535e-06
0.0
4.836443068256813e-08
9.971863790884838e-09
8.166096236093523e-05
1.5045360727072557e-06
-1.2917241279603378e-07
-1.291724127956001e-07
9.0527529744775e-06
7.417152119859327e-06
-7.238285879340397e-06
1.997310572124322e-08
6.040758653541014e-10
0.00028450387962881545
0.0
9.598436714022184e-06
6.498870280891023e-05
0.00018188496404930045
1.9025824912584292e-08
6.779022751141973e-07
3.2866190922464356e-06
9.217031800984321e-09
6.035194984349e-10
0.0
2.3895625892790846e-08
-6.125265037644148e-09
9.559912371168715e-09
-5.978675839802531e-08
1.3805825145559662e-06
5.1260498833581684e-08
2.2263792426051553e-06
0.00021605301596668307
9.034119064294418e-06
6.299684838251187e-07
1.2706301305228938e-05
1.9410193882429856e-09
0.0
0.0
9.9737728454276e-09
4.568825583598007e-10
5.928062338433427e-10
2.41835358400772e-06
6.6541736368316e-08
1.9946566060187822e-08
5.886221239151582e-10
9.92508768010097e-09
0.0
7.832605545008899e-11
7.832605544743177e-11
0.0
1.5149098296600882e-08
-1.5199369722363794e-10
1.0436916766251122e-06
6.050050379162044e-10
1.9973954396294396e-08
6.034271009865668e-10
1.9876847198317506e-08
9.004104615935431e-07
0.0
0.0010564633104308129
-1.5306587176955228e-09
-1.5306587176961674e-09
-9.952688893961342e-09
5.050046275294827e-06
5.0599989642131185e-06
1.3294012980802273e-19
9.931030470602765e-09
0.0
0.0
-9.950596095687457e-09
0.0
0.0
7.571918088323627e-11
7.571919780481473e-11
7.571927784849239e-11
-1.560529337723453e-11
-2.469221214045677e-16
0.0
0.0
1.9501406730739263e-07
-1.756727128557345e-07
9.921190752721714e-09
0.0
0.0
2.364557760399985e-06
0.0
0.0
0.0
1.5149098296939563e-08
0.0
6.014097001186373e-10
1.9969223469092438e-08
9.985092485102157e-09
1.7726662462661647e-08
0.0
0.0
9.775394843874994e-10
1.0720940706206174e-09
3.786429899465703e-11
7.552952404962038e-09
8.252842529068798e-09
0.0
0.0
0.0
0.0
0.0
0.0
0.0
5.82919211312314e-22
4.2150126192656943e-10
2.7941080445355705e-06
2.7941080445355718e-06
0.0
0.0
5.4566897119475155e-05
9.252623173473561e-09
0.0
0.0
9.987857416443704e-09
0.0
6.2998774121134256e-09
8.808018641516621e-09
0.0
0.0
1.0772106954918051e-08
5.636540108077654e-10
9.959901851968637e-09
0.0
0.0
4.607980296249186e-05
1.992532230947908e-08
5.829621200813062e-10
4.598340091233682e-05
9.807803520584389e-09
0.0
0.0
-5.189339403815813e-10
1.3756800508168064e-08
0.0
0.0
1.4293084720273828e-09
1.801266596359272e-06
0.0
0.0
2.8780970486910522e-08
1.8012666316278155e-06
0.0
3.9192255215510784e-09
0.0
0.0
1.4064594333954252e-08
2.534898836028686e-06
0.0
6.727901503487969e-07
0.0
1.3649919418318083e-07
0.0
1.3649922934576062e-07
0.0
1.3649926456054291e-07
0.0
0.0
0.0
0.0
0.0
0.0
0.0
-1.6777782891069157e-07
-1.868867734542562e-07
-2.9998111140093486e-07
-1.960657815521308e-06
-1.9415093256008875e-06
-1.9346465739179808e-06
-7.912796987953608e-08
-3.20949065423228e-06
0.00021374932123434604
0.00021375705248187363
0.0
0.0
0.0
0.0
0.0
0.0
0.0028497580868734025
1.6833487584649905e-06
1.618820086633809e-06
7.087787358937764e-08
0.0
4.7386750105623865e-06
0.0
0.0
0.0
-4.4626410140625024e-10
0.0
0.0
0.001056484059363174
4.853772300079273e-06
9.887969019823272e-09
5.066067414094587e-10
1.4440677490152569e-08
5.312486718548382e-07
0.0
7.847986285796265e-06
0.00013999164012163173
2.7214203152474895e-06
1.0624707746178189e-05
0.0
1.3884003321349065e-05
0.0
0.0
1.3657704730557925e-05
1.1587978845890005e-05
9.944251676315175e-10
1.3486889835646403e-06
0.0003829096330934817
1.6701022482918223e-06
9.837524144656234e-09
1.3890866072209836e-05
5.456890523788716e-08
1.7837433213754398e-06
1.1158756793675039e-05
1.0956564097387982e-05
2.536418642281432e-06
2.0227554200631908e-06
1.0580303300041356e-06
9.42554335624946e-09
0.00020193373903743924
0.0
-9.534499544267341e-09
0.0
0.0
-1.5830694401419e-10
1.564687698954624e-07
0.001446811637190612
1.0624809608815812e-05
0.0
3.761469584570179e-09
0.0
0.0
5.259471138379875e-06
0.0008515716178976407
0.0
0.0
0.0
0.0
0.0
5.861806500637367e-06
3.450540239424216e-05
0.0006273164372448383
0.007459599788475657
7.248297561818354e-06
7.017136559972695e-09
7.017136559935653e-09
0.0
0.0
0.0
1.3471137095666035e-06
0.0
0.0
2.6551730598089027e-06
2.6551730598089235e-06
2.6551730598088925e-06
2.662926117915766e-06
2.6551730598089044e-06
0.00011927955784421762
0.00023848996826825625
-0.007800810750993037
5.663962898628644e-05
0.0
0.0
0.00011324044461296912
0.0001132404446129691
0.00011324044461296909
0.00011324361972637154
0.0001132404446129691
2.4116467510915344e-06
1.2826980711066224e-08
0.0
4.90019251147497e-06
4.890881237858649e-06
4.893845538888416e-06
4.900192511474995e-06
4.893845538888409e-06
1.8355905980810772e-06
0.0
0.0
3.6320631321609947e-06
3.6320631321609824e-06
3.63206313216099e-06
3.625618219745524e-06
3.632063132161011e-06
0.0020098251798155043
1.8896802916370706e-11
7.861485968299402e-11
1.950282553752027e-10
8.959666360397461e-09
0.0
0.0012086321252090992
1.7332665377120594e-06
2.9358413365909446e-07
4.3225716515144445e-18
0.0
3.251534749454821e-05
3.6281333315339244e-05
1.9450376092876567e-05
0.0
0.0006476594606715314
-0.008713105523663603
0.010217596073371154
0.012110873052800732
0.0033722821778566702
0.0
1.0328845693686057e-08
5.273171524445066e-10
1.979354159189776e-08
9.884563616782033e-09
5.032498225593272e-10
-1.3130065996264095e-08
-3.7114165907940048e-09
1.932350401904968e-08
0.0
2.5048804385415696e-10
0.007739647265087098
0.0
0.0
3.761469358209979e-09
0.004357805497863937
1.948970317570402e-08
0.0
9.914464499383158e-09
0.0003216771951988493
0.0003216771951988493
3.1109826542938554e-05
1.790501599720854e-08
0.0
0.0
-9.901755776894612e-09
1.9356449820085953e-08
0.0
0.0
0.0
5.113300496164899e-07
3.310173434315351e-08
4.0946948063093134e-09
9.16122903605523e-07
0.0
1.9692073943396007e-08
9.924697182519312e-09
-1.8216297822483936e-06
0.0
1.14803651055904e-07
8.896479313578274e-07
0.0
5.815436997851886e-10
0.0
9.956594576587818e-09
9.555999489228205e-09
5.094357214078872e-10
1.8717782985880854e-08
5.608810287297206e-10
1.0605102259067739e-05
0.0012501989045093545
0.0007489243519502322
1.9176338354809737e-05
0.0046053424615591365
0.0
9.88797508773374e-09
5.066127229553458e-10
1.9808752772794552e-08
4.546061913577194e-10
9.255779910251945e-09
0.0
0.0
0.0
0.0
0.0
0.0
-1.5199369758439138e-10
0.0
0.0
2.5505620037715503e-08
9.255779911994982e-09
9.915361186059638e-09
0.0
0.0
0.0
0.0
0.0
3.0674553079466144e-06
0.0
1.5494663781946223e-08
-4.394327414895214e-09
9.924526567416913e-09
5.426453740805349e-10
9.770241526575063e-09
3.905699050419969e-10
0.006719402295805477
-1.1772043542308494e-06
2.2788665619339322e-06
-1.612208630485945e-16
0.0
0.0
0.0
0.0005942400424011386
1.3929287020655771e-05
5.048723159009058e-06
0.0
1.9027051370596307e-05
1.8110583377007845e-06
1.8110583377494955e-06
1.8110583376520725e-06
1.8110583375790392e-06
-1.9756381750216513e-20
0.0038597477975963984
0.00023653578204194288
6.383318210355297
-4.0657581468206416e-20
5.154955570102908e-07
-2.2741869076628484e-08
-5.382374260870515e-07
0.002766668208029407
4.598557582278707e-05
0.0
0.0
0.0
0.0
0.002812652242555071
0.0
0.0
0.0
0.0
0.0
0.0
0.0004079817967796809
0.0036933997963691126
0.0001167748678951576
-5.064733632876738
5.068952316192288
6.383272224779474
0.0028126522425549463
0.0007053974955255961
0.0
1.9805214481207805e-08
5.653681400889528e-10
0.0
0.0007489243519502075
9.10996746058521
4.112511566345028e-08
3.500075563108196e-08
-0.007845588980879337
2.0926020159270445e-07
0.0
1.1016622076262049e-06
-1.558664785360317e-05
1.5101394510338358e-06
0.0
0.0
6.711509292356423e-06
-9.39595667504195
0.2859825740691827
9.90109689316941e-09
0.0
4.247003190316692e-09
0.0
0.0016472325012405603
0.0
1.8774918414247266e-09
0.0
1.9356449819726354e-08
4.108942161245413e-10
8.72818174725825e-08
1.1232537932513239e-06
9.888811245978228e-09
0.0
0.0
0.0
1.830036916365335e-09
0.0
0.0038798174869148615
0.0
0.00010990863901064912
-4.4420283890289625e-05
0.0
-4.44288358763574e-05
1.7007000338016507e-06
5.3431563358079794e-05
1.0329354597891527e-05
-9.328580987699481e-07
4.0650744476816714e-07
2.1262952185151338e-05
1.8313737848504493e-05
1.3520146777490287e-07
0.0
14.057273092047927
-14.057277348283723
4.265996297301875e-06
9.76049745008838e-09
0.0
0.0
0.0
0.0
0.00029420030374804695
0.0005190453961900362
6.033551094494975e-10
0.004391575855353211
0.0
0.0
2.494965767444586e-16
1.9692073943720635e-08
0.0
4.745498815942841e-06
0.0
1.871778301052887e-08
0.0
1.1030930713229052e-05
0.0
9.555999489565526e-09
3.3483934790091474e-10
9.725288675285786e-10
5.107509013703709e-05
0.0
3.994814910235583e-08
9.986123039595896e-09
0.010894177065104454
0.01089417706510435
6.050838729335252e-10
5.106519647272035e-05
0.0
7.107827796089382e-08
3.2039804188488863e-08
0.0
5.926207852785559e-10
4.112511573791001e-08
0.0
0.0
5.622832245490957e-06
1.067155540437427e-05
8.610762970429086e-05
0.0
0.0
0.0001388121692194237
3.2505654037936173e-07
0.0006324160595451587
9.983318682975112e-09
-0.0006324060762263519
0.0
0.0
1.0020050248234299e-08
-1.0240403918731234e-08
-0.02022075358284564
-0.016261619372668554
4.278925792973407e-08
1.4470379718809677e-08
-1.4470379731696542e-08
0.0
2.8798083844101387e-09
-1.773989164800577e-07
-1.8688677365548412e-07
-2.9998111160563223e-07
-1.960657815726005e-06
-1.941509325805585e-06
-1.934646574122678e-06
-7.912797008596817e-08
-3.2094906544388475e-06
1.0411721281205235e-08
1.7594819054761735e-10
5.490572853789508e-10
5.490572853143932e-10
1.0032688165257514e-05
2.3740641976171375e-06
0.0
2.9778748729769627e-08
9.969170643807948e-09
5.2871136025474406e-12
0.0
0.0
0.0
0.0
0.0
0.0
0.0
0.0004981834866578213
0.0006647613633655783
3.5034212172369426e-05
-1.171124668808215e-06
0.0
8.082863576261619e-09
0.0
0.0
0.0
0.0
4.113980797084342e-06
-4.106985454569757e-06
6.995342512634862e-09
1.9850023683640576e-08
9.931030470671811e-09
0.0
4.543664681441441e-13
0.0
9.628122547516199e-09
2.978105415438887e-08
0.0
1.9850023683575298e-08
5.468908260518045e-10
5.468908259909697e-10
1.4948970061823275e-08
0.0
0.0
-3.9920128331150107e-05
3.993779633515451e-05
0.0
0.0
0.0
-1.1309433884473942e-07
0.0003817385084247141
0.001341590907448175
0.0
0.0
3.193713339157764e-08
4.879815776528627e-08
9.98288773816484e-09
9.982887837973273e-09
-0.0012978577576835638
0.0
3.5241750817404332e-09
5.47178481608726e-10
0.0
5.47180447468682e-10
5.471822839832519e-10
0.002872194850882609
-0.00745819639084111
0.007458186513872083
0.0
0.00025457680871008665
0.0
-0.0017833994281041318
0.0017834150329196846
3.3238515473178027e-09
0.0
0.0
0.0
0.0
8.88279253798141e-09
0.0
1.2821074713888215e-05
-1.281791813444248e-05
0.0
-1.1026651247775243e-06
0.00029546460721017716
9.986254218409367e-09
0.02939379784246359
0.02939379171473433
-6.127729264718902e-09
0.0
0.00011593600524948491
1.5875030719193625e-07
-1.0326197813945605e-08
8.097753306015848
-8.097753286044412
9.985183226478024e-09
0.0
8.723194491047058e-09
9.188848646889354e-07
-9.188848646996678e-07
-9.091954305491226e-07
9.188848647192501e-07
0.0
-8.419877529795826e-11
1.5039513476334498e-08
1.503951350185915e-08
-9.004104615962659e-07
-8.882792505021664e-09
0.0
1.3038387607750286e-07
0.0
0.0
0.0
0.0
0.0
0.00011307448144570403
0.00011306862487976464
-3.807409086793723e-09
0.0
1.0253659503290028e-07
-2.146124471282795e-08
-2.1461244712835384e-08
1.6315716849586217e-09
1.9440509162126468e-08
0.0
1.560710883231631e-05
5.828768267849129e-10
9.965333892071013e-09
5.858455198525946e-10
9.96834493557528e-09
1.4540837467263706e-08
1.1374140129715052e-07
1.5627042511241355e-05
1.2618269544310664e-07
1.4540837467289696e-08
0.0
9.313011426479161e-05
9.861958252968897e-09
9.314955477395122e-05
3.3155017636864615e-05
7.546387883812885e-07
9.188848646591513e-07
0.0
0.0
-9.183719899499452e-07
-9.180748769661875e-07
1.8313737848405722e-05
0.0
0.0
0.0
0.0
0.0
0.0
5.717823025541981e-11
7.308827084376767e-09
3.818976373262364e-10
0.0
0.0
0.0
0.0
0.0
0.0
1.277878847222865e-06
0.0
4.395616843168914e-09
0.0
7.506813470607848e-09
0.0
0.0
0.0
2.7962076061019073e-09
0.0
0.0
0.0
0.0
0.0
0.0
0.0
0.0
2.7985920487834674e-08
1.273592904571612e-05
1.8639858637242294e-09
8.723512812377794e-08
1.9107118731061285e-06
4.870194819508766e-06
9.212435522508838e-07
2.4483803181099706e-07
9.521531898116937e-09
0.0
9.429601769529053e-09
0.0
0.0
0.0
6.108247914910343e-09
0.0
9.878192301886024e-09
0.0
9.116448465679622e-09
9.636895867237884e-09
2.8982553034535345e-09
0.0
2.891838282934731e-09
9.912066884937527e-09
0.0
1.2979638026665834e-08
4.7299666579718594e-06
2.4526153914474346e-08
0.0
1.109030178448205e-06
7.438480001369749e-08
1.7583932831612137e-06
6.660004605499422e-06
1.306161342335418e-06
6.079993555405179e-08
6.526431294027354e-08
-6.2998774365079745e-09
5.978675843916046e-08
1.1633862828288865e-18
3.887476845745397e-07
0.0002958399628380983
0.0002962791632560813
0.0
0.0
0.0
0.0
0.0
0.0
0.0
0.0
0.0
-8.56886665142058e-09
0.00021129297217471743
0.0
1.2882854946477451e-08
9.986292710756035e-09
9.982922753796336e-09
9.982922753051086e-09
9.964062305657344e-09
9.96406230528283e-09
9.976365097246762e-09
9.97636509686146e-09
9.946583658533407e-09
0.0
9.946583657484148e-09
4.342090134996707e-05
8.178538676151503e-06
5.159010588464289e-05
9.334141475589655e-09
0.0006081693294212957
1.3562741844105192e-08
9.887968509941277e-09
5.066062387846326e-10
0.0
9.889941991601269e-09
9.889941991606584e-09
9.889941991902033e-09
0.0
0.0
3.132387282674421e-07
3.1323872826756385e-07
3.1323872826733287e-07
8.919738320705931e-06
0.0
3.1659376272134276e-06
4.644184050450541e-06
0.0
2.0226713123617734e-07
0.0
0.0
0.0
0.0
1.928569772255393e-07
2.9677566239405637e-06
0.0
0.0
0.0072499105106969
2.5733240299950183e-06
3.1380511876238656e-05
2.551250430055948e-06
5.628536842259197e-08
9.79779328192367e-09
9.800297153274692e-09
0.0003637429066213382
0.0003637329912601545
5.336098353980722e-10
9.76971724634052e-09
9.769711411417453e-09
9.805302196347397e-09
2.343445612373564e-06
0.0
0.0
0.0
0.0
0.0
0.0
0.0
0.0
0.0
0.0
0.0
8.65516549133346e-18
0.0
0.0
-1.3702055196007906e-07
-1.6921684881229457e-10
0.0
1.4607315527704893e-07
1.0803527570878677e-08
3.262549776213764e-19
3.0359097342754217e-07
0.00030616204881866755
0.00030616204881866755
9.900041083633619e-09
2.9677505759765957e-06
0.0
0.0
0.0
4.64731525247927e-06
4.64731525266621e-06
0.0
4.989474001993939e-08
3.029475708580212e-08
0.0
4.2959316477912604e-09
0.0
1.9430624243993038e-07
2.957965599659869e-06
4.6374319505559525e-06
0.0
1.281125896054544e-07
6.044157204029496e-09
1.3373854909799754e-10
0.0
0.0
-2.1231680007370354e-10
0.0
0.00037684299014162576
0.000319328957351395
7.052132096443976e-05
0.0
0.0
0.0
5.751401930526328e-05
-1.348496748293515e-11
0.0
0.0
0.0
0.0
0.0
-2.684807746707442e-12
0.0
0.0
0.0
0.0
-0.002717364078221521
0.0
7.789430430608825e-06
0.0
0.0
0.0
3.9096148116558766e-07
0.0
-3.976800356174879e-10
0.0
0.007739583820174135
0.007739583820173802
0.0
2.3645577604001293e-06
2.4506038610578167e-17
9.820702439472268e-09
4.403024844466064e-10
0.0005012745525590981
0.0
0.0
2.7474045829061998e-08
2.7297604229040615e-05
0.022835044400412823
0.010990053165168873
0.0026084682709116755
0.0
0.00023625524360590427
4.2639782732782435e-05
2.8688526824393303e-07
4.036796542915399e-08
0.00015704454321692246
0.0005162774875710196
4.2639791669714365e-05
3.1341834433713e-07
0.004814310410757468
2.673697985949529e-07
0.000195033613135162
8.095823348788607e-05
11.66130797246228
0.0
0.000846937971552747
0.0001985999934452174
0.023494048931254546
0.0
1.6834402745030978e-06
4.2627541548521844e-05
3.958304306711779e-06
0.0
-1.4263966126026872e-06
0.0
0.0
0.0
1.9178742921047592e-07
-6.29764973215886e-12
1.970698843227915e-07
0.0
8.954161839580855e-10
5.598327272868384e-08
0.0
1.9622494703999414e-08
0.0
5.774943048494327e-10
2.674404997259381e-07
3.134183442102072e-07
0.0
0.0
-2.987898074997122e-08
5.077883280822645e-10
0.0
2.7963684966705974e-08
2.9339269827164418e-08
0.0
0.0
5.499820126697315e-10
0.0
2.4530330467878307e-08
0.0004338809549653478
0.0004338809549653478
4.4660523859903016e-10
4.466052489463701e-10
4.598408686096014e-05
0.0001303988637669681
9.981233025385045e-09
0.0007531045004557731
9.986254318565727e-09
1.941019689558305e-09
9.984130884174722e-09
9.959901904005721e-09
1.3979965499413037e-08
5.981657986471397e-08
4.659517023204276e-08
9.9754049005807e-09
1.9944784540906887e-05
9.975447960272547e-09
1.3632091540957388e-08
9.945836730893246e-09
7.413804882880549e-06
9.98627072068876e-09
0.0002406093937272884
9.98647854261545e-09
4.997613812450296e-07
9.987777387559167e-09
2.6270819201747614e-06
9.986103992573573e-09
1.788284130475726e-06
1.8815652314140172e-05
0.0
0.0
0.0
1.0701456498273342e-09
0.023414841737127462
1.543453057745641e-06
1.9410195894135993e-09
8.610762970449208e-05
8.133297202682398e-08
1.551131242862905e-06
5.759785930668398e-07
1.7551900341570567e-07
3.1242032031179133e-07
1.1283387492562305e-08
2.9762320951388986e-08
3.079625872630242e-05
5.012023416652268e-07
0.0001354306074033282
0.0
6.89285986143751e-08
0.0
0.0
0.0
0.0
0.0
0.0
0.0
0.0
0.0
0.0
0.0
0.0
0.022740157681444106
0.020730312266984963
1.0435747635443385e-07
3.1440583983507354e-07
5.007266130249363e-06
9.964693645741071e-09
9.971510690786177e-09
5.100237330203056e-11
2.7171117695743244e-10
0.0
0.0
0.0
0.0
-5.189317697835748e-10
1.1804564600675967e-10
7.795591383224258e-11
9.188848646753927e-07
0.0
9.849352874296644e-09
1.8562883585821644e-07
0.0
8.843824133200416e-09
2.9781054154353475e-08
1.559043101617352e-10
9.265132503173328e-09
0.0
0.0
0.0
0.0
0.0028484121282614863
2.4243721217390525e-05
5.548689309502197e-10
9.956122849560637e-09
5.737954547453579e-10
-1.85628835806112e-07
2.1747866928287759e-07
0.0
1.987684687369553e-08
1.9876847035946375e-08
0.0012502231784067151
2.286815229595031e-08
1.2727482764489275e-05
0.0
6.320254029832037e-08
3.1967429030509208e-06
4.8710168545023346e-06
3.4414240118490167e-07
2.3134784509203308e-07
1.041172031465564e-08
5.507364735953393e-10
1.9876846549467292e-08
1.9876846387409723e-08
0.0
0.0002845113596391769
0.0
6.1549842907708865e-09
0.0
9.607978056635757e-06
0.0
6.499015066759986e-05
0.0
0.00018189324679492464
9.711811259627397e-10
2.8251251037305525e-08
0.0
6.806189565860017e-07
0.0
1.556944463866525e-05
9.22424888621957e-09
3.9645552245696285e-08
4.965680978418325e-08
0.0
0.002629024359584807
0.0
2.8920391490635215e-09
0.0
8.54282791999718e-06
7.743372718035144e-08
5.496969645817255e-09
0.0
7.082791133502835e-09
4.704652301550765e-06
1.5713022528349964e-06
9.372901477528771e-07
9.944112648731255e-09
5.619546429285086e-10
-9.900472933583324e-09
0.0
0.0
1.080059154699156e-05
0.0
0.0014468116371906205
0.001832272044982835
1.0866062217347754e-06
7.543496539150225e-08
1.747685653171641e-06
6.67077197584615e-06
1.3880356587479844e-06
6.263320785351812e-07
8.370638268950663e-07
-3.110982654291387e-05
0.0038696368187457865
-0.00041694466118849527
-0.006719402295805477
0.004605342461559145
3.216939481830009e-19
-0.0028497673070966845
-2.877051572077736e-06
0.0
0.0
0.0
0.0
0.0
0.0
0.0
1.0919819728225299e-06
0.0
7.485570052020298e-08
0.0
1.7549935975762834e-06
0.0
6.659526536805869e-06
0.0
1.306546792696316e-06
0.0
6.360877296885507e-07
0.0
9.9664067257734e-08
0.0
1.0834441675068962e-06
6.52014900706029e-08
1.745174844507719e-06
6.649859422505567e-06
1.2968177873970681e-06
6.262673527433475e-07
8.983033775973044e-08
0.0
0.0
9.768180451140418e-09
0.0
0.0
0.0
9.900041085521905e-09
-4.2095033300500184e-05
-5.911889158866233e-07
4.301663047351424e-05
1.2735929045628119e-05
1.8639852929744987e-09
8.723512803518264e-08
1.9107118730183247e-06
4.870194819420118e-06
9.212435521610242e-07
2.448380317224852e-07
6.992691389009828e-08
1.510270350851725e-08
0.0
2.2788733725024933e-08
4.711567770297008e-06
1.5807235255050776e-06
9.433558832618439e-07
1.094132895024732e-06
8.484225543354782e-08
1.7416557365462671e-06
6.672047998845007e-06
1.3972427321860552e-06
5.394253939126475e-08
7.965329544717718e-07
0.0
0.0
0.0
1.277878847178959e-06
0.0
4.395616798483355e-09
0.0
7.506813402007368e-09
0.0
0.0
0.0
2.7962075370776123e-09
0.0
0.0
0.0
0.0
0.0
0.0
0.0
0.0
2.798592044268057e-08
-0.0005942400424006396
0.0
0.0
3.683342158211507e-05
0.0
6.254966004050845e-10
0.0
3.9096148113853507e-07
-0.0012071382785867725
3.277073442339189e-06
2.376839662301351e-06
9.814762404442161e-06
7.597841453285316
0.0
0.0
7.754021316665045e-09
0.0
0.0
0.00019622891058668706
0.0
0.00036507686572006073
0.0
5.614928668956761e-06
-0.00012610708051668157
-0.024168813961278346
-0.20233321917772962
5.4557109897918165e-05
0.0
1.4597881848069766e-08
0.0
0.0
8.654162932997037e-09
9.921190752660632e-09
5.393568129949901e-10
5.393568129316974e-10
0.00174987350698231
9.767593121149845e-09
3.8795990706448814e-10
1.101662207651441e-06
1.1016622078302674e-06
0.0
0.0
1.1115277102263882e-06
0.0
1.1016622077537145e-06
-8.862585846209785e-09
4.7142049632210435e-08
9.968992177508306e-09
5.864836607184038e-10
0.0
0.0
-0.12068470876736387
0.12068472814249312
9.948000975212065e-09
-0.2015308695635106
9.90897797964096e-09
5.273171568705745e-10
-9.797299700686768e-09
1.9920183222764323e-08
0.0
0.0
0.0
4.712776813281516e-06
1.2206625555472419e-08
0.0
0.003869636818745787
3.3841927715213e-10
0.0038696368187458117
9.717320946467622e-09
1.9920183110996572e-08
0.0
0.0
0.0
4.712776813168915e-06
1.2206625441989423e-08
0.0
7.597841453285316
2.182868588107567e-07
9.85140019415153e-09
0.0
-1.851888560876544e-07
0.002846726863356509
1.0248391070168276e-08
1.9450405105491268e-07
5.557706616613689e-10
-2.9877883110623242e-05
7.179728209019623e-09
0.0001381063047634415
1.0209376774307781e-06
0.0007938460045637116
7.429314150804966e-06
0.00012323739636361657
0.00269560377750427
4.631066932624616e-08
0.0
0.0
0.0007037566872842481
8.546258638387485e-06
0.0
3.4307215885498545e-09
0.0007037477344964157
0.0
8.952790615261686e-09
2.9653051684086315e-06
-9.509888664565647e-06
3.9096148106094267e-07
0.0
0.0
8.778844305961048e-09
0.0
-2.4889148826558877e-08
-1.540203407742785e-08
-2.4889148826596146e-08
0.0
0.20334902111164435
0.20334902111164435
0.0
1.4684574244272524e-11
0.0
0.0
0.0
0.0
0.00017541124695701817
0.0
-1.5638378426117837e-10
1.0411720635400602e-08
2.1440040468493367e-06
2.1440040468493362e-06
0.0
2.3645577603997706e-06
0.0
0.0
9.384203355243118e-11
9.469045881672199e-09
9.469045881602818e-09
9.469045881625562e-09
9.384203391404002e-11
4.300972711665353e-07
6.8099395191302945e-06
6.4900944626772e-07
0.0
8.555163980383436e-07
1.598251835889453e-06
0.0
4.263651407828616e-05
1.75199591750201e-07
3.606890311205974e-07
1.0654426419835809e-08
9.375057797544956e-07
0.0028900627722411587
-0.0015015230430669019
0.0
0.0
0.0
0.0
0.0
0.0
0.0
0.0
4.927165886023711e-06
4.886980083522858e-08
2.3823783848604976e-17
-1.420950081116037e-10
0.0
-1.420950084309016e-10
0.0
0.0
6.125265041706518e-09
0.0
0.0
0.0
0.0
0.0
0.0
-1.5239059624986842e-10
0.0
7.571922310932626e-11
5.050046275246182e-06
5.23877054735538e-06
2.5081412537191996e-09
0.0
0.0
0.0
-2.5717169122673917
2.5717169201614882
6.951534264385928e-09
0.0
4.927165886120913e-06
4.927165886096575e-06
7.571919771708643e-11
0.0
0.0
-9.740050530004929e-09
0.0
0.0
0.0
0.0
1.5239029687329993e-10
9.528492668591386e-09
0.0
0.0
-7.635379813651644e-09
1.5833967729250204e-08
5.995934437320882e-09
4.92716588607228e-06
0.0
0.0
1.907319263497853e-08
9.488715633319843e-09
9.584476996466494e-09
0.0
0.0
0.0
3.5541489567506805e-07
0.0028482274327190694
0.0
7.571910354381578e-11
7.57191578446715e-11
0.00033229628136444963
0.0
1.1393183923423305e-08
3.66964583927136e-10
0.018610720415699552
0.0
0.0
-1.894046524830999e-05
8.959666360040938e-09
0.0
8.959666360058901e-09
0.0
-4.033873620224031e-10
0.0
0.0
1.7925689378572031e-06
9.032005287776257e-09
-1.768713868276935e-06
0.0
0.0
-9.68289645273391e-09
-9.682896456864043e-09
0.0
0.0
0.0
-4.018432118453203e-10
0.0
8.477981337999908e-05
0.0
0.0
0.0
0.0
0.0
0.0
9.72629953567736e-09
2.615578807865486e-10
0.0
1.4026606046846563e-06
0.0
1.945037609270944e-05
0.0
0.00017485671584778446
-0.00017483682389141109
9.946119758947672e-09
9.86136183103867e-09
9.861781837222465e-09
0.0016286660346868005
3.9666105914320916e-05
0.0
3.055230473415586e-07
4.705598196236281e-10
3.9937796335179175e-05
0.0
9.903438698876237e-06
0.00014441628823700603
-1.7202789138354406
1.7204134461899148
9.653536364807031e-09
1.046824776771234e-08
-1.0468247868018884e-08
0.0
0.001445022449568313
0.0014450181331251333
8.142176878486577e-09
1.4601125662465419e-08
0.0
0.0
7.578352252774295e-09
-7.578352252592818e-09
2.305580194157129e-08
1.0789711810913088e-09
0.0
9.860941653804738e-09
8.477980976223355e-05
0.0
0.0025026093413660078
0.0
1.9155366834336155e-06
2.7200939432599575e-06
3.6653868291328467e-07
3.066922347069201e-06
3.66538682913445e-07
0.0
1.9710279103416233e-08
4.865008775312039e-10
3.335613382726699e-11
0.0
0.0
4.8797891664077796e-09
0.0
9.915522776639302e-09
9.915522751631501e-09
-7.495601639373461e-10
3.5304788090941654e-17
0.0
9.950619402562958e-09
9.960274088088049e-09
0.00018156387758980685
0.00018156387758980688
0.0
0.0
0.0
0.0
0.0
9.686709986455587e-09
9.68670992890382e-09
-1.4597881881593666e-08
0.0
-2.7178072835514573e-08
-3.686478287933112e-08
4.202232033684657e-13
0.0
1.5586647853753008e-05
9.970182616034272e-09
9.97847725383132e-09
9.978477177223931e-09
0.0
-9.674331604117921e-09
-9.714064391416755e-09
1.556944463784771e-05
3.110982654296329e-05
1.5569417078416257e-05
1.5586647853627495e-05
1.5586647853526342e-05
1.556944463792454e-05
1.557005107171351e-05
6.88014298818544e-10
0.0
0.0
5.876573592613794e-10
-2.558810543433386e-08
0.0
9.973538163322276e-09
5.90965744284657e-10
1.714251055536502e-09
1.7142511683304232e-09
5.830433037060346e-10
9.961752558478709e-09
5.79345886153164e-10
1.7142513409956075e-09
9.965502747845836e-09
2.5505620040845796e-08
1.1522569151581013e-06
1.55694446384951e-05
0.0
1.7142515383962397e-09
1.6591316550920415e-09
0.0
0.0
0.0
0.00022260519362440195
5.846442408871518e-10
1.6866916933825882e-09
1.714251795679035e-09
0.0
0.0
0.0
0.0002068241992407243
3.909614811122809e-07
2.197175228900718
-2.1971752189492975
5.691596162246361e-10
2.1747866924274514e-07
-9.627789980358468e-08
-1.0587112395095508e-07
1.359766213345511e-06
2.7727118658947188e-05
2.4642283259231523e-08
10.706274606976713
-10.706274517256501
9.963537804056703e-09
0.0
-0.000907079984856729
0.0
0.0
1.8889322434228854e-08
1.2143012064738268e-10
-0.0009070978222625037
0.0
0.0
1.3597662132464915e-06
0.00037317115795455205
9.98075890723008e-09
-0.000373161177195545
5.985525032960276e-10
0.0002678720230422349
7.181430597357954e-06
1.0497624628470263e-08
5.992701446966158e-10
0.0
3.017148020592974e-05
7.004900503602587e-09
0.0
0.0
0.0
0.0
1.4756993954422706e-08
0.0
5.821081323566922e-05
0.0006004675894233627
0.000658687981974292
0.0
0.0
