0
0.0
0.0
0.0
0.0
1.635986073778932e-08
2.983254339122092e-07
0.0
0.0
0.0
0.0
0.0
1.516891805516131e-08
0.0
0.0
0.0
0.0
0.0
9.851602767666858e-09
0.0
9.571864807521315e-09
0.0
0.0
0.0
0.0
2.5167898435425646e-08
0.0
0.0
0.0
2.815083112428398e-09
0.0
0.0
0.0
0.0
0.0
0.0
0.0
0.0
0.0
1.1356551541795773e-08
0.0
0.0
0.0
0.0
0.0
0.0
0.0
0.0
0.0
0.0
0.0
5.833172711452414e-20
0.0
0.0
0.0
0.0
0.0
0.0
5.8023110482900484e-09
0.0
0.0
0.0
7.666118992064458e-09
0.0
0.0
8.982195364310727e-09
0.0
0.0
0.0
8.3506955148034965e-19
0.0
0.0
0.0
0.0
1.0155133551908993e-10
1.5371495786441684e-11
6.473222071217881e-10
1.0864549635065108e-20
0.0
0.0
0.0
0.0
1.015513359167719e-10
6.510087288163529e-23
0.0
0.0017080961854497889
4.899100015622108e-13
1.1872886722771781e-08
3.9548593189157523e-10
6.921058985609243e-09
0.0
9.428857329752732e-09
0.0
0.0
3.3841779196473e-08
-3.382794755592408e-08
0.0
0.0
0.0
0.0
0.0
0.0
0.0
0.0
0.0
0.0
0.0
0.0
0.0
0.0
0.0
0.0
0.0
3.6994018284800667e-09
0.0
3.9325663001568135e-24
0.0
0.0
0.0
0.0
0.0
0.0
0.0
0.0
0.0
0.0
0.0
3.7456238922116414e-08
-6.151401853926013e-08
9.755355109202165e-09
9.647890713503503e-09
0.0
7.861517422875555e-09
8.039823553251078e-09
0.0
0.0
0.0
9.088379156609646e-09
0.00042608518443193385
0.0
0.0
2.8745560628352628e-08
0.0
0.0
1.2160957125987786e-20
0.0
0.0
0.0
0.0
0.0
0.0
0.0
0.0
9.798649985679841e-09
3.127013181510327e-09
0.0
9.271514693899693e-09
9.495854583333005e-09
0.0
0.0
0.0
0.0
1.2287636928058897e-14
9.731967258548921e-09
-0.0004943420854750585
3.900162600836435e-05
9.7594153921622e-09
0.0
0.0
0.0
0.0
0.0
0.0
1.960400873216995e-08
0.0
1.0083267636078742e-08
0.0
0.0
3.467521479832111e-07
0.0
0.0
0.0
0.0
0.0
0.0
0.0007672294749916375
0.0
0.001853352916111236
2.2342107075322967e-08
6.475471614074281e-08
0.0
0.0
0.0
0.0
5.613831834083124e-20
0.0
0.0
0.0
0.0
9.761790031121061e-07
0.0
0.0
1.1611552809694377e-09
1.987515237721262e-08
0.0
0.0
0.0
1.556021087218512e-08
0.0
0.0
0.0
2.624519127457181e-08
1.0736580915610252e-08
0.0
4.006349734562593e-09
1.2012739413517906e-08
0.0
9.095501330408596e-09
0.0
0.0
0.0
0.0
0.0
0.0
0.0
0.0
0.0
0.0
0.0
2.0726086785688483e-20
0.0
0.0
3.1507768797370743e-09
1.692488931664439e-10
4.878180601280271e-20
0.0
9.815490508509318e-09
1.3487521097535742e-11
0.0
0.0
9.15897497343734e-09
1.049347620520457e-08
0.0
8.036068872224e-11
2.1608428481534325e-06
6.298842325749474e-12
0.0
0.0
0.0
0.0
0.0
0.0
-0.0020178856005772516
3.225622239152142e-24
0.0
0.0
0.0
0.0
5.189244186024496e-11
0.0
0.0
0.0
0.0
5.745671458196044e-07
0.0
9.796089282677195e-10
0.0
0.0
9.191209829061785e-09
0.0
0.0
0.0
0.0
0.0
0.0
8.372778297087506e-09
0.0
0.0
1.2493920097157857e-10
0.0
0.0
0.0
0.0
1.6466320401508092e-09
8.77400069525941e-09
0.0
0.0
0.0
0.0
0.0
3.2597153594329205e-09
1.7238915463527182e-08
0.0
0.00015118619741933984
0.0
9.649174793347784e-09
9.803570428200409e-09
9.91144695303939e-09
8.760472408109383e-09
3.2597153594217735e-09
0.0
0.0
0.0
1.0742096006399308e-08
0.0
0.0
4.714906515243724e-09
0.0
0.0
0.0
0.0
0.0
0.0
1.4250980359979334e-14
0.0
4.191258100673351e-08
0.0
0.0
0.0
0.0
0.0
0.0
0.0
1.597521967949326e-07
0.0
0.0
0.0
0.0
0.0
0.0
9.817627312889493e-09
0.0
0.0
4.632697676258646e-09
0.0
5.928084108923341e-08
0.0
0.0
0.0
0.0
5.814668222766212e-10
9.875184934313267e-09
9.893207360817432e-09
5.991683873769756e-10
3.911553457615538e-09
9.986474207942825e-09
6.93129596033293e-10
6.742832753601316e-10
6.913142788419322e-10
6.549727334172619e-10
9.649013150433508e-09
3.59398275990795e-10
9.950017355448163e-09
9.969673852918285e-09
9.988857086909233e-09
9.987009278735115e-09
-5.583058396576213e-10
0.0
1.1744593532234693e-07
0.0
0.0
1.9667523089381457e-07
2.3454512173891541e-07
1.6880430163441409e-07
4.679111082179934e-07
1.3049562708456015e-07
0.0
3.094450435402368e-09
2.5502745922239366e-08
9.224609496387344e-09
6.708209922922375e-08
0.0
0.0
0.0
0.0
0.0
0.0
0.0
2.191445005188908e-08
0.0
0.0
0.0
2.1080713932602784e-07
5.7528927135217235e-08
0.0
4.017781964403462e-08
7.678007406060223e-09
0.0
0.0
0.0
5.802192260705762e-08
0.0
0.0
0.0
4.8183583513085184e-08
0.0
0.0
-2.8368294631514385e-10
2.5167898444432256e-08
6.927489494031859e-10
6.783534234927086e-10
6.914179801681905e-10
0.0
5.298171479867845e-08
0.0
8.381693692654165e-09
0.0
2.1366549830646377e-08
0.0
2.9249048162480932e-08
0.0
0.0
0.0
0.0
9.937834630127827e-09
9.840264708547951e-09
-1.5741532338492077e-08
2.5167898438346692e-08
3.519141031201162e-18
1.981068946031562e-08
1.9943490638009968e-08
1.997732673760938e-08
1.9974124108514947e-08
0.0
5.2981514211858e-08
0.0
-9.900016122426497e-09
0.0
2.1366348668257987e-08
0.0
2.9248846832486027e-08
0.0
-9.159328041678794e-09
-9.158522829011417e-09
-9.15772116954561e-09
0.0
5.2981313624301075e-08
0.0
0.0
0.0
2.1366147505199813e-08
0.0
2.9248645501739843e-08
0.0
0.0
0.0
1.9904740217810517e-08
1.6904759045213627e-08
6.79036713585734e-10
5.672130451848526e-10
9.571864807525151e-09
0.0
0.0
0.0
1.6827636099003563e-08
0.0
6.888983487422941e-10
-9.455285769270658e-07
0.0
0.0
0.0
9.71843175594719e-09
0.0
-6.662671667877272e-10
6.517004464245725e-07
1.6645683606720364e-09
2.1937631949652113e-05
4.469793087278508e-06
4.2019324248871627e-07
6.637778970055884e-07
7.961108919355517e-07
2.1697075208732663e-07
9.631690638366969e-07
4.9451039390364104e-05
0.0
3.911553461280825e-09
6.074920754225983e-09
6.2065175909210665e-19
7.559632897639408e-08
8.192207738656181e-08
0.0
6.413900065595397e-10
9.386994411373258e-09
-1.9838339720130277e-07
-1.6996314874522796e-07
-1.6002493913834515e-07
-1.5449913753386169e-07
-1.914794468412056e-07
-1.1824769464225671e-07
-8.679679507878225e-08
3.4109778854727277e-08
1.0231859294753449e-10
1.0231859160641974e-10
0.00042944380637452905
5.553176325617467e-10
5.553176324749179e-10
1.089731054675506e-15
0.0
0.0
0.003542628067483091
1.135655153527674e-08
1.4103669343512593e-09
-2.039074565030483e-09
1.992651578585291e-08
6.514010509966255e-10
2.9438137665845545e-08
0.0
2.9881836920666385e-08
6.601831027007485e-10
7.61884911100869e-07
7.618849110913146e-07
0.0
-5.8182064124778776e-05
0.0
2.9410635944051853e-08
0.0
9.943955468156915e-09
9.9439555355154e-09
9.953328176694651e-09
9.953328320327413e-09
9.959635764854212e-09
6.64421767122474e-10
9.959635698394566e-09
1.8899636633484818e-07
1.6996311180510204e-07
1.5044478887172133e-07
1.544990993996134e-07
1.9147940811116025e-07
9.416985223411019e-08
6.807086434714588e-08
3.9231766002728943e-08
-3.223368407042834e-10
4.3514881113445334e-08
0.0
-6.8318007501178e-13
6.831821654666575e-13
0.00033992488491110806
0.00033992488422790457
-3.403234379706607e-08
4.444251024547675e-07
6.4727662442681796e-09
0.0
2.194413944728392e-05
2.2105951892114024e-06
2.4967605252619797e-08
2.1251354270912852e-07
1.878164836608321e-13
0.0013131729714967834
4.2717015848258263e-10
0.0
-1.924141647644914e-05
1.9260809162417377e-05
9.637598421264313e-09
0.0
0.0
0.0
0.0
6.891796455071706e-10
9.98483612546798e-09
-0.048740368666130233
-2.8178796211975055e-06
0.0
0.0
0.0
3.971123209796387e-09
2.304895820719864e-08
0.08644911850123878
-0.08644907854745547
9.987963072550458e-09
0.0
0.0
9.968153736389524e-09
9.973270973332236e-09
1.0159667343164977e-08
2.6349619869383687e-06
0.0
0.0
3.013029957477098e-08
1.7733886278181115e-09
1.1861503014264101e-07
3.2501101081171495e-08
0.0
0.0
3.0833911484057576e-08
0.0
0.0
0.0
0.0
1.682916218280192e-09
0.0
2.7403933516820538e-08
0.0
0.0
0.0
6.843669422941071e-10
4.4399073345290196e-07
2.630933380520675e-07
1.2673541397240465e-08
5.1424386725092395e-09
2.2116807592518145e-06
3.5090077048598546e-07
2.113660557520719e-07
-7.618849110734016e-07
5.832763825827398e-20
1.635917387513043e-08
2.0409500379667267e-08
3.013029914069683e-08
-2.0684131406348728e-08
9.006735560807167e-05
7.944486011259792e-09
7.944486009477635e-09
1.0032430204252126e-06
4.238783569773962e-08
9.697858416269842e-07
6.813529167915951e-10
2.2856327454062915e-08
1.2224573685495238e-07
1.8216656690950722e-07
-1.3652935444929348e-08
0.0
2.2805398151296152e-17
0.0
0.17558468384136536
-0.17558725453174667
2.5886110864267274e-06
7.773507275745778e-10
9.568300871889632e-09
5.962715831363411e-10
1.0506435040876278e-08
0.0
0.0
9.804802162971016e-09
9.485914015386589e-09
0.0
-5.802311085295825e-09
2.8840163266815834e-07
2.88401632581581e-07
9.963365989628292e-09
9.963365882021227e-09
0.0
0.0
-5.802311048297426e-09
4.860530176271637e-09
0.0
0.0
0.0
0.0
0.0
0.0
8.32744433817103e-09
0.0
2.20345787270625e-08
2.2035995556367746e-08
2.2036019997774046e-08
1.990359166370581e-08
9.959635631376244e-09
-9.818704863529948e-09
4.274114659561419e-12
0.0
3.6334704477446457e-07
3.018982571111825e-08
9.972884102880457e-09
6.927721000302949e-10
6.846858307447248e-10
1.945730794859802e-08
0.0
0.0
4.9451039390354685e-05
0.0
2.575959324954673e-07
2.575959320771861e-07
3.803687326021843e-16
0.0
4.5375000692394605e-07
4.083027191188015e-09
1.2960437100604297e-09
1.49682011896235e-08
2.218601376030577e-06
3.374179670534842e-08
2.2115542539986605e-07
0.0
2.3897403728973724e-09
0.0
2.1929171247600484e-05
0.0
0.0
0.0
0.0
0.0
0.0
1.020810588823751e-06
0.0
0.0
2.0049506528863768e-06
2.013932848262704e-06
2.0049506529202687e-06
2.0049506528981963e-06
2.0049506528973255e-06
3.8302589927306625e-17
3.8351479733134255e-17
0.0
0.0
1.2100556169518543e-09
-7.666118992020426e-09
-5.171542547633768e-10
0.0
0.0
0.0006269759049772984
-9.894211285346732e-09
0.0
0.0
0.0
0.0006269462608527594
6.788500600432911e-10
3.943930812488894e-08
9.68697177750134e-09
9.686971813741302e-09
3.966582052164574e-10
0.0
1.0875449352564475e-08
0.0
0.0
0.0
0.0
8.869197720489611e-09
9.949148539858182e-09
8.349158167078267e-19
0.0
0.0
0.0
-3.9439308092579714e-08
0.0
0.0
0.0
1.8616910838614934e-08
3.735050499756423e-09
7.234702134595317e-08
0.0
0.0
3.408302433019518e-05
7.644509042890186e-09
0.0007243938272805885
-0.0007584562807014805
9.671695275822317e-09
6.01505894403024e-19
2.452959436072177e-08
-0.0004235174980747311
0.0
0.0
0.0
0.0007463925855661913
7.070085399591585e-10
0.0
5.115033074440702e-09
1.4488975651967741e-08
0.0
0.0
0.0
0.0
8.942232101401488e-09
0.0
9.822675028523554e-09
5.305844103545472e-10
0.0
1.9033205285747145e-08
9.485913643914819e-09
1.9934881280075235e-10
2.5956933717055656e-10
2.5956915116447e-10
0.0
0.0
0.0
0.0
-1.0155133551866642e-10
1.516891814006168e-08
0.0
4.928873078451947e-10
0.0
0.0
0.0
0.0
0.0
-6.548603541789189e-10
2.516789844986592e-08
-3.08190312447304e-07
0.0
0.0
0.0
0.0001634967335648888
0.0
0.00016348756067463763
0.0
2.596977471800014e-07
9.384652965381153e-08
0.0
0.0
0.0
0.0
0.0
0.0
1.257747408197496e-09
1.363122117246238e-12
1.3631250783929136e-12
1.363131728922027e-12
1.363137563016836e-12
3.018982540415987e-08
6.533195896496301e-10
0.0
1.2990128137937481e-08
3.5792877308363526e-10
1.9604008721037383e-08
9.655724644908579e-09
0.0
2.6864682957005734e-11
9.980828258814207e-09
9.980828469088778e-09
2.470937181050273e-18
0.001246911348060669
7.450954744761997e-08
8.370174358008837e-08
0.0
0.0
1.863146193474595e-08
1.5820391633268068e-07
9.456286612049293e-08
0.0
1.8913716233478634e-07
6.39167473044993e-08
1.8967230833882957e-09
9.241698108183596e-09
1.5820391099652581e-07
9.456286169818445e-08
-1.0119010762773759e-09
1.7952419001546948e-07
5.440101186219163e-08
1.884918786402819e-09
0.0
-1.0155133548309103e-10
0.0
6.741059723617882e-10
5.53332442955988e-06
5.533324429559952e-06
-0.0017081060111547644
-0.0011814758323592976
0.0
1.21649245914409e-07
-4.899099789040795e-13
1.1200381953309729e-07
3.954904659693416e-10
3.9548744334507855e-10
0.0
1.84143199567737e-09
2.1213747659871147e-07
0.0
3.3216407153035706e-07
1.0774277706429243e-06
1.0774277706311814e-06
1.0774277706264848e-06
1.0843488296195986e-06
1.0774277706333562e-06
0.0
0.0
0.0
2.5675433431372607e-09
1.218935976460278e-14
0.0
-1.4335426013964844e-10
-4.7143809962752825e-09
0.0
9.42882046744996e-09
0.0
3.899020566163637e-05
1.4334225596990324e-10
0.0
-3.898570974669724e-05
1.2238423305674636e-14
3.898158261156959e-05
-9.428857321649997e-09
0.0015868465514858883
0.0
9.912354834943446e-09
9.912354834211651e-09
0.0
0.0
9.79549889140209e-09
1.4525874356488295e-08
9.335474473064104e-09
0.0
0.0
0.0
0.0
2.7488196765154963e-06
3.382794755592408e-08
2.7488058448749065e-06
9.716588825518398e-09
-2.412519037098901e-08
5.764204747642801e-17
3.2597153594380495e-09
0.0
9.926304781457185e-09
9.926304778796238e-09
6.316788411253144e-10
9.734789460975377e-09
8.219818161057657e-08
9.734789247175574e-09
4.436010755490309e-10
9.210532530154928e-09
0.0
0.0
0.0
0.0
1.1672148471503786e-08
4.1216811802888364e-10
1.1733806548717074e-08
0.0029247925549733917
5.035311861504663e-05
0.0010587748261373703
0.0
0.0
1.102765876340694e-07
0.300148568491271
-0.30014852861409647
6.688962584006189e-10
3.4964460865153507e-06
-8.367428433366918e-08
9.589043725519339e-09
3.005412645233818e-10
0.0
0.0
-1.0395299898949051e-06
1.997970727246273e-08
6.939099585717352e-10
0.0
0.0
9.903002013326131e-08
1.5258125065154993e-07
2.09226673081776e-07
0.0
0.0
0.0
5.957443530559793e-10
6.943073820750899e-10
9.649013154933414e-09
8.057013219466117e-10
-9.848144702626154e-09
0.0
-1.51689180990372e-08
4.4872569410232673e-07
5.216747544239142e-07
1.7516763970488797e-07
0.0
2.2106859003521594e-06
6.144231791736473e-08
3.551711587400632e-08
1.3684738221147024e-07
0.0
0.0
9.98082801094329e-09
6.639244184376753e-10
6.782464871212312e-10
0.0
9.377432139787523e-08
1.9946179477474576e-08
6.770317782958886e-10
9.965504293996747e-09
0.0
3.832238810341176e-10
3.8322388057685944e-10
0.0
0.0
0.0
-9.542430159849985e-11
6.918358215441343e-10
1.9974807781457436e-08
6.915680996533158e-10
1.0506495470340222e-08
0.0
0.0
9.805483037212832e-06
9.284641395400209e-09
1.9519234198116077e-12
-9.733895276928015e-09
0.0
1.0176555322005779e-10
4.040294273572203e-18
9.937834636644159e-09
0.0
0.0
-9.699193730876803e-09
0.0
0.0
7.181525533260412e-12
7.175978247903355e-12
7.184975726858466e-12
0.0
0.0
0.0
9.497367807838308e-09
0.0
9.840023323937075e-09
9.87641926648855e-09
0.0
0.0
1.635986040469116e-08
0.0
0.0
0.0
0.0
0.0
6.92612382067279e-10
1.9976590075549607e-08
9.988259352207082e-09
1.8912305605997406e-08
0.0
0.0
1.2450465427564105e-10
1.0932584457340968e-08
7.009684365317633e-12
0.0
0.0
9.413079543750163e-09
5.73933876304184e-09
-3.6994018284917246e-09
0.0
0.0
0.0
0.0
2.21359600499783e-18
2.836829458754383e-10
-9.454979361077365e-09
0.0
0.0
0.0
5.095404283985127e-06
0.0
9.459688479015205e-09
0.0
9.987250946280895e-09
0.0
1.972137820703459e-08
9.898146389577618e-09
6.040196315618484e-10
0.0
-9.769579242596346e-09
6.644555266017295e-10
6.74827043895877e-10
-2.0057740190981832e-18
0.0
2.198922089621802e-07
1.9924763356158463e-08
9.954536009878254e-09
9.650918609814278e-08
1.258100050920389e-09
0.0
0.0
-1.3609130439970983e-09
0.0
6.1133598680585e-09
5.3769170308202134e-08
0.0
4.507729732301628e-09
0.0
7.409033135456554e-09
9.728617152495616e-10
4.5085311895165804e-09
0.0
3.109724649651205e-08
0.0
0.0
0.0
3.896548188775294e-08
0.0
3.623900016787284e-09
0.0
5.665140377057119e-10
0.0
0.0
0.0
0.0
0.0
0.0
0.0
0.0
0.0
0.0
0.0
-1.8899637850566808e-07
-1.6996312411816927e-07
-1.5044480137974413e-07
-1.5449911211148915e-07
-2.0107303292868361e-07
-1.0868683929847806e-07
-7.725751989291241e-08
-4.359245324490977e-08
0.0
0.0
0.0
0.0
0.0
0.0
0.0
0.0
0.00048303703409037876
0.0
4.260241555001281e-10
2.8238612779407055e-09
0.0
7.471705088080111e-07
1.4300331169738951e-10
6.204621345516777e-10
7.4375457085777696e-09
0.0
5.962715850886795e-10
9.890258111268499e-09
7.347221065710706e-06
0.0
9.893845820092812e-09
9.893845840001001e-09
1.604376488189175e-07
0.0
1.3007196075367664e-07
0.0
0.0
6.074302874372767e-08
9.4920344299454e-07
5.653310249363399e-08
3.915409752374052e-07
2.7718378317154965e-07
9.90575910812081e-09
0.0
3.944855862853701e-06
4.6762425390878517e-07
1.7735179247626773e-07
7.171209926626777e-06
4.399036702340218e-09
9.959130305336615e-09
4.7436628749637836e-07
2.9410875543509257e-07
2.443162024189961e-08
1.7613147676333624e-08
3.963581739360832e-06
5.068560061148791e-07
1.8171245230858732e-07
0.0
9.924788188412655e-09
0.0
0.0
0.0
0.0
8.570873004864425e-09
0.0
1.6127089312881204e-05
5.396755092965111e-05
1.577004407158167e-07
5.547660604016729e-10
9.847998483097268e-09
9.84799886083465e-09
0.0
0.00047757338960400955
4.90662519750035e-05
9.831729851181835e-09
0.0
7.4375457019378965e-09
9.485913825721617e-09
0.0
0.0
6.447262645299957e-05
0.008255415407150316
-2.814811167282852e-08
0.008187443881418581
0.0
0.0
0.0
0.0
0.0
3.405797015631217e-08
0.0
0.0
3.0266356242447626e-08
3.026635625494391e-08
3.0266356255138337e-08
2.2404838832905744e-08
3.026635628015013e-08
0.0
0.0
-3.4778213802155733e-06
1.6242866085204795e-07
0.0
0.0
2.856291002871215e-07
2.8562910026450024e-07
2.8562910025444194e-07
2.936689238206672e-07
2.8562910026683e-07
0.0
2.1509554051008515e-08
0.0
1.5444679172632846e-08
1.4652630263080767e-08
8.986313507929698e-09
1.5444679178852665e-08
8.986313501923416e-09
7.937078118170343e-08
0.0
0.0
1.1941571034609663e-07
1.194157103342012e-07
1.1941571034656366e-07
1.1032733118966342e-07
1.194157103706465e-07
8.677402312023947e-07
0.0
2.0382705544581367e-08
2.099699410515311e-08
9.937878040981214e-09
0.0
0.0005383442979641392
2.964275629201492e-07
0.0
0.0
0.0
0.0
0.0
8.125697285908947
0.0
0.0
-0.00042608518443199017
0.000952715586405616
1.3786260803483478e-06
1.61894145357355e-05
0.0
1.0214769205426338e-08
4.307699738730974e-10
1.96111094037597e-08
9.889389930905777e-09
9.889390056410226e-09
-1.9304431580001146e-08
-2.8745560627565364e-08
1.3889083935487492e-08
0.0
0.0
4.933192095554142e-05
0.0
5.547660566317667e-10
5.547660585444919e-10
0.000189044687370472
1.629465170738491e-08
0.0
0.0
2.667750333291032e-05
2.6677503332910326e-05
0.0
1.978118290965943e-08
0.0
5.245809946577865e-10
-6.18692131559211e-10
0.0
1.6635983029657077e-08
0.0
2.590103095418215e-07
1.1377496601958614e-08
0.0
0.0
3.171589721329507e-07
0.0
1.632535335790779e-08
9.95649277873165e-09
-2.3218694250766447e-06
0.0
0.0
0.0
0.0
9.973328668998194e-09
0.0
6.20658518399126e-10
9.584106985158525e-09
6.416158037588784e-10
1.2504985659308561e-08
6.664731934585873e-10
0.0
9.66989686009454e-07
2.4861965601805354e-07
1.5777446275696929e-07
0.001119040073221958
0.0
9.927639484893535e-09
6.329899615145834e-10
6.830208876679719e-09
0.0
-5.063043722949562e-10
1.1057936003781536e-10
0.0
0.0
0.0
-9.495854583331336e-09
0.0
-9.271514693896024e-09
1.1057936006751354e-10
0.0
2.6006832467076468e-08
0.0
9.940325078026974e-09
0.0
9.40647657998207e-09
1.214263832265742e-10
2.698549461941827e-10
0.0
0.0
3.5147017237768236e-09
2.21579254011065e-08
0.0
9.800935128889728e-09
5.085483450640394e-10
9.939645634343948e-09
6.447839649357842e-10
0.0005330607394002929
2.9889349814626875e-08
0.0
0.0
9.816476501671962e-09
0.0
3.697773853485381e-10
2.530928160572366e-06
0.0
2.645535442993363e-10
-4.40830717457053e-10
9.946040138002265e-09
-7.156935753565262e-09
0.0
0.0
0.0
0.0
4.9371287156273896e-05
3.0498305221282607e-06
0.29030966107746353
-1.1926223897340549e-18
4.433261035314919e-05
5.330984344785229e-06
-3.9001626008364166e-05
0.006059340807731279
1.1413608482753649e-05
0.0
0.0
-4.677796596170959e-10
-9.759415392162859e-09
0.006070752874627776
0.0
0.0
0.0
0.0
1.9053990134168877e-08
0.0
0.0
3.815739201978198e-08
0.0004500154721117538
-8.219827984230577
8.220322336126515
0.29029824746898075
0.006070752874627566
0.0
0.0
0.0
6.557383715609414e-10
1.2142634579720516e-10
2.4861965604718697e-07
-1.910742142285926e-08
0.0
0.0
-4.967966762245826e-05
0.0
1.8847098169502173e-08
2.02629861376132e-08
7.622412570486986e-09
2.400400039282249e-09
0.0
0.0
0.0
-0.00612720176076671
0.006127278599711104
5.577937640735229e-10
0.0
2.801856308556002e-10
2.801856310000214e-10
0.0004729570191362592
0.0
0.0
-1.9604008732164186e-08
0.0
5.409118687265596e-10
4.668247752238456e-09
1.895826216778167e-06
9.894518952886994e-09
-7.858977364301124e-10
-7.858977363860878e-10
2.448977330106278e-06
0.0
0.0
0.0
1.9663911336238984e-07
1.1073618460589875e-07
-3.3747744956284364e-07
0.0
-3.467521479834425e-07
0.0
0.0
0.0
9.37392044662069e-09
-2.2664696028056307e-06
0.0
1.5641551746705822e-06
4.449045811720456e-08
0.0
0.03069152003423599
-0.030691500809409522
0.0
9.498765546533337e-09
0.0
0.0
0.0
0.0
8.199375629546074e-08
0.0
9.988032793336677e-09
0.0011233968029826507
4.356211448937248e-06
0.0
1.9990934350995054e-16
1.6325353325170607e-08
0.0
7.470275054943491e-07
0.0
1.2504985628786925e-08
0.0
1.7415729214840239e-07
1.7203029858921222e-06
9.584106954924938e-09
3.523135315951038e-10
1.2386166425501935e-10
2.1876658424327993e-06
0.0
3.994901106023408e-08
6.911617054094057e-10
0.0
0.0
6.915512283764992e-10
2.1777364380068387e-06
0.0
2.024149052137022e-08
0.0
0.0
6.797718880977033e-10
0.0
0.0
0.0
0.0
0.0
0.0
9.731967287433547e-09
2.9700676056247867e-07
0.0
2.8750426608425036e-06
0.0
9.984110149741099e-09
1.9439089132215065e-08
1.9053990136034044e-08
0.0
1.0494116800538219e-08
-1.2929676552358817e-08
-0.0018533826421229804
-0.0019041697711303929
8.014278432055134e-09
6.475471592942461e-08
-6.475471603511486e-08
1.800900049260362e-10
0.0
-1.7940635694942137e-07
-1.6996313643297123e-07
-1.600249266917042e-07
-1.5449912482180805e-07
-1.9147943395780434e-07
-1.1824768150758835e-07
-8.679678160320586e-08
-3.4189564213946054e-08
1.9904728091246424e-08
2.686242223150476e-11
6.43004910515395e-10
6.430049075016547e-10
2.302975102595273e-08
2.6105669526035786e-08
0.0
2.98710880973955e-08
9.978607671507797e-09
0.0
0.0
0.0
0.0
0.0
0.0
0.0
0.0
0.00045012478645783726
2.524243919131141e-06
0.0
1.803213719190006e-08
0.0
9.716503367495156e-09
-5.421010862427522e-20
0.0
0.0
0.0
0.0
1.764868848806722e-08
7.853189588208354e-09
1.9716683979704937e-08
9.937834639067259e-09
0.0
2.2787292462021534e-13
0.0
9.905064649266268e-09
2.965451862009159e-08
0.0
1.971668397739665e-08
9.840264705657053e-09
5.471708167268643e-10
-2.2783645604963424e-07
2.470502782018754e-07
0.0
2.95911645018139e-08
0.0
0.0
0.0
1.601340351933858e-07
9.938159552247416e-09
7.189242064152869e-06
0.0
0.0
0.0
1.9357105581201417e-08
0.0
6.852932884200989e-10
9.980880852486149e-09
-0.0007672192921930332
0.0
5.413338140214191e-11
3.87259590179491e-09
0.0
3.872597238258422e-09
3.872598618888548e-09
8.992575089550314e-05
-6.046865136908251
6.046865127181531
0.0
0.00024999913333060344
0.0
-0.0013917043826007392
0.001392642072302141
-9.7617900311195e-07
-9.76179003112035e-07
0.0
0.0
0.0
9.925997259075054e-09
8.573350784466572e-20
0.0
4.575561440364114e-09
4.1986999171505895e-09
-2.040950051254302e-08
9.564608473758081e-08
6.911412717946441e-10
5.072789635892772e-05
5.071696060031621e-05
0.0
0.0
1.2316756020868602e-07
7.800785733135988e-09
-1.9875152377189786e-08
5.307827396591057e-09
5.307827396591057e-09
9.985732844774997e-09
-1.0807760316821824e-08
0.0
1.7363733441949115e-08
-1.7363733326170028e-08
-1.7363733215147725e-08
1.736373310157148e-08
9.831729858978909e-09
9.831729866544882e-09
1.5365686229935113e-08
1.536568646414521e-08
9.871894518097453e-09
-9.925996802273573e-09
0.0
6.900429490815693e-11
0.0
0.0
0.0
9.68697174436873e-09
0.0
3.2744617500457306e-05
3.2738730438279744e-05
-3.808130089044681e-09
4.7889549194901804e-05
0.0
8.098081969111677e-09
8.098081968129119e-09
0.0
0.0
1.952785338978628e-08
1.2883036474698504e-08
6.778369857892068e-10
9.973291061059317e-09
6.741078331008729e-10
9.969495218209473e-09
0.0
4.7842520409622026e-05
3.282582259058725e-08
4.787189153820993e-05
-2.6410233923304487e-09
-5.991683878238971e-10
2.2957371544980355e-07
9.921733643260774e-09
2.199675957075697e-07
1.6544688306966175e-06
0.0
1.7363733573170202e-08
0.0
0.0
-1.6449691156526086e-08
-2.6245191251175748e-08
1.5641551743508118e-06
0.0
0.0
0.0
0.0
0.0
0.0
7.87152872368265e-10
1.3572899460559447e-08
4.006316362559678e-09
0.0
0.0
0.0
9.154501230698985e-09
4.187432521656509e-08
3.0027887792066355e-08
7.964740454811567e-09
0.0
1.16568434212039e-07
0.0
0.0
0.0
0.0
1.7294647579334905e-09
1.03551991330507e-08
0.0
0.0
0.0
0.0
0.0
0.0
1.7575339181513122e-06
0.0
0.0
0.0
1.1744593664131253e-07
0.0
0.0
1.966752324959034e-07
2.345451233869715e-07
1.688043032320646e-07
9.857045481131487e-09
7.720244497640318e-09
9.44721666337165e-09
0.0
9.71948660968839e-09
0.0
0.0
0.0
0.0
0.0
9.609451536571142e-09
0.0
8.862511484581978e-09
7.044069475622167e-09
4.675984645561436e-07
1.3234773100672313e-07
0.0
2.2134125169180642e-08
2.5523101239204035e-08
2.7923631698151515e-08
7.973294438218211e-08
0.0
0.0
9.820862980542565e-09
0.0
2.3039441881255455e-07
0.0
0.0
-1.9721378213648222e-08
1.5168917431694903e-08
6.33303059962677e-17
0.0
4.53026094863697e-06
4.548260341091874e-06
-2.686171605744536e-09
8.400251686069372e-09
8.400251685401296e-09
0.0
9.632564159560517e-09
0.0
0.0
0.0
0.0
0.0
0.0002496621410181823
0.0
1.6061536610614084e-08
9.9866158524896e-09
9.981787621478823e-09
9.98178761824123e-09
9.963681624640865e-09
9.963681622747474e-09
9.968535544252094e-09
9.968535541675378e-09
9.950174991513616e-09
3.643879982264802e-17
9.95017502675594e-09
1.969471309269525e-07
5.093990222423866e-07
7.050790577988252e-07
0.0
2.5255865402187707e-06
2.877294525056341e-08
9.726560856978865e-09
4.355229107126686e-10
4.011725102700051e-10
9.855253835973118e-09
9.855253835301431e-09
9.855253799051614e-09
9.191130265076505e-09
0.0
5.027788675250751e-09
5.027788678799031e-09
5.027788669693031e-09
2.6484317672964552e-09
0.0
1.8408952084561702e-08
1.1867571409239154e-08
0.0
7.965102911253243e-09
0.0
0.0
0.0
0.0
0.0
1.8305492627247024e-08
0.0
0.0
0.0003896834032051377
0.0
0.0
2.3481049436155162e-05
7.551737077080595e-05
1.2572512193160925e-09
1.2575172263731496e-09
0.0012271702542737785
0.0012271603139487035
6.454513851625902e-10
9.815261036280187e-09
9.815322301326891e-09
1.2579416842449386e-09
0.0
2.3327098659900557e-19
0.0
0.0
0.0
0.0
0.0
0.0
1.0037918019872064e-11
1.0037913452916672e-11
0.0
0.0
0.0
2.446586169955677e-10
0.0
-1.6239979059205295e-08
-1.692488931664439e-10
2.586986640355351e-08
0.0
0.0
0.0
5.027788677226938e-09
0.0
1.611893697964958e-09
9.93873208800728e-09
1.82994461621195e-08
0.0
0.0
7.676087098857834e-09
1.1791566534762353e-08
1.1791564208921099e-08
7.600235059932126e-11
4.988709487724289e-08
3.3654088841254925e-08
0.0
0.0
0.0
0.0
0.0
1.948109657614826e-08
0.0
6.150567319611767e-08
5.1588309569940843e-08
3.189508519872274e-08
0.0
0.0
-5.228417495722577e-10
0.0
5.158716191426866e-05
4.926941011074321e-05
0.0
9.632564197604347e-09
9.632564198103905e-09
0.0
2.3177383160043486e-06
0.0
0.0
0.0
0.0
0.0
0.0
-2.6779854155485052e-12
0.0
0.0
0.0
0.0
-4.9960691294688095e-05
0.0
9.182089716196351e-09
0.0
0.0
0.0
2.5167898441326478e-08
0.0
0.0
0.0
4.93906263644428e-05
4.939062636623304e-05
0.0
1.6359860626878573e-08
0.0
-1.0493476199080476e-08
-1.0493476186117484e-08
7.183700299831745e-07
0.0
0.0
2.5367036831868363e-07
0.0
0.0003327402979559181
0.002877193902036585
1.6239267087965254e-05
0.0
0.0
3.3336624791452057e-08
1.0159667113560097e-08
5.1455314302868476e-08
0.0
0.0
3.334556948213627e-08
0.0
0.0
0.0
0.003151711540360684
0.0004887279719399666
0.0
0.0
0.0
-4.0083007635249857e-08
4.351176134455639e-06
-1.9705286953189795e-08
3.9699844588624543e-07
1.0880062139057467e-07
-7.418508488640872e-08
1.014626849097695e-06
-2.1608428481532157e-06
-2.0973269259981178e-06
0.0
0.0
5.798743574885894e-08
-6.298842361324858e-12
5.486160177114864e-08
0.0
2.726964038629846e-07
1.0481357238926356e-08
0.0
1.9874767681914822e-08
0.0
6.797010756366473e-10
0.0
-8.911942466776506e-09
0.0
0.0
0.0
0.0
0.0
0.0
0.0
2.083454412723447e-08
2.921150998545923e-08
9.61306020967308e-09
2.019449817318536e-09
0.0
2.9611417392550994e-06
2.9611417392550944e-06
0.0
0.0
9.950834770370558e-08
8.667260290343588e-08
9.981670753593095e-09
0.0
9.98683318966294e-09
1.368473826915659e-07
9.988330543013067e-09
9.970227346417611e-09
4.843942870975609e-07
5.97229463804852e-08
7.382814191895818e-08
9.973707937357978e-09
5.178863870454742e-08
9.969493377889022e-09
1.4729665324709375e-08
9.959670171941753e-09
1.9176651101002097e-06
9.990055877007069e-09
2.648127271974452e-07
9.988493214257718e-09
0.0
9.987540125128364e-09
6.7742736109073255e-09
9.988032939688282e-09
0.0
0.0
0.0
0.0
0.0
9.731967258447229e-09
8.642192475369175e-07
0.0
1.3684738251582344e-07
0.0
0.0
0.0
0.0
8.684641671940183e-07
0.0
0.0
0.0
0.0
2.759631213937096e-06
3.0738922164151905e-08
0.0
0.0
2.103829365540961e-08
0.0
0.0
0.0
0.0
0.0
0.0
0.0
0.0
0.0
0.0
0.0
0.0020178856005772516
0.002017003978683825
0.0
5.564453165617328e-09
-9.894211325245372e-09
9.98215781894904e-09
9.98281820963456e-09
9.924787588283784e-09
3.660873777889145e-11
0.0
0.0
0.0
0.0
-1.3609130783917182e-09
2.138713850366065e-11
1.4882114047270112e-11
1.736373352395711e-08
0.0
8.528341729573181e-09
0.0
6.041604464604509e-09
0.0
2.9654518619615538e-08
2.429467949918368e-11
9.829923238480513e-09
0.0
0.0
0.0
0.0
6.337720931829144e-08
0.0
6.727536098094249e-10
0.0
0.0
9.891915730975143e-09
2.983254338923307e-07
6.620638205097899e-19
1.99046916770521e-08
1.9904703825498345e-08
9.912709118563465e-07
4.264891571994719e-07
0.0
0.0
0.0
0.0
0.0
2.776267526633977e-07
1.6221565724851544e-07
1.0506434991302978e-08
6.544604371473624e-10
1.990466736317107e-08
1.990465520119971e-08
0.0
0.0
4.632695703281038e-09
0.0
0.0
3.974917679850304e-08
5.92808388460937e-08
1.6100257123119622e-07
0.0
2.1903690681124163e-07
0.0
0.0
0.0
0.0
4.6892174632926225e-09
8.930656341733032e-09
0.0
1.4541366199011405e-10
0.0
2.970067607004477e-07
0.0002641896040391119
8.24904359628303e-09
0.0
0.0
1.0006948493343515e-06
4.583270537555491e-07
1.212311982621381e-07
0.0
4.046611937888425e-09
3.4852995017173874e-08
0.0
4.8349121994923034e-08
9.955159155212187e-09
9.955159104891882e-09
-1.360913062011795e-09
0.0
0.0
1.6293931284494204e-05
9.406476505131499e-09
5.3967550929713925e-05
0.000903389671510392
4.023060891718518e-08
1.4798662234370354e-07
8.58747245005637e-08
0.0
2.167170296513493e-06
1.222459557214528e-07
0.0
9.472811773707235e-09
4.999426013523582e-05
-0.0006686006533324871
-0.0005330509279360368
0.0011190400732219207
0.0
-0.00048305662929803983
1.908150968156822e-07
0.0
0.0
0.0
0.0
0.0
0.0
0.0
5.2784400343994106e-11
0.0
1.4030860823894487e-07
0.0
9.507595111963924e-08
0.0
0.0
0.0
2.1769950560692563e-06
0.0
6.422402475996323e-08
0.0
7.322111585347973e-12
0.0
0.0
1.311734698776399e-07
8.527130028932e-08
0.0
2.1672191188730626e-06
5.4465226911294496e-08
0.0
0.0
0.0
5.273930347831804e-10
4.693325549173965e-18
0.0
0.0
9.938731913224735e-09
1.319248202948488e-06
-5.649208800154784e-07
4.622142991617479e-07
0.0
1.1744593400178763e-07
0.0
0.0
1.966752292907655e-07
2.3454512009022452e-07
1.688043000366225e-07
4.679111072704083e-07
1.30495625758971e-07
0.0
0.0
2.550274431609777e-08
9.224607844961555e-09
6.708209762856646e-08
2.1914449093982426e-08
0.0
0.0
0.0
2.1080713772178744e-07
5.752892548615178e-08
0.0
9.154500273148881e-09
4.187432389873044e-08
3.002788670131219e-08
7.964738936713596e-09
0.0
1.1656843256013554e-07
0.0
0.0
0.0
0.0
1.7294632421009479e-09
1.0355197525918357e-08
0.0
0.0
0.0
0.0
0.0
0.0
1.7575339165454087e-06
0.0
0.0
-2.5309281602063477e-06
0.0
0.0
0.0
0.0
9.028635041246898e-09
0.0
2.5167898446301737e-08
-0.0005359486379980941
0.0
0.0
0.0
0.0035392227655354947
9.804802150736869e-09
-9.804802154809403e-09
0.0
0.0
0.0
1.592151514180238e-07
0.0
0.0
3.3866431541259334e-06
0.0
-2.790250999312391e-06
-0.007433395976221391
-0.05009938518068821
5.095404284022375e-06
0.0
1.9475849026535342e-08
0.0
0.0
8.07039483504869e-09
9.87641926503543e-09
5.826791482351468e-10
9.87641926033199e-09
0.0
0.0
0.0
2.0262986184793608e-08
2.026298643493209e-08
0.0
0.0
3.01302994418397e-08
0.0
2.0262986293877637e-08
-9.72080387495397e-09
4.507703830378027e-07
9.972884020280934e-09
6.7743693298235e-10
0.0
0.0
-2.401216933422363e-08
4.2351576310234054e-08
9.95061247987286e-09
-0.050094110155102456
9.721719723639458e-09
9.7217198485701e-09
-9.827540179210836e-09
4.6787145269135046e-07
1.3080354268386874e-07
0.0
1.3174541463884092e-08
4.395659230305312e-08
9.23875829841378e-09
5.390769022131067e-08
4.999426013519878e-05
9.900748970941443e-09
4.999426013516779e-05
9.900748947756311e-09
4.6787145075615074e-07
1.308035400051835e-07
0.0
1.3174538400570836e-08
4.3956589055305374e-08
9.238754958893389e-09
5.3907686983739963e-08
0.0035392325991357434
5.817228699831414e-05
9.941621835816974e-09
0.0
-0.000626995578732478
8.192207737800281e-08
0.0
0.000627015256864392
6.798653493886716e-10
2.8728238611765546e-07
1.9435034712697932e-06
7.73010355042455e-08
2.7605966856694157e-06
-1.2569550684679315e-07
1.5096531933486007e-07
8.211835951778767e-08
1.8301029434123832e-07
1.6757096595860442e-10
4.166037723370287e-10
9.707219496089448e-09
0.0
1.0007172220843372e-06
2.2482155026537498e-11
2.2445611351510395e-11
0.0
0.0
0.0
0.00047289892164036805
3.7793902022057913e-07
2.5167898449579493e-08
0.0
0.0
0.0
6.4262398386578e-09
-1.2493920096973686e-10
-1.2493920096634872e-10
-1.2493920096465466e-10
0.0
0.050100093665267534
0.05010009366526761
9.626321631616815e-08
9.928172120482367e-09
9.928172062245721e-09
0.0
0.0
0.0
3.944943846782051e-07
0.0
1.204653505395344e-08
1.0506459258559686e-08
-9.454975408415057e-09
0.0
0.0
1.6359860071598356e-08
1.9649031098142842e-08
4.299250631879395e-10
9.629922434126192e-09
9.629922435947962e-09
9.629922430331485e-09
9.629922432239609e-09
3.406605202710439e-10
0.0
2.073633056497564e-06
4.0609584282449517e-07
0.0
5.137576885064299e-09
4.351622636915379e-09
0.0
1.1853772237152857e-07
0.0
2.3527063168627598e-06
5.3942962769058327e-08
0.0
0.0007458536464837323
-0.00037755313585328965
0.0
0.0
0.0
1.2862886288235808e-10
0.0
1.2863012157181712e-10
1.2863151379975194e-10
0.0
2.4529594382093662e-08
0.0
5.628094356633575e-18
-1.6466320786273983e-09
0.0
0.0
0.0
0.0
5.549090871067002e-10
0.0
0.0
0.0
3.7620242239993123e-17
3.705814491688268e-17
0.0
0.0
0.0
7.173066409975064e-12
-9.632129734928833e-09
0.0
0.0
0.0
0.0
0.0
-0.0006370910274757472
0.0006371082661794232
9.881216405794159e-09
0.0
2.4529594418463666e-08
2.4529594408315404e-08
7.17125192357559e-12
0.0
0.0
-9.934835268690656e-09
0.0
0.0
1.0729589492132494e-10
0.0
8.773999776355717e-09
8.773999776560872e-09
0.0
4.618701254788249e-17
-3.2597153594360117e-09
0.0
-1.7238915463418762e-08
2.4529594398666424e-08
0.0
0.0
0.0
0.0
9.65100509195308e-09
0.0
0.0
0.0
0.0
8.528260343898291e-08
0.0
7.16665162085656e-12
7.1691132960790215e-12
0.0
0.0
0.00015109585896791317
-0.00015118619741905093
0.00020657383412686956
0.0
0.0
-9.347844703810892e-05
9.937878076016204e-09
0.0
9.937878077737278e-09
0.0
-9.64917479338162e-09
0.0
0.0
0.0
0.0
0.0003189564723413696
0.0
-5.111360907593198e-10
-9.911446953046656e-09
-6.170841462084443e-10
0.0
0.0
0.0
-8.760472407719731e-09
0.0
0.0
0.0
0.0
0.0
0.0
0.0
0.0
9.806910720306061e-09
1.803402255661836e-10
1.214262360802348e-10
2.3419456085987122e-07
0.0
8.125697285908949
0.0
0.00010816593995531868
-0.0001081460235816678
6.615418472027294e-10
9.862187734218061e-09
5.687060482498986e-10
0.0004235174980747368
7.866030011155977e-09
1.1518328819652605e-08
0.0
9.941621858779387e-09
0.0
0.0
0.0
0.0
-5.860100082858591e-06
5.892066555087907e-06
9.904168581496993e-09
1.0742096001942775e-08
-1.0742096004172466e-08
0.0
0.00037292068131189357
0.0003729351940795377
0.0
0.0
9.90609210778847e-09
5.122323155268124e-09
0.0
0.0
2.3903942952081366e-08
1.0742095997657089e-08
0.0
9.862183162016114e-09
0.0
0.0
7.760104667396588e-05
0.0
3.627347323960351e-07
2.2599481077063723e-08
0.0
0.0
0.0
0.0
1.7181199184424984e-08
6.612841956423211e-10
-7.79704282916756e-09
0.0
0.0
0.0
2.2523257476669093e-19
9.806526257705173e-09
9.806526190484638e-09
-2.568463841612356e-07
5.792273050897277e-17
0.0
9.976929335488771e-09
9.977838635483886e-09
2.8886684876198825e-05
2.8886684876198594e-05
0.0
-1.4252488078625447e-14
0.0
0.0
2.8150831126555217e-09
9.85247792148513e-09
5.591655466794977e-10
-1.0080388321677192e-08
9.31694397354619e-17
-3.206010345533769e-08
-4.191258119105016e-08
4.226957540759255e-15
0.0
0.0
9.94618662562499e-09
9.980134283288074e-09
6.845601172191266e-10
0.0
-9.096685147852977e-09
0.0
8.930658007867165e-09
0.0
8.927130127249819e-09
0.0
0.0
8.930657962325155e-09
9.008728544335254e-09
8.754946323445592e-11
0.0
0.0
6.512095665543412e-10
-2.601748374034263e-08
0.0
9.957222084676212e-09
6.620505614916555e-10
0.0
0.0
6.606925588359875e-10
9.963921079638261e-09
9.96392113742072e-09
0.0
9.95583973708202e-09
1.6576749508858914e-08
0.0
8.930656824619334e-09
0.0
0.0
0.0
2.625604839367242e-08
0.0
0.0
7.22645536095223e-08
9.919642599347593e-09
0.0
0.0
0.0
0.0
0.0
5.210356989481013e-07
2.5167898448436482e-08
0.0
-1.5148955680383339e-07
-1.5017218802913309e-07
2.9832543385008777e-07
0.0
8.638497173282193e-09
2.784382664844039e-07
1.1656605197995832e-07
6.946530174649767e-08
0.029639233000929546
-0.029639143533272162
9.934021543247292e-09
0.0
-1.3652935423723614e-08
0.0
0.0
1.9649236534407567e-08
5.604025660415575e-10
-4.126484398625507e-08
0.0
1.9712654082667026e-08
2.7843826635513953e-07
0.0
9.977864533120917e-09
1.943284369965853e-08
6.860693887020146e-10
0.0
2.4518770802491447e-08
1.0565928587552451e-08
6.87234320061973e-10
-9.81762731310995e-09
-1.0252567222285291e-08
0.0
1.0025682375486155e-08
1.625430688724397e-09
0.0
0.0
0.0
-5.249398753523764e-10
0.0
8.542815052560199e-08
8.557170588097538e-08
0.0
-6.648778024724664e-12
