0
6.443644715499078e-09
1.1034851431851865e-07
0.0
9.954798495718678e-09
5.451195940176374e-07
5.3640757896197534e-08
0.0
0.0
3.1481521134416135e-08
0.0
0.0
8.540773040407483e-07
0.0
0.0
0.0
0.0
5.345441494529665e-09
9.693120344767307e-09
0.0
0.0
0.0
0.0
0.0
6.7372842982827555e-09
1.772089151853113e-08
9.77239643412958e-09
1.8418512851909075e-08
0.0
0.0
3.606391480495546e-10
2.0361510630620563e-06
8.861668483129159e-09
2.996569882251967e-06
5.7128323957534597e-08
0.0
6.938961772652719e-05
9.014032733858176e-09
0.0
0.0
8.267197325013398e-09
1.1298338517282435e-08
5.068432821412461e-10
1.6107306000849418e-09
9.46484489845795e-09
4.803885328934261e-09
1.250722819555382e-08
0.00016256166207954693
0.0
0.0
0.0
4.514426903207777e-20
0.0
3.1715071491091167e-07
0.0
0.0
2.1723985749737668e-07
0.0
1.6372574420284193e-09
0.0
0.0
5.0895462782174855e-12
0.0
0.0
0.0
9.771492192986016e-09
6.325553908531241e-09
8.574455377050687e-09
0.0
1.0195130057286837e-18
2.206485626938069e-05
9.954839920544509e-09
0.0
9.742822984207284e-09
1.0133526342267357e-10
0.0
1.0564145956757682e-10
7.235984679896469e-20
5.059391291990409e-08
0.0
7.152838152639125e-09
0.00032976993904485326
1.01336598875147e-10
8.038669839391955e-21
0.0
0.0021359740907212488
4.888743193427682e-13
4.644389046231667e-09
0.0
7.900664719579618e-09
0.0
0.0
2.8793690006721987e-09
3.1075150762043887e-09
7.855056778173448e-09
-7.841256931432898e-09
1.0043686345365408e-09
9.031704931208082e-09
9.585216059809195e-09
2.5330215668368895e-06
7.359242475093427e-10
0.0
0.0
9.444754324576667e-09
0.0
0.0
0.0
0.0
0.0
0.0
0.0
1.8816433913425266e-08
0.0
4.544115618782402e-10
1.5841631708368819e-09
8.039127011678146e-21
8.7840623988128e-10
0.0
0.0
3.4356729554511413e-08
0.0
3.215614334472005e-05
0.0
9.860158030999711e-09
0.0
0.0
0.0
1.995245341923635e-05
-2.0036788505706227e-05
9.913133747715744e-09
9.003503703526752e-09
0.0
9.588297121651421e-09
8.044576063990671e-09
0.0
1.3299359558103276e-08
8.968128196269812e-09
0.0
0.0014825841577801955
8.216316163370097e-09
5.338204372624714e-09
3.1654494936531874e-09
9.244104282053203e-09
1.9533990876639927e-08
0.0
0.0
0.0
0.0
0.0
0.0
0.0
0.0
2.3950469887200104e-10
4.387978538555634e-09
0.0
9.61286325482357e-09
9.570058633486162e-09
5.554411660401844e-09
0.0
9.921436847307784e-10
0.0
0.0
0.0
2.5088402122102767e-09
-0.005063629537653325
3.885705871239681e-06
2.7783706543652875e-10
9.599736041129293e-09
2.730575862424335e-10
1.561274432155095e-08
0.0032906159161520164
6.050960957838249e-08
0.0
1.6204251903266592e-08
1.3654313670989403e-09
6.381977471428693e-09
0.0
0.0
0.000295804403513948
0.0
0.0
9.917898847015746e-09
3.1249080285356004e-06
0.0
8.743071010378793e-08
0.01216313900814825
5.881145933596399e-10
0.01198788172483134
0.0
2.3673311055475516e-06
0.0
0.0
0.0
0.0
6.658733406579906e-20
3.6905366130577746e-06
0.0
7.690339042131938e-05
2.0976871462058777e-08
3.495843448841399e-05
5.2327299933410864e-09
0.0
0.0
1.9018011654704398e-08
3.0185685716281097e-07
9.575159367742536e-09
3.800077541700475e-09
6.95921915170275e-07
1.2242224280076828e-05
2.2110182135733096e-09
9.27904329900052e-09
2.171592973750676e-05
6.300027234298632e-09
0.0
9.846251207452317e-09
5.109748719521807e-09
2.6758412420235273e-09
8.50211523335049e-09
0.000953831770061905
9.541157130523581e-09
3.4906513291370714e-10
1.30647354085549e-09
8.631119142551831e-09
4.323000422118542e-10
2.4077798718377713e-09
0.0
8.924499271962686e-09
5.267399287566585e-10
9.95479866272626e-09
0.0
9.920866880815912e-09
9.70923690933518e-09
9.683458048972277e-09
1.68891005293461e-10
1.3692587079975434e-20
0.0
9.905038446098505e-09
1.3459001610010039e-11
0.0
2.6611770703495604e-12
9.852083787590363e-09
1.2058602497840215e-08
0.0
8.987206798038693e-09
-0.003797776081157306
6.285522592893464e-12
0.0
0.0
0.0
0.0
8.155067157979695e-21
0.0
-0.006220379048613791
1.6335103133876068e-23
0.0
0.0
0.0
0.0
9.361360840412858e-09
1.9360624748101794e-09
6.6462924868326315e-09
3.6701193301487993e-09
2.7335728277036323e-08
-1.0260976302611958e-06
9.894171958791033e-09
5.11133183913634e-09
0.0
0.0
0.0
1.6753015771133084e-05
4.867320227019362e-09
2.4136896249561835e-09
0.0
0.0
9.491111442495836e-09
4.963286927331519e-09
0.0
1.4743126157083245e-08
2.4225953970511323e-07
0.0
1.420945486484498e-21
9.776709062564916e-09
8.032408596618431e-09
0.0
0.0
9.398592126467385e-09
2.7307521913181423e-06
7.983250133568485e-09
0.0
0.0
0.0
-1.02803924601335e-05
2.036218356268612e-06
8.958616244133979e-05
7.769610211879891e-09
9.869308347788758e-09
9.846219748895193e-09
5.995906983905078e-09
9.76047456258485e-09
0.0
6.4478988651956454e-09
1.8864942052173572e-08
0.0
2.4339458678858055e-07
1.1698896917081676e-06
0.0
4.537807145581467e-10
5.284654276641002e-10
5.525867859169674e-07
1.0043686268630497e-09
0.0
0.0
1.1338983387949914e-20
0.0
1.5841631708368804e-09
2.6365349969466217e-05
7.445436510235077e-09
0.0
0.0
0.0
0.0
0.0
0.0
0.0
4.335610487303304e-06
1.3485260389830939e-06
3.156879529995736e-08
2.419868117440478e-05
0.0
1.1307195448594187e-09
0.0
0.0
6.634718240029671e-12
1.6221650423824486e-05
2.453512175602303e-07
9.873757868934926e-06
1.615998791157904e-05
4.0618628600293735e-05
2.1316464024272695e-05
0.0002774954888475607
-2.1921708797977493e-08
-3.148152113584103e-08
2.1918044857912634e-09
0.0
3.1684932228550118e-09
6.5128604511395814e-09
4.496161745565095e-10
3.8095671592831714e-10
3.776671400639377e-10
0.0
0.0
0.0
9.448244214749161e-09
9.838109899160407e-09
9.90755879745652e-09
9.834782290915525e-09
-2.3764203888814364e-10
5.4886715439054655e-05
4.1239008135201644e-07
9.294214432231683e-07
6.008768543478914e-06
7.315271210563363e-06
2.3747599476321202e-05
8.916492823628535e-07
4.635701700331805e-05
2.462515305241321e-05
7.970293473072322e-06
7.902206397242124e-05
5.184570354233837e-05
4.676632649384479e-05
5.5556681674669365e-06
4.6035205950572245e-05
2.3134329304516526e-05
7.970866647539353e-06
5.578173929942331e-05
0.0
4.6734464357605234e-05
5.555004201564021e-06
6.41622946622603e-07
2.354011671370385e-05
2.3912674895024327e-05
1.8740214575066178e-05
8.17156636615901e-07
1.3737678682606512e-05
7.813184861283909e-08
6.605680815001325e-07
2.3559218101288263e-05
2.387849220352116e-05
1.8110003287797393e-05
8.360267049424958e-07
1.3757271362687977e-05
9.753864760843801e-08
8.438112678318834e-09
0.0
0.0
0.0
7.831546904414402e-05
0.0
1.7720891519225997e-08
4.6208019765458447e-10
4.1499604207449515e-10
4.407781889785053e-10
2.6347370358393768e-06
1.3459011686038527e-07
2.6541277203645133e-06
0.0
2.6541277204331344e-06
1.2628441561878028e-09
6.799367312728311e-06
3.0387007273469206e-07
6.820439048564642e-06
1.4275735618906092e-06
1.4275735618102912e-06
1.4275735617410181e-06
0.0
0.0
-8.205714574706495e-09
1.772089151891623e-08
1.7390009017410037e-18
0.0
1.971065154384562e-08
1.982772404104075e-08
1.9733401949939653e-08
2.6347370358488584e-06
1.34590116855713e-07
2.6541277203588827e-06
2.8330363246065627e-06
2.654127720408783e-06
0.0
6.7993673126943575e-06
3.038700727007635e-07
6.8204390485301835e-06
1.4275735619124e-06
1.4275735618292959e-06
1.4275735617572506e-06
2.6347370358577307e-06
1.3459011685033676e-07
2.6541277203568434e-06
2.8330363245685745e-06
2.654127720388023e-06
1.2628440877308413e-09
6.799367312659436e-06
3.038700726661786e-07
6.820439048494759e-06
1.427573561847609e-06
1.4275735617728358e-06
0.0
2.173297986147561e-06
-2.986826315141838e-06
-8.900017943305649e-09
0.0
0.0
0.0
0.0
0.0
0.0
-4.753074426126566e-08
-3.4962447069988595e-05
0.0
0.0
1.103485145262545e-07
-2.036151063064242e-06
2.0361510630674337e-06
1.4550083295242775e-06
0.0001711333955847191
9.078676505888203e-05
0.0005013516282942437
0.00020988900890191588
1.7199991437514646e-07
5.1128291935184606e-05
0.0002983436653901904
0.00012404618209964452
5.8983055836616466e-05
0.0
1.3750598994268486e-07
3.1684932219760724e-09
3.3443672276873887e-09
0.0
0.00012961444339704172
0.00011795781210836467
6.88292697959167
0.0
0.0
7.828961518654195e-05
7.827545140698128e-05
1.3720609831884695e-06
1.6444812615465376e-07
0.0
-2.7138394779798597e-06
-6.867998591697697e-06
7.143670608389819e-06
0.0
0.0
0.00011700578421560142
0.0
3.227187708038093e-09
4.943630718215755e-19
5.601081161461077e-16
2.9142670718797125e-05
10.266711649598827
0.0
0.0
0.0
9.140163208167249e-09
0.0
3.393836227430398e-05
1.3752036133602172e-07
0.0
-1.8261268835025749e-09
0.0003285351943379301
0.00032853519433792956
0.0
-6.82948073768101
2.174019426296938e-05
3.393605026754473e-05
1.375131758017751e-07
0.0
0.0
0.0
0.0
0.0
-4.803885328928252e-09
0.0
-7.828060115195375e-05
-7.8275451405126e-05
-1.3720609813316852e-06
-1.64448124299367e-07
-1.0225662755783405e-09
6.852055372341161e-06
6.868283147104439e-06
3.1332972161671766e-07
5.347416554162991e-07
0.00013099259302209743
1.2507228088724343e-08
0.0
7.641218630798466e-17
0.0039214764525895285
0.003921476452589459
-0.00013099259302209836
0.0001863221464623443
6.862825130508482e-08
6.293354862488658e-05
0.0004118776174451603
5.085283217146063e-07
1.4211211196916253e-07
3.0084371062798648e-06
3.1118880371432983e-16
6.830572615856105
-0.00016256166207954676
0.00016256166207954647
-0.08844563093654503
0.0883762413188185
-6.938961772652688e-05
0.0
0.0
0.0
0.0
2.478651291247998e-10
9.70346415953268e-09
0.3819469824570938
1.3670742396670494
0.0
2.036151063091395e-06
1.622675208156462e-05
4.379081244294835e-05
1.7586390173770806e-09
3.056478326639291
-3.056478287121065
9.79900598474355e-09
6.995119884307982e-16
2.81699931475274e-16
9.375781614119868e-09
9.375781613591314e-09
2.657710930774481e-07
7.174023611327124e-05
1.0270604564604382e-05
3.7453996552397686e-06
2.4517316610399298e-05
3.74539965537912e-06
6.785868691205156e-05
1.384449261604889e-05
5.179537063714259e-06
1.195126238719667e-05
2.5804923351555086e-05
0.0
3.791106948891844e-08
0.0
2.6549222319092815e-05
2.9352489550177395e-06
2.9231487174055895e-06
1.905900377038282e-05
1.3636318026475085e-07
4.335610487303218e-06
5.217443043653537e-06
0.0
0.00010022219141256905
5.198719780488072e-05
1.9206429981415e-05
8.723802517076573e-05
5.912140718880826e-05
2.5720197466514014e-05
1.9880708721868435e-06
-0.000328535194337792
4.513448788352566e-20
5.451195938970038e-07
2.8205989573813414e-05
2.4517316610815357e-05
-2.4517316610676854e-05
1.1212430296758288e-06
-3.0747398208932977e-07
-3.0747398208992867e-07
2.4882944683363636e-05
4.457789768584181e-06
5.437013710953638e-05
0.0
3.3131953319312534e-07
2.5748389160792267e-05
2.2788270727966655e-05
-0.000648234275398174
0.0006192249831759074
2.676586272846949e-19
1.4179073266148427e-05
10.570023602276065
-14.071753684476729
3.501715685887544
-2.172398574976039e-07
0.0
0.0
0.0
4.709661188083795e-06
0.00010308015756741403
4.502620707943095e-10
0.0
0.0
0.0
4.37372502830588e-08
4.3737250282365914e-08
1.4725410020935795e-09
1.4725410012171122e-09
0.0
0.0
0.0
2.8562298703237517e-09
0.0
0.0
0.0
0.0
1.4887460476053174e-05
0.0
2.936198088862294e-06
1.204413324291057e-08
0.0
0.0
0.0
0.0
0.0
9.954798495671446e-09
8.252325111640871e-12
6.443570092729559e-09
4.315417390644321e-05
5.914405828748436e-06
0.0
4.3373533382038714e-10
0.0
3.394551511258359e-05
5.501676862032678e-07
5.501676862046297e-07
0.0
9.954798567296092e-09
3.5249104735745127e-08
3.5249105293243644e-08
0.0
5.139531281738853e-18
0.00010023117214823777
6.335085884481872e-08
1.4695961692682351e-05
8.529568701689333e-05
1.4691446565511273e-08
1.5034503709562673e-07
0.0
8.60909743140253e-05
5.27739237869031e-09
4.8237586932122545e-05
0.0003265819304281853
4.938368750678417e-07
0.0
3.016297218470206e-06
6.098637220230962e-20
0.0
0.0
9.142503751151745e-10
3.993534179179484e-08
6.481484911681263e-07
1.3779961666700973e-06
1.3877676588630282e-06
1.3779961666697094e-06
1.3779961666700423e-06
1.3779961666698636e-06
1.3870752474052187e-16
1.3863933896908163e-16
2.86872874813451e-05
-2.8695751171813847e-05
0.0
0.0
-1.2277407348084725e-09
4.3249163984854366e-06
1.3482102431940184e-09
0.0003543174502234892
5.9900153536254774e-06
5.990015353626095e-06
8.084358987240407e-19
1.1834923214647934e-05
0.0003661493531134708
0.0
-1.931192761414971e-05
0.0
0.0
0.0
0.000136938171782565
1.3522883006037152e-08
0.00013245961434168608
4.47781477709555e-06
2.0761280185619838e-19
2.624080946217286e-05
-2.6244808752542748e-05
7.0120515759829e-11
1.0188543644840265e-18
0.0
1.923286474855624e-09
2.674574232857625e-06
1.9311927614291957e-05
0.0
0.0
0.0
2.8747695267473694e-08
0.0
-7.826738588582815e-05
9.932347035226356e-20
8.998146183737775e-05
0.0
7.898713803031852e-05
4.865274000501337
-4.865465011435336
-2.20648562693807e-05
8.385275546799665e-19
1.6632439164396026e-06
-1.407568770577048e-05
1.2875765434687117e-07
0.0
3.688672964947518e-06
0.014491951895406308
7.95942997739127e-09
0.0
0.0
1.8791166787087614e-08
0.0
0.0
0.0
1.0270604564360267e-05
5.442271542529429e-09
0.0
0.0
-4.963643708250105e-10
9.954798327899792e-09
0.0
0.0
-2.86766326236253e-10
0.0
0.0
0.0
0.0
0.0
5.210072482280218
-1.0133526342267357e-10
8.540773040426659e-07
0.0
-5.210072482178882
0.0
6.999457119366959e-16
6.999855378191762e-16
0.0
0.0
-1.0564145790185601e-10
1.772089151943691e-08
8.592725203832724e-06
1.8223624893638934e-08
7.4890360863747395e-19
0.0002037900611738268
2.153943308185702e-05
0.0
0.00022532949425568374
1.0057979324870415e-05
0.0
0.0
0.00018578743338465144
3.448639933646558e-05
0.0
7.000102620542858e-05
1.012297847201882e-18
2.198234369912292e-19
2.4911691911649674e-09
1.7986902188290464e-16
1.8055403930877326e-16
1.7060419227344266e-16
1.8031069095302763e-16
5.914405828742475e-06
-4.100346484717695e-08
0.0
3.009397971606741e-09
0.0
1.620425190180558e-08
2.63765520542121e-05
0.00012344408612738895
4.2716212532463643e-11
0.0
0.0
0.0
0.00021128184198492445
0.00042205498178751814
9.228504274266573e-05
-0.0003297601166838679
0.0
5.610565745961454e-05
2.393666332898259e-06
2.8749542927823485e-07
4.524967279715677e-06
2.7481132844398683e-05
3.678738413559775e-05
3.7062550391635956e-06
5.610565745966568e-05
2.3936663329507597e-06
2.7782238762239797e-07
4.524937903849785e-06
2.7481109994295447e-05
3.678738413565175e-05
3.7062432648989285e-06
0.0
-1.01336598875147e-10
8.235855761664856e-06
2.2864101158480516e-10
0.0004195744255787695
0.0004195744255787696
-0.0021359642487427666
-0.002135619792992649
9.838575987216768e-05
0.0002698435457685857
-4.888743193427682e-13
0.000368229305151879
0.0
0.0
3.409081358010037e-08
0.0
2.1706765998588297e-06
0.0
0.0
4.304501025612838e-06
4.3045010256129425e-06
4.304501025613145e-06
4.312401690332684e-06
4.3045010256131085e-06
0.0
0.0
0.0
3.7128818240504294e-08
0.0
2.6369367547305053e-09
0.0
0.0
0.0
0.0
2.2810762398384225e-05
0.03667234607892311
-2.8793690047671253e-09
2.6934494554194712e-08
-0.03669518377581561
0.0
0.03669515972069148
0.0
0.004462548059886798
8.223051389933832e-06
0.0
0.0
2.4243374464942513e-10
3.438268600705042e-06
-3.438268600679635e-06
-4.138215892678077e-06
0.0
6.830340888457884e-06
8.967923392608147e-05
0.0
0.0
1.7921112021001057e-05
7.841256931431991e-09
1.7921098221154405e-05
7.136018028604493e-09
0.0
7.635040444455269e-18
0.0
0.0
0.0
0.0
0.0
0.0
0.0003067214219770426
0.0
-1.310086084939295e-10
0.0003145663225536034
0.0
2.0822967515551557e-06
0.0
2.1970595257414593e-06
5.119290186033455e-05
-2.5232820640208127e-06
5.152886390142309e-05
1.9783654695526757e-08
4.313188540314662e-06
0.012436205790818982
3.776958378535172e-05
0.0
2.5793915870189356e-05
5.126505726263128
-5.126505697604386
-7.359242474735164e-10
0.0004665794589863541
-3.930306850134457e-05
-1.2232450922206639e-05
-1.2242224280076914e-05
2.9231428914419973e-06
0.0
-1.9006259863998986e-05
1.96988137108407e-08
3.7513995628621924e-10
2.7841182704066794e-05
2.392648938396401e-07
7.127454514154196e-05
2.6697486746845092e-05
7.91173556181708e-05
3.4373094294161e-05
0.0003429112020030255
5.602380865302363e-05
8.931505507403514e-09
4.0910980793092126e-10
0.0
8.60188396495053e-07
3.923041716257479e-06
0.0
-8.540773040416967e-07
6.644795915262924e-05
3.838478067326671e-06
3.1455357097263803e-07
0.0002142672333674353
0.00011377367540363598
3.677489703664135e-05
7.376780978225301e-05
2.1520537475104945e-08
0.0
9.954798411595096e-09
0.0
0.0
1.3136518689581877e-10
4.407987834415414e-06
3.932599981212149e-05
1.8686128278867824e-08
0.0
7.875437994197937e-09
0.0
0.0
0.0
0.0
0.0001236943289176477
-1.1603153678027322e-10
-2.366080016225367e-05
0.0
1.4172406760952248e-08
0.0
0.0
2.174019426296806e-05
0.0
0.0013992474206075216
0.0
7.636123663945504e-09
9.651732494124379e-05
9.678375918117157e-05
2.664342399279403e-07
0.0
0.0
3.9230417162654945e-06
3.923041716266164e-06
1.4136385742472132e-06
0.0
1.9201959015758968e-19
1.6503337895022698e-11
1.6516637339581e-11
1.651025649202587e-11
-1.557372333443061e-11
0.0
0.0
2.330113013062719e-06
3.477673283148727e-07
-2.6745742328585648e-06
6.625462836850964e-09
0.0
0.0
5.451195939841538e-07
0.0
0.0
0.0
0.0001236943289175086
0.0001234520693778026
1.3199525870556366e-10
0.0
-9.296124385204016e-09
0.0
1.2466015726316818e-08
0.0
2.4613013214661436e-10
2.7197619691410424e-09
8.261263181157808e-12
0.0
0.0
9.022813957640535e-09
8.575743776233532e-09
0.0
0.0
0.0
0.0
0.0
1.1049564974985496e-18
0.0
0.00010319173853254708
0.0001031917385325471
0.0
9.88271645856228e-09
0.00013044220292031053
0.0
8.619457774938255e-09
4.958949423506657e-09
0.0
4.958949423506657e-09
-0.00019365682605188301
0.0
-9.398592126785843e-09
0.0
6.962246335007194e-09
0.0
0.0
0.0
0.00010268336905935025
5.051728440939453e-05
1.4427695879625199e-08
6.632346666714337e-09
1.2590511049694679e-05
2.491579710249186e-09
1.7708107160614414e-08
0.0
8.772778820446235e-09
0.0
0.0
1.1720951134941042e-07
1.7380605530403725e-08
2.663659163109392e-06
0.0
9.608328588497555e-10
0.0
2.663659163196731e-06
0.0
1.1038518126448487e-08
0.0
6.808922236565351e-06
0.0
3.1228690099895824e-07
0.0
6.83000591821e-06
0.0
1.437234897044828e-06
0.0
1.4364777884597234e-06
0.0
1.4372348969007828e-06
0.0
3.435672965268083e-08
3.435672984883867e-08
3.437829510626268e-08
3.4371107552975145e-08
3.4363919108659206e-08
1.3749880346093278e-07
7.828060115257305e-05
7.827545140574443e-05
1.372060981949877e-06
1.6444812491779592e-07
1.022566836761385e-09
-2.7138394791022258e-06
-6.867998592820224e-06
-7.14367060951289e-06
3.0612522272026466e-05
3.062227801397656e-05
2.4291272241150822e-08
2.4291272423624718e-08
0.0
0.0
9.954799136244476e-09
0.0
0.008366570659117667
3.226125306034392e-05
9.864185080685636e-08
0.0
9.954798757495007e-09
7.699351841929146e-05
6.42385111664505e-08
0.0
0.0
-4.027531942219478e-10
0.0
0.0
0.0013992483708694606
5.394106009544636e-07
7.612153011813876e-09
0.0
0.0001238922012982542
9.085570770966266e-06
6.712893005562217e-05
0.0
0.0
9.114084624399557e-05
5.776274212591718e-05
1.5398080137777865e-07
0.00019467331298050815
0.00014880862310102103
7.344442744612403e-05
0.0002187910956537792
5.9931988325809294e-05
8.786839164837192e-05
1.9353390959476193e-06
0.00020821733765465778
1.2170096917176062e-06
0.0
0.0001919584509368135
0.00014879267988222647
6.930621155400728e-05
0.00021851570819305543
5.9931703772647424e-05
8.818172137055048e-05
8.765679984967256e-06
1.4764820653034381e-06
9.396837159893199e-09
5.040185479865059e-07
3.000805912171837e-05
0.0
0.0
0.0
0.0
0.0034489080126007265
9.198442091525151e-07
3.469250400938087e-05
0.0
0.0
0.0
2.7331030459212343e-08
6.677772783445129e-10
3.522817410329751e-07
0.0
0.0
0.0
0.0
0.0
3.867854998042131e-05
1.4022630413087774e-05
0.00031192028898817127
-1.995245341923635e-05
0.0002390127128095345
0.0
0.0
0.0
0.0
0.0
1.1097382906163587e-06
8.272122695634398e-07
0.0
3.856017755905414e-06
3.856017755905372e-06
3.8560177559054614e-06
3.84642945878372e-06
3.856017755905333e-06
5.825205083987366e-07
6.702920543523021e-07
4.163496889475482e-07
1.0948345876342838e-06
0.0
6.4902321218632e-08
2.300794868665151e-06
2.300794868665258e-06
2.3007948686654626e-06
2.308839444729412e-06
2.3007948686654254e-06
9.240262822508798e-07
2.8054985328176733e-06
0.0
7.4382978890191005e-06
7.4515972485773945e-06
3.960774059329761e-05
7.438297889019186e-06
3.9607740593297885e-05
0.0
0.0
1.677509275372668e-07
3.0443518610055234e-07
3.0443518610070507e-07
3.044351861009345e-07
3.134033142971447e-07
3.0443518610087665e-07
6.348559118725814e-08
2.3828478083625582e-07
2.1886648966538327e-08
5.203428616121138e-07
0.0
0.0
0.0
1.4791607013220222e-08
8.411652912842289e-07
6.879279510959128e-18
0.0
2.610039797410458e-06
9.851252689366576e-07
7.360638775730419
5.793705359219414e-19
0.0010598632427067135
-0.0014825841577801957
0.00254280035000522
0.008234332965941246
0.00043303085025109766
0.0
0.0
0.0
0.0
0.0
0.0
0.0
0.0
2.6634711443599717e-10
0.0
0.0
9.931582191223747e-05
0.0001081439033923485
0.0
0.0
0.0005511500632729843
0.0
0.0
-1.001054112467131e-08
0.0001472684737886506
0.0001472684737886506
6.958590827686647e-05
1.9695054950254168e-08
1.715967917918846e-07
3.3587328433795576e-10
2.1861268435629654e-07
0.0
1.7042645903630612e-08
0.0
5.192384694611871e-05
4.510468288815485e-06
1.9423381539553374e-06
5.9106715742325217e-05
2.5569852429501567e-05
1.9959309845405874e-06
1.9585383275257057e-08
4.193065643503269e-10
-4.376161764334946e-07
1.4840559591737683e-09
5.041051478586181e-07
2.0382367854317554e-08
0.0
4.067024834457635e-10
0.0
3.355404367399007e-10
0.0
9.154490415306747e-09
0.0
0.0
7.432480244694091e-05
0.0009346148675787914
0.0007370722662630992
0.0018338222322771675
5.25805022017628e-05
3.968517638336259e-06
9.404751432166487e-09
0.0
1.4412028881584461e-08
0.0
0.0
0.0
0.0
0.0
0.0
0.0
0.0
-9.570058633486158e-09
-1.583281724761914e-10
-1.583281724763109e-10
0.0
0.0
0.0
3.40908031276497e-08
9.72745547157789e-09
2.715771674255902e-10
0.0
0.0
6.35739969130918e-05
0.0
6.860335022769722e-09
0.0
9.69882453001662e-09
2.4327976361828774e-10
5.363953108872818e-10
0.0
0.009731897647154264
-7.296677923819897e-06
3.182043810514127e-05
0.0
0.0
5.490872093828445e-16
4.28030989469645e-05
5.234032807857885e-05
0.00014760020373095573
4.390496927965968e-05
0.0
0.001835539218422421
9.361493034273233e-06
9.361493034272125e-06
9.36149303427495e-06
9.361493034277229e-06
0.0
1.5629239110699633e-05
0.00032325654749172303
5.683014460024529
0.0
3.8835220411010336e-05
3.494951453977092e-05
-3.8857058712395525e-06
0.037420595593176016
0.0049145051926863335
0.0
0.0
0.0
0.0
0.04233509924734851
3.4090800862576445e-08
3.409080548079357e-08
3.409080792197462e-08
0.0
0.0
-1.4535634166110914e-10
4.295829675437868e-05
0.004592561019697802
0.0003892850292379039
-4.20593259660979
4.210996226147444
5.6780999548318425
0.04233509924734879
0.002945249118925787
9.728891768715436e-20
0.0
-6.1088280082508264e-09
2.7157702775685964e-10
0.000737072266263238
6.882926972419121
9.109741342654306e-06
2.28796570540098e-06
-0.005161162962640464
9.471340866710832e-05
0.0
2.4523760181599006e-05
-3.393341401373073e-06
0.00038911532059540335
2.1861268442506913e-07
2.1861268444210098e-07
5.067878508053413e-05
-9.059185901698173
2.1729235905385003
-0.003290615916152016
7.544224574693146e-05
0.0
0.0
5.239773664956083e-06
0.0
0.0
-6.696967767910994e-09
0.0
1.842924413164994e-10
3.8671668397814516e-05
0.000135180910748108
9.834067576803509e-09
-6.38197747089675e-09
0.0
0.0
7.537952908870488e-05
3.751948067653139e-08
0.0
0.00027688261474288333
1.9017946316889885e-05
-0.00029579497088111606
0.0
-0.0002958044035139479
0.0
3.340004808580995e-09
9.288105906025517e-08
-1.3654313682299592e-09
-0.00013137210397743272
0.00020625915144883533
4.105564726075502e-06
1.5414085145998676e-06
0.0
12.644086724724255
-12.646757393034836
0.0026706078009732233
-6.050960957626797e-08
8.2343479553892825e-16
1.3636318013424022e-07
1.363631800398305e-07
1.363631799663611e-07
0.0002742262190590779
0.00035043635702633756
9.841641442770444e-09
2.194894359971629e-05
0.0
2.748465515117539e-16
0.0
1.9585383135163346e-08
0.0
7.69292799081253e-05
6.210209434468618e-08
0.0
1.519655281604956e-08
5.590293396617678e-07
6.993224225523653e-08
0.0
1.1500095389986885e-08
2.4481642518399204e-10
7.251422570603563e-05
4.655249418403847e-05
3.928680030447043e-08
2.560613695961083e-10
2.0681935556748246e-05
2.0681935556746078e-05
-4.5983924841877406e-10
7.250440749973722e-05
0.0
5.964999741654428e-06
9.579442683347782e-06
4.6969911547119865e-07
-3.1151634660865656e-06
9.10974134265838e-06
0.0
0.0
2.3938986494791104e-06
4.6298867929833916e-05
1.7584940532911888e-05
0.0
9.269018095283573e-05
5.859601764683621e-05
7.605536358600416e-05
0.00034563576942764124
-8.743071010293316e-08
-0.00034572320013774333
0.0
0.0
9.385168240024749e-09
3.5773441178706645e-10
-0.011987897609372133
-0.013404351188428643
0.0
2.3673311055431017e-06
-2.3673311055456847e-06
0.0
0.0
7.828060115319061e-05
7.827545140636286e-05
1.3720609825691732e-06
1.6444812553622484e-07
0.0
-2.713839478540792e-06
-6.867998592258173e-06
-7.1436706089511104e-06
0.0
4.271362067438989e-11
0.0
0.0
5.366917924957276e-05
5.351091997294021e-07
0.0
2.4736189921248788e-08
8.78477835543882e-09
0.0
3.409079086907621e-08
3.4090794477675116e-08
3.4090788359088464e-08
3.409078931406647e-08
3.409079237337057e-08
3.409081045115843e-08
0.0
0.0004830120089518866
0.00010185134967856312
2.399581263397936e-05
-7.83798724866228e-05
0.0
5.845544979930775e-09
0.0
3.6886729631297703e-06
3.68867296313129e-06
2.7583838238668417e-19
0.0
-3.681335542212431e-06
-3.6807881738713218e-06
0.0
0.0
2.7326585493278816e-08
1.857820359655428e-15
0.0
9.340826243021093e-09
0.0
0.0
0.0
-3.1599772071406436e-10
-3.159977207150457e-10
-3.7091724142543783e-08
0.0
5.626286194046678e-08
-1.5388885897884425e-05
1.331592997257888e-05
2.0822967515476662e-06
3.6886729632719097e-06
1.0628870556315223e-05
-7.690339042131938e-05
0.00012983746516803495
0.0
0.0
2.1428776574254193e-08
0.0
5.3924722893043956e-05
-2.0976871461538034e-08
-2.0976871461014568e-08
-0.012163130259624566
1.8915103043700753e-08
0.0
1.2057287917582295e-08
4.8634275334074866e-09
1.2057288670815517e-08
1.205728942342491e-08
0.0034468406604343943
-3.7795976967006006
3.77969421404207
9.651732494124459e-05
0.0004746357921550697
4.547472451033628e-08
1.4952106037159537e-05
2.0018525504087918e-05
-3.495843448841373e-05
-3.4958434488413895e-05
3.688672963552229e-06
3.6886729634119784e-06
5.501676859226601e-07
4.824637902731133e-10
2.351432437684511e-19
1.1594086136620439e-07
-1.1153698175284616e-07
0.0
-2.82059895736729e-05
0.00028786459893359974
1.8475543596126532e-10
3.2651541709100885e-05
3.264305214872197e-05
0.0
2.345605376348902e-09
0.0
6.291668399501546e-05
-9.496803259977959e-09
8.32139129178795
-8.321391584005202
-3.0185685716308954e-07
-2.472981775084813e-09
0.0
2.170706704916929e-05
-2.1707067049169318e-05
-2.1707067049169318e-05
2.1707067049169294e-05
0.0
-1.2107144018996167e-10
6.95727824693811e-07
6.957278247002019e-07
-2.1740194262966084e-05
0.0
5.292694028144063e-07
8.983041591190922e-07
1.455008329257658e-06
1.455008329249333e-06
1.4550083293844893e-06
0.0
7.641583569757288e-06
0.0016598864531925332
0.0016675318368398323
-3.800077541700475e-09
3.8899311879080596e-09
0.0
-2.2110182131343525e-09
0.0
1.2507227874888744e-08
0.0
0.0
3.401812016773441e-07
0.0
0.0
0.0
5.3746194642812315e-09
4.093601792956184e-08
1.1615065160372344e-08
3.366941526564232e-07
0.0
4.093601792904818e-08
0.0
1.6862373175137722e-05
-9.279043191039345e-09
1.6861672523451323e-05
2.7301946720445502e-05
3.885250768493717e-08
2.1707067049170273e-05
2.4289126466158e-19
3.165346214738957e-05
-5.3369391884896736e-05
-2.1706146074136906e-05
4.105564726070206e-06
0.0
0.0
0.0
0.0
0.0
0.0
0.0
1.3150236550648502e-08
9.846217586147214e-09
0.0
-3.89004916986093e-10
7.104587662044879e-07
4.505115360538368e-05
5.0121385587007503e-05
1.824390117830958e-05
5.727442392422728e-05
0.0
1.976127121766898e-06
1.0348322903510167e-06
0.0
0.0
0.0
9.488626621175271e-08
0.0
0.0
0.0
0.0
0.0
8.428243078010119e-09
0.0
0.0
0.0
8.946561176284415e-08
5.488671543897219e-05
4.1239008126920685e-07
9.294214431402797e-07
6.008768543395954e-06
7.315271210480896e-06
2.3747599476238034e-05
8.916492822805269e-07
9.62759363971799e-09
9.326401721404014e-09
8.338750773038921e-09
9.788685325910312e-09
9.345287228619734e-09
9.800397842871867e-09
9.626494399694994e-09
0.0
0.0
0.0
0.0
0.0
0.0
0.0
3.1218345902317295e-07
1.48149734609202e-06
0.0
2.3230535987588632e-05
5.184448799381204e-05
2.2061738313039503e-08
0.0
0.0
0.0
4.25214422223138e-08
6.399999725406136e-07
0.0
0.0
0.0
0.00019365682605188006
8.540773040496826e-07
1.1601301643753244e-18
9.83772422652584e-07
0.00010377291169210051
0.000105615871167518
0.0
0.0
0.0
0.0
0.0
0.0
9.954800115556368e-09
0.0
0.0
0.0
2.7917533598041963e-05
0.0
2.995302093899428e-09
0.0
0.0
0.0
0.0
0.0
0.0
0.0
0.0
1.3893989193569377e-16
0.0
4.455154991961969e-05
1.0419981586798617e-05
0.0010088033015683232
-0.000953831770061905
0.00019994053181063252
0.0
9.545572884398323e-09
9.183780706031281e-11
0.0
0.0
0.0
0.0
0.0
0.0
1.64563358030183e-05
1.645633580301859e-05
1.645633580301825e-05
2.9122927623058218e-05
0.0
1.61963366098321e-05
7.969194061489357e-07
0.0
1.333841487474216e-05
0.0
0.0
0.0
0.0
1.3330270752413514e-05
2.8650462829944663e-06
0.0
0.0
0.00024583230948174717
4.5256961936277547e-08
1.346270650312841e-05
7.810372888896427e-07
1.6349357260907495e-05
2.490320765139866e-09
2.490799606785627e-09
0.00010215016426668976
0.00010215069100627614
0.0
-9.954798662683202e-09
-4.963235762340428e-10
2.4914292284860837e-09
2.701569520609137e-06
1.7974890762153693e-19
0.0
0.0
0.0
2.1022121842581105e-06
0.0
-2.280926860052011e-10
0.0
-2.5357058697662077e-10
0.0
0.0
1.3462574654754591e-17
0.0
-4.6277377803713606e-10
-1.8079393345610262e-07
-1.68891005293461e-10
0.0
1.8969055045629195e-07
5.693137212266022e-06
0.0
1.6456335803018428e-05
-8.89121236623833e-09
0.0
9.863522464845702e-09
2.8650402461793844e-06
0.0
0.0
0.0
7.985481743694445e-07
7.985481743542156e-07
0.0
0.0
1.646915497315723e-08
1.6334628558873135e-07
4.807775794464855e-06
1.294512691594913e-06
1.3331585613227004e-05
2.8553093632684546e-06
7.899643664575819e-07
0.0
-1.6708249776674268e-07
-4.810210929171214e-06
-1.303111615550838e-06
1.528713303736477e-05
0.0
-4.471241915671071e-10
1.528713303798364e-05
0.00023497813081568389
0.00023498705293955203
4.951102159998078e-05
1.7244845992861837e-10
0.0
0.0
0.0
-1.3459001610010039e-11
0.0
7.104587663024643e-07
7.104587662975433e-07
3.409079653122722e-08
0.0
-2.6611770695025275e-12
0.0
0.0
0.0
9.882716471990403e-09
-0.0006512348406874815
0.0
1.6976586511352423e-05
0.0
0.0
0.0
1.7720891519346518e-08
0.0
-3.947709620272068e-10
2.0361510630728564e-06
1.2093754514077432e-05
1.2083981386427511e-05
2.1022099591076073e-06
5.451195940064755e-07
0.0
-2.5796337339548746e-09
-2.57963373372327e-09
0.00019754260131569278
0.0
0.0
0.00011493691040657349
4.3003955548670966e-05
0.0032169379813420914
0.008173532895528137
0.0004328749838896181
0.0
3.743050225895992e-08
2.6953923749316474e-06
2.657710933570495e-07
2.4108239012274162e-09
1.0591424031187103e-06
4.921279911017182e-08
2.695401293544334e-06
3.083089660475761e-07
0.00042801634327326114
3.126933751229092e-07
1.5216861753497646e-07
9.895172631335261e-05
3.388698235021629
4.062624124915801e-17
1.3675201405622222
0.00024415172608492804
0.00045549499889719226
1.6890513484621474e-07
3.0049408833856942e-05
6.9401867585603425e-06
2.3965921092062395e-08
6.875924014550236e-06
0.003797776081157306
0.0037977701811321694
0.0
5.854695157227829e-08
3.858510688799671e-07
-6.285523317106634e-12
4.541559350538856e-07
0.0
0.0001148943270691881
0.0
3.669302501942458e-08
0.0
1.9216463429237642e-08
0.0
3.2168058179317017e-07
3.0830896633965237e-07
1.409212049196516e-16
0.0
3.5674701497357736e-09
0.0
7.585797572937912e-09
0.0
0.0
0.0
5.781048555267835e-09
0.0
0.0
0.0
2.0828883076330543e-05
2.0828883076330554e-05
0.0
0.0
0.00011386022596074358
7.52909699019067e-06
4.005960683322622e-09
7.385866986677623e-05
9.639605967802452e-09
2.1520536639231875e-08
9.586214429556751e-09
7.795349208076234e-09
0.0003491413978011215
5.0902012586438105e-08
3.930731368384283e-05
9.585576785409367e-09
6.35251440576323e-05
9.684012725847713e-09
0.0001247096296487726
0.0
2.585148516627517e-05
9.866587697214938e-09
4.374365647257185e-05
9.891496097387868e-09
3.26442677406139e-05
8.976274344884844e-09
0.00011584249345431724
9.841641304105042e-09
4.57062917822527e-06
0.0
2.7870812186990503e-16
2.778386922810273e-16
1.5271090722176933e-05
2.508840142071027e-09
2.8252138499137543e-05
8.983467578499372e-06
2.1520536778733096e-08
1.758494053221726e-05
0.0
4.245182637567975e-09
1.9044488829215051e-06
6.8452253024161835e-06
7.176711950416384e-06
7.470780950842394e-09
2.0073086034271516e-05
1.28757653651072e-07
2.1139609479889946e-05
1.1611476245093657e-05
0.0
9.145122421006853e-09
0.0
0.0
0.0
0.0
0.0
0.0
0.0
0.0
0.0
0.0
0.0
0.0
0.006220388900030738
0.0062203371928227225
3.439145458148011e-08
1.1738638360561333e-06
5.990015353627212e-06
9.459651231903843e-09
9.416641200973993e-09
0.0
6.4447241170198e-11
0.0
9.954799232115419e-09
9.954799328015257e-09
9.954799423301464e-09
0.0
2.922712013952336e-11
1.874595847925929e-11
2.1707067049170033e-05
0.0
9.432035428011164e-09
2.6652128718817097e-06
0.0
9.442452226764246e-09
0.0
3.7478433477466624e-11
0.0
9.04387282521108e-09
9.954798851811043e-09
9.95479894610497e-09
9.954799039732699e-09
0.00012500969522185386
4.816847197688053e-05
0.0
0.0
-9.361360840399709e-09
-2.6652128720201437e-06
5.3640757896115015e-08
8.980058887417784e-19
0.0
0.0
0.0009178613330073406
0.00013327484179146925
6.005386200872414e-05
4.8385460553099426e-05
2.8759585061267683e-05
7.491821309964836e-05
2.045275972202097e-05
1.0252806486843156e-05
0.0002757167761430129
0.0
0.0
0.0
0.0
9.882716433313861e-09
1.1619532280128097e-05
1.6221650423710398e-05
0.0
2.4535121744684305e-07
6.140078727249364e-05
9.873757868821634e-06
1.0537498835152836e-05
1.6159987911465933e-05
3.8498727017762876e-05
4.0626722487470546e-05
1.3056630269775535e-05
2.1316464024160032e-05
6.541571315535044e-05
0.00027749654960927336
3.3944982194471235e-05
2.6696161191636086e-06
7.600988445165315e-06
1.622675208142487e-05
9.269018095269671e-05
0.0030359123666026627
0.0
1.994674054283755e-08
8.772797985741021e-09
0.0
4.634796273844365e-05
2.4615766939645073e-05
7.961363072004472e-06
7.911617459978074e-05
5.182746477643575e-05
4.676016206029812e-05
5.545589333545446e-06
0.0
0.0
8.772778685059877e-09
0.0
0.0
0.0034836089992737952
9.727455191499721e-09
9.29556655570677e-07
0.0015223932489992573
5.01933029134008e-05
2.593429137864698e-05
2.421808428868254e-05
2.29640321986788e-05
2.828529268254221e-05
5.052460239991672e-05
3.883292193732109e-06
-6.958590827700617e-05
0.0014407440366054393
0.004948417197811486
-0.009731897647153986
5.258050220161964e-05
0.0
-0.0083665331396372
-7.00244814666462e-05
6.544488207613103e-06
0.0
0.0
2.9169435656654954e-07
3.096070739287754e-09
0.0
0.0
4.9532734831895216e-05
6.544488207447984e-06
2.3750732773549766e-06
0.0
3.395920851580599e-07
0.0
4.853971965100723e-06
2.9169435640046755e-07
2.7449221684397026e-05
3.096070574181899e-09
3.676733103722694e-05
0.0
3.7857307160907914e-06
0.0
5.6077223039673365e-05
2.3656508340848518e-06
3.301063644879653e-07
5.145666321833272e-06
2.7452317755301364e-05
3.675815730111883e-05
3.7762479065748663e-06
2.7335728269655053e-08
2.7335728274575894e-08
-2.564880209263154e-11
5.446584640223361e-19
0.0
0.0
9.86352163589176e-09
0.000487600006284776
1.0358132535234765e-06
3.7900295186011274e-05
5.488671543913718e-05
4.123900814348864e-07
9.294214433061376e-07
6.008768543561932e-06
7.3152712106458716e-06
2.3747599476404442e-05
8.916492824450087e-07
4.6357017003401044e-05
2.4625153052496562e-05
7.97029347315582e-06
7.90192077426344e-05
5.184570354242138e-05
4.6766326493928524e-05
5.5556681675404725e-06
6.416229467063344e-07
2.354011671378792e-05
2.391267489510854e-05
1.8743070805049276e-05
8.171566366996085e-07
1.3737678682691014e-05
7.813184869604413e-08
4.5051153605466196e-05
5.012138558709037e-05
1.824390117839248e-05
5.727442392431028e-05
0.0
1.976127121850121e-06
1.034832290433422e-06
0.0
0.0
0.0
9.488626629522553e-08
0.0
0.0
0.0
0.0
0.0
8.428243161976234e-09
0.0
0.0
0.0
8.946561184629267e-08
-5.2340328079812344e-05
0.0
9.954798662488167e-09
7.83219126178132e-05
0.0
0.0
-4.3638073140574464e-10
1.772089151933502e-08
5.69232995860933e-06
0.0
0.0
2.5013006634629402e-05
9.115324433039973e-05
0.0
0.0
0.0
0.0
1.0930634214374116e-07
0.004766388939053046
0.0
2.844439440092064e-05
10.266620501015566
4.5196997595887536e-05
-7.728701083594748e-06
-6.877646014123286
-5.087942698858476
0.00013044220292045034
0.0
2.6376526405410245e-05
2.564880211144585e-11
0.0
3.724384886101618e-08
6.625462837505793e-09
0.0
6.625462845022412e-09
0.002682806489559755
4.889220419416095e-09
0.0
2.45237601814597e-05
2.452376018104593e-05
5.501676860627932e-07
3.688672964110481e-06
2.4517316610538628e-05
3.688672964389946e-06
2.452376018118397e-05
3.6886729638313173e-06
0.00011652130722001889
0.0
0.0
4.64322488244737e-19
0.0
-2.831870454389942
2.8318537106711177
-1.675301577113346e-05
-5.087750867478335
0.0
0.0
0.00012344408612752905
3.1275678789672424e-07
1.481437635154559e-06
0.0
2.3334133660759978e-05
5.1834958311680273e-05
2.569770271962314e-08
0.0
0.001440744036605301
0.0
0.001440744036605162
9.315525485731356e-09
3.1275678792151805e-07
1.4814376351800512e-06
0.0
2.3334133660785718e-05
5.183495831170509e-05
2.569770274586312e-08
0.0
9.115324433065738e-05
6.829480737681008
1.6981970029317761e-09
0.0
-0.00030615609579999356
0.00011795781210836624
9.01317355942531e-06
0.00029715274076130913
3.615915888016124e-10
0.0
2.58786172037433e-05
8.094076231567687e-05
5.379804962726473e-05
1.0648129172224387e-05
4.857093397891022e-09
7.363436635575368e-06
0.0006420037627413511
5.3915231756004735e-05
-9.491111567936247e-09
0.0
4.8418140258983745e-05
0.0
0.0
5.677315704892598e-09
4.842310358771722e-05
0.0
0.0
3.7131413008537676e-05
0.00011911381529969109
1.772089151836336e-08
-5.2445051970025905e-09
-5.2445051972352475e-09
8.619457775147054e-09
0.0
-2.422595397053659e-07
-2.4225953970562595e-07
-2.3259313504841546e-07
0.0
5.088160765384722
5.088160765384722
0.0
3.2961695179198185e-10
0.0
0.0
0.0
0.0
1.4400328497167302e-07
1.7403529149284556e-10
0.0
0.0
1.8129568576206437e-05
1.8129568576206433e-05
3.409079868560623e-08
5.451195939506704e-07
0.0
-3.20260590708102e-10
-8.032408597270036e-09
0.0
-8.032408596646831e-09
0.0
0.0
1.4673734821470997e-05
1.1208449057357266e-05
0.0
5.3715478180486266e-05
3.9339342052300645e-05
0.0
6.948133271532778e-06
0.0
0.0
7.314314444052637e-08
4.378177850563183e-06
1.2423364571361112e-06
-0.00012092640411350691
-0.00014142035718078122
1.4186125081155273e-16
0.0
1.9888021619702794e-09
0.0
0.0
0.0
0.0
1.36363180076641e-07
1.6632439164380097e-06
1.0270604564741966e-05
1.2969579521496311e-18
0.0
1.7244845992862052e-10
0.0
0.0
3.9230417162600566e-06
-3.923041716262683e-06
1.5429352447955382e-18
1.3011366569656935e-16
1.4049474526652284e-16
1.4470421723319005e-16
1.4270038907973827e-16
0.0
0.0
0.0
1.6528778755153747e-11
9.678375918117143e-05
0.0004771279846331501
0.0001936474274597846
3.802599057582669e-05
2.1238633096257055e-20
7.936718575680393e-19
-0.0005598902541761319
0.0005571840140626957
-2.72101085557179e-06
0.0
1.6632439164350722e-06
1.6632439164353034e-06
1.6527626117673518e-11
0.0
0.0
0.00012345206937780257
0.00012344408612766818
2.0822967515480122e-06
0.0
0.0
0.0
1.5642678583168198e-09
0.0
0.0
0.0
1.0290092814585973e-05
1.02803924601335e-05
1.6632439164361837e-06
2.948348444577607e-18
2.9483484448610657e-18
0.00014263233918440621
0.0001446685575406802
-2.0362183562707983e-06
2.036151063075378e-06
0.0
0.0
1.1257416345441639e-05
0.00011835702705159835
0.0
1.652186430315545e-11
1.6525321087834823e-11
2.5201197681790246e-06
1.6603536265929315e-06
1.487589000430108e-06
-8.958616244133993e-05
0.009184746586207276
0.0
0.0
-10.266598657961794
0.0
0.0
0.0
0.0
-4.117993718541769e-10
1.0211944557262683e-05
0.0
2.654127720361934e-06
0.0
3.8849902238985434e-07
0.0
-3.889738177845332e-10
0.0
0.0
0.0
0.0
0.0
-3.042135565602353e-10
0.0
3.719710634658868e-08
1.375059907182112e-07
1.375059913671922e-07
3.409079946410314e-08
3.40907990310364e-08
1.7159679135267075e-07
7.104587663219825e-07
0.0
0.0
9.727454912747402e-09
0.004136757925463885
3.923041716264067e-06
7.360638775730419
0.0
8.808508695550461
-8.808509866318557
-1.1698896917091241e-06
0.0
0.0
1.4075687705772223e-05
3.2975256414531765e-06
8.832846655514495e-06
1.1733813722660044e-06
0.0
1.3315929972439433e-05
0.0
1.3224315967732907e-05
4.3114749920471615e-05
-0.0007431018583670124
0.0007729751255750445
-1.886494205149286e-08
2.433945867891941e-07
-2.433945867888468e-07
6.4436474814032765e-09
1.4446936939051343e-06
-0.00012238504601892915
0.0
0.0
9.022813957612777e-09
8.576364363110427e-09
0.0
0.0
0.00012329546696617416
2.3372799742864598e-07
1.4136541481624252e-06
0.0
3.7192721944801376e-08
6.4435752489875e-09
0.004843473047700331
8.585364205048585e-16
6.358608676005161e-05
6.284895693966692e-05
5.762284206524248e-07
6.342516971825877e-05
5.762284206517769e-07
0.0
1.5642200275469074e-11
0.0
0.0005395561435512441
0.0
0.0005401096520553194
5.522075998822359e-07
2.717773866702112e-19
-5.525867859176546e-07
-5.525867859173056e-07
7.538567775355887e-05
7.816892031585614e-18
-1.0043686268952634e-09
8.849309818541503e-09
7.023701875781333e-09
0.0001844936793290727
0.00018449367932907271
0.0
0.0
0.0
6.443644960575007e-09
0.0
0.0
0.0
-2.6376526405411278e-05
0.0
-2.6372795406016514e-05
-2.6365349969466112e-05
3.2752139501890227e-14
1.4209175325714483e-06
3.393341401092563e-06
2.006920255136525e-09
9.647006625208492e-09
1.920691054357879e-10
1.3751317625577631e-07
1.3751317656197497e-07
1.4209175330043506e-06
3.3944982196443e-05
6.958590827672672e-05
3.394497500910227e-05
3.3933414013731954e-06
3.393341401653482e-06
3.3944982196164074e-05
3.394514037578621e-05
1.786399387854094e-10
1.4576768796859548e-07
1.4989815710735166e-07
0.0
0.0
0.0
9.8234453715474e-09
9.823445370463115e-09
1.2528797782822257e-08
1.252879692963794e-08
2.0315656314757004e-10
9.902551398297453e-09
4.4466555501808437e-10
1.2528795500202962e-08
9.658225952278172e-09
0.0
0.0
3.394498219475583e-05
1.4209175327870817e-06
1.2528793969738562e-08
1.2514416186362433e-08
3.0555468775353565e-05
0.0
0.0
0.00015272496897163982
9.863863059678124e-09
1.2521604234479886e-08
1.252879186288907e-08
0.0
2.7326584783558982e-08
2.7331031135696857e-08
0.00017785525559496735
1.7720891519023275e-08
9.534462298212183
-9.534462290107836
0.0
5.364075789556466e-08
-4.335610487303266e-06
-4.335610487303239e-06
4.2264709279438384e-08
1.0721041733210862e-08
0.0002664798509497569
9.020268429650876
-9.020269736245172
-1.3485260389829348e-06
7.104587662152878e-07
-1.8487133582403263e-11
6.16450764397532e-19
0.00016903997296798836
-0.00016907154176334384
-3.1568795355596535e-08
2.3226010448240686e-08
0.0
0.0
4.226470927821043e-08
0.0002308176782890852
-2.419868117440413e-05
-0.00025501635946348843
0.0
5.2515914550849955e-05
1.6853559580353273e-07
0.0
0.0
0.0
2.3464171643376112e-05
5.057234730766567e-09
0.0
1.7959800431905167e-09
1.7959800431783038e-09
1.474374061071288e-08
0.0
5.057234732040435e-09
3.009806784834805e-05
0.00021102558365389065
0.0002269500735279405
1.4173571339579928e-05
-6.634718240029671e-12
