0
0.0
0.0
0.0
0.0
4.5218344981665335e-07
1.1102801009631385e-08
0.0
0.0
0.0
0.0
0.0
0.0
0.0
0.0
0.0
0.0
0.0
9.857165563131389e-09
0.0
9.767941561558663e-09
0.0
0.0
0.0
0.0
0.0
0.0
0.0
0.0
9.74512551706737e-09
0.0
0.0
0.0
0.0
0.0
0.0
5.780346358426475e-07
9.856504516529981e-09
0.0
1.9817914276471473e-08
0.0
0.0
0.0
0.0
0.0
0.0
0.0
0.0
0.0
0.0
0.0
7.584303008808816e-19
0.0
0.0
0.0
0.0
0.0
0.0
0.0
0.0
0.0
0.0
0.0
1.4793140832097562e-16
8.574895205229387e-09
0.0
0.0
0.0
0.0
0.0
0.0
0.0
6.406893812659077e-09
6.531015323366813e-10
0.0
7.931375878920118e-12
8.125671522505982e-10
2.781832478684153e-19
0.0
0.0
0.0
1.412029076140405e-10
1.0155359279201415e-10
0.0
0.0
0.0008718056220011761
4.899205769803155e-13
0.0
0.0
9.896408206594922e-09
0.0
0.0
8.990391497706205e-09
0.0
3.893031454452205e-08
-3.89164927023627e-08
0.0
0.0
0.0
0.0
0.0
0.0
0.0
9.927418902825535e-09
0.0
0.0
3.335937614614941e-10
0.0
0.0
0.0
0.0
0.0
9.728341879403308e-09
0.0
0.0
0.0
0.0
0.0
0.0
0.0
0.0
1.2103688659249637e-08
0.0
0.0
0.0
0.0
0.0
-9.099961899493802e-07
8.991090968755707e-07
0.0
1.7800897658286787e-09
9.56632705281607e-09
0.0
9.578073017376495e-09
0.0
0.0
9.525348962955685e-09
0.0
1.2477925437596019e-06
0.0
0.0
3.8779857765896294e-08
0.0
0.0
0.0
0.0
0.0
0.0
0.0
0.0
0.0
0.0
0.0
0.0
0.0
7.531858675235481e-13
6.96831873170011e-09
0.0
0.0
1.0300801340441575e-08
0.0
0.0
0.0
0.0
-0.00014461075996340805
0.0
9.757452966224693e-09
0.0
0.0
0.0
0.0
0.0
0.0
1.9721466244081743e-08
0.0
1.0077503753921466e-08
0.0
0.0
0.0
0.0
0.0
0.0
0.0
8.683448169385992e-09
0.0
4.2660710531389753e-10
0.0
0.0008672825066160508
2.9481856171904204e-08
7.1198450644337e-08
1.1359015962801196e-08
6.25393525021487e-10
0.0
0.0
0.0
0.0
0.0
4.3709987027727e-08
0.0
0.0
0.0
0.0
1.1715092506325878e-09
1.5953054949014193e-08
0.0
0.0
3.8082147500182525e-09
6.5364917351785325e-09
0.0
3.8919941443025e-08
0.0
2.6712168794738637e-08
9.611547727647235e-09
0.0
9.911725991858773e-09
2.8544028663968438e-08
0.0
0.0
0.0
0.0
0.0
0.0
0.0
0.0
0.0
0.0
0.0
0.0
0.0
1.2806603034591948e-18
3.6130962821219406e-09
0.0
2.2823437754961265e-11
1.6925265521245715e-10
0.0
0.0
9.860261162015607e-09
0.0
0.0
2.636097503477819e-12
9.676961079825638e-09
0.0
-2.710505431213761e-19
4.7126275572127146e-11
1.1030920420978067e-06
6.298982169195e-12
0.0
0.0
0.0
0.0
0.0
4.291013112059666e-11
-0.0008729432752250122
0.0
0.0
0.0
9.761465649988875e-09
0.0
0.0
0.0
0.0
0.0
0.0
5.557426174515211e-07
0.0
9.860599945327353e-09
0.0
0.0
0.0
0.0
0.0
0.0
0.0
0.0
0.0
9.826440404631559e-09
0.0
0.0
2.8177409755084355e-11
0.0
1.1237413128418535e-19
1.746207292424538e-08
0.0
0.0
0.0
9.804812567462459e-09
1.2744292887078874e-06
0.0
0.0
0.0
2.3709663217885037e-09
0.0
0.0
0.0
0.0
0.0
9.79436894984679e-09
9.337430768139664e-09
9.889404745458874e-09
2.370966321788504e-09
0.0
0.0
0.0
1.048464438947044e-08
0.0
9.460010212287938e-09
0.0
0.0
0.0
0.0
9.709801421880736e-09
0.0
0.0
-1.8999260715038546e-14
0.0
6.061257434384487e-09
6.991116166851612e-09
0.0
0.0
0.0
0.0
0.0
0.0
1.9652970953309806e-07
0.0
0.0
0.0
0.0
0.0
0.0
0.0
0.0
6.648924466556849e-12
0.0
0.0
0.0
0.0
0.0
0.0
0.0
3.899884963217918e-09
7.914964162568396e-10
7.579135743846618e-10
9.909701857086422e-09
0.0
9.993580487037903e-09
8.383013433232346e-10
9.961992664597394e-09
9.99015606611281e-09
9.942314800597408e-09
9.784662693648225e-09
9.784663745904254e-09
9.942314985239041e-09
9.961992412202065e-09
9.99205111920953e-09
9.990154085759356e-09
-9.857165562918664e-09
0.0
3.05821433452649e-08
5.338427306990318e-09
0.0
0.0
0.0
0.0
1.8396192660385207e-08
2.4677296474511095e-08
0.0
4.611945418225822e-09
1.9385609061532396e-07
5.038161566243532e-09
2.6980195868623873e-08
0.0
0.0
0.0
0.0
0.0
0.0
0.0
0.0
1.0746372360000693e-09
0.0
0.0
1.256372407300408e-07
0.0
7.324591055320056e-09
0.0
2.0430962099407513e-08
0.0
0.0
0.0
0.0
0.0
0.0
0.0
0.0
4.693449625459884e-08
2.270518080244628e-10
-6.1959212553084e-10
0.0
9.990766682704821e-09
9.965487990371003e-09
9.989985127789635e-09
0.0
0.0
0.0
5.0558432928126215e-09
0.0
0.0
0.0
0.0
0.0
0.0
0.0
0.0
9.889540314619437e-09
1.5383768724998245e-09
5.4297320049964855e-09
0.0
0.0
1.9859089282307755e-08
1.99274800105805e-08
1.9982815799587077e-08
1.9980137196435558e-08
-9.850955758527926e-09
-9.915020392876287e-09
0.0
-9.949784875455843e-09
0.0
0.0
0.0
-9.36641924539192e-09
0.0
-9.79864591069547e-09
-9.798037266944837e-09
-9.79740620527802e-09
0.0
0.0
0.0
0.0
0.0
0.0
0.0
0.0
0.0
0.0
0.0
1.994015871496506e-08
0.0
9.98255902939782e-09
9.91677414838299e-09
9.767941560048414e-09
-5.973366496065389e-10
1.165187277509579e-13
6.152688326402723e-08
0.0
9.563064718994477e-09
9.989255414814477e-09
3.138368364252915e-08
2.6469882098307802e-09
0.0
0.0
9.917478648728752e-09
0.0
-7.842251649722599e-10
7.930247421604193e-07
8.375828848619089e-09
0.0
5.715761810436779e-07
5.771627030283902e-08
5.564957693309271e-09
1.7391388825841273e-07
2.625023302160441e-08
9.822006813038405e-09
4.509498610643099e-06
0.0
0.0
1.6524793006868912e-08
1.4497065012955395e-18
9.593466527118415e-07
3.124400564662791e-08
0.0
8.00164702592662e-10
0.0
3.2625985468826e-08
1.5709474980350822e-08
-1.8656168332853626e-08
-4.761985743619371e-08
-4.78527912822631e-08
-4.765538468736504e-08
-1.6359698864088765e-08
6.504733562019888e-10
-9.856504516216058e-09
-9.856504516541319e-09
1.131322939112436e-06
9.882000847404406e-09
9.882000851565032e-09
0.0
0.0
0.0
1.9407446969856552e-08
1.9817914276430845e-08
9.84882482144532e-09
-1.981791427642897e-08
1.9950837132946436e-08
8.171861412877751e-10
2.8519114429933237e-08
0.0
2.9922764164069766e-08
9.971927331652605e-09
1.5382658787514642e-07
1.5382658841388638e-07
0.0
-1.9626756000397654e-07
0.0
2.8505688288089253e-08
0.0
9.966078143687943e-09
8.129433511733177e-10
9.97610157927374e-09
9.97610180083153e-09
9.969908955761726e-09
9.969909290502565e-09
9.969908621175728e-09
-2.276947301061219e-08
-1.5709466565051386e-08
2.8000531393512773e-08
3.820708291205256e-08
3.843945323209453e-08
3.794970742737819e-08
3.3690187869494007e-09
0.0
-1.4246345260436383e-07
0.0
0.0
0.0
0.0
0.00013154106786405137
0.00013154106823110178
6.236455540900013e-10
0.0
7.677932222981032e-07
3.1283203157685187e-09
9.017354472059319e-09
0.0
0.0
3.0709919077902195e-08
1.4528107105495354e-13
0.0
9.678322257836001e-09
0.0
-2.0501779078712355e-06
1.4818095180880147e-06
-5.68426469882969e-07
0.0
0.0
0.0
0.0
8.359374101680714e-10
8.359395112322032e-10
3.785140188784401e-06
0.0
9.412990895855261e-09
0.0
0.0
0.0
0.0
0.0003181407459790987
-0.0003181007814703103
8.374399766066599e-10
0.0
0.0
9.978032012170611e-09
9.980679866128209e-09
0.0
1.0717766037407667e-06
0.0
-9.89749746917179e-09
1.3411751658527152e-10
0.0
1.1687307710501711e-07
0.0
0.0
0.0
0.0
5.348258640620711e-08
0.0
0.0
0.0
0.0
3.800708215318044e-08
3.7361955087952364e-08
0.0
0.0
0.0
8.329663582553824e-10
1.2990859242098391e-08
2.3669278799223305e-08
8.41146297833149e-09
8.962536703038997e-09
2.999023285564749e-07
2.733596018140572e-09
2.663557711128861e-08
-1.5382658753304633e-07
7.572725510198007e-19
4.5218381646625e-07
-4.934716365969782e-10
1.3412192621812754e-10
-1.341202704452371e-10
3.979336052923646e-05
7.22862837350857e-10
9.87378703500236e-09
0.0
0.0
7.553480481392073e-09
9.977512149816903e-09
2.093678067114496e-08
-3.966448750329138e-08
1.4177448231149842e-09
1.4754444818042495e-07
0.0
2.1974350485488527e-16
0.0
6.366010640201977e-05
-6.362084003387103e-05
0.0
9.946668211587126e-09
5.849963315715123e-10
9.915232805591742e-09
1.9940178761748868e-08
0.0
0.0
7.0573775312129775e-09
0.0
9.902397971505985e-09
9.902398124086217e-09
2.585720461792678e-07
2.585720479528188e-07
8.17742938773796e-10
8.177446328497508e-10
9.902398276362412e-09
9.902397969841965e-09
9.902397969459042e-09
9.698675558070487e-09
0.0
0.0
0.0
0.0
0.0
0.0
5.750395516133379e-10
0.0
8.653748874220829e-08
0.0
0.0
1.0644362179007516e-08
9.969908319350929e-09
-9.890644822093807e-09
0.0
0.0
0.0
3.010784696497847e-08
9.981846954141544e-09
8.368107640648555e-10
9.991756801621039e-09
1.8529586780808816e-08
0.0
0.0
4.509498611385243e-06
0.0
0.0
0.0
0.0
0.0
0.0
0.0
2.127502891016862e-09
1.8787625321358724e-08
0.0
0.0
3.6079743527025095e-08
1.1016440070953104e-09
7.773700814019929e-07
1.0008173904254562e-09
0.0
0.0
0.0
0.0
0.0
0.0
6.463282795185014e-10
3.948853222673432e-08
0.0
0.0
5.5381539100935676e-08
4.6806643914611385e-08
5.538153912041044e-08
5.538153908432917e-08
5.538153911948643e-08
0.0
0.0
0.0
2.9499176977000185e-07
2.755016453366911e-07
9.79534844382235e-09
-2.6682643866032667e-10
0.0
0.0
-4.546001974858882e-08
-9.909975607486077e-09
0.0
8.771412338941728e-16
5.609144798321935e-08
0.0
8.315928601761694e-10
3.9544316182422556e-08
9.944855567374074e-09
9.944855416848952e-09
7.922259837436328e-10
1.262306236417517e-07
0.0
0.0
1.1154146834898717e-07
4.389865790013244e-16
2.3692495174977304e-08
0.0
9.952149525652414e-09
0.0
0.0
0.0
0.0
-3.015381087411688e-08
0.0
0.0
0.0
1.9008188295345656e-08
0.0
1.2831771911692158e-07
2.386068968098066e-16
0.0
0.0
0.0
0.0
3.7175526112602644e-08
9.944127526598885e-09
0.0
2.4824862969157987e-08
9.163606448951353e-09
0.0
0.0
0.0
-0.00013681543104022338
3.7819651017309634e-10
3.781965183698979e-10
2.8562408349595242e-08
0.0
0.0
0.0
0.0
0.0
0.0
9.476113600779531e-09
9.893030242447806e-09
7.419818484140033e-10
0.0
0.0
0.0
0.0
0.0
0.0
1.3376053304692278e-14
7.659375923547661e-15
1.714999157849535e-14
0.0
-1.0155359294109195e-10
0.0
0.0
9.327927919661194e-09
-7.931102945072689e-12
0.0
0.0
0.0
0.0
-9.969675252019528e-09
0.0
-1.1763005021992518e-08
0.0
4.383317898123131e-15
0.0
0.010649173926147438
0.0
0.010649164088991683
0.0
1.751294936406558e-08
0.0
0.0
0.0
0.0
0.0
2.1699778576557963e-15
6.1949689713001705e-15
0.0
0.0
0.0
0.0
0.0
3.010784786822932e-08
9.960089812155806e-09
0.0
1.077250233550459e-08
6.000996515170482e-10
1.9721466266557634e-08
0.0
0.0
0.0
9.989524407689078e-09
9.989524903206921e-09
0.0
0.0
0.0
0.0
-1.412026051639259e-10
0.0
0.0
1.7430326599846587e-08
0.0
0.0
0.0
0.0
0.0
-6.319526951204099e-10
1.7430325271669544e-08
-2.566752523903721e-09
-4.689616078246981e-10
-7.814056840805099e-10
-7.398183560486783e-09
-9.4771728334519e-09
0.0
0.0
0.0
9.965607691495015e-09
-9.636055860358372e-09
0.0
-0.0008717958146479754
-0.0008686607383367039
0.0
0.0
-4.899205769803155e-13
0.0
0.0
0.0
0.0
2.0853947662307757e-09
2.5105115692818713e-08
0.0
0.0
1.6242097517718143e-08
1.6242097535389917e-08
1.6242097553801525e-08
2.613850576215314e-08
1.624209755556104e-08
8.443246585014147e-15
0.0
3.594755777714745e-09
0.0
-2.807406000379653e-15
9.849456062462828e-09
0.0
0.0
0.0
0.0
0.0
7.882814946763534e-08
0.0
2.095182742007089e-09
-8.091938960525869e-08
0.0
8.78146096105153e-08
0.0
0.00013152191604546738
0.0
9.912649755176697e-09
2.7296223505393166e-09
0.0
0.0
0.0
9.705685028024366e-09
2.2322435722890895e-08
5.661286678096638e-10
0.0
0.0
0.0
0.0
2.952798459640889e-08
0.0
9.463352482920754e-09
-2.011535083151942e-08
4.284385794527436e-17
2.3709663394250743e-09
2.3709674223937327e-09
9.907739939449732e-09
9.907740415955844e-09
7.559997100560649e-10
9.871340566941069e-09
2.25856758564666e-07
9.871341078060681e-09
9.871341590222526e-09
1.645163627536232e-07
0.0
0.0
2.3184362534549093e-16
0.0
0.0
9.829262131218902e-09
0.0
0.0
1.1890604122627693e-07
0.0017452392126836246
6.647887062852545e-08
0.0
0.0
1.526644566750929e-08
1.526644566750929e-08
9.96495647912106e-09
2.931761893534363e-07
-2.391279080348266e-09
9.789527444161329e-09
9.789527472370914e-09
0.0
1.2370034775458384e-07
-6.246837900025182e-07
1.9983650112161707e-08
9.991711548242087e-09
0.0
0.0
0.0
0.0
1.2405314312616925e-08
0.0
1.3781173188779198e-07
2.7767992029514557e-08
7.444201527246418e-10
9.991942707660137e-09
9.78466186225985e-09
7.549897066989457e-10
-7.832666082428608e-10
0.0
0.0
3.0559727050363295e-09
3.599934400426729e-08
0.0
0.0
2.8763464872098107e-07
0.0
1.872988004908621e-08
0.0
0.0
0.0
9.989524061734062e-09
-9.927418902775167e-09
9.962899174924267e-09
0.0
1.2483137862646248e-08
1.99350489839569e-08
9.972150528445955e-09
0.0
0.0
9.78859428582557e-09
6.397391434210215e-10
0.0
0.0
-6.968318646335004e-09
0.0
9.990282195254663e-09
1.9980042200746935e-08
9.989764176141815e-09
1.0648505204805338e-08
0.0
0.0
0.0
9.887469397415016e-09
9.88746939818751e-09
2.1462744368500402e-10
0.0
0.0
0.0
9.889540242021576e-09
0.0
0.0
-9.91094461518351e-09
0.0
2.2172784517169825e-15
0.0
0.0
0.0
0.0
4.437531071765921e-15
0.0
8.859686593895024e-09
0.0
8.241807778534673e-10
9.940290752124384e-09
0.0
0.0
4.521834498201046e-07
0.0
0.0
0.0
0.0
0.0
9.990640527326123e-09
1.998098025565697e-08
1.7775014064595458e-09
1.9732425649881192e-08
0.0
0.0
0.0
5.4367242437533205e-09
0.0
0.0
1.9521266673641328e-08
9.635490977927115e-09
0.0
9.728341973625713e-09
0.0
-5.809666468847758e-10
0.0
0.0
0.0
9.767941899070373e-09
2.4048211095079172e-05
2.405489697875352e-05
0.0
0.0
7.579861593783769e-07
0.0
9.81964478953775e-09
0.0
9.991293844962927e-09
0.0
-2.554010336552892e-10
0.0
-6.555614448872344e-10
0.0
-1.1625420305408102e-09
9.9513244260609e-09
9.960662095424757e-09
2.6020852139652106e-18
0.0
4.049555935682333e-08
1.9908149315277822e-08
7.947948386725309e-10
0.0
0.0
0.0
3.6368342692327583e-13
4.1762117457787296e-09
9.398480182628463e-09
0.0
0.0
0.0
0.0
0.0
1.4654617117427162e-08
0.0
1.6978909093790046e-10
0.0
0.0
1.4361200620615786e-09
0.0
0.0
0.0
0.0
0.0
0.0
0.0
0.0
1.0879139905256896e-12
0.0
0.0
0.0
0.0
0.0
0.0
0.0
0.0
0.0
1.345624890918103e-08
1.5709469370085694e-08
-1.8656173789171532e-08
-4.761986279188139e-08
-4.785279654343291e-08
-4.765538986619817e-08
-2.5691451915242853e-08
-6.504784575561695e-10
0.0
0.0
0.0
0.0
0.0
0.0
0.0
0.0
0.00012892029716857494
0.0
7.086335308090339e-09
0.0
0.0
3.153777851765017e-07
0.0
0.0
5.877300816405882e-09
0.0
7.633118982971182e-10
9.915232797568646e-09
-3.1359327006649344e-06
0.0
9.957095942740748e-09
8.041745190212345e-10
3.5944721645631166e-08
1.473615419801552e-07
0.0
0.0
0.0
0.0
0.0
0.0
0.0
0.0
0.0
0.0
2.410068788593167e-07
0.0
0.0
2.4553355060215287e-08
9.857857747149158e-09
0.0
0.0
2.34967271843292e-09
0.0
0.0
2.6332931717675976e-07
0.0
0.0
0.0
0.0
0.0
0.0
-4.913388947547399e-10
5.2238424434013415e-11
9.185624250812596e-09
-4.913375150375688e-10
-6.578311787973778e-06
1.6656094667562293e-09
6.8677760053592155e-06
9.841930294557984e-09
9.841930335369823e-09
6.917768737373395e-10
0.0
3.083506258696611e-06
7.109716537326723e-08
9.907306969333266e-09
0.0
5.877300825048043e-09
0.0
4.2668848867241606e-09
0.0
0.0
6.279581500500213e-08
9.099961899492989e-07
0.0
9.75754966606143e-09
9.75754987149843e-09
0.0
0.0
0.0
2.2435895757089628e-08
0.0
0.0
5.971515440157258e-09
5.971515422507501e-09
5.971515458565954e-09
1.5537842513090128e-08
5.971515460344276e-09
0.0
0.0
-1.0035805405154443e-06
0.0
1.4434658256273532e-08
0.0
0.0
0.0
0.0
1.4872886018769978e-09
0.0
2.8039418537585244e-08
0.0
0.0
7.65333192288984e-09
0.0
1.0179684574434648e-08
7.653331553104404e-09
1.0179684285323708e-08
0.0
0.0
2.25349946651667e-08
6.899817793382444e-09
6.899817811724475e-09
6.899817830345878e-09
1.6425166794515885e-08
6.899817831644694e-09
2.5058440967061024e-07
0.0
9.673315833456972e-11
0.0
9.976595095606315e-09
0.0
0.0
0.0
0.0
0.0
0.0
0.0
0.0
0.0
-4.206704429243757e-17
0.0
-1.247792543774e-06
4.39256319254819e-06
0.0
0.0
1.765726686596135e-09
1.988437849472684e-08
9.932354273897367e-09
1.9884378111349637e-08
9.952023605173907e-09
9.952023373037584e-09
-3.877985776605749e-08
-3.877985776597914e-08
8.002013732653574e-09
1.7657265340848438e-09
6.193957650767606e-10
4.415169594630757e-06
0.0
9.841930213330913e-09
6.917766070855091e-10
0.0001317900696422175
1.8840359105437388e-08
0.0
9.93090132328354e-09
1.0602100719881076e-09
1.0219253640767724e-08
0.0
1.958147485208655e-08
0.0
9.624675938327132e-09
-8.137913412338295e-10
1.938481142492329e-08
0.0
1.8807547444908072e-08
3.324613737590157e-08
6.283960169750118e-09
0.0
3.004107365955898e-07
3.3070789641814915e-09
0.0
1.8540139930261512e-08
8.201959055131254e-10
-2.994008884865549e-06
0.0
0.0
0.0
0.0
8.127522623445573e-10
0.0
8.252031290441122e-10
0.0
7.878416672176783e-10
1.004231317114064e-08
8.060314443541399e-10
1.8671546498105753e-05
1.6804263513905072e-07
4.443951708235387e-09
2.573154655204029e-07
0.0004637996717486853
0.0
9.948184743482741e-09
7.95475729970508e-10
1.985094192743983e-08
9.875664830288298e-09
0.0
0.0
9.86993043513997e-09
0.0
9.869930430727976e-09
9.869930426583242e-09
0.0
-6.968318732773022e-09
-7.531752999057062e-13
-7.531859250869966e-13
5.849342471197293e-08
8.852324098305479e-09
9.974835876826207e-09
0.0
9.892006262489153e-09
7.406431732674492e-10
-1.139901825822085e-09
-1.0300801340360258e-08
9.231498219641837e-08
0.0
3.923407378085409e-08
7.099527681394672e-10
9.964577792833376e-09
8.114786160421382e-10
9.931346495217327e-09
9.93134641191773e-09
0.00013508045319245282
0.0
0.0
2.807378895325341e-15
9.891482184630262e-09
3.585396121123553e-15
5.8453373497056454e-08
0.0
1.6247266860084802e-10
4.955884229619523e-08
0.0
1.1384575794585028e-07
-6.771811529745534e-10
0.0
0.0
0.0
2.6237692574149207e-17
4.383436075901875e-06
-3.341840410376728e-08
0.0
-1.6263032587282567e-18
0.0
-4.1222606328873007e-10
3.0300962755358876e-10
1.0705523035228875e-08
5.509140226741992e-10
0.0
0.0
-9.757452966267788e-09
-9.757452966240683e-09
9.714817271032037e-09
0.0
0.0
0.0
6.515164463488424e-10
2.0022483367770192e-08
9.61320325743747e-09
0.0
9.044288912255933e-07
0.00014372605641030977
7.230538653162724e-05
7.230538653162724e-05
0.0
9.714819022159747e-09
0.0
4.2320012852059267e-16
1.974669512683962e-08
8.084751178086426e-10
9.89200642000289e-09
4.4439520367312094e-09
-1.950103640888518e-08
0.0
9.279766326227396e-07
-5.561128651498986e-06
0.0
0.0
0.0
9.588577271204963e-09
0.0
0.0
0.0
0.0
-0.0006957977209064255
0.0006958570564187845
8.032257014856118e-10
0.0
9.73247348600214e-09
5.849963302411643e-10
4.476083997023559e-06
0.0
0.0
-1.0431660345606009e-08
1.9384811269980394e-08
7.556479560706133e-10
0.0
0.0
8.075536494657539e-10
-1.007750375400622e-08
-1.0077503753910082e-08
3.1259041040605083e-06
0.0
0.0
0.0
0.0
0.0
-3.3649920924688832e-06
3.384461294660581e-06
9.784581482064417e-09
1.6348948583582635e-08
0.0
0.0
9.913245245816776e-09
3.046564277297154e-08
1.56568918048497e-05
0.0
5.270674792103951e-06
1.8246336363407994e-16
0.0
-0.0006380675459962599
0.0006380953914027501
7.495233546320999e-10
5.379259965274762e-15
0.0
0.0
0.0
0.0
0.0
8.356485119097756e-10
0.0004638214198811075
1.1998201653691419e-08
1.7912596947451016e-15
0.0
1.8540140129164482e-08
0.0
3.2413236984896317e-07
0.0
1.0042312983983109e-08
0.0
1.2198925193348373e-07
0.0
0.0
1.8673698746935913e-08
0.0
0.0
5.916408927109211e-08
3.995893904754432e-08
8.357796445179547e-10
1.5825402546290196e-09
1.5825418959240996e-09
9.991296647665626e-09
-1.050138075288054e-08
0.0
2.014775896064946e-08
0.0
0.0
9.983017919214156e-09
0.0
0.0
0.0
0.0
3.974189850171786e-08
0.0
-8.683448166893135e-09
0.0
8.163290874025311e-08
0.0
0.0
9.986662059487984e-09
1.9622713995685014e-08
2.937364837951248e-08
-1.0300801339787664e-08
1.9760445122500028e-08
-2.9481856171506946e-08
-0.000867280329487307
-0.0008671610794523351
0.0
7.119845072174041e-08
-6.174253173966846e-08
3.886938649490231e-10
1.9046259790107605e-08
2.276947870527568e-08
1.5709472173195543e-08
-2.8000525907110967e-08
-3.8207077574070466e-08
-4.7852793914838956e-08
-4.7655387278716654e-08
-2.5691449322400462e-08
-6.504759092473833e-10
1.9940161592147082e-08
0.0
7.382365994440973e-10
7.382366266336635e-10
-9.544334628620171e-09
4.6222137404703704e-07
0.0
0.0
9.919925987601957e-09
0.0
0.0
0.0
0.0
0.0
0.0
0.0
4.907837176284895e-14
0.00014391541831294252
3.2206429554773185e-06
7.576544340587464e-08
-3.405896359994637e-08
0.0
9.469920121718715e-09
0.0
0.0
0.0
0.0
0.0
8.235410389891647e-09
7.905094854792206e-09
1.1478667544802919e-08
9.889540178894158e-09
0.0
2.1209648410827203e-14
0.0
7.948638351721622e-10
2.136820766815133e-08
0.0
1.1478667604323296e-08
0.0
1.5383768963872122e-09
1.7882331927379777e-08
0.0
0.0
2.0256350700981053e-08
0.0
0.0
0.0
1.0649062193724496e-07
-3.4307272432098596e-08
0.0
0.0
7.451031815025349e-09
0.0
2.13995590921958e-08
0.0
9.98839055910139e-09
9.98838712022894e-09
-2.1659044890593605e-08
0.0
4.30946373511197e-11
9.823376855859327e-09
0.0
9.823376752786867e-09
9.82337678056274e-09
4.052213044017042e-05
-3.485985743822172e-06
3.5049856540565354e-06
9.35243658179282e-09
9.10189613213536e-05
9.693868509862218e-09
-2.947671554206112e-08
0.0
9.76343967782153e-09
9.763439709442964e-09
0.0
0.0
0.0
9.924074501359206e-09
0.0
7.354039704322255e-09
-3.157389860306524e-09
4.1966498441495595e-09
4.934731534313857e-10
3.014645771197474e-08
8.352549600012215e-10
0.0
-9.106271375847186e-09
0.0
8.733334964648817e-09
0.0
4.662759557224671e-08
-1.5953054877115846e-08
5.3714552978399065e-09
5.3714552978399065e-09
8.356819543997238e-10
0.0
0.0
1.7830512930587158e-08
-1.7830512177852142e-08
-8.558102441526165e-09
1.783051208225129e-08
9.907306950257415e-09
7.555761656382921e-10
6.34196292494479e-09
6.341962987380771e-09
6.794386657601949e-10
-7.71942446944586e-10
0.0
0.0
0.0
0.0
0.0
9.944855606134753e-09
0.0
6.241144377226944e-09
2.2163516289199425e-09
0.0
0.0
0.0
-2.9531422245097434e-08
-3.891994144328281e-08
0.0
1.9105813329031986e-08
0.0
1.0959252712965103e-08
8.241225463219262e-10
9.977528879020047e-09
9.977477515845865e-09
9.977476594838355e-09
0.0
0.0
3.091425634530646e-08
1.9638084793819317e-08
-9.670640343855882e-09
-9.909701900539213e-09
0.0
8.018998422121852e-10
1.269361250001739e-10
5.310970601714396e-06
0.0
1.783051376353061e-08
0.0
0.0
-1.6986573377166306e-08
-2.67121687970006e-08
0.0
0.0
1.135901606287781e-08
6.25393335759763e-10
0.0
0.0
1.938138555516802e-09
1.0236941197377758e-08
1.9508059953226944e-08
9.911997462108996e-09
0.0
-9.911726000719212e-09
0.0
0.0
0.0
0.0
5.970507470408432e-09
0.0
5.883448117526333e-09
0.0
0.0
0.0
1.4443493008654717e-08
0.0
0.0
0.0
0.0
4.308300726919794e-09
0.0
0.0
2.341031375728534e-10
0.0
0.0
0.0
0.0
3.0582143636634984e-08
5.338427293808974e-09
0.0
0.0
0.0
0.0
9.884707291489254e-09
9.508636921715864e-09
0.0
0.0
0.0
0.0
0.0
0.0
0.0
8.149486394515743e-09
9.83082999452837e-09
7.99494755533079e-09
9.772088149706514e-09
9.775116828513815e-09
1.7580567329754378e-08
2.507213688047008e-08
1.0366699037775113e-08
2.4288829312606084e-08
2.1135971627247987e-07
2.465209244696746e-08
4.658810649115529e-08
9.20575526936869e-09
0.0
0.0
0.0
1.2669598731915735e-07
0.0
7.275277529888273e-09
2.5540063885238546e-10
0.0
0.0
0.0
0.0
7.775499368980557e-09
-2.854402936236511e-08
9.863034490550513e-09
9.86303448854242e-09
7.123699922376317e-10
6.840530461172507e-10
1.3381981027448927e-07
0.0
5.0996021789048206e-09
5.099602238126083e-09
0.0
9.131025696236964e-05
-2.5658322038227266e-17
2.6517954802484555e-08
9.99316172408827e-09
9.990819759914328e-09
9.990819712311818e-09
9.983418749731702e-09
9.98341872591275e-09
9.98925462302978e-09
9.989254599480738e-09
9.972867065481116e-09
0.0
9.972866867706032e-09
4.70932002117732e-09
0.0
0.0
3.1522117818950533e-09
0.0
2.9800394110001272e-08
9.944307106601151e-09
9.944306933462599e-09
2.6698958539458887e-10
9.96528216977602e-09
8.121660177416009e-10
9.9652823209113e-09
9.890811547341552e-09
7.394772091508984e-10
1.9807402004610896e-08
1.9807401799418114e-08
1.98074021067521e-08
0.0
0.0
3.920476933103895e-08
0.0
0.0
8.656645271636867e-10
0.0
0.0
3.596185262853887e-08
0.0
0.0
0.0
4.5880564506852305e-08
0.0
0.00013624083247704515
0.0
0.0
0.0
9.167038069580373e-05
0.0
0.0
8.459021320752955e-08
7.461537728612862e-08
9.974835965889661e-09
7.372250250018495e-10
7.371679434430153e-10
0.0
4.227083088858934e-07
0.0
0.0
0.0
0.0
0.0
0.0
-2.282343616129192e-11
3.9475139816774664e-10
3.9475138999614523e-10
0.0
0.0
0.0
0.0
-3.6130960512966576e-09
-5.202869346074019e-06
0.0
5.212558236666742e-06
0.0
7.336446596395889e-07
8.274665845785082e-17
1.0516864151029062e-08
2.773777176385566e-07
2.773777176385545e-07
6.012690758283068e-09
0.0
1.6557845433588965e-08
0.0
0.0
0.0
0.0
0.0
4.995023581671617e-08
3.042335834430428e-08
0.0
0.0
0.0
1.0777849849602943e-08
7.143008610485695e-09
0.0
0.0
1.2616107239460383e-07
1.2593910441022411e-08
0.0
2.2642979982471166e-08
0.0
-7.096636296915879e-10
2.2642982859838938e-08
0.0
0.0
3.230082369855171e-06
9.8340145019459e-09
6.840528867039657e-10
0.0
0.0
-1.3486101124726702e-11
0.0
0.0
0.0
0.0
0.0
-2.6360975441354004e-12
0.0
0.0
0.0
0.0
-4.785217830370893e-06
0.0
8.795667219213868e-09
0.0
0.0
0.0
0.0
0.0
-9.67696107978495e-09
0.0
4.402973972055707e-06
4.402973961173637e-06
0.0
4.5218344981723415e-07
0.0
7.067120000016004e-10
9.857235526889737e-09
1.635986839145491e-07
0.0
0.0
0.0
0.0
0.0016105879809374458
2.0555151177470222e-07
0.0
0.0
0.0
1.4356558994996471e-08
0.0
0.0
0.0
0.0
1.4365492027625915e-08
0.0
0.0010568678187183019
9.623880357888692e-09
0.0
0.0
0.0013389693028645782
2.574980159653073e-19
-9.983047171304883e-08
4.405657308501057e-08
2.8038094384530315e-07
-2.0307285419457173e-08
1.484804874364587e-08
1.6423198244061576e-08
-9.049110853004416e-09
-6.407004744126239e-07
-1.103092042267855e-06
-1.043459021169725e-06
0.0
0.0
0.0
-6.2989822234051085e-12
0.0
0.0
0.0
0.0
0.0
0.0
1.7819885154425812e-08
9.969759263463883e-09
9.673652794230355e-09
-9.775912760209707e-09
0.0
0.0
-3.0199867296092496e-08
7.507410838230511e-10
0.0
6.323042733874378e-08
0.0
0.0
2.392036452884338e-08
9.963991600987071e-09
0.0
2.4476266571264486e-08
2.2851458079932916e-06
2.2948162454577167e-06
7.495336804085862e-10
7.495332970049639e-10
0.0
2.0722466806324843e-08
9.989698531183943e-09
0.0
9.988931182341018e-09
0.0
9.990638963713842e-09
9.960662249548331e-09
0.0
5.979138078559831e-08
0.0
9.962898890289378e-09
8.323031987423385e-09
9.965607401354388e-09
0.0
9.951324589674098e-09
6.402498327419846e-07
9.991940710769328e-09
3.3559884215324954e-08
9.990524324929042e-09
0.0
9.990280185380266e-09
6.148569282037708e-08
9.989333842384572e-09
0.0
0.0
1.3713672270362071e-15
1.3929529833006699e-15
0.0
0.0
0.0
0.0
0.0
0.0
0.0
0.0
0.0
1.556604473622515e-08
0.0
0.0
0.0
0.0
1.7982588809448207e-08
0.0
0.0
0.0
6.921220173114639e-08
4.2909522809689865e-11
4.2908307473688347e-11
8.582204227211065e-12
2.002367825510029e-11
3.1465766685021476e-11
1.1443381440817003e-11
5.721315625406417e-11
3.432959557744894e-11
2.288660029050945e-11
4.577164941334853e-11
0.0
0.0008729432752250122
0.0008726631341720667
0.0
0.0
-9.90997219094819e-09
9.450278995706137e-09
9.892340847470386e-09
-9.761465649839624e-09
0.0
0.0
0.0
0.0
0.0
4.1760959311942444e-09
0.0
0.0
1.7830513326530767e-08
0.0
9.660968865878998e-09
0.0
0.0
9.756074195402714e-09
2.136820769561945e-08
0.0
0.0
8.669773863861946e-09
0.0
0.0
0.0
1.011690847625255e-08
0.0
8.255895410202804e-10
5.975394506409929e-09
5.975394526728205e-09
0.0
1.1102801127105578e-08
0.0
1.9940170215434413e-08
1.9940167340507492e-08
1.9235010266754486e-07
0.0
0.0
0.0
0.0
0.0
0.0
0.0
0.0
1.994017875318367e-08
9.971389649239093e-09
1.9940175891444094e-08
1.994017873057919e-08
0.0
2.2648285682201722e-10
0.0
2.4464923487659787e-10
0.0
1.6133848923892692e-10
0.0
1.0550530068585207e-10
0.0
2.2169595294622917e-08
6.766044893446056e-11
8.149547536974415e-10
0.0
1.4577294896856813e-07
0.0
7.961794310469237e-09
0.0
0.0
0.0
0.0
0.00022574594660355784
1.7294822373687497e-08
0.0
4.175863042830531e-09
0.0
9.932942665944261e-09
1.5895211902959143e-08
6.748754068371348e-09
2.351023154028164e-09
1.7375455726405566e-07
0.0
2.0429002335811805e-08
9.968789095797398e-09
9.968789428486946e-09
0.0
0.0
1.5331384443455934e-09
2.7799183511112485e-07
9.892006573589867e-09
1.6656091624648348e-09
0.0
0.0
2.2923713371805954e-08
0.0
0.0
1.1571566357130378e-07
0.0
0.0
6.700706401329181e-09
6.130566770452271e-06
-0.0003188040312864966
-0.00013507067524816892
0.00046379967174882387
1.205054071580902e-16
-0.00012893999714450217
1.0780008213003383e-07
0.0
0.0
0.0
0.0
0.0
0.0
0.0
3.009878363190417e-09
0.0
2.4927497668874754e-09
0.0
3.4705165903201914e-10
0.0
4.1469034760933776e-10
0.0
1.2472423595358393e-07
0.0
9.791420602818737e-10
0.0
7.64988974578397e-09
0.0
0.0
0.0
0.0
0.0
1.1491948782498883e-07
0.0
0.0
0.0
0.0
6.121395007919811e-10
0.0
0.0
6.108031492979367e-09
6.012691485241205e-09
-2.2343467246868772e-07
-5.557426173760608e-07
0.0
0.0
3.058214306894768e-08
5.338427318806992e-09
0.0
0.0
0.0
0.0
1.8396193146319486e-08
2.4677296277319594e-08
0.0
0.0
1.938560903625627e-07
5.038160911611339e-09
2.6980200602950257e-08
0.0
1.0746368287084837e-09
0.0
1.9502119487599315e-10
1.2563724014653908e-07
0.0
7.324595482572514e-09
0.0
0.0
0.0
5.970507131887269e-09
0.0
5.883447392462234e-09
0.0
0.0
0.0
1.4443492773999393e-08
0.0
0.0
0.0
0.0
4.308300670770362e-09
0.0
0.0
2.341027831212602e-10
0.0
0.0
0.0
9.439407352984652e-09
0.0
0.0
0.0
0.0
9.520078603607244e-09
9.520080592449222e-09
0.0
6.318087410515732e-07
0.0
0.0
0.0
2.266404749789123e-08
7.057377520217328e-09
0.0
0.0
-7.099942962655445e-10
0.0
0.0
0.0
0.0
0.0
4.863642691038445e-08
-8.235705959532909e-09
-3.518120168521932e-06
0.0
7.579861592215504e-07
0.0
4.069328079625691e-10
0.0
0.0
8.59633525164271e-09
9.940290768502898e-09
9.940290788407191e-09
9.940290809223873e-09
0.0
9.515133897626624e-09
9.51513379901319e-09
-9.793057611639112e-09
0.0
0.0
0.0
1.341191775809609e-10
0.0
0.0
-9.772731565874516e-09
1.4392347678762646e-08
9.98184779442181e-09
9.981848635848278e-09
2.0034749225117493e-16
0.0
-6.178655062250751e-08
9.10242941524102e-08
8.14620294810546e-10
9.520875550799671e-07
9.932354041345165e-09
9.932353809211704e-09
-7.845404005886864e-10
1.900202534646854e-08
2.5798688370414927e-08
1.6660704376471626e-08
1.1894783312282587e-08
1.8262488004250745e-07
7.86852885193549e-09
3.0211533316932306e-08
6.130566770617617e-06
9.180186994481657e-09
6.130566770393181e-06
9.180186826327217e-09
1.9002025513227402e-08
2.5798687609211723e-08
1.6660703798885908e-08
1.189478227115271e-08
1.8262487916528622e-07
7.868527427083537e-09
3.0211541614897436e-08
3.202716528964329e-08
2.0581244400408316e-07
9.920498827164647e-09
0.0
2.5791912041110872e-08
3.124400609300442e-08
0.0
0.0
8.283937997300175e-10
9.294716544169432e-08
5.365331329531075e-07
3.266807269142191e-08
2.925198940408394e-08
-3.6245717463111345e-08
1.4122083297250414e-07
-2.1032245201935983e-07
0.0
0.0
0.0
2.3080250523951677e-09
0.0
0.0
3.337037813282192e-09
3.3370966278464796e-09
0.0
-6.766626403570746e-10
0.0
0.00012788162476039667
1.4836771772823179e-07
0.0
8.940050084166536e-09
8.940050089112361e-09
0.0
9.436980166501917e-09
0.0
0.0
0.0
0.0
4.734002073449965e-08
4.734002043290448e-08
0.0
8.479964985091223e-09
0.0
0.0
0.0
0.0
1.9508610154126933e-07
9.795348450328714e-09
3.941900413067167e-08
1.994017305342443e-08
1.2794926629144075e-05
1.2794926629143465e-05
0.0
4.521834498235558e-07
0.0
-1.746207292724519e-08
5.549934220786084e-10
9.701710118388442e-09
9.701709997866903e-09
9.701710037251586e-09
5.549936485787553e-10
0.0
0.0
0.0
2.4899045549480624e-08
3.192563015521506e-09
0.0
2.5205499237260433e-08
0.0
6.532964038956782e-07
0.0
0.0
0.0
0.00030869633291582253
-0.00015512524945436698
0.0
0.0
0.0
8.354133803025713e-11
0.0
8.354126144170349e-11
8.354128008027768e-11
0.0
2.482486110825313e-08
0.0
0.0
9.92504905301264e-09
9.925048896500068e-09
9.925048890385701e-09
0.0
0.0
7.832680068500924e-10
4.147857602779987e-17
3.820868585967852e-15
1.0665404453313505e-15
0.0
0.0
8.022999735533696e-10
0.0
8.022999753093705e-10
0.0
0.0
1.453141374644328e-07
0.0
4.7277966754805456e-08
1.4272146284991527e-16
1.634597941917759e-16
-1.2699834078132213e-06
4.65098989730455e-09
-1.2744292890273963e-06
0.0
2.482485900365256e-08
2.4824859584168465e-08
0.0
0.0
0.0
-9.946232006410871e-09
0.0
0.0
9.245698421068037e-12
9.245697631977967e-12
-8.02296155292398e-10
0.0
0.0
5.507747036226363e-16
0.0
9.885198867918445e-09
7.006351344907534e-11
2.4824860125181213e-08
2.6314474606367417e-16
2.6314474282261843e-16
1.874164754717907e-11
0.0
9.850051475493881e-09
0.0
0.0
0.0
7.243200190823739e-08
8.869146507471928e-07
0.0
0.0
0.0
0.0
0.0
0.0
2.644676804305945e-10
0.00013179044833527096
0.0
0.0
-3.9765939082358563e-05
9.976594940286107e-09
0.0
9.97659494316208e-09
4.266884909740313e-09
4.266884928028617e-09
0.0
0.0
-9.629813091903416e-09
4.3087095003002673e-10
0.00015436767225777991
0.0
-6.453727033039601e-10
-2.0000749361223862e-10
-9.337430768147602e-09
0.0
0.0
0.0
-9.889404745455697e-09
0.0
0.0
0.0
0.0
0.0
0.0
0.0
0.0
1.4303753488014493e-10
9.848256304372752e-09
7.406437818490035e-10
0.0
0.0
0.0
0.0
5.5422373856554545e-08
-2.617555755008564e-08
9.918510457396224e-09
9.922529013952882e-09
9.922496097769599e-09
0.0
6.230612776591966e-10
2.425100831407018e-08
0.0
9.920499074566463e-09
0.0
1.804346090904759e-16
0.0
0.0
0.0
1.911957099708304e-08
9.919017697479493e-09
1.0484644383648764e-08
-1.3196415652480066e-09
0.0
0.00015435960252431299
0.0001543848600391584
8.21011696269082e-09
1.8983001536512732e-08
0.0
0.0
3.1939902809287996e-10
-3.1939898885740736e-10
0.0
1.3196415555699082e-09
0.0
9.922561935738813e-09
0.0
0.0
-1.0304280997574889e-05
2.440971268093971e-15
0.0
1.1680232739206455e-07
7.073486075590753e-09
1.0400982387941651e-07
7.073486100812535e-09
0.0
1.9865989389225368e-08
8.153016055979792e-10
-8.41637978757294e-09
0.0
0.0
3.847998916037953e-11
1.8829606818834717e-16
9.847060737340832e-09
6.967831525221104e-10
0.0
3.6181114444125675e-17
2.3709663702839445e-09
0.0
9.872593542030373e-09
0.0
0.0
1.89989855224749e-14
0.0
9.745125853982206e-09
0.0
9.745125515257504e-09
0.0
0.0
0.0
0.0
-3.839548347182944e-09
0.0
0.0
0.0
0.0
9.96908930478854e-09
9.980412699875246e-09
8.269369339565514e-10
0.0
0.0
0.0
7.961807897581498e-09
0.0
7.973186459831489e-09
0.0
0.0
7.961807733110581e-09
7.710255059775702e-09
0.0
0.0
0.0
9.969088887729072e-09
-4.902351623505e-08
3.432962021403485e-11
9.97527699139414e-09
9.975276663281435e-09
0.0
0.0
8.067930150600246e-10
9.95679876325472e-09
8.038842027332142e-10
0.0
9.95977854047956e-09
5.849342481862793e-08
2.4746924336838795e-07
7.961801370984737e-09
0.0
0.0
0.0
2.5608426433392246e-08
0.0
0.0
-9.786284855941052e-09
7.972715996763419e-10
0.0
0.0
0.0
0.0
0.0
0.0
0.0
0.0
-1.7745368135030477e-07
-1.9652970953387198e-07
1.11028019122238e-08
0.0
0.0
2.486010547490864e-07
0.0
0.0
0.0007163978890763231
-0.0007163082977620496
7.883105312648846e-10
0.0
0.0
0.0
8.483542575504601e-09
0.0
9.786343135216746e-09
-1.8125747211104534e-08
1.899992277951415e-14
2.962365552739919e-08
2.486010564811461e-07
0.0
8.321288183350691e-10
1.0080615476405248e-08
8.360041279422421e-10
0.0
2.510223698395311e-07
1.9977452741549995e-08
9.987755955620514e-09
8.69900198114695e-09
6.599074920277146e-08
8.699001983120122e-09
1.9678799768333395e-08
9.81576527577471e-09
6.662472940075487e-10
0.0
1.729168370704731e-08
8.699001977086063e-09
0.0
0.0015211188528783425
0.001521118760334791
0.0
0.0
