0
0.0
1.9198391177747677e-08
0.0
9.961169315555024e-09
1.1642139294267308e-06
4.5915222500905496e-08
0.0
0.0
0.0
0.0
0.0
1.532636122325611e-07
2.763981318924782e-09
4.282841644310644e-09
5.672963916654908e-09
4.329770922450956e-09
9.07865643726946e-09
9.879437462147478e-09
0.0
0.0
0.0
4.751787049608839e-09
1.205339292485139e-09
4.216564300134528e-09
4.253344115665746e-08
4.216095785971233e-09
5.128971418779005e-09
7.249611371987731e-07
0.0
0.0
1.7746122212307586e-07
0.0
2.957062997429775e-06
8.218703628799203e-08
8.043318753247504e-09
5.3766483963048036e-05
8.03627085832844e-09
0.0
0.0
1.2897270459544817e-10
0.0
3.5487198010129557e-10
0.0
9.721303956120041e-09
8.819341305781571e-09
0.0
0.00010190799772191141
1.3039117395322836e-05
1.2812595091867419e-08
0.0
3.670259878712671e-20
0.0
1.1913678927687415e-08
3.349615676635706e-10
0.0
1.454554467464621e-05
0.0
7.897580512730696e-10
2.5668042990920078e-05
0.0
1.360439682300073e-08
0.0
0.0
0.0
5.31554108813991e-09
0.0
9.447999208494175e-09
2.367618917484516e-08
5.236608380244967e-19
0.00404104685471403
9.961213560381706e-09
0.0
9.413375277374905e-09
1.0138805412091868e-10
0.0
0.0
3.1599553342435344e-20
1.8261325736663152e-06
0.0
8.182812480995927e-09
2.8034537717689964e-05
1.0138932021155813e-10
5.363616144319401e-21
6.211527117244206e-09
0.005974430627349592
4.891285720578752e-13
3.530702903310975e-10
0.0
5.815701524677191e-09
0.0
0.0
2.0777025671806878e-10
9.583082449541215e-09
0.0
8.504630925497067e-09
7.270581104506653e-10
9.549053562130933e-09
9.37960625022457e-09
2.862356577316429e-08
2.0179985242373503e-05
0.0
0.0
0.0
0.0
4.2128384505540175e-09
0.0
3.1961587339630196e-09
0.0
2.4850225508210295e-08
9.213117986895034e-10
0.0
0.0
1.489355952593808e-09
8.250614351293866e-10
5.363579166267048e-21
0.0
6.76408490713559e-09
1.994915868394476e-09
9.180159930729108e-08
0.0
2.066410221102922e-08
0.0
9.551766718295953e-09
0.0
0.0
0.0
-1.634892598364031
1.6348925841005428
9.894738843441778e-09
0.0
0.0
9.509709789399914e-09
2.6019966974980964e-09
0.0
0.0
4.461277120689499e-09
0.0
3.843181953737772e-06
5.911579914674144e-09
6.525645324965039e-09
1.0680126143157166e-09
0.0
1.872266739628643e-08
0.0
0.0
0.0
0.0
0.0
0.0
0.0
0.0
0.0
0.0
0.0
4.893306021520488e-09
8.567243987121603e-09
3.55417096122802e-09
0.0
1.119096806508161e-09
9.443855132684925e-09
0.0
2.4365987742450566e-17
0.0
-0.005817483964786319
0.0
4.893306021520488e-09
0.0
1.2485228645135524e-09
8.70164431782685e-09
2.7875302746659817e-05
7.0574455973579024e-06
0.0
1.5255197985695884e-08
0.0
0.0
0.0
0.0
0.0005696474211597228
3.0058971689407888e-09
0.0
9.909528687842443e-09
7.998008367872819e-07
1.4872180995739178e-09
0.00034767448334371024
-1.6178543331308557
0.0
0.8489044299168285
0.0
7.199528690139689e-06
0.0
0.0
0.0
0.0
4.581836308128071e-20
1.337460235182861e-05
8.411555720174819e-07
3.415249735405832e-08
0.0001070569748647487
9.776848536676343e-09
3.8396319255033356e-08
8.221003158060849e-10
0.0
1.510832052527766e-09
4.526134138873621e-06
3.847958496975723e-09
3.8020545730863e-09
8.454861376829676e-07
7.134292254029252e-11
4.547959924393333e-09
0.0
1.5049573852870985e-05
1.5665932861024642e-09
0.0
9.835073382634215e-09
1.3988686853403047e-06
1.024035450840523e-09
9.647550279146431e-09
3.160512483171674e-06
2.5239110489908783e-09
0.0
0.0
0.0
7.61962626579956e-09
2.776856894312283e-09
0.0
7.144151362349961e-09
3.029865231991373e-09
9.961169783708547e-09
6.032614225415009e-19
9.859388709575443e-09
9.837323764148475e-09
9.837323764148475e-09
1.689788726695965e-10
0.0
8.3399454220428e-09
9.820528953095012e-09
1.3466003496060168e-11
0.0
2.6775198409244316e-12
9.325161253360107e-09
0.0
0.0
8.681509000101327e-09
-0.012267502952164805
6.288792888846991e-12
0.0
0.0
0.0
0.0
3.1259591821029314e-20
0.0
-0.42454692969442664
1.53842695568076e-23
0.0
0.0
0.0
0.0
9.902299776037848e-09
6.027584478485365e-09
0.0
0.0
8.008409009621819e-09
-1.9189887507584102e-06
9.780152010069084e-09
1.1302167752705456e-09
0.0
1.3716829569138538e-09
1.3599219872686099e-09
4.7752696092905645e-06
9.081436882711767e-09
3.038684744154489e-09
9.203973545067792e-09
0.0
4.768162279554244e-09
7.67651599813007e-09
0.0
6.39795439027374e-09
0.0
1.7694730218628386e-09
0.0
0.0
0.0
0.0
0.0
9.24055538847061e-09
0.00022594362261614645
0.0
0.0
0.0
0.0
-1.0182261501114238e-05
1.7752854846385385e-07
5.910043901768058e-08
3.4166217991728776e-09
9.789323967008277e-09
9.611770789990244e-09
9.620485725829112e-09
9.807810865109107e-09
0.0
0.0
9.943682339256589e-08
3.771877970614281e-09
3.084646559907915e-05
2.4774796540361034e-05
0.0
3.268824452572151e-09
0.0
4.103599787769857e-06
7.270581001237983e-10
0.0
0.0
9.632094498927284e-20
0.0
8.084944405623337e-09
3.193973251171967e-07
0.0
3.5371882703336352e-09
3.1317347304109897e-09
2.3465099770001e-09
8.954741875111808e-10
5.0426387474911735e-09
0.0
5.652533331066603e-07
0.0001636700159305951
2.573962104555755e-05
1.1534935339791724e-10
0.0012123643179754186
6.636970014877032e-09
1.8570671549162537e-09
3.312601077093077e-10
0.0
6.638170063614124e-12
2.826900735918985e-06
1.7926630666842955e-05
0.0
5.804964553173598e-05
1.085247693373898e-06
7.236097460528973e-06
1.4202043275607287e-06
9.569955734903832e-09
9.569955733772196e-09
0.0
0.0
6.639123200511232e-09
9.235191596093897e-09
0.0
0.0
0.0
0.0
0.0
0.0
0.0
0.0
0.0
0.0
-4.068776905013916e-10
4.966635833153855e-07
5.609070954039338e-06
7.333421247545948e-06
3.1480902613422024e-05
0.00011072405889536883
1.2823482894401074e-05
6.145379428617242e-05
1.2042623014051623e-05
3.258965618809331e-05
1.2761849498704975e-05
1.7638892324909875e-05
7.525809690963028e-06
0.00016527857378146872
5.335152538155795e-05
1.4233521898092912e-06
5.598384583936474e-06
1.2760886062623872e-05
1.005125411692317e-05
0.0
0.0001652790864851635
5.334872906990744e-05
1.791905348135307e-05
3.861203808951384e-06
3.897320085627614e-05
5.955101110953218e-06
3.387370306527786e-06
1.0368983969192198e-07
5.305419882702739e-07
9.835130603766942e-06
3.863682484284598e-06
3.872647697798521e-05
5.96901801784328e-06
3.361581492825814e-06
0.0
5.279727113834245e-07
0.0
0.0
0.0
0.0
3.479368119007129e-06
0.0
4.253344115755248e-08
0.0
-4.751787049559961e-09
0.0
1.588133121030653e-05
5.166724550252555e-06
1.5846371010470278e-05
6.467629011842433e-06
1.5846371010620565e-05
4.563900316947565e-07
3.196374306322453e-07
2.0513074548482187e-06
7.55383913657271e-06
1.836877705910222e-06
1.836877706049581e-06
1.8368777061928664e-06
0.0
0.0
-3.2944185918641883e-08
4.2533441156975116e-08
4.959935415649422e-19
0.0
0.0
0.0
0.0
1.588133121026983e-05
5.16672455021461e-06
1.5846371010433036e-05
1.0053172314012553e-05
1.5846371010582862e-05
4.5639003165531925e-07
3.1963743059395604e-07
2.0513074548082163e-06
7.5538391365336935e-06
1.8368777058762277e-06
1.836877706014599e-06
1.8368777061569005e-06
1.5881331210232918e-05
5.166724550176479e-06
1.5846371010395793e-05
1.0053172313973583e-05
1.5846371010545162e-05
4.563900316156547e-07
3.196374305557333e-07
2.0513074547680017e-06
7.553839136494754e-06
1.8368777059793844e-06
1.8368777061207005e-06
0.0
0.0
-2.947315970072708e-06
-5.1289714187471684e-09
0.0
0.0
0.0
0.0
0.0
0.0
-7.256159423086903e-08
-6.150100939110383e-09
0.0
0.0
1.9198392041693797e-08
-1.7746122214709546e-07
1.774612221721945e-07
1.8628469146445784e-06
0.00012057480940935536
4.670258522577092e-05
0.00043907638776388876
0.0002953634964595598
0.00025282980533140685
0.00013318963718627055
0.0002848405583479631
5.039008886818185e-05
2.333339564883518e-05
1.1814269448974545e-05
3.6729194754178935e-07
6.6391231992449515e-09
2.5960683944703737e-09
0.0
0.00016307754467803862
0.00016133781027838272
3.02636916414302
-7.152513402452244e-07
0.0
1.8156621826850503e-06
1.798598485200538e-06
1.7644459879874452e-06
-1.2288306338913493e-05
-1.7414262741930852e-05
-2.2351314117262898e-05
-8.450134409577342e-07
9.62476192844475e-06
0.0
0.0
0.0010465085760985348
0.0
0.0
5.239239769863007e-18
4.6136755014492176e-18
0.0001258356188201256
10.4320438537514
0.0
0.0
0.0
0.0
0.0
7.258270313630259e-06
3.6730749597997005e-07
0.0
0.0
0.00017468905357247556
0.00017468905357247586
3.2678153715278986e-08
-2.8993482098469543
1.5042261940900869e-05
7.256731822124282e-06
3.6729972192726365e-07
6.999278723504033e-09
0.0
0.0
0.0
0.0
0.0
0.0
-1.8076259119259586e-06
-1.7985984853028866e-06
-1.764445988092396e-06
1.228830633880594e-05
1.7414262741820806e-05
6.814858963924246e-06
8.058405513237162e-06
2.060817210882346e-06
-4.699558833679644e-05
0.00017197560901029718
0.0
0.0
2.4987122679607834e-16
0.0009246736562868115
0.0009246736562865676
-0.00017197560901029835
0.00014785689832386931
8.659596906735812e-05
5.297888362777546e-05
0.0003108400440184792
1.8009844662776778e-05
0.00011779014438278434
0.00016358556830814417
0.0
2.900232459790367
-0.00010190799772191133
0.00010190799772191118
-3.054620805791132
3.054567039307169
-5.3766483963047954e-05
5.160527916812268e-05
0.0
0.0
0.0003320841426084667
-1.3039117395323123e-05
-1.3039117395322931e-05
0.0
-2.4210090647945277
-6.999125481758385e-06
1.7746122241662548e-07
4.523834040769401e-06
2.2929942017694875e-08
3.1058767338596675e-05
3.560569817844398
-3.560569832819851
-3.3138666772760694e-09
5.649895661615893e-18
2.9810613697790782e-18
1.5110084248592437e-09
1.511008424995895e-09
1.9972622528033693e-07
3.9886350779165044e-05
1.0192410197400559e-05
0.0007052594477506072
0.0017103889604244797
0.0007052594477506084
1.4503710425425546e-05
0.0
2.957091787912699e-06
4.267078778723413e-06
4.268436966423575e-06
0.0
6.270639731390928e-08
0.0
2.1253190107754497e-06
7.985103494536249e-09
0.0
2.99138924390162e-06
2.803010477195569e-07
0.00016367001593059512
3.0061937883843277e-06
3.8188462121668077e-10
3.2685610355088095e-05
3.5393131931532605e-05
8.785376730780054e-06
0.00011727933171302184
0.00011847906670587172
1.5185606474646822e-05
6.712842510917125e-05
-0.0001746890535724759
3.6693253715652453e-20
1.1642139292872209e-06
0.0017237616981573296
0.0017103889604244817
-0.0017103889604244806
0.00015268909621339526
-2.421962336622368e-09
-2.4219623366086164e-09
2.8171677875417767e-06
5.1170038812963305e-06
4.979684312871025e-06
0.0
4.244910355569147e-06
3.187289086493527e-05
3.1782724950571506e-05
-4.941494377241895e-05
0.0
1.9294956248266933e-19
1.1236312479020866e-05
12.6988416853681
-12.776118860940706
0.0772513937154506
-1.4545544674646334e-05
0.0
0.0
0.0
5.048854130525875e-06
2.7030705475094237e-05
3.216281127985811e-09
0.0
0.0
0.0
3.611905250061073e-08
3.611905250094435e-08
-2.566804299092048e-05
-2.566804299092022e-05
0.0
0.0
0.0
3.987398088825915e-09
0.0
0.0
0.0
0.0
4.27676279412025e-06
0.0
9.684015409628395e-09
0.0
1.1607822493589134e-08
1.165474264501223e-08
1.1654407177457984e-08
0.0
0.0
9.961169315574575e-09
9.108585047646492e-12
0.0
0.00031286248877807564
7.696582903713423e-06
0.0
0.0
-4.10005580547093e-09
7.266453126087267e-06
4.092683432979193e-06
4.092683432989685e-06
1.181426944897491e-05
9.96116956677926e-09
4.258619621484431e-06
4.258619621486235e-06
0.0
4.9044502508913014e-17
2.2606984427262445e-05
3.540237053587181e-05
8.431196428821187e-06
0.00011728866566751382
8.887762253764213e-06
1.2920412690872026e-05
3.7458774058423423e-05
0.00012524991389661165
5.119359853149197e-05
4.454768719895851e-05
0.00019355137835097146
9.122082409017481e-06
0.00010486973169191921
0.00012612679424972643
0.0
0.0
0.0
4.53555381521326e-06
1.835707049803429e-07
1.921663704082594e-06
1.3281576448552637e-05
1.3286891989640851e-05
1.3281576448552629e-05
1.3281576448552705e-05
1.3281576448552544e-05
3.859963517944144e-20
3.8600085979260155e-20
4.625066598277011e-05
0.0
4.6247488065696175e-05
0.0
-0.00012927795656540394
3.439205936519241e-05
0.00012926810239482435
9.17868729940867e-08
0.00017198952941370558
0.0001719895294137072
5.209762464711138e-19
0.0
6.944064586776806e-08
0.0
-1.798711396336708e-05
0.0
0.0
0.0
5.0701726754515944e-05
0.000193905506103845
1.699707199795587e-06
0.00024292645742788712
1.607061064118126e-19
5.4048306821166484e-05
-0.00024797748911418657
-1.4126096217883095e-08
5.233177933489781e-19
0.0
1.0103622318056464e-08
0.00010219491123951046
1.798711396336708e-05
0.0
0.0
0.0
3.0993121675196446e-08
0.003003503023410434
-0.009752396537578936
1.2373698910639946e-19
7.043330042213266e-06
3.299571927942133e-05
0.00010797875015327937
0.0
-0.003995150457132723
-0.00404104685471403
3.766261747228458e-19
8.343959393919323e-06
-0.00032863284631096405
1.4225795644645638e-06
1.4661086603088614e-06
1.3372737732855579e-05
0.031372350632594914
0.0
0.0
7.673275142329565e-09
7.581922843102797e-09
0.0
0.0
0.0
1.019241019740019e-05
0.0
2.366633489651252e-11
0.0
-4.877746321040674e-10
9.961168522280531e-09
0.0
0.0
0.0
0.0
0.0
0.0
0.0
0.0
9.136107498336253
-1.0138805412091868e-10
1.5326361223332106e-07
0.0
-9.136107498234864
0.0
6.711225894696442e-18
6.674483770171728e-18
0.0
0.0
0.0
4.253344115816875e-08
0.0002741283932402739
1.0132190443652879e-08
0.0
1.4008878692679921e-05
6.797187390339524e-05
0.0
8.198075259607512e-05
1.3917668812276384e-06
5.102525162508647e-05
6.147345996238293e-05
0.00023270325330101733
1.0449228938804427e-05
3.380669123795034e-05
9.345088801026668e-06
3.31713940374992e-20
0.0
2.702427619198776e-09
4.906222008347316e-16
4.909954758534393e-16
4.890820759165613e-16
4.894099508467964e-16
7.696582903701958e-06
-1.8163972300320807e-06
0.0
3.390500797699221e-08
0.0
1.5255197985455147e-08
3.054356918009815e-07
4.429781236574411e-06
4.6572931417380925e-11
0.0
0.0
0.0
0.0006898021687148445
0.00018764394852198682
0.00015960941080429695
-2.802474712337134e-05
0.0
2.367324740715512e-06
7.221056100285847e-07
8.466595284500177e-06
7.080496949925001e-06
4.5096278959670945e-05
1.810421689438045e-05
5.286202571541024e-07
2.367324740698829e-06
7.221056100081729e-07
8.466595284485306e-06
7.080467559511487e-06
4.509625609824183e-05
1.8104216894355057e-05
5.286084770174417e-07
0.0
-1.0138932021155813e-10
7.463334742823114e-06
0.0
5.691024149252083e-05
5.691024149252082e-05
-0.0059744207749397845
-0.00584518165204112
1.009182250320004e-06
0.00022594571779687068
-4.891285706814467e-13
0.0002269548995580621
0.0
0.0
7.007529046606449e-08
0.0
1.847875203774662e-05
0.0
0.0
3.691903956494343e-05
3.69190395649433e-05
3.691903956494337e-05
3.6924855266468156e-05
3.691903956494347e-05
0.0
0.0
1.1117705847482415e-08
0.0
0.0
1.8889869622485528e-10
0.0
0.0
0.0
0.0
3.3496933590604346e-05
7.188671598177468
0.0
6.377561638145675e-06
-7.188711472672699
2.6169691461321087e-17
7.18870509531883
2.0777153353074144e-10
0.0016425301521970327
7.444397906943788e-06
0.0
-1.1380094133757342e-10
1.8872716570045815e-11
1.6884539487934255e-05
-1.688453948793593e-05
1.5536455153225434e-05
-7.2133920723943534e-06
7.563944717445306e-06
0.00013578684484692535
2.1227051484890038e-09
9.260825717507628e-09
4.973061661046518e-06
-8.504630925497067e-09
4.9730478507149765e-06
0.0
0.0
1.0170149879908741e-17
0.0
0.0
0.0
0.0
-8.015807092780515e-11
0.0
2.622893813226246e-06
0.0
0.0
5.544596110870503e-06
0.0
2.237476729415575e-07
0.0
4.3436829869925113e-08
4.712760438358644e-06
-1.9059912281661975e-08
4.697947174243922e-06
0.0013876592922542907
0.02791929472595371
0.002160632380306798
4.066942350598829e-06
0.0
1.8120998603601932e-05
3.589049439936448
-3.5890696351678453
-2.017345894992625e-05
0.0005241638339068067
-7.076023740765604e-05
0.0
0.0
1.5475524611933493e-08
0.0002721607857004823
-0.00022984037119623882
1.0990883050165713e-08
0.0
7.384521322031068e-05
3.0460332782033002e-05
0.00014697938909306172
6.394501754057798e-05
2.75986846327043e-06
7.422199866359083e-06
9.73563630401538e-05
4.268358552825853e-06
0.0
0.0
0.0
1.5549425671546067e-06
4.603534922061232e-06
0.0
-1.5326361223293746e-07
2.2607581765443466e-05
7.871736706675304e-05
7.016869726136385e-05
0.00025627753471199046
6.31008865703068e-05
5.2002210569105326e-05
1.0108961603609999e-05
2.156638965036172e-05
0.0
9.961168918868883e-09
0.0
0.0
0.0
3.3298439724750405e-05
7.077884023691244e-05
3.4367732599354067e-09
0.0
9.542296020337994e-09
0.0
0.0
0.0
0.0
4.410674764430922e-06
0.0
-4.0897489734056366e-05
0.0
0.0
0.0
0.0
1.5042261940900342e-05
3.267815371374399e-08
2.725465303407743e-05
-1.529658517261732e-08
-1.5296585172571437e-08
3.1615106125600795e-08
2.8735136061299658e-08
0.0
0.0
0.0
4.60353492206561e-06
4.603534922066134e-06
5.561427417464626e-05
0.0
0.0
1.8215491424007358e-11
1.8228449733316093e-11
1.8222576459601084e-11
-1.558139055130828e-11
0.0
3.0862147488543605e-06
8.429782375938519e-05
1.4810872731271019e-05
-0.00010219491123951083
0.0
0.0
0.0
1.1642139294057186e-06
0.0
0.0
0.0
4.410674764429266e-06
4.420419907342978e-06
0.0
1.5271591128474864e-09
0.0
0.0
4.159052898864345e-09
4.2304655025988145e-09
2.672673720461025e-10
0.0
9.118438668628553e-12
7.590423167566933e-09
6.208318551525288e-09
0.0
0.0
0.0
1.0164395367051604e-20
0.0
0.0
0.0
3.9560752133454003e-19
0.0
0.0007592272613877586
0.0007592272613877588
0.0
9.768660750111338e-09
0.0006965038030237078
0.0
6.881489370070244e-09
4.954764343915064e-09
0.0
4.954764343915052e-09
-4.1036338892444216e-05
0.0
0.0
0.0
6.676096927058016e-06
6.463581696880885e-09
0.0
0.0
1.051073879590651e-05
6.078747414536845e-05
0.0
0.0
4.563168266535102e-05
2.7029443066910556e-09
1.8288897674085413e-09
0.0
3.33090319147562e-09
4.462064211959615e-08
0.0
5.176145348370317e-06
0.0
1.5855638182169968e-05
0.0
6.476633296748018e-06
0.0
1.5855638182320713e-05
0.0
0.0
4.6502729026512723e-07
3.2919268921147153e-07
0.0
2.0605835792894283e-06
0.0
7.563028888806162e-06
0.0
1.8464037187520826e-06
0.0
1.8464037188924144e-06
0.0
1.8464037190366726e-06
0.0
9.180159927540173e-08
9.180159921147684e-08
9.182493195331278e-08
9.181715560914957e-08
9.1809378017676e-08
3.672841725977308e-07
1.8076259118929988e-06
1.798598485268951e-06
1.7644459880577015e-06
-1.2288306338840635e-05
-1.7414262741857235e-05
-2.235131411718657e-05
-8.45013440880539e-07
-9.624761928366558e-06
7.000138015654844e-05
7.001098951607379e-05
6.014590821550989e-08
6.014590840526077e-08
0.0
0.0
9.96117086715266e-09
0.0
0.004487451819164878
9.578378686596411e-09
4.312271891709127e-09
0.0
9.961170000697988e-09
5.2726845229365254e-05
0.0
0.0
0.0
-8.284037496894848e-11
0.0
0.0
2.3375328380225747e-05
9.345075667629055e-07
8.30779811261511e-09
0.0
4.5258324518027684e-05
8.927283006932439e-05
4.555092110399687e-06
1.108781454007786e-07
9.371428563891407e-06
4.2058130956744244e-05
9.298803432524474e-06
5.131764350150133e-06
6.237643989043049e-05
4.169032195278637e-05
4.5950274360077116e-05
0.00021311922906923518
0.00012925005833420186
0.00018065879913164044
0.00011912055298822586
1.9668812576669436e-05
1.4054288535305962e-05
5.807946987826638e-09
5.743938851495119e-05
4.766016747571408e-05
6.148672951326506e-05
0.00021155287265398865
0.00012203666626176949
0.00018271961634248272
0.00012668449770563228
3.4204072017388835e-09
1.536208264906699e-09
2.5111117454993825e-05
1.2191874018290602e-07
0.0
0.0
0.0
0.0
0.00012588995285102433
0.001701363429496991
1.0495383155656896e-07
9.333909088238106e-09
9.333909087298713e-09
0.0
8.003869089146161e-09
0.0
0.0
0.0
0.0
0.0
0.0
0.0
8.103322581582277e-06
0.00012275092348292856
0.00031959833769277434
1.634892598364031
0.0001115762515208451
0.0
0.0
2.83156748719133e-09
2.831567487865308e-09
2.831567488270836e-09
4.200977467271499e-06
0.0
0.0
8.363607822005785e-06
8.363607822005873e-06
8.363607822005946e-06
8.354098112216475e-06
8.363607822006086e-06
6.862797434746258e-05
3.186819731710273e-07
-1.6349694475221686
3.9729118266739127e-07
0.0
0.0
7.563925932852232e-07
7.563925932851006e-07
7.563925932851941e-07
7.589945899828166e-07
7.563925932853007e-07
4.436873269179848e-06
2.5039445643813026e-06
0.0
1.3856317482399553e-05
1.3847137830961854e-05
1.386780193317407e-05
1.3856317482400821e-05
1.3867801933175197e-05
1.8626641517726576e-06
0.0
0.0
3.686982556901589e-06
3.686982556901461e-06
3.686982556901543e-06
3.6914438340223455e-06
3.686982556901644e-06
0.4087424415510349
6.847567433535154e-05
0.0
0.00013695039392673145
0.0
0.0
0.005215416870353283
1.8830143232111164e-06
0.0
5.28680454874664e-17
0.0
2.5898650803630603e-06
1.7504461709569638e-08
11.711081754040823
0.0
7.868116564525642e-09
-3.843181953737854e-06
3.831922983947348e-06
0.00021535660232320617
0.028858937879929183
0.0
-9.526103435505507e-11
0.0
0.0
0.0
0.0
0.0
0.0
0.0
0.0
0.0
7.337236344589176e-05
0.00010138550168321421
0.0
0.0
0.006478434336503219
0.0
0.0
-9.19072787808433e-09
0.0003943834502317771
0.00039438345023177715
1.708641190869245e-05
0.0
4.373672153185039e-07
0.0
5.438288121872761e-08
0.0
1.7319242643621607e-08
1.0078625927821558e-05
0.0
3.541803019552647e-07
0.0
0.00010959130445210326
2.2651937837685565e-06
2.9669651050742797e-05
0.0
2.1878039224454322e-10
-0.0015233523766087992
0.0
0.0015182913498627008
1.2549747580853201e-06
0.0
2.933702390440172e-10
0.0
4.1842227626111567e-10
0.0
3.7852836589150625e-10
0.0
9.006544081146877e-09
1.6361980174848232e-09
0.0006787360916904614
0.0006760226471282856
0.00014638416206590434
0.010160618716339595
6.55021858890965e-07
8.326845862909269e-09
0.0
8.240043757642875e-10
0.0
0.0
0.0
0.0
0.0
0.0
0.0
0.0
-8.567243987150919e-09
0.0
0.0
0.0
1.4914436953818357e-09
0.0
7.007527394702574e-08
5.588013013698433e-10
0.0
0.0
0.0
3.219984434002543e-05
2.958910409181184e-08
0.0
0.0
7.933872167987274e-09
0.0
0.0
0.0
0.007568385258436283
0.0016774993024996762
3.2885452617098235e-05
0.0
0.0
1.89628828840639e-18
5.762398505806583e-05
2.1232783468714814e-05
1.3895337842478356e-05
0.00011893650353587954
0.0
0.00014896837353213762
2.1608119763500143e-06
2.1608119763486074e-06
2.1608119763516334e-06
2.1608119763528934e-06
0.0
0.0025744899853991227
0.000428866115637621
4.527955386599694e-05
0.0
0.0
1.6330081731974868e-09
5.435205452285204e-09
0.0018066775454555785
0.0
0.0
0.0
0.0
0.0
0.0018066675835680826
7.007527032388609e-08
7.007527770225196e-08
7.007528158953985e-08
0.0
-5.65462383774612e-09
0.0
4.9009425644785556e-05
0.0035258368625781292
0.0022426513665067143
0.005817492655424417
0.0
4.5287976481666544e-05
0.001806667583568084
0.005831397482860788
2.523225426702489e-19
0.0
0.0
0.0
0.000676022647128286
3.0263698891041564
1.0342333145119483e-05
3.038835606015013e-07
-0.012933380646185072
1.57916375293123e-05
0.0
0.0017103847551167763
-7.276661526712582e-06
2.3701119724207503e-05
6.399538910060376e-08
6.399538911419907e-08
1.657067453996443e-05
-3.327805911581265
0.3014010974060012
-2.7875302746659946e-05
9.020210337036168e-07
0.0
0.0
0.0003291466503497862
0.0
0.0
-5.740533792290853e-09
0.0
0.0
6.858016718901987e-06
9.707100893718345e-05
9.57699614982813e-09
0.0
0.0
3.904174879359529e-06
8.520323431484302e-07
3.371551178499023e-08
0.000854621996692558
0.0005234748369127779
7.418394824058333e-05
-5.398982156209695
5.398412508788535
-0.0005696474211597228
0.0
1.1643921655767674e-07
2.7895616207659375e-05
8.803359836957313e-09
-9.167467230047736e-05
9.621175742773898e-05
1.750452136899643e-07
1.0525655318417298e-05
4.0391528297788125e-20
5.568137267200146
-12.822143943568914
7.253999618923169
-7.047679813280292e-06
2.729529669687284e-18
2.803010471549751e-07
2.803010464486648e-07
2.803010467310554e-07
0.0017142910585234577
0.0020672030391684923
0.0
0.010090601102982466
0.0
1.062953048900431e-18
0.0
0.0
1.8720976624932238e-08
5.27298981690985e-05
0.0
0.0
1.7492478860659896e-08
8.443741212121828e-06
9.282975033679277e-06
0.0
1.9357417978475143e-08
2.658467503869209e-10
0.0004125369819789036
1.0938730707325611e-05
0.0
0.0
6.810924542837162e-05
6.810924542838617e-05
-4.366441682882312e-10
0.0004125273600475445
0.0
9.52271547735254e-06
1.0332835351828995e-05
0.0
-7.900881007396114e-07
1.03423331451311e-05
0.0
0.0
2.2285837375228954e-06
0.00012116508727340355
4.4555901878924234e-07
0.0
4.989128122283252e-05
4.78437252827991e-06
3.0000764134138124e-07
0.0004850351804215174
-0.0003476744833437102
-0.0008327096637652271
0.0
0.0
0.0
0.0
-0.8489044469613258
-0.03262620358917756
1.0064206848057349e-08
7.19952869013478e-06
-7.199528690132739e-06
0.0
0.0
1.807625911860039e-06
1.7985984852352324e-06
1.764445988023007e-06
-1.2288306338877064e-05
-1.7414262741893664e-05
-2.2351314117224734e-05
-8.352990846650536e-07
-9.624761928405481e-06
0.0
4.657028178148934e-11
0.0
0.0
0.0018362251623814884
1.154191161888389e-06
0.0
2.6076135520877665e-08
9.314251205311117e-09
0.0
7.007525529721682e-08
7.007526044114249e-08
7.007525209136241e-08
7.007525327524374e-08
7.007525745014772e-08
7.007528560886364e-08
0.0
0.0
6.835736139695264e-05
0.0023349897330217184
-2.799130819676882e-08
0.0
7.347997537106524e-09
0.0
1.3372737732847254e-05
1.337273773284794e-05
1.0606144146811607e-19
1.386409466285331e-07
-1.3513243298457221e-05
-1.3374602351828643e-05
0.0
0.0
7.999423571532603e-09
1.265173380040288e-14
8.411555720182242e-07
-8.411555720178494e-07
0.0
0.0
0.0
0.0
0.0
-6.746332307283959
6.745971495118685
0.0003608121652737213
-1.3383579041299776e-05
1.2318675796409043e-05
2.2374767287328435e-07
1.3372737732848706e-05
0.0011507570185531062
-3.415249735303103e-08
1.9631239672117584e-05
7.351457732175897e-07
0.0
0.0
1.625636674706295e-08
2.573976381299111e-06
-0.0001070569748647488
-0.00010705697486474898
1.617854359436178
0.0
9.450821410062386e-09
1.0280688898245081e-08
0.0
1.0280690717788324e-08
1.0280692536796029e-08
0.00035320379112990796
-7.802523982359352
7.802524013992698
3.1615106129046425e-08
0.0005714698651566507
3.494072887856787e-08
-0.00013806019401796322
0.00013807625363660727
-9.776848536393116e-09
-9.776848536487137e-09
1.3372737732849876e-05
1.3372737732849277e-05
4.092683432970468e-06
-3.267815371250926e-08
4.2372630733530475e-19
4.920296679067e-08
-7.797068737936008e-08
-2.8813361866163812e-08
-0.0017237616981573278
0.0021492930631243287
0.0
7.766932403005735
7.766932412803313
3.2590853872461754e-10
9.506640503900497e-09
6.0735616592084994e-05
1.0528776996112805e-07
-1.510832052509497e-09
1.9624770463128862
-1.9624815732691252
-4.5261341388739725e-06
5.448845221377174e-09
7.881705781888233e-09
1.5040706556153396e-05
-1.5040706556154748e-05
-1.5040706556224137e-05
1.5040706556174098e-05
0.0
0.0
8.452919411062598e-07
8.452919411292871e-07
-1.5042261940902829e-05
3.2678153714243985e-08
1.2437001230936003e-07
1.7125076935326302e-06
1.8628469146606545e-06
1.8628469146494427e-06
1.8628469146441763e-06
0.0
3.329688840319245e-06
0.0004721704361209465
0.0004755039270158391
-3.802054573365874e-09
1.212472311212932e-06
0.0
0.0
0.0
0.0
0.0
1.0110844011151803e-08
4.237948609258748e-06
0.0
6.961746312828026e-09
0.0
0.0
0.0
1.1904223101872878e-06
4.236867036813327e-06
1.2077430115850642e-06
-6.162321321897136e-11
0.0
2.6453521990885533e-05
0.0
2.6444370354586415e-05
1.796534801504435e-05
0.0
1.5040706556153352e-05
1.7429061273513785e-19
1.4582389203780517e-05
-2.9631963056651802e-05
-1.5039793791331158e-05
1.7504521367940578e-07
0.0
0.0
0.0
0.0
0.0
0.0
0.0
0.0
9.835031344188908e-09
0.0
-3.629950625856962e-10
8.963858255483529e-07
1.3340456628315923e-05
2.8140511459079062e-06
1.2233134687919999e-06
6.93046446386087e-05
2.0524315981113278e-07
2.270821143536185e-06
5.429970824373074e-06
0.0
0.0
0.0
1.5114137915344056e-08
0.0
0.0
0.0
1.5377470258108198e-07
0.0
0.0
8.906191458077813e-06
0.0
0.0
2.405141661291832e-07
4.966635833194848e-07
5.609070954044349e-06
7.3334212475495334e-06
3.1480902613427445e-05
0.00011072405889537307
1.2823482894407293e-05
6.145379428617742e-05
0.0
0.0
9.225090460579494e-09
9.418052167548884e-09
0.0
0.0
4.8836949803160696e-11
7.766286093365398e-09
5.940927917204636e-09
0.0
0.0
8.552754094795993e-09
6.475083698358858e-09
0.0
1.0627037110352345e-05
2.699721253209441e-05
0.0
7.578220155824269e-06
7.54393687125423e-06
5.9623800289229056e-09
2.747474705441104e-09
8.07615659149619e-06
0.0
2.559489687659432e-07
0.0
1.7236059610764646e-08
1.0398116471518362e-07
2.618113856858939e-09
4.10363388924441e-05
1.5326361228308964e-07
4.695327370468155e-19
1.7875116735890713e-06
0.0008669091071771945
0.0008702487511483585
-1.3891402571769081e-06
0.0
0.0
0.0
0.0
4.7119958349072104e-05
9.961171731977338e-09
0.0
0.0
-1.7754298879013893e-10
0.0
0.0
1.2213012640479503e-08
9.616944247129573e-09
7.01415288328407e-09
7.0141528839703e-09
9.608298879664802e-09
9.608298880025072e-09
0.0
0.0
0.0
4.122801026174914e-19
0.0
6.198095693758279e-05
5.142219420614067e-06
7.028368884136882e-05
-3.1605124831717843e-06
3.512812131119673e-05
0.0
8.82392577234347e-09
0.0
0.0
0.0
0.0
0.0
0.0
0.0
8.88612766168524e-06
8.88612766168447e-06
8.886127661685689e-06
0.0001258256579579043
0.0
1.4837374746828545e-06
2.174815961105914e-06
0.0
6.769216368540294e-07
0.0
2.560441238568226e-09
3.639990814944398e-08
0.0
6.680468119230136e-07
7.731210910235229e-07
3.383946696027631e-08
0.0
0.006476022076531557
0.0
5.532323764879571e-08
1.792320952680812e-09
0.0
2.701472836712115e-09
2.70200498378982e-09
0.000210237950490709
0.00021024098035557926
0.0
-9.961169783714495e-09
-9.961169783721837e-09
2.702740730050907e-09
1.3708302627542671e-06
1.463640262244458e-19
0.0
1.50740109246182e-10
1.5074010924618207e-10
2.43590969659082e-07
0.0
-3.6522094643785e-10
0.0
-3.6522094643785e-10
0.0
0.0
1.0591441191946289e-16
0.0
-3.870461174426991e-10
-9.399842236339071e-07
-1.689788726695965e-10
6.409138469775856e-07
2.989013977836296e-07
6.72834375789923e-08
0.0
8.886127661684876e-06
0.0005869357520374291
0.0005869357520374294
0.0
7.731150512643492e-07
0.0
0.0
0.0
2.1764683684934893e-06
2.176468368449396e-06
0.0
2.785496133181018e-08
8.660740417886368e-09
3.1088469688475123e-08
1.1889656637818781e-06
4.728534293666156e-07
7.137684170571717e-07
7.612401584381207e-07
2.1694847925713695e-06
0.0
6.38564152430361e-09
-1.158458785300079e-06
-4.6119902219081193e-07
8.727514882507338e-06
0.0
-3.4860917312368414e-10
8.727514882474516e-06
0.002417439941598001
0.0023731466389934246
4.7124577928237986e-05
1.300114924071772e-09
0.0
0.0
4.4293289138572945e-05
-1.3466003496060168e-11
0.0
8.963858255483063e-07
8.963858255656712e-07
7.00752635630608e-08
0.0
-2.6775198388068492e-12
0.0
0.0
0.0
9.76866074916151e-09
-7.852759710226638e-07
0.0
3.644220395118727e-06
0.0
0.0
0.0
4.253344115732947e-08
0.0
0.0
1.7746122222134968e-07
0.0033732443393825473
0.0033732443393832863
2.4358874356695205e-07
1.1642139294197265e-06
0.0
2.951900749157075e-10
2.9519007554688686e-10
2.713444562176465e-06
0.0
0.0
3.29018028460519e-05
6.577997762606252e-08
9.946024972625258e-05
6.806475548130258e-08
0.028821971500389888
0.0
2.6822366202701758e-06
4.4734000042721295e-06
1.9972622528155216e-07
4.652968443113047e-08
1.2227105708629462e-07
5.086582246428525e-06
4.473408928346469e-06
2.125479627950265e-06
0.00010677828476298897
1.7399393098524326e-07
0.0001842786396354814
0.00011674612785709452
8.331641634706928
0.0
-2.4201505646226273
0.0001854840475898345
0.0004221081746145928
7.1134641414318835e-06
0.0002811867719854543
1.193440401048022e-05
3.3322288358315406e-05
4.631548574200446e-06
0.012267502952164805
0.012461455434229524
0.0
6.763426681465343e-07
0.00035584326024680235
-6.288792888846991e-12
0.0003558399488928027
6.796477333533243e-07
3.097600395371899e-05
1.9490800062532156e-06
0.0
1.3857006962502568e-08
0.0
0.0
1.8267544000246732e-07
2.1254796279684222e-06
1.3858042669389928e-18
2.4056907486885374e-09
-2.8231202837129535e-08
0.0
0.0
6.294278783411353e-08
0.0
0.0
2.550027115951195e-08
0.0
0.0
2.3695781490922408e-08
0.0008394556304956017
0.0008394556304956018
0.0
0.0
5.281317051386937e-07
8.26670745519885e-05
0.0
0.000585763258913489
0.0
2.156638965035813e-05
0.0
0.0
4.672150354227796e-05
0.0
7.077540346365312e-05
7.64961171103238e-09
4.237381859841944e-05
0.0
8.277626214815092e-05
6.463581696418416e-09
0.00023057959266935708
9.098167336621981e-09
0.0001639996351728076
1.5326625313102547e-10
4.4133923496703905e-05
0.0
0.0
0.0
2.4962882802826774e-07
6.999125481759165e-06
1.2574047496958097e-18
6.218453281922864e-19
7.203830315822715e-06
0.0
2.026866473758886e-06
3.2364337626483083e-06
2.1566389650359192e-05
4.455590187879868e-07
9.196073601824998e-07
1.5166055997834543e-08
1.0312116673921543e-06
7.392214731192665e-07
1.2364093590669062e-06
6.676605729320995e-06
1.4944561253835487e-08
1.4225795644628757e-06
0.0003085803304907939
1.1004870491351708e-05
0.0
6.504171056555104e-08
0.0
0.0
0.0
0.0
0.0
0.0
0.0
0.0
0.0
0.0
0.0
0.0
0.42454692969442664
0.015804493212146498
0.0
1.5652671656578485e-07
0.00017198952941370731
9.509755366231364e-09
9.620141655652983e-09
0.0
7.044408417134617e-11
1.969631899818269e-08
9.961171083403601e-09
9.961171299613964e-09
9.961171515547654e-09
3.330903260197097e-09
3.179963814520937e-11
2.046103588441684e-11
1.5040706556153462e-05
9.79932915552034e-09
0.0
0.00010218500893973509
3.3431919689388698e-09
0.0
0.0
4.0906677985455295e-11
9.177005902952047e-09
0.0
9.961170217434327e-09
9.961170434160442e-09
9.961170650640198e-09
0.0
0.0
3.1597648344840065e-10
0.0
-9.902299776039388e-09
-0.00010218500893973467
4.591522250100207e-08
2.4396278338736347e-19
0.0
0.0
0.0006739560914251898
4.082524872443164e-05
1.4296696206809117e-05
2.5627647156730427e-05
8.16594964407776e-08
0.00015175469583380787
6.691265676776174e-05
4.226184604047216e-06
6.778475663417026e-05
0.0
0.0
0.0
0.0
9.768660752203152e-09
7.101831248438269e-05
2.8269007359101164e-06
1.2533702115179268e-05
1.7926630666832272e-05
0.00014698786902842792
0.0
5.8953720088303214e-06
5.8049645531724394e-05
1.6746207698872211e-06
1.0796336722701753e-06
1.8610240581685633e-07
7.23609746051581e-06
9.59361587125822e-05
1.429611780799439e-06
7.279520406615163e-06
0.0
1.0196319755963417e-05
4.523834040768619e-06
4.989128122283196e-05
0.005502532330783713
2.197917109026825e-08
0.0
3.330903397614567e-09
0.00015020846733390715
1.2034144753252974e-05
3.2580080829599324e-05
1.2752367970707958e-05
1.7653230416943326e-05
7.5292660452654225e-06
0.00016526939582118576
5.334101363658272e-05
1.71854570359234e-09
0.0
3.3309032142218428e-09
5.614021094513311e-09
0.0
0.00012599856793747097
5.588013003000287e-10
0.0017013634294969933
6.458451211733673e-05
1.9457193516268805e-05
4.583432326184679e-06
4.7439531439129924e-05
2.1942024790820917e-05
4.848419533546282e-05
1.8207719250328645e-05
1.30688631907349e-06
-1.7086411908693276e-05
0.0030818191871263578
-0.006677761610162453
-0.007568385258436283
0.010160618716339597
0.0
-0.004487418103653107
-3.424125581168744e-05
9.82959408324786e-07
0.0
0.0
0.0
0.0
0.0
0.0
9.622062912480837e-06
9.82959408332739e-07
7.197498418743793e-07
0.0
8.713054461126031e-06
0.0
1.597294979911718e-05
0.0
4.512256952790678e-05
0.0
1.821448565901284e-05
0.0
7.788907667082068e-07
0.0
1.060502232079761e-05
7.104191960347052e-07
8.703755390919518e-06
1.5972606908817523e-05
4.511345370587134e-05
1.8205209995171377e-05
7.71637721920858e-07
8.00840913397215e-09
8.008409051072397e-09
6.740642738423119e-09
0.0
0.0
0.0
0.0
0.00018726666758585656
1.9189887507584102e-06
1.538537628898151e-06
4.966635833113285e-07
5.609070954034349e-06
7.333421247542423e-06
3.148090261341665e-05
0.00011072405889536465
1.282348289439491e-05
6.145379428616746e-05
1.2042623014047908e-05
3.2589656188088684e-05
1.2761849498701743e-05
1.7634904926816e-05
7.525809690959184e-06
0.00016527857378146287
5.3351525381553303e-05
1.7919053481349692e-05
3.861203808947047e-06
3.89732008562733e-05
5.959088509040352e-06
3.387370306524273e-06
1.0368983968641566e-07
5.305419882659575e-07
1.3340456628311915e-05
2.814051145902974e-06
1.2233134687884476e-06
6.930464463860332e-05
2.05243159806942e-07
2.2708211435300123e-06
5.429970824368107e-06
0.0
0.0
0.0
1.5114137910345248e-08
0.0
0.0
0.0
1.5377470257774653e-07
0.0
0.0
8.906191458073085e-06
0.0
0.0
2.405141661248686e-07
-2.1232783468718663e-05
0.0
9.961169783730593e-09
3.475162836600779e-06
0.0
0.0
-3.0867417343778206e-10
4.253344115790752e-08
-0.0051667215172212545
0.0
1.679755320822442e-06
1.882494152897491e-06
2.8511567398903863
0.0
0.0
0.0
0.0
3.199769448062811e-08
0.0042698612522569165
0.0
3.111217610001143e-05
7.58088711177495
5.985256879558777e-05
-0.0003177011935945843
-2.9105343105234738
-5.331593075454437
0.0006965038030237084
0.0
3.121763346474823e-07
0.0
0.0
1.5597965754639587e-08
0.0
0.0
0.0
0.0033233156726690622
0.0
0.0
0.0017103847551167752
0.0017103847551167735
4.0926834329743495e-06
1.3372737732852614e-05
0.00171038896042448
1.3372737732853996e-05
0.0017103847551167744
1.3372737732851364e-05
3.6045248459160585e-05
0.0
0.0
1.1910316660035934e-19
2.4966133445947687e-05
-2.973279688545105e-05
0.0
-4.775269609290624e-06
-5.330320686999319
0.0
0.0
4.429781236580006e-06
1.0610792563435193e-05
2.698169624565254e-05
0.0
7.601674502178162e-06
7.538203925648711e-06
0.0
0.0
0.0030818191871263578
0.0
0.0030818191871263578
0.0
1.0610792563426476e-05
2.6981696245641983e-05
0.0
7.601674502166686e-06
7.538203925639631e-06
0.0
0.0
2.8511567398903868
2.8993482098469543
0.0
0.0
-1.0987648281225422e-07
0.00016133781027838373
9.297102484729617e-09
1.1044765541967299e-07
3.9583615846848896e-10
8.129768327083653e-05
-4.157020214807605e-05
3.790476735559626e-08
0.0003527113629173858
0.0005720006774805691
0.0002937287025099523
1.5576052611205538e-05
3.1768462238593584e-05
2.5692081005464053e-06
0.0
0.0
6.800263693295147e-05
0.00015021757708232538
0.0
9.109825133440264e-09
6.801031353782745e-05
0.0
0.0
9.921030733703933e-07
0.0
4.2533441158070045e-08
0.0
0.0
6.8814893701744084e-09
0.0
9.745142921988108e-09
9.74514291914356e-09
9.7451429162988e-09
2.405690758446365e-09
5.332261996940117
5.332261996940117
3.932697413118591e-05
0.0
0.0
0.0
0.0
0.0
0.00020061580548747947
3.591156981958067e-09
0.0
0.0
0.0005224174822760432
0.0005224174822760433
7.0075266832857e-08
1.1642139293847065e-06
0.0
0.0
0.0
3.804214147889123e-10
0.0
3.8042141622292053e-10
3.8042102801227884e-10
0.00015541815941849793
7.905376035194249e-05
0.0
0.00032209268505247997
0.0001033650231022802
7.17502663692063e-07
1.1457689855655326e-05
4.7671415482556973e-07
1.7673553746073218e-05
3.0629466914276287e-05
0.0
3.988389301212137e-07
0.006197201746546198
-0.00389153652732991
2.1590093652402203e-18
1.0268382989101657e-08
0.0
0.0
1.2627069985414746e-09
0.0
0.0
2.8030104630756044e-07
8.343959393918022e-06
1.0192410197398641e-05
3.116501989098204e-19
0.0
1.3001149240717713e-09
0.0
0.0
4.6035349220627765e-06
-4.603534922063834e-06
7.115728267724218e-19
0.0
0.0
2.51014683063068e-18
1.7447831427613444e-18
0.0
0.0
0.0
1.824024469219129e-11
2.8735136060587224e-08
0.00010744698433340892
4.102709833705575e-05
4.927094027524378e-05
4.4860250023689817e-20
4.0065545387730456e-19
-1.3828287321587749
1.3826027968246637
-0.00022594362261614643
0.0
8.34395939391476e-06
8.343959393915489e-06
1.8239057910246537e-11
0.0
0.0
4.420419907339573e-06
4.4297812365846734e-06
2.2374767289137653e-07
9.361329249305015e-09
0.0
0.0
7.703920775230258e-10
0.0
0.0
0.0
1.0191988384271137e-05
1.0182261501114238e-05
8.343959393916588e-06
2.5517930572933805e-17
2.5517930881945653e-17
6.3573369451087105e-06
6.5348654936216705e-06
-1.7752854848786493e-07
1.7746122224580283e-07
0.0
0.0
0.00012536348707456108
3.771405760347611e-05
0.0
1.823314376005517e-11
1.8236690908066383e-11
0.00020312651764505083
8.632452440326796e-05
0.00012991035216876578
-4.949224121284249e-08
0.029976458821460668
0.0
0.0
-7.581017897806231
0.0
0.0
0.0
0.0
-3.1774550311179316e-10
1.0140674800866116e-05
0.0
1.584637101035884e-05
0.0
0.0013993016719840573
0.0
-1.421654183105943e-10
-1.50782253879696e-10
-1.5078225388076847e-10
0.0
0.0
0.0
-3.360300003249427e-10
0.0
7.713368596978464e-06
3.6729194797233455e-07
3.6729194827399983e-07
7.007526678502304e-08
7.007526674351654e-08
4.3736721523160556e-07
8.963858255481919e-07
0.0
0.0
0.0
0.00018704229758150694
4.603534922064897e-06
11.711081754040823
2.2078178206361464e-06
8.358563207682352
-8.35858797601531
-2.4774796540361305e-05
4.2009596708793e-09
0.0
0.0003286328463109639
7.307898516865376e-07
1.1300465410152781e-05
1.8920487028161546e-07
0.0
1.2318675796408337e-05
2.855735672991547e-19
1.4900052965185404e-05
3.862244495069545e-06
-1.1132410999814546e-05
0.0
-8.980210919213515e-08
3.084646559907906e-05
-3.0846465599079123e-05
0.0
0.0031009454025273525
0.0030962510958134244
7.590423167545282e-09
4.56032823951285e-09
0.0
0.0
0.0
3.268824452491801e-09
2.7161463589770423e-05
3.084646559907894e-05
5.561428975611826e-05
4.200927353406184e-09
7.713364218024081e-06
0.0
0.0018506371215675221
0.0
0.00027240707460919643
2.3851378938201932e-05
8.070902314126385e-06
3.192313187706019e-05
8.070902314126356e-06
8.891704028772235e-10
0.0
0.0
2.678926619842847e-05
0.0
3.089718950363778e-05
4.098125727778647e-06
9.431249705963626e-19
-4.1035997877721656e-06
-4.103599787770817e-06
-6.746331415049536
1.0321078674310769e-17
0.0
9.700426897284587e-09
9.721572727468745e-09
1.8083069187383154e-06
1.8083069187383705e-06
0.0
0.0
0.0
0.0
0.0
3.017695146364777e-10
0.0
-3.121763347832887e-07
0.0
-3.1909555540369353e-07
-3.193973250297755e-07
3.656241223060577e-14
1.7927716510978382e-06
7.27666152670283e-06
0.0
0.0
0.0
3.67299722123044e-07
3.6729972218188996e-07
1.7927716511110365e-06
7.27952040669005e-06
1.7086411908686303e-05
7.2795126327115284e-06
7.276661526712395e-06
7.276661526722487e-06
7.279520406678866e-06
7.279691535802088e-06
1.9335284469319017e-10
3.7626015037810844e-07
3.636255510863953e-07
0.0
0.0
0.0
0.0
0.0
0.0
0.0
0.0
0.0
0.0
-3.518582180373243e-09
0.0
0.0
0.0
7.2795204066249215e-06
1.7927716511042723e-06
0.0
0.0
1.2572877302242497e-08
0.0
0.0
0.0001566754090884465
0.0
0.0
0.0
0.0
7.999422778357185e-09
8.003870122607728e-09
7.004536018285634e-05
4.253344115802789e-08
8.083148547774304
-8.083149113027638
-5.555512460926283e-07
4.591522250106633e-08
-0.0001636700159305951
-0.00016367001593059512
2.570416204342184e-05
2.421703185878854e-06
2.2608385218736373e-05
8.488916609364164
-8.488942368149932
-2.573962104555765e-05
8.963858255485315e-07
-3.463795578199203e-11
3.694848605518084e-19
5.576390075280027e-08
-5.587925010684471e-08
0.0
-8.247914351500185e-09
0.0
0.0
2.5704162043421375e-05
3.298741026659558e-05
-0.0012123643179754186
-0.001245351728242014
0.0
1.3149157736444363e-07
6.708252790361266e-05
0.0
0.0
0.0
0.0023340586420767554
0.0
9.398969135744585e-10
1.9639323646027307e-09
0.0
0.0
7.044132365601737e-09
0.0
8.832645822654233e-06
0.001149087098760953
0.0011573241879129373
5.955500324998484e-07
-6.638170063614124e-12
