0
0.0
0.0
0.0
0.0
1.1300287814877926e-08
0.0
0.0
0.0
0.0
0.0
0.0
2.7045398047604585e-08
0.0
0.0
0.0
0.0
0.0
9.891143024828129e-09
0.0
9.852687691819022e-09
0.0
0.0
0.0
0.0
1.803362979683628e-07
3.6071657536110697e-09
0.0
0.0
7.919100664320867e-09
0.0
0.0
0.0
0.0
0.0
0.0
1.6673734471170323e-05
5.438161055108658e-10
6.083139511834853e-09
1.937128478880947e-08
0.0
0.0
0.0
0.0
0.0
0.0
0.0
0.0
0.0
0.0
0.0
4.693875139717441e-19
0.0
0.0
0.0
0.0
0.0
0.0
0.0
0.0
0.0
0.0
0.0
0.0
1.2511109476360443e-09
0.0
0.0
0.0
0.0
8.508812073167454e-18
0.0
0.0
0.0
0.0
1.0155666238520489e-10
8.279680543730062e-12
9.96850148995e-09
2.6556045846129743e-19
0.0
0.0
0.0
0.0
1.015566618431038e-10
8.748343062759165e-21
0.0
9.794821835411088e-05
4.899359240526495e-13
1.656758892427163e-08
0.0
9.088860690308791e-09
0.0
3.734734688299365e-09
0.0
0.0
3.986009250332482e-08
-3.984627422364207e-08
0.0
0.0
0.0
3.6118107573719394e-08
0.0
0.0
0.0
9.8302494869116e-09
0.0
0.0
5.2818667882784755e-09
0.0
0.0
1.691546312723488e-09
0.0
0.0
0.0
8.064645064473267e-09
0.0
5.133341005636217e-24
0.0
0.0
0.0
0.0
0.0
0.0
2.2607164384917637e-08
5.51781873736465e-09
6.092950091181386e-09
0.0
0.0
2.513611950638703e-08
-4.4420819543732164e-08
0.0
8.144708507730062e-09
8.865560482266149e-10
0.0
9.761897234940315e-09
0.0
3.853281417167307e-09
9.761964652318866e-09
0.0
0.0003405892760297177
0.0
0.0
0.0
0.0
0.0
0.0
0.0
0.0
0.0
0.0
0.0
0.0
0.0
1.9952544618738857e-08
0.0
0.0
9.601963225497605e-09
0.0
0.0
0.0
0.0
0.0
0.0
1.5917072965187707e-14
9.578634238109685e-09
-0.001205195563184674
0.0010440627291076223
0.0
0.0
0.0
0.0
0.0
0.0
0.0
1.8579033242790663e-08
0.0
0.0
0.0
0.0
0.0
0.0
0.0
0.0
0.0
0.0
0.0
0.0016527653989032813
0.0
0.00021741549495871393
2.7743887421735852e-08
2.530147206126889e-08
0.0
0.0
7.036714494853726e-09
0.0
1.0765504519092558e-18
0.0
0.0
1.7139036893564322e-07
0.0
0.0
0.0
0.0
1.2894078485992467e-09
1.992106465980099e-08
0.0
0.0
3.808329814040067e-09
1.3465961037582336e-08
0.0
3.956142143270273e-08
0.0
2.5761703202746717e-08
1.4750772503349269e-08
0.0
9.890631711260865e-09
1.3443168829314194e-10
0.0
8.810412894122892e-09
0.0
0.0
0.0
0.0
0.0
0.0
0.0
0.0
0.0
0.0
0.0
0.0
0.0
1.1346563084414941e-09
9.907220840662075e-09
1.6925777099330297e-10
2.4155208744258267e-19
0.0
9.737700165982807e-09
0.0
0.0
0.0
9.69492836617379e-09
0.0
0.0
5.642127413919199e-11
2.6924550117051808e-06
0.0
0.0
1.3026581317399472e-08
0.0
0.0
2.2143756649459353e-19
0.0
-0.000852697067560875
5.374905340062084e-24
4.3154234619651306e-09
0.0
0.0
0.0
0.0
0.0
0.0
0.0
0.0
6.040058283659069e-07
0.0
9.498096608423754e-09
0.0
0.0
0.0
0.0
0.0
0.0
0.0
0.0
0.0
0.0
8.150151862007712e-10
1.0850851863646301e-10
0.0
0.0
0.0
0.0
0.0
0.0
-2.572640891467922e-09
0.0
0.0
6.72691669618142e-11
0.0
4.2933597167656867e-16
9.509282192799722e-09
0.0
0.0
0.00012688869171112056
0.0
0.0
0.0
0.0
9.859511576226591e-09
9.509282221721455e-09
0.0
0.0
0.0
1.0611904188157525e-08
0.0
9.747456788567353e-09
0.0
0.0
0.0
0.0
9.741165208804501e-09
0.0
0.0
0.0
0.0
2.1315927205929257e-08
8.820938324565496e-09
0.0
0.0
0.0
0.0
0.0
0.0
1.4833229199391742e-08
0.0
0.0
0.0
0.0
0.0
0.0
0.0
0.0
0.0
0.0
0.0
0.0
0.0
0.0
0.0
0.0
0.0
0.0
6.187792129639048e-10
9.780269170922562e-09
1.6823587412489762e-08
9.991309143780717e-09
9.993582342546605e-09
8.173661353910215e-10
8.25621987794923e-10
9.97966883273699e-09
9.725750382217202e-09
9.725749987483934e-09
9.979668913950541e-09
9.983638560194968e-09
9.993583382699133e-09
9.99209063849525e-09
-7.270273638953583e-10
0.0
0.0
0.0
0.0
1.0158740387184035e-09
0.0
0.0
0.0
0.0
0.0
0.0
0.0
0.0
0.0
0.0
0.0
0.0
0.0
0.0
0.0
0.0
0.0
0.0
1.3709512094380792e-08
0.0
1.1137952794545663e-09
0.0
0.0
0.0
0.0
1.1252284344516179e-08
0.0
0.0
0.0
0.0
0.0
1.893079419610387e-08
0.0
0.0
0.0
-6.894776271455742e-10
1.803362981568092e-07
9.99285905411984e-09
9.981456136772503e-09
8.252540681547928e-10
0.0
0.0
0.0
9.378426812096024e-09
0.0
1.510024641041822e-08
0.0
2.9552459145362358e-08
0.0
0.0
0.0
0.0
9.944479470663616e-09
0.0
-1.8033629799704042e-07
1.8033629802576357e-07
8.988753978028272e-17
1.9947988740282633e-08
1.996509501314718e-08
1.9986443475232888e-08
1.998380464011201e-08
-2.6066308347257083e-10
0.0
0.0
-5.7089797500953915e-09
0.0
1.5100056187469e-08
0.0
2.0192159441872784e-08
0.0
-3.554305132006698e-09
0.0
0.0
0.0
0.0
0.0
0.0
0.0
1.509986595118637e-08
0.0
2.9552077198603637e-08
0.0
0.0
0.0
1.994148123322304e-08
0.0
8.156932558313767e-10
8.024026881389412e-10
9.85268769215663e-09
0.0
0.0
0.0
0.0
9.920279569396657e-09
9.988748648175191e-09
0.0
3.4420141517069723e-09
0.0
0.0
7.408622063401165e-10
0.0
-8.032488129537764e-10
0.0
0.0
0.0
0.0
0.0
1.3151092124693207e-07
8.88765425846986e-10
0.0
0.0
2.896712813323398e-06
0.0
1.6823587293002623e-08
0.0
7.789475955140144e-18
2.1613240338637003e-08
3.1037551100487035e-08
2.581693856998701e-07
7.895480898118637e-10
0.0
1.0312900383538728e-07
1.1180329470528941e-07
-5.958700644112958e-08
-4.8133188828907275e-08
-5.8470178032621334e-08
-5.964302858887938e-08
-5.296581852945536e-08
2.669752774409062e-08
-5.438161112001288e-10
0.0
7.405700258025436e-08
-6.083139516307838e-09
0.0
1.921195489711117e-15
0.0
0.0
1.6197288413060914e-05
1.9371284787099923e-08
9.390952211030284e-09
-1.9371284787971345e-08
1.9932649721259736e-08
9.946668155791372e-09
2.6858608178104824e-08
0.0
2.9869905368079367e-08
7.720610156992779e-10
4.479871370007193e-09
4.4798709592801216e-09
0.0
-1.6598652959451254e-05
0.0
2.6857625099016846e-08
0.0
9.937249006124758e-09
9.937248921003611e-09
9.973535794959171e-09
9.973535832581703e-09
9.957171056097382e-09
7.915127937419093e-10
9.957171166901687e-09
-1.0258523871097458e-07
-1.1180334564896794e-07
5.014305021580037e-08
4.813313860317744e-08
4.9028202251088715e-08
5.4546827741490736e-08
2.678229248272157e-08
2.523734434314081e-08
-4.413277666004325e-08
0.0
0.0
0.0
1.0083753113074716e-12
0.00013398165221076148
0.0001339914301128998
9.500879413065766e-09
4.331646750704531e-09
6.102147376399816e-09
0.0
7.794485068726008e-09
0.0
1.6477697332781123e-07
0.0
1.6249832847973263e-13
6.3256058860918e-10
9.823893531990535e-09
0.0
-1.6825104629959535e-05
1.6110477352082548e-07
-1.666610609045971e-05
0.0
0.0
0.0
0.0
9.990377744853712e-09
8.239485508299147e-10
-5.911042659178752e-07
0.0
9.83615910943314e-09
0.0
0.0
0.0
0.0
0.0
4.7935187187653217e-08
9.992506674752835e-09
0.0
0.0
9.98147058749543e-09
9.98423421342064e-09
0.0
0.0
0.0
-7.46963089555076e-10
0.0
0.0
1.1345506453703539e-07
0.0
0.0
0.0
0.0
5.8639895490445845e-09
0.0
0.0
0.0
3.442112937534328e-08
3.098178750332276e-08
0.0
0.0
0.0
0.0
9.982656275366692e-09
3.632986463851136e-09
0.0
0.0
0.0
4.35681153362832e-09
5.9649231534608834e-09
0.0
-4.479867366365088e-09
4.693670044689526e-19
1.1299270603644589e-08
-9.988751568378875e-09
0.0
0.0
0.00012985227026232287
9.928397208210961e-09
7.634093090253881e-10
0.0
0.0
6.631012081873694e-09
9.97264186438111e-09
2.8600722205517195e-08
-3.8903302681764694e-08
2.0091431554816793e-09
6.99082303432116e-08
0.0
0.0
0.0
0.0
-8.233392451140881e-05
8.236127384915901e-05
6.682289354813075e-10
8.820076434674657e-09
-6.092953697134362e-09
1.994136209694633e-08
0.0
0.0
6.613299374753708e-09
4.292021586125119e-09
1.4670150318689738e-09
1.467010636449842e-09
2.583585236698739e-07
2.583585227953188e-07
9.98160842868856e-09
8.153813406506497e-10
0.0
1.467015014803891e-09
0.0
1.4727369754240126e-10
0.0
2.19923470414278e-09
2.1992347139813028e-09
1.9340125786394146e-08
3.411535952950929e-08
0.0
4.2668382234752426e-08
0.0
4.539592483321529e-08
3.367962117389824e-08
0.0
1.0593686615648305e-08
9.95717127773573e-09
-9.868466812969798e-09
1.0103147015598189e-11
0.0
4.20022885480713e-08
3.0021480454426965e-08
9.986121497663456e-09
9.992970205876042e-09
9.986994352879802e-09
1.6884093731152313e-08
0.0
0.0
2.8967128128161828e-06
0.0
0.0
0.0
0.0
0.0
1.3137061203161618e-08
0.0
0.0
2.5276276392528355e-10
0.0
1.5643056633050426e-08
1.336897205296283e-09
0.0
1.5910010526942162e-08
7.707794050377498e-11
7.541721213238387e-09
6.3390908179879926e-09
1.4913391652607708e-07
0.0
-2.454633718507182e-16
0.0
9.707112723961235e-09
1.5642035074820733e-08
0.0
0.0
0.0
0.0
0.0
0.0
0.0
4.397091318772801e-15
4.396975198843646e-15
0.0
9.270212178620618e-09
0.0
9.707112680074764e-09
-3.981392819596419e-10
0.0
0.0
9.199676336013336e-08
-9.962340256642601e-09
0.0
0.0
0.0
6.243792738847371e-08
8.185422991042927e-10
3.966800221633093e-08
9.92949965924443e-09
9.929504027786852e-09
9.92950400686434e-09
0.0
4.963051090107557e-09
0.0
0.0
0.0
0.0
1.4852443334023233e-08
9.972766567417635e-09
8.495126529219965e-18
-8.456776945386935e-18
0.0
0.0
-3.966799832165989e-08
0.0
1.9458626320817265e-08
0.0
0.0
0.0
1.2882733886528672e-07
0.0
0.0
6.562942253342013e-08
0.0
0.0
-2.3856859564052148e-08
9.95119496516577e-09
7.410901219088565e-18
2.5212318119603246e-08
0.0
0.0
0.0
0.0
-0.00027808793141711525
2.312252643430814e-10
2.312252221560885e-10
1.978025189591106e-08
0.0
0.0
0.0
0.0
0.0
7.990355003617302e-09
0.0
9.870370840638317e-09
9.870641303443006e-09
0.0
9.218039037313915e-09
4.292021600047235e-09
4.292021606964189e-09
4.9260174504999615e-09
0.0
2.306585741289704e-14
1.3128467023634342e-14
2.9812062360655584e-14
6.786862196482104e-05
-1.015566620565561e-10
2.7045398270980057e-08
0.0
-6.786852040815901e-05
-8.279467389460393e-12
0.0
0.0
0.0
0.0
-9.972649290479868e-09
1.803362981565896e-07
0.0
0.0
0.0
0.0
4.1099045659368186e-08
-2.6554482896422316e-19
3.371664879097131e-08
8.693090885745438e-09
0.0
0.0
3.437818349083e-09
7.25885035747774e-08
0.0
0.0
0.0
0.0
2.5813719018477973e-09
2.020007544857372e-12
2.0179375056774627e-12
2.0198232380332504e-12
2.0198355947124207e-12
3.002147986065495e-08
9.950704583157216e-09
0.0
3.7094492470767637e-08
0.0
1.8579033225131922e-08
9.582228654201295e-09
0.0
5.407613208562792e-11
9.974518519109902e-09
8.084576005574621e-10
2.3520306167961268e-17
0.0
2.5253341058679336e-08
3.5181068889601466e-08
7.62755555547554e-10
0.0
0.0
0.0
0.0
0.0
0.0
2.5587274288864166e-08
0.0
-5.451192722724672e-10
-9.911715892485518e-09
0.0
-7.460455774796025e-10
-9.843459911756947e-09
1.6247586789771152e-08
-9.777462036975718e-09
0.0
0.0
0.0
9.978645129296452e-09
-1.3618681754314405e-10
0.0
-9.794821835411057e-05
0.0
0.0
2.805314033388104e-08
0.0
1.8589980611523893e-08
0.0
0.0
0.0
7.210040249974512e-09
7.3383638049037445e-09
0.0
0.0
0.0
0.0
0.0
0.0
0.0
0.0
0.0
0.0
0.0
1.698264509773198e-14
0.0
0.0
-1.8673658621465826e-09
0.0
3.734683570017432e-09
0.0
0.0
3.7346835406138965e-09
0.0
2.107144373383774e-09
1.6999121989072582e-14
0.0
0.0
0.00013395183699980024
0.0
9.922200300063725e-09
7.573566489914963e-10
0.0
0.0
9.419479720198555e-09
0.0
2.6183476774141153e-08
1.4601367357905534e-09
0.0
0.0
0.0
0.0
3.044758272255612e-08
0.0
9.600863715654721e-09
-2.089588976986987e-08
0.0
9.509282221710389e-09
9.509282219294368e-09
9.891471266754487e-09
9.891470960112014e-09
7.273472995450118e-10
9.915602995579913e-09
5.4726827447441e-09
9.915602770353691e-09
9.915602544072297e-09
0.0
4.291699029857432e-16
0.0
0.0
0.0
0.0
-3.611810744669902e-08
3.6245812651965705e-08
0.0005553815099323692
0.0009527900005199336
0.00019682057378548305
7.04563202599235e-08
0.0
0.0
1.529149416726597e-08
1.529149416726597e-08
9.973291532905382e-09
0.0
-6.95088431257318e-11
3.318619298856249e-10
9.486162161342904e-09
0.0
1.323671449126799e-07
0.0
1.998414422247007e-08
8.252592813613503e-10
1.0117537261586982e-05
0.0
0.0
0.0
0.0
0.0
0.0
3.20341293776482e-08
9.923111245462718e-09
9.99242370730008e-09
9.725750777075085e-09
6.747334336321112e-10
-9.944142128660849e-09
0.0
-1.7697698831602836e-08
0.0
0.0
0.0
0.0
6.820560800045544e-08
0.0
0.0
0.0
0.0
0.0
9.974514216678731e-09
-9.83024948708654e-09
8.113862413072101e-10
0.0
1.0132141509033968e-08
1.994629629375295e-08
9.968779071272999e-09
0.0
8.689029923825213e-09
7.53997272889419e-10
9.918759979804168e-09
6.87352752334191e-08
0.0
0.0
-1.6388013318518265e-08
8.251584504190909e-10
1.9982998126455094e-08
8.249295775882831e-10
1.9941447287289554e-08
0.0
0.0
4.408901064007434e-07
0.0
-1.6915462953959182e-09
-6.937534908565603e-10
0.0
0.0
3.1239407268340357e-17
9.944479525998868e-09
0.0
0.0
-9.837218322852968e-09
0.0
0.0
1.8189049212182384e-11
1.818312799833466e-11
1.8194828483056752e-11
0.0
0.0
0.0
2.9551775695953385e-09
0.0
9.983744424929553e-09
9.865045086727802e-09
0.0
0.0
1.1300287513847165e-08
0.0
0.0
1.4210854715202004e-14
0.0
0.0
9.992402655312205e-09
1.9983981234055704e-08
9.991576805506996e-09
0.0
1.8399676067859755e-08
0.0
2.5772710188176895e-10
8.302986491738402e-09
1.4141188606989134e-11
0.0
1.762030634069708e-09
2.2173601607449404e-09
0.0
0.0
0.0
1.0104280105687558e-09
0.0
0.0
5.3132049308527894e-17
9.85268750093582e-09
-9.554293280477158e-09
0.0
0.0
0.0
7.940591446771816e-08
9.696095125125737e-09
0.0
0.0
9.9931240089474e-09
0.0
1.9837361193216375e-08
9.917864000781735e-09
9.917863653943954e-09
9.782051579796096e-09
-1.0392960088563032e-08
9.962981484951117e-09
9.970225783861864e-09
2.0963049005007228e-16
0.0
2.0622446584480098e-08
1.9935065756890064e-08
9.964839722645995e-09
0.0
2.582206447830255e-09
0.0
0.0
-2.7552520742518493e-09
9.723120578256321e-09
0.0
0.0
6.799699949296225e-10
0.0
4.0553937653395437e-10
1.7226996867980034e-08
0.0
3.6732255007142675e-10
0.0
2.235184241457658e-08
0.0
4.891865533996371e-09
0.0
3.932088960335001e-08
0.0
0.0
8.312803960348266e-10
6.259739045087307e-09
0.0
4.634198134600956e-09
0.0
4.634903959095896e-09
0.0
0.0
0.0
0.0
0.0
0.0
0.0
9.308988954672412e-08
1.1180332865068365e-07
-5.9586972650450994e-08
-5.757346161188587e-08
-5.8470148967437914e-08
-5.96429955377893e-08
-5.296578568184801e-08
-1.7351650784433123e-08
8.32652854828086e-08
1.4530014646464215e-08
0.0
0.0
0.0
0.0
0.0
0.0
0.0002765358417057463
0.0
0.0
1.1648044784106822e-08
0.0
0.0
3.7676495254515324e-10
-2.2607164639157243e-08
0.0
-5.517818739680241e-09
0.0
-6.092950132818026e-09
4.4567180035315346e-07
0.0
9.945572682301643e-09
7.801803789021956e-10
0.0
6.537251080204363e-09
0.0
0.0
0.0
0.0
0.0
0.0
0.0
0.0
0.0
0.0
0.0
0.0
0.0
1.575453522306488e-07
4.0297682953325615e-09
0.0
0.0
0.0
0.0
0.0
1.9772388976420226e-08
1.5562692167371632e-08
0.0
0.0
6.0432120844139905e-09
0.0
0.0
0.0
7.062482952841301e-09
7.062482948938173e-09
-2.6324448747683422e-09
7.056888125278604e-05
4.560319956598028e-05
0.0
9.893125337175068e-09
9.893125344531167e-09
9.89312093661529e-09
0.0
9.796968542783173e-05
0.0
9.946746044271922e-09
0.0
0.0
4.292021589806668e-09
8.921386486360478e-09
0.0
2.712155471532714e-07
2.397321964179596e-07
-1.5799037125099696e-08
0.0
9.973650816531037e-09
9.973650721381974e-09
0.0
0.0
0.0
1.4533889117335117e-08
0.0
0.0
0.0
0.0
0.0
0.0
0.0
0.0
0.0
1.8918335837279186e-08
0.0
0.0
2.6216464484718697e-08
1.3519401111859216e-08
1.3519401125200501e-08
1.3519401134485986e-08
2.328129836474604e-08
1.3519401129815072e-08
0.0
1.1861111399340752e-08
0.0
0.0
1.049178267329864e-09
0.0
0.0
0.0
1.4979100805810405e-08
0.0
0.0
9.557754212424203e-09
9.557754232047303e-09
9.557754243643548e-09
1.9319718887308606e-08
9.557754235001386e-09
0.0
0.0
7.414220876629399e-09
0.0
9.943388899024513e-09
0.0
0.00027781695344276014
0.0
0.0
0.0
0.0
0.0
0.0
0.001484213632267367
1.4013313079375145e-17
0.0016270884044593161
-0.0003405892760297184
0.002065637664495136
0.0
0.0
1.9762061878031916e-08
1.9739896200515446e-08
7.37981140863493e-10
1.973990102142851e-08
9.837541482236044e-09
6.746899722752314e-10
9.820290778247954e-09
9.820290358675265e-09
0.0
1.9762066264876113e-08
9.944084334613523e-09
2.8032797256089637e-06
0.0
9.893125320695195e-09
7.28963131948833e-10
7.317322876658897e-06
1.8898838878077996e-08
0.0
9.863298394420213e-09
-9.554301287628686e-09
0.0
0.0
1.9879208047177802e-08
0.0
9.896180177410008e-09
-9.96544244756428e-09
0.0
1.9397238983518924e-08
0.0
7.653537998820821e-09
2.8100870608236174e-09
0.0
1.4026182405746071e-08
0.0
0.0
0.0
9.974318183336175e-09
1.3350390289990945e-07
0.0
0.0
0.0
0.0
8.080177618038039e-10
0.0
9.975829282375583e-09
0.0
7.963898550365918e-10
0.0
9.978387117883653e-09
0.0
6.850305635754517e-09
0.0
1.333734292782051e-07
0.00013638072532167075
1.606042009056954e-05
9.94705962153692e-09
7.81632705825559e-10
1.9834854951766756e-08
6.892942397308371e-10
9.838263078623173e-09
0.0
9.488579427466233e-09
8.689029910014666e-09
9.488579418919003e-09
9.488579409947689e-09
8.689029905724767e-09
8.689029901078234e-09
-9.601963225342429e-09
-4.4479216298718243e-10
2.962194197099492e-08
9.838263123093812e-09
9.938416051699393e-09
0.0
8.967440221176166e-09
8.9674402346297e-09
9.851546300954084e-09
9.851546274933232e-09
1.9062449736652924e-07
0.0
3.553698883332532e-08
-1.0651337222205272e-08
9.961995678280357e-09
9.961991464385589e-09
9.934622543292525e-09
7.694892502449095e-10
0.0002791827213125066
-3.752995284946677e-12
0.0
-1.4210854715202004e-14
9.931664627249164e-09
1.5102486697687174e-14
0.0
6.47371519684511e-08
0.0
0.0
-4.220372791999769e-10
0.0
-9.7545577002774e-09
0.0
0.0
0.0
1.3444106938820255e-17
2.7808527548834277e-06
0.0
3.4906799261310675e-06
-2.2985086056692694e-17
0.001044043712566246
-1.9016541374689173e-08
-0.0010440627291076199
4.633062761742122e-08
0.0
0.0
1.9337251619496366e-09
0.0
0.0
3.5320199782873797e-08
0.0
0.0
0.0
9.922344156379492e-09
2.029550859448715e-08
5.879285242269725e-10
0.0
0.0001541719703197746
7.030211145090102e-06
-2.9141498102736585e-05
0.0012343468738053608
3.5001486858166444e-06
3.5320207449309776e-08
0.0
0.0
1.5469877911151107e-08
8.033795939935841e-10
8.967434794726614e-09
0.0
2.386524075266367e-07
0.0
0.0
-2.102332651597166e-06
1.0993594136776998e-07
0.0
0.0
1.8886537236551437e-09
0.0
0.0
0.0
0.0
-2.0743167982471887e-07
0.0
7.93496620933567e-10
0.0
0.0
8.820076907441014e-09
2.8484750295320293e-06
0.0
0.0
-9.726638742485663e-09
0.0
9.866670801564337e-09
0.0
1.537767753449297e-07
7.769280558070536e-10
9.385064466336631e-09
9.385064449326727e-09
0.0
0.0
1.1543582253707298e-08
0.0
0.0
0.0
1.652177033725777e-08
0.0
7.547234672854951e-10
0.0
2.1238285641314402e-08
0.0
9.721030398445504e-09
-1.1882547707440745e-08
5.832021569039131e-09
0.0
2.9104654747427325e-06
0.0
0.050962394050291175
-0.0509623813204408
0.0
6.092629167582215e-10
2.2647236949334984e-14
0.0
0.0
0.0
1.051238995671875e-08
0.0
9.992131455582864e-09
0.00013636821714927934
0.0
7.55789047082616e-15
0.0
0.0
1.97195140818803e-08
0.0
2.2983929846028303e-08
0.0
1.9463140642334143e-08
0.0
1.5911673798231053e-08
0.0
1.3108491950843939e-08
2.5645803583880653e-10
0.0
1.186788323776191e-08
3.9967499510200945e-08
8.251057605863068e-10
0.0
0.0
9.993121996565435e-09
-9.989173469311748e-09
0.0
2.0070774682578757e-08
0.0
0.0
8.175748253887452e-10
0.0
0.0
0.0
0.0
0.0
0.0
9.578634774243255e-09
2.2413345917644378e-08
6.260330232025388e-08
0.0
0.0
9.988895353407306e-09
9.831588126408397e-09
2.9656098576857914e-08
9.851546325348633e-09
1.9907436841139564e-08
-1.8392569633152525e-08
-0.00021743457888432713
-0.00126202771368099
0.0
2.5301471320343282e-08
-2.530147469315125e-08
9.155810332117653e-09
1.885001434456801e-08
9.308987257208099e-08
1.0230066946967475e-07
-5.958698953765877e-08
-4.813317206953903e-08
-5.847016560912197e-08
-5.964301205512151e-08
-5.296580209753626e-08
-2.6697513606527973e-08
1.064034783822805e-08
5.4072225585017917e-11
9.944479440160555e-09
1.979079929048032e-09
-7.278954067867555e-10
2.1040777246065438e-08
0.0
1.2047212690061615e-08
9.949350077557084e-09
0.0
0.0
0.0
0.0
0.0
0.0
0.0
0.0
3.765821032154831e-07
6.026245483795849e-08
2.3030708161035754e-05
-1.61717543436351e-07
9.342597242412513e-09
0.0
-1.07742590890747e-18
0.0
0.0
0.0
0.0
1.7854711093076223e-08
0.0
6.2578793493006354e-09
9.94447955019836e-09
0.0
6.256696293034338e-14
0.0
7.806098955597353e-10
1.6202358872607876e-08
0.0
6.2578793439441405e-09
-3.607165748389929e-09
-3.6071657508096373e-09
-0.00012375910802551104
0.0
0.00012376384138895467
2.036274146332028e-08
0.0
0.0
0.0
1.6137244167726339e-07
-1.713903689526397e-07
0.0
0.0
0.0
1.978471811036524e-08
4.422405357814268e-09
0.0
8.222659406707097e-10
9.9886570126273e-09
-0.0016527559158399279
0.0
3.6127397214880496e-10
9.75381242659238e-09
0.0
9.753812310509719e-09
9.753812116366025e-09
0.00012965311549240993
-5.049872806284433e-05
5.048888918106491e-05
0.0
4.3383146205123725e-06
9.957516041600903e-09
8.81176506405611e-09
0.0
0.0
0.0
0.0
0.0
0.0
9.936833578194637e-09
5.980996512685233e-18
0.0
4.779530152554978e-09
4.209234252909476e-09
8.223643514568462e-10
0.0
9.991646794660358e-09
0.0
-9.252112077526376e-09
0.0
3.146333870529219e-09
5.65273500311298e-09
0.0
-1.9921064658978693e-08
5.368541904398053e-09
5.368541904398053e-09
9.991685961084368e-09
0.0
0.0
1.6879780398480885e-08
-1.687978074568601e-08
-7.607067284391687e-09
1.6879781411066955e-08
9.946746046197086e-09
9.94674604704046e-09
1.3271426978313165e-08
1.3271426774634932e-08
6.792253158921263e-10
-9.936833563612118e-09
0.0
0.0
0.0
0.0
0.0
9.92949537069718e-09
0.0
0.0
0.0
0.0
0.0
0.0
-3.018684315481579e-08
-3.9561421432635774e-08
0.0
0.0
1.5953114409697264e-08
1.8621357392441187e-08
8.131901475106676e-10
9.979364031638853e-09
8.140483258519434e-10
9.980242559645369e-09
0.0
0.0
3.858096554669879e-08
1.9955624196157143e-08
-6.951053106154723e-09
-9.780269148506682e-09
0.0
9.962952234358961e-09
-1.5443979950940457e-08
2.94745420963629e-06
0.0
1.68797796847227e-08
1.347017002286784e-18
0.0
-1.6219815879292554e-08
-2.5761703193608356e-08
0.0
0.0
0.0
0.0
0.0
0.0
0.0
4.942895064070677e-09
9.386877753126241e-09
9.89083535607473e-09
0.0
-7.265280662174449e-10
0.0
2.0571619679720208e-08
0.0
7.889481643152424e-09
2.509999146101891e-10
0.0
3.412001016083654e-08
0.0
0.0
0.0
0.0
2.6784580328144867e-10
1.8220358029434943e-08
0.0
9.045158090548527e-09
0.0
1.89816181503904e-08
0.0
2.05980553403497e-09
0.0
0.0
1.3770338243806385e-09
0.0
0.0
0.0
0.0
1.015872254183171e-09
0.0
0.0
9.659885593519826e-09
9.723840429144655e-09
0.0
8.915533486869926e-09
2.7219182695265818e-09
0.0
9.314454501278182e-09
0.0
0.0
3.83037261331817e-09
0.0
0.0
9.626996270433835e-09
0.0
0.0
0.0
1.301801692334418e-08
0.0
0.0
2.880367110449169e-09
0.0
1.797757232956881e-08
6.811496003786915e-10
0.0
7.776846553109435e-09
4.167142703254947e-09
0.0
8.841434871502094e-09
-1.0537103367882293e-08
2.7045398447581897e-08
2.2544188495413605e-16
0.0
0.0
8.33478991752102e-09
0.0
9.875982937150802e-09
9.87598291535503e-09
7.122236022469434e-10
9.362380990916505e-09
4.235547215476099e-08
0.0
0.0
0.0
0.0
4.647409550844106e-06
0.0
3.1590271629290695e-09
9.99130566835338e-09
9.98972757899162e-09
9.989727629705258e-09
9.979206006607251e-09
9.97920601944631e-09
9.986082060411418e-09
9.986082040948314e-09
9.966260573877754e-09
4.434446159423844e-15
9.966265053386144e-09
9.497755416355012e-09
0.0
0.0
9.876704676337056e-09
5.532865658650601e-08
2.5848868330947267e-08
9.952155247484449e-09
9.952151178999741e-09
-3.0078831920253344e-08
9.950061916847346e-09
9.950061885641466e-09
9.95005755856322e-09
5.94669446395905e-09
0.0
0.0
-2.0051046563914296e-10
0.0
1.155049484877213e-10
9.591474727129798e-17
3.51696633281898e-08
0.0
0.0
4.477577784270643e-08
0.0
0.0
0.0
0.0
3.625835755024527e-08
0.0
0.0
0.0
1.5085979798611342e-05
5.2919324668607346e-08
0.0
0.0
0.0
2.580324578246408e-09
2.58087058715109e-09
4.1085579949917893e-07
4.009173835333421e-07
9.938415879975557e-09
9.866762749254033e-09
9.866666355305437e-09
2.581820364810894e-09
0.0
1.0837805670713474e-18
0.0
1.0486063465987131e-08
0.0
0.0
0.0
-9.907220839081043e-09
0.0
0.0
5.788510262667975e-10
0.0
0.0
7.836229145198876e-09
7.836221260240867e-09
-4.4443824200740556e-08
-1.6925777104751308e-10
5.414394378891482e-08
0.0
0.0
0.0
-9.351401956814837e-09
1.4070771609789138e-07
1.5023397703074602e-07
9.958907704595152e-09
0.0
1.59300602541194e-08
0.0
0.0
0.0
0.0
7.447166142453088e-10
4.993762977734048e-08
3.006807603731157e-08
0.0
0.0
0.0
1.0591017632188226e-08
0.0
0.0
0.0
7.564951662934368e-08
5.0261394949527086e-08
0.0
0.0
0.0
-9.737700874432823e-09
0.0
4.886413837959542e-09
1.429537342745225e-08
0.0
9.36238539159446e-09
9.362385401667783e-09
3.9476389430725356e-08
0.0
-1.348822865464977e-11
0.0
0.0
0.0
0.0
0.0
0.0
0.0
0.0
0.0
0.0
-3.126149879127506e-06
0.0
7.461073585861626e-09
0.0
0.0
0.0
1.803362980836331e-07
0.0
-5.354904307334424e-10
0.0
2.8009138234863507e-06
2.8009138253256962e-06
0.0
1.130028771766488e-08
2.0732865786919812e-16
2.5123836969176416e-09
2.5123836904124286e-09
1.3980747185988232e-08
-5.6421274119769493e-11
0.0
0.0
0.0
4.091511052867836e-07
0.0005553854469695622
1.359728824684927e-09
0.0
0.0
0.0
0.0
0.0
0.0
0.0
0.0
0.0
1.9291865863686884e-06
0.0
0.0
1.546571196208955e-05
0.0
-4.336808689942018e-19
-4.466450738861011e-08
1.4847411114069994e-07
-8.359687603612387e-09
-2.0354089995080387e-08
-1.0233733796960378e-08
0.0
-9.187253624531877e-09
-9.999266481659774e-09
-2.6827762837527916e-06
-2.6521393623119612e-06
0.0
0.0
6.845702526324431e-05
-6.299172897297799e-12
6.845692797302825e-05
0.0
0.0
9.724511353203333e-09
8.175233276602543e-09
1.960752421867732e-08
0.0
9.979570447359726e-09
0.0
-9.885985442217252e-09
0.0
0.0
0.0
0.0
0.0
0.0
2.775480415058147e-08
0.0
0.0
9.859211225204945e-09
5.283193754281652e-09
0.0
0.0009169442219643158
0.000916944221964316
-1.302658130323048e-08
-1.3026581289051148e-08
0.0
2.4534596271796083e-09
9.990747842202803e-09
0.0
9.991647607478544e-09
0.0
9.99240345247704e-09
9.970225804001508e-09
0.0
5.98926324467889e-08
0.0
9.977516797063818e-09
1.100322170280763e-08
9.978645445509016e-09
0.0
9.962981296555872e-09
0.0
9.99242471244562e-09
0.0
9.992971236627516e-09
6.504360738551337e-09
9.991616114463289e-09
0.0
9.992132498661379e-09
0.0
0.0
8.014240793907987e-15
7.810068504464101e-15
0.0
9.578634238107053e-09
0.0
0.0
0.0
0.0
0.0
0.0
0.0
0.0
0.0
0.0
0.0
0.0
0.0
9.878872031663727e-09
0.0
2.2240951273913294e-08
0.0
0.0
0.0
0.0
0.0
0.0
0.0
0.0
0.0
0.0
0.0
0.0
0.0008527068754561488
0.0008526986130803493
0.0
8.42894652438337e-11
-7.965642482010943e-10
0.0
9.91259642864336e-09
0.0
7.742157167671983e-11
5.039576583568765e-10
0.0
0.0
0.0
-2.7552622565213056e-09
4.0829533126869154e-11
2.8494562377452605e-11
1.6879780055253162e-08
8.682979210498235e-09
0.0
0.0
9.824804080523496e-09
0.0
1.620235889007616e-08
4.8915634437512916e-11
9.85044041338363e-09
0.0
0.0
0.0
0.0
1.044101734087264e-08
0.0
9.97955180691572e-09
9.808835700694934e-09
9.808836830377493e-09
1.749109997464804e-10
0.0
2.1454557503814122e-17
1.9941413325735585e-08
1.9941430308545583e-08
3.117013922713733e-08
0.0
1.0950427020182897e-08
0.0
0.0
0.0
0.0
0.0
0.0
1.9941362047097913e-08
9.969262956821545e-09
1.994137914899187e-08
1.994136215313943e-08
0.0
1.0127309185808522e-05
0.0
0.0
0.0
0.0
0.0
3.8241611897089866e-09
0.0
1.4285904587168323e-09
0.0
0.0
0.0
0.0
0.0
6.357731667339683e-09
0.0
1.4859773737470987e-09
0.0
2.2413342729744967e-08
0.0
6.179513916459694e-09
0.0
0.0
0.0
0.0
0.0
0.0
0.0
1.088576529380881e-09
0.0
0.0
9.972099040409459e-09
8.060940693069825e-10
-2.7552573556022253e-09
0.0
0.0
7.053929277208305e-05
8.967431276905086e-09
4.561295740669505e-05
0.00043575065169183536
0.0
0.0
1.430192520156409e-08
0.0
0.0
1.8503187465839203e-08
0.0
7.197073942981639e-10
2.6583843794975133e-06
2.143008309864778e-06
-0.00027919251266142454
0.0001363905045454296
0.0
-0.0002765242981278906
0.0
0.0
7.492066620138445e-09
0.0
0.0
0.0
0.0
0.0
0.0
0.0
0.0
7.49206393106222e-09
3.049644131592109e-09
0.0
0.0
0.0
0.0
0.0
2.616021578331696e-08
0.0
7.765785723340659e-10
0.0
0.0
2.722226452683741e-11
0.0
0.0
0.0
1.6359047644535685e-08
0.0
0.0
0.0
0.0
2.1965401390314016e-16
4.3736983954877296e-09
0.0
9.958906578825311e-09
0.0
-6.040058284644053e-07
0.0
0.0
0.0
0.0
0.0
1.0158750043414794e-09
0.0
0.0
0.0
0.0
0.0
0.0
0.0
0.0
0.0
0.0
0.0
1.3709515015559561e-08
0.0
1.1137981221771844e-09
0.0
0.0
2.057162048683139e-08
0.0
7.889482102203464e-09
2.5100000067034987e-10
0.0
3.4120011529532915e-08
0.0
0.0
0.0
0.0
2.678464476459063e-10
1.8220359796756677e-08
0.0
9.045159982587437e-09
0.0
1.898162002530299e-08
0.0
2.0598067012958573e-09
0.0
0.0
1.3770361925362861e-09
-5.5541094989496985e-08
0.0
0.0
0.0
0.0
9.715517017365217e-09
9.715478953020186e-09
1.8033629805670052e-07
-0.00027785388941559846
0.0
0.0
0.0
1.6205077754733053e-05
0.0
-6.613299362370674e-09
0.0
-3.43498061866154e-10
0.0
0.00012178102484234
0.0
0.0
0.0
0.0
0.0
1.6138155477036424e-07
0.0
6.99336276951096e-08
0.0
1.7608303872329022e-08
0.0
8.594074045986776e-09
0.0
9.865045100138456e-09
7.015434394082395e-10
7.015434366203884e-10
0.0
9.694204022387754e-09
5.347838062065603e-10
-7.545526663901697e-10
0.0
0.0
0.0
0.0
0.0
0.0
-7.160828502152271e-10
1.4471077469546491e-08
9.986120838983247e-09
8.197906345528543e-10
0.0
0.0
-7.806280310954465e-07
8.099075451403836e-07
9.975753242452527e-09
-3.4471163703628306e-07
9.902360350142465e-09
7.379819321288071e-10
-9.959878638846065e-09
0.0
0.0
0.0
0.0
4.513216265444548e-09
0.0
7.831769674166132e-09
2.658384375091211e-06
9.956223767098476e-09
2.658384371050099e-06
9.956223926387905e-09
0.0
0.0
0.0
0.0
4.51322006350257e-09
0.0
7.831772775742322e-09
1.6205077759130594e-05
1.660838723396792e-05
9.95709164379173e-09
0.0
-1.0234891464654021e-07
3.103755071167648e-08
0.0
1.3168772094215617e-07
8.136073339679446e-10
4.939075160482362e-08
-1.2070934044282794e-07
1.8832181350182738e-08
7.462911744285447e-09
0.0
1.4278473068098232e-07
1.929256289882127e-08
0.0
0.0
1.0237216196279375e-10
1.0236987216715115e-10
0.0
0.0
-8.150247005338663e-10
0.0
0.0
3.4643698341367372e-09
3.464283721421078e-09
0.0
1.6410905257861377e-07
1.803362977389537e-07
0.0
0.0
9.514925459712836e-09
0.0
5.2173394944621254e-11
5.2173390607812564e-11
0.0
0.0
2.7729265689324226e-07
2.7729266569780146e-07
0.0
9.941459569747125e-09
7.761672004921104e-10
0.0
0.0
0.0
0.0
9.70711274569929e-09
3.9391012859153144e-08
1.9941396312006532e-08
-9.55428837242606e-09
0.0
0.0
1.1300287212818731e-08
1.8927564114364505e-08
8.98610451934706e-09
9.87600396589082e-09
9.8760039732712e-09
9.876003950672497e-09
9.876003958510506e-09
7.122398822408724e-10
0.0
7.477389501433276e-10
1.599555504087959e-08
0.0
7.557923378738183e-10
0.0
4.0957918964948946e-10
8.131976159488555e-09
0.0
0.0
0.0
0.0
9.116557115043908e-05
-4.520287533546379e-05
0.0
0.0
0.0
1.31945081930949e-10
0.0
1.3194499174005878e-10
1.319447894696598e-10
0.0
2.521231934969245e-08
0.0
3.4577087510526e-16
9.893425302854805e-09
9.893429703453684e-09
9.893429742113824e-09
0.0
0.0
9.94419817541473e-09
0.0
1.2866810281467532e-15
3.327456965265671e-15
4.3402527411767925e-15
4.324571646837223e-15
2.572640893810769e-09
0.0
2.572640892917049e-09
1.8182073414412957e-11
-7.725771936235138e-10
-1.0470328048816564e-08
0.0
0.0
0.0
0.0
4.59270703160263e-08
0.0
1.9436228424343063e-09
0.0
2.5212321007498337e-08
2.521232058074578e-08
1.817886484775986e-11
0.0
0.0
-7.2847839300525e-10
0.0
0.0
0.0
-6.726885715124808e-11
-2.572639603898221e-09
0.0
0.0
0.0
-9.50928219500824e-09
1.1554606198987174e-08
0.0
2.5212320160886153e-08
0.0
0.0
9.597434876056644e-10
0.0
9.837892281198968e-09
0.0
0.0
0.0
5.5316303839020735e-09
1.6081609944219363e-08
0.0
1.817092223736921e-11
1.817514462844323e-11
0.0
5.4890058287433764e-08
0.000126889091815954
-0.00012688869171111828
7.273960995769834e-06
0.0
0.0
-0.00012985955336402088
7.78055651994916e-10
0.0
9.943393257014009e-09
8.921386472121421e-09
0.0
0.0
0.0
-9.338658506341372e-09
-1.9340125777803823e-08
0.0
9.786405551912617e-09
6.20518975964447e-10
6.247690427290338e-10
6.247690187469392e-10
9.782051552419737e-09
0.0
0.0
-9.859511576240627e-09
-3.544045831660653e-10
0.0
0.0
0.0
0.0
0.0
0.0
0.0
3.809968123010196e-10
9.612127197789603e-09
8.967422478189935e-09
0.0
0.0
0.0014842136322682914
0.0
0.0
2.7887922459264016e-08
7.959792194271928e-10
9.806113308760711e-09
9.80617504600019e-09
0.0
0.0
3.4227016998265516e-08
0.0
9.957091543692873e-09
0.0
0.0
0.0
0.0
3.034195908066528e-08
0.0
9.918938630860383e-09
1.0611904193745633e-08
-1.0611904190947417e-08
0.0
4.559621885396708e-05
4.5618624201779114e-05
9.780311835494142e-09
1.632590390732329e-08
0.0
0.0
5.867525570735225e-10
-5.867525574675745e-10
0.0
1.4317485411458719e-09
0.0
9.806051523432995e-09
0.0
0.0
0.00011677551334704495
0.0
0.0
2.2434630840051304e-07
0.0
2.0267829381394362e-07
0.0
0.0
1.2206509128238645e-08
7.921137029786799e-10
-8.824131875614895e-09
0.0
0.0
2.014273260545258e-10
0.0
7.442467829780596e-10
9.908775705254737e-09
-0.0001237767297149701
0.0
9.509282078781767e-09
0.0
9.659381898629408e-09
-9.554301285893962e-09
0.0
3.318763220192015e-14
0.0
7.91910055011804e-09
0.0
7.919100703012129e-09
0.0
0.0
-1.7608302478379107e-08
5.067278958530847e-16
-3.013686704307411e-08
-1.200406288094027e-08
7.382882701423774e-14
0.0
0.0
9.980332762007817e-09
9.985981532840971e-09
9.985981553814471e-09
0.0
0.0
0.0
6.3577945982753884e-09
0.0
6.350627338467953e-09
0.0
0.0
6.357784923636621e-09
6.514948643018071e-09
1.7742979279634364e-10
0.0
0.0
9.980332866716432e-09
-2.028285907065473e-08
0.0
9.982355226661681e-09
9.982355289595013e-09
0.0
0.0
9.985092927937758e-09
9.983028057821208e-09
8.167701889801271e-10
0.0
9.98509284672706e-09
2.9621933350654217e-08
2.604154770993207e-07
6.357739615878214e-09
0.0
0.0
0.0
0.0
1.7383172913351868e-08
1.738318161164206e-08
-2.8659705155717778e-08
9.975841948513253e-09
0.0
0.0
1.5924749598111258e-12
0.0
0.0
0.0
1.8033629797781065e-07
0.0026205080509092344
-0.002620522884137981
-1.4833228973018184e-08
0.0
2.2428622302213567e-10
9.37580050137379e-09
2.4837691405934486e-07
0.0
0.0
3.1023095181975128e-06
-3.002824300448156e-06
9.961813534232339e-09
0.0
5.585648238100343e-08
0.0
0.0
1.830058389247499e-08
0.0
4.831468663051238e-08
3.3182563080794644e-14
2.9683904506878858e-08
2.483769131072074e-07
2.0810163562934243e-08
8.218238427663979e-10
-1.637438766287084e-09
8.243104610079687e-10
8.02186500345496e-09
3.1422677544865286e-09
1.9981370034770482e-08
8.241875337284377e-10
9.880896819497442e-09
2.3030643396811646e-05
9.880896841486788e-09
1.9754413529560676e-08
9.878430570606482e-09
7.146136639987194e-10
0.0
1.9715736707907105e-08
9.880896775703298e-09
0.0
0.0033251450276071603
0.0033251448067353057
0.0
-6.649127229515521e-12
