0
0.0
0.0
0.0
0.0
2.534860504279146e-06
0.0
0.0
0.0
1.5088016695246966e-05
6.133088426273784e-09
0.0
8.714424877915935e-08
0.0
0.0
0.0
0.0
0.0
0.0
0.0
9.852272922727645e-09
0.0
0.0
0.0
0.0
4.828260019317692e-07
9.204524119078922e-09
0.0
0.0
9.498324534274172e-09
0.0
0.0
0.0
0.0
0.0
0.0
0.0014500971427570414
9.818900620025078e-09
3.5365067044199676e-09
1.9695152834257362e-08
0.0
0.0
0.0
0.0
0.0
0.0
0.0
1.1074390777782598e-07
0.0
0.0
0.0
4.170481688867984e-23
0.0
0.0
0.0
0.0
0.0
0.0
5.872323064198153e-10
0.0
0.0
0.0
1.3405168787501253e-09
7.408719911724903e-18
8.54954141549547e-09
0.0
0.0
6.5928729031318074e-09
0.0
3.0015702713221323e-21
0.0
0.0
6.166363717454713e-11
9.803364850812376e-09
0.0
1.5327925412031547e-11
7.881347540902208e-10
1.0745152792219384e-21
0.0
8.960083080085707e-09
0.0
2.303209750424853e-09
1.0153634611700588e-10
1.278579129619402e-23
0.0
0.0066759949133567975
4.898376435609334e-13
2.0100898417673243e-08
0.0
2.738058093213697e-09
0.0
0.0
1.5329585884143364e-10
0.0
3.9716227575622553e-08
-3.970240269879355e-08
7.831150365421907e-09
0.0
0.0
0.0
0.0
0.0
0.0
9.888018295255745e-09
0.0
0.0
9.93923857325119e-09
0.0
0.0
0.0
0.0
0.0
0.0
9.296584393268524e-09
0.0
1.6237022233562287e-23
0.0
0.0
0.0
0.0
0.0
3.390174746190257e-09
0.0
9.869606582355088e-09
2.8023168141610173e-07
0.0
5.994246154992496e-11
9.894556915668318e-05
-9.892924272843521e-05
8.017509197673624e-09
8.905034941507613e-09
0.0
5.646080478403894e-09
0.0
7.324802007487233e-10
0.0
0.0
9.894168753136248e-09
1.1587654704243029e-06
4.5582783990670085e-09
0.0
7.96017472626803e-09
6.717802948016261e-09
0.0
7.684017665521038e-20
0.0
0.0
0.0
0.0
0.0
0.0
0.0
2.6645092308606496e-08
9.218780230897557e-09
0.0
7.116657736462288e-09
8.930071925366659e-09
9.090309168678674e-09
9.102379407498253e-09
1.2163731541075084e-10
0.0
0.0
6.027823304492286e-16
9.702685367714929e-09
-0.001681331095971017
8.620001581966375e-06
2.6360279077450383e-09
1.902656503997574e-08
0.0
0.0
0.0
0.0
2.566201752070355e-10
9.110656656550961e-10
4.47552659951397e-08
4.8430769418395e-10
0.0
0.0
2.5933512297353165e-06
0.0
0.0
0.0
0.0
0.0
0.0
0.0016271806336673035
3.9301270341192087e-08
0.006646196276211214
1.9169330913762766e-08
5.924894022353094e-07
0.0
2.6398712436426296e-08
0.0
9.936847838756536e-09
4.647328627255207e-23
0.0
0.0
4.344224758972955e-06
0.0
5.2352206463220035e-08
0.0
0.0
3.683788944147406e-09
1.9918364126387414e-08
0.0
9.610583710356889e-09
3.807567993535654e-09
0.0
6.870325711452579e-09
3.4692060435375053e-05
0.0
2.546731381815263e-05
4.442248659522574e-08
9.894198618196814e-07
9.621272111944625e-09
0.0
1.9146350119825276e-09
9.492968197698693e-09
0.0
0.0
0.0
0.0
0.0
0.0
8.361615282784334e-09
0.0
0.0
0.0
0.0
6.654544307803764e-21
2.58173556632678e-09
4.894597699469127e-10
0.0
1.6922391125103603e-10
5.6455137303680966e-21
0.0
9.759644272716834e-09
1.3485530259248603e-11
8.862831978203155e-09
2.65637911447676e-12
9.753180677290985e-09
0.0
0.0
1.1337854033122254e-10
-2.4840913562794237e-05
6.297912576646789e-12
0.0
0.0
0.0
0.0
0.0
0.0
-0.006557609775491959
3.542285049828063e-18
9.955917942935209e-09
9.952475420138129e-09
9.903310011603849e-09
0.0
0.0
0.0
1.812665443014466e-10
0.0
0.0
-1.441872964823241e-06
4.986038913650423e-09
6.670362089749494e-09
0.0
0.0
0.0
0.0
0.0
0.0
0.0
0.0
0.0
0.0
2.4021456760383833e-09
0.0
4.2755000903930474e-08
0.0
2.9884233937866455e-20
1.943470515597228e-08
0.0
8.862831978203141e-09
8.937340419321925e-09
0.0
0.0
7.885075037745929e-09
-8.937340429792523e-09
1.1101842840845474e-18
0.0
-5.798864366069606e-07
0.0
0.0
0.0
9.718270019096308e-09
8.545659723310012e-09
9.63478392131693e-09
9.83510529868406e-09
0.0
0.0
0.0
0.0
1.0436736921763499e-08
0.0
0.0
9.124395510380268e-09
0.0
0.0
7.831150373587823e-09
9.934809055511157e-09
9.76168931311489e-09
4.805689862902671e-21
0.0
0.0
3.393396816454302e-08
0.0
0.0
0.0
0.0
0.0
0.0
0.0
0.0
0.0
0.0
0.0
0.0
0.0
0.0
0.0
0.0
6.647796896297464e-12
3.4954340819156827e-07
2.2899992750802688e-06
9.71265209811644e-09
7.378762115655965e-11
1.8108808873308797e-05
8.464169800414833e-06
1.5634137695035932e-05
-1.508801669524697e-05
-1.508801669524697e-05
0.0
0.0
0.0
9.968009336379258e-09
5.310264141229158e-10
5.258797304439429e-10
5.311565950175758e-10
9.982015559486005e-09
9.894908767873426e-09
4.373628657806697e-10
9.982015569154023e-09
9.984434018082643e-09
9.989638921484764e-09
9.989770573588188e-09
4.230632936013653e-10
6.2876905723027e-06
1.743705218535354e-08
6.537576938340774e-06
0.0
2.456050785471207e-07
2.1126779496775285e-08
1.0302878657078322e-08
8.976641238215491e-07
2.011931771272872e-06
2.0780873873445173e-08
1.7029031232769506e-05
5.072327770864015e-07
1.7346106006640603e-07
5.244969640191044e-07
0.0
1.1675147518734662e-06
3.292775933534212e-08
0.0
0.0
1.730694797891597e-07
5.129853434647985e-07
0.0
1.26574745309139e-06
9.742554183821383e-07
3.896522295280749e-05
8.925564720322519e-10
2.2175748534143629e-07
0.0
0.0
5.094603991953887e-07
0.0
6.412843712757764e-07
0.0
2.3996739666902106e-07
9.881006605991185e-09
0.0
2.149537191948684e-09
1.2372146379418213e-09
2.068855326521945e-08
1.1735975091040455e-06
-3.9521201092167605e-10
4.828260019318096e-07
5.31118097165582e-10
5.247910407739915e-10
5.306964854409162e-10
5.793589437507681e-06
9.287334395358173e-07
5.377183341265601e-06
5.526448020784886e-05
5.377183330052663e-06
3.6873272834267308e-06
6.627289480558884e-09
4.488854219525906e-08
0.0
5.812793777515848e-06
5.812793766308553e-06
5.81279375509991e-06
8.889387419287937e-09
0.0
-4.828260019317757e-07
4.828260019317814e-07
0.0
1.9961978618137242e-08
1.9967767026421263e-08
1.997937056266922e-08
1.99790758352195e-08
5.7935894403102586e-06
9.190211012342692e-07
5.377183344068562e-06
5.9421568689029935e-05
5.377183332856076e-06
3.687327286230649e-06
6.627292284836775e-09
3.530554466531778e-08
0.0
5.812793780317441e-06
5.812793769110477e-06
5.812793757902171e-06
5.7935894431128526e-06
9.287334451418335e-07
5.377183346871425e-06
5.942156869183365e-05
5.377183335659396e-06
3.6873272890345607e-06
6.627295088949918e-09
4.488854780401699e-08
0.0
5.812793771912408e-06
5.812793760704438e-06
1.5733929310814813e-09
1.3383135029899092e-06
5.23047067344749e-10
5.214588041534168e-10
9.852272922732877e-09
-4.541342436304678e-11
0.0
0.0
7.071756490490937e-09
0.0
5.268736027710464e-10
-4.013525119918903e-08
3.8184636448515453e-11
3.818463644220952e-11
0.0
0.0
0.0
2.0761878441143394e-06
0.0
0.009349469010188932
0.00011542663545552243
6.146228815266918e-05
4.732417467504579e-05
1.5126377843623223e-08
7.296250315282279e-05
1.1375270639442764e-05
2.5129625760630144e-05
0.00038892088598684775
0.0
0.0
1.710059850118235e-08
5.792808567085306e-21
3.217525517847508e-06
8.263294200642456e-07
1.9531602465832153e-05
4.734155066276722e-10
0.0
4.897731079571248e-06
4.868292515860123e-06
5.338223921349042e-07
5.335021478203306e-07
1.1286766642831791e-08
-5.855011542619387e-05
-2.6701505400116357e-06
1.9855810611668764e-08
-3.622214935544774e-10
-3.6222149355435274e-10
2.2515133860258676e-05
0.0
0.0
1.357194843138679e-16
0.0
9.803132071834062e-05
0.14158501889957126
1.9695152834345367e-08
2.602579315660113e-10
-1.0171221071919705e-08
1.9831848680192927e-08
3.909018882914628e-10
2.568007842524724e-06
0.0
2.95979984591118e-08
3.100780631594579e-10
3.96782308102114e-06
3.96782308102007e-06
0.0
-2.016020842963341
2.5445332424271105e-05
2.567862016321531e-06
0.0
9.66258697873488e-09
2.077220068164203e-10
9.800812110690402e-09
9.800812109744235e-09
9.841049976145183e-09
3.8411724215162077e-10
9.841049977171004e-09
-4.887912178976744e-06
-4.878047153766829e-06
-5.338223921591903e-07
-5.335021478446167e-07
-1.8149050753025762e-09
5.3189321085949856e-05
3.6548226296662795e-06
2.5365843179305877e-08
1.1095443936523963e-10
3.976645688205041e-06
0.0
-2.0966030560981563e-15
2.096622674159679e-15
2.4501393493717073e-05
2.450139349162047e-05
-3.976645688202711e-06
0.0
2.523143930144296e-05
7.532358503285904e-06
2.7880442567655677e-05
4.683315259964582e-05
7.920688004662708e-08
4.73262118850216e-05
0.0
2.0145826521410797
-1.1074390777729988e-07
1.107439077767722e-07
-0.0014500796800758196
0.0
-0.0014500971427570414
5.781100603659639e-08
0.0
0.0
2.6652791265186665e-05
9.987245282876087e-09
9.987245274741182e-09
0.0
2.026626829083167
9.657436461390134e-09
0.0
1.1753835956865652e-06
0.0
4.376088819349748e-10
2.48332994326013
-2.4833299033021494
9.988422435295782e-09
0.0
0.0
9.970826313414414e-09
9.975930069200625e-09
3.150505714970544e-08
0.0
5.702318153018161e-07
2.964588121365328e-05
1.0037451098973346e-05
2.9645881213637273e-05
5.194918132598799e-06
1.2517459240931081e-06
1.321260177217784e-06
0.0
0.0
0.0
0.0
1.2483732199046425e-06
3.0629058097589483e-07
1.3759533357484118e-09
1.240731580227562e-06
2.564190190830547e-06
0.0
0.0
1.3214618597483047e-06
5.202093773495332e-10
7.191710931190281e-06
2.5233465454493355e-05
7.531774196813246e-06
5.6173524550658625e-05
7.366032859796856e-07
0.0
0.0
-3.967823081029234e-06
4.128115432916032e-23
2.5348605023036238e-06
1.0029427046375633e-05
1.0037451098931034e-05
-1.0037451098943856e-05
2.1429883767891467e-05
4.081747502917862e-10
9.86538495340028e-09
1.7306537280902578e-07
1.0392227508703309e-06
1.6814413938171261e-06
4.941522719526039e-10
3.8943133023536247e-07
-5.931169290884948e-08
0.0
-3.07270105626839e-12
5.066361939069316e-07
0.0
7.75949009931946e-08
0.00010816497102267529
-0.0031063492675720283
0.002998116374951718
9.673301184553779e-09
0.0
-2.7055971631752685e-07
0.0
3.2992549415124176e-07
4.809324807300255e-09
7.980679744792377e-09
0.0
0.0
0.0
1.0295669041430974e-05
1.029566904142557e-05
9.980758982222354e-09
9.980758976545328e-09
0.0
0.0
0.0
9.537481836788491e-09
0.0
1.0823540062937458e-07
1.0823540062937487e-07
0.0
0.0
0.0
4.760784866712862e-09
0.0
0.0
0.0
8.883138789506247e-08
9.980518570422657e-09
9.841049978219466e-09
-9.714031181667243e-09
3.859088415754207e-11
0.0
1.09988986061136e-05
1.51680447647904e-06
9.960000459428716e-09
5.315690643532391e-10
5.067489503137702e-10
2.558061204202433e-06
0.0
0.0
0.00038892088598684553
0.0
9.764080568488794e-06
9.764080568442839e-06
5.331622405569412e-17
4.186109913013981e-17
0.0
2.5166153382997116e-05
7.54142264831695e-06
2.600008119843639e-05
0.0
0.0
0.0
1.4453622136416742e-09
6.528591845080631e-08
0.0
1.880361369224134e-06
4.684255205674368e-05
7.925128836002586e-08
4.732873701668776e-05
0.0
0.0
0.0
4.4934974421256446e-05
0.0
3.9971490983987407e-08
8.993091007694589e-05
8.99223605355304e-05
8.993091007694589e-05
8.993091007694589e-05
8.993091007694589e-05
0.0
0.0
9.117099851720126e-08
0.00047982153810681633
0.00047991404962221233
0.0
0.0
0.0
0.0
0.0
7.800328885232063e-07
7.80032888518856e-07
0.0
8.493604910559316e-06
8.480746538461868e-06
9.982245017817952e-09
-6.859774373049743e-07
0.0
0.0
0.0
8.12305489627922e-07
0.0008685825709653027
5.751953896256725e-06
0.0008636282177370619
0.0
1.0310806718707573e-07
-0.0008686757255063071
9.953525337280666e-09
2.970278498684232e-21
0.0
0.0
2.673297053003036e-07
6.859774372980354e-07
0.0
0.0
0.0
1.937469510971196e-08
0.0009388310071262954
-0.000980203574277222
0.0
0.0
0.0
3.0027371517067466e-07
0.0008690272842604563
-7.073967031341011e-07
9.911498061653723e-09
3.2522767444246153e-21
8.151259800360626e-07
-1.5381721986387366e-07
1.4937056296666551e-06
4.0608737425309165e-07
0.0
0.013967322913549905
9.818621362002287e-09
3.6194543985409385e-10
4.866632898973626e-09
0.0
0.0
0.0
0.0
5.702318125595966e-07
9.777462431565046e-09
0.0
9.713953892484565e-09
2.5848275374405475e-10
0.0
0.0
0.0
-3.468641119700007e-10
-6.166363714105417e-11
0.0
1.2120237494534512e-15
5.985920910230674e-16
1.8402220736425772e-15
1.3675538836191524e-09
0.0
8.714424878108777e-08
0.0
0.0
0.0
0.0
0.0
0.0
0.0
-7.95596308483347e-10
4.828260019307797e-07
1.0568052186722687e-06
0.0
0.0
1.432493663436034e-05
1.3513637016057969e-08
-1.2705494208814505e-21
1.4338450271376397e-05
7.006437494190037e-06
0.0
3.4649891678519945e-06
2.600475155509686e-06
0.0
6.098967736324707e-06
3.6298396017410674e-06
0.0
0.0
9.981662477833617e-09
4.189867295679837e-15
4.1909584975893445e-15
4.190727524145038e-15
4.191826163497654e-15
1.5168044764863015e-06
5.035418108296267e-10
0.0
1.8494746945426782e-08
0.0
9.110656657130455e-10
7.097697268652357e-09
0.0
1.7923891478213592e-10
9.94663831004423e-09
4.885081104669978e-10
0.0
0.0
3.577139672208215e-05
3.576909351233173e-05
0.0
9.894198618195784e-07
1.2387849256680528e-07
1.393066066511944e-06
0.0
8.227510546115803e-07
1.2651345088510806e-05
1.1568141157644239e-06
1.2787883495213047e-05
1.2387849256139915e-07
1.3930660665069795e-06
-9.67804898171381e-09
8.22721624379704e-07
1.2651322196107926e-05
1.1568141157623942e-06
1.2787871699127267e-05
0.0
-1.0153634608990082e-10
3.6776322499583633e-08
5.220063130417013e-10
0.0003676099077417945
0.0003676099077417945
-0.0066759949133567975
-0.006297532854218357
0.0
3.164680078059659e-07
-4.898376435609334e-13
3.076166636883972e-07
0.0
0.0
0.0
1.1265506674602941e-08
1.8507759232379793e-06
0.0
0.0
3.662897666320874e-06
3.662897666320877e-06
3.6628976663208763e-06
3.665635724414087e-06
3.662897666320873e-06
0.0
0.0
0.0
0.0
0.0
1.387946364850954e-10
0.0
0.0
0.0
0.0
0.0
9.367675227321124
0.0
1.9054561376603626e-07
-9.367675408212067
8.1456071797335e-18
9.367675217819752
0.0
2.4520021911662618e-05
3.741204996425883e-08
9.975803839698958e-09
5.17346183412218e-10
1.450278174218609e-11
6.213035772913369e-08
-6.213035772770518e-08
5.360794340226194e-06
-9.846720896724247e-07
-1.5076808150293094e-08
3.233553825467555e-08
0.0
0.0
5.793313085120913e-06
3.970240276443352e-08
5.7932992603097264e-06
9.68403639026734e-09
-2.0475872671703572e-08
0.0
0.0
0.0
9.873398945482056e-09
9.873398944348663e-09
4.1609733312130575e-10
9.917274423401917e-09
4.3974300961676217e-07
9.917274428966194e-09
4.594753561224556e-10
3.785518192338321e-07
1.109449813710911e-18
0.0
4.245539116772781e-18
0.0
1.591389967301947e-05
3.579286666124989e-10
1.5905364152550576e-05
0.0
4.700173197001638e-06
0.013101341245992944
0.0
0.0
5.0513615250322414e-08
0.0
4.857950469121957e-08
9.978044664062276e-09
0.000113127991382838
-4.770348992298029e-08
0.0
0.0
0.0
1.3115006860547378e-06
-3.2439108688745713e-06
1.9978535814714574e-08
5.298893360696505e-10
3.981889977332638e-06
2.2808085778045813e-06
1.941611850907385e-05
6.702947602394372e-06
2.1624605288164586e-05
9.016290028843396e-06
1.624445258380722e-05
1.8231770654168049e-06
4.123116165806432e-10
5.314297689092132e-10
9.894908770037542e-09
5.083362776559113e-08
2.0488828450689056e-08
9.880445009038661e-09
-8.714424878011732e-08
8.014549511595206e-06
2.9714622274496565e-06
4.4440314208678405e-06
5.878337484425854e-05
1.3142267924005568e-05
7.218654298911983e-06
1.6402232811312176e-05
2.317257377993164e-07
0.0
0.0
9.946638319518617e-09
-4.3055056573805884e-10
5.236745604391337e-10
0.0
8.248949319564189e-08
1.9961158702055082e-08
5.204618620249009e-10
0.0
0.0
0.0
6.8450877083485115e-09
0.0
4.0861508774653003e-08
0.0
7.71847509181361e-08
5.305552481602816e-10
1.9977196252654798e-08
5.294392739107991e-10
0.0
2.5445332424269824e-05
0.0
1.9728207902293727e-05
5.409118621654656e-09
0.0
-9.805768651935062e-09
9.905040335484237e-08
1.0885617200788799e-07
0.0
8.88938741906987e-09
2.048882846347723e-08
2.0488828464030186e-08
-9.963735914998197e-09
0.0
0.0
7.717754992783839e-11
7.717815233428807e-11
7.717786739439818e-11
-1.5602687360093625e-11
0.0
0.0
2.8336245600698223e-07
0.0
-2.6732970530209815e-07
2.7397739484350015e-09
0.0
0.0
2.5348605042791888e-06
0.0
0.0
0.0
4.08615087820788e-08
0.0
5.280251376673612e-10
1.9972725505572074e-08
5.275486379860703e-10
1.9199820187167096e-08
0.0
0.0
9.954473925827834e-10
9.398376201630744e-10
3.859944249975629e-11
0.0
0.0
5.385221596386684e-09
0.0
0.0
0.0
0.0
0.0
0.0
0.0
3.952120099378242e-10
0.00014166316686191753
0.00014166316686191753
0.0
4.974515540317362e-09
3.7001838170104234e-06
0.0
9.11419900058809e-09
0.0
9.990516750063007e-09
0.0
0.0
9.694929645264824e-09
2.396857579415725e-10
0.0
3.1000841644701193e-07
5.04216688182128e-10
5.217123495526645e-10
0.0
1.3467882162093777e-05
1.7839896438577852e-07
1.995714695839482e-08
9.976927491261067e-09
6.600419157319036e-08
9.986752654637142e-09
0.0
0.0
-9.932965500338702e-09
4.2593391702684096e-07
0.0
1.647540646791599e-08
9.12258030264461e-07
5.386442233376362e-06
0.0
5.527317354468594e-05
0.0
5.3855265224000475e-06
0.0
3.695858890682082e-06
0.0
1.6279261502839673e-08
0.0
5.455761020796702e-08
0.0
0.0
1.1537220661279253e-09
5.8219764099663585e-06
0.0
5.821976398759111e-06
0.0
5.8219763875505235e-06
0.0
0.0
0.0
0.0
0.0
0.0
0.0
4.87815750011011e-06
4.868292515876235e-06
5.33822392151384e-07
5.335021478368104e-07
1.1286766658444303e-08
-5.855011542618173e-05
-2.6701505399986253e-06
-1.9855810600582797e-08
1.7587689296824585e-06
1.7683463572909393e-06
5.8627696556887446e-08
5.862769655992076e-08
9.894198618162098e-07
9.894198618190647e-07
0.0
0.0
0.0016318166176348958
3.3016801123096654e-08
0.0
4.8682685270127855e-08
0.0
1.9286268128315203e-05
0.0
0.0
0.0
-4.1234812421738984e-10
-2.7055971631747286e-07
-2.7055971631749435e-07
1.9709747593443447e-05
0.0
9.892369771217242e-09
9.892369763782587e-09
1.0862943276529337e-05
2.617297377684883e-08
0.0
0.0093397850819697
4.841663715005591e-06
1.2169347349480931e-05
2.5158459743973474e-05
5.123273629145011e-07
6.573088097566495e-05
0.0
2.206964786299028e-06
5.3981062526405417e-05
1.670214169161807e-06
3.4560351748695895e-07
5.148661573338972e-07
1.2355895279604806e-05
0.0
0.0
7.1694787827989435e-06
5.051583012565615e-05
7.5677591265192295e-06
5.7616029345453705e-05
6.855420794834872e-07
3.80536136227347e-07
4.997893491782918e-07
8.020876935879538e-06
0.0
6.827372405546885e-07
1.0437514860648432e-08
-3.5651033371527414e-10
0.0
0.0
-3.5651032774780874e-10
0.00010943277760248199
0.0002588050571933502
4.85742073157283e-05
-6.717802314426535e-09
0.0
0.0
0.0
0.0
0.00037847265186032915
0.0
0.0
0.0
0.0
0.0
0.0
1.2411679511233436e-05
0.0021843474462379113
-9.894556915668318e-05
0.0020568254288018057
0.0
0.0
0.0
0.0
0.0
4.881558989669445e-10
3.087705997840708e-06
0.0
6.160502781497823e-06
6.160502781497826e-06
6.160502781497827e-06
6.154856701019424e-06
6.160502781497836e-06
3.2910826100951526e-07
3.3972133206161703e-07
-1.583467552634943e-05
1.5884807317082659e-06
0.0
0.0
3.1380652713103855e-06
3.138065271310389e-06
3.1380652713103884e-06
3.137332791109637e-06
3.138065271310385e-06
4.594790252717212e-06
0.0
0.0
9.201027632421508e-06
9.191402752408068e-06
9.194792927154331e-06
9.201027632421578e-06
9.194792927154407e-06
1.3699287265618677e-06
0.0
0.0
2.7022239201953026e-06
2.702223920195307e-06
2.702223920195308e-06
2.6923297514421665e-06
2.7022239201953056e-06
4.043599214704824e-06
1.4331944981123768e-07
0.0
2.8658273867550607e-07
6.358848341601874e-09
0.0
0.005463947940382046
3.845897792876438e-09
0.0
4.03481149705167e-17
0.0
0.0
3.0001388648371775e-06
14.418682767998316
0.0
0.0
-1.1490467000498264e-06
0.0003796226576616401
0.0010901227893821668
0.011977014842249924
2.94153797478554e-09
1.0159247496843283e-08
3.6779835285464145e-10
1.968312851256666e-08
9.85858636116461e-09
4.0145344039658494e-10
-7.960174741583614e-09
0.0
0.0
2.9415379673728392e-09
0.0
0.00039022848247437697
1.264929412517818e-06
0.0
0.0
0.0010047582327974702
0.0
1.3005014946176806e-08
0.0
0.0007129918654515362
0.0007129918654515361
7.158771474853824e-06
1.9506986722754347e-08
0.0
7.146870684593036e-11
-9.88203137214079e-09
0.0
1.9568146131175242e-08
7.200862825957118e-06
6.731207149126898e-08
0.0
3.0173443352217383e-05
7.460027430678114e-07
0.0
0.0
0.0
4.1387272256231805e-10
-7.473391707417659e-05
4.5282681664510394e-08
5.938552460867294e-05
1.532696153684386e-05
0.0
9.943296446521081e-09
0.0
9.924244592790147e-09
0.0
4.78584950588127e-10
1.563680594310848e-08
4.536715748041233e-10
1.215044442412076e-06
2.2390079247864202e-05
2.239890185503546e-05
9.437884344431031e-05
0.0038301724264193926
6.706606280418704e-06
9.87338286537754e-09
4.1608143082584475e-10
1.9890118552128834e-08
9.908143031294586e-09
0.0
0.0
0.0
0.0
0.0
0.0
0.0
0.0
0.0
0.0
0.0
0.0
8.26033593663535e-09
0.0
0.0
0.0
0.0
-1.21637315410333e-10
1.5286219139771283e-05
0.0
0.0
-1.7097453654940095e-08
9.945499774676074e-09
4.873823802921668e-10
9.814738539892582e-09
3.581071619509392e-10
0.0020548764157785615
0.0
1.0025897175768327e-05
0.0
0.0
0.0
8.458383288316385e-10
0.0
1.3392168903247621e-05
0.0012978424216313334
-2.473508963510135e-10
9.632293654823364e-05
2.390495678718837e-06
2.390495678720985e-06
2.390495678716677e-06
2.3904956787134427e-06
0.0
0.00039893498942687386
1.8789156359741085e-05
1.5298893009761405
0.0
8.653318372614488e-06
2.3753233457497962e-08
-8.620001581966367e-06
8.579085097967738
1.5298893075658224
0.0
0.0
0.0
0.0
10.108974403992201
0.0
0.0
0.0
9.794556371631093e-09
0.0
-9.505522190186897e-09
0.0
0.0014488783815029245
0.00022380112913083624
-8.601220796537287
8.602902127633259
0.0
10.108974403992201
0.00015157475551070616
0.0
0.0
5.020553176690685e-10
0.0
2.2398901855026962e-05
1.951188932173415e-05
1.4768779290640362e-06
0.0
-0.0014046022440968534
2.7560248900519013e-06
1.899981991937131e-08
1.0027517512155981e-05
-3.5900018305595055e-07
2.658582829141131e-05
0.0
0.0
7.948182905901509e-07
-0.01211420503412075
0.012095424308943144
9.921751391782726e-09
0.0
0.0
-2.5662017521553963e-10
0.0003890901518666055
0.0
8.892253277869328e-09
0.0
0.0
4.5876848317164866e-10
1.0511724636129214e-08
2.447769804754687e-05
9.481629597678977e-09
0.0
0.0
1.3051190228728112e-08
0.0
0.0
4.382332680097911e-08
0.00019310622379622617
3.672232904446828e-05
-0.08895644110365808
0.08895384775242819
-2.5854816795918382e-06
2.794018364445602e-09
0.00014755488914552532
7.966789226029612e-05
-3.517245045827287e-08
-2.8895842735606912e-05
7.011476998453276e-05
0.0003376526363926365
0.0
0.0
0.00411022587563503
-0.0042297998398140675
0.00011958404307081528
9.911491848988716e-09
0.0
0.0
0.0
0.0
1.713238807173248e-07
8.32681960507247e-08
5.300352898801712e-10
0.003828394535653857
0.0
0.0
4.466318356893242e-17
0.0
1.818011936123816e-08
1.9288621841306823e-05
0.0
1.56368059515881e-08
0.0
4.002684220355305e-05
0.0
0.0
1.9762364129497284e-08
9.90345386040636e-10
3.016715170802487e-06
3.254451725791275e-06
3.99561436606936e-08
9.988431228554872e-09
1.3560843824399738e-06
1.3560843824637646e-06
9.990516761473108e-09
3.0069663871160057e-06
0.0
1.50684263359917e-06
1.4671633812549804e-06
0.0
9.981441895234866e-09
1.4768779290566539e-06
0.0
0.0
2.314070058613573e-05
0.0013209831222174245
0.0
2.4735088917619176e-10
2.2186268862476353e-06
0.0
3.93808318697337e-06
0.0003174847531782037
9.986872394380798e-09
-0.0003174747663058019
0.0
0.0
1.9776170926185115e-08
-9.647659385402638e-09
-0.006646168779464552
-0.0077208182942278825
0.0
5.924894022419438e-07
-5.924894022383753e-07
-2.9726705057139808e-08
-2.9409555908571714e-08
4.8879121789602645e-06
4.878047150505549e-06
5.338223921427104e-07
5.335021478290042e-07
1.1286766650861876e-08
-5.85501154261878e-05
-2.670150540005564e-06
-1.0331204993807644e-08
0.0
1.792386886576026e-10
8.889387419360687e-09
0.0
0.00010807751459990245
2.5443067009424306e-06
0.0
0.0
0.0
5.423915814598951e-12
0.0
0.0
0.0
0.0
0.0
0.0
0.0
0.0
1.5434973601322249e-06
0.00025759284564720846
-1.2365101694852484e-05
0.0
9.339051259478938e-09
0.0
0.0
0.0
0.0
0.0
1.5822784373726586e-08
6.156731516946852e-09
0.0
8.889387419017584e-09
0.0
5.72329124070567e-12
0.0
9.448986138632926e-09
2.424637248195307e-09
0.0
0.0
0.0
0.0
-8.280698171661804
8.279843550134096
0.00085462152770764
-6.654886088412748e-07
6.841626353137003e-07
0.0
0.0
0.0
-4.344224758973082e-06
0.0
2.8371526240292814e-05
0.0
0.0
0.0
6.263101098972207e-06
9.984808948859713e-09
9.984808955893474e-09
-0.0016272079625085922
0.0
0.0
9.719259831307467e-09
0.0
9.7192595961171e-09
9.71925935744209e-09
2.4427762770021233e-05
-5.6101084796738245
5.610108469945235
0.0
8.341640291435433e-08
9.379589045005188e-09
-7.630342600332103e-06
7.660769038892155e-06
-5.235220646320947e-08
-5.2352206463215396e-08
0.0
0.0
0.0
9.841192749604488e-09
1.8531718311857144e-20
3.0826465310449864e-08
-2.6711724761025075e-08
0.0
-1.002942704638951e-05
1.0361883072247321e-05
9.988717782023543e-09
0.0
0.0
0.0
9.82576196892088e-09
1.0187272903133246e-07
0.0
-1.0393498197603308e-08
3.829221891985638e-05
-3.826245040535899e-05
9.986836395179843e-09
5.81606316299915e-11
9.034179275078601e-09
2.545843367150633e-05
-2.545843367150573e-05
-2.5458433671507463e-05
2.545843367150756e-05
0.0
-1.5633194742671217e-10
0.0
0.0
-2.5445332424271078e-05
-9.841192217911743e-09
0.0
5.822091560794368e-06
2.076187844128923e-06
2.0761878441291175e-06
2.0761878441217776e-06
0.0
0.0
1.3884990872104905e-06
1.3828531914980815e-06
0.0
1.4559025752984722e-06
2.300017164361366e-08
-3.468226903825763e-05
-3.468226903825764e-05
0.0
6.918928770067017e-09
1.6159880666606719e-09
3.794645373876157e-07
5.084362104814264e-10
9.96679284585628e-09
9.968316747781605e-09
9.968316749710951e-09
1.497978129461759e-05
3.617525738886973e-05
3.993996469870642e-07
3.6170963182317115e-05
1.4979781294617591e-05
0.0
0.0
0.0
-1.2599208814374936e-09
0.00034021188825103727
0.0
2.5458433671505044e-05
0.0
0.0
-2.5457968080354782e-05
-2.5457527492496193e-05
0.00033765263639264266
9.894198618193728e-07
0.0
2.639871243629237e-08
0.0
0.0
6.098409629403183e-08
7.082119903138392e-08
0.0
9.621240714797659e-09
0.0
-1.668939128605308e-10
1.0392721196102476e-06
1.978683405544383e-08
2.362831926989017e-05
5.476956487784263e-09
8.201381811705161e-07
0.0
6.382586717159119e-09
0.0
0.0
0.0
2.634664534476847e-08
0.0
0.0
0.0
0.0
0.0
0.0
0.0
8.210338124042503e-09
0.0
0.0
1.0783590167683226e-08
6.287690572307757e-06
1.743705219029697e-08
6.53757693834597e-06
0.0
2.456050785519477e-07
2.112677950097909e-08
1.0302878661460372e-08
0.0
8.26417211299868e-09
0.0
0.0
0.0
8.726118532921804e-09
9.138075111604468e-09
8.762600717682475e-09
0.0
2.5333724231347154e-09
7.714996710973685e-09
9.452389085064641e-09
0.0
0.0
9.101581672373944e-07
8.36152847292399e-07
0.0
1.7046058562733248e-05
5.239337587690283e-07
0.0
2.373545448241332e-09
0.0
7.645512260139376e-07
9.813569789741146e-07
3.831622358482555e-05
0.0
0.0
0.0
0.0
8.714424882487769e-08
1.4435847069244965e-18
1.4655696272642319e-07
0.0001693754889977237
0.00016959932656478556
4.0645388102155993e-10
0.0
0.0
0.0
0.0
0.0
0.0
0.0
0.0
-4.012164273317281e-11
7.794201344141696e-06
0.0
2.707538738826816e-08
9.974788887017766e-09
9.94931020991824e-09
9.949310209866188e-09
9.883512788697328e-09
9.883512788666333e-09
9.9183026161563e-09
9.918302616118036e-09
9.80699621401689e-09
0.0
9.806996206525153e-09
5.806899425382113e-07
3.0413582664061273e-07
8.796424737401585e-07
0.0
1.3389128999230961e-05
0.0
9.860200881740944e-09
4.030495263343051e-10
0.0
9.56893901605236e-10
0.0
9.568938430375587e-10
0.0
0.0
1.0962372608746194e-06
1.0962372608745935e-06
1.0962372608746126e-06
9.804103522974457e-05
5.427879528686383e-18
8.039700330539493e-07
4.973123346721206e-07
0.0
6.843147233173652e-07
0.0
0.0
6.866290544445348e-08
0.0
6.771769242874641e-07
4.353124411434707e-08
7.626900765897086e-08
0.0
0.0012609158164165468
5.6785343899817144e-08
0.0
0.0001288594147158976
2.474677860184258e-05
9.976566804095968e-09
9.979115335251134e-09
0.0009263318402493019
0.0009263235799133744
0.0
9.714064482523916e-09
2.585990202155252e-10
9.984208249909956e-09
2.5151144921137823e-06
0.0
0.0
0.0
0.0
0.0
5.2856986222091374e-11
0.0
0.0
0.0
0.0
0.0
8.060114341384832e-17
0.0
0.0
-7.832831282012027e-05
-1.6922391126458856e-10
7.784224869340919e-05
4.858949027998293e-07
0.0
7.328992377382644e-18
1.0962372608745935e-06
5.762671110962764e-05
5.762671110962764e-05
9.981761921507693e-09
4.3525196123718106e-08
0.0
0.0
0.0
4.975393302323689e-07
4.975393302302733e-07
0.0
4.969392383869196e-08
3.0063819502649086e-08
1.6259072112126694e-06
9.096327116614834e-06
8.94280942922221e-07
7.547640524527015e-07
3.492291333337882e-08
4.879572235683828e-07
0.0
-1.605804250221633e-06
-9.086179047243341e-06
-8.054495550270375e-07
3.6146697050092336e-07
0.0
-3.03647804768212e-10
3.6146697049257103e-07
1.8903459799812531e-06
1.4942829437658882e-07
1.5465372639600006e-06
0.0
0.0
0.0
1.7409042000744048e-06
-1.3485530260095636e-11
0.0
1.0392721196157677e-06
1.0392721196217344e-06
0.0
0.0
-2.65637911447676e-12
0.0
0.0
0.0
4.974515541446774e-09
-0.00040201220338474545
0.0
1.2773708199621313e-06
0.0
0.0
0.0
4.828260019317936e-07
0.0
-2.97259042366202e-10
0.0
0.000398992704645159
0.0003989927046447114
0.0
2.5348605042791596e-06
0.0
3.942077144728802e-10
3.9420771665072937e-10
0.0
0.0
0.0
3.600795084403541e-06
0.0
3.5336417016935933e-06
0.00033699800192848024
0.011877136445144872
2.4278526036899928e-08
9.720937066745372e-07
1.1216550554918243e-06
3.150505712260139e-08
0.0
0.00016732735411061105
3.932259801953637e-06
1.1216639926017403e-06
3.4925945501041823e-06
1.2232644356477007e-07
1.234244078527118e-08
6.574362901831833e-06
0.01712596996144006
0.09793663155522825
0.0
2.026687849621828
2.2445499767881304e-05
0.00011321245379637045
3.001388080133222e-07
6.895353763943196e-08
8.1834659918278e-08
1.649302825788287e-08
2.322648739568815e-07
2.4850699476164362e-05
0.000893530017308547
0.0
0.0
9.653388454814578e-06
-6.297912576646789e-12
7.7848234029582e-09
9.643403853538895e-06
1.3966003636314456e-07
3.490140474715086e-06
0.0
1.93176624400668e-08
0.0
5.030005989427135e-10
1.2460926017107585e-08
3.4925945500738733e-06
0.0
0.0
-3.93572694694247e-08
4.20418141759188e-10
2.7783186410150086e-08
2.995481682487785e-08
0.0
0.0
0.0
0.0
0.0
1.5259288911725996e-08
0.001642306191005907
0.001642306191005907
9.763098884896237e-09
3.070624501930064e-10
1.3543834486323418e-05
1.0264950298412452e-05
9.985906537571775e-09
5.1732973105597154e-08
9.988717796521057e-09
2.3172573786468262e-07
9.986603701479737e-09
9.980219465046785e-09
2.455766984374613e-06
5.988756110992158e-08
6.252833449045693e-08
9.982203891115776e-09
0.0
9.980516758119654e-09
0.0009352510981611136
9.962525440947242e-09
3.237268799513192e-06
9.990046836587397e-09
1.117365537950718e-05
9.990187707087291e-09
0.0
9.989162427147113e-09
4.20008931225187e-06
9.988636589374825e-09
1.0859805656123508e-07
0.0
0.0
0.0
2.3214765802259386e-07
9.702685367798515e-09
1.4865893167698348e-07
6.847186660964906e-08
2.3172573785029145e-07
0.0
2.7398597410060045e-07
1.4824844557027726e-08
4.440394615624361e-08
0.0
6.892854022363494e-07
3.105179480458039e-07
0.0
1.4937056297178282e-06
0.0
2.930923159569036e-06
0.0
6.845419980538176e-08
0.0
0.0
0.0
0.0
0.0
0.0
0.0
0.0
0.0
0.0
0.0
0.0
0.006557609775492246
0.006553556936003402
2.728615579201041e-06
7.33459972705045e-07
7.80032888515561e-07
0.0
0.0
-9.903310011608632e-09
2.7682384517937246e-10
1.925091767725371e-08
0.0
0.0
0.0
-9.932965483983342e-09
1.2024413440734668e-10
7.942392032551219e-11
2.545843367150576e-05
6.591813040621048e-09
0.0
2.772864704996662e-07
6.627634886985065e-09
0.0
2.424637248252898e-09
1.588307878355222e-10
9.352163089461041e-09
0.0
0.0
0.0
0.0
3.206572985444322e-06
3.570164903229873e-08
9.960185750532814e-09
9.956765183025758e-09
4.985211232723338e-10
-2.7728647048993246e-07
0.0
0.0
1.5733928951237901e-09
1.5733929045084298e-09
2.2414347792009743e-05
7.945586070736652e-06
6.533142321974726e-06
2.4542689530636314e-05
6.562444595893935e-06
0.0
5.693860226685708e-06
7.334865050861242e-06
2.8566581073085727e-06
0.0
0.0
1.5733928762170542e-09
1.573392866702479e-09
4.974515538483453e-09
3.63234656914576e-06
3.495434081962575e-07
0.0
2.289999275085172e-06
1.9406405856980236e-05
9.712652102628782e-09
6.702873814778345e-06
7.378762629498636e-11
3.515796414860891e-06
1.8109079504218725e-05
5.521202284349442e-07
8.464169800421215e-06
6.103148887772644e-07
1.5643704166874162e-05
2.547598771898201e-06
5.797489598759407e-07
0.0
1.1753835957021347e-06
2.218626886262573e-06
0.007396462917410808
0.0
0.0
0.0
8.322076996667614e-05
8.878737992398401e-07
2.0041464468768046e-06
4.712751920186628e-08
1.7019154436419112e-05
4.966674023568736e-07
1.6382892929805492e-07
5.052037290559107e-07
0.0
0.0
-9.932965492404544e-09
0.0
0.0
0.00015800404338022097
0.0
0.00025880505719333527
0.0
1.1641355072874424e-07
2.6396071716319628e-06
4.3011137769154935e-07
3.9804589664519666e-05
1.2639541921614636e-05
8.799125087022999e-07
1.2799488414199347e-05
-7.158771474845109e-06
0.000423040768255217
-0.002414716470995684
-0.0020548764157801713
0.0038301724264194073
7.775002627821692e-18
-0.0016318263797785448
-2.6771419535056738e-05
0.0
1.399673152768154e-08
5.25096182483045e-07
0.0
2.8024019184050966e-09
4.889820010683635e-07
0.0
1.253248661778227e-07
0.0
2.13014677243409e-06
1.3996731537574608e-08
4.3974631069803716e-07
5.250961824933167e-07
3.916324824218643e-05
0.0
1.2645471040529209e-05
2.802401928098051e-09
6.399451120344221e-07
4.889820010767893e-07
1.2789584539380328e-05
0.0
1.1650677549457248e-07
2.144143503951883e-06
9.648424931708003e-07
3.915473515895412e-05
1.2648273442437922e-05
1.1289271130943644e-06
1.2780224373351595e-05
0.0
0.0
4.322717199963552e-09
5.75008626305585e-17
0.0
0.0
9.981761965934917e-09
7.226835527344641e-05
1.4515980039964227e-06
9.920855606053889e-08
6.287690572297647e-06
1.7437052180407575e-08
6.537576938335559e-06
0.0
2.4560507854230636e-07
2.1126779492566706e-08
1.0302878652656856e-08
8.976641238154438e-07
2.011931771266881e-06
2.078087386723486e-08
1.701949375092684e-05
5.072327770805251e-07
1.7346106006110654e-07
5.244969640135667e-07
0.0
1.2657474530864682e-06
9.74255418376963e-07
3.8974760434638195e-05
8.925564672457209e-10
2.2175748533724355e-07
0.0
1.9786834050367137e-08
2.36283192698852e-05
5.476956482626062e-09
8.201381811656709e-07
0.0
6.382586712929374e-09
0.0
0.0
0.0
2.6346645338529757e-08
0.0
0.0
0.0
0.0
0.0
0.0
0.0
8.21033811922352e-09
0.0
0.0
1.0783590163280266e-08
3.0399040445392442e-09
0.0
0.0
1.163675368617412e-06
0.0
0.0
0.0
4.828260019307184e-07
-0.005463973549111311
0.0
2.7089771575866745e-07
3.3854177726279594e-07
0.1415850009065136
0.0
0.0
0.0
-6.670362089750376e-09
0.0
0.00019298336870368532
0.0
4.335866785889047e-05
1.6682739921041472e-08
2.3141546424501764e-05
-2.5735514284074565e-06
-12.135774849299215
0.0
3.7001838170029958e-06
0.0
1.1420414222056581e-08
0.0
0.0
8.640872769838277e-09
2.739773948464944e-09
2.739773948490468e-09
0.0
0.0
9.89171443263366e-09
9.891714425219766e-09
1.0027517512165217e-05
1.0027517512201426e-05
0.0
0.0
1.0037451098958166e-05
0.0
1.0027517512187967e-05
0.0
7.969854614881109e-06
9.960000457197325e-09
5.017200582499602e-10
0.0
0.0
-1.3613767727926287e-08
4.2475961694135454e-08
9.95145785256947e-09
1.6922465588820046e-05
9.82454215709111e-09
3.6779835847151596e-10
-9.778567238924452e-09
8.916052419277973e-07
8.36631694999797e-07
1.4199759862599337e-08
1.7028164529811033e-05
5.032784901784399e-07
0.0
0.0
0.0004230407682552244
4.555869845503948e-10
0.00042304076825523294
9.913341613195424e-09
8.916052419240088e-07
8.366316949962357e-07
1.419975985864177e-08
1.70281645298077e-05
5.032784901750671e-07
0.0
0.0
0.1415850009065137
2.016020842963341
9.947322372881472e-09
0.0
1.8638890887743426e-08
8.263294200631887e-07
0.0
0.0
9.966172099441258e-09
1.1164887455625836e-05
1.9457466492811895e-06
3.916516889697886e-06
2.4023169743357577e-09
2.4567135369214357e-08
1.5631991494319156e-06
1.0282759912167904e-05
5.071228136842074e-07
6.2728306798887285e-06
2.7393605203544785e-10
9.729582390826968e-09
3.975587710710221e-06
8.32183678173766e-05
0.0
0.0
3.972986630543538e-06
0.0
2.6010816418770884e-09
8.871344045303128e-06
5.668797933553908e-07
4.828260019274807e-07
0.0
0.0
9.527992856676662e-09
0.0
-4.275500090394643e-08
-4.2755000903929065e-08
-3.3175049014106067e-08
0.0
2.5965870185293796e-05
2.596587018527887e-05
0.0025945250294492654
9.898430464230522e-09
9.898430456833798e-09
0.0
0.0
0.0
0.002594605117211118
0.0
0.0
0.0
0.00046382878283680325
0.0004638287828368032
0.0
2.5348605042792316e-06
0.0
-9.911882247641395e-09
0.0
8.556684806900737e-09
0.0
8.556684806930312e-09
8.55668481431313e-09
5.318646008027692e-07
2.9443111420057767e-06
0.0
0.0
7.373921743976653e-08
0.0
0.0
9.148307458729191e-08
0.0
0.0
0.0
0.0
0.002547009232335855
-0.001279309133308204
0.0
0.0
6.514113389825406e-11
0.0
0.0
0.0
0.0
0.0
8.151259800404669e-07
5.702318152882831e-07
1.3500420145749471e-18
0.0
0.0
0.0
0.0
2.048882845489762e-08
-2.048882845762795e-08
0.0
1.1103595275953e-17
0.0
0.0
0.0
0.0
0.0
0.0
7.717907577896661e-11
9.90504033527022e-08
4.892957270099391e-07
1.261399272798107e-08
2.640063220437312e-06
0.0
0.0
-0.010908745154459831
0.01090875486939835
5.5269984484142525e-09
0.0
8.151259800448357e-07
8.151259800437288e-07
7.717887888579822e-11
0.0
0.0
-1.8934921217766965e-09
0.0
0.0
0.0
0.0
8.937340430226204e-09
8.93734043042606e-09
0.0
0.0
0.0
5.897281016606022e-07
5.798864366069606e-07
8.151259800426438e-07
1.763622140063734e-17
1.763622202794757e-17
1.9897541512827427e-05
1.988835361924793e-05
9.18789359711193e-09
0.0
0.0
0.0
2.7328314025680945e-06
4.846941152793806e-07
0.0
7.717841308245699e-11
7.717865802054997e-11
0.0
0.0007269981672588244
0.0006912295728666447
0.0
0.013092597437450863
0.0
0.0
-2.0260284141926377e-05
0.0
0.0
6.358848334152861e-09
0.0
-2.6275384626108215e-10
5.116417041689948e-07
0.0
5.377183349674116e-06
0.0
0.0010147185659450803
0.0
0.0
-1.8024618622687197e-10
-1.8024618622707148e-10
0.0
0.0
0.0
-3.7824054832840374e-10
0.0
7.355640543330909e-06
0.0
0.0
0.0
0.0
0.0
1.0392721196093476e-06
9.909697954456263e-09
8.081879541773144e-11
0.0
0.00013892877280126552
2.048882846128345e-08
14.418682767998316
0.0
2.788456144415499e-07
-2.4930135752717524e-07
9.91281252298228e-09
9.90856621509669e-09
4.5002716387828543e-10
1.6346721236976836e-07
0.0
0.0
7.236187804876619e-07
9.947322365116973e-09
6.841626353221717e-07
0.0
2.0289704199282858e-07
0.0004359204718190903
0.0004357462558441938
0.0
9.872562508491849e-09
1.043673692201278e-08
-1.043673692189054e-08
0.0
0.0012735141975441858
0.0012734926945951637
0.0
0.0
9.788737844428423e-09
0.0
-9.124395510384917e-09
0.0
0.0009352605367621546
1.0436736922266623e-08
0.0
9.909414346133123e-09
7.3556343883232e-06
0.0
0.0003880021062305783
0.0
1.1485070771099369e-06
1.532677225442838e-05
0.0
1.5297788623285544e-05
0.0
0.0
1.9672297078648463e-08
9.905218028877661e-09
1.767096550218299e-06
0.0
1.7657681993175207e-06
2.355438093509665e-09
1.2113130332465237e-17
9.872473035771782e-09
9.872473059979984e-09
-8.28069819116428
0.0
0.0
0.0
0.0
0.00017487413957737198
0.00017487413957737198
2.1612017614791085e-15
0.0
9.498324533323212e-09
0.0
9.498324534297118e-09
9.891811354626862e-09
4.343006740569543e-10
-1.1420414121766226e-08
4.9676375949087547e-17
-2.4042157006857193e-08
-3.393396826292007e-08
0.0
2.0785442392041893e-06
3.5900018307706486e-07
9.979408136098776e-09
9.983935640944207e-09
5.253869225251506e-10
0.0
-7.485154026438089e-09
2.078544239172964e-06
2.5475987717741062e-06
7.158771474862318e-06
2.5475707115532744e-06
3.5900018305708346e-07
3.5900018303805163e-07
2.5475987717922048e-06
2.5482161349724958e-06
7.004444724310497e-10
1.6515181447632971e-09
0.0
5.209100973257202e-10
0.0
0.0
9.981975509758051e-09
5.234487252337875e-10
0.0
0.0
9.981614530144706e-09
9.982289842972987e-09
5.237595438629194e-10
-1.891340846958689e-09
9.98161454719561e-09
0.0
1.030398104998705e-05
2.547598771880615e-06
2.078544239188627e-06
0.0
0.0
2.1981712104199597e-06
0.0
0.0
3.6715418042145703e-06
9.978337422826555e-09
0.0
0.0
0.0
0.0
0.0
3.0431457796204947e-07
4.828260019296505e-07
10.458925354143238
-10.45892534418572
4.992649944955234e-10
0.0
0.0
9.301959446893812e-09
1.028568828243767e-05
0.0
1.9758451024622154e-06
0.0
9.847227033787931e-08
5.11118223327018e-10
1.0392721196069829e-06
-3.5974226442192503e-07
0.0
4.661440231025258e-07
-4.56408954368874e-07
2.7935718642479713e-10
-3.7781802753045213e-07
2.1566401191524284e-15
0.0
1.0285688282431699e-05
0.0
9.982569986160321e-09
1.8427310085223237e-08
5.273357726735045e-10
0.0
2.1615215396908272e-09
1.0446050636922137e-08
5.266655759708161e-10
0.0
0.0002575959932320836
4.128811697386165e-09
1.4643815434837664e-09
3.3790165555102044e-09
0.0
0.0
1.3082933269889353e-08
0.0
9.291050956316568e-08
0.00220850111910549
0.0022079457232043165
6.482997629399515e-07
-6.647796896297464e-12
