0
0.0
0.0
0.0
0.0
1.9404807639374825e-08
2.7780444351489035e-07
0.0
0.0
0.0
0.0
0.0
5.7787896356882973e-08
0.0
0.0
0.0
0.0
0.0
0.0
0.0
0.0
0.0
0.0
0.0
0.0
1.2740944868674473e-07
0.0
0.0
0.0
0.0
5.68052667779788e-08
0.0
0.0
0.0
0.0
0.0
4.275864073871633e-07
0.0
0.0
0.0
1.5837826431101267e-08
0.0
1.852710509386439e-08
0.0
0.0
0.0
1.9725692933372175e-08
0.0
0.0
0.0
0.0
0.0
0.0
0.0
3.6295241022280025e-09
0.0
0.0
0.0
8.728354212858437e-09
0.0
0.0
0.0
9.275980583348252e-09
4.613087913024603e-16
0.0
9.888152558773017e-09
0.0
0.0
0.0
0.0
0.0
0.0
0.0
9.401945754130655e-10
1.0154755064850337e-10
1.3107338435998594e-11
6.690527670239295e-10
0.0
0.0
0.0
0.0
0.0
1.0154721508115472e-10
0.0
0.0
0.0007423793265695897
4.898912764166041e-13
0.0
0.0
0.0
6.551970469534731e-09
0.0
8.821831336547917e-09
0.0
0.0
0.0
0.0
0.0
0.0
0.0
0.0
0.0
0.0
5.883559593913913e-09
0.0
0.0
9.05723295355349e-09
0.0
0.0
0.0
0.0
0.0
9.762151071911339e-09
0.0
9.085432130284997e-09
4.176223347921204e-24
0.0
0.0
0.0
0.0
0.0
8.641397821554498e-09
3.400175236623253e-10
0.0
0.0
0.0
0.0
-6.065455621365699e-06
6.063064683127831e-06
0.0
0.0
9.48722082246148e-09
0.0
9.697628583689412e-09
0.0
0.0
9.595543275783993e-09
0.0
4.531921589354576e-06
0.0
0.0
0.0
0.0
0.0
0.0
0.0
0.0
0.0
0.0
0.0
0.0
0.0
0.0
0.0
0.0
0.0
0.0
0.0
9.708996938176544e-09
0.0
9.822557346603661e-09
0.0
3.2617885743085336e-13
0.0
-0.00012632316389416486
0.0
1.4594026944265395e-09
0.0
1.0488522101966113e-08
0.0
0.0
0.0
8.444080644148828e-08
1.0066375596464954e-08
0.0
0.0
0.0
0.0
0.0
0.0
0.0
0.0
0.0
9.386286598367226e-09
0.0
8.156125666425614e-07
0.0
0.0007400566473682974
0.0
7.120429358332328e-08
0.0
6.910897432303935e-09
0.0
0.0
0.0
0.0
0.0
0.0
0.0
3.234722347621e-06
0.0
0.0
1.227067337810367e-09
4.072051854418781e-09
0.0
0.0
3.807988176206186e-09
1.4516783576093803e-08
0.0
0.0
0.0
2.6154623459177723e-08
0.0
0.0
9.845758876933195e-09
0.0
3.60687533925998e-09
0.0
0.0
0.0
0.0
0.0
0.0
0.0
9.883350635873229e-09
0.0
0.0
0.0
0.0
1.514920096216712e-18
0.0
9.893566488698977e-09
0.0
0.0
0.0
5.697951937455566e-09
9.820737578905481e-09
1.3486101124726702e-11
9.896831684099704e-09
0.0
9.681069776837743e-09
0.0
-6.640738306473715e-19
1.8191956775362318e-11
1.353068162668748e-06
0.0
0.0
0.0
0.0
0.0
0.0
3.1329622586294718e-12
-0.0007481902446094541
0.0
0.0
0.0
9.859023136811713e-09
0.0
0.0
0.0
0.0
0.0
0.0
3.483908019673549e-07
0.0
7.133433880302841e-09
8.124229003789997e-09
0.0
0.0
0.0
0.0
0.0
9.833937832647911e-09
0.0
9.725456938374822e-09
0.0
0.0
0.0
0.0
9.90241736181494e-09
0.0
0.0
0.0
9.479710367583839e-09
9.537570346007233e-09
0.0
8.252238442052735e-07
2.673970856354208e-11
-9.537556867963919e-09
1.6185579707654827e-16
9.322526072152297e-10
-1.1670088607279583e-08
0.0
0.0
0.0
1.6263816741027496e-09
2.5026267821880356e-09
9.166967419664169e-09
9.684412344978134e-09
9.322526107551657e-10
0.0
0.0
0.0
2.0085628397673848e-08
0.0
9.929605149102528e-09
0.0
0.0
0.0
0.0
0.0
0.0
7.713936588272367e-21
1.1627623777016316e-13
9.218639065567865e-09
2.057758565084717e-08
9.894119678631381e-09
0.0
0.0
0.0
0.0
0.0
0.0
4.006525368625671e-08
2.3376315702002313e-08
0.0
0.0
0.0
0.0
0.0
0.0
6.173731517902377e-09
0.0
0.0
0.0
0.0
0.0
0.0
0.0
0.0
9.815071182184536e-09
9.815071188418699e-09
9.904794613350032e-09
9.904794618167956e-09
1.9865012183611385e-08
9.985940802911234e-09
7.117605443301858e-10
6.689895503989756e-10
9.983391748924833e-09
6.218820457489328e-10
8.879625626262747e-09
8.879625244337798e-09
9.895758681833003e-09
9.94375723846301e-09
9.987334429834174e-09
9.983395077171312e-09
5.500172460885289e-10
0.0
0.0
0.0
0.0
7.695239608700067e-08
0.0
0.0
0.0
5.537377926295092e-09
0.0
2.6239367645646855e-10
0.0
0.0
1.3869120604410686e-08
0.0
0.0
0.0
0.0
0.0
0.0
2.6214208996406604e-09
0.0
9.549933218380466e-09
0.0
0.0
0.0
0.0
2.0371715919237686e-08
0.0
1.171614623201535e-08
0.0
0.0
9.640511732264653e-09
0.0
0.0
0.0
2.2135919128301094e-08
0.0
0.0
6.446886919705428e-10
0.0
1.2740944890732092e-07
7.109547045395351e-10
6.867863580116888e-10
9.985256596652015e-09
0.0
0.0
0.0
7.458876384658567e-09
0.0
3.129601314428541e-08
0.0
0.0
0.0
0.0
0.0
0.0
9.954954172259533e-09
9.910291070769304e-09
-1.274094487185764e-07
1.274094487502616e-07
0.0
1.9823598657933477e-08
1.990564610935146e-08
1.997384792467632e-08
1.9968654988927242e-08
-9.57960380812417e-09
-9.649599694920135e-09
0.0
-9.700407390539345e-09
0.0
2.1858568912532538e-08
0.0
-1.4336324586070634e-10
0.0
-4.504657867960545e-10
-9.719735049593993e-09
-4.478340908663071e-10
0.0
0.0
0.0
0.0
0.0
3.129539231453733e-08
0.0
0.0
0.0
0.0
0.0
1.9923470084773086e-08
0.0
9.984927615302487e-09
9.927839310619243e-09
0.0
9.218639157593245e-09
1.5116682667419512e-14
0.0
0.0
2.3550995073280676e-09
7.11003654007024e-10
-3.3038330314702935e-06
-5.68052667886625e-08
-5.680526678333636e-08
0.0
9.63563846880868e-09
0.0
-6.499566962543719e-10
0.0
0.0
3.4785019520633294e-07
4.772833639000907e-08
2.8637132413539655e-07
8.530828397994748e-08
0.0
0.0
1.2129608095618247e-08
2.566029157511128e-07
0.0
1.9865012224999205e-08
0.0
4.051570632569562e-18
1.2963144716227696e-06
1.4193366374471867e-07
3.146122832819114e-10
6.232203463067389e-10
9.669596749365976e-09
-7.73553642522314e-08
-6.542399049194035e-08
-6.25643316745371e-08
-9.192127782726989e-08
-8.802870181618197e-08
-8.802936382439064e-08
-8.340123786867385e-08
1.393645704277155e-09
9.669596541117598e-09
9.669596333301876e-09
1.2306024404725587e-06
3.469542596889758e-10
3.4695427001139185e-10
0.0
0.0
3.8031614448499724e-07
5.788955771996551e-05
0.0
-6.486671254589696e-09
0.0
0.0
-1.852710508284689e-08
4.396599605302737e-08
0.0
8.943901200800258e-10
2.7620799116493175e-10
3.417863611297595e-07
3.4178636095684724e-07
0.0
0.0
0.0
4.395112166080164e-08
0.0
9.848556952514346e-09
9.848556755399072e-09
9.946902624973782e-09
9.946902427148809e-09
9.851085840717396e-09
9.851085649038166e-09
9.851086032838929e-09
7.721469274177239e-08
7.494141732178328e-08
6.256334841377219e-08
8.238614883067477e-08
7.849681734689071e-08
8.762624999844734e-08
5.2191892515283944e-08
9.72564408993409e-09
-4.749377774627625e-07
6.982324128353823e-08
1.972569297036851e-08
-1.0680909282023698e-13
1.0679023193493373e-13
0.0002474243538461707
0.00024742435374002327
-6.982324091063768e-08
0.0
9.466034102795787e-09
0.0
3.3127905033848806e-07
0.0
1.0102417360031239e-07
2.4399824056979613e-07
0.0
0.0
8.973785671636484e-09
0.0
-4.08251913717244e-07
0.0
-4.2758640717011076e-07
3.591566787190317e-08
0.0
0.0
7.109887795389054e-08
7.063882566760253e-10
7.06384928293636e-10
4.4041627318154326e-05
-3.809498530610365e-05
0.0
0.0
2.003178924660638e-08
9.080934846567724e-08
1.2805664801012355e-06
0.0
4.815936851306629e-08
7.106585241805165e-10
0.0
0.0
9.965519380875388e-09
9.969842095465469e-09
0.0
0.0
1.8168325829281415e-09
-9.894122854348097e-09
9.66037284194643e-09
0.0
1.1847293142187178e-07
5.997076527649041e-08
0.0
0.0
4.8792974562831844e-08
0.0
0.0
1.601954687884636e-09
0.0
1.1646570680012545e-09
0.0
4.241539490988493e-08
0.0
2.337631466128143e-08
0.0
6.888474628305205e-10
9.323783233659817e-09
0.0
0.0
2.4256928782602182e-08
3.379278247365001e-08
0.0
1.2130240843394447e-08
-3.3217091414545956e-07
0.0
1.940469692119182e-08
-4.112585619275855e-11
9.660363556465543e-09
-3.9095613952920223e-10
0.00022934958209802538
6.329774243995046e-10
9.907063817905603e-09
0.0
5.019552801096984e-08
-3.5575310682078084e-08
9.965672694544887e-09
6.827128995468001e-08
0.0
4.9848854070144583e-08
7.651393119090244e-08
0.0
0.0
0.0
0.014513369738745388
-0.014513345708661345
1.5188179957132824e-09
9.915814528846378e-09
-7.491308250899516e-08
2.241807691472931e-10
1.0538185003643463e-08
0.0
0.0
0.0
0.0
0.0
0.0
2.678756148692812e-07
2.6787561322837216e-07
9.954734065344595e-09
9.954732194133618e-09
-2.9974367537927355e-10
0.0
-8.728354213005662e-09
9.329862705325831e-09
0.0
0.0
0.0
1.9563567433527642e-08
1.3271548729080648e-09
0.0
1.0902989478627418e-08
0.0
8.809007964411487e-08
0.0
0.0
1.0318113920213922e-08
9.85108623220106e-09
-9.790471844074418e-09
0.0
0.0
0.0
3.175317474075931e-08
9.967016698686149e-09
7.105463621580201e-10
7.084686290413189e-10
3.4004218373567213e-08
0.0
0.0
2.566029153665502e-07
0.0
0.0
0.0
9.73328254891376e-15
0.0
1.7133111454972546e-09
5.107255746713478e-09
0.0
0.0
0.0
3.5881547819816e-09
0.0
0.0
4.358788936996094e-09
0.0
3.403898354722639e-07
2.5344565304522316e-09
9.743603181759586e-08
2.526693319942789e-07
0.0
0.0
-1.422695385086935e-11
3.6485530775611125e-08
0.0
0.0
4.0173948913707877e-08
5.006210154774666e-08
4.0173949115549574e-08
4.0173948988982404e-08
4.0173948977541894e-08
0.0
0.0
0.0
1.3370542075287858e-05
1.3370080344761572e-05
-9.275980594747324e-09
-3.25633848774487e-08
0.0
2.2599397083306283e-08
1.0808525316786327e-08
-9.664628277251779e-09
0.0
0.0
0.0
0.0
6.948375511560223e-10
1.565473465930561e-08
9.929012986848808e-09
9.92901251537515e-09
6.545186497030456e-10
4.701901746176602e-09
0.0
0.0
0.0
0.0
0.0
2.3706353836135813e-08
6.495689847756385e-10
0.0
5.204170427930421e-18
0.0
0.0
-2.5051767771344657e-08
1.868515995998678e-08
0.0
0.0
0.0
0.0
9.010332612143178e-08
0.0
7.423504442439103e-11
0.0
0.0
0.0007707765059094565
-0.0007707573310420388
9.832014011973422e-09
0.0
0.0
-9.565741668249338e-07
0.0
0.0
0.0
0.0
0.0
-3.6295233485361678e-09
1.7032701599103232e-08
0.0
0.0
0.0
0.0
1.8168217352387646e-09
0.0
9.21050975019541e-09
9.796569851883207e-09
9.797480963321742e-09
0.0
2.2719702746740706e-09
0.0
0.0
0.0
0.0
0.0
0.0
0.0
0.0
-1.015475506493504e-10
5.778789633932396e-08
0.0
0.0
-1.3106063543461e-11
0.0
0.0
0.0
0.0
-9.950338233896252e-09
1.2740944894428002e-07
-2.779479215949829e-07
0.0
0.0
0.0
4.680849635926815e-11
4.336808689942018e-19
0.0
0.0
0.0
2.4376984307867307e-10
0.0
0.0
0.0
0.0
0.0
0.0
0.0
1.9373931130617357e-13
1.9381517657603306e-13
1.2502085925456527e-13
1.2565555659910506e-13
3.1753170708009166e-08
9.963603076460935e-09
0.0
0.0
0.0
1.0066375588426982e-08
9.619758369711108e-09
0.0
0.0
9.96177821070824e-09
9.961777805433947e-09
1.7104420088705165e-17
0.0
0.0
0.0
9.76827437514094e-09
0.0
0.0
0.0
0.0
2.2892527040460163e-08
6.289924479490093e-08
0.0
0.0
-9.765890326534623e-09
0.0
-8.251328285457764e-10
2.286305170404461e-08
6.287631057474754e-08
0.0
-5.093922821210571e-10
0.0
-1.0154755088567259e-10
0.0
6.620905023354256e-10
7.63444190983239e-08
8.587342956224504e-08
-0.0007423793265695089
-0.00048436724004085094
0.0
4.729232905878028e-11
0.0
0.0
0.0
0.0
0.0
0.0
1.709322244995832e-08
0.0
0.0
1.0448843130425223e-09
1.0448842357433086e-09
1.0448843271385183e-09
0.0
1.044884496906234e-09
0.0
0.0
3.5823466990309475e-09
0.0
0.0
0.0
0.0
4.153798091797422e-09
0.0
0.0
0.0
0.0
-8.821831260288904e-09
0.0
2.2398270479595203e-08
3.259692655076014e-13
0.0
8.82082963355596e-09
0.00024738511410459456
0.0
9.739008737772774e-09
4.6808780408017e-10
1.3480456952252707e-08
0.0
4.550222313361515e-09
0.0
3.120834364675126e-08
9.546803060546047e-10
3.914267513530067e-08
2.2844717302063056e-09
0.0
0.0
-9.15174821486403e-09
0.0
9.603910017004614e-09
1.8741796942514655e-08
3.144317088204297e-16
9.322526120615297e-10
0.0
9.611859889332626e-09
9.611859705875072e-09
3.4338953944698143e-10
9.903579019018438e-09
5.298158558611765e-08
9.903576218938807e-09
9.903573420193398e-09
0.0
1.6115665288096583e-16
0.0
0.0
0.0
1.802711560180748e-07
5.792451159979235e-10
1.8012563384236558e-07
0.000588197194005217
0.000903663834475271
2.706447576109468e-07
1.1437692239491477e-07
0.0
3.774528532507799e-05
0.00010366538808174218
-0.00010361581229391281
9.948410811515753e-09
-8.778684474838871e-08
0.0
5.520239074496317e-10
9.824566049587702e-09
0.0
0.0
-3.5827283952072776e-08
1.9974439900216808e-08
9.987083119308566e-09
0.0
5.5159177227217784e-08
0.0
5.308139507884069e-07
2.084376601500464e-06
0.0
0.0
0.0
6.369342896479886e-10
7.117791398611111e-10
8.879626016424611e-09
2.133572160435177e-08
-9.013581950267913e-09
9.822521280697712e-09
-4.8291107936191824e-08
9.124387680087166e-10
0.0
0.0
2.0449501396512857e-09
2.4177672898822296e-08
0.0
0.0
0.0
0.0
0.0
9.961779080056026e-09
0.0
6.523246015371112e-10
0.0
1.1285841175288126e-08
1.987414967526433e-08
9.94737141615798e-09
0.0
8.651043085139126e-09
6.143522361458463e-10
9.888085197862218e-09
4.7483211569298686e-08
0.0
0.0
-9.701030793845183e-08
9.986176108256473e-09
1.9972891358972333e-08
9.98670918867222e-09
1.0539801887267161e-08
0.0
0.0
0.0
7.6553898256909e-09
0.0
-4.546472651535246e-10
0.0
0.0
3.365199079124248e-17
9.954954222855626e-09
0.0
0.0
0.0
0.0
0.0
0.0
0.0
0.0
0.0
0.0
7.007256800057934e-09
0.0
0.0
6.678852830042672e-10
9.959009507687514e-09
0.0
0.0
1.9404807047719542e-08
0.0
0.0
-4.295175326518574e-15
0.0
0.0
7.0790665593125e-10
1.9968868209940616e-08
7.099217599322924e-10
0.0
8.039161543291125e-09
0.0
0.0
9.301369537970616e-09
0.0
0.0
0.0
5.011596477401824e-09
1.2803381532511004e-08
4.907896357472304e-10
-1.3010426069826053e-18
-9.762151071887604e-09
0.0
0.0
0.0
-9.085432129069329e-09
-9.34206403208071e-09
0.0
0.0
0.0
2.0484062215533137e-07
8.109174941721195e-09
0.0
0.0
9.989957672928296e-09
0.0
1.46254199194905e-08
5.890302552296693e-09
5.8903024266953805e-09
0.0
-1.014303588559376e-08
9.935076902660434e-09
5.654541956337363e-10
1.4293172765147966e-16
0.0
2.240180624704137e-08
1.9693570319891597e-08
5.821949779046469e-10
0.0
0.0
0.0
6.595323784390247e-14
3.034249230536801e-10
9.93767507047724e-09
0.0
0.0
0.0
0.0
8.559974126745834e-11
1.6786541971163137e-08
0.0
0.0
0.0
0.0
4.0954008938090326e-08
9.546214007720583e-09
0.0
0.0
9.074311117381176e-09
0.0
0.0
0.0
0.0
0.0
9.88981802208778e-11
0.0
0.0
0.0
0.0
0.0
0.0
0.0
0.0
-7.721501774950179e-08
-7.494174378980256e-08
-6.256367649435272e-08
-9.192061833169975e-08
-7.849714850274081e-08
-8.80286982407407e-08
-8.340057006643456e-08
-1.3929848809190883e-09
0.00012101694223362564
0.00012096945902159726
0.0
0.0
0.0
0.0
0.0
0.0
0.00010875701545428945
0.0
0.0
6.1294189645289785e-09
0.0
1.8348978344715007e-08
0.0
-3.4001750013443904e-10
9.180016690933085e-09
9.18001693601565e-09
2.241807494701838e-10
2.241807592627141e-10
0.0
1.3887492931039755e-06
9.915469285258386e-09
6.412262356410955e-10
1.1019368417481997e-11
0.0
0.0
0.0
0.0
0.0
0.0
0.0
0.0
0.0
0.0
0.0
0.0
0.0
0.0
0.0
9.983951995430692e-09
0.0
0.0
0.0
0.0
3.364579829583543e-08
2.1366460891066298e-08
3.042448655153353e-11
0.0
7.3420109389666885e-09
0.0
0.0
0.0
-2.601361982811426e-10
9.420929087192165e-09
9.420929094131059e-09
0.0
6.921714745312867e-08
1.372927690862849e-06
0.0
6.133784582181425e-10
9.88709290520195e-09
6.133789317287554e-10
0.0
0.00023241138072283745
2.5578106408867325e-05
1.072008670047108e-09
0.0
9.180016444512045e-09
0.0
0.0
0.0
0.0
1.3870196435810504e-07
6.0654556213656925e-06
0.0
9.96390283649917e-09
9.963903148396565e-09
9.496670049825378e-09
9.496670265781152e-09
9.496670482254133e-09
5.345101984961791e-08
0.0
0.0
6.832654512665966e-08
6.832654526783956e-08
6.83265450594425e-08
7.781376595727385e-08
6.832654513450504e-08
4.0856144327869665e-07
0.0
-6.22878696605604e-06
0.0
0.0
2.538309551838714e-08
1.192434350180749e-08
1.192434341710234e-08
1.1924343381915435e-08
2.1621972016274396e-08
1.1924343432535656e-08
0.0
2.8489163164725045e-08
0.0
2.458718293045239e-08
1.5871803888486966e-08
2.4513201708654886e-08
2.4587182984967643e-08
2.4513201683291258e-08
2.2338990692948548e-08
0.0
0.0
5.988607102951163e-09
5.988606971424295e-09
5.9886069214915985e-09
1.5584150280114064e-08
5.988607004192112e-09
1.5572096223177954e-06
4.005777319938301e-07
0.0
8.010534920313345e-07
9.884410745888474e-09
0.0
0.0
0.0
0.0
0.0
0.0
0.0
0.0
0.04228503835696602
-2.2971533529536625e-17
0.0
-4.522206164865246e-06
0.00026251185842263744
0.0
0.0004010606163900841
0.0
1.0448888594710103e-08
6.573532809635442e-10
1.983129892382515e-08
9.899398247780367e-09
6.254544788255703e-10
8.833942067437706e-09
0.0
1.8752254383664255e-08
0.0
9.170322558607613e-09
1.101892280739814e-07
0.0
9.887092875318637e-09
9.887092884981589e-09
0.00024766686911910954
1.9819919177385248e-08
0.0
9.941997003112303e-09
0.0
0.0
2.108156754930482e-08
7.174264754592338e-09
0.0
0.0
-6.734758928959472e-10
1.9655987832226044e-08
0.0
7.610474745386461e-09
0.0
5.933327933615763e-10
3.3367692372665624e-08
4.348692642938828e-08
0.0
2.080124383162229e-08
1.981795130666778e-08
6.497447114739434e-10
1.5372235869993743e-08
9.239021005689533e-09
0.0
0.0
0.0
5.100137073380483e-10
0.0
9.848066685229297e-09
0.0
9.770004906440796e-09
1.907629566291844e-08
9.886367565789945e-09
0.0
7.541286350358351e-07
4.821655137966755e-07
8.879633466881533e-08
0.00012484274404221167
4.320389616335097e-08
9.919833291142949e-09
6.455092232957991e-10
1.9556312531118563e-08
9.672286769866274e-09
9.753744490846507e-09
9.7247460048608e-09
9.856669993454956e-09
8.651043087076335e-09
9.8566700134566e-09
9.856670033989157e-09
8.651043091773538e-09
0.0
9.724746018874297e-09
9.72474603508312e-09
4.0633561381672676e-08
9.753744490988806e-09
9.624390691719007e-09
0.0
0.0
-4.386503945159783e-10
4.365912132383317e-10
9.706897518961012e-09
4.526394267481006e-07
0.0
3.158022218358461e-08
0.0
9.742364367261322e-09
4.713790970908631e-10
0.0
-9.822557346467686e-09
0.00011447184455107755
0.0
0.0
-3.260740744255586e-13
1.056420125764087e-09
0.0
0.0
7.758264873673985e-09
0.0
2.8926384593484714e-09
9.386286831114532e-09
0.0
0.0
0.0
0.0
0.0
0.0
1.3711120847720304e-07
2.7126348747319798e-08
7.595254638663579e-05
0.0
3.27253971693031e-06
3.2819767178530242e-06
9.437000929047581e-09
1.1064992446095701e-06
0.0
8.265343270972934e-09
0.0
-1.4594027092066205e-09
0.0
1.0951858889345052e-06
0.0
0.0
0.0
-1.048852205044401e-08
0.0
9.774673353105402e-09
0.0
0.00010974329858556434
1.3298010107245172e-05
-0.09537260227115318
0.09549892580019921
7.596231821268553e-05
1.0951858842625018e-06
5.006876064773538e-06
0.0
1.9866198387248582e-08
6.73730706861196e-10
-4.386498923395105e-10
4.821655131463532e-07
-3.146122768928557e-10
0.0
1.1536770258960785e-06
-4.419489563564646e-07
2.57165871987838e-09
0.0
0.0
-2.831655184119449e-08
5.048149265622223e-06
0.0
0.0
0.0
5.024548244136895e-08
0.0
9.928708556515954e-09
1.966594803115859e-07
-8.444080636105245e-08
-8.444080634717466e-08
1.1653265783839305e-06
0.0
0.0
-7.893621529979029e-10
1.965598720102702e-08
5.420875225359061e-10
0.0
2.8692868640588094e-08
9.711703221129686e-09
9.08787748174619e-09
9.087877488956134e-09
0.0
0.0
2.3343247816416405e-07
0.0
4.4366445199792926e-07
0.0
-0.007043620340595723
0.007043629653087644
9.312491929067829e-09
0.0
6.415160941753026e-08
3.897872764699222e-07
0.0
-4.541698648532957e-08
0.0
1.12672869371138e-05
0.0
0.0
0.0
-1.867690886745349e-07
2.1546167706044302e-07
2.5637696236439585e-10
0.0
0.0
0.0
0.0
8.43431429920699e-08
0.0
7.099796311302522e-10
3.873522249010235e-06
0.0
0.0
7.629646582107927e-15
1.9817951992892352e-08
0.0
2.8066820400405985e-08
0.0
1.9076296512296303e-08
0.0
7.677732835065637e-09
0.0
0.0
1.6616193921726946e-08
0.0
0.0
1.2480732354421207e-08
3.9940267601849144e-08
7.105430338630265e-10
1.761825477814558e-07
1.761825429593493e-07
7.143310538396807e-10
-1.924803499746275e-08
0.0
2.1789563594119284e-08
0.0
0.0
7.021545702247643e-10
0.0
0.0
0.0
0.0
0.0
0.0
-9.386286596791337e-09
0.0
0.0
1.2799354486115128e-07
4.023666259179336e-08
9.981516836949213e-09
-2.0821720342944496e-08
0.0
9.706897479509606e-09
0.0
0.0
-0.000740054921877185
-0.0007401924765886839
0.0
7.120429098049e-08
-6.168999490336365e-08
9.787119839392566e-09
1.0177475766412194e-08
-7.721534345250802e-08
-6.542366460615166e-08
-6.256400425083613e-08
-9.192094807541906e-08
-7.849747940084844e-08
-7.849813908265205e-08
-8.340090396743223e-08
-1.0680997288015082e-08
1.992314508549782e-08
0.0
6.799804448725527e-10
6.799804309277895e-10
3.8973093856211737e-07
2.9195913242864484e-08
0.0
7.580248979078892e-09
9.918033514595902e-09
0.0
0.0
0.0
0.0
0.0
0.0
0.0
0.0
1.9702877881039963e-05
0.0
0.0
-4.480539895210852e-09
0.0
9.603910059741486e-09
0.0
0.0
0.0
0.0
4.6284772846761577e-07
-4.45384166199543e-07
7.833906037696479e-09
1.986930059812195e-08
9.954954229489653e-09
0.0
1.2313197654590968e-12
0.0
5.665247724628197e-10
2.982425483724078e-08
0.0
1.986930059344225e-08
6.361446765113893e-10
6.361446644969764e-10
-2.0857432648568874e-05
2.0857711209756934e-05
0.0
6.685195398586463e-09
3.4029029998067467e-09
0.0
0.0
8.717975794157482e-08
2.8614689913122963e-09
0.0
5.521107827387178e-10
3.9313576685662756e-08
0.0
0.0
1.8261787550587344e-06
9.981864224073433e-09
7.063966862130633e-10
-8.365981969404856e-07
5.740441202052011e-11
0.0
5.183956287482957e-09
0.0
5.1839640341489815e-09
5.183972713157612e-09
0.0002304160567982522
-7.259466745622479
7.259466735889843
0.0
1.699849914040405e-05
0.0
-0.0001460553638064036
0.00014930962492927204
-3.2347223476297127e-06
-3.225017044922467e-06
0.0
0.0
0.0
0.0
0.0
3.0093617659955176e-05
-3.0090141538033238e-05
3.4761219185226733e-09
4.11227475682896e-11
1.5044378051627218e-07
9.98500998159943e-09
0.0
-9.439999565793663e-09
-1.2270673370624874e-09
6.846190291656389e-09
0.0
5.489597144158382e-08
0.0
5.315530720210012e-09
5.315530720210012e-09
9.985634414637123e-09
-9.342181557780169e-09
0.0
1.7273493592393767e-08
-1.727349192458422e-08
-7.909891569923914e-09
1.7273487797735406e-08
1.0720088801373784e-09
0.0
1.4322266847991279e-08
1.4322266697519017e-08
9.671596128135729e-09
0.0
0.0
0.0
0.0
0.0
0.0
9.929013437736372e-09
0.0
8.000390191952137e-07
7.976454901436181e-07
-3.807988176206186e-09
0.0
9.06314535026649e-08
6.008016210439092e-10
9.874276775899936e-09
1.9725693045866178e-08
1.877889563423598e-08
0.0
5.830024098986418e-08
6.957777810936734e-10
9.971048610195007e-09
9.967630416039298e-09
9.967630781251502e-09
0.0
4.142247429283529e-08
7.823892111232736e-08
7.090811320560243e-08
-5.011612500531748e-10
-6.307504453097776e-10
0.0
9.50961282797851e-09
6.97342279139897e-09
1.132010170314915e-05
0.0
1.727349544162219e-08
0.0
0.000220143041242635
-0.0002201691958653567
-2.615462309056571e-08
1.1267286932860903e-05
0.0
0.0
6.910896992218218e-09
0.0
0.0
0.0
0.0
1.8708412868286447e-08
9.846470360904396e-09
0.0
-5.728179436899848e-10
0.0
0.0
0.0
1.8271276312906842e-08
3.807618355649993e-08
0.0
2.8446236783038028e-09
0.0
0.0
0.0
0.0
0.0
0.0
1.3910703750431373e-08
0.0
1.3772188347404617e-08
2.2470310349664434e-09
0.0
0.0
0.0
0.0
0.0
0.0
0.0
0.0
0.0
7.695240625260823e-08
0.0
0.0
0.0
9.625487699647836e-09
9.700565754912553e-09
1.794322429890446e-09
9.776027202317083e-09
0.0
9.409662156062137e-09
9.346999551268394e-09
0.0
0.0
0.0
0.0
1.5670043489443335e-09
0.0
7.2961576972530435e-09
5.177588594656939e-09
0.0
7.361672092812303e-09
0.0
0.0
1.838082490389467e-09
0.0
7.459317148863057e-09
1.013878478712841e-08
1.785199783154992e-09
0.0
0.0
3.947439259341186e-08
-5.286139032356903e-09
5.778789567994068e-08
0.0
0.0
7.503266355825325e-06
7.541473678474917e-06
5.831416864650384e-10
0.0
0.0
0.0
-9.896831214358358e-09
4.656313507231975e-07
0.0
9.91401749361693e-09
9.914017511298388e-09
9.914017529805583e-09
1.6603993883710205e-05
0.0
1.0542323310564891e-10
9.984494534024113e-09
9.977656104726882e-09
9.977656073030853e-09
9.960766582369945e-09
9.960766565452435e-09
9.974762952153328e-09
9.974762928641311e-09
9.96224826217305e-09
0.0
9.962247776706688e-09
0.0
4.708411512718492e-08
2.816929161949609e-08
5.034459242168762e-10
0.0
4.469113293962047e-10
9.76682285864878e-09
4.953721609480084e-10
-1.8031556692221784e-08
9.833930229412167e-09
9.8339301146666e-09
9.833930699613624e-09
0.0
-9.883350635863037e-09
3.4333934625671815e-06
3.4333934625264007e-06
3.4333934625879296e-06
3.9008764892432043e-07
0.0
0.0
4.709002647143998e-08
0.0
0.0
0.0
0.0
0.0
2.7046372102230457e-08
0.0
0.0
5.711448770465008e-09
0.0
0.00025185357542037873
0.0
0.0
1.1942083652171473e-05
6.365972272312804e-07
0.0
0.0
1.4748080383849947e-05
1.4738455993165665e-05
3.556770002288646e-10
9.785050077672154e-09
5.132822389990648e-10
0.0
0.0
0.0
0.0
0.0
5.351698102989795e-10
0.0
8.909120037159404e-10
0.0
0.0
-9.893566488210583e-09
0.0
0.0
0.0
5.964599484125032e-09
0.0
-3.6825250773628047e-06
-1.692425853866246e-10
3.692228512541806e-06
0.0
1.1032603643884023e-05
0.0
3.4333934625482203e-06
0.0
0.0
0.0
0.0
0.0
0.0
1.765107821823017e-08
1.0339336507071973e-08
1.0339338156104815e-08
3.6750691991442734e-08
4.988362126517901e-08
3.1217095168354576e-08
3.1883454300094547e-07
0.0
3.56395158265432e-06
0.0
0.0
2.800386504815461e-08
0.0
-2.007963716696773e-07
1.9799845957371243e-08
-3.573659924912989e-06
3.4493398354277655e-06
0.0
-5.48267199264841e-10
3.449339510647583e-06
0.0
0.0
0.0
0.0
-6.22935726813543e-10
1.8031558972213803e-08
0.0
-1.3487018576605059e-11
0.0
0.0
0.0
0.0
0.0
-2.8123800067565843e-12
0.0
0.0
0.0
0.0
-1.4769294279823146e-07
0.0
1.5818430328030954e-08
0.0
0.0
0.0
1.274094488133671e-07
0.0
-9.681069777431328e-09
0.0
1.3710520672064228e-07
1.4667180960612272e-07
0.0
1.9404807443118595e-08
1.9426809026808264e-16
6.822041837669651e-10
6.822048075199594e-10
2.7196312104768076e-07
0.0
0.0
0.0
0.0
1.972886045478345e-05
0.0005624692368478776
0.00040075672752373933
0.0
0.0
0.0
0.0
0.0
3.6849131701632215e-09
0.0
0.0
0.0
0.00020786112736130346
0.0
0.0011429003862961494
0.004780368345173012
0.0
6.505213034913027e-19
0.0
4.905405196207336e-07
-9.007712956955738e-08
-2.0111071976150474e-08
0.0
8.84670669796324e-09
-8.79772975169213e-09
-4.7055347500435385e-09
-1.3530681625681884e-06
-1.3310429861079776e-06
0.0
0.0
0.0
-6.298606601562451e-12
0.0
0.0
1.8462284120623725e-09
9.930984518330421e-09
2.4724192155186463e-09
1.9705521210693375e-08
0.0
6.491015668576433e-10
0.0
-9.850850523832185e-09
0.0
0.0
-3.0326409813337816e-08
6.487187773180771e-10
2.8922619701263426e-08
2.9987439931249794e-08
0.0
0.0
0.0
9.948242602961233e-09
0.0
2.46953018668592e-08
3.353362294557249e-07
3.353362294557244e-07
6.44218067864634e-10
6.445535538608446e-10
0.0
1.4075902000564372e-07
9.982262957835956e-09
0.0
9.985013281753578e-09
0.0
9.983407918345058e-09
9.838254895188173e-09
3.6998442943540083e-07
5.221535875658995e-08
0.0
9.92677786806241e-09
3.781260680864493e-05
9.936728123157736e-09
0.0
9.935077416426299e-09
2.628316576939226e-08
9.98735333869445e-09
1.0223970155854883e-07
9.986097509009165e-09
8.714851839811771e-08
9.986179384533245e-09
0.0
9.985519561573937e-09
0.0
8.234822641582373e-10
0.0
0.0
0.0
0.0
0.0
0.0
0.0
0.0
0.0
0.0
0.0
0.0
0.0
0.0
0.0
0.0
0.0
0.0
0.0
5.984206079952261e-08
0.0
3.132944022285545e-12
3.132909058728537e-12
6.261855000041953e-13
1.4615827997479265e-12
2.297158953662869e-12
8.351372096117914e-13
4.175899161547401e-12
2.5054578160395887e-12
1.6702759149099999e-12
3.3406616741844987e-12
0.0
0.0007481902446091482
0.0007466390982797432
8.187607518130404e-07
0.0
-9.6646294330384e-09
9.866585259863187e-09
9.906491535602061e-09
-5.858334025182196e-10
0.0
0.0
0.0
0.0
0.0
0.0
0.0
0.0
1.7273494761528502e-08
9.462057222459455e-09
0.0
0.0
9.848131574440821e-09
0.0
2.982425483387835e-08
0.0
0.0
5.9848689221594604e-09
0.0
0.0
0.0
8.944072393218563e-08
0.0
6.779175477657008e-10
9.926151892469978e-11
0.0
9.843369766499152e-09
2.7780444330475826e-07
0.0
1.9922169500183413e-08
1.9922494857191486e-08
7.783920516846605e-07
0.0
0.0
0.0
7.014535884152409e-11
4.116045890297854e-09
0.0
0.0
0.0
1.0538184351497418e-08
9.964884568544607e-09
1.9921518572539453e-08
1.9921193079335368e-08
0.0
8.136836929737557e-10
0.0
6.333653625892813e-08
0.0
3.4306352211351033e-10
0.0
5.390789300804321e-07
0.0
2.088469371860039e-06
0.0
0.0
0.0
0.0
2.0014234136092325e-10
2.3464952885047604e-08
1.1560294545163355e-08
0.0
2.0031793432757666e-08
0.0
1.1003101200561699e-06
1.9440489793814097e-08
0.0
3.0338841287655183e-10
0.0
0.0
0.0
0.0
0.0
0.0
5.890053406460892e-09
0.0
9.956306554216715e-09
9.956305742906454e-09
0.0
4.596998530442717e-09
0.0
8.131931167829304e-08
0.0
1.3729276899262686e-06
0.000262395226250941
1.137738278657092e-08
2.427390367387388e-09
0.0
1.2474125603604765e-08
5.4308160578291896e-08
0.0
1.139083119087244e-08
-2.1081566881075986e-08
5.948462411007731e-06
0.0
-0.00011447184455200325
0.00012485253216674297
4.520751144126279e-16
-0.00010851379719143131
-4.145668426849998e-06
0.0
7.351566969020872e-10
0.0
0.0
0.0
0.0
0.0
2.1181514315630954e-08
0.0
0.0
7.351782385981282e-10
0.0
0.0
2.211703456071774e-08
0.0
4.4623412265922646e-08
0.0
1.4132858286922734e-11
0.0
2.1060700341476055e-08
0.0
1.1691202162034453e-08
0.0
0.0
1.3180907037592124e-08
3.4806837028922396e-08
0.0
1.1291707335165032e-08
0.0
0.0
8.256732080165474e-09
0.0
0.0
4.604679353560506e-09
0.0
-2.0984670562538264e-07
-3.58008621859085e-07
4.328394630721802e-08
0.0
0.0
0.0
0.0
7.695238590510736e-08
0.0
0.0
0.0
5.537366644574736e-09
0.0
0.0
0.0
0.0
1.3869075557390685e-08
0.0
9.549921979676511e-09
0.0
0.0
0.0
0.0
2.0371670971701876e-08
0.0
0.0
1.827126426698015e-08
3.8076172743358105e-08
0.0
2.844610206162054e-09
0.0
0.0
0.0
0.0
0.0
0.0
1.3910688902998576e-08
0.0
1.377219045060623e-08
2.247019756057034e-09
0.0
0.0
0.0
0.0
0.0
0.0
0.0
0.0
0.0
0.0
9.315783507854339e-09
5.2938072004548426e-11
1.2740944883916482e-07
-2.005496921422905e-08
0.0
0.0
0.0
5.791344205505959e-05
-8.124229003512312e-09
8.124229003203145e-09
0.0
0.0
0.0
0.0
0.0
1.3504067390113437e-07
0.0
0.0
1.7460929382678627e-08
-1.973123923344974e-06
-9.775124831483225e-07
2.0484062164552805e-07
0.0
1.7876490137956727e-08
0.0
0.0
8.675346111444434e-09
9.95900949310156e-09
9.959009477766151e-09
6.839609082612066e-10
5.385113234300885e-06
9.770928922102512e-09
4.994002445015154e-10
-2.2341252806090672e-10
0.0
0.0
0.0
9.660369762477358e-09
0.0
0.0
-4.3132535781163466e-10
1.4436888744247087e-08
9.967015358216703e-09
6.918178721969119e-10
0.0
0.0
-1.9068960765098005e-07
2.193029506956379e-07
6.641544085313935e-10
0.0
9.931900637218815e-09
9.931900618229648e-09
-6.387707908912824e-10
0.0
5.794263518390594e-09
0.0
0.0
0.0
8.88777021762819e-09
0.0
5.948462411458465e-06
-5.612189303565342e-10
5.948462412094488e-06
0.0
0.0
5.794242421858529e-09
0.0
0.0
0.0
8.887743115884398e-09
0.0
5.791344205459328e-05
2.2968244125942824e-09
9.937100966911158e-09
0.0
-2.990544170101311e-08
1.4193366354397218e-07
0.0
5.906787942372837e-08
6.800358615295171e-10
-1.2651056346719714e-06
4.649208875944253e-08
0.0
1.0053008944960543e-07
8.660929852192709e-10
5.9846483443372074e-09
1.6982618333827304e-07
3.4324948017006305e-08
1.8164533476876548e-06
-9.725456861961164e-09
0.0
0.0
0.0
1.4424171622445543e-10
9.408740875920781e-09
0.0
8.619032741666088e-12
8.6196334282665e-12
4.518848956436904e-06
1.3789258946351813e-07
1.2740944862054474e-07
5.402341509833476e-10
9.8125501965128e-09
0.0
9.541129141620212e-09
1.2022957668778467e-11
1.2022958149893181e-11
1.2022958366733616e-11
0.0
4.8055733315384884e-08
4.805573230910573e-08
9.672088262695327e-10
0.0
-9.902417361735884e-09
0.0
0.0
0.0
1.2401139472268315e-06
0.0
-9.12757306326194e-09
1.992184403693715e-08
0.00041900099195462667
0.0004190009919546265
0.0
1.9404806456077663e-08
0.0
0.0
9.693750423894754e-09
9.693750434891354e-09
4.236965208831079e-10
9.693750414761384e-09
4.2369701337418916e-10
4.0271934931078286e-08
0.0
7.846505123191073e-08
1.1323863448006915e-08
0.0
0.0
4.024446567824737e-09
4.8222590343259e-09
0.0
0.0
0.0
0.0
2.7413136874241836e-06
-1.1324707279302744e-06
0.0
0.0
4.650890036394361e-09
4.6573590521854875e-09
0.0
4.65736643041853e-09
4.657374951588387e-09
0.0
0.0
1.816828313494012e-09
1.6569529689113679e-16
-2.1383942017715723e-10
0.0
-9.479710367558893e-09
8.764309133588546e-09
0.0
0.0
0.0
0.0
0.0
0.0
0.0
0.0
-9.537570345476143e-09
0.0
0.0
-6.31325169643251e-10
-1.7218222722956438e-08
0.0
5.0032034676699325e-06
0.0
0.0
-1.9255084900039613e-06
1.0812607810619739e-06
-8.252238440338913e-07
0.0
0.0
0.0
0.0
0.0
0.0
-6.125345163486719e-10
0.0
0.0
0.0
0.0
2.705417811111243e-10
9.53755687170739e-09
-1.6132928326584306e-16
-1.612208630485945e-16
0.0
2.157655035957681e-08
1.1670088607062742e-08
0.0
0.0
0.0
1.5320308046513934e-08
5.752094126344742e-09
3.0059591702771165e-10
0.0
0.0
0.0
0.0
1.303554900235458e-06
0.0
0.0
0.0
1.1177997164921519e-07
0.0
1.0891239349519055e-07
0.0
0.0006487277075286163
0.0
0.0
-0.00022592763454247893
9.884410264982402e-09
0.0
9.884410273195685e-09
0.0
-1.6263817420093286e-09
0.0
0.0
-9.70350258486046e-09
-1.0182956975608448e-08
0.0
0.0
-2.5026267862519533e-09
-9.166967420527273e-09
0.0
0.0
0.0
0.0
-9.684412344838e-09
-9.322526114078223e-10
3.1913240008323496e-07
0.0
0.0
0.0
0.0
0.0
0.0
9.759394100423113e-09
2.3056354994854973e-10
-4.386484734409553e-10
3.3808315252666333e-09
0.0
0.04228503835696237
0.0
0.13508897417781712
-0.13508895432009638
6.482670657950759e-10
9.874146976229688e-09
6.003165313750391e-10
9.56574166987697e-07
0.0
4.785050364411642e-08
0.0
9.937100329198518e-09
3.4029037208196156e-09
0.0
0.0
7.446803160176016e-07
-2.0257282519898493e-05
2.102669973691551e-05
9.898194778452623e-09
2.0085628393780667e-08
-1.0701539593940177e-08
0.0
1.3533289976064145e-06
1.377937655245437e-06
0.0
0.0
9.31578998319016e-09
1.9666882145312964e-08
9.929605159557959e-09
-9.92960514896793e-09
0.0
2.0085628382737752e-08
0.0
9.874511574803846e-09
3.19127205703531e-07
0.0
-9.5554868555503e-06
0.0
1.1635566848621471e-07
0.0
4.6455881293999397e-07
4.382466007590101e-07
4.6455881296579396e-07
0.0
1.7866882862239785e-08
9.193863535067459e-09
2.9031092202659935e-08
0.0
3.682744749080747e-08
0.0
0.0
9.880176720325907e-09
9.880176534879902e-09
-2.0652507830057308e-05
3.1231498447800106e-16
9.322529237291988e-10
9.447791652020541e-09
9.891264969601987e-09
3.4114796070608107e-07
3.4114796070609997e-07
0.0
-1.162403506782539e-13
-9.21863906044873e-09
0.0
0.0
0.0
-6.202742429468993e-10
-1.7876489930547876e-08
0.0
-3.047170515912967e-08
-2.057758567012987e-08
0.0
0.0
3.777345873103644e-08
6.580361125530239e-09
9.878158159892176e-09
6.046098438884411e-10
0.0
0.0
-8.579498591762807e-09
2.3464941102825766e-08
2.1081568182934964e-08
2.346578871671448e-08
3.7773457004674636e-08
3.77734554633443e-08
2.34649424560646e-08
2.3446582781655553e-08
0.0
4.0275890583052536e-10
1.1105476891905883e-08
0.0
-4.063106333892401e-08
2.5042692854399885e-12
9.884025303305004e-09
6.10367009713907e-10
1.972318267416322e-08
1.9723183908576667e-08
9.91146716343346e-09
6.4125216773416096e-09
0.0
1.0341497134316368e-08
9.911467867103094e-09
5.011766563990097e-08
0.0
2.346495076130266e-08
0.0
1.9723186732219124e-08
1.9724858094901106e-08
0.0
0.0
0.0
3.6206127380922215e-08
2.8158718811917275e-10
1.972402318230673e-08
1.972318831950074e-08
0.0
0.0
0.0
0.0
1.2740944879509298e-07
0.01603639200318911
-0.016036430918968995
-3.060244593610022e-08
2.7780444247910606e-07
-2.3376315699098022e-08
-2.337631244131444e-08
2.579208772913867e-07
0.0
4.248631683621992e-07
0.0
9.01495541415055e-08
6.25177441073326e-10
0.0
1.7668011054183808e-08
0.0
2.23500281143723e-09
7.021384362815297e-09
0.0
7.000323584693824e-11
0.0
1.484070497370535e-10
2.579208751886876e-07
1.3654913157600722e-07
9.977968704749651e-09
-1.2657116053692844e-07
9.982260094909545e-09
0.0
0.0
1.9965269710056632e-08
7.075138977566509e-10
0.0
-1.4082755208431712e-06
8.756488681273651e-09
0.0
0.0
-6.173731517898539e-09
0.0
1.866755646820065e-08
0.0
1.1840606660764159e-05
0.0
1.1840123733820771e-05
0.0
-6.6485294646003584e-12
