0
0.0
0.0
0.0
0.0
2.906764533394022e-08
2.949987736067759e-07
0.0
0.0
3.487639632345176e-06
0.0
0.0
1.066729069849007e-08
0.0
0.0
0.0
0.0
6.91431454751301e-10
9.798953266251531e-09
1.4948813972371523e-08
8.447047304539888e-09
0.0
0.0
0.0
8.496668227935934e-09
3.9264610596246234e-08
9.651353131879005e-09
8.444726562586546e-09
0.0
0.0
8.894413073314915e-09
0.0
0.0
0.0
0.0
0.0
0.0
7.227249370529822e-09
0.0
1.9710286705408775e-08
0.0
0.0
1.4159965108721967e-08
8.862598118961177e-09
0.0
6.136217483094424e-09
8.245145123029256e-09
3.060384973571417e-05
0.0
0.0
0.0
0.0
0.0
9.129884469435679e-08
9.361790289945162e-09
0.0
0.0
0.0
5.674642918879085e-09
0.0
0.0
0.0
9.85124170454271e-09
2.156004193141911e-17
8.669874189811451e-09
0.0
0.0
5.4223753654839734e-09
0.0
0.0
0.0
0.0
1.3811167556140364e-08
0.0
1.0154115471627118e-10
0.0
6.307950851331885e-10
0.0
2.5701105387886585e-08
0.0
8.593098086786644e-09
7.492251149620827e-09
1.0154115471627118e-10
0.0
0.0
0.002469435292401956
4.89860786830393e-13
3.6105245181962593e-10
0.0
8.971045895195366e-09
0.0
2.839163003555279e-09
0.0
0.0
0.0
3.1715318458492084e-09
4.0621260607310926e-09
0.0
8.02304159306939e-09
0.0
0.0
0.0
0.0
0.0
0.0
1.5642614479024614e-09
0.0
0.0
0.0
0.0
0.0
0.0
0.0
5.73173425613247e-09
0.0
0.0
0.0
6.762845130222814e-09
0.0
2.656675145104427e-09
0.0
0.0
2.373215182195045e-08
6.5284960057558915e-09
1.2483904060565848e-09
0.0
3.962144466383062e-09
1.5502065799921638e-06
-1.5795051430750298e-06
9.896289421429619e-09
9.963718036281357e-10
9.42193440710833e-09
0.0
9.407330449037302e-09
0.0
9.442892109687052e-09
0.0
8.659394498006622e-09
3.605777377610651e-07
1.8305060858728563e-08
0.0
1.1078488558588692e-08
0.0
8.897454159615517e-10
0.0
6.74798992066746e-09
0.0
0.0
0.0
0.0
0.0
0.0
7.0327635664135306e-09
0.0
1.9271165507212415e-08
2.1591023043978546e-09
7.281305930786229e-09
0.0
3.2487144704738913e-09
0.0
0.0
0.0
0.0
9.636321194803308e-09
-0.0007133861999923941
1.3102998491783356e-05
7.621541025104183e-09
1.8222454437285727e-08
0.0
0.0
0.0
8.268244249542027e-06
0.0
1.9701570271001768e-08
0.0
0.0
0.0
0.0
0.0
0.0
0.0
0.0
0.0
0.0
0.0
0.0005997897279925724
0.0
0.0026153718753114674
1.162696506992717e-08
6.4262207255309345e-09
0.0
0.0
0.0
0.0
0.0
3.6571469491692016e-08
0.0
8.479997480708624e-08
0.0
6.322328866320276e-08
0.0
0.0
0.0
9.869722728808412e-09
0.0
0.0
3.807748318040982e-09
1.4651299516980446e-08
9.641698151222888e-07
0.00041379285773234014
0.0
4.4762908359802896e-06
2.9893673632481507e-09
0.0
9.413429754195698e-09
0.0
0.0
0.0
4.725468651838517e-05
0.0
0.0
0.0
9.038350581873964e-09
0.0
0.0
0.0
7.957600408082153e-09
0.0
0.0
4.36218568985628e-19
5.1323713909513416e-09
0.0
8.391206277832167e-09
1.692319253482344e-10
0.0
0.0
2.788224362845147e-09
1.3486168995782699e-11
9.780171990862984e-09
2.6415744964417964e-12
0.0
0.0
5.773376568485311e-18
4.409709942269987e-09
-6.992958741569577e-05
0.0
0.0
2.9663022300907465e-08
5.483787793302725e-09
0.0
0.0
3.4266958277889876e-11
-0.0025495956230230377
0.0
0.0
0.0
0.0
0.0
4.60152780344038e-10
4.319442396600495e-09
0.0
2.566818915398463e-09
0.0
3.882080609172909e-07
0.0
9.230207350704109e-09
5.4111637294522195e-09
0.0
0.0
0.0
0.0
5.200781726066201e-09
8.30581258450116e-09
0.0
0.0
7.554112175777954e-10
9.101011234992632e-09
4.6291492268909354e-06
0.0
0.0
0.0
1.8995229686366103e-08
0.0
8.337418733765784e-09
2.3343588599092845e-10
8.044606840161092e-09
2.801803154415621e-05
9.83240963704256e-09
-9.461734152248213e-09
0.0
0.0
-5.362638373293538e-09
0.0
0.0
0.0
7.612495194417338e-09
9.472084986543548e-09
9.475145413621515e-09
9.036810829463968e-09
0.0
0.0
0.0
0.0
2.09875893593158e-08
0.0
9.224217293935181e-09
0.0
0.0
1.8094854620224584e-09
4.0621260593057495e-09
0.0
0.0
0.0
0.0
6.677716856220737e-09
9.809045297261614e-09
0.0
0.0
0.0
0.0
0.0
0.0
0.0
6.031564166547558e-08
4.7811754124820495e-08
0.0
4.320580366633987e-09
0.0
0.0
0.0
0.0
0.0
0.0
9.364750462000365e-09
0.0
0.0
2.0833693480475658e-10
0.0
0.0
0.0
-3.4876396323447933e-06
-3.4876396323444003e-06
0.0
0.0
1.4172357020236687e-08
9.931341061954636e-09
7.345792456568246e-10
5.244052457495642e-10
7.145262156375593e-10
0.0
0.0
0.0
1.4648714745356605e-10
9.758981899195568e-09
9.973510028525416e-09
9.953047826657336e-09
-9.798953265124921e-09
7.247564411953691e-08
1.8343238231386015e-07
0.0
0.0
3.5965870948610353e-08
8.071495234933553e-09
0.0
2.7055208935560895e-10
1.409959869597558e-07
1.481759975174751e-08
1.1407878824285833e-05
1.0740676219204415e-07
0.0
3.3829122366335505e-07
0.0
0.0
3.436099137392616e-08
1.1387539192833477e-05
1.0665258139379684e-07
0.0
0.0
0.0
0.0
6.912109776103088e-10
8.834942099899603e-08
0.0
1.3342631713383531e-07
1.1548479342096339e-07
0.0
0.0
2.9188616870437813e-10
1.0167248079636171e-07
8.47370537230191e-09
1.3535086505178187e-07
0.0
0.0
0.0
1.153329316928019e-08
0.0
0.0
0.0
3.9264610581399335e-08
7.311211346531655e-10
9.861876390819188e-09
9.946471200773295e-09
1.3566393251110802e-08
0.0
2.0078968441631958e-08
1.001390029514667e-08
2.007896622171172e-08
0.0
0.0
6.7160898932799716e-09
0.0
5.203561013052509e-09
5.203558909157164e-09
5.203556812919251e-09
0.0
0.0
-3.926461059399026e-08
3.926461059172236e-08
0.0
0.0
1.962085825635499e-08
1.994349147763016e-08
1.989951892498646e-08
4.270744729028908e-09
0.0
2.007896899210242e-08
-9.77045845031033e-09
2.0078966782244985e-08
-3.2497551112793677e-09
0.0
6.716090430861944e-09
0.0
0.0
0.0
0.0
1.3566394322477323e-08
0.0
2.00789695451097e-08
0.0
2.0078967345322617e-08
0.0
0.0
6.716090969560262e-09
0.0
5.203559968790111e-09
5.203557868670367e-09
5.538188539337751e-09
5.462911003444243e-09
0.0
0.0
8.447047303988698e-09
6.6777168554672025e-09
2.1849687020012076e-13
0.0
1.0129642084464048e-08
0.0
9.94224436112745e-09
-6.090161827441185e-08
0.0
0.0
0.0
4.272147315669195e-10
0.0
-5.981958076115777e-10
5.702312079236181e-07
1.215326692276439e-07
0.0
1.627093632461805e-06
1.3479435879468391e-06
0.0
1.7653289554908418e-07
0.0
5.378346578530072e-08
0.000725864297465368
1.0526192537998124e-08
1.4172357022220386e-08
0.0
0.0
1.5356480490832463e-06
7.285048560714494e-08
0.0
6.668436333454088e-10
0.0
-5.839729391631756e-08
-8.359781110411912e-08
-1.6839778800453752e-07
-1.7654967102956505e-07
-1.6698653375468307e-07
-1.3417301374350155e-07
-5.839662069980762e-08
8.563647922918859e-09
0.0
0.0
-8.48117798847893e-05
0.0
0.0
0.0
4.231205768916755e-16
1.2850918035497788e-08
2.0112572004703497
1.9710286705417523e-08
9.838785294923188e-09
-1.9710286705402515e-08
0.0
-4.857089153332275e-09
2.565629864462407e-09
1.0507922947309497e-08
0.0
0.0
4.479458665316972e-08
4.479458666084488e-08
0.0
-1.346782503969692e-05
4.454282140941144e-06
2.0456085400707814e-08
1.0517057213747762e-08
0.0
-8.86259808596801e-09
9.297352679529535e-09
9.29735105176515e-09
0.0
-6.136217398783339e-09
0.0
6.561580600230289e-08
8.359781267577859e-08
1.6839778957389306e-07
1.7654967265912092e-07
1.669865353180755e-07
1.0092633156448381e-07
3.074484125091646e-08
1.6620037939429552e-08
2.4409253782391345e-08
1.9531054376740137e-08
8.245145316987317e-09
0.0
0.0
5.0147758145545976e-05
5.015572608120815e-05
-1.9531054384902546e-08
2.912871314353609e-09
3.0790670277261656e-07
3.944236279405966e-08
9.877005802911332e-09
1.1406900314408786e-06
4.289258072418956e-09
6.739388329131781e-07
0.0
0.00033377765449437
-3.060384973571575e-05
3.0603849735717674e-05
-0.0008024587808958376
0.0008024781201204229
9.526956386247476e-09
3.3662497254532024e-10
0.0
0.0
5.6295186425605325e-08
6.885270632735202e-10
6.885271365938994e-10
0.0003765815303768885
-5.725094379016582e-06
8.151605858201794e-09
0.0
2.107594343321332e-08
6.861069130490503e-08
0.0
8.329919701658596e-05
-8.324955114171311e-05
7.230016237491056e-10
5.211164270008857e-16
2.2287927200522143e-16
9.865364524428476e-09
9.865364572255755e-09
1.4116295749936065e-08
3.8289808330417e-06
0.0
-9.507717831785945e-09
3.080826035460035e-08
0.0
0.0
0.0
0.0
3.006696920657899e-08
3.020188597838459e-08
9.217727493356667e-09
0.0
0.0
1.490994206666605e-08
0.0
0.0
0.0
2.3204354256092864e-10
4.781175412863264e-08
0.0
7.047910939890139e-10
4.811095090421835e-08
3.072436523330646e-07
8.214619320597876e-08
0.0
2.6256152395647586e-07
2.7287004953401012e-09
6.721005856700041e-07
-4.47945866597019e-08
0.0
2.9067650555545365e-08
6.55123202516724e-08
3.080826078614038e-08
-3.080826063359132e-08
0.0
-8.178170594677198e-08
-9.129884469552747e-08
0.0
0.0
1.7676055370915641e-09
9.925757013724314e-09
2.7140745825684348e-08
6.350324164708458e-07
0.0
-0.00026463213963637754
0.0002640481608805346
2.358397694439033e-18
0.0
0.00010085248385549525
-0.00010091186582454875
7.440878169473559e-08
5.677494596526868e-09
4.873404289643654e-10
-1.2483904049398475e-09
0.0
4.640900389865792e-06
9.904077248011782e-05
0.0
5.330257277096764e-09
0.0
0.0
2.850743766434294e-07
2.850743766833191e-07
4.26601801711787e-10
9.659101474630534e-09
-5.674642888399417e-09
0.0
0.0
6.104942562763466e-09
0.0
3.4974875061479747e-06
3.4974875061480196e-06
1.4620311669880454e-08
2.7004450893146376e-08
0.0
0.0
6.153329986728885e-08
0.0
0.0
0.0
-1.4998812098499973e-08
0.0
-7.342523168901022e-09
0.0
0.0
0.0
0.0
9.914329331433773e-09
7.246407911225953e-10
9.873040411309496e-09
1.1158731060953124e-08
0.0
0.0
0.0007258642974653784
0.0
2.986089319042782e-07
2.986089320752804e-07
0.0
0.0
0.0
3.167496182146491e-07
4.920564708500617e-08
1.5342420617153894e-10
1.3541809609702475e-08
1.2424532565971208e-08
6.793342281612561e-07
8.157708967357714e-09
0.0
0.0
9.723581608009673e-09
1.1271482218436366e-06
0.0
0.0
4.824699667560495e-18
0.0
-9.851241704762065e-09
3.959728092041374e-09
0.0
2.2876167556398962e-08
3.882691460385418e-08
3.0157040414280753e-08
3.882691460408272e-08
3.8826914604384246e-08
3.8826914603882445e-08
0.0
0.0
0.0
2.4045974443032545e-07
2.532706497219015e-07
-6.147748552285513e-10
-4.573263569310438e-08
0.0
4.5263036709888094e-08
1.1406645486887366e-05
7.2014873796223635e-09
1.652926125198578e-08
6.4488686936118225e-18
9.26605663490803e-07
1.2323114324933986e-05
6.902793252659074e-10
1.5920472194713864e-08
0.0
0.0
0.0
4.7261463871942465e-09
0.0
0.0
0.0
5.164955839983476e-18
0.0
1.8769650247173954e-08
4.752051688623854e-10
0.0
0.0
2.541721623849585e-10
0.0
-2.5308271841566654e-08
0.0
0.0
0.0
2.360401094404994e-08
0.0
4.05872109929175e-08
2.666546322227611e-18
0.0
2.3775462950965682e-07
1.192400059937308e-07
0.0
-3.2712256218219696e-07
9.727974023922888e-09
0.0
0.0
-1.436019984766613e-05
0.0
0.0
3.4704060492536236e-08
0.0006470279656992406
0.0
-9.361790289986342e-09
0.0
2.725345560140128e-08
0.0
0.0
0.0
0.0
9.229772229153991e-09
0.0
7.342478788824423e-09
0.0
0.0
0.0
5.330257275848307e-09
5.330257275490413e-09
-4.512482303214491e-09
-4.512482303138486e-09
8.113084887214579e-15
4.107660947303924e-15
1.2016282821952084e-14
1.2798318693564774e-08
0.0
1.066729064378571e-08
0.0
-3.4126127317976904e-09
6.336619597091531e-16
6.31723639441836e-16
6.323437123206049e-16
0.0
0.0
-6.307949901662163e-10
3.9264610571422464e-08
-2.7807966325940083e-07
0.0
2.466466119283482e-16
0.0
2.176644979346245e-07
4.0657581468206416e-20
2.079624907163896e-07
0.0
0.0
0.0
0.0
5.1597095859942395e-09
9.477115116513557e-09
0.0
1.2217024591390152e-16
3.664597889993679e-16
0.0
0.0
0.0
0.0
0.0
0.0
-1.6311339885059732e-08
0.0
3.9363989787934374e-08
5.350969475912319e-10
1.9701570272826336e-08
0.0
0.0
0.0
0.0
-8.593098035220015e-09
4.945468231014856e-19
0.0
1.4060608348808363e-06
1.3985685837287428e-06
0.0
0.0
8.192456171179212e-08
1.7790073602030642e-07
8.647631896857356e-08
8.484692227330756e-09
0.0
0.0
7.184907754246681e-09
8.192456175837195e-08
1.7790073579532608e-07
8.647631873125519e-08
8.455260600150711e-09
-9.479105122361942e-09
-9.324455874093474e-09
0.0
0.0
-1.0154115471627118e-10
1.3353996799271484e-08
9.652111898042666e-09
7.644004891634772e-07
7.740446036693248e-07
-0.002469435292401956
-0.0008508133843297926
4.077907424120708e-08
7.364335032937545e-07
-4.89860786830393e-13
7.772120876741747e-07
0.0
0.0
5.802353492920106e-11
0.0
0.0
6.099161221067416e-08
0.0
8.418256671260156e-08
8.418256671217178e-08
8.418256671156707e-08
9.315361260695002e-08
8.418256671175017e-08
4.918545423757131e-16
0.0
4.5788136441025085e-09
0.0
0.0
0.0
0.0
6.889725224037448e-09
5.250791121347298e-16
2.8391645781945043e-09
0.0
0.0
0.0
0.0
1.3679963999732472e-08
0.0
0.0
0.0
5.017318000317833e-05
7.149844543273833e-08
9.830691951594436e-09
9.830691954926252e-09
6.8897252234539205e-09
0.0
0.0
3.3265648244806996e-08
1.8303267406221485e-08
1.2835412809377496e-09
0.0
7.894274443240844e-10
3.2064754138895363e-09
9.583275675389767e-07
0.0
9.5831374547046e-07
0.0
0.0
1.8528316917625703e-18
0.0
0.0
9.52563834715771e-09
9.525638352482437e-09
2.959655319710933e-10
0.0
1.6329536993027926e-08
0.0
0.0
1.0677288253250504e-09
0.0
0.0
3.998095832232795e-16
0.0
0.0
0.0
0.0
0.0
0.0001437102221354618
0.004948630666673989
0.0
4.8313756683131655e-08
0.0
4.2718686544516225e-07
-3.787245371747823e-07
9.578570012333499e-09
9.431152042444402e-07
-7.823911115333038e-11
-9.54516200503567e-07
-9.545162005034538e-07
6.928385828656421e-07
4.987912892441009e-09
-3.9079293899079576e-06
1.9920016640114717e-08
9.95667946267903e-09
1.9633444036803376e-09
1.5774032465834407e-07
6.485221490462417e-08
0.0
0.0
0.0
0.0
8.080037001519039e-08
5.366836049384638e-10
9.963337343143423e-09
0.0
0.0
-9.312397598491493e-09
0.0
-1.0667290671146018e-08
5.7301719655678476e-08
3.059298276278246e-07
6.729668446226891e-08
0.0
0.0
0.0
5.762828092028692e-07
0.0
0.0
0.0
0.0
6.257739275582856e-10
9.860870425759671e-09
0.0
0.0
8.296608953135951e-09
0.0
9.858878242431075e-09
0.0
-5.637002243035102e-09
-5.637002243116052e-09
0.0
3.6854240387564706e-10
-7.281305917147124e-09
0.0
6.816475749923115e-10
1.9847292380304733e-08
6.89781914805574e-10
0.0
4.454282140940961e-06
0.0
4.036903284583949e-06
2.0572413234748455e-09
0.0
3.2751065070331834e-09
2.796224744107737e-09
0.0
1.7314897300012028e-18
0.0
0.0
0.0
8.269635037513878e-10
0.0
1.4511557400498453e-16
0.0
0.0
0.0
0.0
2.915690692356643e-16
0.0
3.756109035535421e-09
0.0
9.418060496573216e-09
8.618939260697641e-09
0.0
0.0
2.906764542317601e-08
0.0
0.0
0.0
3.6853673238671356e-10
4.33211037141675e-09
9.94316360986762e-09
1.989062997041155e-08
9.947466509253704e-09
0.0
1.8389948769009375e-08
0.0
0.0
0.0
0.0
8.88520867115258e-09
3.279963297135662e-09
0.0
0.0
0.0
0.0
0.0
0.0
0.0
0.0
0.0
1.6210298492913725e-06
1.630704350114713e-06
0.0
0.0
3.954431841343302e-06
0.0
9.29985935511775e-09
4.3276490472557073e-10
9.439328733872596e-09
0.0
-1.2026951809105877e-09
0.0
-8.044606840428622e-09
0.0
-8.674744927375175e-09
5.442093263541489e-10
-6.7628451303662976e-09
0.0
7.80157920326852e-06
0.0
3.022064196540867e-09
9.784909341562322e-09
3.3340288169002524e-09
0.0
0.0
4.2475390112460173e-13
0.0
2.05851353248245e-09
0.0
3.6052007915041352e-09
0.0
2.7618227254401147e-08
0.0
1.9022126426173067e-08
0.0
0.0
2.943432044386956e-08
6.535804598926162e-09
0.0
6.592221049863771e-09
0.0
1.6519134218671932e-08
0.0
6.650031212957887e-10
0.0
1.5013458407935462e-08
0.0
1.5015253707490235e-08
0.0
1.4997224436814944e-08
0.0
2.6566749076345896e-09
2.656674433135152e-09
2.6292634806612584e-09
2.6383997783591923e-09
2.647536793160636e-09
1.0535328044324574e-08
-7.511689977153513e-08
-8.35978121518921e-08
-1.6839778905347602e-07
-1.7654967207278438e-07
-1.6698653479765846e-07
-1.437238398045845e-07
-6.78889763028605e-08
-8.563648971532057e-09
0.000554567523798104
0.000554577387055703
0.0
0.0
0.0
0.0
0.0
0.0
3.369539972311245e-06
9.320749005734169e-10
6.551481552711104e-09
0.0
0.0
5.769069758079573e-07
7.334543057563692e-08
-1.4352700780177153e-08
0.0
0.0
0.0
0.0
4.044449907748132e-06
0.0
8.06627675261116e-09
8.066276738617848e-09
0.0
8.555710524504713e-08
0.0
0.0
0.0
0.0
5.485011149170125e-08
2.9933005445425423e-10
0.0
2.281351597639891e-07
2.0408156096141874e-07
1.1473576937816918e-05
6.057265430266023e-07
1.2546261432467556e-07
8.694416640801886e-07
0.00021670419192411627
1.777624275043852e-08
9.862468968193021e-09
1.7441707359927726e-08
2.7070437710347503e-07
2.3734720972550493e-07
1.149585991491739e-05
6.334289661717037e-07
1.4208265279454065e-07
8.707252058931208e-07
1.3974831270602395e-09
9.624361818019412e-09
2.3877317084144123e-07
0.0
0.0
0.0
-3.962144466142757e-09
0.0
0.00013813512447077847
0.0
0.0
6.999218031619335e-09
6.999218032447207e-09
6.999218047590988e-09
0.0
1.3593029004526396e-05
0.0016049738030002078
9.882723080427197e-09
1.7050233973802913e-09
0.0
5.33025727652055e-09
0.0
0.0
6.151255511027604e-08
1.6769494207521474e-06
-1.5502065799407862e-06
1.3778035348968613e-08
0.0
0.0
0.0
0.0
0.0
0.0
4.4102928575929125e-08
2.184899856226524e-07
5.054281898996721e-07
5.054281899001338e-07
5.054281898990378e-07
5.148501243063334e-07
5.054281898992233e-07
3.417097386371943e-06
0.0
-6.062791726889824e-08
7.764362443896394e-08
0.0
0.0
1.1721923372551674e-07
1.1721923372500518e-07
1.1721923372435444e-07
1.266265641736125e-07
1.1721923372457328e-07
0.0
2.5969433510101387e-09
7.12878955815843e-08
1.1953999634160826e-07
1.2898288835517955e-07
1.2339587530027622e-07
1.1953999629172663e-07
1.2339587524792376e-07
0.0
3.923059075141856e-07
0.0
7.645174092137962e-07
7.64517409213621e-07
7.645174092135189e-07
7.55858014715797e-07
7.645174092139501e-07
1.512042587945942e-08
3.432202413605694e-06
0.0
6.864049567587643e-06
9.382638075255667e-09
0.0
0.0
0.0
2.9630658696161553e-07
1.173939379481117e-16
0.0
0.0
4.940902261794659e-07
20.16775796905702
0.0
0.0
-3.6057773776087404e-07
0.001618917587271713
0.0037442922495346193
0.0012711352601500099
0.0
0.0
0.0
3.791746250844595e-09
8.99252747350405e-09
0.0
-1.8191882740210525e-09
-1.1078488558599262e-08
0.0
0.0
-8.961835203326424e-09
0.0008252763446945956
0.0
0.0
0.0
5.032145972423258e-05
8.858468543409205e-09
0.0
0.0
0.00040633373104550445
0.00040633373104550445
1.2569026980360153e-08
3.0539068303021935e-09
1.0584193464806075e-08
-6.747989914682704e-09
-3.958505030485072e-10
0.0
1.955338076897375e-08
5.3355788773023626e-08
0.0
3.294054616877508e-08
0.0
2.490197143321799e-07
0.0
0.0
0.0
6.935786399104224e-10
-1.1220043597704702e-05
0.0
4.034168591164718e-08
1.1300094420723673e-05
0.0
6.735430688134853e-10
0.0
7.117970517882618e-10
0.0
9.83910637781235e-09
0.0
6.140315394589899e-10
0.00011315284120363976
1.1322323390305467e-07
8.795970164146398e-08
0.0
0.0005583023833657304
0.0
9.890147362912142e-09
6.528914430835516e-10
0.0
-9.920424131972465e-09
9.901538690305564e-09
0.0
8.604359341065705e-09
0.0
8.604359340829401e-09
0.0
0.0
-7.2813059309164915e-09
0.0
0.0
5.638370687390589e-09
9.901538487434149e-09
3.381059870454427e-09
5.8011233581943994e-11
0.0
0.0
6.015952329395738e-09
0.0
3.0415663614272105e-07
0.0
2.1797353914231472e-08
0.0
9.899710656100898e-09
6.622611134685113e-10
4.70267331505667e-09
0.0
0.0008430042247613567
2.00737453254354e-08
0.0
4.996003610813204e-16
9.867108328346344e-09
1.878179988754754e-16
1.0092765964731701e-07
8.324218725403926e-08
0.0
0.0
-9.63632119482501e-09
0.0
0.0
7.823086412876381e-09
7.82308643620341e-09
7.82308645187327e-09
0.0
0.0007797598935133515
6.819447098903473e-07
0.006216436485170072
0.0
1.3165603337009637e-05
6.260484522598812e-08
-1.3093260439472751e-05
2.5637715295979698e-08
0.006197577169148402
0.0
0.0
-7.62153913487902e-09
-7.621540731861387e-09
0.006197601265435957
5.800641288902982e-11
5.8016064610083144e-11
5.802090592416797e-11
9.871548144505752e-09
1.5437332470007777e-09
-1.8222454437749613e-08
0.0
0.0
0.0007002920133539403
0.0007133905132515793
0.0
1.885931602167113e-05
0.006197601265436042
0.0
0.0
1.956129088180513e-08
6.614417620274376e-10
0.0
8.795970163388448e-08
-1.8616223229628304e-08
0.0
1.4450700873690372e-06
-0.0011084587046837902
0.0
0.0
2.111937881718019e-08
0.0
0.0
0.0
0.0
0.0
-0.029580423534260825
0.02958047218608539
4.860402554341451e-10
0.0
9.721133852969369e-09
4.873404279514032e-10
0.0007402342610810277
0.0
0.0
-1.9701570270981485e-08
0.0
5.585434915734344e-10
0.0
5.999300603318998e-07
5.839298946332968e-10
9.316643819327749e-09
9.152038634412723e-11
0.0
0.0
0.0
4.5611661862373374e-05
0.0010310141862437824
2.187536782258281e-05
-0.004895687762276779
0.004895688076927264
0.0
0.0
4.4201047900879677e-07
0.0010524599650833517
9.202918924548797e-09
-3.723321369660009e-07
0.00011361937409926514
5.964714358375858e-08
0.0003085415366656461
2.2588563219988e-18
1.1053360474561235e-06
-9.530790087543965e-06
1.669397438936758e-07
-8.268244249544607e-06
2.824582176446565e-16
2.320507659170879e-10
2.3206515518911516e-10
2.3205794162321467e-10
6.048886389580767e-08
0.0
7.147758523404652e-10
3.7154834535375697e-06
0.0
9.330830692582703e-17
0.0
0.0
1.9714383972957765e-08
5.035615452134702e-07
9.707758233928438e-08
0.0
1.8941181773103166e-08
7.502539046676174e-08
1.0059322922399253e-08
0.0
1.9689423793267697e-08
0.0
3.886840628422752e-06
0.0
3.9800695937989144e-08
7.094565018354658e-10
6.309190268568222e-08
6.309190284284092e-08
2.1151642228631919e-10
3.877853868511728e-06
0.0
2.075713614738917e-08
9.85710618537906e-08
1.0659924768783428e-07
9.906664821812683e-09
0.0
0.0
0.0
2.6044125092332502e-09
0.0
0.0
9.636321181055642e-09
7.532326019365222e-07
1.3323957882377548e-08
5.71952609265542e-06
0.0
9.843372750285364e-09
1.8065428780515702e-08
0.0
0.0
1.976618768590949e-08
-2.3586566887778305e-09
-0.002615391685075963
-0.0026430747557233403
0.0
6.426221369106461e-09
-6.426221047320119e-09
0.0
1.4813226444788836e-09
-7.511689924556833e-08
-7.408779284751693e-08
-1.5883625019609074e-07
-1.6698503137414109e-07
-1.6698653427583195e-07
-1.4372383928533975e-07
-5.839662122080901e-08
-8.563648446369952e-09
5.538189065508394e-09
0.0
0.0
0.0
4.3376907573564613e-08
3.6521258463825954e-08
0.0
2.97602300339853e-08
9.863605543388811e-09
0.0
5.800680604937346e-11
5.800254901340112e-11
5.799697377671197e-11
5.800542587188069e-11
5.800821400156586e-11
5.8025757474089875e-11
2.1582648396133812e-13
0.0005585271983767426
7.395097808766591e-08
0.0001421654931424065
-8.619745793200274e-08
0.0
9.891643141758159e-09
8.131516293641283e-20
3.4704060037266125e-08
3.470406004062115e-08
9.82180896330403e-19
0.0
-2.675727982335164e-08
-3.65714694940569e-08
0.0
0.0
0.0
0.0
0.0
9.836131778864776e-09
0.0
0.0
0.0
-9.651353131891627e-09
-4.19015994955855e-10
1.749281608454112e-08
0.0
0.0
6.673224967896149e-09
0.0
0.0
3.470406003250372e-08
2.409833716230079e-07
-8.479997480604336e-08
0.00021661799446618546
0.000144486076582166
0.0
0.0
3.034111930275255e-08
2.9812466197201785e-09
9.914511485981255e-09
6.767637717625458e-10
-0.0005997667117512151
1.4761233447481419e-09
0.0
1.0326742712431945e-08
0.0
1.0326741326115446e-08
1.0326739938009201e-08
1.414773662021529e-06
-8.543349114071738e-05
8.545579522189035e-05
1.2557319217829625e-08
4.8740952419188727e-05
1.1379128859216816e-08
5.8482669249745546e-08
0.0
-6.322328866377384e-08
-6.322328866348543e-08
3.470406001532169e-08
3.4704060022673964e-08
0.0
6.023004398184779e-10
0.0
0.0
1.2366074265707933e-08
0.0
-5.602311627281206e-08
0.0
7.159457833933632e-10
0.0
0.0
0.0
9.850317412421671e-09
0.0
2.675911793970524e-07
-9.869722739715321e-09
2.384084109163987e-06
-2.364188098624709e-06
9.9415133622072e-09
0.0
0.0
4.467410268981782e-06
-4.467410268980731e-06
-4.467410268979566e-06
4.467410268978747e-06
9.88272307424635e-09
6.456173735761585e-10
1.4456794231873033e-08
1.4456794240556155e-08
-4.454282140940475e-06
-9.838508004816893e-09
1.4910729854165722e-08
0.0
0.0
0.0
0.0
0.0
8.406928153399021e-08
0.0
7.834451008581685e-08
-3.807748318040982e-09
0.0
0.0
-0.00041378305453361745
-0.0004137928577323402
8.24514570533774e-09
0.0
1.8593889315145654e-08
1.7215205766727757e-08
9.925540038089806e-09
9.925540048423986e-09
9.888922505169972e-09
9.888922515542964e-09
0.0
0.00041376561061366946
3.702966835162744e-08
0.0004137782240458072
-9.847873804029732e-09
-4.4302372881332985e-09
0.0007243717931648023
0.0
0.000724362142562561
0.000307667213769169
0.0
4.46741026898479e-06
5.795595569332997e-19
0.0
-4.467022823888372e-06
-4.46658226397263e-06
5.964714370142963e-08
0.0
0.0
0.0
0.0
0.0
0.0
0.0
0.0
9.413404214909091e-09
0.0
-9.413429758885379e-09
0.0
0.0
0.0
1.008921947225092e-07
0.0
2.297389347293273e-07
2.332222623902814e-09
1.0130411187399914e-07
0.0
0.0
1.0062370303583786e-08
0.0
0.0
0.0
1.126384993196243e-07
0.0
0.0
0.0
0.0
2.1127225263483263e-08
1.6207324477799339e-09
0.0
7.247564403300469e-08
1.8343238232785888e-07
0.0
0.0
3.596587096319644e-08
8.071495243929103e-09
0.0
6.087295986229123e-09
0.0
0.0
3.844174649775518e-09
9.675822893394182e-09
9.183896366184545e-09
9.309742565516458e-09
0.0
9.382530932254715e-09
9.825678148804326e-09
0.0
0.0
0.0
0.0
3.495212874918376e-09
1.6024079852971672e-07
0.0
1.6495456861510563e-08
0.0
0.0
3.3875090452557106e-07
1.2865865088629716e-09
0.0
0.0
0.0
0.0
7.259348538476274e-09
1.3144011921013537e-07
1.045082397431083e-08
1.0667290070792172e-08
0.0
0.0
0.0
0.0
0.0
9.42943155642675e-09
9.429431593682863e-09
2.018340311999457e-10
-9.780171975233565e-09
0.0
0.0
8.782007018553583e-09
8.782007018637361e-09
8.782007018877272e-09
4.8752608413891625e-05
7.589415207398531e-19
5.699545559070636e-09
9.94056151425768e-09
9.938704426198521e-09
9.938704425258677e-09
0.0
0.0
9.823559219915181e-09
9.823559219583255e-09
6.339635017798357e-09
0.0
6.339634999824485e-09
8.77703863809222e-06
7.774519962260333e-06
6.380624511840254e-05
-4.7254686517561595e-05
7.402693656951775e-08
0.0
1.4744640216905824e-09
1.4744640173527598e-09
9.534755311390114e-09
0.0
0.0
0.0
7.798283240498218e-09
7.798283250326157e-09
1.1870791793054246e-06
1.1870791779896184e-06
1.187079179307349e-06
2.0193785709582412e-08
0.0
3.4943459732502454e-08
0.0
0.0
0.0
0.0
0.0
3.4704405923988846e-08
0.0
0.0
0.0
4.460242663060795e-08
0.0
0.001038581231346647
0.0
8.546506402359311e-08
0.0
0.0
0.0
0.0
0.003069377153038157
0.0030693737719781214
3.38106020034124e-09
0.0
0.0
0.0
2.3002686954266714e-09
0.0
0.0
0.0
0.0
0.0
0.0
0.0
1.0698050765655528e-09
0.0
0.0
0.0
2.346668279448177e-16
0.0
0.0
1.673863058199881e-08
0.0
0.0
0.0
0.0
3.0898392426051312e-18
1.1870791780665968e-06
-8.22204333867575e-09
0.0
3.061632165026667e-11
0.0
3.478600347403568e-08
0.0
0.0
0.0
0.0
5.2473217810757916e-12
3.059581565268333e-08
1.0116746610119923e-07
0.0
0.0
0.0
0.0
2.5252427714115605e-08
0.0
0.0
2.9924470191654924e-08
1.9984784497523212e-08
0.0
1.1489930225251833e-06
0.0
0.0
1.148993023050523e-06
0.0017727700791724753
0.001541977405665576
0.0
0.0
-5.451587856494534e-10
0.0
0.0002307926600207304
-1.3486168887362482e-11
0.0
0.0
0.0
5.7996910863225344e-11
0.0
-2.6415744964417964e-12
0.0
0.0
0.0
0.0
-0.0009868185107281824
0.0
5.175442332918294e-09
0.0
0.0
0.0
3.9264610587120605e-08
1.705023397021551e-09
0.0
0.0
0.0008253892865719564
0.0008253892865674106
0.0
2.9067645363685443e-08
1.341606781904471e-17
5.82723134001349e-10
9.818522735734886e-09
2.52635322669934e-08
-4.409709944419582e-09
0.0
2.8132012336161146e-08
1.415821296343375e-07
0.0
0.002138569966690309
0.0
0.0
0.00020732593626429958
7.502352911675319e-08
1.4116295883693988e-08
0.0
3.9002232379592934e-08
0.0
7.503247013188047e-08
5.179904163883092e-08
0.00012696148415610513
0.0
0.0
2.5455673179090135e-06
0.10025191818810245
-5.759824041329242e-18
0.0
2.760281400319713e-07
9.34401692250701e-07
1.9094492288185474e-09
-9.967255465426206e-09
1.3706608205519729e-08
-1.6404503328932793e-09
-1.0013435855341958e-08
6.992958741564411e-05
6.992657564497406e-05
0.0
0.0
5.6698624335864805e-05
0.0
5.5572523177978874e-05
1.1176884162165268e-06
0.0
6.698647307268601e-08
0.0
1.951617008169619e-08
0.0
6.853219196296785e-10
0.0
5.17990417898094e-08
1.0775790021779384e-16
0.0
0.0
0.0
2.179704336632255e-08
0.0
0.0
0.0
0.0
1.2009391084109843e-10
4.419374844059655e-09
0.0
0.001154756402311499
0.0011547564023114997
-2.0255557362413764e-08
-2.025555736283094e-08
7.804070654342943e-06
1.7911407201120778e-07
9.875365819822781e-09
0.00014489277830952095
9.954496407638254e-09
0.0
9.943163542449375e-09
0.0
0.0
4.449103065075536e-08
0.0
9.860870418579085e-09
0.0
9.652111864509078e-09
0.0
9.779202592995068e-09
3.898111760745164e-06
9.963337267324345e-09
0.0
9.963368947216088e-09
0.0
9.919495525973751e-09
5.682679132016653e-06
9.953302564973057e-09
0.0
0.0
5.385374496950068e-17
7.730197893262242e-17
5.021826252296403e-06
9.636321194870207e-09
0.0
0.0
0.0
0.0
0.0
0.0
0.0
0.0
0.0
0.0
0.0
0.0
0.0
0.0
0.0
1.3564498932010034e-08
0.0
3.426650481706339e-11
3.426559833654252e-11
6.853011333926716e-12
1.5989741117861357e-11
2.512731039260023e-11
9.138187519825974e-12
4.568730496003063e-11
2.7414073932959963e-11
1.8276252652376187e-11
3.6550931988918954e-11
0.0
0.0025495956230221373
0.0025495680862037684
0.0
5.272752831578913e-08
7.201487407420059e-09
9.90393985761681e-09
9.935190951326548e-09
9.624361815442476e-09
0.0
1.8842888460473844e-08
0.0
0.0
0.0
3.376973645163872e-09
0.0
0.0
4.467410268982857e-06
9.843046296471118e-09
0.0
0.0
9.885919596776726e-09
0.0
0.0
0.0
9.801586210033687e-09
0.0
0.0
0.0
0.0
1.2944447815488456e-08
0.0
7.043413224969465e-10
0.0
-4.601527804626304e-10
9.878213275138492e-09
2.949987736129433e-07
1.199514007394247e-19
5.538190643054764e-09
5.538190116449323e-09
1.3740836917992854e-07
1.6993897123721676e-06
0.0
0.0
0.0
0.0
2.773490428404419e-07
1.9384040525531163e-08
8.247299233983859e-08
0.0
0.0
5.538191695317305e-09
5.53819222180746e-09
0.0
0.0
9.364750584192117e-09
1.630577961614856e-07
0.0
7.443365882763762e-08
0.0
0.0
2.08336932486988e-10
0.0
2.1880255794827244e-09
0.0
0.0
2.4450996317077594e-09
0.0
7.135498621896147e-10
0.0
5.471899037047964e-09
2.1075943333549985e-08
7.532326018341803e-07
6.0908497634426214e-05
0.0
3.2759385717229785e-09
3.3765366655614202e-09
2.7488029106876507e-09
0.0
1.3158328232110896e-07
2.487996973381816e-08
1.1397901691260558e-05
9.84299834533211e-08
0.0
4.501254158146693e-07
9.857634622049148e-09
9.85763462524325e-09
0.0
0.0
0.0
0.00013813469467896416
0.0
0.0
0.0007935936909936654
3.7907201330062876e-08
1.6919872763967006e-07
9.5727486140087e-08
9.9958967952488e-08
0.0
1.35271634632425e-07
4.2807639525429045e-08
-1.2569026571276898e-08
0.0008396070578400948
0.0
-0.0008430042247611347
0.0005583023833657439
1.4405349884170202e-17
-3.3775911312158297e-06
-2.541773478319508e-07
2.737901089427639e-08
0.0
0.0
0.0
3.738693685210642e-09
0.0
7.073760669599696e-08
3.9976872342841754e-08
2.737901091807786e-08
1.7879674325437403e-07
0.0
9.543559958448911e-08
0.0
0.0
0.0
0.0
3.738693740825067e-09
0.0
0.0
4.9430339092891786e-08
7.073760686021819e-08
6.735588319256915e-08
1.69241077625855e-07
8.658496479013611e-08
0.0
0.0
0.0
1.201679455961071e-07
0.0
0.0
1.0850034566872339e-09
2.4469302503324e-17
-2.5668189761185456e-09
0.0
3.06163698839531e-11
6.124130629905911e-07
-3.8820806090231197e-07
0.0
7.24756442000164e-08
1.8343238228160122e-07
0.0
0.0
3.596587093371315e-08
8.071495226109598e-09
0.0
2.7055212741003726e-10
1.409959868840146e-07
1.4817599644979405e-08
1.1401773881663931e-05
1.0740676213887808e-07
0.0
3.38291223567421e-07
0.0
0.0
6.912108491219991e-10
9.445436351427264e-08
0.0
1.334263170801355e-07
1.1548479332766756e-07
0.0
0.0
1.008921946733171e-07
0.0
2.2973893471439705e-07
2.3322226144618013e-09
1.0130411189050598e-07
0.0
0.0
1.0062370205326163e-08
0.0
0.0
0.0
1.1263849921632821e-07
0.0
0.0
0.0
0.0
2.112722521534516e-08
1.6207323985907926e-09
0.0
-8.324218762374843e-08
0.0
0.0
0.0
0.0
9.096123221265227e-09
9.096123217830683e-09
3.926461057866781e-08
-3.229062424910177e-08
0.0
0.0
0.0
1.5866102399996265e-09
0.0
0.0
0.0
-9.230207350611336e-09
0.0
0.0
0.0
4.903793526299528e-07
2.01125721352511
1.0353207209673455e-07
1.929648450323617e-08
-0.006717323222365679
0.0
3.944727081454934e-06
0.0
0.0
0.0
0.0
8.43127434450484e-09
8.61893925966285e-09
8.61893925937292e-09
0.0
7.011971547202042e-08
9.707181214899255e-09
4.736776897592705e-10
2.1119378756234708e-08
2.1119378429753846e-08
0.0
3.4704060264246106e-08
3.080826048026683e-08
3.470406039121394e-08
2.111937857315688e-08
3.470406013979916e-08
1.7235748476546284e-06
9.914329340667965e-09
6.765853684699832e-10
2.0296241932111943e-18
0.0
-0.00508654284710674
0.0050865626050656245
9.913513884010064e-09
3.6499198447798725e-06
0.0
0.0
-5.5003063388625595e-09
0.0
1.414455625979056e-07
0.0
1.0060244098816336e-08
0.0
0.0
4.5984527355497285e-07
0.0008396070578401082
0.0
0.0008396070578401178
0.0
0.0
1.4144556243415164e-07
0.0
1.0060244037562777e-08
0.0
0.0
4.598452733770157e-07
1.5866102270871943e-09
1.3477563789068185e-05
9.777647675079095e-09
0.0
-1.1436185500440587e-05
7.285048561232735e-08
0.0
1.145597347716261e-05
9.925038735314473e-09
-1.9322437916230748e-08
3.913043864403088e-06
5.722323583464389e-06
6.830944628303734e-10
0.0001446550378688871
6.1135578792059705e-09
1.9977843901794353e-07
0.0002640467270589819
9.455952533537856e-09
6.474439171373387e-09
6.474563577824574e-09
0.0
0.0
0.0
0.0
0.0
0.0
0.0
0.0
2.3859472581791615e-08
3.9264610571246454e-08
-4.61943963828944e-06
-4.619439638288893e-06
0.0
9.64019590868262e-09
0.0
3.963581696197777e-09
3.963577667953026e-09
0.0
0.00015058516258561864
0.0001505851625856372
0.0
9.10328835178491e-09
0.0
0.0
0.0
0.0
0.0
0.0
-2.120879031374637e-09
5.538191167817064e-09
0.00033135177893211035
0.00033135177893210997
5.800160257978155e-11
2.9067645512411597e-08
0.0
-9.646577958183492e-09
0.0
1.1839767992255214e-09
0.0
1.1839767978840942e-09
1.1839768144878088e-09
3.9792498692928375e-08
3.858123455428605e-06
0.0
0.0
0.0
0.0
0.0
3.268973396159757e-08
0.0
0.0
0.0
0.0
4.501561711771704e-08
-3.680319986418268e-06
1.7239476285284265e-16
0.0
5.200622831012099e-10
0.0
0.0
0.0
0.0
2.3207243484418853e-10
0.0
0.0
0.0
-8.337418718308912e-09
0.0
-8.337418733857048e-09
0.0
0.0
9.312398553673606e-09
0.0
3.2416028091289476e-16
9.105633903012469e-17
0.0
0.0
0.0
-9.461733827854923e-09
0.0
0.0
2.7962248051955144e-09
3.0595159877315496e-05
2.4062171237123138e-09
5.831062564331124e-07
1.809181274761711e-18
9.331448219557314e-19
-0.0599151814785599
0.059887174082385065
-2.8018031544158234e-05
0.0
0.0
0.0
0.0
0.0
0.0
4.332108005655755e-09
0.0
0.0
0.0
-5.963264259472327e-10
9.46173415223965e-09
9.46173415221641e-09
4.87890977618477e-18
4.889921204499076e-18
0.0
1.5237728211523476e-08
5.362638373185118e-09
0.0
4.115481805643823e-17
4.115481755376182e-17
1.6932734020287436e-10
0.0
9.592306505850322e-09
0.0
0.0
0.0
1.5442858852015959e-06
0.0
0.0
0.0
0.0
0.00012047473095900875
0.0
0.00011907643285510073
0.0
0.005065741136015337
0.0
0.0
-2.0112560801955577
1.5606147337096354e-10
0.0
9.382638060481464e-09
0.0
0.0
0.0
0.0
2.0078970082280543e-08
-1.4620311669438432e-08
3.123596285792285e-08
0.0
-2.4356338845653303e-10
-2.465577603061877e-10
-2.465577602831362e-10
0.0
0.0
0.0
-9.036810829374589e-09
0.0
4.933440695079723e-08
1.052619237559933e-08
1.0526192247418679e-08
5.800137129805637e-11
5.800148038852911e-11
1.0584193521580498e-08
0.0
0.0
9.872093650691963e-09
0.0
0.00022268866022860794
0.0
20.16775796905702
0.0
2.297883375081625e-07
-2.005771746999016e-07
9.856242932926307e-09
9.684357264065988e-09
4.512600691862414e-10
1.436019984766122e-05
0.0
0.0
4.288902033835767e-08
5.426864267291468e-10
0.0
2.2523296105256804e-17
0.0
0.000551071272329937
0.0005492657242560295
1.830827254489437e-06
5.932808954445181e-10
2.0987589358979452e-08
-2.0987589359148396e-08
0.0
1.575345099698569e-08
1.1798476147172584e-08
9.823088044407795e-09
1.660399232354362e-08
0.0
0.0
9.224217294395536e-09
-1.1555152337861899e-12
0.0
2.0987589358721067e-08
8.425777419452837e-10
9.68442817989286e-09
4.9329806143867127e-08
0.0
0.00014229663755462843
5.36326129809759e-16
0.0
2.999440646355626e-07
0.0
2.9562460228553636e-07
0.0
1.536814100014604e-08
0.0
9.860453780796783e-09
3.781771732018704e-08
0.0
4.787972786337441e-08
1.2101823543814268e-09
0.0
-1.8094854373554292e-09
-1.809485449640795e-09
-1.7933845743758588e-09
1.420947063871471e-18
0.0
9.902620875209984e-09
9.884249619207995e-09
0.011092011552063989
0.011092011552063989
1.3967450353822526e-14
0.0
0.0
0.0
0.0
6.098236710542398e-09
0.0
8.696703687922913e-09
1.616522987347221e-16
-3.710809017724371e-09
-5.734397045486099e-10
0.0
0.0
1.5624939008012806e-09
9.87150139662867e-09
4.424624820085655e-09
0.0
1.051705624730085e-08
1.2677004146170067e-09
-9.892177682893633e-09
7.135430232150949e-10
1.2569027544344827e-08
7.226845961589675e-10
1.5624931574206811e-09
1.5624924486899417e-09
7.135437311140391e-10
5.125551146462467e-10
0.0
1.1921368066396267e-08
1.8917524412177953e-08
6.346230796720026e-10
0.0
2.7414677084717274e-11
9.716415029426051e-09
4.82719610108102e-10
8.21773713381041e-09
8.217737503991208e-09
6.572928304456164e-10
9.801896738995944e-09
9.801896759775415e-09
8.217738249640466e-09
9.89463952755808e-09
5.638370466430186e-09
0.0
7.135485432279858e-10
0.0
8.21773899555385e-09
8.236010234622199e-09
2.9122021607650093e-09
0.0
0.0
-1.7457925424132256e-09
0.0
8.226875018509365e-09
8.217740117458571e-09
0.0
0.0
0.0
0.0
3.926461057450428e-08
2.4173577479672533e-06
-2.4679839003129206e-06
-5.0833895944343236e-08
2.949987736303722e-07
-3.83521804802268e-08
-3.835218048149487e-08
2.754152753011651e-07
0.0
1.2528760815301274e-08
0.0
5.242798359648493e-08
0.0
0.0
3.707532287254567e-09
1.2879218282604447e-18
0.0
0.0
0.0
0.0
1.396780035217893e-14
7.730362706108554e-09
2.754152753535437e-07
0.0
6.262551785741395e-10
8.132633464313344e-10
6.384092369970774e-10
1.876714827044125e-07
0.0
1.0447752259800075e-08
6.890312373568072e-10
0.0
0.00014216018610476258
3.4081144812684718e-09
1.315273818733799e-08
3.7233066683919525e-09
0.0
0.0
3.7049497182447576e-09
0.0
0.0
1.727081183543393e-05
1.72783443449837e-05
0.0
-6.648111423347702e-12
