0
1.6883853479929948e-06
2.2808857616687287e-06
0.0
5.296283361382114e-09
3.5093478482614235e-06
9.458199267644618e-05
3.0511316279265888e-06
0.0076068774590688296
3.7630264791416064e-06
1.2283651185448186e-10
1.902453262001198e-09
6.584228448736364e-06
6.5470971151260854e-09
4.94107678736097e-09
0.0
5.817763081648372e-09
2.94922052576814e-09
0.0
0.0
1.921752511876927e-10
1.7804121010221488e-09
6.038637276799658e-10
0.0
0.0
1.794037724210174e-05
3.50314767973892e-09
1.1612502137327621e-09
0.0
0.0
0.0
7.007504879468213e-08
2.5244244905807468e-09
4.4187355052472766e-08
1.2323109680490918e-08
0.0
0.0001776433463161576
0.0
0.0
0.0
4.237177200927107e-10
5.346601732116716e-10
1.901256272083954e-09
0.0
8.715031013233608e-09
5.782373417999993e-09
0.0
6.2519213703925935e-06
6.379473427771572e-05
4.1932273401149164e-05
4.6374006072098107e-10
2.680468109051151e-22
0.0
2.26386429234027e-10
1.4381910949549062e-09
9.595593721993267e-08
1.5363542793345964e-05
0.0
9.43765543609247e-10
4.046129745724913e-05
5.829226241506101e-09
8.737304137195713e-09
0.0
0.0
0.0
8.449404353650868e-09
0.0
8.805645718837605e-09
0.0
5.8144930899068325e-24
3.495149204266789e-05
0.0
0.0
0.0
-3.960890637900904e-05
8.79679172855696e-18
0.0
4.976137537526494e-21
0.0
0.0
7.819422573844262e-09
2.3531052893711408e-09
-3.960890637827474e-05
8.057399778088599e-23
9.651759661586719e-09
0.17246289486309596
-1.8058925509435047e-07
0.0
0.0
3.355209447795823e-09
0.0
0.0
2.165711228346249e-10
9.412889663752124e-09
0.0
-5.388663286195892e-06
1.0081341591319031e-09
3.4608279785720237e-09
7.635459715355021e-09
0.0
2.5522613575128684e-05
2.5388645060119225e-09
6.708335022300441e-09
0.0
6.204997747787789e-09
1.954731175973853e-09
0.0
0.0
1.8543306051709857e-08
0.0
9.795324522416631e-09
0.0
4.5544999443492376e-09
0.0
0.0
3.255736088086077e-26
2.9941801482941176e-09
4.038384794698882e-09
5.2046588488141114e-09
1.6293182110357816e-08
0.0
1.3813138991790043e-05
0.0
6.725481977179801e-09
0.0
0.0
0.0
3.729522466500157e-05
-0.00017605781990681635
9.678797760114519e-09
9.162886487726864e-09
3.120588260964205e-09
0.0
2.272182982155509e-09
0.0
1.6355675437258276e-08
0.0
9.739018732954364e-09
7.896301965734154e-06
1.0723394030249735e-09
6.441488219359411e-09
5.596211364960768e-10
1.246051396592302e-09
6.407967169500024e-09
0.0
0.0
5.192968925009294e-09
0.0
2.21051291914209e-08
1.0656827188007151e-10
0.0
0.0
0.0
1.1202592322171835e-09
3.33874752864632e-10
3.345375936233919e-09
8.713734841051152e-09
5.46674536955152e-09
1.0026825889565183e-09
0.0
8.003178198825443e-10
0.0
0.0
0.0
-0.08249419916139153
1.0205991225537022e-05
3.345375936233919e-09
0.0
4.950317760245177e-10
3.741827014656844e-09
6.692082942115669e-05
9.050464340984138e-08
0.0
0.0
1.2259254384781488e-05
0.0
0.0
8.969310091278397e-07
5.421864700765265e-06
0.0
2.4275461559592964e-08
0.0
0.0
1.4106502336229205e-09
8.741540632694972e-05
0.07433312020389948
0.0
0.3832442094459827
0.0
0.00018639998778606238
0.0
0.0
0.0
0.0
7.809122764460814e-22
0.0
9.719079627310428e-07
0.0
0.00013662739018519357
5.214665289907197e-06
2.3518451311412304e-09
6.007730557595e-09
0.0
0.0
7.056626371551717e-07
0.0
-0.0014853757965000115
0.0
0.0
5.118486168737478e-09
0.0
0.0
3.4809356562910533e-10
0.0
0.0
2.4282053871862324e-08
0.0
3.6084411741491773e-09
0.0
8.366682277679227e-09
0.0
0.0
0.0
0.0
0.0
0.0
3.845911025362527e-09
0.0
5.296283361374466e-09
0.0
0.0
0.0
0.0
-6.60148429467474e-05
6.801729188110522e-20
4.864025050462097e-09
0.0
-5.258359968827677e-06
0.0
-9.817051972536067e-07
0.0
0.0
0.0
5.486128502804921e-09
-0.08632810301621663
-2.457958116688986e-06
2.7238909600054544e-09
0.0
0.0
0.0
5.055581426125115e-20
0.0
-0.1581390029658758
1.358939046489006e-25
0.0
0.0
0.0
0.0
3.308531837977442e-09
5.809519317872135e-09
5.585894214538818e-11
0.0
1.6498505725916643e-05
-0.0073415149899906385
8.443487946538761e-09
3.071105437169991e-09
1.5256808256634174e-09
4.931763704774905e-09
1.72650042687234e-09
2.666603608402739e-05
9.07859040092847e-09
3.0442275369896587e-09
7.582170529525728e-09
0.0
9.486335842502354e-09
0.0
0.0
0.0
9.702909485932659e-09
2.147214862459014e-09
1.1346110035869958e-22
0.0
5.516507852550026e-09
0.0
0.0
4.805617706411159e-10
4.5573455500495175e-09
3.69512302060891e-09
0.0
2.5855914476692584e-21
0.0
-0.002105641551388992
4.949821706378632e-08
0.0
3.797970790008592e-09
0.0
5.6497022967094494e-09
1.1145218938850003e-09
6.730258484995032e-09
0.0
0.0
2.2627630480729794e-05
2.549681589285537e-09
2.4455243940681943e-05
0.000345103060800145
0.0
2.3979817318017165e-09
0.0
5.929885431231751e-06
1.0081341591392315e-09
0.0
0.0
0.0
0.0
8.865836346377513e-09
0.0
0.0
5.312899362584159e-09
2.5605879239812083e-09
1.5946893678840688e-09
3.0269374921236403e-09
3.292702648935029e-09
0.0
1.9825670495847657e-09
3.418519627918607e-08
2.0446753491261745e-05
0.0
0.00030005260035104625
3.69913082487716e-09
2.4455701632706976e-10
1.3658567688801107e-09
3.797544861876208e-10
-2.5949337801899544e-06
0.00017523527314286652
0.00011045500623625987
3.206441288764571e-06
0.0011685202309308234
0.0002901776709272032
9.2164160027099e-06
2.0281848786769518e-07
-3.7630264791416047e-06
-3.763026479141604e-06
0.0
0.0
5.355799237210753e-10
0.0
0.0
0.0
0.0
0.0
0.0
0.0
0.0
0.0
0.0
1.0221708288776153e-09
0.0
8.876838979937329e-07
3.531467143636016e-05
9.700967793305733e-05
1.3169324589135239e-05
3.822314744900505e-09
7.118224662360039e-05
1.377232112384257e-05
5.86524560833705e-05
8.022793858221187e-05
1.601617423181122e-05
7.663270544759551e-06
2.035779194203562e-06
7.263249308780295e-05
4.112319146854192e-05
5.8572736733977645e-05
7.748834524852577e-05
1.6014150907720456e-05
2.831448886666057e-06
2.0280784690120845e-06
7.263184501384744e-05
4.0937987939642696e-05
6.95764550011308e-06
0.00016536316917183284
0.00039333385421811844
1.4834057989597774e-06
6.580875347317122e-07
3.076143215437979e-05
0.0002131529377719847
6.977235145898365e-06
0.00016538154200038414
0.00039308302252204886
1.50276361031307e-06
6.778178177026216e-07
3.0780686701694253e-05
0.00021317240842543526
4.690280312914626e-08
0.0
0.0
0.0
7.157597224349691e-05
0.0
1.7940377242101744e-05
0.0
0.0
0.0
2.6105420635614778e-05
0.000138160060695472
1.4039671453619802e-05
1.1875255040513464e-07
1.4039671453619804e-05
4.543897571270014e-06
0.00011326818236238356
0.0
5.379291137786767e-07
3.2115985816019094e-06
3.211598581601486e-06
3.211598581601171e-06
2.7069986259407025e-10
0.0
-1.794037724210174e-05
1.794037724210174e-05
0.0
0.0
0.0
0.0
7.703550173196244e-09
2.6105420635615106e-05
0.00013816006069547194
1.4039671453619799e-05
0.0005920028781047702
1.4039671453619794e-05
4.543897571269974e-06
0.00011326818236238354
-8.232570266854733e-09
5.379291137786384e-07
3.2115985816020165e-06
3.2115985816015625e-06
3.2115985816012305e-06
2.6105420635614656e-05
0.0001381600606954719
1.403967145361978e-05
0.00059200287810477
1.403967145361977e-05
4.54389757126993e-06
0.0001132681823623835
0.0
5.379291137785809e-07
3.211598581601652e-06
3.211598581601283e-06
0.0
6.529651444333451e-06
-3.460613461553078e-08
0.0
1.9217525118082802e-10
8.865836346373142e-09
5.836381538469309e-21
2.1553547254453002e-08
0.0
0.0
-2.843352471510041e-09
-5.249589167081279e-06
0.0
0.0
2.2808857616687325e-06
-7.00750487939228e-08
7.007504879315716e-08
0.00029594363218883276
0.0008757396967847076
0.0004498275454596879
0.003182859400190419
0.00186952218647288
0.00010544180655534539
0.00020351969678394002
0.00045572428018301206
0.00014729886357432457
0.00018287546871955288
0.0013030685451416732
6.517273948766695e-08
5.355799237067965e-10
0.0
6.829934452650974e-22
0.0012150097539165678
3.3043372173329213e-06
6.680510019365629
0.0
9.039419625981408e-09
0.002704422459560693
0.002704442197533817
0.002704461268887073
0.002681587000784331
0.0025555025364945496
0.00210167802189626
0.001998062595822442
4.01184203838677e-07
0.0
0.0
-0.0001280827492059023
0.0
0.0
1.1252426112203412e-20
0.0
0.0009123308403242762
5.550252849914895
0.0
-4.2371772009022063e-10
0.0
0.0
0.0
0.00019264295795289038
6.517273963334091e-08
0.0
0.0
0.002260556121946815
0.002260556121946815
0.0022108822059162935
-3.557187217929979
0.006653055940633603
0.00019264206234445103
6.51727395972498e-08
3.183485950611535e-11
0.0
0.0
0.0
0.0
0.0
0.0
-0.00270444134299458
-0.0027044514791083
-0.002704461268887069
-0.0026815870007843258
-0.0025555025364945453
-0.002002459437823117
-0.0009662375223010947
1.6953232241033152e-09
1.8442771841165658e-07
0.0022605654971581874
0.0
0.0
7.037242571342788e-20
0.03734938709329265
0.03734938709329265
-0.002260565497158187
9.506204847162468e-07
0.00028603312393036596
0.0001644157170184936
0.0011405128711870136
0.0006951047623697521
0.0001106615228736713
2.619478819990268e-05
1.513636420290219e-18
3.562953929946312
-6.251921370392593e-06
6.251921370392591e-06
-4.951634322997567
4.951456679651249
-0.00017764334631615756
0.000191183487448342
5.091722629320955e-06
5.09172262932097e-06
0.0003738170436495745
-6.379473427771573e-05
-6.379473427771572e-05
-2.3615899359643713
-0.014210892278958553
-0.00027273304484310486
7.007504879017391e-08
0.00024674482858025174
3.7566736456526424e-05
0.0003550672879301457
5.228637728694
-5.228679675124136
-4.193227340114917e-05
0.0
0.0
0.0
0.0
1.3463601990039097e-05
0.00046542272468321296
0.002791890323223021
0.003225306286962315
0.004189769879798612
0.003225306286962315
0.00038526370152040123
0.00011262396830960644
6.5831089367795066e-06
7.292516483470754e-05
0.00018555882913060502
0.0
0.0
0.0
7.70116474723375e-05
5.436787773142364e-07
5.241854427432801e-07
0.00011918193376344243
6.277641610654792e-09
3.41851962790841e-08
6.567762802115881e-06
3.9014039797122993e-10
9.48711374020452e-07
0.00012565072040633297
0.00010198171859381951
0.0005036453554632576
0.0005722501123342562
9.285921582302079e-05
4.600863167691084e-05
-0.002260556121946815
2.6798186727322583e-22
3.5093478482613333e-06
0.004910709261090227
0.004189769879798611
-0.004189769879798612
0.019412130548738697
0.0
0.0
0.0006022685072965915
0.0001151619987876695
0.0008912300750783597
0.0
9.908578896574439e-06
0.0006425905527932697
8.5933642493242e-07
-0.005482542117151823
0.0018593423266756986
0.0
0.00028981232081781786
14.103626956226204
-14.38776588338694
0.2838337512971261
-1.536354279334596e-05
0.0
0.0
0.0
0.0002551570287124756
0.00022752002921329567
0.0
7.733295527039737e-10
0.0
0.0
0.00010940536946603509
0.0001094053694660351
-4.0461297457249144e-05
-4.046129745724914e-05
0.0
0.0
0.0
0.0
1.1451735688511889e-09
0.0
0.0
0.0
7.343223273202946e-05
3.661087999232602e-08
5.070678973219183e-07
0.0
8.499889799099005e-09
8.50239390655208e-09
8.502542776887933e-09
0.0
0.0
5.2962833613137e-09
6.804023849177105e-10
1.6883853479928915e-06
0.0005234204883860388
5.756991540078402e-05
0.0
0.0
0.0
0.00019265077737546426
0.00043849370707063596
0.00043849370707063596
0.0013030685451416732
5.296283361290894e-09
0.00019853286299652652
0.00019853286299652658
0.0
3.0867792108584037e-18
9.483346763013092e-07
9.456920732439952e-05
9.451069728559657e-05
0.00028674526795879933
0.0
9.286849030603943e-05
1.2232315884600115e-05
2.2858084151560853e-09
0.0001914639166059666
6.990501973289716e-05
0.0008537676032282145
0.0006951133119565718
1.7793032567632053e-05
1.3962472315302731e-05
0.0
3.3940281514508474e-06
0.0
1.4068891468911779e-05
5.239435200162111e-06
1.9121139168446553e-06
4.2440881171837096e-05
4.244933057619074e-05
4.2440881171837096e-05
4.2440881171837096e-05
4.2440881171837096e-05
5.054888137771701e-21
5.0500991070207486e-21
1.1021900361665331e-06
0.00010041852626987943
0.00010151908597044756
0.0
-6.345403882506582e-09
2.7839792396626062e-08
0.0
0.00011696011430775913
0.002251345872961678
0.0022513458729616774
6.874960193502332e-21
0.0005600322054741897
0.00067697258523656
4.325028838892528e-10
-0.008350320280761471
0.0
0.0
0.0
2.595786480752832e-06
0.0001427943101720252
0.00018475600668895636
0.0017950219986715898
2.4211008081287647e-21
2.6936704710104166e-05
-0.00016972840503058818
0.0
2.5803927034415528e-21
0.0
4.393200545777482e-06
0.00295082919030847
0.008350320280761471
2.482458758007359e-08
1.1120354339162114e-05
0.0
6.207651956574981e-06
0.0005433809361690438
-0.025236419197216663
1.235591644235271e-21
0.00025313902500604204
0.0
3.1453737639921094e-05
5.474593653550127
-5.474770394739086
-3.495149204266789e-05
1.3511338799823852e-21
4.0096868540049874e-07
-0.0002927702793454938
0.00015642837249565535
0.00011003366058229353
0.0007209393812916154
0.4916296483185667
0.0
0.0
1.2534216011791514e-09
0.0
9.28392981275649e-07
9.283929812755304e-07
9.283929812753929e-07
0.0027918903232230226
9.863291558663284e-09
0.0
9.923573819933368e-09
4.669814064416417e-10
5.296283361448363e-09
1.0136113724780874e-08
7.733295526456248e-10
0.0
0.0
0.0
2.732872223558085e-19
1.4557846271299703e-19
3.832367865248586e-19
10.658054269445302
3.960890637900904e-05
6.5842284487363675e-06
0.0
-10.65809387835168
0.0
0.0
0.0
1.1441424300458622e-09
1.1441424315155696e-09
0.0
1.794037724210175e-05
0.004838583883200262
0.0002690091873934404
5.442084647738193e-20
1.5580892109785812e-06
0.002489591539222282
0.0
0.0024911496284332605
0.0002381496381921913
2.222464518545196e-05
0.00017060505351792663
0.0004138216509088406
0.00035006212631848535
0.00045189910885783764
7.982402814139984e-05
2.7180108128502296e-20
8.009779761643084e-20
1.8193047253080243e-05
0.0
0.0
2.2352927521001327e-18
0.0
5.7569915400784034e-05
6.260613518646886e-11
0.0
0.0
0.0
0.0
0.002460873523045705
0.0029476576961239773
1.6970140757441478e-06
0.0
0.0
3.2861958746881856e-21
0.00030472074748121
0.00043700639225673467
0.00043700403915144533
0.0
0.0
9.571941822582829e-05
0.0001136882925551098
0.00010494223379063049
0.0005179251135339823
0.00028817095309995283
0.00010157710416220057
1.339017421060469e-05
9.571941822582746e-05
0.00011368829255510918
0.0001049422337906299
0.0005179340960654943
0.00028817794019138
0.00010157710416219983
1.3393774545925023e-05
1.9804453189137376e-05
3.9608906378274766e-05
0.00315134006803795
-1.9831265418245844e-10
0.0011271268062895477
0.0011271268062895475
-0.17246289486309596
-0.17226555893522483
0.00017246925038700786
0.001968820113722391
1.9024516363606259e-07
0.0021414796092730348
0.0
0.0
1.5694213981974132e-09
4.9226919733974115e-09
1.0475013558851027e-05
0.0
0.0
2.091559406142025e-05
2.0915594061420247e-05
2.091559406142025e-05
2.0918949270868046e-05
2.091559406142025e-05
1.0632449765862597e-19
1.8568286783953435e-06
1.7892871657451253e-05
3.033285465454956e-07
0.0
1.960800419955851e-10
0.0
0.0
0.0
0.0
0.0
6.479867222723536
-2.1657112033806358e-10
9.04247316144949e-05
-6.479957639015746
0.0
6.479867214500702
0.0
0.037654129551474666
0.0031524482049212245
0.0
0.0
2.049113678151461e-11
3.991948590407061e-05
-3.991948590404639e-05
-9.921858407313895e-05
-0.0010318250735213423
3.994888806191409e-07
0.0045045022291439925
1.6673237503194234e-09
5.169004500960907e-09
0.0008934969099137919
5.388663286195892e-06
0.0008988922424949891
0.0
0.0
0.0
0.0
0.0
0.0
0.0
0.0
0.0
0.0
0.0
0.0
0.001886212166683682
2.5752956879789663e-21
0.0011712595910537906
5.369103703867852e-21
0.0002373198501876414
0.0012701688988207742
2.7644621327780527e-10
0.0010328393178116147
2.908776860514688e-05
0.00016813753932318955
0.3129721165357017
8.531625324339219e-06
1.1175497729381091e-06
2.4384463693453716e-05
6.955852538848263
-6.9558780766585375
-2.5522613575128687e-05
0.0011876468226136479
-4.780767591111107e-05
0.0
0.0
0.0003244875194320585
5.1042949537442174e-05
-8.773388928607452e-06
0.0
0.0
0.00020325319900406613
0.00011621879649950692
0.0001783928781562842
0.0011914737900478314
0.0003603977312516645
0.00031633217104262034
8.580488869220755e-05
0.0002601649149873272
-8.63313728858077e-08
0.0
0.0
0.0026180190656889552
0.0028295343590362568
5.26900726789571e-09
-6.584228448736367e-06
0.0003339382172695136
0.0001386174783839123
0.00027578327436540625
0.0014221516767708635
0.001210479424981268
0.0005539836671441253
9.767511128396791e-05
7.147158504125055e-05
6.788056302901581e-06
5.29628336141615e-09
0.0
3.915018134355692e-10
0.0
4.445615430517691e-05
5.1942656806697956e-05
0.0
0.0
9.882084430126662e-09
0.0
0.0
0.0
0.0
0.002947671094156484
0.0
1.3761338643914468e-07
0.0
0.0
-9.025475058167558e-09
0.0
0.006653055940633603
0.002210882205916293
0.0028257353591643734
0.0
0.0
4.1499688095228884e-05
6.66080999932387e-05
2.510841189800982e-05
6.816548323542424e-21
2.706998626039637e-10
0.0028295343590362563
0.0028295343590362563
0.0005737702604659801
5.0917226293208736e-06
2.8415433370145945e-20
1.3608047665539733e-09
1.3608047898147839e-09
1.3608047783164909e-09
5.091722629321003e-06
0.0
0.0006544715523395823
0.001824542206199156
0.0004718154317697316
-0.00295082919030847
0.0
3.394028151450868e-06
5.091722629320934e-06
3.5093478482613905e-06
0.0
0.0
0.0
0.002947671094156484
0.002947661391246998
-3.402000961410505e-10
0.0
0.0
1.8125516475413224e-08
0.0
0.0
2.1176013739511317e-06
4.212100037290364e-06
6.804023497785101e-10
0.0
2.4830624704905855e-09
9.721636643084737e-09
2.071437473858283e-09
0.0
0.0
0.0
5.091722629321086e-06
5.091722629321112e-06
0.0
0.0
-8.597473036015685e-09
0.0
4.38331886672831e-06
4.39176235468253e-06
2.927164277378927e-05
9.85900008342556e-09
0.0
0.0
4.0082419826248e-10
9.168852999613002e-09
-0.00048367038456352524
0.0
0.0
0.0
0.0003341206240189973
0.0
0.0
0.0
0.0005100977419685288
-0.0003462052139885935
0.0
-5.2046588488118516e-09
0.00017053991008501152
1.819304725308038e-05
2.1572380704640423e-05
0.0
1.6909481035670529e-06
1.2074974539619721e-05
0.0
0.00013816855702038485
0.0
1.40486142314167e-05
0.0
1.2832620724812392e-07
0.0
1.4048614231416709e-05
0.0
4.552926751597789e-06
0.0
0.00011327637088685343
0.0
0.0
0.0
5.474953562605818e-07
0.0
3.2207320158249924e-06
0.0
3.220732015824596e-06
0.0
3.220732015824309e-06
0.0
1.629318208472784e-08
1.6293182033467454e-08
1.6293185357546664e-08
1.6293184649757913e-08
1.6293183541720055e-08
6.517273921408905e-08
0.0027044413429945825
0.0027044514791083017
0.0027044612688870715
0.0026815870007843275
0.002555502536494547
0.0021016681802204077
0.0019980625958224392
-4.01184203841767e-07
1.2361598981227159e-05
1.2368622863152468e-05
0.0
0.0
0.0
0.0
5.296283361788445e-09
0.0
0.11008711103988922
2.220269999774623e-05
8.36702514101596e-06
5.4997871498907654e-09
5.2962833614433085e-09
7.83228894976326e-06
0.0
0.0
0.0
0.0
0.0
0.0
0.0013576366751392602
0.00010762343552155713
4.1246139032587145e-10
0.0
2.120455206084758e-05
0.0
0.0004285675693491476
7.673057763038835e-05
0.0013263532161772271
0.00014264887262910618
0.0001599848862108986
0.00012609431151347684
0.000520333977709044
0.0004605422061370072
0.0006150265885729531
0.0009890910048460798
0.00103447410541695
0.00021797555578160712
0.000331651676605833
0.0002492015943565273
2.288409557262515e-05
9.84722370274242e-09
6.650946311076047e-05
0.0004561453641363338
0.0005158080044998158
2.2452298341148005e-05
2.6490318956094425e-06
0.00021797725110483276
0.0003320511654864538
0.0
9.82746988779139e-09
0.0139182655810263
0.0009438011919420907
0.0
0.0
0.0
0.0
0.04024969946140367
0.01613139273917219
0.0005161289712517876
0.0
0.0
0.0
1.8196200203996746e-05
2.1670445833315772e-05
0.0001756689824804537
4.3725605772497086e-09
1.095173615281017e-10
0.0
7.733295526694352e-10
7.148653015726292e-09
0.00023253052715054966
0.00037957954379048313
0.002596892869155903
-3.72871185119272e-05
0.0019160869296442444
0.0
0.0
0.0
0.0
0.0
1.6678437943765585e-08
0.0
0.0
3.1535887615082178e-09
3.153588761509134e-09
3.153588761509076e-09
6.274177022474181e-09
3.153588761509886e-09
2.577776286813592e-08
3.0154190198762704e-05
-1.236733252155569e-06
6.086440077161606e-06
0.0
0.0
1.2139133813980838e-05
1.2139133813980836e-05
1.2139133813980838e-05
1.2141405996962994e-05
1.2139133813980838e-05
2.4567843463513955e-05
0.0
0.0
4.9114263297214615e-05
4.9130618972651893e-05
6.294375796444194e-05
4.911426329721462e-05
6.294375796444195e-05
2.6350496760168082e-05
0.0
0.0
5.266743363970723e-05
5.266743363970723e-05
5.266743363970723e-05
5.265769462097427e-05
5.266743363970723e-05
7.850160976480402e-06
1.4663611124605172e-05
3.239905014186617e-10
2.932787023021315e-05
0.0
0.0
0.003863493156996179
1.8783009961438566e-06
0.0
6.856114182305908e-21
1.6970140757252596e-06
4.916854465689631e-06
2.917114300943779e-07
9.036716648479036
0.0
0.0010943325056380227
-7.896301965734153e-06
0.0012995682359175265
0.015930273443273305
0.17343056520511502
0.0
-9.485715756360222e-09
0.0
0.0
0.0
0.0
0.0
0.0
5.90474761240312e-09
0.0
0.0
0.0006614583181238922
0.0006631783396534349
0.0
0.0
0.039305831639489835
0.0
0.0
-6.407967169472922e-09
0.0006896593922180885
0.0006896593922180885
0.001104319541395331
0.0
6.674215285645113e-08
0.0
0.0001591457142377806
8.182362616180511e-09
0.0
3.7669771895172557e-10
3.10815130819333e-05
7.471021308222776e-06
0.0002169000875044581
0.0005722586619210755
0.0
3.3776315792310565e-05
4.477764147790169e-09
0.0
-0.002903582788700885
0.00019199452720310706
0.00012435651246643135
4.7888034232556974e-05
0.0
0.0
0.0
-1.257279857574082e-08
0.0
0.0
0.0
0.0
0.0005101433579363374
0.0017088800394116416
0.001708889414623014
0.0010910814022436289
0.0532628589539509
0.0
3.121638007564621e-10
0.0
0.0
0.0
0.0
0.0
0.0
0.0
0.0
0.0
0.0
0.0
0.0
0.0
0.0
0.0
1.3244071801063188e-09
1.5694156404355019e-09
0.0
0.0
0.0
0.0
0.00015022470542953856
0.0
0.0
0.0
5.647224857138904e-10
5.647224857066677e-10
0.0
0.0
0.12802886951413395
0.0034665828370736137
0.0007248754280729893
0.0
5.0960951898982535e-06
4.2886318433957864e-20
4.093550133930299e-05
0.00036494966421940674
0.0003543492652338863
1.3810365555563683e-07
0.0
0.0018101374777138924
5.797234028249754e-06
5.7972340282497175e-06
5.797234028249793e-06
5.797234028249871e-06
0.0
0.01012665655893857
0.003142950097893965
7.942948811631455
0.0
8.651689571317095e-05
7.631090448763391e-05
-1.0205991225537024e-05
3.652980051662164
0.0011024699350466256
0.0
0.0
0.0
0.0
3.654082992042044
1.5694142995653342e-09
1.569416997898795e-09
1.5694183718479861e-09
0.0
0.0
0.0
8.635968001912488e-05
0.08191189185222682
0.00040942969138475733
0.08249420780921213
0.0
7.941846341696408
3.654082992042044
0.021842276502731447
5.033991508224408e-22
0.0
0.0
0.0
0.001708889414623014
6.680510015762719
5.7551262085841045e-05
0.0012059045797622133
-0.07549407474406664
0.0
4.181063005649997e-10
0.004191458265146604
-0.0002214316656756342
0.0002344984090969739
0.0001591457142377806
0.0001591457142377806
1.0196082629989885e-05
-7.167789967391622
0.487260395535943
-6.692082942115669e-05
0.00038888852454374773
0.0
0.0
0.0015905185172413086
2.8983650816170146e-09
1.729119020192295e-09
0.0
8.18236261618199e-09
0.0
4.6981574189135926e-07
0.00014469897097888192
-8.969310091278435e-07
0.0
0.0
0.001468096594218311
0.0003886969706760416
1.8199866667710164e-07
2.2550545522151388e-08
0.0002521264979250519
0.0005900790371517776
-3.6811457575616133
3.6811403356969126
-5.421864700765265e-06
0.0002007633435357475
0.000495685911536502
0.00014543051049376225
-1.2259254384781488e-05
-0.0012278580261377617
0.00027003934190644816
0.0001387151144145442
0.00115509160444208
1.5231397878558209e-21
8.291234693730528
-14.51168062091115
6.220445836675979
-8.088302490542502e-08
6.436921681609925e-20
6.277641427119616e-09
6.277641197662152e-09
6.277641289446631e-09
0.0009628042901255361
0.0032893297717221195
0.0
0.05332158895281367
7.109862172591668e-05
2.147868053923015e-20
0.0
4.477764147788596e-09
0.0
7.837917900191913e-06
0.0
0.0
1.8294024662395083e-08
1.2538605673046835e-07
4.690932748168608e-06
0.0
7.174234304368217e-10
2.117601373950734e-06
0.001784388361503376
0.000409544433884013
0.0
-1.4735794112314427e-08
7.512743238855633e-05
7.51274323885603e-05
0.0
0.001784379324267141
0.0
5.7560400987374426e-05
5.7542066683294105e-05
0.0
0.0
5.755126208584104e-05
5.091722629321263e-06
3.3940281514508885e-06
4.129448867974527e-07
5.510485423531099e-07
0.00019706499462669516
0.0
0.0002939620280398536
0.00018738591598515828
0.0006275423634302348
0.0012203159245742928
-8.741540632694972e-05
-0.0013077313309012427
0.0
0.0
0.0
0.0
-0.38324422931957614
-0.3884772705609517
0.000719259995220567
0.00018639998778606238
-0.00018639998778606238
0.0
0.0
0.0027044413429945843
0.0027044514791083035
0.0027044612688870723
0.002681587000784329
0.0025555025364945487
0.0021016780218962583
0.00199806259582244
-4.011842038401949e-07
0.0
1.6970140757441317e-06
0.0
0.0
0.0053711064466883465
1.073018039801773e-07
9.88384028687926e-09
2.982806828239866e-08
9.934276970874098e-09
6.804023547239684e-10
1.5694079634021354e-09
1.5694103205860432e-09
1.5694061338802982e-09
1.5694069252852968e-09
1.5694090187213403e-09
1.5694197621746364e-09
0.0
0.0012598270984279488
0.0008222392162516261
6.139357646225006e-06
1.8097425350405844e-08
4.5691133549508293e-10
0.0
0.0
0.0007209393812916152
0.0007209393812916152
9.754322491344788e-21
0.0002866647063333722
-0.00028666285593458425
0.0
0.0
2.706998626067239e-10
1.9893214279722574e-05
0.0
9.719079627310462e-07
-9.719079627310443e-07
0.0
5.09172262932097e-06
0.0
0.0
0.0
-6.986991917936271
6.980189186777257
0.006802731159014944
-0.0055207859217252155
0.004348554422708694
0.0011712595910537906
0.0007209393812916153
0.00041756679396313636
9.789778776771854e-09
0.0002492196917818777
1.2487330261321648e-05
0.0
1.5865705741936259e-09
1.9788239243358823e-09
0.0004616293199230244
-0.00013662739018519357
-0.0001366273901851936
-0.07433309516130038
1.2181778650941369e-08
1.983811035880574e-06
1.774423017907296e-06
2.2156979662422256e-07
1.7744230179072784e-06
1.77442301790727e-06
0.02903494179584014
4.150969897054324e-05
0.0
4.149968809522889e-05
0.008314445297452506
1.2930692591010311e-05
-0.002010162741313313
0.002015396587492109
-5.214665289907198e-06
-5.214665289907196e-06
0.0007209393812916153
0.0007209393812916153
0.0004384937070706359
-0.0022108822059162926
2.9436339774278753e-21
0.0002005704633138598
-0.00020057281515899094
0.0
-0.004910709261090227
0.002937235278109302
0.0
0.0
-6.21010087797913e-09
0.0
8.239917023259085e-10
7.360281365996318e-05
0.0002497843305262494
0.0
3.868663423842697
-3.868664135513065
-6.959590986346526e-07
-2.0944986633390477e-06
1.3980947215789472e-05
0.003428469647636698
-0.0034284696476366977
-0.0034284696476366977
0.003428469647636698
4.372560577255168e-09
0.0
0.00014798942164787225
0.0001479894216478744
-0.0066530559406336
0.0022108822059162935
1.7501004245148402e-07
3.036588539150647e-06
0.0002959436321888329
0.0002959436321888328
0.00029594363218883276
0.0
0.0
0.0032038378012953805
0.001718453232622221
0.0014853757965000115
1.7342673896918635e-06
4.3246773233553645e-06
0.0
0.0
0.0
7.421467354418508e-09
0.0
9.911103321065015e-06
0.0
0.0
1.754457213422066e-10
9.628618889413965e-09
3.7715348647768877e-06
6.070948594976935e-06
9.918207515463853e-06
6.064063199215959e-06
3.7715348647768906e-06
0.0
0.00024239628591031206
0.0
0.0002424037073776664
0.0010944579460193382
0.0003919919118516081
0.003428469647636698
0.0
0.00028472409241284103
-0.0002847239132359894
0.0
0.0001387151144145442
0.0
0.0
0.0
9.735634785823787e-09
9.7356347884392e-09
0.0
0.0
0.0
0.0
9.73563479103188e-09
2.8120333501495e-10
0.00014797103138859232
0.0
8.763150832662392e-05
4.7360536039145e-06
7.11185460837802e-08
0.0
2.1169515075335146e-05
2.7784521921616565e-05
1.83036214852041e-08
0.0
0.0
0.0
0.0
0.0
0.0
0.0
0.0
0.0
0.0
0.0
5.343452714725556e-07
4.213363682181452e-06
8.876838979939435e-07
3.531467143636032e-05
9.700967793305748e-05
1.3169324589135403e-05
3.822314745081515e-09
7.118224662360058e-05
1.3772321123842735e-05
9.886806098951208e-09
8.740409307622582e-09
9.289495867945245e-09
9.773249637340252e-09
9.826958545461268e-09
9.517618482392922e-09
9.764718700470406e-09
0.0
0.0
0.0
0.0
0.0
0.0
0.0
6.983254329402644e-08
2.7308529243785965e-06
0.0
4.8220484084562916e-06
0.0
0.0
1.754388101964983e-07
0.0
0.0
2.601211919380907e-07
0.0
0.0
0.0
0.0
0.0004836703845635252
6.584228448739458e-06
3.674522626989986e-21
0.00017530800854699378
0.001018263287876313
0.001200179806925915
-1.4742365526919286e-08
8.623043887470633e-10
8.62304388747698e-10
0.0
0.0
0.0
5.296283363924646e-09
0.0
0.0
0.0
0.007551173004296797
0.0
5.01381637590016e-09
7.451849561650029e-09
6.111866294264767e-09
6.1118662942733665e-09
8.873566734225211e-09
8.87356673423118e-09
4.5231711915839586e-09
4.523171191587162e-09
0.0
7.262419508021385e-21
0.0
0.0008433226993151615
0.00012463334360164654
0.0009679537233895813
0.0
0.0007192989294532931
0.0
1.6908932216716491e-09
0.0
0.0
0.0
0.0
0.0
6.177051085678468e-10
0.0
0.0002599458348215318
0.0002599458348215318
0.0002599458348215318
0.0009123156160278505
7.167747788927183e-21
0.00016066626295978053
4.138336527532669e-05
0.0
2.2255304874688615e-05
0.0
3.2361703010136116e-08
2.4869933127512934e-08
3.1820305983652377e-07
2.2229588165912364e-05
3.272664850403745e-05
0.0
0.0
0.04913799114737749
0.0004470517244793962
2.41348048051513e-06
0.00021680024144650042
0.0003073944572461573
1.8193047253079996e-05
1.8193047253080128e-05
0.0013007151138772395
0.0013007137894700594
0.0
-5.296283361372873e-09
-5.29628336137102e-09
1.8193047253080328e-05
7.56261901780709e-06
1.2339139463108245e-21
0.0
0.0
0.0
0.0011746517532577848
9.680579103270989e-09
2.267924145026722e-10
9.680579103270989e-09
2.2679241450267157e-10
2.0372950597644362e-10
2.0372950597644362e-10
1.4382165963497537e-20
9.762322833474372e-09
3.075807649008372e-10
-9.349316797282336e-05
6.60148429467474e-05
0.00015750361585502323
2.0043950645475375e-06
5.721487890694331e-07
0.0
0.0002599458348215318
0.0008474653580691241
0.0008474653580691242
0.0
3.2728494438672306e-05
0.0
0.0
0.0
4.105551666004982e-05
4.1055516660049845e-05
3.2784861527690737e-07
2.5058000519601865e-08
7.370925544748407e-09
3.6232780100484815e-05
0.0002143204176476875
0.0002616596245950967
2.2246778569113955e-05
3.3044761089993746e-05
4.1042764752526636e-05
0.0
-3.621261894809191e-05
-0.00021430636585748145
-0.0002616511220523198
0.00010547869327538363
9.883840286900508e-09
4.2769966375219524e-10
0.00010547869327538536
0.0013787808423562657
0.0013346034168867276
0.00045728955203221935
1.9581078223391615e-10
0.0
0.0
4.9435785438365663e-05
5.258359968827677e-06
3.7136573567906528e-06
0.00014797103138859582
0.00014797103138859775
1.5694116394661276e-09
9.817051972536059e-07
9.817051972536063e-07
2.1357921504318778e-11
9.284356971187254e-07
2.1357921511110057e-11
4.391762354682712e-06
-0.003254644087716178
1.8568286783952694e-06
0.0002020653036507034
0.0
1.856828678395324e-06
3.7136573567906604e-06
1.794037724210174e-05
1.0951736153384184e-10
0.0
7.007504879163248e-08
0.008377259361557095
0.00837725936155689
0.0011746524336601377
3.5093478482614125e-06
0.0
0.0
0.0
0.0
0.0
0.0
0.00017128586947188143
0.00018862534851967446
0.09197788457711503
0.011941503079256573
0.17304073202299428
0.00010311664548874628
2.9428963787130575e-05
0.00036428606378324205
1.3463601990039118e-05
0.0
0.0011912229162276207
0.00016709398917892344
0.0003608844257032203
0.00019765004784062266
0.00029845046597214966
1.3447012258595091e-05
0.0007693553287042195
7.977592544546089e-05
7.762127477729241
0.0
-1.7879343604017747e-07
0.007143762588767625
0.0011455204815130461
0.00033418736617146024
0.0003000051264520326
0.00012553444429203936
9.950468922789738e-06
4.3107863840594494e-05
0.08632810301621663
0.08647091642352933
0.0
0.00016585384452076215
0.0007946157029343351
2.457958116688985e-06
0.0005690112559863132
0.0003939162495854731
4.434844001819181e-06
0.00016685940518204048
0.0
0.0
0.0
0.0
1.3452498387100852e-05
0.00019765004784062266
0.0
1.734363039998419e-05
-1.3962448026075434e-09
0.0
1.42954816782344e-08
0.0
1.0529251694884043e-09
0.0
0.0
0.0
0.0
5.3767082521304545e-09
0.0002638191006757719
0.0002638191006757719
0.0
0.0
0.00011195911421688092
0.0001914805583246905
0.0
0.00012967201942737304
0.0
7.147158504125049e-05
0.0
0.0
0.00011572673506010531
0.0
5.195081653562173e-05
0.0
5.9571449066326926e-05
0.0
0.0004738089583651454
0.0
0.00013580137306270162
0.0
0.0005597011832811667
0.0
0.0001284595531100486
8.69295126660399e-09
0.0009759221284647718
6.7679159902556746e-09
3.9307117844021774e-05
0.00027273304484310486
1.8461312869761268e-20
1.7311194392095945e-20
0.0051068416278438845
0.0
1.5631803733299746e-05
0.00012859716649648778
7.14715850412505e-05
0.00019706499462669513
0.00010694865417417472
4.143140624510676e-06
2.3025027516764292e-05
0.0001270279841340942
0.00011426450879246897
0.00013500338510457808
0.00028755786535710913
0.00015642837249565532
1.5317768962631992e-05
0.00019220832343908498
0.0
0.0
3.703461853931002e-08
0.0
0.0
1.5265858265944963e-16
0.0
0.0
0.0
0.0
0.0
0.0
0.0
0.0
0.1581390029658758
0.15813115986709553
0.0002090922332075458
0.0001544717383324353
0.002251345872961678
9.927893478079047e-09
9.924093397578373e-09
3.7197485383611953e-10
1.6983748805122413e-06
0.0
5.296283361918052e-09
5.296283362047035e-09
5.296283362175523e-09
1.6812193218491575e-06
6.804023670560463e-10
6.804023604615059e-10
0.003428469647636698
1.0098104430030402e-08
0.0
0.002950825881776632
0.0
6.345909337381939e-09
0.0
1.6970140757425584e-06
1.1705576750022156e-06
5.264564007387678e-07
5.296283361516147e-09
5.296283361587664e-09
5.296283361657965e-09
9.229393884317399e-06
7.51866141398043e-05
9.769687808296586e-09
0.0
0.0
-0.0029508258817766333
9.458199267644619e-05
5.369258957023895e-23
0.0
0.0
1.1251051342918422e-08
0.002929158567148527
8.03954054395655e-05
0.0001197128934441332
9.939035105018715e-09
0.0006638355605320591
2.0104845986774386e-06
0.0
2.83603670222111e-05
0.0
-5.8095193178384454e-09
0.0
0.0
4.391762354682159e-06
2.8017925861199204e-05
0.0001752352731428661
5.763790263246732e-06
0.00011045500623625955
0.0001751864368675193
3.206441288764273e-06
2.2953559117007455e-05
0.0011685202309308232
7.022006032446098e-05
0.0002901872269311748
0.00030711575503991005
9.216416002709527e-06
8.560207020433953e-05
1.9369818735729738e-07
0.00040412356656943757
0.0011334100911374982
0.0016584802320855228
0.00024674482858025174
0.0002939620280398535
0.07359986297344888
6.094044038229385e-07
1.0873847542058402e-06
1.6909481035670336e-06
0.0002146793159801615
5.8670759704855365e-05
8.021921080316167e-05
1.600709983387694e-05
0.0003572574481678854
0.00016229271184360023
7.26242084137811e-05
4.116971445446273e-05
0.0
0.0
1.6909481035670486e-06
0.0
9.120300510075144e-09
0.04076583540974246
0.0
0.016131392739172197
0.0007587099472705951
2.7508221007055614e-05
0.00027905223538579404
0.0004982777209413917
0.0005194156693390031
0.00028885244387055195
0.0001328817280181572
0.00023077859169365965
-0.0011043195413953306
0.018330637443587434
0.029245851158749295
-0.12802886951413395
0.05326285895395091
0.0
-0.11008692904122253
-0.0006629322720802594
7.51595702452898e-05
0.0
0.0
1.6291311562512803e-08
0.0
0.0
0.0
2.0530985861156242e-05
7.51595702452902e-05
0.00011367069338540907
0.0
0.00010519469841934213
0.0
0.0005179303185368897
1.6291311562863852e-08
0.00028818817002614446
0.0
0.00010210104131646211
0.0
1.7613164257390498e-05
0.0
9.569055610644563e-05
0.00011366196764382533
0.00010518527192132394
0.0005179466098484518
0.00028818047758578496
0.00010209219488635487
1.760423216826349e-05
1.6498505725916643e-05
1.6498505725916643e-05
-0.0014098371207384966
6.781547239408005e-21
0.0
0.0
0.0
0.008640282391943449
0.0073415149899906385
0.0006780371892614845
8.876838979935016e-07
3.5314671436360004e-05
9.700967793305718e-05
1.316932458913509e-05
3.8223147447160774e-09
7.118224662360021e-05
1.3772321123842413e-05
5.865245608337037e-05
8.022793858221176e-05
1.6016174231811135e-05
7.664415718328373e-06
2.035779194203373e-06
7.263249308780291e-05
4.1123191468544184e-05
6.957645500112841e-06
0.00016536316917183268
0.0003933338542181183
1.4822606253907805e-06
6.580875347315286e-07
3.076143215437961e-05
0.00021315293777198456
0.0
8.763150832662376e-05
4.736053603914352e-06
7.111854608360539e-08
0.0
2.1169515075334963e-05
2.7784521921616406e-05
1.8303621485290465e-08
0.0
0.0
0.0
0.0
0.0
0.0
0.0
0.0
0.0
0.0
0.0
5.343452714723781e-07
4.213363682181305e-06
-0.00036494966421940684
3.3940281514508254e-06
5.296283361368926e-09
7.326435759148978e-05
4.3833188667347685e-06
0.0
0.0
1.7940377242101748e-05
-0.0031964969112027093
7.974463699904925e-05
2.048904772616431e-05
2.0638924401322536e-05
5.429301240366144
0.0
0.0
0.0
0.0
7.95728571188903e-05
0.018273503775094627
4.38331886673269e-06
0.001551443206252446
0.12095161414553825
4.134844622610043e-05
-0.0001868883121428141
-7.265081139399351
-5.975592479607823
2.9271642773789257e-05
4.383318866733828e-06
0.0010510364023072086
0.0014098371207384966
0.0
1.8199771245438705e-05
0.0
0.0
0.0
0.0003796708857778951
0.0
0.0
0.004191458265146604
0.004191458265146604
0.0004384937070706359
0.0007209393812916153
0.004189769879798611
0.0007209393812916154
0.004191458265146604
0.0007209393812916153
0.0012202897787882288
0.0
0.0
6.660528746980678e-22
0.00016449164676601437
-2.157271217858132
2.1570800601752826
-2.666603608402739e-05
-5.963627171551006
0.0
0.0
0.0029476576961239764
9.802297087741729e-08
2.7308655546356095e-06
0.0
0.0004903834160135718
0.0005722368210769983
0.0
2.46850974303991e-07
0.018330637443587434
0.0
0.018330637443587434
0.0
9.802297087706126e-08
2.730865554635309e-06
0.0
0.0004903834160135714
0.000572236821076998
0.0
2.468509743048763e-07
5.429301240366144
3.557187217929979
0.0
4.383318866731363e-06
-4.178326985576312e-05
3.304337217332979e-06
3.86286700609494e-05
3.1641781578475945e-06
1.2578794870600348e-10
-6.606275869013565e-05
8.474917632573113e-05
0.0007585762140244474
0.00014376747171789548
-3.2433076779603996e-06
0.0001225049647780743
2.8462771389119918e-05
0.0018601921767647884
0.0004616198335871819
-9.48633584250784e-09
0.0
2.8696916499262693e-05
0.00021468515703462328
0.0
5.841054461799961e-09
2.8687205245723556e-05
2.571069470884971e-10
9.711253539169278e-09
0.002411743059415889
-0.0005796193673830579
1.7940377242101758e-05
0.0
0.0
3.4345794086562658e-09
0.0
-2.488606277502707e-10
-9.702909485936401e-09
-3.2166993427115716e-10
1.7343630399984197e-05
5.975730593159485
5.975730593159485
0.0005576388792819473
0.0
0.0
1.6970140757253306e-06
6.788056302901576e-06
3.394028151450774e-06
0.0012607089410761455
1.6303355984271825e-09
0.0
0.0
5.82135909333881e-07
5.918338126587132e-07
1.5694129753942798e-09
3.5093478482613575e-06
0.0
0.0
-5.516507852544638e-09
0.0
0.0
0.0
0.0
3.396155195565345e-05
1.7919700813548502e-05
0.00019703501007758896
0.00010283250298800451
5.7767095696524026e-05
0.0
0.0001203695678131158
5.164876478923578e-06
0.0003545089442487759
4.950296290200421e-05
0.00024424197990181493
5.493114877952644e-07
0.029313434795645195
-0.02370542246867674
0.0
0.0
1.9258887634767238e-07
1.9439532070610465e-07
0.0
1.9439532070608678e-07
1.9439532070607844e-07
6.277641151769858e-09
4.009686854004883e-07
0.002791890323223021
6.252429515217201e-22
3.5606983296099584e-10
3.560698329588412e-10
0.0
7.670828988180633e-07
0.0028295343590362568
-0.0028295343590362555
2.0822310512558944e-21
3.7456630498354e-20
1.4863998966717432e-20
3.7615294246140985e-21
3.862830514936237e-21
0.0
0.0
0.0
1.360804811070842e-09
6.660809999323869e-05
0.0018924640880540746
0.0004836699040017546
0.0029107882426634576
9.88775732306204e-22
2.0302311985970705e-21
-1.3125694104850443e-05
1.3141622989580635e-05
-4.5573455500510065e-09
8.645657834820954e-09
4.00968685400478e-07
4.0096868540047894e-07
1.36080480911317e-09
1.6970140757256776e-06
1.697014075725528e-06
0.002947661391246998
0.0029476576961239773
0.0011712595910537906
0.0
0.0
0.0
1.1002174819898763e-09
0.0
0.0
0.0
0.002105650507225975
0.002105641551388992
4.0096868540048196e-07
3.955442934841652e-18
3.9554429348512345e-18
0.00014250541528546798
0.00014255491350253965
-4.9498217067725264e-08
7.007504878627533e-08
0.0
0.0
0.0009797070964619092
0.0002353026574546587
0.0
1.3608047993452665e-09
1.3608048052030518e-09
0.0003741808184838906
0.00010162261723328275
3.879712231694866e-05
0.0
0.2189832789942766
0.0
0.0
-0.13625706491783696
0.0
0.0
0.0
7.1486530157357275e-09
0.0
0.002791889271543066
0.0
1.4039671453619802e-05
0.0
0.0
0.0
0.0
0.0
0.0
0.0
0.0
0.0
0.0
1.0081341594858628e-09
0.0002308653021347422
6.517273961772567e-08
6.517273971384512e-08
1.5694130493375907e-09
1.5694130039639802e-09
6.674215282535674e-08
0.00014797103138859406
9.5696771978662e-09
0.0
0.0
0.00025726104437082657
0.0028295343590362563
9.036716648479036
5.693995166342292e-05
8.865016570107846
-8.865361676162827
-0.000345103060800145
8.628727732842563e-09
0.0
0.00029277027934549387
2.4731946839831285e-05
5.320307245858325e-06
0.002365353944248729
0.0
0.004348554422708694
3.3334799873833884e-21
0.00030900359632774323
0.00042427518325794994
-0.640517011292125
0.6406096526988929
-2.2627630480729797e-05
2.445524394068195e-05
-2.4455243940681947e-05
1.6883853479929711e-06
0.016131397528464705
0.013182029208563496
1.614073122876042e-10
0.0
0.0
0.0
0.0
0.0
0.0001042476594429051
2.445524394068195e-05
0.0005686785378366594
8.628727732769567e-09
0.00023256231621046776
1.6883853479928508e-06
0.05664956030051055
1.5164102744233839e-18
0.0015994840766270133
0.00015015599964756347
6.96609629894388e-08
0.00015022815691525396
6.966096298943283e-08
3.3872923317549576e-09
0.0
8.909876307192452e-10
-0.00027076528961409807
1.3746822174569945e-06
0.0001663561752098631
0.0004371190248531789
1.0366679531293163e-20
-5.9298854312317854e-06
-5.92988543123181e-06
-6.986603036102483
0.0
0.0
9.928016240966373e-09
9.926835614373407e-09
0.0005223160618414832
0.0005223160618414831
4.340054875393609e-19
0.0
0.0
1.6883853479929948e-06
0.0
9.531297223809782e-09
7.928649182335505e-11
-0.0010510364023072084
6.985175928568082e-21
1.8787416760606597e-08
9.256119536810328e-09
9.550780655062591e-20
0.000295942062777183
0.0002214316656756342
0.0
0.0
0.0
6.51727396368073e-08
6.517273964241957e-08
0.0002959420627771822
0.00040412356656943757
0.001104319541395331
0.0004041235665694354
0.00022143166567563418
0.00022143166567563418
0.00040412356656943757
0.000404123566588026
4.185460910831577e-07
7.509001308092198e-08
5.544356552716343e-08
0.0
0.0
0.0
0.0
0.0
0.0
0.0
0.0
0.0
0.0
-9.347155839426638e-10
0.0
0.0
1.4823376789588896e-05
0.00040412356656943757
0.0002959420627771826
0.0
0.0
0.0001826963027121588
0.0
0.0
0.006566912556940121
0.0
0.0
0.0
1.6970140757258256e-06
1.9893214279722574e-05
1.8196200203996746e-05
0.0023189512548502334
1.794037724210175e-05
8.434036346868576
-8.434036348851143
0.0
9.458199267644619e-05
-3.418519627915634e-08
-3.418519627912246e-08
0.00014986666692328422
0.00011026999110989231
0.0005731445193185901
8.965343413146933
-8.965363876364274
-2.0446753491261752e-05
0.00014797103138859148
-0.0043618620590812895
0.0
0.00037293451725411297
-0.0003729329920542833
0.0
-0.0011416675284392497
4.366403536808625e-19
0.0
0.00014986666692328422
0.0004257624015256696
-0.00030005260035104625
-0.0007258150018767159
0.0
0.00034651005731081334
0.00016301384324772934
0.0
0.0
0.0
-0.00010148027990454213
0.0
4.825499025583698e-10
0.0
0.0
0.0
0.0
0.0
0.00013844868022477232
0.00042407484649451086
0.0
0.0005651266574785137
2.5949337801899544e-06
