0
0.0
1.4586059141454465e-08
0.0
0.0
0.0
8.620331430980228e-08
0.0
0.0
0.0
0.0
0.0
5.469659947865827e-10
0.0
0.0
0.0
9.812268962236328e-09
0.0
9.924603231050829e-09
0.0
0.0
0.0
0.0
0.0
5.902243470962257e-09
0.0
9.576640584089025e-09
0.0
0.0
0.0
0.0
0.0
0.0
0.0
0.0
0.0
8.948422276052598e-05
0.0
0.0
0.0
0.0
0.0
0.0
0.0
0.0
0.0
1.836945980655028e-08
0.0
0.0
0.0
0.0
0.0
0.0
0.0
0.0
0.0
0.0
0.0
0.0
6.132029539699621e-08
0.0
0.0
0.0
8.187498706599076e-16
0.0
9.459096837529748e-09
0.0
0.0
0.0
2.666919521968073e-17
0.0
0.0
8.372049284396622e-09
1.247223626611369e-09
1.0154987856270483e-10
9.848218141776871e-13
9.864084928208616e-09
0.0
0.0
0.0
0.0
0.0
1.0154987864063186e-10
0.0
0.0
0.00018261897886787554
0.0
0.0
0.0
1.7176383337681444e-09
0.0
0.0
3.746482819453993e-09
0.0
1.1013502996998867e-08
-1.886852352944181e-09
9.23958507130259e-09
8.79316284345137e-09
9.617091756186732e-09
1.5308806607142792e-09
0.0
0.0
0.0
9.40076214673153e-09
0.0
0.0
0.0
0.0
0.0
2.143211163648519e-07
0.0
0.0
9.155956079343347e-09
0.0
6.931302147294107e-09
0.0
0.0
0.0
0.0
0.0
0.0
0.0
0.0
4.776252921446132e-09
0.0
0.0
0.0
-3.045288141392787e-08
3.848401522446918e-11
0.0
9.2183434242665e-09
0.0
9.01172848259529e-10
9.88371107557424e-09
0.0
2.6768716212541963e-09
9.911324416377443e-09
0.0
1.5142491131885176e-08
0.0
0.0
0.0
0.0
0.0
0.0
0.0
0.0
0.0
0.0
0.0
0.0
0.0
3.725480442830056e-08
0.0
0.0
2.5180496877111466e-09
3.954727481327588e-09
0.0
0.0
5.120713951054001e-09
0.0
0.0
2.2090233706893534e-13
0.0
-5.863864019470934e-05
7.512141829488718e-09
7.168150665818424e-09
0.0
6.385968155651663e-09
0.0
0.0
0.0
0.0
1.7274945725209542e-08
0.0
9.900596535123436e-09
0.0
0.0
0.0
0.0
0.0
0.0
0.0
7.829153180724732e-09
0.0
8.763421170987422e-05
0.0
0.00017797769121778001
0.0
3.804799111707761e-08
0.0
0.0
1.670907103826296e-08
4.615119079449972e-09
0.0
0.0
0.0
8.292532552452907e-09
0.0
7.434037979665271e-10
0.0
0.0
0.0
4.1584975838726424e-10
0.0
0.0
3.808075462037531e-09
0.0
0.0
0.0
0.0
1.597303335443906e-08
3.595800622486815e-08
0.0
9.852140892762803e-09
2.6641855066095706e-08
0.0
0.0
0.0
0.0
0.0
0.0
0.0
0.0
9.689443739869268e-09
0.0
0.0
0.0
0.0
7.011115725275176e-19
1.3731216269417122e-09
1.0302894040069434e-11
1.6852732607637402e-09
1.6924646487375598e-10
0.0
9.528849666192403e-09
9.648952175496155e-09
1.3487327357383783e-11
0.0
2.688313222205807e-12
0.0
2.402336707486954e-08
-2.168404344971009e-19
0.0
1.7530195116392002e-06
6.298751884653564e-12
0.0
0.0
0.0
0.0
0.0
9.666588777195143e-11
-0.0001825522541395113
0.0
0.0
0.0
8.10383496564154e-09
0.0
0.0
2.864022572567358e-09
0.0
0.0
0.0
3.4725472965527193e-07
0.0
9.855677546080358e-09
0.0
0.0
0.0
0.0
0.0
0.0
0.0
0.0
1.603074677649963e-09
5.8671843541389534e-09
4.1355791033511047e-10
0.0
3.019816478009185e-11
0.0
0.0
1.7096997555911624e-08
0.0
0.0
9.368442022150703e-09
0.0
0.0
0.0
-9.368442281756136e-09
8.743456789555811e-18
0.0
0.0
0.0
0.0
0.0
8.05596088253273e-09
9.426143687805257e-09
5.5720755330531325e-09
9.837054539003869e-09
0.0
0.0
0.0
0.0
1.0591281979371384e-08
0.0
9.872329819886012e-09
0.0
0.0
0.0
9.239580837180821e-09
0.0
0.0
0.0
2.0974951511982046e-14
8.926951789330463e-09
3.137142737601868e-08
0.0
0.0
9.466185956339614e-09
9.534127534813228e-09
0.0
1.584644559809101e-09
0.0
1.275361781027621e-07
2.445635371833198e-08
0.0
9.261804600663416e-10
0.0
0.0
0.0
0.0
9.439527377867099e-09
0.0
0.0
5.865398388153803e-10
0.0
0.0
0.0
0.0
0.0
9.903483290358379e-09
8.180676960797602e-10
9.77771173835823e-09
9.777711085234841e-09
0.0
9.98682495873505e-09
9.966999003907517e-09
9.964344649171291e-09
9.958811966054304e-09
-9.812268961760517e-09
2.9297090031708334e-09
2.929708994095853e-09
0.0
9.964344520366593e-09
9.967000542295633e-09
9.958812785774568e-09
-9.924603231034265e-09
3.434190280820541e-08
0.0
0.0
0.0
3.369833512716857e-08
0.0
5.626229529231352e-09
0.0
0.0
0.0
0.0
3.145747975362976e-08
8.60101873424596e-09
1.2247709353263513e-08
0.0
0.0
0.0
2.5811908918877786e-11
2.2241037368483392e-08
0.0
1.1297653509279309e-08
0.0
1.4023911452473015e-08
0.0
6.113684871430558e-09
0.0
0.0
1.4354026909818866e-08
0.0
0.0
0.0
0.0
0.0
0.0
0.0
4.3452434666747884e-08
0.0
0.0
0.0
0.0
6.931302133351925e-09
0.0
9.970092575923369e-09
8.732594420735015e-10
8.69832850696718e-10
0.0
0.0
1.023647805392867e-09
5.8954587755567805e-09
1.0233934395747859e-09
0.0
0.0
0.0
0.0
0.0
0.0
0.0
0.0
0.0
9.608895457091648e-09
0.0
0.0
6.0583905438677445e-12
1.9924549199040616e-08
1.9937094536542835e-08
1.9915497244963387e-08
-9.103119149456032e-09
-1.4525367576605574e-10
1.0237119484079747e-09
-8.093613370717449e-10
1.023456605827275e-09
-9.71032844084875e-09
0.0
-5.740290508587882e-10
0.0
-8.141180096656476e-09
0.0
0.0
0.0
0.0
1.0237762638345356e-09
0.0
1.0235199704374159e-09
0.0
0.0
0.0
0.0
0.0
0.0
3.2914681761423127e-09
0.0
9.95160884568417e-09
9.818326948751526e-09
0.0
8.926951757881954e-09
2.1631506541701695e-14
1.313772374213792e-08
0.0
1.0237474533360085e-08
8.873844666970507e-10
-2.2304880072161743e-08
8.107806752366553e-09
8.107806754426537e-09
1.4586059154548625e-08
5.83651103527853e-10
0.0
-9.893287195548994e-09
0.0
0.0
1.2075909291832851e-05
2.5545635392093886e-09
0.0
0.0
2.02779154321367e-06
2.6898577239000026e-08
0.0
2.338334430144619e-06
0.0
0.0
1.1237052772195975e-08
4.660669519402367e-18
9.250769559573916e-07
9.228320854403743e-07
7.251210831315468e-07
9.940256197734836e-09
9.406574339383164e-09
0.0
8.274316050035924e-10
-7.464219555701306e-09
-2.44580826570294e-08
-3.4774330860790374e-08
-3.986782818075914e-08
-1.1455184927026605e-08
3.3457254329619405e-09
3.351575116250231e-10
9.406577449795142e-09
-7.227182453189984e-07
0.0
1.2598660764271373e-09
0.0
0.0
0.0
0.0
0.0
1.8361922264793773e-09
0.0
1.972743865415156e-08
9.905924322137216e-09
2.7734930583459224e-08
0.0
2.9674372536974258e-08
9.946933864199339e-09
1.8585466149885092e-06
1.8585466149761432e-06
0.0
-6.200318063771023e-05
0.0
2.772081492560241e-08
0.0
9.91716993343808e-09
9.917169914485172e-09
9.960791932771035e-09
9.960791908052898e-09
9.960915253137978e-09
8.739507906961288e-10
9.960915272432663e-09
-1.3469463446410079e-09
0.0
0.0
2.4457421075678963e-08
2.543859095289059e-08
2.3270191233879588e-08
3.615000417621597e-09
2.8316222390673603e-10
-9.262746810310747e-08
8.488177278912083e-07
1.8369459828870524e-08
0.0
0.0
2.1732460642794743e-05
2.172272901964352e-05
-8.392049111425405e-07
1.9380037750766397e-06
0.0
8.01629627864526e-09
2.1693420838151506e-06
0.0
0.0
0.0
0.0
0.0
9.649798797051537e-09
0.0
-8.94746174453058e-05
0.0
-8.948422276052616e-05
0.0
0.0
0.0
0.0
8.618693902685203e-10
8.618682903565585e-10
1.5497588769991478e-05
0.0
9.629750430670442e-09
0.0
0.0
0.0
0.0
0.0021984176235212583
-0.0021983777538848543
8.777942001636418e-10
0.0
0.0
9.863646204749318e-09
9.86396569638431e-09
0.0
2.94051145605029e-08
0.0
-9.87078321856849e-09
-1.4586198915367277e-09
0.0
1.1498311365033917e-07
0.0
0.0
0.0
0.0
3.1212437345992033e-09
0.0
0.0
0.0
3.363885870397392e-08
3.530732860248233e-08
0.0
0.0
2.4456353717562804e-08
0.0
9.971578168429043e-09
2.1973852732871353e-08
7.373549459133909e-09
7.751168200613101e-09
0.0
1.594927317058208e-08
0.0
0.0
-1.8488967664780738e-06
0.0
0.0
-1.0905460546707336e-08
0.0
1.4586216534465731e-09
2.094929884723703e-05
9.529017404351706e-09
4.540469540933592e-10
0.0
9.339819834188245e-09
-1.2016752610338743e-08
8.360164755218551e-10
2.173646868410111e-08
-5.0682332440468664e-08
0.0
1.3016404309951213e-07
8.820883719537385e-09
0.0
0.0
0.004200228871387487
-0.004200204014938861
0.0
9.694801495532884e-09
9.730651522987365e-09
9.63996890472607e-09
3.2899236739693033e-09
0.0
1.9637984108263477e-06
9.782641536271573e-09
0.0
3.0586699386175768e-09
0.0
1.8387156624040154e-07
1.8387156606074408e-07
-6.13202950500158e-08
-5.191142752977327e-08
3.058671586841921e-09
3.058669936911047e-09
3.0586699362254288e-09
8.620109126812532e-10
0.0
0.0
0.0
4.6928837731418976e-09
3.365610084537427e-08
0.0
4.309577337150916e-08
1.5194599404604163e-08
0.0
0.0
6.405595864552445e-08
1.0635695604538777e-08
9.96091529069708e-09
-9.523306068921506e-09
0.0
0.0
0.0
2.9633555650561673e-08
9.933768626342897e-09
8.805288259761642e-10
9.985247292204624e-09
1.7760022145496932e-08
0.0
0.0
2.3383344301088317e-06
0.0
0.0
0.0
7.005987872726155e-15
9.426718020162512e-16
0.0
0.0
1.7578673714114505e-08
6.0292754536747274e-09
1.0270500015421346e-11
4.613392433668552e-09
6.516297780836964e-09
1.947015260747014e-06
0.0
0.0
2.163312814600516e-06
0.0
0.0
0.0
0.0
0.0
9.548133950154636e-09
5.281995129483036e-09
0.0
0.0
0.0
6.517038545064347e-10
0.0
0.0
0.0
0.0
0.0
0.0
9.085487371988943e-09
0.0
9.548133952702511e-09
-1.6114551979048639e-09
2.284489849073646e-08
0.0
9.887204740152914e-09
-8.590225267313737e-10
0.0
0.0
2.1514492847880876e-09
0.0
9.96695562215967e-09
3.9131833856186765e-08
2.2881442089610705e-09
2.288143384776634e-09
2.288143383804859e-09
5.2597386486387765e-09
0.0
0.0
0.0
0.0
0.0
2.953710387931582e-08
9.922707498758409e-09
2.7276991837816717e-17
-2.7755575615628914e-17
0.0
0.0
-2.977996560289711e-08
3.5709999753373277e-09
0.0
4.866719825985417e-09
0.0
0.0
1.2922597882915332e-07
0.0
0.0
0.0
0.0
0.0
3.335806743483792e-08
9.840752310388357e-09
2.794699723317506e-17
0.0
-9.057803123692365e-07
0.0
0.0
0.0
0.00034274445733555427
4.150792484307646e-10
4.1507855269226623e-10
2.4131350134347702e-08
0.0
0.0
0.0
0.0
0.0
0.0
9.267649727543693e-09
9.522938839857902e-09
9.52290283307632e-09
0.0
0.0
0.0
-1.2472237022461904e-09
-8.372049190626812e-09
-8.372049237464346e-09
0.0
0.0
0.0
2.0367606601027717e-08
0.0
5.469659827792258e-10
0.0
-1.1020045471848888e-08
0.0
0.0
0.0
0.0
0.0
-9.864584455494471e-09
0.0
-9.625035344256036e-08
0.0
0.0
0.0
1.0520013655201417e-07
0.0
9.531934520280243e-08
0.0
0.0
0.0
8.682640176801111e-08
0.0
0.0
3.2954197429503427e-08
0.0
0.0
0.0
0.0
0.0
0.0
0.0
2.963355530642687e-08
9.717570034024556e-09
0.0
3.628848684924461e-08
0.0
1.727494572744761e-08
5.874474159835795e-10
0.0
0.0
9.97490783353583e-09
8.875680539686248e-10
6.165008735606835e-18
2.3577696831737394e-05
0.0
2.7161754930101243e-09
8.040358643025845e-10
0.0
0.0
0.0
1.0175233147519488e-08
0.0
1.77308734301844e-08
0.0
0.0
0.0
-8.038327923426403e-09
1.0175207317480528e-08
-8.763357280549806e-11
8.487934992336773e-09
-9.841459744689383e-09
-3.084828503752135e-09
0.0
0.0
0.0
9.956983841188664e-09
0.0
0.0
-0.0001826189788678757
-5.687146028549375e-05
0.0
7.971938491224065e-06
0.0
7.962102445519994e-06
0.0
0.0
0.0
0.0
7.986359140572132e-09
0.0
0.0
0.0
0.0
0.0
0.0
0.0
0.0
0.0
0.0
6.43706229749175e-09
0.0
0.0
3.7462619258913504e-09
1.0008745112173177e-08
0.0
0.0
0.0
2.9769409668055317e-09
0.0
9.626340092585222e-10
0.0
2.2081241871607368e-13
0.0
3.745819555141944e-09
4.52808421995273e-05
3.9870327476066746e-09
9.930141288589224e-09
9.930141468817138e-09
1.000874585881564e-08
0.0
0.0
1.6596957905234966e-08
0.0
3.0618586362076566e-09
5.8069988824623254e-08
0.0
0.0
5.444573015221058e-07
1.886852354336814e-09
5.444434676664202e-07
9.743778198279142e-09
0.0
4.232576307868613e-15
0.0
-9.239585071216597e-09
0.0
0.0
-8.79316284337228e-09
0.0
3.9084484883962005e-08
0.0
-9.617091755874559e-09
0.0
8.50630505710872e-18
0.0
0.0
0.0
3.3010063438774455e-08
-1.5308803604668388e-09
4.443955634012345e-08
0.0
2.6997771229518484e-07
0.0003651798717337379
0.0
3.813361338884723e-09
4.090717292329995e-08
9.875102016815602e-05
-9.870141427921193e-05
8.711082282867245e-10
1.0099571658384265e-07
-8.656599920307123e-08
4.4121297598277353e-10
4.4121297422812777e-10
0.0
1.1171313702546248e-07
-7.911342539795234e-08
1.9948061105870632e-08
9.974245818167304e-09
7.683643374571628e-07
0.0
0.0
0.0
0.0
7.271447561633541e-06
0.0
0.0
9.753892920902189e-09
9.973813183156995e-09
2.929709016776259e-09
7.194361019938502e-10
-8.024269827301218e-10
0.0
-5.469659889942302e-10
0.0
8.463886131608443e-09
0.0
8.379863638894644e-08
0.0
0.0
2.963067582554578e-08
0.0
0.0
0.0
9.974908697083868e-09
-3.2951413971042234e-10
9.94959478695101e-09
3.954298758180654e-08
9.720582000627155e-08
1.990688316661001e-08
8.704210082118115e-10
9.578216012858959e-09
0.0
9.632080515131758e-09
5.541736496772448e-10
1.5704638152657225e-08
0.0
-3.954726652708948e-09
-7.717762356535439e-08
8.852292365953112e-10
1.9939936413517095e-08
9.96743040894806e-09
3.2910270453816875e-09
0.0
0.0
0.0
-2.0497423228354832e-07
-2.1432111623414336e-07
0.0
0.0
0.0
1.3172852263034806e-17
0.0
0.0
0.0
-9.786475362733027e-09
0.0
0.0
0.0
0.0
0.0
-1.5808467843147003e-11
0.0
9.813559287765543e-09
0.0
0.0
9.894736872949686e-09
9.561743468827723e-09
0.0
0.0
0.0
0.0
0.0
0.0
0.0
0.0
8.826187974405675e-10
1.9922814014824962e-08
9.952989903820944e-09
1.9628067957519174e-08
0.0
0.0
0.0
0.0
0.0
0.0
1.3449207593648347e-08
2.9091343049499857e-09
0.0
9.203262725256553e-11
0.0
-9.155956079464136e-09
0.0
0.0
0.0
0.0
3.401105670079854e-05
3.40110567007985e-05
0.0
0.0
3.4405687741155385e-07
9.76376802267534e-09
0.0
0.0
9.968989104226401e-09
0.0
1.9525646767772314e-08
9.79852809709784e-09
9.798528085464833e-09
0.0
-1.0078878048998263e-08
9.925237742791637e-09
6.874424362880379e-10
-4.174178364069192e-18
2.53991900594946e-07
1.3667312196612166e-07
1.9693501242497533e-08
9.92431875871877e-09
1.0003124054248983e-08
0.0
0.0
4.471023866026828e-14
0.0
0.0
0.0
5.6527199016659e-10
0.0
1.0326160559728071e-08
0.0
0.0
1.5509842091438656e-08
9.648887415828107e-09
0.0
4.237448588480695e-11
0.0
1.882300800840702e-09
0.0
0.0
0.0
2.15088856473776e-09
0.0
0.0
1.694155843957564e-09
0.0
0.0
0.0
1.5964431475589037e-09
0.0
0.0
0.0
0.0
0.0
0.0
1.0446264212129281e-08
0.0
0.0
-2.44576415994735e-08
-2.543881358961317e-08
-3.9867375706270636e-08
-1.1454723507177064e-08
-3.3452557182678255e-09
5.337209967652894e-05
5.335639503755113e-05
1.535665784463914e-08
1.535664935157843e-08
0.0
0.0
0.0
0.0
5.497479355203523e-05
0.0
9.691437457122156e-09
0.0
0.0
0.0
0.0
0.0
0.0
-4.776252948701654e-09
5.618392462673619e-10
9.639968898436851e-09
-6.147216490104997e-08
0.0
9.850214680533617e-09
9.850214926903635e-09
2.5982201883811963e-08
2.2155373797814727e-08
0.0
0.0
9.919052899985805e-06
0.0
0.0
9.163716400828497e-10
0.0
0.0
0.0
0.0
0.0
0.0
0.0
0.0
8.89090607092499e-09
0.0
0.0
2.048605551069129e-09
6.7351956041673855e-09
0.0
0.0
0.0
0.0
0.0
0.0
0.0
0.0
1.9640359371351276e-08
9.86194947927288e-09
9.8619494863473e-09
1.9640359006679875e-08
4.8345021240057914e-09
-7.328892087483408e-10
5.154070593319512e-10
9.82501113105938e-09
9.825011270377483e-09
9.825012227404617e-09
0.0
0.0001007866443116414
2.4979012428275388e-05
9.941147649373271e-09
9.778409477378607e-09
0.0
0.0
0.0
0.0
0.0
1.973186124621274e-08
3.980711614598952e-08
8.167808667481494e-08
9.71310732635379e-09
9.71310897018673e-09
0.0
0.0
0.0
0.0
0.0
1.4721905061727164e-08
0.0
0.0
0.0
0.0
0.0
1.4893454315378736e-08
0.0
-7.152651104649216e-09
2.2028003696911294e-08
0.0
0.0
7.659584379384046e-09
7.659583779581548e-09
7.659583518236212e-09
1.7543294932834802e-08
7.659583857226661e-09
0.0
9.177098199848808e-09
0.0
0.0
0.0
0.0
0.0
0.0
8.495717251677263e-09
0.0
0.0
0.0
0.0
0.0
8.992948043654258e-10
0.0
0.0
0.0
3.397029888847794e-08
4.8620337073727316e-08
9.896636466624767e-09
0.0
8.663490161300166e-06
0.0
0.0
9.576173966007002e-17
0.0
0.0
0.0
2.4930607874271593e-07
0.0
3.127902396348955e-06
-5.954887615820501e-09
0.00012890870162739936
3.1452872975597446e-05
1.204030678719332e-08
0.0
1.9704636275950926e-08
7.584206526739643e-10
1.970463543214028e-08
9.862467921245278e-09
9.862468175469985e-09
0.0
2.3315396397200643e-09
1.96811000695698e-08
0.0
7.604664985209227e-10
3.999327571008091e-06
5.352249620856503e-09
9.825010852324554e-09
9.82501099141414e-09
2.1941394795287176e-05
1.8297377374161752e-08
0.0
7.528096699155169e-10
-9.411815226647007e-09
0.0
0.0
0.0
0.0
9.474170941458755e-09
-8.576298853894523e-10
1.8245944572485437e-08
0.0
3.098532413708812e-08
1.0558792776450192e-08
0.0
0.0
1.5938994417071757e-08
0.0
0.0
0.0
8.076131425789588e-10
-2.1838842753903562e-07
0.0
0.0
6.365987647991692e-08
0.0
9.911092235109775e-09
0.0
9.947840974577904e-09
0.0
8.581678471365306e-10
1.932425625608943e-08
1.1239806044056213e-09
2.001037447820226e-07
1.5602161442739758e-06
5.504872562810969e-07
1.4663530862135586e-07
7.118746975720569e-05
0.0
9.932757211815515e-09
8.465506771175301e-10
1.8390376165614627e-08
8.98222851934867e-09
0.0
0.0
9.813597738396225e-09
0.0
9.813597739291175e-09
9.813597740319056e-09
0.0
-3.95472748212361e-09
0.0
-2.5180496854293466e-09
0.0
8.311606967028302e-09
8.379907205070629e-09
0.0
9.807633214615102e-09
7.248331145881123e-10
0.0
-5.120713957029732e-09
1.465129278784824e-07
0.0
0.0
-2.7909827904986866e-08
9.907298003520058e-09
8.217793294612891e-10
9.903752579863591e-09
9.903752563697628e-09
5.9462665405900126e-05
0.0
0.0
-2.2085740354615968e-13
9.925339196716882e-09
0.0
0.0
5.094735909932119e-09
0.0
0.0
7.829153301358582e-09
2.317156733929647e-09
-9.689336881012894e-09
0.0
0.0
0.0
0.0
3.099041849798036e-06
4.9477366066041805e-09
0.0020810818204385663
0.0
0.0
-8.046686399408693e-09
-7.512141829484572e-09
3.8653103062169056e-07
0.0016755729190989636
0.0
0.0
-7.168150665919082e-09
-7.168150665810662e-09
0.0016759579085665144
0.0
0.0
0.0
0.0
0.0
7.018747070033134e-09
0.0
0.0
5.868718895474871e-05
2.931445033517657e-05
2.931445033517656e-05
0.00040550890133961927
0.0016759579085634086
9.028323576222406e-08
0.0
1.967320668792262e-08
8.453941192200346e-10
9.807634175282298e-09
5.504872554458586e-07
7.055771052726772e-07
0.0
1.9939511356242955e-09
-3.959431067551548e-06
5.602445021152393e-08
0.0
0.0
8.751625400337405e-09
0.0
0.0
0.0
0.0
-7.461632625426307e-07
6.083552880134613e-08
7.881192248031961e-10
0.0
9.730651238655345e-09
6.499805303534667e-10
3.2137064595427796e-06
0.0
0.0
-1.7274945725390426e-08
1.8245943614252857e-08
9.876239049857625e-09
0.0
1.982694953438526e-08
7.944021810429356e-10
-9.900595898670872e-09
-9.900596535748069e-09
2.762558927002886e-07
0.0
0.0
8.628057171919839e-07
1.493789043030363e-08
0.0
-0.001575219626407073
0.0015752290033203694
9.376913273818508e-09
4.9518045224709806e-08
0.0
0.0
7.961953282265378e-10
7.2839006767007605e-09
0.0
0.0
2.363764259632921e-06
0.0
4.912527753903843e-09
4.912527753903843e-09
0.0
9.631491610989293e-09
0.0
0.0
0.0
0.0
1.6014222549069373e-07
6.685063902109937e-08
9.95731703778696e-09
1.7821177540689863e-05
0.0
0.0
4.593260976328588e-15
0.0
1.9203703629537113e-08
0.0
0.0
1.932425723042548e-08
0.0
5.596575602548315e-08
0.0
0.0
1.851284158703303e-08
0.0
2.4449006666686704e-07
1.717311247910262e-07
3.982551759647772e-08
9.952701961191135e-09
0.0
0.0
8.818065580692953e-10
2.2499912786720723e-07
0.0
1.9915984928223553e-08
0.0
2.5804153529241695e-11
8.16703890488063e-10
0.0
0.0
0.0
0.0
0.0
0.0
-7.829153171742213e-09
0.0
0.0
0.0
0.0
9.820845496804741e-09
9.273037118029043e-09
-9.518657316347212e-10
-5.120713960499179e-09
0.0
9.704308092566352e-09
-0.00017799223789756184
-0.00017797257878594068
0.0
3.8047990869764275e-08
-2.8700043136537e-08
5.784516174169497e-10
1.0328987478160783e-08
1.0446045483035564e-08
8.276532146266058e-10
-7.464000049718498e-09
-2.4457862130965874e-08
-3.477410695164909e-08
-3.986760255259014e-08
-2.3319487121513506e-09
-3.345490576976912e-09
0.0
0.0
-5.902243469576435e-09
0.0
-2.990634828393653e-08
4.5399421262477935e-09
0.0
0.0
0.0
0.0
0.0
0.0
0.0
0.0
0.0
0.0
2.3215667739904852e-14
5.8970201656261953e-05
0.0
0.0
1.5058563574974229e-09
0.0
9.81180708306685e-09
0.0
0.0
0.0
0.0
0.0
1.6064613576243295e-08
7.579266853141435e-09
0.0
0.0
0.0
0.0
0.0
9.901484742031764e-09
0.0
0.0
0.0
-9.576640584016351e-09
-5.003072977371414e-10
-3.381889564923508e-07
3.5739156706470926e-07
0.0
1.9935491724098824e-08
0.0
0.0
0.0
0.0
0.0
0.0
1.6610145398657317e-07
3.9126693674226925e-08
0.0
0.0
0.0
9.944750737019058e-09
9.94475139742693e-09
-8.76391727777908e-05
0.0
6.854296721137152e-09
7.3837061881762025e-09
0.0
7.383707877491863e-09
7.383712940855915e-09
2.1654723833100954e-05
0.0
0.0
0.0
7.773715935342385e-08
1.0818377346106578e-08
-0.00010204015085151972
0.00010206025640950296
-7.434037973288966e-10
0.0
0.0
0.0
0.0
7.62018170014821e-10
0.0
0.0
1.3912855400886854e-08
4.118653862406063e-09
1.794831623703109e-09
3.1012457288846873e-07
9.965946428996605e-09
0.000341527863108697
0.0003415298448311947
0.0
8.568143012290311e-09
7.522167473117326e-09
0.0
-4.158497678152795e-10
1.2173385814571943e-07
-9.234857110620804e-08
9.956784607955196e-09
0.0
0.0
7.091701081332992e-09
-7.09170018759267e-09
0.0
7.091697951003472e-09
9.941148066999871e-09
9.941148485340327e-09
0.0
0.0
7.425095163501368e-10
-7.620181867597386e-10
9.331074948733028e-10
0.0
0.0
0.0
0.0
2.2881450265350655e-09
0.0
1.8843307908118129e-06
1.8786252059640873e-06
-3.808075462039993e-09
3.904999647494376e-08
0.0
6.807920390987199e-10
6.807920382186209e-10
1.8369459874211903e-08
1.9045613482428475e-08
0.0
1.1779822782488036e-08
9.956645847044882e-09
9.956645874255083e-09
9.967174062063423e-09
9.967174088687817e-09
0.0
0.0
3.170364279958983e-08
1.951214050118859e-08
0.0
-9.777711100847353e-09
0.0
7.730000198073247e-10
2.2205462466094733e-10
-0.00020863738418346793
0.0002110289690074949
7.091702283227273e-09
0.0
0.0
-6.178812177127981e-09
-6.774086390980769e-09
0.0
0.0
0.0
0.0
0.0
0.0
1.7355236426354882e-08
2.6606590682088166e-08
5.865777507422803e-10
9.852023657370369e-09
0.0
-9.85214088523173e-09
0.0
0.0
0.0
2.6300748287404275e-08
0.0
0.0
0.0
0.0
0.0
2.437403901466588e-10
0.0
6.85418779331913e-10
0.0
0.0
0.0
0.0
9.156274728788487e-09
0.0
1.7659609467178345e-09
0.0
0.0
0.0
3.434191003768887e-08
0.0
0.0
0.0
3.369834350678808e-08
0.0
5.626246005631649e-09
0.0
0.0
6.249538658054701e-09
0.0
0.0
0.0
9.767217598225637e-09
9.755024647045343e-09
6.616451761095325e-09
0.0
1.2432720391508246e-09
9.314319107424524e-09
8.866702942073318e-09
0.0
1.1128581368691118e-08
0.0
2.0799217042101296e-10
0.0
1.853079510055538e-08
1.9181167874819547e-08
0.0
0.0
1.722541426333195e-08
6.844009008045786e-09
1.2703336615668708e-08
0.0
0.0
2.4796082882384372e-08
-1.0286637512184584e-08
5.469669139112262e-10
0.0
0.0
3.891591994651264e-05
3.893390472308295e-05
-1.7347997864476883e-08
6.850545162633457e-09
6.850545162270708e-09
6.850545161522781e-09
9.885237782362218e-09
1.0302346296278857e-07
0.0
9.820722460060342e-09
9.820722458652906e-09
9.82072245763908e-09
2.0651543020191462e-07
0.0
2.1222939368901862e-08
9.985886531758381e-09
9.98119981209578e-09
9.981199763280964e-09
9.968434550482184e-09
9.96843452701171e-09
9.977554406477208e-09
9.977554374380174e-09
9.952557859338448e-09
0.0
9.95255700188257e-09
0.0
1.807726728884312e-08
0.0
9.81335450561371e-09
0.0
1.0534704498325931e-09
9.938761277106288e-09
9.938761484976338e-09
-1.3796738820848198e-09
9.895989642706638e-09
9.895989600255256e-09
9.895990508532401e-09
0.0
-9.689443739789279e-09
3.676910354130668e-09
0.0
3.6769102842811236e-09
-3.345290988665539e-10
0.0
6.0532837381856514e-09
2.7993228612472105e-08
0.0
1.313190896714396e-08
0.0
0.0
0.0
2.7824050956380743e-08
5.882828159918673e-09
0.0
2.593828226875771e-09
0.0
1.7809441312811386e-05
0.0
6.400673461394763e-06
0.0
5.547128736647329e-07
0.0
0.0
0.0
0.0
8.379907207701644e-09
9.523563784807898e-09
4.487771145956239e-10
0.0
0.0
0.0
-6.979551485375435e-19
0.0
0.0
0.0
0.0
-1.6852732796519138e-09
0.0
-1.0302894171490551e-11
0.0
0.0
1.9271629580543816e-16
0.0
-1.3731217496587914e-09
1.0005174979341947e-08
0.0
0.0
0.0
0.0
8.116224174314476e-16
0.0
5.101685299947163e-06
5.111374056307342e-06
0.0
0.0
0.0
0.0
8.191386272492949e-10
0.0
0.0
3.742953947575819e-08
4.989989874028752e-08
5.512606357014942e-08
0.0
0.0
0.0
8.4742121116298e-09
7.6686739383136e-09
0.0
0.0
2.9797821099464272e-08
1.0785347378667558e-08
6.442159994191565e-08
0.0
0.0
-5.70568745886881e-10
0.0
1.9510140351768874e-08
2.775681382496783e-08
0.0
9.885236954412139e-09
8.003162892186814e-10
1.379673867784802e-09
0.0
0.0
0.0
0.0
0.0
0.0
0.0
-2.6883132493108614e-12
0.0
0.0
0.0
0.0
-2.5898965975222418e-06
0.0
7.265750571561841e-09
0.0
0.0
0.0
0.0
9.778409906438878e-09
6.964155900109734e-10
0.0
3.9907985092324804e-06
3.9907985042029614e-06
0.0
0.0
1.8510786760209563e-17
-2.4023367059967243e-08
-2.4023367045655775e-08
1.0097288879775456e-06
1.3097106298792793e-11
1.3097113997995265e-11
1.586681630411277e-06
0.0
8.801260924029037e-09
1.4615348138535364e-07
0.0
4.875864443788727e-09
0.0
0.0
0.0
0.0
0.0
0.0
0.0
0.0
0.0
9.167521269774289e-09
8.791519593539233e-06
7.83469003407815e-10
0.0015588490647314606
0.0
0.0
1.728336661404586e-07
-1.615998910502448e-08
-2.0035755305667952e-08
-1.0076127321292754e-08
-1.9724001254463976e-08
3.9538286981707346e-08
-9.80677317130585e-09
-1.7626670718584592e-06
-1.7920384056338126e-06
0.0
2.3577547888530448e-07
3.9512696613456857e-07
0.0
6.407078962816059e-07
0.0
1.5868062851355092e-06
0.0
2.872133104343831e-08
1.978529855911003e-08
0.0
9.888718847245181e-09
9.154748407449834e-09
-9.840237053090808e-09
0.0
0.0
2.9592002041920612e-08
8.124813555856008e-10
0.0
0.0
0.0
0.0
2.2202629615514346e-08
9.940547641973385e-09
0.0
0.0
-9.410997635396623e-09
0.0
0.0
8.490057738438916e-09
2.737657012838856e-07
2.238872466734742e-07
9.925302719234246e-09
0.0
9.965947377491216e-09
0.0
9.969823312841184e-09
9.769182455524073e-09
0.0
3.963691589406653e-09
7.729893680988075e-08
9.949595101979921e-09
0.0
9.956983710250114e-09
0.0002607776438333729
9.925238005197307e-09
7.921600795455802e-08
9.97381437960193e-09
0.0
9.96767608287752e-09
7.680685523195576e-08
9.972505432987161e-09
2.5953509651395767e-08
9.95731785703027e-09
1.054681222676254e-06
0.0
0.0
0.0
0.0
0.0
0.0
0.0
0.0
0.0
0.0
0.0
0.0
0.0
0.0
0.0
0.0
0.0
0.0
0.0
0.0
0.0
1.4780148791316705e-10
9.666586607990947e-11
9.666582338810942e-11
1.933304696801173e-11
4.5110558278912474e-11
7.088815234396735e-11
2.577749115504103e-11
1.28887381821391e-10
7.733247300471919e-11
5.155497914024362e-11
1.0310993022649717e-10
0.0
0.00018255225413951084
0.00018257512677626432
0.0
1.3243864261558062e-08
-9.945574654299539e-09
9.892193139828464e-09
9.932858899731692e-09
0.0
0.0
9.26544567455589e-09
0.0
0.0
0.0
0.0
0.0
0.0
7.091701778901021e-09
7.978961386741341e-09
0.0
0.0
9.464242725581145e-09
0.0
0.0
0.0
0.0
2.9921853008439334e-09
0.0
0.0
0.0
8.687278248502489e-07
0.0
9.964522254375598e-09
9.11776546015607e-09
9.117764888707928e-09
0.0
8.620331427688454e-08
0.0
3.29058560407707e-09
3.2908063369307256e-09
1.584351443282572e-06
0.0
2.0777731453325852e-08
0.0
0.0
0.0
6.777925020560463e-09
0.0
0.0
3.289923568381564e-09
-2.8640224672112427e-09
3.290144287546075e-09
3.289923775164878e-09
0.0
7.78162606905133e-07
0.0
0.0
5.865228421774938e-10
0.0
0.0
9.808203623288701e-11
0.0
0.0
0.0
7.28093578490201e-06
0.0
7.334105467747695e-10
0.0
7.1696643995389316e-09
0.0
4.028931528014542e-09
0.0
0.0
0.0
1.727889531748053e-08
0.0
7.879263400130104e-09
0.0
0.0
0.0
0.0
0.0
1.327996673118229e-08
2.6843870634695977e-09
5.7162573092557365e-09
6.153945930231812e-09
0.0
0.0
0.0
0.0
2.4357187151787018e-08
9.807635134165164e-09
0.0
0.00012174355151745595
0.0
2.4584820093552572e-08
0.0
8.324128280503393e-09
8.966323025732688e-09
0.0
1.153800637719985e-08
9.52398681490843e-09
4.478005018378795e-06
-1.2184341778648938e-05
-5.946266540754509e-05
7.118746975699369e-05
8.455825294489027e-16
-5.497482154117017e-05
0.0
0.0
0.0
0.0
0.0
0.0
0.0
0.0
4.790294793513042e-10
0.0
3.440271535828172e-08
0.0
3.79947390161683e-09
0.0
1.6099960259584353e-08
0.0
1.878178131221897e-08
0.0
0.0
0.0
1.2189093459531649e-08
0.0
0.0
2.495963426353965e-08
1.0944307494228963e-09
6.425647902753141e-09
9.205212096707305e-09
0.0
2.308267180389115e-09
0.0
0.0
9.784619684578486e-09
0.0
0.0
6.132483347520701e-09
0.0
-1.6375779846900345e-07
-3.376942342804157e-07
0.0
3.434189555307451e-08
0.0
0.0
0.0
3.3698326699973304e-08
0.0
5.626213000150036e-09
0.0
0.0
0.0
0.0
3.145746942565209e-08
8.600525884722742e-09
1.2247690753493906e-08
0.0
1.4023899804052e-08
0.0
6.975689789522611e-09
0.0
0.0
1.4354009988970177e-08
0.0
0.0
2.630074158664162e-08
0.0
0.0
0.0
0.0
0.0
2.4372886550089106e-10
0.0
6.854118607225177e-10
0.0
0.0
0.0
0.0
9.156262617043365e-09
0.0
1.7659532622430393e-09
0.0
0.0
0.0
-5.094726418519713e-09
0.0
0.0
0.0
0.0
9.475931228110581e-09
9.475730676883852e-09
0.0
-8.70212195431399e-06
0.0
0.0
0.0
0.0
9.782641371394642e-09
-7.005298949953871e-10
0.0
-7.715616615510979e-10
0.0
0.00016858711519978102
0.0
0.00016861670645780067
0.0
0.0
1.9386718008718162e-08
-0.0016916121016455352
8.989972762746268e-09
3.4405687655640966e-07
0.0
1.0372067576543443e-08
0.0
0.0
8.701018476224371e-09
9.56174345907027e-09
9.561743450400145e-09
9.561743440425485e-09
0.0
9.911348754127887e-09
9.911348467644965e-09
-9.931227185728479e-09
0.0
0.0
0.0
0.0
0.0
0.0
-9.44684483076267e-09
1.4238075495533488e-08
9.933765221547646e-09
9.933761813130104e-09
0.0
1.505340640467764e-08
-2.58948173728087e-07
2.5373862607825667e-07
9.843855362356296e-09
-5.064435241962161e-09
9.842167470325677e-09
9.842167450176478e-09
-9.871126276771592e-09
0.0
0.0
0.0
0.0
0.0
4.394884894859309e-09
0.0
4.478005019200143e-06
9.688021962298617e-09
4.478005020032788e-06
9.688022259108784e-09
0.0
0.0
0.0
0.0
0.0
4.393903653671582e-09
0.0
5.676043419331434e-10
6.199342390577466e-05
9.833257555795075e-09
0.0
-2.5253751388415474e-08
9.228320854227769e-07
1.8224116572329957e-09
3.339486363820432e-08
8.764894095082918e-10
5.1015537082949036e-08
-3.4039139904162736e-09
-1.1575652537898495e-07
7.77363238601055e-08
1.8773286925011234e-08
1.1267843425703399e-07
2.2769668106548124e-07
0.0
0.0
0.0
0.0
3.2292421166013145e-08
0.0
-4.1355728058387314e-10
0.0
3.8159582520350344e-08
-5.8671815919943745e-09
0.0
5.4918652759813404e-05
-1.3056252597107185e-08
0.0
3.601961389710606e-10
3.601961381800533e-10
0.0
8.746871084878461e-09
0.0
-3.019817729210672e-11
0.0
0.0
1.5041915580966498e-07
1.50419154177857e-07
0.0
9.340878129152235e-09
9.34087784930978e-09
0.0
0.0
0.0
0.0
9.548133954985963e-09
1.8060750682156765e-10
0.0
1.1013479698911864e-07
1.1812984959288579e-07
0.0
0.0
0.0
-1.7096997559557826e-08
6.755451086980192e-10
9.75694621867591e-09
9.756945801485747e-09
9.756945940229613e-09
9.756947180750153e-09
5.042927990130884e-08
2.8326121284265608e-08
0.0
8.594130031372368e-08
0.0
1.360169656810654e-07
0.0
0.0
0.0
0.0
0.0
0.0
1.1883412214464927e-05
-5.937961057957304e-06
0.0
0.0
0.0
2.463204947579988e-09
0.0
2.4632065392982006e-09
2.463211519093587e-09
0.0
0.0
0.0
2.10216624739382e-17
9.882659874477229e-09
9.882659046466989e-09
7.978084205816073e-10
0.0
0.0
9.887433863190256e-09
5.3100830608190586e-18
0.0
0.0
0.0
0.0
0.0
-9.368444076063298e-09
0.0
0.0
-8.088635841107612e-10
-1.8245453079189657e-08
0.0
0.0
0.0
0.0
-9.252444035975499e-07
9.351050816660349e-07
9.621618110728748e-09
1.96403597343128e-08
0.0
0.0
0.0
0.0
0.0
-9.871170185069e-09
0.0
0.0
4.211272111644308e-14
4.2111950591169206e-14
2.981445717879238e-10
9.368442282437237e-09
0.0
0.0
9.239585071433437e-09
0.0
4.097237986389057e-09
0.0
3.8178770279378837e-16
3.8178770266912542e-16
5.559799931711586e-10
0.0
5.181315725886301e-10
0.0
0.0
0.0
1.0674664006290388e-08
9.144022919608862e-07
0.0
0.0
0.0
0.0
6.43038217958802e-09
0.0
9.80366558646481e-09
5.345453158044301e-05
0.0
0.0
-2.0970739453344426e-05
8.114056117069836e-10
0.0
9.896635636780588e-09
0.0
0.0
0.0
5.471944696711232e-09
1.0238410596760672e-09
0.0
5.968795024300375e-06
0.0
-9.426143687644994e-09
-5.5720755338874335e-09
-5.572075533453753e-09
0.0
0.0
0.0
-9.837054538454869e-09
9.239585071943351e-09
3.97208323397815e-08
0.0
0.0
0.0
0.0
0.0
0.0
3.310768235544485e-10
9.637912125145376e-09
9.80763691641644e-09
0.0
0.0
2.49306076229236e-07
0.0
0.0
2.7640908377508304e-08
8.41089112429658e-10
8.464533581749198e-09
8.464526378426651e-09
9.057803123827009e-07
0.0
2.073618942245785e-08
3.397998040202916e-09
7.497542212168966e-10
0.0
0.0
9.647700892600258e-09
0.0
4.697610959105058e-10
0.0
6.201837301141497e-10
1.0591281985580977e-08
-1.0591281982409544e-08
0.0
5.9509847928781065e-06
5.95124679330552e-06
7.801238464378299e-09
0.0
0.0
1.956713734430213e-08
9.872329824234182e-09
-9.872329819957115e-09
0.0002607869049338996
1.4881673338473497e-09
0.0
8.464541041461137e-09
3.971635222300587e-08
0.0
-1.2653461286746104e-07
0.0
0.0
1.3263790332849446e-07
0.0
1.359829960867958e-07
0.0
1.4369478215486737e-08
0.0
7.87415089566533e-10
1.4898471486336307e-06
0.0
1.4918877394634792e-06
5.886833467008393e-11
0.0
6.67078399994598e-09
6.6707839923023544e-09
-3.673676093481591e-07
4.233133528051824e-15
-1.7312214146101677e-10
1.9244577375083137e-09
8.574639302032338e-09
0.0
0.0
0.0
-2.097494981791615e-14
-8.926951789947233e-09
0.0
0.0
9.811945318677255e-09
7.290265177775071e-10
-1.037206770471144e-08
0.0
-1.2302104516038703e-08
-3.137142732536572e-08
0.0
0.0
0.0
0.0
9.821514027003426e-09
9.821513432834578e-09
0.0
0.0
0.0
7.169648063130735e-09
0.0
7.19544228344147e-09
0.0
0.0
7.169650335082564e-09
6.602561292124611e-09
0.0
1.0535901602547598e-09
1.0823550134070183e-08
-9.466185954673176e-09
0.0
7.733020996127673e-11
9.408147373249726e-09
9.40814681715807e-09
1.8292118976317605e-08
1.8292121297958435e-08
-1.5846444847704053e-09
0.0
-4.5901034964694816e-10
9.065700788349769e-09
0.0
0.0
9.766825214696543e-08
7.169661992757808e-09
0.0
1.8292126048559475e-08
1.8343682717757637e-08
2.515720021073563e-08
0.0
0.0
1.1332890448290372e-08
0.0
1.8317905585446954e-08
1.8292128478989022e-08
0.0
0.0
0.0
0.0
0.0
2.651899973996299e-05
-2.6646535918074836e-05
-1.1805266604037836e-07
8.620331420252166e-08
-1.5176818217652976e-08
-2.445635371821353e-08
2.4519186087449366e-07
0.0
2.613931905388575e-08
0.0007804241051107327
-0.0007804105454312094
9.58993091079545e-09
0.0
0.0
0.0
0.0
8.868042300491652e-09
0.0
-7.415626611037562e-09
0.0
0.0
2.4519186055788534e-07
1.8270203811725953e-05
3.849973679334877e-10
-1.826074589772811e-05
9.92530203858255e-09
0.0
1.6013304357042205e-08
1.982273886702579e-08
9.897435761588302e-09
9.550590984730434e-09
-9.167635260551006e-09
9.550591002567755e-09
0.0
0.0
-9.439527377868374e-09
0.0
1.9394939900288102e-08
9.550590998608222e-09
2.4901451282689993e-05
0.0
2.487362613678745e-05
1.9299636478289072e-08
-6.648682269344043e-12
