0
1.9471233385629615e-06
1.9743765533653364e-06
0.0
2.7257513614969668e-08
3.901979497854293e-06
2.9691401451168973e-05
7.018856920148974e-07
0.008697373907595125
2.8621179705157173e-07
0.0
7.549465423175097e-09
4.14822349938557e-06
1.0268530759717244e-09
1.2721359649205206e-09
5.766236320265003e-09
1.0933036803483996e-09
1.203208735756446e-09
8.399454882882132e-12
0.0
0.0
0.0
0.0
7.243252122124656e-10
3.2194864251440937e-09
1.7259589427802826e-05
1.942870423407968e-09
0.0
0.0
0.0
0.0
8.064799729604159e-06
0.0
0.0
0.0
0.0
2.2016201420795163e-06
2.7266726655598096e-11
0.0
0.0
7.224556188595695e-11
0.0
1.0908634776077795e-09
0.0
7.974165110998219e-09
4.164098476253079e-09
1.5405543425513897e-07
1.926336332699762e-05
2.6961044732169924e-06
1.053054244203722e-06
0.0
8.151877420422674e-23
0.0
0.0
0.0
0.0
6.248080341901396e-07
0.0
7.507493419886441e-10
2.9730287991760326e-06
0.0
0.0
0.0
3.055166447732728e-21
1.916347566654998e-10
0.0
0.0
5.011681947593341e-09
0.0
0.0
4.095269044249183e-06
9.861362031012458e-09
0.0
8.390097308058751e-09
-4.5273306927266383e-05
2.3284124541895855e-14
0.0
0.0
0.0
6.60157908354154e-10
3.6644400354339655e-09
0.0
-4.5273306926979476e-05
2.0762803195355357e-23
0.0
0.18274255981092247
-2.1745119294673578e-07
1.3927276779395644e-08
0.0
0.0
2.353283885880387e-10
0.0
9.926819628388331e-11
0.0
0.0
-6.159630912068064e-06
5.443983244173997e-10
3.5885776003136595e-09
4.51504073814493e-09
0.0
1.7685260876712515e-06
0.0
1.9210409527883726e-09
0.0
1.4839568677839641e-09
0.0
0.0
4.1062106050343046e-09
3.8956848713813336e-10
0.0
3.27064601530633e-09
1.2087228604909648e-10
0.0
1.6812332378259708e-09
1.0457988520613894e-09
2.076615280493502e-23
9.292436741715336e-11
2.539013681206013e-09
0.0
1.2503585213210262e-07
0.0
1.2875424802110509e-06
0.0
7.175902498761756e-09
0.0
0.0
0.0
-1.6156030184173744
1.6154631259458974
9.404716721451877e-09
8.748453382549304e-09
0.0
2.369167258948004e-10
0.0
2.3292299405110355e-10
0.0
0.0
2.369095578516962e-10
4.926248128823208e-05
6.63879705294132e-10
8.635067730929226e-10
3.3144630480598506e-10
0.0
3.630706551846483e-10
3.119833231990713e-19
0.0
4.313437675286585e-09
0.0
0.0
0.0
1.4916729733699074e-10
0.0
0.0
8.599387086435795e-10
2.0954543751195398e-10
1.7705860291719635e-09
4.223292553269623e-09
6.32831530976583e-09
9.100739814676564e-10
0.0
1.6538454148361327e-10
0.0
0.0
0.0
-0.09019035110287024
5.929658505178407e-06
1.7705860291719635e-09
0.0
2.5520077041381615e-10
0.0
5.18398197531659e-07
5.587858907690833e-06
0.0
0.0
7.796459670845277e-08
0.0
1.3304330913650488e-11
1.7991723717732508e-06
1.1730308706315425e-05
1.7270678650473669e-09
0.0
3.790402963630691e-09
0.0
9.791872397900652e-10
1.0419640699717757e-05
-1.5348923405251984
0.0
1.2211633109864142
0.0
2.8135307850804308e-05
0.0
0.0
0.0
0.0
0.0
8.426822149135448e-06
8.876439954172387e-06
3.456060301253271e-06
2.4393839052419705e-06
2.4159059223894676e-06
0.0
0.0
0.0
0.0
4.990011622913551e-08
6.129872346478334e-09
-0.0016977968382993654
0.0
0.0
0.0
0.0
0.0
6.22726709489123e-09
0.0
8.028459185008116e-09
0.0
3.804210567323091e-09
3.985240781646747e-09
0.0
8.853225103824745e-09
0.0
0.0
4.465174003725377e-09
2.1680371101975734e-09
0.0
0.0
2.4495575154112086e-09
0.0
2.7257513614761136e-08
0.0
8.676479355795562e-09
3.601552678015278e-09
3.601552678015278e-09
-7.545551131100391e-05
7.009031821809529e-21
2.763816053691943e-09
9.309647198923208e-09
-6.010347210933526e-06
2.8353730289761555e-11
-1.1220573921888967e-06
5.352804324492682e-09
3.8627738255419885e-09
0.0
0.0
-0.09457398814607462
-2.809467251060739e-06
0.0
1.1794924301120678e-09
0.0
4.30793816853595e-09
2.753957539042148e-20
0.0
-0.5682668622735774
0.0
0.0
0.0
0.0
0.0
0.0
3.514038534442023e-11
3.065492153463107e-09
0.0
1.851644816194813e-07
-0.008393273651403532
1.1371630690566223e-09
3.429120294062869e-10
9.451272656265645e-11
4.389216033966924e-09
1.4308200252743057e-09
1.5319391277446502e-05
3.262679938217898e-09
4.1512953095899693e-10
1.041535351576521e-10
0.0
0.0
0.0
0.0
0.0
4.5017845804670184e-07
2.2794488341475344e-09
5.550928967388228e-21
0.0
7.426898872658513e-10
2.835373028976106e-11
0.0
0.0
2.1107078546084933e-05
3.9613065388024393e-10
0.0
0.0
0.0
-0.0022300594377560982
8.060066212497325e-06
0.0
3.410973473977189e-09
7.82857435208145e-09
5.1393955743855674e-09
4.43323388152916e-10
8.500515210871824e-09
0.0
7.4524366654312e-09
1.2474791303535824e-05
0.0
8.218161040503735e-06
6.128035041418548e-06
0.0
1.758835706941478e-09
3.307653316256853e-11
5.149168494415761e-06
5.443983231433263e-10
0.0
0.0
0.0
0.0
1.0457988520613894e-09
2.1124229111204568e-07
0.0
5.13058541890372e-09
2.5040214484204236e-09
1.4671266035711854e-09
2.8827542155348186e-09
3.012078767473695e-09
0.0
0.0
0.0001389178724324219
2.7813019014416354e-07
0.0
7.541305420539978e-06
8.517053712785305e-10
0.0
1.3341476795266368e-09
1.9821984837722732e-10
-2.9660319134541783e-06
0.00016650098833889752
5.6998624255022585e-05
0.00029251739961918004
3.2151476379956544e-05
7.606426095060029e-05
1.4421104289243441e-05
0.00013651498242959765
-2.862117970515726e-07
-2.8621179705157364e-07
0.0
0.0
0.0
0.0
0.0
0.0
0.0
0.0
0.0
0.0
0.0
0.0
0.0
0.0
0.0
1.5620665609597976e-05
8.097407515165279e-05
0.0001567229785833948
5.840842257909365e-05
0.0001682414419018662
2.356483556814534e-05
4.199090505879297e-05
7.244004773514165e-05
0.00013307667644020863
4.9526042634641036e-05
2.2669122699984488e-06
5.491724392685562e-05
5.618669890854863e-05
0.00010807882998965572
2.982778116294971e-05
3.5911746548127505e-05
4.9529342570299716e-05
2.258988154517287e-06
5.178578083831501e-06
5.619049264885131e-05
0.00010808156844257094
7.861043566119331e-05
7.621074073159846e-05
6.758764947341482e-05
6.241833954054325e-06
8.399102981765653e-05
4.76879996698455e-05
5.92544823195421e-05
3.514638422208978e-05
7.621800676577897e-05
1.95129517132331e-05
6.255553461737672e-06
8.399923041843736e-05
4.7701646897815205e-05
5.926919547218751e-05
0.0
0.0
0.0
1.2645888999335364e-09
0.00026542452635068623
0.0
1.725958942780283e-05
0.0
0.0
0.0
0.00014380708925541716
0.00012346730492408087
7.417624531324171e-05
9.316896205154569e-05
7.41762453132417e-05
1.0041182641330212e-05
0.00022915801101356878
2.392166061307788e-05
0.0001242221904345399
4.288770533955238e-05
4.288770533955241e-05
4.288770533955243e-05
0.0
0.0
-1.725958942780283e-05
1.7259589427802826e-05
0.0
2.318237732918128e-10
0.0
3.8409839040038976e-10
0.0
0.00014380708925541716
0.00012346730492408087
7.417624531324171e-05
0.0007710357874270487
7.41762453132417e-05
1.0041182641330219e-05
0.00022915801101356878
2.392166061307789e-05
0.0001242221904345399
4.288770533955236e-05
4.28877053395524e-05
4.288770533955242e-05
0.00014380708925541716
0.0001234673049240809
7.417624531324171e-05
0.0007710357874270486
7.417624531324171e-05
1.0041182641330226e-05
0.00022915801101356878
2.3921660613077896e-05
0.0001242221904345399
4.2887705339552394e-05
4.2887705339552415e-05
0.0
6.7046684950588155e-06
0.0
0.0
0.0
0.0
0.0
0.0
0.0
0.0
0.0
-2.4073451106786616e-06
0.0
0.0
1.974376553365335e-06
-8.064799729604153e-06
8.064799729604145e-06
0.0003392131671906345
0.0004413797404357379
0.0009450872172833857
0.0014065405065727594
0.0020001426392634806
0.00026827026974296617
0.0005518971375933659
0.0009224167484329036
0.00011907487561085196
0.0002490221763349236
0.000763866268515752
5.001434085587317e-07
0.0
0.0
0.0
0.00047092140846206166
0.00034086375457031043
6.499554490267764
0.0
0.0
0.0030574197692295616
0.00305741227876029
0.0030539562184590382
0.00295303144741391
0.0028992000108878663
0.0022513713046442667
0.002179276302114759
0.00014812918761391688
0.0
0.0
0.00022681901883928062
0.0
0.0
0.0
0.0
0.001999562305510893
9.642454809418926
0.0
0.0
0.0
0.0
0.0
0.00013536843898557933
5.001434085637277e-07
0.0
0.0
0.0031763030167104873
0.0031763030167104873
0.002527031715808013
-3.3980105905216407
0.0076044307127935045
0.0001353641292605037
5.001434085612572e-07
1.3653872374071483e-09
0.0
0.0
0.0
0.0
0.0
0.0
-0.0030574197419628362
-0.0030574122787602916
-0.003053956218459039
-0.0029530314474139115
-0.002899200010887867
-0.002096399277445152
-0.000975836440399853
2.3931386149678726e-05
-0.00028383973062954686
0.002982447669585145
1.5405543425510123e-07
0.0
0.0
0.042994771344719795
0.042994771344719795
-0.0029824476695851443
0.00011070178463734602
0.0002701007231259148
0.0002879088139136908
0.0006312435918460044
0.0005410959941700035
0.00018318629355262747
0.0002315405936212401
0.0
3.406304576701195
-1.926336332699762e-05
1.9263363326997616e-05
-3.6017378967121214
3.6017356950919797
-2.201620142079517e-06
9.20647683393215e-05
5.819169226710918e-06
5.819169226710917e-06
1.0230942031165128e-05
-2.6961044732169526e-06
-2.6961044732169755e-06
0.8239501798075963
0.6438536744561425
-3.946221491812445e-05
8.064799729604018e-06
0.00011560663639958016
0.0006220052735188616
5.773020025836064e-05
0.5920765511702798
-0.5920776025282619
-1.0530542442036968e-06
0.0
0.0
2.0506617206943208e-09
2.0506618849580144e-09
3.2999842804582637e-07
5.109618419521228e-05
0.002360362456976275
0.0028887651822018306
0.0039988882740642885
0.002888765182201831
0.00027072016894063905
4.442437697063035e-05
6.703146292717925e-06
7.386773675865402e-05
0.00011830132302217551
0.0
0.0
0.0
6.428733868694333e-05
1.039053671136531e-05
1.0372552381095815e-05
5.1113829955595416e-05
1.1190180115340109e-06
0.00013891787243242192
6.698228022343427e-06
0.0
0.00011352947272781618
0.0001814096576726942
0.0002601567581455246
0.0006547522639310375
0.0008748514747536375
0.0002480137387399566
0.00010497725551402658
-0.0031763030167104873
8.1204016558733e-23
3.901979497854249e-06
0.004831351518260436
0.0039988882740642885
-0.0039988882740642885
0.03264547970179174
0.0
0.0
0.00010551426181305761
6.074685503172035e-05
0.0004218367029084361
0.0
7.238495028434819e-05
0.0016100994339304626
3.066384993340417e-05
-0.00573943951698741
0.00047261562525478454
6.375191981275961e-22
0.000454768084537084
9.790267791150013
-10.94004083770502
1.1493176536624354
-6.248080341901403e-07
0.0
0.0
0.0
0.0003786547967941183
0.0001754212837899825
0.0
0.0
0.0
0.0
7.483420284386687e-05
7.483420284386686e-05
-2.9730287991760076e-06
-2.973028799176023e-06
0.0
0.0
0.0
8.548229459222544e-10
0.0
0.0
0.0
0.0
8.426706068419474e-05
0.0
1.0399323925540721e-05
0.0
0.0
0.0
0.0
0.0
0.0
2.7257513614974552e-08
1.5652050378820353e-10
1.9471233385648064e-06
0.0004588925183806811
5.903021306300241e-06
0.0
0.0
0.0
0.0001353721034256147
0.0004995715735018505
0.0004995715735018505
0.000763866268515752
2.725751361488578e-08
3.6151321286244123e-05
3.615132128624407e-05
5.92190725126786e-20
0.0
6.679866463383787e-05
0.00016001521862000004
6.136096013640777e-05
0.0005839080410975618
0.00035024044487701373
0.00010339497282609687
4.9002644471787226e-05
4.390312000350814e-05
0.00011008550450591475
0.00022654785377728304
4.7335550748442504e-05
0.00019085554929298978
7.979132072653058e-05
0.00018253794914945286
0.0
3.8793418038036305e-06
0.0
4.794746644499318e-05
7.109865358719922e-06
4.2372781762060476e-05
0.00019486022713154717
0.0001948600354967905
0.00019486022713154717
0.00019486022713154717
0.00019486022713154717
0.0
0.0
0.00012445464320573647
0.00010135809561555873
0.00022581154400807318
0.0
-0.00012885036161224252
1.006751082017939e-05
0.0001288417204280808
0.00027732309245951064
0.0027303083058604002
0.0027303083058604002
1.5347935144140366e-21
5.8432909289044164e-05
0.00033573897218571233
0.0
-0.009500145196178101
0.0
0.0
0.0
1.8029135371565963e-05
8.535300023255683e-05
0.0003175377530789157
0.0018825465487526945
1.9069280966289184e-23
4.0747209235493055e-05
-0.00012609250431078263
0.0
0.0
0.0
5.010845434028602e-06
0.0029109297956065924
0.009500145196178101
2.9203845772860715e-08
0.0
0.0
1.9800008862610014e-05
0.0012561195608910846
-0.02750748492139867
0.0
0.00013301326455948372
0.00018198001440006379
0.0005307078778687263
4.870750487813043
-4.871514931238684
-4.095269044249182e-06
0.0
1.8592104129844508e-05
-5.1687991285811155e-05
2.574333561306503e-05
0.00024198665059996198
0.0008324632441961466
0.5129074465269643
3.8338919626794317e-10
0.0
0.0
0.0
1.061161035313269e-06
1.0611610353644348e-06
1.0611610354156388e-06
0.0023603624569762745
0.0
2.6997023076039082e-09
0.0
-7.825806200257521e-11
2.7257513615310768e-08
0.0
0.0
0.0
0.0
0.0
0.0
0.0
0.0
7.3923979980791765
4.5273306927266383e-05
4.148223499385573e-06
0.0
-7.392443271386104
0.0
0.0
0.0
0.0
0.0
0.0
1.7259589427802833e-05
0.005548603836401773
6.294286361405089e-05
0.0
0.00014906723488649734
4.373541133119748e-05
0.0
0.00019280264621769492
0.0001668540852702385
6.085409672950351e-07
3.047591197357286e-05
4.2375593939369644e-05
0.00018583254223233678
5.285741368510186e-05
8.654210522795162e-06
0.0
0.0
2.0782676964768793e-05
3.2763921307926445e-20
3.515870659664266e-20
0.0
3.754139657175119e-20
5.903021306300179e-06
0.0
0.0
0.0
0.0
0.0
0.0028130280149007967
0.003324203344627719
1.9396709019308787e-06
0.0
0.0
0.0
0.0010451094838282101
0.0004737793616526925
0.0004737801468384481
0.0
0.0
8.371758522606155e-05
1.6268404917603042e-05
7.839565834219465e-05
5.7868980034241506e-05
5.389744321089098e-05
9.693794321272312e-05
6.737131125715906e-05
8.371758522606162e-05
1.6268404917603107e-05
7.839565834219471e-05
5.7871046385718876e-05
5.3899050529125765e-05
9.693794321272321e-05
6.737213948227571e-05
2.2636653463489745e-05
4.5273306926979476e-05
3.123017963712021e-05
0.0
0.0015852756429311171
0.0015852756429311173
-0.18274255981092247
-0.181454882009759
1.581047306035717e-05
0.0019395801193064842
2.1745119294673557e-07
0.001955608043559788
0.0
0.0
2.7975450288508323e-07
9.942917866014337e-09
5.608289144870281e-06
0.0
0.0
1.1179105361216777e-05
1.1179105361216777e-05
1.1179105361216777e-05
1.1178870032828189e-05
1.1179105361216777e-05
0.0
2.1223317327615948e-06
2.1330246182770953e-06
0.0
0.0
9.379265249756975e-11
0.0
0.0
0.0
0.0
0.00013789607896768464
5.147867752239208
0.0
9.151089600017978e-05
-5.148097159214174
0.0
5.148005648417442
0.0
0.0440398988527957
3.1221325127785844e-05
3.191956562111521e-10
0.0
5.47542160604806e-12
0.00012542258140333678
-0.00012542258140374807
-0.0001549720271991161
-0.0012034398617149077
0.0001241978014642367
0.0017868179964762275
1.820064831376145e-09
6.077103014421855e-09
8.999098203615942e-05
6.159630912068064e-06
9.615789320755299e-05
0.0
0.0
5.40877779222375e-19
0.0
0.0
0.0
0.0
0.0
0.0
0.00033994179472973115
0.0
0.0
0.0025040859278367337
0.0
0.0013468263405413995
0.0
8.416716881813548e-05
0.00012524449129948205
0.0
4.107721754386236e-05
6.207651742996256e-05
0.00018270216032996765
0.32749294959200415
0.00010914017192255887
0.0
0.00014706959223366654
4.655195090579823
-4.655196858237918
-1.7685260876712511e-06
0.002738063368610558
-7.130809796879195e-05
0.0
0.0
0.001216924416374424
0.00012082324243274839
-9.636740923446608e-05
0.0
0.0
0.00017198400024729082
0.00013384295086083856
0.00031743866707504187
0.00088577288874996
0.00018113772291288423
4.727216741193979e-05
0.0005909378540345713
0.0002597624067405946
0.0
0.0
0.0
0.002988977737845294
0.0032306697430270863
0.0
-4.148223499385571e-06
0.0003366313731197744
0.00011401757294841685
0.0001569274012179053
0.0006552902799707779
0.0009436455538774243
0.00014976288901649625
0.00013690780466860223
2.667886764038563e-05
7.758683607607408e-06
2.7257513615140805e-08
0.0
0.0
0.0
9.604155666995412e-05
0.0001523917314064465
0.0
0.0
9.557212023781044e-09
0.0
0.0
0.0
0.0
0.0033246539192164208
0.0
1.73562813876835e-05
0.0
0.0
0.0
0.0
0.007604430712793504
0.002527031715808013
0.0012840615211666335
0.0
0.0
3.844446534828738e-06
3.19953303058336e-05
2.8150883771004864e-05
0.0
0.0
0.003230669743027085
0.003230669743027085
0.00024775835417478504
5.8191692267109496e-06
0.0
3.130410194227137e-10
3.130410111788447e-10
3.13041015272372e-10
5.819169226710861e-06
0.0
0.0006356136614782333
0.0021501129617586528
0.00012520317236970702
-0.0029109297956065932
0.0
3.879341803803599e-06
5.81916922671092e-06
3.901979497854292e-06
0.0
0.0
0.0
0.0033246539192164208
0.003324203740758374
0.0
0.0
0.0
0.0
5.206658394689761e-10
8.586766429172152e-09
2.4185346325193833e-06
8.20554334730725e-06
1.5652052476118844e-10
8.936699326087632e-11
0.0
0.0
0.0
0.0
0.0
0.0
5.81916922671068e-06
5.81916922671065e-06
0.0
0.0
0.00042161517855829957
0.0004216151785582996
5.010091660158035e-06
5.0112288232248225e-06
0.00043820289246235896
0.0
3.199905352673674e-09
1.8952014817460445e-09
0.0
1.8952014817460445e-09
-0.00016627560976700462
1.2387099194053555e-10
0.0
0.0
0.0003104248327696853
0.0
0.0
0.0
0.00022607676543589484
0.00011747529933816952
0.0
0.0
0.00020702516166358668
2.0782676964768932e-05
2.4666892486982095e-05
0.0
1.9370921836501467e-06
6.964000600216726e-05
0.0
0.00012347647667785436
0.0
7.418526221810862e-05
0.0
9.317762586086071e-05
0.0
7.41852622181086e-05
0.0
1.0050355294090793e-05
0.0
0.00022916715229373785
0.0
2.3930927293065216e-05
0.0
0.0001242313994648209
0.0
4.2896778781867076e-05
0.0
4.2896778781867096e-05
0.0
4.289677878186712e-05
0.0
1.2503585213208812e-07
1.2503585213205876e-07
1.2503585214042443e-07
1.250358521377094e-07
1.2503585213491994e-07
5.001434085561161e-07
0.0030574197419628354
0.0030574122787602907
0.003053956218459039
0.0029530314474139115
0.0028992000108878663
0.0022513713046442676
0.0021792763021147607
-0.0001481291876139159
0.0005681239091671142
0.0005681312960746634
2.697809526562691e-07
2.6978095265619937e-07
0.0
0.0
2.7257513614466524e-08
0.0
0.12673423652480598
1.0665110101944542e-05
9.02880365407902e-06
3.577404207167849e-07
2.725751361471104e-08
0.00018949632675151041
0.0
0.0
0.0
0.0
0.0
0.0
0.0011297372817124346
0.00028821765387241775
4.225904764925827e-10
0.0
6.523841462894652e-05
3.6164195181390617e-06
5.1342242945159626e-05
4.324408151472633e-05
3.581994999049416e-05
0.00016452928494540994
0.00014809769514087547
5.3836460981905464e-05
0.0008381743906754025
0.00021395000728901666
0.0005395431998669914
0.0012734969202631862
0.0015159637063832403
0.0005524505618136292
0.00021110963105503954
0.0005040289653045269
0.00010092741448070282
5.024455859361847e-09
0.00019034568443180124
0.00029682703195862357
0.0003845711726678748
0.0001495312922494159
0.00031252384466833207
0.0005763819479633074
0.0003353074325192758
0.00011997921093708229
2.643435572575523e-09
0.015877812010163927
0.00024156746092992537
0.0
0.0
0.0
0.0
0.02544241905707701
0.04063940457881843
0.0001886078128749963
0.0
3.7979770730257996e-11
0.0
2.1249919040325454e-06
0.00023050271141905634
0.0009283333693162914
0.0
0.0
0.0
0.0
0.0
5.2757101221420165e-05
2.968647193559071e-05
0.0005116160929200341
1.6156030184173744
5.099661727083793e-06
0.0
0.0
0.0
0.0
0.0
4.749922427867295e-05
0.0
0.0
9.496097219129516e-05
9.496097219129516e-05
9.496097219129516e-05
9.496073527456926e-05
9.496097219129516e-05
4.925175374890079e-05
0.00010538767270084277
-1.6159217036027087
2.4016277661532377e-06
0.0
0.0
4.765787826470652e-06
4.765787826470652e-06
4.765787826470652e-06
4.7655549034766e-06
4.765787826470652e-06
1.642070107856887e-05
1.3889272150402082e-05
0.0
6.0959099509901015e-05
6.0949966536329395e-05
6.223750901654045e-05
6.095909950990101e-05
6.223750901654043e-05
4.595010391296057e-05
0.0
0.0
9.186273147536388e-05
9.186273147536388e-05
9.186273147536388e-05
9.186249456580603e-05
9.186273147536388e-05
0.40400677281885244
3.033827756005379e-05
7.000751830746549e-09
6.069055662377286e-05
0.0
0.0
0.001632869370027909
4.2335579283652636e-05
0.0
0.0
1.9396709019007806e-06
1.0408015836792787e-05
1.0518669654162974e-05
8.177972925763976
0.0
0.0004756913294590941
-4.926248128823207e-05
0.001683789891482674
0.014157740397997077
0.19689875068124507
0.0
0.0
0.0
0.0
0.0
0.0
0.0
0.0
7.31800294091218e-09
0.0
0.0
0.000723005266369697
0.00012327014837475433
0.0
0.0
0.044508284610017976
0.0
2.364954333011972e-10
0.0
0.002399765972293979
0.002399765972293979
0.0010940722917590715
0.0
7.798979114425415e-07
0.0
3.2517302447485405e-05
0.0
6.608313417766148e-09
4.673080809397833e-05
2.1394439052694173e-05
0.00019879579800911683
7.08442228334757e-05
0.0005246110298766238
0.00014461876591385974
5.597461104223937e-05
0.0
0.0
-0.001581863463060035
2.2961233816784533e-05
1.4740099747207614e-05
0.00017869119561303597
0.0
0.0
0.0
0.0
7.35551092361244e-10
0.0
0.0
0.0
0.00012170040088518557
0.0026590453336028798
0.0024651899864775377
0.0004810534845589511
0.0440792214033401
2.9750568985630497e-05
2.9090109810864785e-10
0.0
0.0
0.0
0.0
0.0
0.0
0.0
0.0
0.0
0.0
0.0
0.0
0.0
0.0
0.0
1.1468828305106042e-09
2.797545028840883e-07
0.0
0.0
0.0
0.0
0.00022473261507702333
0.0
0.0
0.0
5.445526612501321e-10
0.0
0.0
0.0
0.14394931977260056
0.003923956114372252
7.687928303060105e-05
0.0
5.813039354364411e-06
0.0
8.929013557808932e-05
1.7484462300728803e-05
0.00017287234032420447
0.00019966768403791542
0.0
0.0013044052282092636
4.212056613163188e-05
4.212056613163188e-05
4.2120566131631886e-05
4.2120566131631886e-05
0.0
0.010452516704280672
0.0030546597402244108
6.458706307838559
0.0
2.3662137645000756e-05
1.773247913982235e-05
-5.929658505178407e-06
6.119078205491687
0.6264992877894425
0.0
0.0
0.0
0.0
6.74557760150278
2.7975450288388626e-07
2.797545028843033e-07
2.7975450288453123e-07
0.0
0.0
0.0
7.877829674749815e-05
0.0869388260521612
0.0031490761610595227
-3.711368579533146
3.8015589306360162
5.8322070200491165
6.74557760150278
0.01845083406047185
0.0
0.0
0.0
0.0
0.0024651899864775377
6.4995544822429885
5.909496168398154e-06
8.792906298363935e-05
-0.08031469818127282
0.00014606601313344077
2.4503862754602684e-09
0.004000835397402853
-0.0003140763743290253
0.00023546158000534197
3.251730244748541e-05
3.251730244748541e-05
0.0002824768196209877
-7.090639081339546
0.5908075090728325
-5.183981975316596e-07
4.453472897833694e-05
0.0
0.0
0.0007662813035597442
2.5769503511099817e-09
2.396645232533466e-09
0.0
0.0
0.0
4.5309181259854154e-05
0.00035483216207836074
-1.79917237177325e-06
0.0
0.0
0.00015432257416994808
4.444136583667038e-05
8.868866010214266e-08
0.0005042528894654346
0.00040257486705087646
0.00013354030203467318
-2.0179741304018863
2.0179624000931806
-1.1730308706315423e-05
0.00020319552502678416
0.00030722131484661985
1.9781059860396895e-05
-7.796459670845234e-08
-0.0005152443768699708
0.0005740884015863395
3.165453135719807e-06
0.0007406593316585842
5.563323577329957e-22
9.01936565520208
-10.848370795630393
1.828999552569405
-5.587858907690833e-06
0.0
1.1190180115339332e-06
1.1190180115338694e-06
1.1190180115338957e-06
0.0005779771207594357
0.0029690958607669123
0.0
0.04352640835550898
1.531824824354684e-05
0.0
7.06886732632031e-20
0.0
0.0
0.0001895041462079109
0.0
0.0
7.384708405084174e-09
9.147202015753183e-05
6.08539050575584e-05
7.35551092360625e-10
0.0
2.418534632518951e-06
0.0017632940045969002
0.00012779892287942708
0.0
0.0
7.816406663609479e-05
7.816406663609465e-05
0.0
0.0017632844536451075
0.0
5.902743707397309e-06
5.900049187011389e-06
0.0
0.0
5.909496168398238e-06
5.8191692267104346e-06
3.879341803803568e-06
4.231293130410797e-05
0.00024198061534202336
0.00011007661858303609
0.0
0.00033991446338871783
0.0001507550471352929
4.449328734473942e-05
0.0006256234065397567
-1.0419640699717736e-05
-0.0006360430472394744
0.0
0.0
0.0
0.0
-1.2211633296996274
-0.41703542302535823
0.00016803512321168966
2.8135307850804274e-05
-2.8135307850804298e-05
0.0
0.0
0.0030574197419628354
0.00305741227876029
0.003053956218459039
0.00295303144741391
0.0028992000108878663
0.002251371304644267
0.0021792763021147602
-0.00014812918761391636
0.0
1.939670901930879e-06
0.0
0.0
0.006061389854611632
0.0
0.0
2.8427174742481824e-08
9.777485888725363e-09
1.5652051000546592e-10
2.7975450288312716e-07
2.797545028833589e-07
2.79754502883062e-07
2.797545028830588e-07
2.797545028832073e-07
2.7975450288477194e-07
9.3364176845833e-19
0.0020056306717637327
4.473376202696678e-05
0.002036404396752212
-0.00012343527123833558
7.100009467737624e-11
0.0
0.0
0.0008324632441961466
0.0008324632441961466
0.0
5.6149903811938804e-05
-6.457672596107424e-05
-8.426822149135445e-06
0.0
0.0
4.064662805935675e-06
1.0292123947144313e-20
8.876439954172388e-06
-8.876439954172385e-06
0.0
5.81916922671089e-06
0.0
0.0
0.0
-5.9464040715420285
5.946387184826208
1.6886715819427493e-05
-0.006269475453151015
0.004913772672655444
0.0013468263405413993
0.0008324632441961466
0.00028531532791285167
-3.456060301253278e-06
0.00038059369406619127
0.0005705160159710713
0.0
1.526393606945932e-09
1.7367481638624302e-09
0.0001120473873273161
-2.4393839052419557e-06
-2.4393839052419336e-06
1.534892365315514
3.647522153066338e-08
2.4247596416894692e-06
2.206723229851007e-06
2.545116333686529e-07
2.206723229852441e-06
2.2067232298538607e-06
0.04249383825078036
-3.630750409432576
3.6307542541921527
3.84444653482874e-06
0.000500933093939431
1.549122776870008e-05
-0.0012127848678549799
0.0012152029954240412
-2.4159059223894667e-06
-2.415905922389467e-06
0.0008324632441961466
0.0008324632441961466
0.0004995715735018505
-0.0025270317158080126
2.016760641860415e-21
2.5586959491351933e-05
-2.558118475749012e-05
0.0
-0.004831351518260436
0.002508297005991551
0.0
4.044002163663789
4.044002164851765
0.0
0.0
5.977437576804642e-05
7.259309156925045e-05
0.0
5.507640212904808
-5.507640262408355
-4.9900116229114075e-08
-5.787008714787669e-06
1.2577133617461113e-05
0.003918740599659325
-0.003918740599659324
-0.003918740599659324
0.003918740599659325
0.0
0.0
0.00016920624929438454
0.00016920624929438446
-0.007604430712793505
0.002527031715808013
1.2971947627843166e-05
2.9915757711709193e-05
0.00033921316719063454
0.00033921316719063454
0.00033921316719063454
0.0
8.555577844679352e-05
0.0017251313670476182
0.00011289030719504608
0.0016977968382993654
5.649643521993099e-05
0.0
0.0
0.0
1.5405543425502545e-07
8.821500445383839e-09
0.0
7.238437754668934e-05
0.0
5.727376588587537e-10
0.0
1.1004645137116748e-09
2.95556838061314e-07
5.648579959105134e-05
7.23860507488619e-05
5.648620115441751e-05
2.95556838061313e-07
0.0
5.5664083428944154e-05
0.0
5.56729049293818e-05
0.00018613571274029723
0.0006930546903779482
0.003918740599659325
3.0852622882139216e-21
0.0001432342571072426
-0.00014323102268934849
0.0
3.1654531357196823e-06
0.0
0.0
0.0
0.0
0.0
0.0
0.0
5.097278183391042e-09
8.030564838041502e-09
0.0
0.0
0.00016946670634387568
1.1849104494743719e-05
3.2949554575224477e-06
5.5377948659991805e-05
4.129813535477686e-05
2.6919027482064963e-06
0.00022448137105313977
2.0994362021609727e-06
0.0
0.0
0.0
3.771147295414548e-09
0.0
0.0
0.0
0.0
0.0
0.0
0.0
0.0
0.0
6.089301412002739e-05
1.5620665609597962e-05
8.097407515165278e-05
0.00015672297858339477
5.840842257909363e-05
0.00016824144190186616
2.356483556814532e-05
4.199090505879295e-05
0.0
0.0
5.3034005973763914e-09
6.405238534530412e-09
0.0
4.54382363493704e-09
5.5166938236453655e-09
8.243936043989152e-10
1.9306838468610537e-09
0.0
0.0
4.382866550084331e-12
0.0
0.0
4.261309096579628e-05
9.716686057592791e-05
0.0
1.5188769466134612e-09
4.97386702258906e-05
0.0
0.0
4.346322704549912e-05
0.0
4.8080001160779034e-05
0.0
0.0
0.0
0.0
0.00016627560976700462
4.148223499385561e-06
1.926167837314874e-21
9.65499291521139e-05
0.0005416797130836721
0.0006423725315602939
0.0
0.0
0.0
0.0
0.0
0.00029681167825739
2.7257513613865213e-08
0.0
0.0
0.0
0.0004510813394493542
0.0
0.0
4.134326371742167e-09
2.475509712505858e-10
2.4755097125042946e-10
0.0
0.0
0.0
0.0
0.0
0.0
0.0
0.00031235834792566467
1.4737231965687223e-05
0.00032709280415320905
0.0
0.00019035680262493275
0.0
1.3023108799273758e-09
0.0
0.0
0.0
0.0
0.0
3.5495516011437223e-10
0.0
2.7296044946536718e-05
2.729604494653671e-05
2.7296044946536718e-05
0.001999535026238823
0.0
0.00016377439545811053
2.470773678446197e-05
0.0
3.162090070215911e-05
0.0
6.990434186211315e-08
6.084267769216338e-08
0.0
3.1607915148372105e-05
1.1320818707151002e-05
0.0
0.0
0.04549613634663874
0.0002117975172854624
1.9906478447402403e-06
0.00015859010171226346
0.00046354687663121376
2.0782676964768536e-05
2.078267696476868e-05
0.0005446505004206867
0.0005446493535378637
0.0
-2.7257513614767413e-08
-2.725751361477677e-08
2.0782676964768878e-05
1.5908084196341445e-05
5.997289485005734e-20
0.0
0.0
0.0
0.0013507428755881075
0.0
0.0
0.0
0.0
0.0
0.0
0.0
0.0
0.0
-0.0001760924397905868
7.545551131100391e-05
9.612395675821141e-05
0.00015542399434337933
3.673052766665485e-05
0.0
2.7296044946536718e-05
8.009253749357437e-05
8.009253749357435e-05
0.0
1.1321243347994684e-05
0.0
0.0
0.0
2.4713111216666887e-05
2.4713111216666876e-05
0.0
0.0
0.0
1.9989271351952746e-05
6.352905907137313e-05
4.017168733621978e-05
3.1674176745335675e-05
1.131099164304784e-05
2.470306949245113e-05
0.0
-1.9997271425689093e-05
-6.353730665741937e-05
-4.017651987005298e-05
1.0408541714571488e-05
0.0
0.0
1.0408541714571e-05
0.0004885697878192948
0.0002272360919532613
2.7249299726237898e-05
0.0
0.0
0.0
0.000267344043076967
6.010347210933526e-06
4.24466346552599e-06
0.00016946670634387554
0.00016946670634387546
2.797545028835221e-07
1.122057392188903e-06
1.1220573921888988e-06
4.913174130464092e-12
1.0611708616359053e-06
4.9131740962607245e-12
5.011228823224774e-06
-0.0013726927649069425
2.122331732787199e-06
0.00018853899271928352
0.0
2.1223317327649986e-06
4.2446634655262905e-06
1.725958942780283e-05
0.0
0.0
8.06479972960413e-06
0.009357136476963797
0.009357136476964288
0.001350743032108617
3.901979497854293e-06
0.0
0.0
0.0
0.00019385534712534208
0.0
3.0530882178591326e-10
0.0004595235599925153
5.645937605198265e-05
0.08049731267419592
0.010484216574418056
0.19607059409164976
4.11884529294983e-06
0.0006176071862953128
5.61453998395682e-05
3.299984280455872e-07
0.00024826072006983247
0.00027671670962741996
1.2073350218356768e-05
5.225735995996537e-05
0.00037976847370784953
9.876920284755897e-05
3.232218725271093e-07
0.00016239564259520192
0.00020293337104686438
4.360290074354922
0.0
0.6519883816942045
0.004596016257216954
0.002772883766269964
0.00031120473068112784
0.0003117814422436563
5.0640574942694205e-05
5.840650200234273e-05
1.2490104087651949e-05
0.09457398814607462
0.0946593344140266
0.0
1.778960512002542e-05
0.0003989819223865443
2.809467251060739e-06
0.0003866123276191799
3.296866713845053e-05
9.989930207125453e-05
0.0003596347973266081
0.0
1.2381347549927534e-09
2.219410245544918e-09
0.0
3.229165676983047e-07
0.0003797684737078495
0.0
1.9810454504721902e-05
0.0
0.0
5.629654261961784e-09
0.0
0.0
0.0
0.0
0.0
0.0
0.0
0.0010368333657024276
0.0010368333657024276
0.0
0.0
0.0001911627421514074
0.00015883649307534274
0.0
0.0006811188939798764
3.965684706652119e-10
2.6678867640385713e-05
0.0
0.0
1.8036146838876106e-05
0.0
0.000152392571668071
0.0
0.00025796824854758575
1.015183762147729e-09
0.00011428410946191262
0.0
0.00011399532275608695
0.0
0.0003131404047603252
1.312163779829059e-09
7.219889229419992e-05
0.0
9.651146911220276e-05
0.0
0.0005328235246476879
3.946221491812442e-05
0.0
0.0
5.7973766424064515e-05
0.0
0.000164534997630541
8.955517368188337e-05
2.6678867640385686e-05
0.00011007661858303616
7.49734554038996e-05
8.108447369927907e-05
2.200339392664017e-05
1.762791352162084e-05
6.813526315087796e-05
8.283193682896081e-05
0.0001766256193862681
2.5743335613065083e-05
9.964576539568181e-05
6.512299054999423e-05
0.0
3.778156028002726e-09
0.0
0.0
0.0
0.0
0.0
0.0
0.0
0.0
0.0
0.0
0.0
0.0
0.5682668622735774
0.16426009279175016
0.0002750129019018634
1.6887940658827892e-05
0.0027303083058604002
9.725536602237532e-09
9.740923357655514e-09
0.0
1.9399839429520045e-06
2.933286654683235e-09
2.7257513614423398e-08
2.7257513614388346e-08
2.7257513614361482e-08
1.937092183650151e-06
1.5652053204921734e-10
1.565205284491151e-10
0.003918740599659325
0.0
2.0859892628098355e-09
0.002910929823173241
0.0
2.0859892650325343e-09
0.0
1.9396709019291744e-06
1.7518821805030214e-06
1.8778872142444756e-07
2.7257513614639448e-08
2.725751361457483e-08
2.725751361451751e-08
0.000252145578650097
4.8732416541864464e-05
0.0
2.7566648280382176e-11
0.0
-0.002910929823173241
2.9691401451168973e-05
2.414973289242161e-21
0.0
0.0
0.0007209739268591945
0.0028931973990790547
0.00011025317321717775
0.00012499924994659488
0.000426222668520372
7.398905427958568e-05
0.00019310272405915035
0.0001655293676978056
0.00011323864379781709
0.0
0.0
0.0
0.0
5.011228823224917e-06
5.483011908393328e-06
0.00016650098833889755
7.684432660581603e-05
5.699862425502262e-05
2.492126745586188e-05
0.00029251739961918004
0.0008536214123700035
3.2151476379956584e-05
0.00010507346196228398
7.606682261996856e-05
3.2851063122696395e-05
1.4421104289243485e-05
0.00045442287160497364
0.00013651961379402213
0.0003770692961270988
0.0008438882355821302
0.0015164742213941446
0.00011560663639958019
0.0003399144633887179
0.07211596400985373
1.1409746851390012e-06
7.970345029240108e-07
1.9370921836501547e-06
0.00012293912948545932
7.243274972877121e-05
0.00013306900194723803
4.951986311369271e-05
0.00040190254353689425
0.00023809813710443526
5.618101001072131e-05
0.00010807743235392269
0.0
0.0
1.937092183650149e-06
0.0
0.0
0.025631034851834652
0.0
0.04063940457881843
0.0006468516863452187
0.00013418878148757619
9.247922952165279e-05
0.00014598336095575346
6.411383879869921e-05
0.00013789465300356545
0.0001446260508013129
0.00018753128240252924
-0.0010940722917590715
0.0172596133022914
0.044337053025056375
-0.14394931977260056
0.0440792214033401
9.369677017231229e-22
-0.12673414783614587
-0.0003493320935900643
2.8129922018227834e-05
0.0
0.0
0.0
0.0
0.0
0.0
9.904239726548649e-05
2.8129922018227807e-05
1.6261222755873913e-05
0.0
0.00012647040924252043
0.0
5.786229099860597e-05
0.0
5.389853825571508e-05
0.0
9.692440390349779e-05
0.0
0.00012826369284480514
0.0
0.00012717231928371434
1.625177658201119e-05
0.00012646096870093935
5.7857774149654e-05
5.388911529599139e-05
9.691495796952425e-05
0.00012825425098707998
1.851644816194946e-07
1.8516448161948573e-07
-0.0016114430996059114
3.6837142472026426e-22
0.0
0.0
0.0
0.009035351779915502
0.008393273651403532
0.000516464884243986
1.562066560959799e-05
8.09740751516528e-05
0.0001567229785833948
5.840842257909367e-05
0.0001682414419018662
2.356483556814536e-05
4.199090505879299e-05
7.244004773514166e-05
0.00013307667644020863
4.952604263464105e-05
2.2660574470525445e-06
5.491724392685564e-05
5.618669890854865e-05
0.00010807882998965569
7.861043566119333e-05
7.621074073159849e-05
6.758764947341483e-05
6.242688777000257e-06
8.399102981765654e-05
4.768799966984552e-05
5.925448231954212e-05
1.1849104494743732e-05
3.294955457522464e-06
5.537794865999182e-05
4.1298135354776876e-05
2.691902748206515e-06
0.0002244813710531398
2.099436202160992e-06
0.0
0.0
0.0
3.7711472954308596e-09
0.0
0.0
0.0
0.0
0.0
0.0
0.0
0.0
0.0
6.089301412002741e-05
-1.74844623007282e-05
3.879341803803661e-06
2.7257513614789174e-08
0.00026737164968925105
5.010091660156229e-06
0.0
0.0
1.725958942780283e-05
-0.0008262052096806411
2.6373505512175766e-05
0.0003304876375154552
0.00015462833592996424
2.4339848962367587
0.0
0.0
0.0
0.0
1.6258651223742703e-05
0.02675201400374069
5.010091660156784e-06
0.0002846569306691364
7.2084699136195916
0.00013160306688219734
-1.01385258643755e-05
-10.196090009499345
-1.9724279713111723
0.0004382028924623589
5.010091660156463e-06
0.0012015849152948856
0.0016114430996059111
0.0
2.1335047799745814e-06
0.0
0.0
0.0
0.00014861859772130097
0.0
0.0
0.004000835397402854
0.004000835397402853
0.0004995715735018505
0.0008324632441961466
0.0039988882740642885
0.0008324632441961466
0.004000835397402853
0.0008324632441961465
0.0009551259923353695
0.0
0.0
1.033276356081133e-21
0.00021029340775551237
-0.3051843236074736
0.3049587108084406
-1.5319391277446506e-05
-1.9630931552349031
0.0
0.0
0.003324203344627719
4.260496856582152e-05
9.715725539911057e-05
0.0
0.0005550569118817542
0.0007039238963490961
0.0
0.0
0.0172596133022914
0.0
0.0172596133022914
0.0
4.260496856582155e-05
9.71572553991106e-05
0.0
0.0005550569118817542
0.0007039238963490961
0.0
0.0
2.4339848962367583
3.3980105905216407
5.226463078246885e-10
5.01009166015715e-06
-0.00022859689084299883
0.00034086375457031043
3.734298159987381e-05
0.00019126293032912587
0.0
-0.00045971119533833396
-6.8294483819367924e-06
3.382781326896044e-05
0.00017184016191078963
0.0006407666914351204
0.0001474987185548328
0.00012189420259124594
0.0005032806959265272
0.0001120486080656546
0.0
1.2207383385241037e-09
4.9358317751672566e-05
0.0001229400464898722
0.0
9.170044129132726e-10
4.935787677617092e-05
0.0
4.409755016694988e-10
0.00482749977973575
-2.452409707119407e-05
1.7259589427802833e-05
0.0
0.0
3.1999053526737858e-09
0.0
-4.501784580467013e-07
-4.5017845804670057e-07
-4.501784580466997e-07
1.9810454504721902e-05
1.972740224726058
1.972740224726058
9.131673485716301e-05
0.0
0.0
1.939670901900732e-06
7.758683607607408e-06
3.879341803803718e-06
0.00034630548853978473
1.194813222022335e-09
0.0
0.0
0.00021377602552678264
0.00021377602552678264
2.7975450288369727e-07
3.901979497854292e-06
0.0
0.0
0.0
0.0
0.0
0.0
0.0
8.361521630466144e-05
2.5242297017456552e-05
0.00010614843773946105
0.00018827672311651176
0.00011840350808633959
1.1311091884795073e-05
2.8650903758702036e-05
2.1989671183992166e-05
0.00025940957301507896
0.00011241442439175015
0.00035371445592473187
6.034303005093835e-05
0.02195080290581788
-0.021228633598892856
0.0
0.0
6.28809106619021e-08
6.279861860054307e-08
0.0
6.279861860154264e-08
6.279861860296224e-08
1.1190180115338548e-06
1.8592104129844505e-05
0.002360362456976275
0.0
0.0
0.0
0.0
2.4214135061022005e-07
0.0032306697430270854
-0.0032306697430270854
0.0
0.0
0.0
0.0
0.0
0.0
0.0
0.0
3.1304100305936244e-10
3.1995330305833596e-05
0.002523349291163731
0.00016627573363799656
3.580600583915108e-05
0.0
0.0
-1.5549258232081016
1.55490472341011
-2.1107078546084933e-05
0.0
1.8592104129844498e-05
1.85921041298445e-05
3.130410038481589e-10
1.939670901903055e-06
1.939670901903044e-06
0.0033242037407583734
0.0033242033446277196
0.0013468263405413993
0.0
0.0
0.0
7.045144080494406e-10
0.0
0.0
0.0
0.002230068916382643
0.0022300594377560982
1.85921041298445e-05
0.0
0.0
2.0467953169517076e-05
2.8528019382014384e-05
-8.060066212497318e-06
8.064799729604098e-06
0.0
0.0
0.0004362977227479086
3.462368571415307e-05
0.0
3.130410077073997e-10
3.13041005409524e-10
0.0004653620169427895
0.0004276613247630066
0.00041924047403699106
0.0
0.24482229221459242
0.0
0.0
-7.2365088934225525
0.0
0.0
0.0
0.0
0.0
0.0023603190792102348
0.0
7.417624531324171e-05
0.0
-0.028001271705938635
0.0
0.0
0.0
0.0
0.0
0.0
0.0
0.0
0.0
0.0003645230644414156
5.001434085587934e-07
5.001434085588307e-07
2.797545028836926e-07
2.797545028836894e-07
7.798979114425379e-07
0.0001694667063438756
0.0
0.0
0.0
3.5428258708711054e-06
0.003230669743027085
8.177972925763976
4.662605643790317e-06
8.450348101158728
-8.450354229286695
-6.128035041418544e-06
0.0
0.0
5.1687991285811155e-05
0.00010152207775910223
4.927295624181896e-05
0.002543919656466841
0.0
0.004913772672655444
6.606838487939948e-22
0.00019262373368144042
0.0014914315746217478
-0.7032884943322237
0.7045748279045068
-1.2474791303535825e-05
8.218161040503734e-06
-8.218161040503735e-06
1.947123338562956e-06
0.012639251890891334
0.00931154186147973
8.936699287637066e-11
0.0
0.0
0.0
0.0
0.0
9.993782045456312e-05
8.21816104050373e-06
0.0002419391849480741
0.0
0.0003664627353433167
1.9471233385648195e-06
0.06594387162622357
0.0
0.0011853456220225237
7.436430738821287e-05
0.0001490947261499056
0.0002234595416322987
0.00014909472614990562
4.750176470665348e-10
0.0
0.0
0.00028144685363451125
8.727894597586854e-06
0.0007722917205150824
0.0004908436789042637
0.0
-5.149168494415759e-06
-5.149168494415759e-06
-5.946359540354221
8.556372374505748e-19
0.0
9.702308883455548e-09
9.738501211950958e-09
0.00042184720314240854
0.0004218472031424085
0.0
0.0
0.0
1.9471233385629615e-06
0.0
5.704660571167323e-10
0.0
-0.0012015849152948854
1.840666364979493e-22
-2.106718250549291e-07
-2.112422911120457e-07
0.0
0.0003389334126877514
0.0003140763743290253
0.0
0.0
0.0
5.001434085612872e-07
5.001434085612944e-07
0.0003389334126877515
0.0003770692961270988
0.0010940722917590715
0.0003770692961270964
0.0003140763743290253
0.0003140763743290253
0.0003770692961270988
0.00037706929612751693
4.78394169056277e-07
5.094231094195015e-07
6.5419884241107e-07
0.0
0.0
0.0
0.0
0.0
1.5405543426338725e-07
1.5405543426334664e-07
0.0
0.0
0.0
1.5405543426326205e-07
0.0
0.0
4.514280139269792e-05
0.0003770692961270988
0.0003389334126877514
1.5405543426316617e-07
1.540554342577357e-07
6.300228333180461e-05
0.0
0.0
0.0038748880712029202
0.0
1.5405543426040614e-07
1.5405543426303226e-07
1.9396709019030655e-06
4.064662805935662e-06
2.124991904032584e-06
0.00020747155972495481
1.7259589427802833e-05
7.797448316351892
-7.797448310440575
0.0
2.9691401451168966e-05
-0.00013891787243242192
-0.00013891787243242194
7.780723164304286e-05
0.00010055271043895037
5.086106987779365e-05
7.75222163138136
-7.7522219180168745
-2.781301901441633e-07
0.0001694667063438757
-0.00471865909727498
1.6884642344127024e-21
0.0007324739298408655
-0.0007324660724993854
0.0
-0.0010379802129643068
0.0
0.0
7.780723164304284e-05
0.0008288288177309369
-7.541305420539961e-06
-0.0008363701231514769
0.0
0.000509558729267668
3.694268869186013e-05
0.0
0.0
0.0
0.001748190153853268
0.0
0.0
0.0
0.0
0.0
0.0
0.0
1.4316204162719203e-05
0.000544568950726343
0.00043404608474610423
0.00012780510205641208
2.9660319134541783e-06
