0
0.0
1.69071937479586e-08
0.0
0.0
1.2415855566444665e-07
1.1317899288896883e-06
0.0
0.0
0.0
0.0
0.0
8.543464663591329e-08
0.0
0.0
0.0
0.0
0.0
0.0
0.0
9.52242919726123e-09
0.0
0.0
0.0
7.568723393723239e-09
0.0
6.865375972349504e-09
0.0
0.0
0.0
4.294235336549629e-09
0.0
0.0
0.0
0.0
0.0
1.5062450060278024e-06
3.2735493204782023e-10
8.081409332251773e-10
1.79098720649309e-08
0.0
0.0
0.0
8.024891608196075e-09
0.0
0.0
2.2221620895760503e-08
2.145294297755011e-06
0.0
0.0
0.0
6.577972513085657e-17
0.0
1.852894442816585e-07
0.0
0.0
0.0
0.0
0.0
0.0
0.0
0.0
0.0
0.0
0.0
9.901929403680903e-09
0.0
9.09801434981312e-09
0.0
0.0
0.0
0.0
0.0
9.620609012827611e-09
1.0153194295514298e-10
1.0849199203545068e-12
5.461557571950277e-10
2.112690317748795e-19
0.0
1.117576962775413e-08
0.0
0.0
1.0153194257567222e-10
0.0
0.0
0.008097774952355778
4.898164084449457e-13
3.5762771568323466e-11
0.0
9.811651980591384e-09
0.0
0.0
7.556440544452552e-09
0.0
2.2200319294918032e-08
-1.2727958304478797e-08
5.670906695299293e-09
0.0
5.59817007374984e-09
7.40386630152885e-08
0.0
0.0
0.0
0.0
0.0
0.0
0.0
0.0
0.0
0.0
0.0
0.0
0.0
1.2665683673292572e-09
0.0
0.0
0.0
0.0
0.0
0.0
0.0
0.0
0.0
9.817899349177365e-09
0.0
1.174633215118053e-09
0.0
-1.3273740577801618e-06
1.2831731552864767e-06
5.113274113060083e-09
0.0
9.174821198286205e-09
0.0
3.6274626839413053e-09
0.0
8.545342225822876e-09
9.410965774695185e-09
0.0
0.0
1.9448647550795295e-08
0.0
1.4619704645005959e-09
0.0
0.0
0.0
0.0
0.0
0.0
0.0
0.0
0.0
0.0
0.0
9.590490690573345e-09
0.0
9.801756045958976e-09
9.501730101895912e-09
9.393063627531628e-10
0.0
2.692226187757306e-09
0.0
0.0
0.0
0.0
-0.0013524635321571221
1.0439341937241828e-06
0.0
0.0
0.0
0.0
0.0
0.0
0.0
0.0
0.0
0.0
0.0
0.0
0.0
0.0
0.0
0.0
0.0
8.169232388996906e-09
0.0
3.2547018093964653e-06
8.442743490191287e-09
0.008100683957954047
0.0
2.8127706709455835e-07
0.0
0.0
0.0
0.0
0.0
2.2971003925455012e-09
0.0
0.0
0.0
5.152933687065686e-08
5.756784201952351e-09
0.0
0.0
1.9008284342009493e-08
0.0
9.478747370510213e-09
3.807402880383418e-09
1.4906448314551106e-08
3.6629076461326166e-08
0.0
0.0
2.100907648480135e-07
8.629116957040588e-09
0.0
9.310572147807263e-09
0.0
1.4707618671788023e-09
0.0
0.0
0.0
0.0
0.0
0.0
0.0
9.388635260319938e-09
0.0
0.0
0.0
0.0
7.526758651609e-20
2.418773370713541e-09
0.0
0.0
1.6921657288284167e-10
0.0
0.0
9.767199860196001e-09
0.0
0.0
2.654931829937368e-12
9.71548007434413e-09
1.0380345427811214e-08
0.0
5.904702889606443e-10
-1.4528472851438323e-06
6.297184995673888e-12
0.0
0.0
0.0
0.0
6.698809232691263e-21
4.663123521678765e-11
-0.008100792055889094
0.0
0.0
0.0
0.0
0.0
0.0
0.0
9.462575331734517e-09
0.0
0.0
3.9386866475601967e-07
0.0
3.2725249694015636e-09
7.159986454467593e-09
0.0
0.0
0.0
0.0
0.0
0.0
0.0
0.0
9.702358236170393e-09
4.719915889217583e-09
1.3937191207542577e-11
1.5755557115297906e-07
8.58143531703197e-09
0.0
1.1886283882800768e-09
0.0
9.360177155721192e-09
-8.239755337996306e-11
9.656629418074233e-09
0.0
0.0
0.0
0.0
0.0
-3.677699511559244e-07
0.0
0.0
7.624394227466785e-09
9.888249487351302e-09
0.0
0.0
9.828521236692472e-09
0.0
0.0
0.0
0.0
1.0477913723290286e-07
0.0
9.721550192412672e-09
0.0
1.814324017987117e-08
1.865281322869579e-08
5.6709067589733355e-09
0.0
0.0
2.013773968038874e-20
0.0
9.607314959480385e-09
1.78910783839688e-08
0.0
3.4438148914014495e-09
0.0
9.671897477223093e-09
6.458078304945303e-09
8.30210720242594e-09
0.0
0.0
0.0
2.389423162055824e-08
0.0
0.0
0.0
0.0
0.0
0.0
0.0
0.0
3.2078100433682916e-05
4.671878494688532e-09
0.0
0.0
7.013677927680463e-09
0.0
9.592029273145755e-09
2.3888365738986836e-10
4.2079921142371725e-10
4.207992148039836e-10
1.953310592047403e-08
9.939735896840447e-09
6.075891016533517e-10
4.166142732600921e-10
5.405676309085741e-10
0.0
9.646874960573568e-09
9.646874965518748e-09
4.8025310383327484e-09
9.77258689649885e-09
9.966511919709506e-09
9.898465058917663e-09
2.0663065719924054e-10
1.101121593103388e-06
1.897038775718493e-08
1.121136565887116e-09
8.592254085955127e-08
9.669266053816714e-08
2.0209898834630315e-06
1.7626967837409735e-08
1.2681416044724285e-06
8.697250186678663e-08
6.001300791754419e-08
8.19596472163397e-06
5.880884547314563e-08
1.0390619275255605e-08
8.696205561743222e-08
1.1466412317866636e-06
0.0
6.114066022990677e-08
7.733474454991054e-06
0.0
4.6271131184103284e-09
8.558224042398728e-08
0.0
1.1831182444437272e-07
8.741599054537444e-07
8.195897828302865e-07
0.0
3.094963609579644e-10
2.1191511068059764e-08
9.565696153214074e-09
1.214039113713939e-07
4.7062209372626223e-07
8.134525589183942e-07
0.0
0.0
2.8452403058762433e-08
0.0
0.0
1.970308706276952e-08
0.0
5.186244937074047e-06
-1.7039475369958207e-10
0.0
6.12477010170265e-10
4.4799644415858923e-10
9.938261566564549e-09
6.970476484915273e-08
2.598723613080012e-06
5.741652368111004e-08
9.652940193200911e-08
5.7416481828816664e-08
0.0
8.846323598699953e-08
2.0257471340342434e-06
4.485632117442506e-10
8.767202096618522e-08
8.767197903674672e-08
8.767193712810577e-08
0.0
0.0
7.42054175799115e-09
0.0
0.0
8.898952409690473e-09
1.9577046814109546e-08
1.993798604736572e-08
1.983672635819492e-08
6.970477531786055e-08
2.5987236235366386e-06
5.74165341454216e-08
7.667653712222638e-08
5.741649229079627e-08
-9.445512907414744e-09
8.846324645092006e-08
2.025747144471354e-06
4.485736655294841e-10
8.767203145203681e-08
8.76719895174041e-08
8.767194760357113e-08
6.970478578682602e-08
2.5987236339935593e-06
5.741654461019326e-08
7.667654756712576e-08
5.7416502753245764e-08
0.0
8.846325691320109e-08
2.025747154908619e-06
4.485841257457599e-10
8.767199999832236e-08
8.767195807927327e-08
0.0
1.0110941583602547e-08
5.613985637805213e-10
0.0
9.522429197230709e-09
2.5392692279431977e-10
1.6878574606375374e-16
0.0
9.553882866274804e-09
0.0
5.769230096242298e-10
-3.652598754280404e-08
-4.294235377621321e-09
0.0
1.690719365423551e-08
9.1028844180128e-09
0.0
-9.730161823614733e-09
2.0583316502646424e-05
8.808536669268392e-07
1.096257623925766e-05
2.0394781522309218e-07
3.6454116155052847e-07
1.5702256756930932e-05
2.764559850070121e-08
1.858150991817442e-05
2.547273904004889e-06
2.6980201982883008e-05
0.0
1.953310591965881e-08
0.0
5.671369330779075e-19
1.462756732001657e-05
8.740867089385465e-06
0.0
9.810428754086775e-09
0.0
-2.53483904949503e-07
-2.621775208426491e-07
-2.522870081602565e-07
-2.3373440949034374e-07
-2.8102536889403062e-06
-2.588434871248008e-07
-1.539640527795788e-07
2.0368909788265255e-06
0.0
0.0
0.0020611098123576223
0.0
0.0
0.0
0.0
5.313343211078518e-06
0.005308869687125771
1.790987207101872e-08
2.201408799522138e-10
-8.474584496847834e-09
2.626044766258473e-09
0.0
2.4766254303654205e-06
0.0
1.153963820902281e-08
0.0
4.4838795158930636e-05
4.483879515912388e-05
3.058048331464268e-11
-0.08954197451287255
1.7587896283437897e-07
2.4766162176956084e-06
0.0
0.0
0.0
9.913027504149323e-09
9.913027628861946e-09
8.27024785118833e-09
0.0
8.270247776806984e-09
2.538112602139264e-07
2.6217752106700104e-07
2.5228700837112705e-07
2.241089215162765e-07
2.810253689091227e-06
2.895659338246481e-07
4.366328922511195e-08
2.0357055554272373e-06
-1.1968371078567249e-07
1.3129030959391396e-05
2.2221621219973464e-08
0.0
0.0
0.0007861305892256365
0.0007861305893397119
-1.3129030959518582e-05
6.551310162564888e-09
1.32929658339624e-05
8.990874081609878e-09
2.345319258929974e-10
1.8246361993259818e-07
1.5129883901966518e-05
3.929058104107969e-08
0.0
0.09025834849107396
-2.1452942977837803e-06
2.1452942978160654e-06
-4.475166560879984e-06
2.968921554751602e-06
-1.5062450060908672e-06
3.427152408926931e-07
0.0
0.0
2.3756880579492815e-07
9.957627254818466e-09
5.988377866643851e-10
0.09094366153975741
-4.930227976478087e-06
7.80054935572031e-09
0.0
1.2667982625200138e-06
2.5419172039419255e-05
0.0010609197389933234
5.35938695105736
-5.3593869111820425
9.964229585661297e-09
0.0
0.0
9.897752610777183e-09
9.898111755037198e-09
1.484177606861761e-06
1.2717664482248763e-07
3.5789262320951304e-07
2.0765380563943594e-06
8.658630008782919e-07
2.0765380567868253e-06
4.974948881599801e-06
7.851366328846789e-07
0.0
1.1077026020030338e-06
1.9020146325116554e-06
4.2764181687951597e-08
0.0
0.0
0.0
5.402169163334582e-07
5.738057012477932e-07
8.187836728313783e-07
7.751048177503926e-10
0.0
0.0
6.028745281500329e-10
1.2894486198980734e-06
8.381636655926105e-08
4.2572358949875695e-07
5.634901419088322e-07
1.3853663558514263e-07
2.022180927508041e-06
1.6326392247085416e-07
-4.4838795158803554e-05
6.577963958752753e-17
1.2415866979167568e-07
8.662928610014831e-07
8.658630016448966e-07
-8.658630014264646e-07
0.0007481667611696586
-1.7567571401894756e-07
-1.8528944423223948e-07
0.0
1.559757100164529e-06
8.950084571599914e-07
9.91985372847165e-09
5.712629510018228e-07
-4.215090503630753e-08
0.0
-3.102549625455531e-05
3.116203038428265e-05
0.0
1.7191930079361293e-06
0.0
-2.670450484387743e-05
2.5002240837296817e-05
8.51790702119261e-09
0.0
9.831307190780042e-09
0.0
2.569979174207352e-06
1.0236898822070876e-05
0.0
0.0
3.990978596964108e-09
0.0
1.1224841228737427e-06
1.122484123107831e-06
9.852979801411229e-09
9.85297997902292e-09
3.990978596213335e-09
3.990978597022151e-09
0.0
0.0
9.78080300232574e-09
0.0
0.0
0.0
1.657609317983227e-06
0.0
5.499067163125431e-07
0.0
2.6167643485085672e-08
4.2697841071111004e-11
2.592962178352086e-08
0.0
8.27024776226774e-09
-9.351611736775709e-09
0.0
0.0
6.493882866816207e-08
2.9841693759491975e-08
9.882969355323151e-09
9.973102662457644e-09
6.12188235304055e-10
2.4667031903170063e-06
8.288206968008126e-09
8.288201177365485e-09
2.698020198287673e-05
0.0
0.0
0.0
0.0
0.0
1.6316487374325907e-08
0.0
1.2820349298854553e-09
5.758670692729282e-09
1.4784954165965409e-07
1.4462418868374637e-06
8.28722070735786e-10
0.0
1.3299800228896618e-05
7.708839245648332e-09
0.0
3.4614078359353403e-08
1.3683642015247578e-05
3.8461859081689375e-08
0.0
0.0
7.894005670784578e-09
4.548924297921096e-09
0.0
2.7663261865474497e-08
4.925668471244331e-08
5.9158614116256255e-08
4.925668471288835e-08
4.92566847125753e-08
4.9256684712628017e-08
1.3812241281447485e-18
1.381232985864605e-18
8.890445154371242e-07
-8.906521600238193e-07
0.0
7.894006284693729e-09
0.0
0.0
0.0
5.590861572222687e-09
1.0174810808477597e-07
1.0174810840552921e-07
6.28771414486404e-17
0.0
0.0
6.069439634776252e-10
8.445365629050627e-09
0.0
0.0
0.0
1.5552298352999046e-06
0.0
0.0
1.5437916461289543e-06
3.002102421390433e-17
3.4861062075288785e-08
-1.8429625176484294e-08
9.92484289525264e-09
0.0
0.0
0.0
0.0
-8.445365573885066e-09
0.0
0.0
0.0
1.8650187055271816e-08
0.0
-2.957945821914498e-06
2.9974938335443895e-17
2.1611227225344748e-08
5.4178640025123735e-06
8.091237713376158e-06
0.011451324269856063
-0.011464851589124692
9.900269570974453e-09
0.0
1.3711077891498082e-07
-0.0016194608429322029
0.0
2.7110171805183254e-08
4.2986105237019477e-10
0.005081604661903993
2.5642292689519777e-09
0.0
6.590334911665576e-09
0.0
0.0
0.0
0.0
3.578926121900592e-07
9.543712774860526e-09
0.0
9.351516334837449e-09
9.35150934466833e-09
0.0
0.0
0.0
-2.6701061437599226e-10
0.0
0.0
2.0892516742613586e-15
1.112676825528416e-15
2.9297183690568625e-15
0.00043024968553107294
0.0
8.543464658981617e-08
0.0
-0.000430239769413887
0.0
0.0
0.0
0.0
0.0
-5.467056775258148e-10
0.0
-1.0308856544377631e-06
0.0
4.729580551602117e-16
3.100786699780617e-08
5.199476826238116e-05
0.0
5.202577612937897e-05
0.0
0.0
4.86697320884532e-06
0.0
0.0
0.0
7.654176986531002e-08
2.0334857944474862e-16
7.424182766959082e-16
0.0
0.0
0.0
0.0
0.0
2.9841693859334104e-08
4.763144208611986e-10
0.0
0.0
-1.8002115547532462e-09
0.0
0.0
0.0
0.0
9.92223938775095e-09
5.639824369261405e-10
7.184507580397364e-20
0.0006515316052939026
0.00044951401293234544
0.00044952368400951896
3.1668432637444653e-10
0.0
9.503208356625242e-09
1.9037765887822418e-06
5.572819171957766e-08
0.0
9.929221601471447e-08
1.0553904649663572e-08
1.5249854097125857e-09
9.503208081899049e-09
1.9037765884328682e-06
5.572819144718981e-08
-9.130171862769881e-09
9.926932428649211e-08
1.0553904301802947e-08
0.0
0.0
-1.0153194257567222e-10
8.726268250882794e-07
9.920753686205853e-09
8.70964713238177e-05
8.70964713238177e-05
-0.0080977843836014
-0.008037295314059612
2.675766895493561e-10
0.00020385006594602023
-4.898164084449457e-13
0.00020385033303289339
0.0
0.0
1.941621655573277e-10
0.0
4.335585750109357e-08
0.0
0.0
4.9431381673863374e-08
4.943138167354508e-08
4.943138167333371e-08
5.9243033654088534e-08
4.943138167349701e-08
1.0776974953596186e-15
0.0
0.0
8.712612302407763e-09
0.0
6.870563014952457e-09
0.0
0.0
0.0
0.0
0.0
8.904520793041787
0.0
1.0145903913422377e-06
-8.904521798002966
0.0
8.904520790969016
0.0
0.0014376627499913003
8.729947871747427e-07
9.911343003454783e-09
5.532506050997953e-10
6.858799838571808e-10
1.3680884596981107e-07
-1.3680884592738324e-07
-1.1637045145140695e-08
1.1030076365674778e-07
1.5226449520061952e-09
0.0003943311226985991
0.0
0.0
1.765523236679503e-05
2.2186495766838627e-08
1.7655218543275774e-05
5.305060239892801e-09
-7.466682345686055e-09
0.0
0.0
-5.670906692705882e-09
9.320298842495518e-09
9.320298973191139e-09
9.320299102812124e-09
0.0
3.496837893858431e-06
0.0
0.0
3.5194677090428607e-06
0.0
0.0
0.0
0.0
2.9701713190972074e-06
-6.44793982143345e-08
3.0531097063175915e-06
0.0
3.000347155630242e-08
0.016188602354539942
3.4336884329118863e-06
0.0
4.184993470160621e-07
8.900344487111655
-8.900344447739108
9.874743358293317e-09
3.897613538447169e-06
-0.0003895390274144795
-2.7123319572451855e-08
-2.7123319532484847e-08
0.0
7.037125852582076e-07
-2.6528415087517256e-05
1.9939827805384535e-08
6.110706367187532e-10
9.463750313997376e-06
3.4104848471916076e-05
0.0
4.5599032866881165e-06
1.3730627869002359e-06
0.0
0.0
1.2604361123831803e-06
0.0
9.969781703325631e-09
9.646874897805376e-09
5.042160214651776e-08
2.0429098511500474e-08
9.55925451074003e-09
-8.54346466128806e-08
9.2943306662338e-08
1.970159920425626e-06
5.307099483632697e-06
4.62568117657637e-07
1.3091712243229536e-07
0.0
2.3431180523540416e-07
8.941137154870195e-07
0.0
0.0
9.92223926053884e-09
5.580006428812797e-10
5.340820212016341e-10
0.0
0.00039010629088930096
1.976867885264864e-08
5.192302018164979e-10
9.947534387724337e-09
0.0
2.756627036047538e-10
9.629400016976772e-09
0.0
1.4775329274943947e-07
-1.500286023163164e-10
-2.197057674688035e-05
6.015598692018144e-10
1.992478506874289e-08
9.964394522688066e-09
0.0
1.7587896273192533e-07
3.058047846844132e-11
0.0
9.160668208534322e-09
0.0
-9.76032968214494e-09
0.0
7.816625166108603e-10
4.271799486226218e-19
0.0
2.042909903444223e-08
2.0429099198759314e-08
7.508205639359374e-08
0.0
2.6789063574451996e-16
0.0
0.0
0.0
-1.568596432079258e-11
0.0
0.0
7.464160894404484e-09
0.0
9.837096994619321e-09
4.579211225682504e-09
0.0
0.0
1.2415855571707204e-07
0.0
0.0
0.0
1.4775329268500784e-07
0.0
5.914730136917585e-10
1.9911816057204837e-08
9.96166600974297e-09
0.0
1.2162291463485943e-08
0.0
0.0
5.104949085552905e-09
0.0
0.0
0.0
9.737152116001162e-09
2.4563787811908825e-09
0.0
0.0
0.0
0.0
0.0
0.0
9.522429197592053e-09
0.0
0.0
0.0
0.0
0.00045370774452246665
2.6048815922380054e-09
0.0
0.0
9.930909642850555e-09
0.0
-8.030228071506738e-06
0.0
-3.0246322832896263e-10
9.199104748862274e-09
-8.604555079951351e-09
4.679994993531415e-10
3.5121893348782266e-10
0.0
1.3535151769299453e-05
0.00040185682250566023
1.9499615717840464e-08
4.371606601429453e-10
1.1815697883299962e-05
0.0
0.0
4.0798092756286754e-13
4.680015657521357e-09
0.0
1.9483034766025705e-08
2.6077198961703436e-06
0.0
6.681112573334816e-08
0.0
0.0
1.0475356845002664e-07
0.0
6.24829993662813e-08
2.0580004436771267e-10
0.0
0.0
9.288352602262838e-08
2.0348443866002476e-06
0.0
1.006622403261184e-08
0.0
9.688203019724825e-08
0.0
9.683070376161743e-08
0.0
9.688194652128534e-08
0.0
0.0
0.0
0.0
0.0
0.0
0.0
-2.5381126013586386e-07
-2.6217752099183533e-07
-2.522870083000034e-07
-2.3373440962218273e-07
-2.81025368904092e-06
-2.5884348720958343e-07
-1.5396405284896775e-07
-2.0466001373925998e-06
6.6543444726714e-08
6.771272662177895e-08
0.0
0.0
0.0
0.0
0.0
0.0
0.0003163230826445096
0.0
6.17685654952707e-09
0.0
0.0
7.512631117789282e-07
2.1739872709848924e-09
0.0
0.0
-4.612294994657634e-10
4.744319644266521e-10
9.831307189386038e-09
-2.5585109700790396e-05
7.006670492939748e-08
0.0
0.0
1.5995074473029247e-05
0.0
7.24153256361341e-06
0.0
7.805927395119607e-06
0.0
2.574804658293582e-06
2.5864354451805235e-06
0.0
4.1338515305828185e-08
1.0107254324086689e-06
1.115454996469786e-05
0.0
0.0
4.2836805431182904e-07
3.547552400456606e-08
0.0
9.916165980404584e-09
2.5320671278098907e-06
1.769403963869963e-07
9.896351641495118e-07
9.151613116619201e-06
1.0101682784198967e-07
2.027632052956901e-06
4.3926263633843885e-07
0.0
9.89600696687066e-09
0.0
3.8961800277309505e-08
-3.601530238313025e-10
0.0
0.0
-3.6015279984546095e-10
-0.0009441956655828337
2.46194876069028e-07
0.0009543621834453788
0.0
1.0624847827812275e-09
0.0
0.0
4.321794910924171e-05
1.728092459313799e-05
0.0
0.0
0.0
0.0
0.0
1.8787839866292955e-08
6.296537512724082e-06
0.0005675866046733675
1.3176785945365642e-06
0.0005358145224270231
0.0
0.0
9.869077565567557e-09
9.869077627676038e-09
9.869077689836942e-09
1.8069048191395386e-08
7.438320032512522e-08
0.0
1.6601177715447454e-07
1.6601177715468405e-07
1.6601177715430905e-07
1.75186598352697e-07
1.6601177715440945e-07
2.2916811623384924e-08
0.0
-2.6793512134304365e-05
1.2553463519113554e-05
0.0
0.0
2.5069242079772643e-05
2.506924207977237e-05
2.506924207977224e-05
2.507286954245643e-05
2.506924207977244e-05
7.935720636701123e-08
0.0
0.0
1.1096264857308962e-07
1.1950799079605345e-07
1.1100112697411592e-07
1.1096264857168194e-07
1.1100112697216781e-07
1.843700774482863e-08
0.0
0.0
1.4962232680349056e-08
1.496223268007009e-08
1.4962232679891833e-08
2.437319845474492e-08
1.4962232680048908e-08
6.696032737295295e-06
9.486427812592452e-09
2.026991965200425e-08
5.9512693880386666e-08
0.0
0.0
1.0063291148837945e-05
0.0
0.0
0.0
0.0
0.0
0.0
7.834617858331375
-1.3010426069826053e-16
0.0
0.0
6.048135163367911e-05
0.00018059240203443575
0.0006756302640781529
0.0
9.090631968383357e-09
9.813960491977195e-09
1.852975692416415e-08
8.715796429334812e-09
0.0
0.0
-1.461970466128809e-09
0.0
0.0
-1.9448647550806197e-08
6.285127592140469e-05
0.0
0.0
0.0
0.0007891565362745656
1.4524959021443469e-08
0.0
0.0
9.8236122274379e-05
9.823612227437899e-05
4.883908222270514e-06
0.0
0.0
4.222253912982973e-09
-9.690692356450733e-09
0.0
1.712131023171443e-08
1.273132132489769e-06
9.065076132544322e-08
4.244415545442508e-07
5.577314711714222e-07
0.0
5.759390406174627e-07
1.6243520035824535e-07
1.597434192127753e-08
9.817627743917683e-09
-2.566397977623279e-05
1.4039588277612798e-07
4.4896915130407834e-08
3.785071016973501e-09
0.0
4.770303170268048e-10
0.0
5.158611968787195e-10
9.037766243128596e-09
9.620128693654806e-09
0.0
5.036888224615255e-10
2.3003186350789054e-05
0.0004733361891870668
0.0004416264249879703
0.0001241903923250956
0.006056164744310366
9.137032086141444e-09
9.558685042173762e-09
2.0607025262507765e-10
0.0
0.0
-2.373695052992717e-10
0.0
0.0
0.0
0.0
0.0
0.0
-9.501730101996956e-09
-4.453340294311794e-10
-4.4533402922603927e-10
1.1873776540580238e-09
0.0
5.4678850402596574e-09
1.941803461209379e-10
2.0303055272924066e-09
2.030305526132259e-09
0.0
0.0
3.9795388854597255e-06
0.0
0.0
0.0
9.863753732691006e-09
5.063832444058527e-10
9.55990715424127e-09
2.072728592146657e-10
0.0003798330285097536
-1.6891016297038153e-06
2.545177583276145e-06
0.0
0.0
2.3631010663970993e-16
6.72627376062635e-06
4.077742825295324e-08
0.0
0.00026878495927597115
0.0
0.00012407992800487938
4.306118472377995e-06
4.306118472187316e-06
4.306118472502751e-06
4.306118472627206e-06
0.0
4.493436345763546e-05
2.421905266138397e-05
3.6546792777678925
0.0
1.0900776692267746e-06
4.6143475437008565e-08
-1.0439341937561168e-06
0.0
3.654310413404059
0.0
3.4788399200937866e-09
0.0
0.0
3.6543104038015195
1.9418546565889893e-10
1.9417527585356895e-10
1.9417025511433263e-10
1.0424248131357672e-09
0.0
0.0
0.0
8.623167831242977e-05
0.001265116686858454
-5.035306633014595
5.036659096546752
0.0003688643638329126
3.65431040380152
0.0005987519310266499
3.124257184451258e-17
1.5555876500133827e-08
3.848030093126876e-10
0.0
0.00044162642498803275
-1.8221527398054604e-08
0.0
1.570771328210027e-06
-0.000101219338372871
2.1594794803539022e-07
0.0
8.560759536005013e-07
-5.507698329359914e-07
5.944628807341518e-07
0.0
0.0
2.640019198999333e-07
-2.128838012538381e-07
0.0
4.0151462419890496e-12
1.3172642453668919e-09
0.0
0.0
0.0016464235045186566
0.0
1.112191049439286e-08
0.0
0.0
2.545762370835167e-10
0.0
2.592537123704686e-07
5.115676429254448e-10
2.7251062147399604e-10
9.626197376534027e-09
2.5566087293683884e-05
1.676010462871693e-08
0.0
1.7194198866167106e-05
2.9437773997028346e-07
7.764226382157155e-06
-0.1609560186209924
0.1609560278152576
0.0
2.5580069916688083e-06
2.64802473954904e-06
2.8522722226989974e-06
0.0
-2.2166046674423987e-06
3.7494940533217133e-08
1.7896494415317792e-05
1.627346801224647e-07
0.0
8.423480083431853e-05
-8.509860981670534e-05
8.832065216235306e-07
2.5277736364642944e-10
3.545944300664556e-16
7.751035076211124e-10
7.751017045718166e-10
7.751024257542549e-10
7.780461274269632e-05
7.78490954708547e-05
5.243435475615722e-10
0.00605608735148662
0.0
1.180337149507489e-16
0.0
1.597434200721328e-08
0.0
7.49089124499921e-07
0.0
0.0
1.9528374477725095e-08
3.8849450571587465e-07
1.2125725707376092e-07
9.037766310679313e-09
5.823627915759834e-10
0.0
1.2172530785120912e-05
5.487419151183814e-06
3.9658694909878206e-08
5.814533161493221e-10
1.0206779002224726e-07
1.0206779015668747e-07
9.930910099483387e-09
1.2162677423649751e-05
0.0
2.0008475066453658e-08
1.1508897163243554e-07
1.247646520740582e-07
9.822336448752148e-09
0.0
0.0
0.0
4.652700541645275e-06
0.0002734376598176868
0.0
0.0
0.0
1.282240582521646e-07
2.4449365288772564e-05
1.948220202999746e-07
5.894166020233041e-10
-1.7526034423046737e-07
-5.7051785209027576e-09
0.0
0.0
1.950256121433034e-10
-0.008100703771370732
-0.008140951413627896
0.0
2.812770670678892e-07
-2.7164269158584254e-07
0.0
9.908084249473013e-10
-2.538112600578013e-07
-2.6217752091688986e-07
-2.5228700823061445e-07
-2.3373440955626323e-07
-2.8102536889906132e-06
-2.684756654335735e-07
-1.4436022343787296e-07
-2.0466001373634296e-06
-8.948033958754154e-09
0.0
0.0
-7.5687233937118e-09
6.179533248967806e-06
1.336623702710609e-07
0.0
2.976747707652564e-08
9.94758724971922e-09
0.0
1.937454412017081e-10
1.9404466720539065e-10
1.9345022141907705e-10
1.935968712188845e-10
1.938941114116063e-10
1.9416528415460112e-10
2.0627986639886985e-13
0.0010526159420129746
4.31610990579845e-06
0.00021664029939633822
1.9077203706522835e-08
0.0
9.32220080936685e-09
0.0
4.298603041085434e-10
4.2986027696546513e-10
0.0
4.871131229872905e-07
-4.894102234152429e-07
-2.2971004102434966e-09
0.0
0.0
0.0
0.0
0.0
9.806725830264274e-09
0.0
0.0
0.0
0.0
0.0
-6.136487143128305e-07
6.327993938380572e-07
0.0
2.8874464892323336e-08
0.0
0.0
4.2986027139633016e-10
2.2065356646452474e-06
9.890513091009772e-09
5.4552727654708625e-08
4.1180671276270524e-08
0.0
2.026079993735957e-08
0.0
7.731517770343401e-06
5.771123534413571e-10
9.935570222448394e-09
-3.2304709889611986e-06
3.5839505789637836e-10
0.0
9.575528162530165e-09
0.0
9.575527580215882e-09
9.575527105555423e-09
0.000762771924704259
-6.691947795900433e-08
5.711823568620294e-08
0.0
2.3358664635264812e-05
8.679506422308468e-09
-7.471772675173852e-05
7.47590252424678e-05
-5.1529336935754526e-08
-5.152933690300823e-08
4.298603248512325e-10
4.2986028742857765e-10
8.288211076337426e-09
0.0
0.0
1.391019182417764e-07
-1.448587024438855e-07
-5.756784202074904e-09
-8.662928608002551e-07
7.660673746847262e-05
9.954313219310682e-09
7.451550584276258
7.451550593520504
0.0
0.0
5.365267042579345e-08
0.0
-1.900828434200409e-08
0.04679511910760173
-0.04679509920394472
9.949344178531631e-09
-5.566478792326635e-09
0.0
2.0121100329127602e-07
-1.915930186420337e-07
-2.0121100349179927e-07
2.012110035953084e-07
0.0
-1.2741656502738807e-10
1.4711961032978537e-08
1.4711961222617256e-08
-1.7587896278259407e-07
3.058048085591292e-11
0.0
9.412338110665317e-08
0.0
0.0
0.0
0.0
2.3175128496516608e-07
0.0
2.2913357254467615e-07
-3.807402879953126e-09
1.135997916276253e-05
0.0
0.0
5.8180802398055675e-09
2.2221621868473866e-08
6.484598833923171e-09
0.0
5.712030817741843e-07
3.7022371183712536e-10
9.725466001048212e-09
4.86511493889962e-10
9.84357406170041e-09
0.0
1.1333729280224312e-05
5.907721214628846e-07
1.1344696917819773e-05
0.0
-4.207992181913921e-10
0.0
0.0
0.0
1.9702740391182837e-05
7.878284335403728e-07
2.012110031815944e-07
0.0
4.298346546978358e-08
-2.530742303361917e-07
-2.0047058770203206e-07
1.789649441554266e-05
0.0
0.0
0.0
0.0
0.0
0.0
0.0
0.0
9.310538442327623e-09
0.0
0.0
0.0
9.499444549472903e-08
0.0
4.0204370243844294e-08
0.0
0.0
1.1448643209772471e-08
0.0
0.0
0.0
0.0
2.0460013106169872e-08
0.0
0.0
4.040849406957007e-09
0.0
0.0
0.0
0.0
0.0
0.0
1.5719699141325403e-07
1.1011215932053036e-06
1.8970387875713226e-08
1.1211366643768524e-09
8.592254097317809e-08
9.669266062873309e-08
2.0209898835813713e-06
1.7626967948858966e-08
6.60738852749606e-09
0.0
7.693967426458171e-09
7.777930141803775e-09
9.736795869436997e-09
6.66343156031085e-10
7.345384865885061e-09
0.0
6.365337985435196e-09
0.0
0.0
0.0
0.0
0.0
1.1489298428446818e-07
1.0293699167820783e-07
0.0
4.5471233664046975e-07
5.896644973868184e-08
5.097163133549453e-09
0.0
0.0
0.0
4.1123177942871546e-07
1.3915154404754567e-08
1.3231786886801424e-08
3.102075231088874e-09
8.449324340562739e-11
8.030228071568809e-06
8.543464630395081e-08
0.0
2.4200271967139372e-08
0.00010684982163276285
0.0001069497368189984
3.645790574701723e-10
0.0
0.0
0.0
0.0
1.1323238210541444e-07
0.0
9.47402228073503e-09
9.47402240834024e-09
1.2276813062254794e-10
2.3336535882766084e-05
-5.55653613398821e-19
2.7876094166892935e-10
9.87213096708265e-09
9.787827469252328e-09
9.787827469986499e-09
1.8409645940284176e-09
1.840964594322983e-09
9.880944265746596e-09
9.880944266315324e-09
1.1105018451456904e-09
1.0042211930123185e-18
1.1105018463400776e-09
1.1608120706993373e-05
1.4827545503508202e-06
1.3081272879596949e-05
9.602377875857823e-09
3.097793192471006e-08
0.0
9.822238906065504e-09
4.655025222624178e-10
0.0
3.016782393985555e-09
0.0
3.016782357058441e-09
0.0
-3.8771515488314385e-11
9.6719354772093e-07
9.575089039740751e-07
9.671935479122138e-07
5.322695825707262e-06
3.2099773038803755e-17
8.721842669472017e-08
7.593697190407104e-07
6.114735592900204e-08
8.522046959235056e-08
6.114735450717735e-08
2.7972801660372975e-07
2.702410866252164e-07
6.301697961357961e-10
1.4642900756885366e-07
1.1629819901245507e-08
0.0
6.11540806283118e-08
1.109390843739263e-05
0.00026581600244268277
0.00015855611201397342
0.00043146953658260796
9.157762417330755e-06
0.0
0.0
0.0002530725752200591
0.0002530671073346718
0.0
9.351656048064289e-09
9.351663052178776e-09
0.0
1.226070223267417e-07
0.0
0.0
0.0
0.0
0.0
1.1082617001967226e-10
0.0
1.1082617001967128e-10
0.0
0.0
0.0
0.0
0.0
0.0
-5.1793120145976566e-06
-1.6921657290825266e-10
5.188953602417282e-06
0.0
2.4031643637183328e-06
1.6433104103813656e-18
9.575089041652875e-07
2.779506344366982e-07
2.8758604741127733e-07
9.388155236327744e-09
1.1623773010654585e-08
3.6091945803286326e-07
1.0052103538639209e-08
0.0
7.68791650970104e-07
7.687916501863341e-07
0.0
4.132160318707376e-08
2.977278051627396e-08
0.0
1.769119351155371e-08
0.0
5.5804425121144294e-08
3.82147089033495e-07
7.59837452218743e-07
6.115407926655337e-08
6.547207478443528e-08
0.0
2.6927705994664573e-08
9.87438572810313e-07
0.0
-4.1131035154353273e-10
9.874385729537153e-07
5.82389017740826e-05
2.8013966585593965e-05
4.275332477527988e-06
2.4540081116862118e-09
2.454008111437778e-09
0.0
3.022492170354316e-05
-1.3484945470242917e-11
0.0
0.0
0.0
1.9419528839884835e-10
0.0
-2.654939749695425e-12
0.0
0.0
0.0
0.0
-6.360040034288517e-05
0.0
1.1975156243804928e-06
6.11473574732989e-08
0.0
0.0
0.0
0.0
-3.6039302582065247e-10
0.0
6.206026516817134e-05
6.206026516187523e-05
0.0
1.2415855568195427e-07
8.54321567779194e-16
-1.0380345435181916e-08
-1.015404737795973e-09
3.170976419915867e-05
0.0
0.0
1.5756392663851841e-06
0.0
0.014221113450681618
2.03162170034541e-06
0.000672824282054094
3.2021614085940956e-09
0.0
5.263994166558319e-07
1.4841776069942468e-06
5.281873664411331e-09
6.848758405059767e-08
0.0
5.26408353002083e-07
1.4589661945409609e-06
0.010472395097363972
1.4641089316646108e-06
0.08075591304765013
0.0
0.0002485992294728613
0.0
4.879596739525606e-06
0.0004031892244140191
3.870120257203069e-06
-1.7634302402103237e-08
-3.4102637633527024e-09
1.1834817410026502e-05
-0.00038951091793772456
8.572074877888136e-07
1.4528472851438323e-06
1.4423717470089803e-06
0.0
1.2148214090509412e-06
0.0002921253140663477
-6.297639496612726e-12
0.00029334982107817505
0.0
1.600805125133364e-06
4.224515223586082e-09
0.0
1.959909985669562e-08
0.0
9.912529697225777e-09
1.464699762641648e-06
1.4589661946773239e-06
0.0
0.0
8.421831341169509e-09
9.918847663055669e-09
1.7733187016346793e-10
0.0
7.938543648453849e-09
0.0
1.781226481470245e-09
5.392251329430285e-10
0.0
0.0
3.457617108916717e-05
3.457617108916713e-05
0.0
0.0
2.52661837699408e-05
3.774925819347446e-08
9.893320197777724e-09
1.1096214034280344e-08
9.954313022425829e-09
8.941137150952615e-07
9.950150242897664e-09
9.706160717293755e-09
4.58865964014046e-05
0.0
0.00039008652221051376
9.891879790281648e-09
3.8032718515929986e-06
9.920753588631897e-09
4.213704391011964e-07
9.824774717254775e-09
2.6518689530526128e-05
9.969781440701486e-09
4.498120711712181e-08
9.973102398430463e-09
2.4220724416893837e-05
9.96039081222436e-09
5.731369888929962e-06
9.881991077408856e-09
0.0
0.0
1.307195181801491e-16
1.3580193205380157e-16
2.568575028172702e-08
0.0
0.0
2.2501476702798734e-06
8.941137152912726e-07
0.0
0.0
5.474947960996123e-07
0.0
0.0
0.0
0.0
6.9758670938876545e-09
0.0
5.2838788851656324e-08
0.0
0.0
0.0
2.121871627238117e-08
4.663057765034549e-11
4.66292625944788e-11
9.32652120281489e-12
2.1759643438107957e-11
3.419394895317797e-11
1.243653194525157e-11
6.21748715103814e-11
3.7308893881667134e-11
2.487288856642049e-11
4.974223310822709e-11
0.0
0.008100782209953687
0.008094111120692582
6.249279525415847e-08
0.0
1.0174810859935865e-07
9.958435544065687e-09
9.959037543091215e-09
5.381466300818629e-10
0.0
1.8874162258254935e-08
0.0
0.0
0.0
4.68001542236807e-09
0.0
0.0
2.012110032003453e-07
0.0
9.11120719586923e-09
0.0
0.0
9.766256942448433e-09
0.0
0.0
0.0
8.595440529712567e-09
0.0
0.0
0.0
1.3037214197276378e-05
0.0
5.72952181041851e-10
7.598021388218281e-09
0.0
2.239075721707784e-09
1.1317899288988078e-06
0.0
0.0
0.0
0.0004733602750067658
6.5249891275134445e-06
1.1792489060647502e-06
3.0184202699398076e-05
0.0
8.281484317140085e-08
0.0
2.028898299565802e-06
0.0
0.0
0.0
0.0
0.0
0.0
9.471114237832918e-06
0.0
2.0267480381357883e-06
3.207810043358535e-05
0.0
4.6718784298348915e-09
4.568206769846256e-06
0.0
1.3801077699037948e-06
2.792369422623101e-09
0.0
7.013677821297872e-09
0.0
0.0
2.4561537528911738e-06
2.3252517623016117e-08
3.3464010540312526e-07
1.2667982623219724e-06
0.0
1.8302899147381821e-06
9.513689080950137e-09
0.0
4.680015084716777e-09
0.0
1.258321586723738e-06
7.724496084316828e-08
5.150913284061232e-08
8.215647585635163e-06
3.8644472706157885e-08
6.281904368911066e-10
9.20072687313309e-08
0.0
-1.1150626658429968e-10
4.680015557183528e-09
0.0
1.1317864786868542e-09
1.0176326410348e-05
2.030305526422463e-09
2.461948760796288e-07
1.924015377668061e-07
1.0289850766315977e-08
2.021967747578299e-06
9.301331399942965e-07
8.137030858895657e-07
9.29545713487505e-08
1.1903324484665426e-08
1.8933715226489922e-07
-4.874174824376638e-06
6.352639777590335e-05
-0.00492117897970204
-0.0003798320301125117
0.006056164744310351
0.0
-0.0003163322054213426
-3.8732173263562875e-06
0.0
0.0
0.0
0.0
0.0
0.0
0.0
7.241542893055934e-10
0.0
1.9005638357765417e-06
0.0
4.595110459602759e-07
0.0
1.9347792085740926e-10
0.0
1.0257646671085465e-07
0.0
1.4029559448050406e-08
0.0
1.6086164799880698e-07
0.0
0.0
1.8908699892441143e-06
4.4975780249018527e-07
0.0
9.282304279589395e-08
4.295229187304123e-09
1.513947883132531e-07
0.0
0.0
9.811489621626424e-09
0.0
6.159998289234636e-09
0.0
9.388155236357324e-09
3.0195401376997832e-05
-3.9386866475601967e-07
1.986747763985561e-06
1.101121593002215e-06
1.897038763936928e-08
1.1211364656348466e-09
8.592254074891894e-08
9.669266044551382e-08
2.020989883344929e-06
1.762696772764666e-08
1.2681416043453092e-06
8.69725017232832e-08
6.00130078030821e-08
8.20574552452224e-06
5.880884536771005e-08
1.0390619142940937e-08
8.696205547987304e-08
0.0
1.1831182431474405e-07
8.741599053494396e-07
8.098089797068601e-07
0.0
3.0949624001050175e-10
2.119151093927349e-08
9.499444545954184e-08
0.0
4.0204370208939185e-08
0.0
0.0
1.144864315569925e-08
0.0
0.0
0.0
0.0
2.0460012967716623e-08
0.0
0.0
4.0408492700067225e-09
0.0
0.0
0.0
0.0
0.0
0.0
1.5719699128816606e-07
-4.077742870827578e-08
0.0
0.0
5.1764577491307195e-06
0.0
7.090103233111248e-09
0.0
0.0
0.00038231284825394744
1.7259554439517995e-07
7.625674585985662e-09
0.0
0.001120706981223371
0.0
0.0
0.0
0.0
0.0
0.0004728166793363855
0.0
5.457582612808851e-05
0.004188163312332611
1.1378974302135873e-05
-4.320620878035656e-08
-3.74554308353261
-0.001517583414866408
0.0004537077445224656
0.0
2.376882026918376e-09
0.0
0.0
8.622988666185729e-09
4.5792112253300524e-09
4.5792112263534634e-09
0.0
0.00019210520242818598
9.43355191472054e-09
8.295427593046949e-11
8.560759536119233e-07
8.560759533317488e-07
8.288209302314125e-09
4.298607202702184e-10
8.658630012096062e-07
4.298609413023946e-10
8.560759534393332e-07
4.29860520843497e-10
6.549074947340554e-06
9.882969479618662e-09
5.253069538408857e-10
0.0
0.0
-0.0008332721505930259
0.0008332917744743419
9.845953650926644e-09
-6.828453391368646e-07
9.813960489082592e-09
4.5735104977514367e-10
0.0
1.1168035477412856e-07
8.684411208488493e-08
0.0
4.818709037624361e-07
4.790116243274104e-08
0.0
6.375247311875719e-09
6.352639777583983e-05
0.0
6.352639777577719e-05
7.2162190131187654e-09
1.1168035466803287e-07
8.684411194524741e-08
0.0
4.818709036303446e-07
4.790116233950024e-08
0.0
6.375247188579801e-09
0.001120716807304692
0.08954197451287271
9.88794611302004e-09
0.0
-3.425483400122491e-08
8.740867089381825e-06
0.0
5.335825785028965e-08
9.941058335728465e-09
-0.0010865967697498366
2.583491677281074e-05
2.6452012579686643e-07
2.428371874446847e-05
3.2882117345970317e-07
1.617738116215157e-06
6.466356076113909e-08
3.116238822540076e-05
7.741253617049036e-06
3.7971976877676124e-10
9.735479162298796e-09
2.517393958353626e-06
0.0
0.0
0.0
2.5270959463630873e-06
-3.474751335277957e-10
0.0
1.4038560379623373e-06
4.930756423149411e-05
0.0
0.0
0.0
0.0
2.6048816136752873e-09
-1.5755557115221253e-07
-1.5755557115142648e-07
-1.5755557115060825e-07
0.0
0.0004809618473766274
0.00048096184737662765
6.099848343230238e-08
0.0
-8.581435317031626e-09
0.0
0.0
0.0
0.0010609981625120926
7.894005706358476e-09
0.0
-8.948033529843774e-09
2.3622290659400125e-06
2.3622290659400138e-06
1.94190634203792e-10
1.2415855576969743e-07
0.0
0.0
0.0
1.2831532545543834e-10
0.0
1.2831532228023677e-10
0.0
2.731744003914786e-05
6.81825363554325e-08
2.1966480131061986e-05
0.0
3.768167480118284e-08
0.0
4.682926796625967e-08
1.178798814199527e-05
2.6671152083806135e-08
2.315264783065054e-06
0.0003900482473881677
0.0
0.0037349669061493124
-0.0023211203546169706
0.0
0.0
5.106730855262467e-10
0.0
0.0
0.0
0.0
7.751013440655777e-10
1.3711077859444527e-07
3.5789262337566194e-07
0.0
-1.0781125555219108e-11
0.0
-1.0781125732714755e-11
0.0
2.0429098537202108e-08
-2.042909871477483e-08
0.0
6.602261965459534e-17
0.0
0.0
0.0
8.239755326330703e-11
0.0
8.239755330205543e-11
0.0
-8.978667101227267e-09
5.664762006920079e-06
8.020571442026249e-06
2.743417697065692e-06
0.0
0.0
4.4925323958340535e-08
0.0
8.83031603393647e-09
0.0
1.371107779592974e-07
1.3711077821556372e-07
0.0
0.0
0.0
-9.802278140005546e-09
0.0
0.0
7.494284991250931e-10
0.0
0.0
0.0
0.0
1.9417007411987237e-16
0.0
3.776146313738326e-07
3.677699511542981e-07
1.3711077840531702e-07
0.0
0.0
5.056803323222379e-09
0.0
9.035469662908375e-09
0.0
0.0
0.0
1.1070642011682858e-05
3.5569253082090385e-06
0.0
0.0
0.0
1.7124011806649491e-07
0.0009664146231813701
0.000517049606254823
1.5227292449659438e-10
0.0016423508421269525
0.0
0.0
-0.0049351758299328325
-7.62439422794664e-09
0.0
0.0
0.0
-5.305067100325024e-10
2.9954311628539655e-07
0.0
5.741655507618182e-08
3.6315326894245594e-09
0.0018673219169624
3.0690238253606787e-09
9.199105002483804e-09
0.0
0.0
9.199104876369975e-09
0.0
0.0
-4.716886522106765e-10
0.0
1.3012971116151087e-05
0.0
0.0
1.941915404211929e-10
1.9419106284042846e-10
0.0
0.0
1.9875020910826494e-10
9.732159433990741e-09
2.0303055261932453e-09
1.9527933522284329e-07
2.0429098894466632e-08
7.834617858331372
0.0
0.0
2.8014845554480416e-08
9.778970679290825e-09
9.782530143371447e-09
4.263379500234622e-10
0.0016194608429321402
7.4894078439106e-09
1.7540396485757835e-08
0.0
5.302079995447823e-10
0.0
0.0
9.885860789455079e-09
0.000372465926010511
-3.1836334008293844e-08
0.0003725171846286329
5.46300876873646e-10
1.0477913723141719e-07
-1.0477913723216353e-07
0.0
0.0018675688869398133
0.0018674156785300558
0.0
0.0
9.516226408430347e-09
1.0158100738964424e-08
3.6636870329734303e-10
-9.721550192309217e-09
3.361950480358243e-07
1.0477913722995108e-07
8.46658826584866e-08
9.78259737865888e-09
1.3012966523219967e-05
0.0
-0.0009718248099984395
0.0
4.9372240053921695e-05
3.9565005107016555e-06
0.0
3.956465917095093e-06
0.0
0.0
0.0
-8.706485916736894e-09
1.4549738016622626e-06
0.0
1.4802385570990036e-06
1.6020507959498994e-08
0.0
-1.865281203926745e-08
-9.212947975428078e-09
-6.283227254044732e-07
0.0
0.0
9.952851267826433e-09
9.956522694063285e-09
0.00017482638483851294
0.00017482638483851294
3.284370865162991e-15
3.2846989017620842e-15
-2.5392692285259893e-10
0.0
0.0
3.0087872610551786e-09
0.0
-2.3768821338226997e-09
0.0
-1.4882290916830401e-08
-1.7891078282067374e-08
0.0
0.0
5.507698326241991e-07
8.336888438449647e-09
0.0
0.0
0.0
-9.236393835529433e-09
-9.926488263197326e-09
2.45615375393558e-06
4.883908222206104e-06
2.4561661795950268e-06
5.507698328078106e-07
5.507698328655261e-07
2.456153753937927e-06
2.4558802028849093e-06
0.0
8.059698126869616e-10
1.3196627600239988e-08
0.0
0.0
3.731090341163106e-11
0.0
0.0
2.2184329644085727e-08
2.218433017434462e-08
0.0
0.0
-3.1749157439403033e-10
2.2184331236497096e-08
0.0
0.0
0.0
2.4561537532234385e-06
0.0
2.2184332311481056e-08
2.220919209960332e-08
1.8740001484870758e-06
3.1383772319177207e-08
3.138377258790318e-08
0.0004086025361843947
4.1793023543768844e-10
2.219676270225627e-08
2.2184333788560144e-08
0.0
0.0
0.0
0.00045204479468785596
0.0
0.03547471583907291
-0.03547470614731311
9.691759810274633e-09
1.1317899289829908e-06
9.60515374978958e-09
9.605153713604332e-09
1.1126311434840107e-06
0.0
0.0
5.2204065450677156e-05
-5.2228825815348046e-05
-2.3894231622871428e-08
0.0
-8.705748006331265e-09
0.0
9.746955404379181e-08
-8.757959364341194e-08
5.32191716215887e-10
-2.6936042285541362e-08
3.284274453589096e-15
0.0
1.112631143670742e-06
3.311978157359535e-07
9.938988385180692e-09
-3.116183195312383e-07
5.35500720803982e-10
1.2895160755093456e-06
0.0
1.0253362630454296e-08
4.494441310284103e-10
0.0
0.0002165778570856371
8.955759188936784e-09
6.885786441649047e-11
1.539619724510865e-09
0.0
0.0
1.821223410939615e-08
0.0
2.494260325523942e-08
7.941313782124576e-06
7.970456521994952e-06
0.0
0.0
